unique_top_cov	unique_bot_cov	redundant_top_cov	redundant_bot_cov	raw_redundant_top_cov	raw_redundant_bot_cov	e_value	position
66	42	0	0	0	0	367.745	1
66	44	0	0	0	0	393.587	2
71	44	0	0	0	0	409.068	3
72	44	0	0	0	0	428.01	4
72	47	0	0	0	0	432.185	5
73	47	0	0	0	0	457.47	6
73	47	0	0	0	0	431.284	7
73	48	0	0	0	0	448.059	8
73	48	0	0	0	0	425.261	9
73	51	0	0	0	0	443.832	10
73	53	0	0	0	0	431.243	11
74	59	0	0	0	0	506.37	12
75	61	0	0	0	0	500.607	13
75	62	0	0	0	0	481.173	14
75	62	0	0	0	0	522.995	15
75	64	0	0	0	0	501.608	16
77	65	0	0	0	0	432.176	17
76	66	0	0	0	0	401.194	18
76	69	0	0	0	0	511.345	19
78	70	0	0	0	0	565.017	20
78	71	0	0	0	0	549.786	21
78	72	0	0	0	0	519.208	22
78	73	0	0	0	0	585.269	23
78	74	0	0	0	0	559.192	24
79	75	0	0	0	0	557.982	25
86	77	0	0	0	0	603.461	26
86	78	0	0	0	0	563.992	27
87	80	0	0	0	0	602.173	28
87	80	0	0	0	0	608.77	29
86	80	0	0	0	0	603.478	30
90	80	0	0	0	0	639.65	31
96	81	0	0	0	0	623.712	32
96	82	0	0	0	0	625.341	33
96	82	0	0	0	0	636.753	34
95	81	0	0	0	0	639.5	35
95	80	0	0	0	0	641.69	36
98	80	0	0	0	0	629.573	37
98	80	0	0	0	0	639.738	38
97	86	0	0	0	0	629.549	39
99	84	0	0	0	0	642.128	40
98	87	0	0	0	0	649.317	41
98	90	0	0	0	0	645.302	42
97	90	0	0	0	0	639.535	43
101	94	0	0	0	0	688.597	44
102	94	0	0	0	0	671.516	45
102	94	0	0	0	0	656.114	46
103	94	0	0	0	0	625.92	47
112	93	0	0	0	0	692.804	48
111	97	0	0	0	0	695.968	49
113	98	0	0	0	0	675.138	50
112	99	0	0	0	0	723.281	51
114	100	0	0	0	0	702.664	52
114	98	0	0	0	0	665.22	53
120	99	0	0	0	0	807.449	54
119	99	0	0	0	0	730.22	55
119	99	0	0	0	0	754.437	56
121	99	0	0	0	0	817.125	57
123	101	0	0	0	0	768.551	58
125	102	0	0	0	0	772.117	59
129	103	0	0	0	0	855.237	60
131	103	0	0	0	0	863.067	61
133	103	0	0	0	0	868.69	62
134	103	0	0	0	0	854.613	63
132	103	0	0	0	0	873.279	64
133	103	0	0	0	0	730.308	65
137	105	0	0	0	0	898.598	66
136	104	0	0	0	0	891.803	67
139	110	0	0	0	0	841.165	68
140	109	0	0	0	0	866.731	69
141	110	0	0	0	0	928.019	70
141	111	0	0	0	0	896.274	71
143	112	0	0	0	0	929.037	72
142	113	0	0	0	0	891.065	73
142	113	0	0	0	0	918.91	74
141	112	0	0	0	0	863.293	75
141	114	0	0	0	0	943.763	76
141	111	0	0	0	0	923.081	77
138	113	0	0	0	0	920.71	78
139	112	0	0	0	0	955.306	79
139	112	0	0	0	0	897.855	80
138	111	0	0	0	0	824.812	81
138	112	0	0	0	0	918.007	82
138	113	0	0	0	0	933.835	83
138	111	0	0	0	0	876.202	84
136	111	0	0	0	0	873.153	85
134	113	0	0	0	0	917.96	86
134	113	0	0	0	0	859.602	87
137	113	0	0	0	0	843.347	88
135	112	0	0	0	0	816.539	89
136	110	0	0	0	0	886.55	90
133	109	0	0	0	0	886.456	91
130	112	0	0	0	0	751.078	92
132	115	0	0	0	0	899.774	93
132	111	0	0	0	0	872.252	94
133	110	0	0	0	0	854.632	95
133	110	0	0	0	0	889.381	96
133	108	0	0	0	0	691.547	97
133	110	0	0	0	0	840.999	98
132	108	0	0	0	0	839.376	99
131	109	0	0	0	0	837.991	100
129	104	0	0	0	0	858.339	101
127	104	0	0	0	0	787.583	102
125	104	0	0	0	0	747.159	103
123	103	0	0	0	0	780.63	104
124	103	0	0	0	0	865.554	105
125	101	0	0	0	0	790.531	106
124	95	0	0	0	0	755.02	107
127	93	0	0	0	0	763.445	108
126	91	0	0	0	0	766.648	109
126	91	0	0	0	0	820.212	110
126	91	0	0	0	0	762.045	111
128	90	0	0	0	0	778.991	112
125	89	0	0	0	0	768.684	113
123	87	0	0	0	0	502.336	114
121	87	0	0	0	0	617.963	115
122	90	0	0	0	0	790.228	116
124	91	0	0	0	0	791.54	117
124	89	0	0	0	0	726.448	118
123	88	0	0	0	0	758.919	119
122	88	0	0	0	0	819.905	120
122	88	0	0	0	0	799.305	121
122	86	0	0	0	0	678.399	122
122	87	0	0	0	0	779.138	123
124	85	0	0	0	0	779.846	124
124	86	0	0	0	0	786.345	125
123	86	0	0	0	0	803.801	126
122	86	0	0	0	0	715.625	127
118	85	0	0	0	0	708.385	128
117	87	0	0	0	0	772.566	129
117	88	0	0	0	0	786.539	130
116	88	0	0	0	0	711.587	131
117	98	0	0	0	0	753.925	132
118	97	0	0	0	0	773.442	133
116	97	0	0	0	0	748.414	134
116	98	0	0	0	0	733.675	135
115	98	0	0	0	0	734.948	136
115	98	0	0	0	0	704.169	137
110	98	0	0	0	0	700.707	138
110	98	0	0	0	0	768.617	139
109	98	0	0	0	0	746.509	140
105	95	0	0	0	0	626.271	141
107	96	0	0	0	0	717.208	142
105	94	0	0	0	0	711.633	143
105	95	0	0	0	0	763.87	144
104	95	0	0	0	0	707.491	145
103	97	0	0	0	0	707.702	146
104	94	0	0	0	0	686.043	147
99	90	0	0	0	0	571.019	148
100	90	0	0	0	0	721.811	149
102	91	0	0	0	0	706.301	150
105	92	0	0	0	0	728.48	151
105	92	0	0	0	0	722.964	152
104	91	0	0	0	0	731.24	153
100	89	0	0	0	0	614.602	154
101	90	0	0	0	0	642.618	155
103	90	0	0	0	0	729.921	156
105	89	0	0	0	0	673.127	157
106	89	0	0	0	0	666.533	158
108	88	0	0	0	0	659.681	159
103	83	0	0	0	0	588.336	160
102	87	0	0	0	0	680.882	161
100	89	0	0	0	0	594.228	162
100	91	0	0	0	0	664.403	163
104	93	0	0	0	0	675.462	164
106	93	0	0	0	0	720.388	165
105	89	0	0	0	0	675.6	166
105	89	0	0	0	0	646.097	167
103	87	0	0	0	0	627.602	168
105	89	0	0	0	0	719.468	169
103	90	0	0	0	0	664.716	170
104	92	0	0	0	0	719.365	171
105	91	0	0	0	0	638.012	172
105	92	0	0	0	0	716.078	173
106	92	0	0	0	0	721.5	174
106	92	0	0	0	0	613.721	175
108	92	0	0	0	0	713.078	176
107	92	0	0	0	0	711.815	177
104	89	0	0	0	0	539.974	178
105	89	0	0	0	0	702.252	179
104	89	0	0	0	0	614.736	180
106	87	0	0	0	0	719.591	181
105	86	0	0	0	0	641.317	182
108	85	0	0	0	0	731.357	183
109	84	0	0	0	0	730.128	184
110	84	0	0	0	0	715.942	185
111	84	0	0	0	0	721.57	186
111	85	0	0	0	0	740.357	187
112	83	0	0	0	0	707.354	188
112	87	0	0	0	0	709.1	189
111	85	0	0	0	0	579.918	190
112	97	0	0	0	0	714.1	191
112	96	0	0	0	0	621.163	192
120	104	0	0	0	0	715.908	193
119	104	0	0	0	0	622.194	194
124	103	0	0	0	0	763.634	195
126	102	0	0	0	0	831.296	196
127	101	0	0	0	0	716.869	197
114	99	0	0	0	0	750.143	198
115	98	0	0	0	0	724.602	199
98	97	0	0	0	0	604.05	200
98	98	0	0	0	0	686.721	201
89	99	0	0	0	0	649.632	202
88	100	0	0	0	0	661.389	203
88	98	0	0	0	0	649.689	204
90	99	0	0	0	0	655.985	205
91	99	0	0	0	0	667.93	206
91	100	0	0	0	0	648.554	207
92	99	0	0	0	0	613.342	208
91	110	0	0	0	0	727.821	209
94	111	0	0	0	0	750.723	210
98	111	0	0	0	0	722.02	211
98	110	0	0	0	0	757.665	212
98	111	0	0	0	0	717.997	213
100	110	0	0	0	0	747.718	214
103	112	0	0	0	0	788.93	215
104	108	0	0	0	0	674.91	216
104	111	0	0	0	0	783.005	217
106	110	0	0	0	0	779.15	218
110	113	0	0	0	0	808.386	219
112	113	0	0	0	0	788.834	220
116	112	0	0	0	0	800.195	221
118	113	0	0	0	0	858.795	222
119	112	0	0	0	0	833.131	223
117	112	0	0	0	0	778.109	224
117	111	0	0	0	0	785.232	225
114	112	0	0	0	0	841.219	226
115	110	0	0	0	0	825.449	227
112	110	0	0	0	0	784.715	228
116	119	0	0	0	0	836.299	229
116	118	0	0	0	0	793.675	230
116	118	0	0	0	0	789.591	231
117	118	0	0	0	0	866.347	232
118	117	0	0	0	0	845.846	233
118	119	0	0	0	0	824.533	234
119	120	0	0	0	0	887.043	235
120	120	0	0	0	0	903.094	236
122	120	0	0	0	0	832.363	237
118	120	0	0	0	0	828.981	238
119	119	0	0	0	0	853.662	239
121	120	0	0	0	0	860.33	240
122	119	0	0	0	0	910.018	241
120	118	0	0	0	0	865.601	242
118	118	0	0	0	0	807.742	243
120	117	0	0	0	0	861.037	244
120	116	0	0	0	0	830.879	245
120	115	0	0	0	0	869.307	246
120	118	0	0	0	0	821.934	247
120	118	0	0	0	0	761.823	248
121	118	0	0	0	0	865.228	249
120	117	0	0	0	0	878.267	250
121	116	0	0	0	0	858.311	251
121	114	0	0	0	0	807.493	252
121	116	0	0	0	0	898.252	253
121	116	0	0	0	0	891.588	254
120	116	0	0	0	0	811.284	255
122	116	0	0	0	0	853.131	256
123	116	0	0	0	0	866.985	257
122	117	0	0	0	0	866.316	258
124	116	0	0	0	0	871.716	259
124	113	0	0	0	0	906.514	260
125	113	0	0	0	0	868.01	261
126	113	0	0	0	0	844.744	262
126	113	0	0	0	0	888.41	263
124	113	0	0	0	0	788.336	264
123	113	0	0	0	0	896.811	265
122	113	0	0	0	0	842.372	266
121	112	0	0	0	0	832.765	267
121	110	0	0	0	0	858.003	268
122	110	0	0	0	0	719.086	269
122	107	0	0	0	0	782.549	270
125	108	0	0	0	0	820.911	271
124	107	0	0	0	0	825.072	272
123	105	0	0	0	0	814.182	273
125	102	0	0	0	0	823.851	274
123	100	0	0	0	0	705.869	275
124	103	0	0	0	0	851.025	276
123	102	0	0	0	0	803.151	277
123	106	0	0	0	0	782.288	278
123	105	0	0	0	0	837.361	279
118	104	0	0	0	0	753.101	280
119	102	0	0	0	0	744.791	281
119	98	0	0	0	0	780.22	282
120	97	0	0	0	0	797.018	283
121	96	0	0	0	0	759.883	284
117	96	0	0	0	0	796.802	285
117	93	0	0	0	0	716.608	286
117	90	0	0	0	0	691.092	287
119	90	0	0	0	0	795.026	288
120	88	0	0	0	0	752.61	289
120	86	0	0	0	0	741.959	290
119	85	0	0	0	0	700.318	291
120	85	0	0	0	0	730.519	292
122	83	0	0	0	0	638.379	293
122	80	0	0	0	0	663.219	294
123	80	0	0	0	0	738.766	295
124	80	0	0	0	0	694.644	296
126	82	0	0	0	0	679.16	297
126	82	0	0	0	0	742.386	298
126	80	0	0	0	0	739.402	299
127	79	0	0	0	0	710.115	300
128	77	0	0	0	0	717.143	301
128	77	0	0	0	0	716.827	302
129	77	0	0	0	0	728.231	303
129	75	0	0	0	0	708.539	304
125	76	0	0	0	0	699.122	305
120	76	0	0	0	0	718.185	306
118	76	0	0	0	0	705.416	307
119	74	0	0	0	0	629.615	308
117	74	0	0	0	0	650.886	309
117	74	0	0	0	0	659.013	310
117	71	0	0	0	0	702.045	311
117	70	0	0	0	0	693.607	312
116	68	0	0	0	0	644.977	313
114	68	0	0	0	0	653.982	314
116	68	0	0	0	0	694.114	315
116	69	0	0	0	0	662.183	316
116	69	0	0	0	0	686.672	317
115	69	0	0	0	0	690.144	318
115	67	0	0	0	0	629.456	319
115	66	0	0	0	0	659.441	320
115	62	0	0	0	0	494.808	321
115	62	0	0	0	0	647.292	322
115	62	0	0	0	0	628.066	323
115	62	0	0	0	0	658.099	324
111	61	0	0	0	0	514.731	325
113	60	0	0	0	0	584.391	326
117	59	0	0	0	0	575.878	327
126	58	0	0	0	0	666.109	328
128	58	0	0	0	0	682.301	329
130	58	0	0	0	0	708.514	330
130	57	0	0	0	0	659.519	331
130	58	0	0	0	0	690.91	332
130	58	0	0	0	0	682.041	333
131	64	0	0	0	0	680.383	334
131	65	0	0	0	0	682.023	335
129	65	0	0	0	0	675.888	336
130	67	0	0	0	0	670.842	337
131	67	0	0	0	0	693.158	338
133	72	0	0	0	0	726.999	339
133	72	0	0	0	0	702.917	340
130	67	0	0	0	0	695.431	341
130	67	0	0	0	0	598.958	342
106	62	0	0	0	0	612.789	343
107	66	0	0	0	0	595.23	344
101	64	0	0	0	0	572.185	345
98	66	0	0	0	0	565.528	346
99	66	0	0	0	0	538.785	347
95	64	0	0	0	0	572.096	348
98	70	0	0	0	0	568.961	349
98	70	0	0	0	0	574.658	350
99	70	0	0	0	0	615.923	351
99	70	0	0	0	0	539.137	352
87	69	0	0	0	0	527.95	353
87	69	0	0	0	0	567.06	354
83	73	0	0	0	0	549.615	355
83	72	0	0	0	0	506.531	356
81	75	0	0	0	0	566.019	357
81	75	0	0	0	0	521.657	358
79	74	0	0	0	0	467.598	359
77	83	0	0	0	0	522.486	360
76	82	0	0	0	0	468.436	361
76	82	0	0	0	0	540.018	362
76	82	0	0	0	0	475.605	363
76	82	0	0	0	0	568.654	364
77	89	0	0	0	0	582.153	365
79	88	0	0	0	0	553.818	366
80	86	0	0	0	0	546.183	367
74	85	0	0	0	0	528.224	368
68	83	0	0	0	0	534.113	369
69	83	0	0	0	0	500.667	370
68	87	0	0	0	0	518.984	371
68	90	0	0	0	0	569.776	372
68	91	0	0	0	0	567.796	373
66	91	0	0	0	0	555.883	374
66	91	0	0	0	0	557.432	375
66	91	0	0	0	0	553.5	376
68	91	0	0	0	0	534.061	377
69	91	0	0	0	0	564.618	378
69	92	0	0	0	0	543.64	379
69	93	0	0	0	0	560.291	380
69	93	0	0	0	0	568.381	381
68	93	0	0	0	0	594.158	382
69	94	0	0	0	0	558.176	383
69	96	0	0	0	0	525.124	384
69	95	0	0	0	0	576.991	385
70	95	0	0	0	0	559.41	386
69	95	0	0	0	0	527.49	387
68	103	0	0	0	0	576.838	388
68	101	0	0	0	0	570.09	389
70	99	0	0	0	0	543.596	390
72	99	0	0	0	0	615.966	391
73	99	0	0	0	0	614.568	392
73	99	0	0	0	0	658.529	393
73	97	0	0	0	0	562.245	394
73	96	0	0	0	0	656.422	395
73	97	0	0	0	0	648.486	396
72	97	0	0	0	0	565.232	397
73	98	0	0	0	0	655.763	398
73	100	0	0	0	0	541.715	399
74	97	0	0	0	0	622.682	400
76	99	0	0	0	0	624.345	401
75	97	0	0	0	0	630.946	402
75	96	0	0	0	0	626.788	403
77	95	0	0	0	0	636.825	404
77	94	0	0	0	0	500.72	405
79	93	0	0	0	0	644.331	406
78	92	0	0	0	0	628.475	407
77	95	0	0	0	0	617.079	408
77	95	0	0	0	0	602.592	409
78	94	0	0	0	0	615.349	410
77	93	0	0	0	0	599.786	411
78	92	0	0	0	0	614.683	412
78	91	0	0	0	0	619.262	413
78	91	0	0	0	0	600.577	414
77	91	0	0	0	0	600.049	415
77	90	0	0	0	0	624.316	416
76	86	0	0	0	0	466.071	417
76	84	0	0	0	0	534.222	418
75	83	0	0	0	0	578.135	419
75	84	0	0	0	0	603.688	420
76	82	0	0	0	0	543.608	421
80	82	0	0	0	0	589.553	422
80	76	0	0	0	0	471.329	423
81	76	0	0	0	0	589.855	424
81	76	0	0	0	0	581.071	425
82	75	0	0	0	0	578.625	426
82	74	0	0	0	0	580.131	427
82	73	0	0	0	0	589.201	428
83	73	0	0	0	0	545.501	429
84	72	0	0	0	0	597.013	430
83	72	0	0	0	0	518.323	431
84	74	0	0	0	0	586.652	432
84	75	0	0	0	0	539.718	433
84	82	0	0	0	0	510.327	434
83	83	0	0	0	0	629.849	435
83	82	0	0	0	0	568.426	436
83	82	0	0	0	0	577.019	437
81	80	0	0	0	0	522.108	438
82	80	0	0	0	0	561.417	439
81	80	0	0	0	0	538.204	440
81	82	0	0	0	0	551.24	441
70	80	0	0	0	0	485.165	442
68	80	0	0	0	0	553.927	443
68	78	0	0	0	0	517.387	444
69	77	0	0	0	0	529.833	445
69	76	0	0	0	0	522.055	446
69	73	0	0	0	0	486.307	447
69	82	0	0	0	0	422.967	448
70	84	0	0	0	0	583.54	449
70	83	0	0	0	0	487.825	450
70	83	0	0	0	0	471.239	451
54	83	0	0	0	0	501.686	452
54	83	0	0	0	0	461.955	453
54	83	0	0	0	0	484.681	454
53	84	0	0	0	0	497.784	455
52	84	0	0	0	0	448.57	456
52	83	0	0	0	0	476.622	457
51	83	0	0	0	0	485.733	458
51	82	0	0	0	0	481.799	459
52	85	0	0	0	0	489.84	460
53	85	0	0	0	0	474.929	461
53	85	0	0	0	0	463.317	462
53	86	0	0	0	0	531.132	463
54	86	0	0	0	0	504.304	464
54	86	0	0	0	0	505.114	465
54	87	0	0	0	0	496.312	466
54	102	0	0	0	0	539.933	467
55	103	0	0	0	0	565.59	468
49	102	0	0	0	0	506.364	469
48	103	0	0	0	0	502.443	470
47	101	0	0	0	0	535.737	471
47	100	0	0	0	0	500.208	472
50	99	0	0	0	0	493.184	473
49	100	0	0	0	0	493.45	474
46	99	0	0	0	0	493.38	475
36	98	0	0	0	0	423.155	476
35	98	0	0	0	0	452.443	477
35	98	0	0	0	0	501.034	478
36	97	0	0	0	0	487.86	479
37	97	0	0	0	0	494.569	480
37	96	0	0	0	0	485.309	481
36	96	0	0	0	0	415.271	482
37	96	0	0	0	0	484.397	483
37	94	0	0	0	0	495.187	484
37	96	0	0	0	0	415.648	485
38	95	0	0	0	0	442.526	486
42	95	0	0	0	0	513.793	487
42	95	0	0	0	0	492.327	488
43	94	0	0	0	0	475.284	489
43	92	0	0	0	0	475.062	490
44	91	0	0	0	0	483.882	491
43	92	0	0	0	0	415.043	492
45	91	0	0	0	0	496.399	493
44	90	0	0	0	0	462.49	494
45	94	0	0	0	0	455.302	495
48	91	0	0	0	0	439.455	496
47	87	0	0	0	0	338.337	497
54	88	0	0	0	0	497.322	498
54	86	0	0	0	0	483.497	499
54	87	0	0	0	0	465.562	500
52	85	0	0	0	0	471.866	501
52	86	0	0	0	0	454.148	502
52	88	0	0	0	0	525.664	503
52	87	0	0	0	0	494.504	504
52	90	0	0	0	0	457.179	505
53	89	0	0	0	0	511.387	506
53	88	0	0	0	0	466.69	507
53	88	0	0	0	0	457.541	508
53	86	0	0	0	0	400.817	509
53	86	0	0	0	0	472.344	510
52	85	0	0	0	0	471.011	511
52	81	0	0	0	0	373.814	512
54	82	0	0	0	0	470.945	513
55	77	0	0	0	0	405.514	514
55	76	0	0	0	0	473.055	515
56	75	0	0	0	0	470.138	516
57	74	0	0	0	0	421.855	517
59	75	0	0	0	0	498.167	518
59	74	0	0	0	0	511.727	519
60	73	0	0	0	0	475.843	520
61	77	0	0	0	0	463.221	521
61	73	0	0	0	0	383.984	522
61	74	0	0	0	0	464.901	523
62	74	0	0	0	0	464.446	524
62	70	0	0	0	0	371.682	525
62	70	0	0	0	0	463.655	526
61	68	0	0	0	0	423.731	527
61	73	0	0	0	0	377.384	528
62	74	0	0	0	0	492.032	529
58	73	0	0	0	0	491.664	530
58	82	0	0	0	0	459.292	531
58	83	0	0	0	0	505.186	532
59	85	0	0	0	0	539.54	533
59	86	0	0	0	0	519.64	534
58	88	0	0	0	0	384.478	535
58	90	0	0	0	0	509.461	536
54	89	0	0	0	0	511.437	537
53	93	0	0	0	0	418.366	538
53	95	0	0	0	0	511.517	539
50	95	0	0	0	0	516.153	540
49	94	0	0	0	0	516.371	541
49	94	0	0	0	0	534.571	542
48	93	0	0	0	0	502.824	543
48	93	0	0	0	0	532.136	544
46	92	0	0	0	0	488.935	545
46	92	0	0	0	0	529.362	546
46	92	0	0	0	0	485.011	547
45	92	0	0	0	0	489.751	548
44	92	0	0	0	0	488.813	549
44	93	0	0	0	0	508.769	550
41	93	0	0	0	0	378.534	551
41	93	0	0	0	0	476.317	552
40	93	0	0	0	0	473.466	553
40	93	0	0	0	0	485.453	554
41	92	0	0	0	0	485.053	555
41	92	0	0	0	0	477.951	556
41	92	0	0	0	0	481.014	557
41	90	0	0	0	0	444.086	558
38	89	0	0	0	0	451.263	559
44	89	0	0	0	0	467.834	560
51	88	0	0	0	0	71.6828	561
52	89	0	0	0	0	460.685	562
53	87	0	0	0	0	469.428	563
58	87	0	0	0	0	475.336	564
60	87	0	0	0	0	472.863	565
58	87	0	0	0	0	522.628	566
57	89	0	0	0	0	512.519	567
57	91	0	0	0	0	511.014	568
51	91	0	0	0	0	445.649	569
53	93	0	0	0	0	514.266	570
52	92	0	0	0	0	474.062	571
51	94	0	0	0	0	501.419	572
51	101	0	0	0	0	486.486	573
53	108	0	0	0	0	507.385	574
51	105	0	0	0	0	481.681	575
51	106	0	0	0	0	507.832	576
51	106	0	0	0	0	494.461	577
51	106	0	0	0	0	525.877	578
53	106	0	0	0	0	567.869	579
52	106	0	0	0	0	537.008	580
52	107	0	0	0	0	569.762	581
49	104	0	0	0	0	510.284	582
47	106	0	0	0	0	527.528	583
48	111	0	0	0	0	585.733	584
48	111	0	0	0	0	574.954	585
49	110	0	0	0	0	533.165	586
50	108	0	0	0	0	538.604	587
52	105	0	0	0	0	547.258	588
52	102	0	0	0	0	553.717	589
53	103	0	0	0	0	558.91	590
55	100	0	0	0	0	584.81	591
57	100	0	0	0	0	515.527	592
54	99	0	0	0	0	514.439	593
55	101	0	0	0	0	574.657	594
55	101	0	0	0	0	499.209	595
58	99	0	0	0	0	530.869	596
59	98	0	0	0	0	560.293	597
59	99	0	0	0	0	575.645	598
60	99	0	0	0	0	577.022	599
57	99	0	0	0	0	543.622	600
57	96	0	0	0	0	511.936	601
58	96	0	0	0	0	545.151	602
59	96	0	0	0	0	560.079	603
60	97	0	0	0	0	579.851	604
61	100	0	0	0	0	599.553	605
61	100	0	0	0	0	547.294	606
60	99	0	0	0	0	553.466	607
59	99	0	0	0	0	569.846	608
59	101	0	0	0	0	560.44	609
60	104	0	0	0	0	599.675	610
59	105	0	0	0	0	536.942	611
62	106	0	0	0	0	513.315	612
67	107	0	0	0	0	571.213	613
67	104	0	0	0	0	570.291	614
69	104	0	0	0	0	540.094	615
73	102	0	0	0	0	539.696	616
75	101	0	0	0	0	603.363	617
74	100	0	0	0	0	585.891	618
73	99	0	0	0	0	619.657	619
74	93	0	0	0	0	483.318	620
75	91	0	0	0	0	582.202	621
80	92	0	0	0	0	621.865	622
81	89	0	0	0	0	601.654	623
80	85	0	0	0	0	550.898	624
82	85	0	0	0	0	577.576	625
86	85	0	0	0	0	586.813	626
87	89	0	0	0	0	645.889	627
88	87	0	0	0	0	622.858	628
90	87	0	0	0	0	641.792	629
90	87	0	0	0	0	617.14	630
93	87	0	0	0	0	654.756	631
94	87	0	0	0	0	636.097	632
98	87	0	0	0	0	621.196	633
102	85	0	0	0	0	579.723	634
104	86	0	0	0	0	706.204	635
104	85	0	0	0	0	684.086	636
103	83	0	0	0	0	611.364	637
109	83	0	0	0	0	692.938	638
109	86	0	0	0	0	606.719	639
110	85	0	0	0	0	716.256	640
111	85	0	0	0	0	711.893	641
111	89	0	0	0	0	726.372	642
112	89	0	0	0	0	691.361	643
114	91	0	0	0	0	707.966	644
112	90	0	0	0	0	692.794	645
113	86	0	0	0	0	621.904	646
115	86	0	0	0	0	726.94	647
113	86	0	0	0	0	728.731	648
114	86	0	0	0	0	700.251	649
111	86	0	0	0	0	734.573	650
109	86	0	0	0	0	580.943	651
109	85	0	0	0	0	647.904	652
114	85	0	0	0	0	703.006	653
115	84	0	0	0	0	601.764	654
119	82	0	0	0	0	697.929	655
120	82	0	0	0	0	730.685	656
121	82	0	0	0	0	666.719	657
122	83	0	0	0	0	713.672	658
120	82	0	0	0	0	726.066	659
119	81	0	0	0	0	685.633	660
123	80	0	0	0	0	690.963	661
121	80	0	0	0	0	677.801	662
122	80	0	0	0	0	715.088	663
124	77	0	0	0	0	727.265	664
127	77	0	0	0	0	761.665	665
128	74	0	0	0	0	607.267	666
132	72	0	0	0	0	754.114	667
133	70	0	0	0	0	711.194	668
135	68	0	0	0	0	666.446	669
136	68	0	0	0	0	670.678	670
140	67	0	0	0	0	725.51	671
140	69	0	0	0	0	721.24	672
135	70	0	0	0	0	754.566	673
136	69	0	0	0	0	714.092	674
138	68	0	0	0	0	716.818	675
138	68	0	0	0	0	733.396	676
139	68	0	0	0	0	766.141	677
137	68	0	0	0	0	738.762	678
138	70	0	0	0	0	793.269	679
139	69	0	0	0	0	630.152	680
140	68	0	0	0	0	700.944	681
141	67	0	0	0	0	702.878	682
148	66	0	0	0	0	798.964	683
148	66	0	0	0	0	768.727	684
148	65	0	0	0	0	680.87	685
151	65	0	0	0	0	803.964	686
154	65	0	0	0	0	803.704	687
153	63	0	0	0	0	745.67	688
154	63	0	0	0	0	759.922	689
156	63	0	0	0	0	802.32	690
156	63	0	0	0	0	820.275	691
155	62	0	0	0	0	797.373	692
156	69	0	0	0	0	813.147	693
155	69	0	0	0	0	621.11	694
156	68	0	0	0	0	867.608	695
156	69	0	0	0	0	861.71	696
158	69	0	0	0	0	753.3	697
161	69	0	0	0	0	775.834	698
162	69	0	0	0	0	883.755	699
161	69	0	0	0	0	822.317	700
166	75	0	0	0	0	830.869	701
165	76	0	0	0	0	824.016	702
165	74	0	0	0	0	804.914	703
167	73	0	0	0	0	811.715	704
163	71	0	0	0	0	770.518	705
163	71	0	0	0	0	837.782	706
164	71	0	0	0	0	862.408	707
162	72	0	0	0	0	885.105	708
160	72	0	0	0	0	825.656	709
156	73	0	0	0	0	862.923	710
153	72	0	0	0	0	812.652	711
153	72	0	0	0	0	851.858	712
152	73	0	0	0	0	769.436	713
152	77	0	0	0	0	793.553	714
152	78	0	0	0	0	862.462	715
152	77	0	0	0	0	774.453	716
152	74	0	0	0	0	795.002	717
152	73	0	0	0	0	808.726	718
152	74	0	0	0	0	767.756	719
152	75	0	0	0	0	801.719	720
153	75	0	0	0	0	808.962	721
149	74	0	0	0	0	769.115	722
138	70	0	0	0	0	777.935	723
135	68	0	0	0	0	593.899	724
135	67	0	0	0	0	698.039	725
137	67	0	0	0	0	708.059	726
137	67	0	0	0	0	778.665	727
137	66	0	0	0	0	760.787	728
134	65	0	0	0	0	706.428	729
133	65	0	0	0	0	652.728	730
135	64	0	0	0	0	710.532	731
134	59	0	0	0	0	660.534	732
133	72	0	0	0	0	696.607	733
132	71	0	0	0	0	699.236	734
134	72	0	0	0	0	637.819	735
136	72	0	0	0	0	771.848	736
131	72	0	0	0	0	746.48	737
132	73	0	0	0	0	750.04	738
132	74	0	0	0	0	729.084	739
132	74	0	0	0	0	685.268	740
133	72	0	0	0	0	698.215	741
115	70	0	0	0	0	679.414	742
115	69	0	0	0	0	693.591	743
115	69	0	0	0	0	710.685	744
116	69	0	0	0	0	645.295	745
116	67	0	0	0	0	670.382	746
116	60	0	0	0	0	609.696	747
116	55	0	0	0	0	578	748
114	55	0	0	0	0	534.67	749
114	57	0	0	0	0	650.204	750
114	57	0	0	0	0	650.816	751
115	75	0	0	0	0	645.306	752
119	75	0	0	0	0	647.816	753
119	75	0	0	0	0	652.393	754
119	75	0	0	0	0	696.241	755
119	73	0	0	0	0	690.275	756
119	72	0	0	0	0	584.341	757
120	81	0	0	0	0	658.23	758
116	88	0	0	0	0	617.139	759
116	90	0	0	0	0	658.033	760
103	89	0	0	0	0	680.097	761
104	89	0	0	0	0	672.344	762
104	88	0	0	0	0	703.421	763
104	88	0	0	0	0	727.517	764
105	88	0	0	0	0	706.569	765
102	85	0	0	0	0	622.35	766
101	88	0	0	0	0	678.068	767
94	87	0	0	0	0	651.96	768
94	88	0	0	0	0	699.246	769
95	89	0	0	0	0	630.36	770
94	89	0	0	0	0	658.072	771
96	88	0	0	0	0	693.639	772
95	87	0	0	0	0	699.796	773
95	87	0	0	0	0	599.706	774
96	87	0	0	0	0	653.08	775
96	87	0	0	0	0	682.867	776
98	87	0	0	0	0	640.778	777
98	88	0	0	0	0	676.311	778
93	90	0	0	0	0	636.662	779
94	90	0	0	0	0	653.36	780
87	90	0	0	0	0	666.649	781
87	89	0	0	0	0	684.276	782
87	89	0	0	0	0	552.236	783
89	90	0	0	0	0	644.72	784
91	94	0	0	0	0	666.837	785
91	94	0	0	0	0	637.796	786
91	99	0	0	0	0	701.976	787
88	99	0	0	0	0	686.717	788
90	100	0	0	0	0	644.086	789
90	99	0	0	0	0	698.377	790
89	99	0	0	0	0	669.262	791
87	96	0	0	0	0	658.317	792
88	99	0	0	0	0	660.032	793
86	99	0	0	0	0	631.353	794
87	100	0	0	0	0	659.227	795
78	100	0	0	0	0	595.674	796
78	112	0	0	0	0	629.51	797
79	114	0	0	0	0	655.775	798
82	114	0	0	0	0	735.656	799
82	114	0	0	0	0	679.903	800
79	117	0	0	0	0	659.743	801
73	117	0	0	0	0	616.898	802
71	116	0	0	0	0	676.456	803
70	116	0	0	0	0	660.278	804
70	117	0	0	0	0	650.218	805
61	116	0	0	0	0	648.828	806
62	117	0	0	0	0	666.615	807
62	116	0	0	0	0	595.428	808
62	115	0	0	0	0	622.541	809
60	115	0	0	0	0	649.924	810
61	116	0	0	0	0	675.689	811
61	115	0	0	0	0	551.46	812
61	115	0	0	0	0	638.538	813
64	115	0	0	0	0	634.591	814
64	113	0	0	0	0	611.479	815
64	114	0	0	0	0	648.46	816
64	113	0	0	0	0	596.909	817
64	111	0	0	0	0	560.562	818
65	112	0	0	0	0	621.094	819
65	110	0	0	0	0	652.13	820
65	114	0	0	0	0	649.76	821
62	113	0	0	0	0	560.971	822
61	112	0	0	0	0	573.492	823
63	113	0	0	0	0	624.555	824
63	111	0	0	0	0	642.371	825
66	112	0	0	0	0	647.371	826
66	112	0	0	0	0	633.859	827
65	107	0	0	0	0	545.719	828
66	110	0	0	0	0	614.603	829
64	109	0	0	0	0	583.425	830
63	110	0	0	0	0	607.885	831
64	110	0	0	0	0	640.067	832
65	109	0	0	0	0	588.365	833
67	109	0	0	0	0	661.362	834
67	109	0	0	0	0	653.28	835
66	110	0	0	0	0	652.998	836
67	108	0	0	0	0	545.07	837
68	111	0	0	0	0	677.565	838
69	111	0	0	0	0	646.263	839
70	111	0	0	0	0	692.661	840
70	111	0	0	0	0	613.946	841
71	109	0	0	0	0	634.324	842
70	109	0	0	0	0	652.342	843
70	107	0	0	0	0	659.614	844
70	107	0	0	0	0	626.128	845
70	109	0	0	0	0	667.396	846
69	105	0	0	0	0	550.65	847
70	111	0	0	0	0	640.296	848
70	109	0	0	0	0	609.137	849
69	109	0	0	0	0	632.047	850
69	107	0	0	0	0	649.706	851
70	104	0	0	0	0	590.45	852
70	103	0	0	0	0	613.151	853
71	102	0	0	0	0	602.7	854
70	101	0	0	0	0	638.879	855
72	100	0	0	0	0	557.539	856
72	100	0	0	0	0	627.438	857
72	99	0	0	0	0	622.454	858
74	96	0	0	0	0	618.54	859
75	95	0	0	0	0	605.238	860
75	91	0	0	0	0	519.384	861
77	89	0	0	0	0	550.451	862
78	90	0	0	0	0	604.517	863
79	87	0	0	0	0	622.646	864
81	89	0	0	0	0	604.964	865
81	88	0	0	0	0	595.943	866
81	84	0	0	0	0	537.307	867
81	85	0	0	0	0	614.715	868
81	81	0	0	0	0	554.256	869
80	78	0	0	0	0	555.815	870
82	81	0	0	0	0	556.552	871
79	79	0	0	0	0	482.245	872
80	79	0	0	0	0	560.074	873
78	78	0	0	0	0	487.585	874
80	77	0	0	0	0	507.315	875
83	82	0	0	0	0	526.436	876
83	91	0	0	0	0	568.275	877
83	91	0	0	0	0	536.813	878
83	98	0	0	0	0	570.879	879
84	99	0	0	0	0	574.309	880
85	98	0	0	0	0	580.557	881
86	96	0	0	0	0	597.849	882
85	95	0	0	0	0	595.162	883
86	100	0	0	0	0	565.685	884
81	100	0	0	0	0	594.546	885
73	97	0	0	0	0	576.36	886
74	98	0	0	0	0	613.53	887
75	97	0	0	0	0	589.6	888
76	95	0	0	0	0	607.913	889
76	94	0	0	0	0	591.945	890
76	92	0	0	0	0	615.629	891
77	94	0	0	0	0	617.209	892
74	90	0	0	0	0	594.887	893
74	101	0	0	0	0	547.913	894
75	100	0	0	0	0	557.115	895
75	99	0	0	0	0	575.826	896
80	98	0	0	0	0	640.83	897
78	98	0	0	0	0	540.072	898
80	105	0	0	0	0	653.561	899
79	101	0	0	0	0	612.827	900
77	102	0	0	0	0	655.896	901
77	101	0	0	0	0	669.435	902
75	100	0	0	0	0	623.256	903
75	102	0	0	0	0	607.672	904
74	102	0	0	0	0	652.935	905
75	102	0	0	0	0	593.334	906
75	102	0	0	0	0	651.755	907
73	103	0	0	0	0	605.144	908
73	102	0	0	0	0	617.575	909
73	102	0	0	0	0	629.903	910
78	105	0	0	0	0	660.767	911
79	105	0	0	0	0	668.575	912
77	106	0	0	0	0	620.011	913
77	106	0	0	0	0	621.386	914
79	106	0	0	0	0	681.162	915
79	110	0	0	0	0	673.559	916
81	110	0	0	0	0	688.638	917
81	107	0	0	0	0	601.368	918
81	106	0	0	0	0	715.151	919
78	106	0	0	0	0	667.652	920
81	117	0	0	0	0	641.818	921
82	117	0	0	0	0	688.587	922
84	119	0	0	0	0	735.749	923
85	119	0	0	0	0	729.386	924
84	118	0	0	0	0	675.284	925
85	118	0	0	0	0	724.773	926
82	117	0	0	0	0	664.287	927
82	118	0	0	0	0	678.854	928
82	118	0	0	0	0	723.611	929
78	115	0	0	0	0	686.124	930
78	117	0	0	0	0	739.173	931
79	116	0	0	0	0	713.425	932
79	116	0	0	0	0	615.76	933
79	118	0	0	0	0	748.481	934
77	118	0	0	0	0	709.725	935
77	119	0	0	0	0	729.221	936
78	114	0	0	0	0	640.807	937
78	109	0	0	0	0	666.55	938
80	108	0	0	0	0	696.872	939
80	105	0	0	0	0	628.716	940
80	103	0	0	0	0	642.721	941
81	102	0	0	0	0	654.832	942
83	101	0	0	0	0	677.436	943
85	101	0	0	0	0	661.828	944
85	101	0	0	0	0	668.256	945
84	100	0	0	0	0	673.459	946
86	98	0	0	0	0	698.511	947
87	97	0	0	0	0	617.836	948
87	97	0	0	0	0	592.545	949
88	98	0	0	0	0	640.166	950
92	97	0	0	0	0	680.344	951
92	96	0	0	0	0	688.185	952
92	93	0	0	0	0	671.784	953
95	92	0	0	0	0	634.583	954
95	91	0	0	0	0	677.597	955
95	91	0	0	0	0	686.1	956
96	88	0	0	0	0	567.992	957
97	88	0	0	0	0	689.149	958
97	89	0	0	0	0	670.175	959
99	96	0	0	0	0	669.078	960
97	96	0	0	0	0	667.425	961
97	96	0	0	0	0	711.018	962
97	96	0	0	0	0	721.544	963
96	95	0	0	0	0	567.924	964
100	96	0	0	0	0	707.968	965
102	94	0	0	0	0	713.557	966
102	98	0	0	0	0	704.371	967
103	98	0	0	0	0	534.359	968
94	96	0	0	0	0	602.403	969
95	92	0	0	0	0	686.365	970
100	88	0	0	0	0	630.202	971
100	89	0	0	0	0	712.255	972
102	89	0	0	0	0	695.925	973
97	89	0	0	0	0	687.383	974
99	89	0	0	0	0	682.789	975
97	85	0	0	0	0	578.229	976
103	83	0	0	0	0	600.333	977
105	84	0	0	0	0	570.117	978
107	81	0	0	0	0	569.424	979
109	71	0	0	0	0	620.799	980
112	67	0	0	0	0	570.019	981
114	62	0	0	0	0	597.374	982
124	62	0	0	0	0	601.585	983
126	61	0	0	0	0	633.597	984
128	57	0	0	0	0	596.875	985
129	57	0	0	0	0	667.978	986
127	57	0	0	0	0	633.022	987
128	56	0	0	0	0	645.976	988
130	56	0	0	0	0	675.05	989
132	55	0	0	0	0	646.244	990
137	55	0	0	0	0	654.031	991
138	53	0	0	0	0	644.225	992
140	55	0	0	0	0	729.019	993
141	54	0	0	0	0	700.684	994
139	55	0	0	0	0	697.462	995
142	55	0	0	0	0	672.956	996
142	54	0	0	0	0	681.115	997
144	54	0	0	0	0	674.69	998
143	54	0	0	0	0	659.361	999
143	54	0	0	0	0	639.858	1000
146	51	0	0	0	0	568.96	1001
147	51	0	0	0	0	717.814	1002
150	47	0	0	0	0	688.797	1003
150	46	0	0	0	0	696.346	1004
150	44	0	0	0	0	716.824	1005
150	44	0	0	0	0	728.985	1006
151	43	0	0	0	0	680.349	1007
151	41	0	0	0	0	623.326	1008
155	42	0	0	0	0	683.558	1009
156	42	0	0	0	0	657.841	1010
155	41	0	0	0	0	663.881	1011
155	40	0	0	0	0	659.124	1012
156	39	0	0	0	0	685.312	1013
156	38	0	0	0	0	590.738	1014
156	43	0	0	0	0	725.344	1015
156	43	0	0	0	0	655.129	1016
162	42	0	0	0	0	673.087	1017
166	42	0	0	0	0	716.076	1018
166	42	0	0	0	0	730.017	1019
166	42	0	0	0	0	760.781	1020
162	41	0	0	0	0	723.316	1021
162	43	0	0	0	0	691.937	1022
158	43	0	0	0	0	699.9	1023
151	46	0	0	0	0	724.56	1024
152	44	0	0	0	0	689.592	1025
152	44	0	0	0	0	692.011	1026
152	42	0	0	0	0	680.358	1027
150	43	0	0	0	0	692.207	1028
152	43	0	0	0	0	641.988	1029
152	43	0	0	0	0	642.334	1030
152	43	0	0	0	0	707.535	1031
152	42	0	0	0	0	688.196	1032
149	42	0	0	0	0	684.051	1033
149	43	0	0	0	0	699.217	1034
149	43	0	0	0	0	683.525	1035
150	43	0	0	0	0	678.042	1036
150	43	0	0	0	0	685.841	1037
146	43	0	0	0	0	671.963	1038
149	42	0	0	0	0	622.311	1039
152	42	0	0	0	0	734.138	1040
152	42	0	0	0	0	733.961	1041
152	44	0	0	0	0	717.886	1042
149	44	0	0	0	0	639.18	1043
153	45	0	0	0	0	655.259	1044
154	45	0	0	0	0	725.048	1045
156	46	0	0	0	0	730.143	1046
156	45	0	0	0	0	725.126	1047
152	47	0	0	0	0	657.874	1048
152	49	0	0	0	0	752.257	1049
154	49	0	0	0	0	749.946	1050
154	49	0	0	0	0	728.751	1051
155	55	0	0	0	0	726.831	1052
155	59	0	0	0	0	805.569	1053
156	63	0	0	0	0	770.39	1054
156	63	0	0	0	0	778.858	1055
156	63	0	0	0	0	771.007	1056
159	64	0	0	0	0	733.237	1057
156	64	0	0	0	0	766.922	1058
155	64	0	0	0	0	751.347	1059
155	65	0	0	0	0	737.739	1060
136	67	0	0	0	0	720.928	1061
134	68	0	0	0	0	722.619	1062
132	68	0	0	0	0	729.174	1063
133	68	0	0	0	0	722.941	1064
133	68	0	0	0	0	743.896	1065
133	67	0	0	0	0	765.786	1066
133	67	0	0	0	0	660.031	1067
134	67	0	0	0	0	736.524	1068
134	67	0	0	0	0	762.995	1069
134	66	0	0	0	0	660.384	1070
134	67	0	0	0	0	737.736	1071
136	67	0	0	0	0	752.932	1072
137	69	0	0	0	0	770.385	1073
137	69	0	0	0	0	711.885	1074
138	69	0	0	0	0	790.836	1075
139	75	0	0	0	0	792.462	1076
140	80	0	0	0	0	765.955	1077
140	82	0	0	0	0	824.233	1078
142	81	0	0	0	0	848.015	1079
140	81	0	0	0	0	752.544	1080
142	82	0	0	0	0	788.755	1081
140	80	0	0	0	0	803.904	1082
140	81	0	0	0	0	836.313	1083
140	80	0	0	0	0	767.216	1084
134	80	0	0	0	0	780.537	1085
130	80	0	0	0	0	761.851	1086
130	78	0	0	0	0	674.373	1087
130	77	0	0	0	0	757.892	1088
131	77	0	0	0	0	749.518	1089
133	77	0	0	0	0	774.432	1090
133	74	0	0	0	0	710.507	1091
135	73	0	0	0	0	729.385	1092
136	73	0	0	0	0	742.199	1093
136	75	0	0	0	0	811.525	1094
136	75	0	0	0	0	783.718	1095
136	76	0	0	0	0	800.463	1096
135	76	0	0	0	0	745.784	1097
135	76	0	0	0	0	700.406	1098
137	76	0	0	0	0	751.734	1099
132	76	0	0	0	0	748.744	1100
132	76	0	0	0	0	786.462	1101
135	76	0	0	0	0	810.561	1102
136	76	0	0	0	0	740.864	1103
134	77	0	0	0	0	719.198	1104
134	77	0	0	0	0	789.329	1105
133	78	0	0	0	0	803.495	1106
133	86	0	0	0	0	805.819	1107
133	87	0	0	0	0	711.159	1108
135	88	0	0	0	0	829.063	1109
135	87	0	0	0	0	810.529	1110
136	87	0	0	0	0	791.34	1111
137	92	0	0	0	0	853.372	1112
138	91	0	0	0	0	808.763	1113
132	91	0	0	0	0	773.205	1114
132	94	0	0	0	0	808.735	1115
121	94	0	0	0	0	709.559	1116
122	95	0	0	0	0	799.691	1117
122	94	0	0	0	0	799.031	1118
121	91	0	0	0	0	726.538	1119
122	94	0	0	0	0	798.071	1120
116	94	0	0	0	0	772.009	1121
116	99	0	0	0	0	802.691	1122
116	99	0	0	0	0	615.96	1123
112	109	0	0	0	0	682.034	1124
113	110	0	0	0	0	682.994	1125
112	110	0	0	0	0	717.197	1126
111	110	0	0	0	0	676.518	1127
111	108	0	0	0	0	683.899	1128
108	107	0	0	0	0	634.834	1129
108	113	0	0	0	0	660.841	1130
99	112	0	0	0	0	664.968	1131
99	129	0	0	0	0	720.267	1132
88	130	0	0	0	0	661.807	1133
87	130	0	0	0	0	723.58	1134
86	134	0	0	0	0	739.924	1135
84	134	0	0	0	0	738.848	1136
79	134	0	0	0	0	529.782	1137
76	134	0	0	0	0	691.976	1138
71	134	0	0	0	0	700.165	1139
72	135	0	0	0	0	721.441	1140
64	134	0	0	0	0	705.556	1141
64	133	0	0	0	0	707.667	1142
64	135	0	0	0	0	708.857	1143
63	141	0	0	0	0	713.47	1144
63	145	0	0	0	0	729.069	1145
59	147	0	0	0	0	722.885	1146
59	147	0	0	0	0	746.787	1147
60	147	0	0	0	0	738.002	1148
62	150	0	0	0	0	759.835	1149
62	151	0	0	0	0	736.815	1150
62	152	0	0	0	0	737.502	1151
65	152	0	0	0	0	780.922	1152
60	151	0	0	0	0	751.722	1153
61	152	0	0	0	0	792.676	1154
60	151	0	0	0	0	712.442	1155
61	154	0	0	0	0	789.978	1156
60	152	0	0	0	0	724.218	1157
60	152	0	0	0	0	742.329	1158
62	152	0	0	0	0	756.244	1159
65	152	0	0	0	0	766.538	1160
67	152	0	0	0	0	762.803	1161
68	151	0	0	0	0	813.698	1162
63	150	0	0	0	0	775.096	1163
62	150	0	0	0	0	629.759	1164
57	150	0	0	0	0	736.243	1165
59	151	0	0	0	0	773.666	1166
58	151	0	0	0	0	741.345	1167
58	150	0	0	0	0	752.026	1168
58	147	0	0	0	0	719.299	1169
60	147	0	0	0	0	682.775	1170
61	146	0	0	0	0	776.971	1171
62	144	0	0	0	0	614.161	1172
63	144	0	0	0	0	756.147	1173
63	141	0	0	0	0	733.374	1174
63	140	0	0	0	0	702.4	1175
63	141	0	0	0	0	685.062	1176
66	141	0	0	0	0	748.341	1177
66	140	0	0	0	0	634.597	1178
69	139	0	0	0	0	705.295	1179
70	139	0	0	0	0	715.907	1180
69	137	0	0	0	0	622.01	1181
69	136	0	0	0	0	742.211	1182
67	134	0	0	0	0	727.699	1183
66	133	0	0	0	0	718.43	1184
66	133	0	0	0	0	576.364	1185
70	132	0	0	0	0	695.122	1186
70	132	0	0	0	0	713.767	1187
70	132	0	0	0	0	655.996	1188
71	130	0	0	0	0	696.544	1189
71	132	0	0	0	0	722.814	1190
71	131	0	0	0	0	717.305	1191
71	131	0	0	0	0	740.359	1192
70	130	0	0	0	0	628.395	1193
71	130	0	0	0	0	673.51	1194
73	131	0	0	0	0	752.149	1195
72	128	0	0	0	0	737.585	1196
72	126	0	0	0	0	672.703	1197
79	124	0	0	0	0	709.334	1198
77	124	0	0	0	0	686.002	1199
82	123	0	0	0	0	751.01	1200
83	123	0	0	0	0	684.833	1201
88	120	0	0	0	0	699.261	1202
90	112	0	0	0	0	608.446	1203
91	112	0	0	0	0	749.785	1204
92	114	0	0	0	0	741.04	1205
92	114	0	0	0	0	756.076	1206
88	113	0	0	0	0	648.371	1207
92	111	0	0	0	0	649.55	1208
94	110	0	0	0	0	693.377	1209
97	109	0	0	0	0	739.12	1210
97	109	0	0	0	0	736.961	1211
99	107	0	0	0	0	719.975	1212
97	105	0	0	0	0	686.187	1213
99	104	0	0	0	0	722.325	1214
100	103	0	0	0	0	677.049	1215
99	102	0	0	0	0	677.409	1216
100	102	0	0	0	0	701.292	1217
100	101	0	0	0	0	751.497	1218
105	101	0	0	0	0	735.013	1219
112	99	0	0	0	0	737.976	1220
113	99	0	0	0	0	743.148	1221
113	99	0	0	0	0	748.58	1222
114	100	0	0	0	0	750.377	1223
114	101	0	0	0	0	802.919	1224
114	98	0	0	0	0	703.632	1225
114	98	0	0	0	0	688.187	1226
118	95	0	0	0	0	722.599	1227
118	97	0	0	0	0	772.443	1228
120	97	0	0	0	0	749.192	1229
120	97	0	0	0	0	774.649	1230
120	95	0	0	0	0	769.719	1231
120	94	0	0	0	0	728.32	1232
120	93	0	0	0	0	746.633	1233
114	92	0	0	0	0	692.3	1234
114	92	0	0	0	0	737.481	1235
115	91	0	0	0	0	734.22	1236
111	90	0	0	0	0	653.692	1237
112	88	0	0	0	0	716.028	1238
111	87	0	0	0	0	722.808	1239
112	87	0	0	0	0	759.855	1240
112	87	0	0	0	0	674.909	1241
113	88	0	0	0	0	718.901	1242
114	91	0	0	0	0	707.543	1243
114	91	0	0	0	0	730.049	1244
115	91	0	0	0	0	746.681	1245
115	90	0	0	0	0	662.541	1246
118	90	0	0	0	0	705.134	1247
119	91	0	0	0	0	731.995	1248
120	91	0	0	0	0	749.229	1249
121	91	0	0	0	0	714.245	1250
122	93	0	0	0	0	769.085	1251
114	94	0	0	0	0	604.798	1252
116	94	0	0	0	0	777.288	1253
116	93	0	0	0	0	747.67	1254
118	91	0	0	0	0	715.676	1255
119	87	0	0	0	0	736.953	1256
121	79	0	0	0	0	611.04	1257
124	79	0	0	0	0	690.983	1258
114	78	0	0	0	0	710.615	1259
113	81	0	0	0	0	701.152	1260
112	79	0	0	0	0	545.992	1261
113	80	0	0	0	0	690.295	1262
115	81	0	0	0	0	514.618	1263
118	80	0	0	0	0	698.814	1264
117	79	0	0	0	0	608.014	1265
125	79	0	0	0	0	700.647	1266
125	77	0	0	0	0	721.672	1267
125	84	0	0	0	0	752.358	1268
125	81	0	0	0	0	673.705	1269
129	79	0	0	0	0	727.681	1270
130	79	0	0	0	0	724.657	1271
127	79	0	0	0	0	717.739	1272
125	77	0	0	0	0	728.326	1273
124	74	0	0	0	0	708.8	1274
121	74	0	0	0	0	626.016	1275
122	73	0	0	0	0	719.651	1276
116	74	0	0	0	0	580.226	1277
120	72	0	0	0	0	680.178	1278
121	72	0	0	0	0	694.646	1279
122	69	0	0	0	0	699.84	1280
121	69	0	0	0	0	701.973	1281
121	65	0	0	0	0	686.354	1282
120	61	0	0	0	0	617.078	1283
122	61	0	0	0	0	571.003	1284
123	61	0	0	0	0	697.288	1285
124	61	0	0	0	0	578.639	1286
124	62	0	0	0	0	693.828	1287
124	64	0	0	0	0	675.557	1288
123	64	0	0	0	0	680.036	1289
120	65	0	0	0	0	619.209	1290
121	66	0	0	0	0	687.33	1291
119	65	0	0	0	0	643.5	1292
119	65	0	0	0	0	687.057	1293
118	64	0	0	0	0	648.676	1294
118	64	0	0	0	0	679.921	1295
119	64	0	0	0	0	674.95	1296
119	65	0	0	0	0	531.789	1297
116	64	0	0	0	0	665.232	1298
115	63	0	0	0	0	670.105	1299
116	71	0	0	0	0	646.736	1300
116	69	0	0	0	0	705.779	1301
116	68	0	0	0	0	628.347	1302
119	72	0	0	0	0	659.27	1303
116	72	0	0	0	0	661.546	1304
120	72	0	0	0	0	720.744	1305
120	72	0	0	0	0	712.594	1306
119	72	0	0	0	0	652.284	1307
116	74	0	0	0	0	607.27	1308
107	73	0	0	0	0	688.993	1309
108	71	0	0	0	0	672.173	1310
108	71	0	0	0	0	580.998	1311
109	71	0	0	0	0	606.836	1312
112	72	0	0	0	0	689.496	1313
114	72	0	0	0	0	691.572	1314
115	71	0	0	0	0	678.579	1315
114	73	0	0	0	0	653.691	1316
114	73	0	0	0	0	659.665	1317
115	76	0	0	0	0	673.705	1318
119	77	0	0	0	0	719.756	1319
118	77	0	0	0	0	682.498	1320
119	77	0	0	0	0	678.535	1321
120	77	0	0	0	0	647.665	1322
123	77	0	0	0	0	753.542	1323
125	76	0	0	0	0	734.454	1324
122	74	0	0	0	0	742.133	1325
123	74	0	0	0	0	753.838	1326
124	73	0	0	0	0	543.813	1327
126	73	0	0	0	0	619.602	1328
129	71	0	0	0	0	584.233	1329
130	73	0	0	0	0	666.555	1330
130	73	0	0	0	0	668.151	1331
119	73	0	0	0	0	643.185	1332
121	72	0	0	0	0	633.63	1333
123	71	0	0	0	0	604.26	1334
124	74	0	0	0	0	666.918	1335
123	72	0	0	0	0	649.384	1336
121	71	0	0	0	0	658.998	1337
121	72	0	0	0	0	658.643	1338
122	73	0	0	0	0	742.315	1339
122	73	0	0	0	0	688.922	1340
123	90	0	0	0	0	714.727	1341
123	96	0	0	0	0	800.381	1342
123	95	0	0	0	0	819.569	1343
124	94	0	0	0	0	756.798	1344
124	93	0	0	0	0	762.317	1345
126	94	0	0	0	0	699.89	1346
127	94	0	0	0	0	788.428	1347
128	94	0	0	0	0	817.087	1348
127	93	0	0	0	0	752.158	1349
105	90	0	0	0	0	670.173	1350
105	89	0	0	0	0	717.648	1351
105	89	0	0	0	0	704.763	1352
105	88	0	0	0	0	702.118	1353
106	85	0	0	0	0	717.456	1354
111	85	0	0	0	0	701.139	1355
112	88	0	0	0	0	729.237	1356
113	88	0	0	0	0	688.848	1357
114	89	0	0	0	0	694.275	1358
114	89	0	0	0	0	748.328	1359
115	88	0	0	0	0	730.708	1360
115	104	0	0	0	0	708.458	1361
116	107	0	0	0	0	782.36	1362
116	114	0	0	0	0	843.524	1363
116	113	0	0	0	0	783.01	1364
114	114	0	0	0	0	815.011	1365
114	113	0	0	0	0	809.238	1366
115	113	0	0	0	0	799.279	1367
115	113	0	0	0	0	805.722	1368
114	113	0	0	0	0	795.659	1369
96	113	0	0	0	0	737.125	1370
98	115	0	0	0	0	780.102	1371
96	111	0	0	0	0	707.434	1372
96	113	0	0	0	0	789.19	1373
96	112	0	0	0	0	728.794	1374
96	112	0	0	0	0	772.071	1375
97	111	0	0	0	0	784.093	1376
97	111	0	0	0	0	741.673	1377
97	111	0	0	0	0	737.852	1378
97	110	0	0	0	0	761.772	1379
97	106	0	0	0	0	660.678	1380
97	106	0	0	0	0	754.433	1381
93	105	0	0	0	0	737.864	1382
94	105	0	0	0	0	758.524	1383
94	105	0	0	0	0	650.175	1384
95	104	0	0	0	0	752.476	1385
95	103	0	0	0	0	689.795	1386
95	102	0	0	0	0	681.272	1387
94	102	0	0	0	0	703.646	1388
92	98	0	0	0	0	234.589	1389
92	99	0	0	0	0	707.76	1390
92	103	0	0	0	0	717.001	1391
93	101	0	0	0	0	666.895	1392
93	99	0	0	0	0	663.888	1393
94	98	0	0	0	0	632.034	1394
95	97	0	0	0	0	633.834	1395
96	96	0	0	0	0	724.758	1396
96	95	0	0	0	0	638.878	1397
96	91	0	0	0	0	601.94	1398
96	91	0	0	0	0	645.839	1399
86	92	0	0	0	0	624.44	1400
85	88	0	0	0	0	561.039	1401
86	87	0	0	0	0	578.766	1402
85	88	0	0	0	0	642.036	1403
85	88	0	0	0	0	608.888	1404
83	87	0	0	0	0	624.122	1405
84	89	0	0	0	0	643.59	1406
84	87	0	0	0	0	514.994	1407
82	88	0	0	0	0	583.99	1408
84	87	0	0	0	0	642.021	1409
84	88	0	0	0	0	511.957	1410
83	89	0	0	0	0	526.361	1411
83	88	0	0	0	0	535.332	1412
84	92	0	0	0	0	562.376	1413
87	91	0	0	0	0	507.421	1414
87	91	0	0	0	0	590.378	1415
89	91	0	0	0	0	586.489	1416
90	91	0	0	0	0	564.739	1417
93	90	0	0	0	0	605.772	1418
93	89	0	0	0	0	612.194	1419
93	87	0	0	0	0	654.283	1420
93	85	0	0	0	0	623.912	1421
94	87	0	0	0	0	628.939	1422
95	91	0	0	0	0	647.035	1423
95	89	0	0	0	0	658.399	1424
95	88	0	0	0	0	666.429	1425
94	88	0	0	0	0	627.164	1426
94	87	0	0	0	0	671.294	1427
95	86	0	0	0	0	661.871	1428
96	87	0	0	0	0	684.769	1429
97	86	0	0	0	0	688.646	1430
96	85	0	0	0	0	638.796	1431
98	83	0	0	0	0	666.209	1432
100	83	0	0	0	0	686.191	1433
100	83	0	0	0	0	679.592	1434
100	85	0	0	0	0	701.607	1435
99	85	0	0	0	0	577.572	1436
104	89	0	0	0	0	615.044	1437
105	90	0	0	0	0	669.632	1438
109	88	0	0	0	0	711.534	1439
109	85	0	0	0	0	687.537	1440
109	84	0	0	0	0	696.001	1441
109	84	0	0	0	0	733.819	1442
109	85	0	0	0	0	695.266	1443
108	87	0	0	0	0	693.458	1444
108	88	0	0	0	0	739.573	1445
105	86	0	0	0	0	651.351	1446
106	83	0	0	0	0	678.044	1447
106	84	0	0	0	0	662.563	1448
109	84	0	0	0	0	690.062	1449
109	84	0	0	0	0	665.513	1450
109	82	0	0	0	0	628.384	1451
106	82	0	0	0	0	668.59	1452
100	81	0	0	0	0	645.123	1453
102	86	0	0	0	0	670.814	1454
103	87	0	0	0	0	634.351	1455
108	96	0	0	0	0	715.565	1456
107	95	0	0	0	0	725.347	1457
107	95	0	0	0	0	695.742	1458
107	95	0	0	0	0	695.689	1459
107	97	0	0	0	0	620.209	1460
107	98	0	0	0	0	608.205	1461
107	98	0	0	0	0	661.541	1462
99	99	0	0	0	0	637.855	1463
95	97	0	0	0	0	595.503	1464
90	94	0	0	0	0	617.131	1465
90	93	0	0	0	0	660.252	1466
91	95	0	0	0	0	659.288	1467
90	94	0	0	0	0	559.789	1468
89	94	0	0	0	0	652.291	1469
91	98	0	0	0	0	639.54	1470
91	98	0	0	0	0	681.404	1471
93	96	0	0	0	0	699.027	1472
94	94	0	0	0	0	661.916	1473
96	94	0	0	0	0	610.203	1474
92	94	0	0	0	0	697.794	1475
92	94	0	0	0	0	664.652	1476
91	93	0	0	0	0	608.926	1477
93	93	0	0	0	0	683.8	1478
96	105	0	0	0	0	591.539	1479
96	103	0	0	0	0	648.252	1480
98	101	0	0	0	0	657.479	1481
101	98	0	0	0	0	740.742	1482
103	97	0	0	0	0	675.572	1483
107	98	0	0	0	0	709.888	1484
103	94	0	0	0	0	592.286	1485
106	96	0	0	0	0	714.822	1486
108	96	0	0	0	0	699.492	1487
102	96	0	0	0	0	703.634	1488
102	98	0	0	0	0	749.528	1489
102	98	0	0	0	0	636.517	1490
106	99	0	0	0	0	715.803	1491
106	96	0	0	0	0	703.143	1492
106	95	0	0	0	0	701.396	1493
109	95	0	0	0	0	703.312	1494
110	93	0	0	0	0	685.443	1495
111	95	0	0	0	0	691.933	1496
112	95	0	0	0	0	743.146	1497
112	93	0	0	0	0	732.057	1498
112	93	0	0	0	0	732.45	1499
113	94	0	0	0	0	662.65	1500
116	103	0	0	0	0	797.702	1501
117	103	0	0	0	0	740.551	1502
117	105	0	0	0	0	786.206	1503
119	105	0	0	0	0	806.629	1504
116	105	0	0	0	0	726.215	1505
116	105	0	0	0	0	767.099	1506
117	105	0	0	0	0	731.959	1507
116	105	0	0	0	0	777.478	1508
116	106	0	0	0	0	702.565	1509
106	107	0	0	0	0	680.507	1510
107	103	0	0	0	0	763.681	1511
108	103	0	0	0	0	765.5	1512
108	101	0	0	0	0	718.977	1513
108	100	0	0	0	0	662.627	1514
111	100	0	0	0	0	783.531	1515
112	102	0	0	0	0	785.099	1516
114	102	0	0	0	0	722.585	1517
117	103	0	0	0	0	722.362	1518
119	105	0	0	0	0	814.115	1519
118	105	0	0	0	0	768.503	1520
119	106	0	0	0	0	798.284	1521
120	105	0	0	0	0	575.737	1522
122	104	0	0	0	0	773.882	1523
122	103	0	0	0	0	845.359	1524
122	105	0	0	0	0	840.75	1525
124	103	0	0	0	0	861.297	1526
124	99	0	0	0	0	706.541	1527
127	97	0	0	0	0	733.382	1528
133	99	0	0	0	0	854.609	1529
135	99	0	0	0	0	887.181	1530
135	101	0	0	0	0	871.284	1531
135	99	0	0	0	0	721.1	1532
138	99	0	0	0	0	876.724	1533
139	100	0	0	0	0	895.642	1534
141	101	0	0	0	0	771.154	1535
141	99	0	0	0	0	919.215	1536
142	99	0	0	0	0	820.262	1537
142	99	0	0	0	0	817.543	1538
143	99	0	0	0	0	891.239	1539
146	99	0	0	0	0	902.458	1540
149	97	0	0	0	0	878.106	1541
148	98	0	0	0	0	847.572	1542
152	109	0	0	0	0	915.596	1543
150	110	0	0	0	0	930.62	1544
150	112	0	0	0	0	925.84	1545
150	112	0	0	0	0	920.404	1546
153	112	0	0	0	0	936.548	1547
152	112	0	0	0	0	945.312	1548
155	112	0	0	0	0	964.136	1549
157	112	0	0	0	0	927.661	1550
158	112	0	0	0	0	935.508	1551
147	112	0	0	0	0	881.308	1552
147	112	0	0	0	0	963.194	1553
148	112	0	0	0	0	921.752	1554
148	114	0	0	0	0	933.355	1555
150	115	0	0	0	0	920.677	1556
151	115	0	0	0	0	917.247	1557
151	115	0	0	0	0	961.445	1558
152	114	0	0	0	0	960.293	1559
152	111	0	0	0	0	860.643	1560
151	112	0	0	0	0	971.801	1561
152	113	0	0	0	0	967.243	1562
153	110	0	0	0	0	961.268	1563
150	108	0	0	0	0	823.875	1564
151	109	0	0	0	0	912.774	1565
152	110	0	0	0	0	982.902	1566
154	109	0	0	0	0	901.179	1567
156	117	0	0	0	0	956.946	1568
157	117	0	0	0	0	958.537	1569
156	117	0	0	0	0	965.193	1570
146	115	0	0	0	0	916.06	1571
147	111	0	0	0	0	924.378	1572
147	105	0	0	0	0	819.669	1573
147	105	0	0	0	0	952.984	1574
147	105	0	0	0	0	942.762	1575
148	106	0	0	0	0	929.632	1576
145	103	0	0	0	0	911.757	1577
150	107	0	0	0	0	908.073	1578
152	109	0	0	0	0	910.284	1579
153	110	0	0	0	0	922.21	1580
154	111	0	0	0	0	908.648	1581
156	110	0	0	0	0	994.908	1582
158	109	0	0	0	0	899.393	1583
158	106	0.333333	0	1	0	885.473	1584
159	106	0.333333	0	1	0	860.909	1585
160	107	0.333333	0	1	0	944.915	1586
151	105	0.333333	0	1	0	888.048	1587
148	105	0.333333	0	1	0	931.749	1588
145	105	0.333333	0	1	0	911.74	1589
145	107	0.333333	0	1	0	941.815	1590
145	106	0.333333	0	1	0	930.954	1591
145	106	0.333333	0	1	0	917.699	1592
147	104	0.333333	0	1	0	893.265	1593
149	103	0.333333	0	1	0	882.794	1594
151	102	0.333333	0	1	0	899.018	1595
151	100	0.333333	0	1	0	900.087	1596
150	99	0.333333	0	1	0	899.269	1597
151	100	0.333333	0	1	0	895.391	1598
152	99	0.333333	0	1	0	912.976	1599
153	99	0.333333	0	1	0	915.784	1600
153	100	0.333333	0	1	0	846.65	1601
154	101	0.333333	0	1	0	869.235	1602
154	101	0.333333	0	1	0	922.726	1603
154	100	0.333333	0	1	0	877.06	1604
150	103	0.333333	0	1	0	867.933	1605
148	99	0.333333	0	1	0	900.275	1606
149	99	0.333333	0	1	0	844.938	1607
151	99	0.333333	0	1	0	839.679	1608
154	100	0.333333	0	1	0	891.684	1609
154	99	0.333333	0	1	0	931.918	1610
154	95	0.333333	0	1	0	921.232	1611
153	94	0.333333	0	1	0	821.681	1612
152	94	0.333333	0	1	0	861.701	1613
140	94	0.333333	0	1	0	855.973	1614
140	97	0.333333	0	1	0	654.463	1615
140	98	0.333333	0	1	0	872.487	1616
138	98	0.333333	0	1	0	824.497	1617
143	102	0.333333	0	1	0	868.974	1618
140	102	0.333333	0	1	0	864.774	1619
141	101	0.333333	0	1	0	851.518	1620
142	102	0.333333	0	1	0	793.591	1621
143	104	0.333333	0	1	0	789.537	1622
142	109	0.333333	0	1	0	770.887	1623
101	74	0	0	0	0	625.301	1624
102	74	0	0	0	0	629.394	1625
103	77	0	0	0	0	661.135	1626
102	77	0	0	0	0	628.512	1627
90	68	0	0	0	0	565.09	1628
90	68	0	0	0	0	575.878	1629
90	68	0	0	0	0	574.163	1630
90	68	0	0	0	0	566.177	1631
84	68	0	0	0	0	541.615	1632
84	67	0	0	0	0	536.171	1633
84	66	0	0	0	0	548.573	1634
84	67	0	0	0	0	559.5	1635
78	67	0	0	0	0	507.924	1636
79	67	0	0	0	0	514.206	1637
80	67	0	0	0	0	518.88	1638
82	66	0	0	0	0	547.606	1639
79	65	0	0	0	0	529.061	1640
79	66	0	0	0	0	527.741	1641
78	67	0	0	0	0	489.174	1642
78	68	0	0	0	0	534.286	1643
75	68	0	0	0	0	511.592	1644
75	68	0	0	0	0	498.358	1645
75	66	0	0	0	0	517.888	1646
75	66	0	0	0	0	505.447	1647
75	66	0	0	0	0	510.273	1648
75	66	0	0	0	0	536.005	1649
74	66	0	0	0	0	487.262	1650
69	64	0	0	0	0	479.25	1651
67	62	0	0	0	0	445.855	1652
67	61	0	0	0	0	478.416	1653
65	61	0	0	0	0	436.563	1654
61	58	0	0	0	0	413.001	1655
61	57	0	0	0	0	406.229	1656
62	56	0	0	0	0	421.008	1657
62	56	0	0	0	0	437.678	1658
62	56	0	0	0	0	433.919	1659
