unique_top_cov	unique_bot_cov	redundant_top_cov	redundant_bot_cov	raw_redundant_top_cov	raw_redundant_bot_cov	e_value	position
2	2	0	0	0	0	nan	1
2	2	0	0	0	0	2.0855	2
2	2	0	0	0	0	1.28303	3
3	2	0	0	0	0	2.17191	4
3	2	0	0	0	0	4.89325	5
3	3	0	0	0	0	2.39993	6
3	3	0	0	0	0	7.18408	7
3	3	0	0	0	0	7.34573	8
3	3	0	0	0	0	7.3824	9
3	3	0	0	0	0	7.36713	10
3	3	0	0	0	0	7.04318	11
3	3	0	0	0	0	7.38589	12
3	3	0	0	0	0	7.37857	13
3	3	0	0	0	0	7.38971	14
3	3	0	0	0	0	7.37941	15
3	3	0	0	0	0	7.03648	16
3	3	0	0	0	0	6.95218	17
3	3	0	0	0	0	7.25296	18
4	3	0	0	0	0	7.33574	19
4	3	0	0	0	0	7.03648	20
4	3	0	0	0	0	7.4098	21
4	3	0	0	0	0	7.38272	22
4	3	0	0	0	0	9.44601	23
4	3	0	0	0	0	9.15583	24
4	3	0	0	0	0	9.50536	25
4	3	0	0	0	0	6.76321	26
4	3	0	0	0	0	9.419	27
4	4	0	0	0	0	9.4565	28
4	4	0	0	0	0	9.47322	29
4	5	0	0	0	0	12.7558	30
4	5	0	0	0	0	16.5608	31
4	5	0	0	0	0	16.3594	32
68	46	0	0	0	0	227.709	33
68	46	0	0	0	0	419.014	34
68	46	0	0	0	0	325.465	35
64	47	0	0.25	0	1	388.01	36
64	45	0	0.25	0	1	355.674	37
63	45	0	0.25	0	1	373.689	38
64	45	0	0.25	0	1	355.173	39
64	45	0	0.25	0	1	348.849	40
61	48	0	0.25	0	1	341.58	41
61	48	0	0.25	0	1	352.579	42
60	46	0	0.25	0	1	358.691	43
60	49	0	0.25	0	1	346.839	44
52	49	0	0.25	0	1	323.17	45
52	46	0	0.25	0	1	310.384	46
52	46	0	0.25	0	1	293.423	47
45	46	0	0.25	0	1	289.956	48
45	46	0	0.25	0	1	266.086	49
35	46	0	0.25	0	1	259.223	50
35	44	0	0.25	0	1	270.812	51
34	43	0	0.25	0	1	240.854	52
33	44	0	0.25	0	1	228.62	53
33	44	0	0.25	0	1	248.778	54
31	44	0	0.25	0	1	235.886	55
31	44	0	0.25	0	1	258.437	56
30	44	0	0.25	0	1	248.198	57
30	44	0	0.25	0	1	235.899	58
29	44	0	0.25	0	1	228.248	59
28	41	0	0.25	0	1	225.51	60
27	41	0	0.25	0	1	196.457	61
27	40	0	0.25	0	1	194.997	62
28	40	0	0.25	0	1	202.023	63
28	40	0	0.25	0	1	137.026	64
28	40	0	0.25	0	1	194.261	65
28	40	0	0.25	0	1	198.189	66
29	40	0	0.25	0	1	167.659	67
28	39	0	0.25	0	1	159.729	68
26	40	0	0.25	0	1	153.225	69
30	44	0	0.25	0	1	196.027	70
24	44	0	0.25	0	1	201.358	71
24	44	0	0.25	0	1	187.649	72
24	44	0	0.25	0	1	203.177	73
24	44	0	0.25	0	1	208.233	74
24	43	0	0.25	0	1	170.465	75
24	41	0	0	0	0	187.115	76
24	38	0	0	0	0	178.318	77
24	34	0	0	0	0	79.0947	78
24	34	0	0	0	0	78.2619	79
24	34	0	0	0	0	185.214	80
24	34	0	0	0	0	183.506	81
24	35	0	0	0	0	185.109	82
24	35	0	0	0	0	191.889	83
24	34	0	0	0	0	175.922	84
24	35	0	0	0	0	188.279	85
26	35	0	0.5	0	1	183.342	86
26	35	0	1	0	2	187.043	87
27	35	0	1	0	2	191.118	88
27	35	0	1	0	2	182.859	89
29	35	0	1	0	2	195.28	90
29	35	0	1.5	0	3	181.31	91
29	37	0	1.5	0	3	207.018	92
28	37	0	1.5	0	3	194.561	93
26	36	0	1.5	0	3	184.476	94
26	36	0	2	0	4	191.929	95
26	35	0	2	0	4	169.385	96
26	35	0	2	0	4	197.782	97
26	35	0	2	0	4	200.299	98
26	35	0	2	0	4	194.616	99
26	38	0	2.5	0	5	201.07	100
25	37	0	2.5	0	5	196.093	101
25	37	0	2.5	0	5	180.534	102
25	37	0	2.5	0	5	182.364	103
25	37	0	2.5	0	5	199.991	104
25	37	0	2.5	0	5	196.797	105
24	36	0	2.5	0	5	179.963	106
24	36	0	3	0	6	203.54	107
24	36	0	3	0	6	183.205	108
23	36	0	3	0	6	198.938	109
23	36	0	3	0	6	189.89	110
23	36	0	3	0	6	152.316	111
23	35	0	3	0	6	184.229	112
24	35	0	3	0	6	193.133	113
25	36	0	3.5	0	7	175.776	114
25	34	0	3.5	0	7	179.192	115
26	34	0	3.5	0	7	176.576	116
27	35	0	4.5	0	9	192.273	117
27	36	0	4.5	0	9	200.559	118
27	35	0	4.5	0	9	196.558	119
27	35	0	4.5	0	9	182.767	120
23	35	0	4.5	0	9	178.373	121
23	35	0	4.5	0	9	197.968	122
22	35	0	4.5	0	9	189.642	123
22	35	0	4.5	0	9	197.071	124
22	34	0	4.5	0	9	160.008	125
23	34	0	4.5	0	9	177.181	126
23	33	0	4.5	0	9	184.661	127
23	34	0	4.5	0	9	189.686	128
23	34	0	4.5	0	9	193.649	129
23	34	0	4.5	0	9	161.966	130
23	34	0	4.5	0	9	184.878	131
23	34	0	4.5	0	9	177.638	132
23	32	0	4.5	0	9	166.99	133
23	31	0	4.5	0	9	162.952	134
23	31	0	4.5	0	9	175.322	135
22	31	0	4.5	0	9	181.112	136
22	31	0	4.5	0	9	169.154	137
23	32	0	3.5	0	7	162.047	138
24	32	0	3.5	0	7	188.19	139
24	32	0	3.5	0	7	193.916	140
24	31	0	3.5	0	7	181.808	141
24	31	0	3.5	0	7	191.809	142
24	30	0	3	0	6	167.484	143
25	30	0	3	0	6	178.341	144
26	29	0	2.5	0	5	179.571	145
26	28	0	2.5	0	5	183.995	146
27	29	0	2.5	0	5	186.793	147
27	28	0	2.5	0	5	186.058	148
27	28	0	2.5	0	5	195.698	149
26	28	0	2	0	4	174.211	150
24	29	0	2	0	4	195.156	151
24	29	0	2	0	4	189.924	152
25	29	0	2	0	4	188.104	153
25	29	0	1.5	0	3	189.168	154
25	29	0	1.5	0	3	177.58	155
25	27	0	1	0	2	129.161	156
25	28	0	1	0	2	189.737	157
25	28	0	1	0	2	193.885	158
25	28	0	1	0	2	174.176	159
25	28	0	0	0	0	154.687	160
26	28	0	0	0	0	177.088	161
26	30	0	0	0	0	179.561	162
12	17	0	0	0	0	84.4278	163
12	18	0	0	0	0	86.188	164
12	18	0	0	0	0	85.4387	165
11	18	0	0	0	0	86.2944	166
12	18	0	0	0	0	82.0585	167
13	18	0	0	0	0	83.645	168
13	18	0	0	0	0	85.1324	169
13	18	0	0	0	0	100.893	170
13	18	0	0	0	0	109.485	171
13	18	0	0	0	0	96.2682	172
13	18	0	0	0	0	100.226	173
13	18	0	0	0	0	102.485	174
13	18	0	0	0	0	88.2687	175
13	18	0	0	0	0	96.645	176
12	18	0	0	0	0	100.506	177
12	17	0	0	0	0	94.737	178
12	16	0	0	0	0	83.0276	179
12	16	0	0	0	0	92.4109	180
11	16	0.333333	0	1	0	97.0499	181
11	16	0.333333	0.833333	1	2	96.5599	182
11	16	0.333333	0.833333	1	2	95.5999	183
11	16	0.333333	0.833333	1	2	75.0316	184
12	16	0.666667	1.5	2	4	90.4995	185
12	16	1	1.5	3	4	94.7539	186
12	16	1	2.16667	3	6	98.8803	187
12	16	1	2.16667	3	6	98.5393	188
12	16	1	2.16667	3	6	88.0889	189
12	16	1	2.5	3	7	87.6303	190
10	15	1	2.5	3	7	70.267	191
10	15	1	2.5	3	7	88.1818	192
10	15	1	2.5	3	7	87.1438	193
10	15	1	2.5	3	7	81.0281	194
11	15	1	2.5	3	7	85.1825	195
12	16	1	2.5	3	7	83.9305	196
12	16	1	2.5	3	7	75.9982	197
12	15	1	2.5	3	7	78.6113	198
12	14	1	2.5	3	7	77.9065	199
11	14	1	2.5	3	7	68.5504	200
11	15	1	2.83333	3	8	89.3763	201
11	16	1	3.16667	3	9	75.8596	202
11	16	1	3.16667	3	9	76.999	203
11	16	1	3.16667	3	9	81.7316	204
11	16	1	3.16667	3	9	95.6922	205
11	16	1	3.16667	3	9	92.012	206
11	17	1	3.16667	3	9	91.3805	207
11	17	1	3.16667	3	9	94.8344	208
11	17	1	3.16667	3	9	90.2878	209
11	17	1	3.16667	3	9	86.4438	210
11	18	1	3.16667	3	9	91.6709	211
11	18	1	3.16667	3	9	100.185	212
11	18	1	3.16667	3	9	102.662	213
11	18	1	3.16667	3	9	83.2384	214
11	19	1	3.16667	3	9	92.727	215
10	19	1	3.16667	3	9	96.2432	216
10	20	1	3.16667	3	9	88.8483	217
10	20	1	3.16667	3	9	78.6784	218
10	20	1	3.16667	3	9	85.5209	219
10	19	1	3.16667	3	9	90.5807	220
11	18	1	3.16667	3	9	78.6278	221
11	18	1	3.16667	3	9	90.8058	222
11	18	1	3.16667	3	9	87.3904	223
9	18	1	3.16667	3	9	75.7596	224
9	18	1	3.16667	3	9	95.4097	225
9	18	1	3.16667	3	9	83.2142	226
9	18	1	2.83333	3	8	90.2601	227
9	18	1	2.83333	3	8	92.9529	228
9	18	1	2.83333	3	8	89.8457	229
10	20	0.666667	2.83333	2	8	98.7979	230
10	20	0.666667	2.5	2	7	79.928	231
10	20	0.666667	2.16667	2	6	92.7504	232
10	20	0.666667	2.16667	2	6	103.999	233
10	20	0.666667	2.16667	2	6	94.2355	234
10	18	0.666667	2.16667	2	6	78.1151	235
10	18	0.666667	2.16667	2	6	91.8066	236
10	18	0.666667	1.83333	2	5	91.3258	237
11	19	0.666667	1.83333	2	5	77.9661	238
11	19	0.666667	1.83333	2	5	92.8973	239
11	19	0.666667	1.83333	2	5	104.241	240
11	19	0.666667	1.83333	2	5	99.4916	241
11	18	0.666667	1.83333	2	5	99.89	242
12	18	0.333333	1.83333	1	5	88.9769	243
13	19	0.333333	1.83333	1	5	106.98	244
13	19	0.333333	1.83333	1	5	92.4571	245
13	19	0.333333	1.83333	1	5	106.589	246
12	19	0.333333	1.83333	1	5	111.596	247
12	19	0.333333	1.5	1	4	113.103	248
12	19	0.333333	1.5	1	4	109.637	249
13	19	0.333333	1.5	1	4	84.6639	250
20	19	0.333333	1.5	1	4	105.393	251
20	19	0	1.16667	0	3	108.752	252
20	19	0	1.16667	0	3	104.001	253
22	20	0	0.5	0	1	128.242	254
24	20	0	0.5	0	1	122.433	255
25	21	0	0	0	0	129.975	256
25	21	0	0	0	0	126.264	257
30	31	0	0	0	0	180.21	258
30	31	0	0	0	0	212.159	259
29	30	0	0	0	0	218.133	260
29	30	0	0	0	0	211.487	261
29	30	0	0	0	0	209.51	262
29	30	0	0	0	0	216.467	263
29	30	0	0	0	0	214.648	264
29	30	0	0	0	0	204.314	265
28	30	0	0	0	0	201.736	266
28	30	0	0	0	0	218.279	267
28	29	0	0	0	0	204.955	268
28	28	0	0	0	0	186.876	269
28	28	0	0	0	0	196.155	270
28	28	0	0	0	0	188.107	271
28	28	0	0	0	0	209.186	272
28	28	0	0	0	0	194.055	273
28	28	0	0	0	0	204.841	274
28	28	0	0	0	0	211.323	275
28	28	0	0	0	0	198.153	276
28	28	0	0	0	0	193.071	277
28	28	0	0	0	0	190.901	278
28	28	0	0	0	0	189.712	279
28	27	0	0	0	0	185.152	280
28	27	0	0	0	0	187.635	281
28	27	0	0	0	0	186.932	282
28	26	0	0	0	0	182.43	283
28	26	0	0	0	0	194.219	284
28	26	0	0	0	0	187.301	285
28	26	0	0	0	0	181.158	286
28	25	0	0	0	0	185.528	287
27	24	0	0	0	0	180.815	288
27	24	0	0	0	0	171.471	289
27	24	0	0	0	0	172.622	290
27	24	0	0	0	0	178.801	291
27	23	0	0	0	0	179.033	292
27	23	0	0	0	0	173.74	293
27	22	0	0	0	0	186.897	294
27	22	0	0	0	0	172.936	295
27	21	0	0	0	0	157.427	296
26	21	0	0	0	0	156.846	297
24	21	0	0	0	0	161.528	298
24	21	0	0	0	0	161.107	299
24	20	0	0	0	0	151.773	300
24	20	0	0	0	0	157.331	301
24	19	0	0	0	0	140.413	302
24	18	0	0	0	0	139.881	303
24	18	0	0	0	0	136.665	304
24	17	0	0	0	0	154.282	305
24	17	0	0	0	0	140.633	306
24	16	0	0	0	0	140.578	307
24	16	0	0	0	0	138.425	308
24	16	0	0	0	0	125.912	309
24	16	0	0	0	0	106.892	310
24	16	0	0	0	0	142.237	311
23	16	0	0	0	0	137.901	312
23	16	0	0	0	0	136.504	313
23	16	0	0	0	0	132.897	314
23	16	0	0	0	0	129.275	315
23	16	0	0	0	0	126.879	316
23	16	0	0	0	0	131.074	317
22	16	0	0	0	0	119.369	318
22	15	0	0	0	0	112.907	319
21	14	0	0	0	0	116.43	320
21	14	0	0	0	0	117.789	321
21	14	0	0	0	0	114.521	322
21	14	0	0	0	0	103.344	323
21	13	0	0	0	0	112.233	324
2	1	0	0	0	0	-3.19544	325
2	1	0	0	0	0	-3.7748	326
0	1	0	0	0	0	-3.03518	327
0	1	0	0	0	0	-3.03518	328
0	1	0	0	0	0	-3.28614	329
0	1	0	0	0	0	-3.03518	330
0	1	0	0	0	0	nan	331
0	1	0	0	0	0	nan	332
0	0	0	0	0	0	nan	333
0	0	0	0	0	0	nan	334
