unique_top_cov	unique_bot_cov	redundant_top_cov	redundant_bot_cov	raw_redundant_top_cov	raw_redundant_bot_cov	e_value	position
0	0	0	0	0	0	nan	1
0	0	0	0	0	0	nan	2
0	0	0	0	0	0	nan	3
0	0	0	0	0	0	nan	4
0	0	0	0	0	0	nan	5
0	0	0	0	0	0	nan	6
0	0	0	0	0	0	nan	7
0	0	0	0	0	0	nan	8
0	0	0	0	0	0	nan	9
0	0	0	0	0	0	nan	10
0	0	0	0	0	0	nan	11
0	0	0	0	0	0	nan	12
0	0	0	0	0	0	nan	13
0	0	0	0	0	0	nan	14
0	0	0	0	0	0	nan	15
0	0	0	0	0	0	nan	16
0	0	0	0	0	0	nan	17
0	0	0	0	0	0	nan	18
0	0	0	0	0	0	nan	19
0	0	0	0	0	0	nan	20
0	0	0	0	0	0	nan	21
0	0	0	0	0	0	nan	22
0	0	0	0	0	0	nan	23
0	0	0	0	0	0	nan	24
0	0	0	0	0	0	nan	25
0	0	0	0	0	0	nan	26
0	0	0	0	0	0	nan	27
0	0	0	0	0	0	nan	28
0	0	0	0	0	0	nan	29
46	39	0	0	0	0	314.876	30
47	39	0	0	0	0	313.811	31
47	39	0	0	0	0	310.977	32
47	39	0	0	0	0	317.819	33
47	39	0	0	0	0	291.963	34
47	39	0	0	0	0	301.64	35
48	38	0	0	0	0	315.776	36
48	38	0	0	0	0	303.644	37
48	38	0	0	0	0	300.856	38
48	38	0	0	0	0	330.734	39
48	38	0	0	0	0	320.729	40
47	38	0	0	0	0	302.563	41
47	38	0	0	0	0	302.028	42
47	45	0	0	0	0	302.635	43
47	44	0	0	0	0	313.754	44
47	44	0	0	0	0	313.366	45
46	44	0	0	0	0	298.437	46
45	44	0	0	0	0	298.572	47
45	44	0	0	0	0	298.78	48
46	44	0	0	0	0	301.814	49
44	44	0	0	0	0	296.404	50
43	44	0	0	0	0	298.787	51
38	43	0	0	0	0	266.911	52
34	43	0	0	0	0	276.437	53
35	42	0	0	0	0	256.375	54
35	40	0	0	0	0	250.695	55
34	40	0	0	0	0	263.261	56
34	40	0	0	0	0	266.78	57
33	39	0	0	0	0	258.231	58
33	37	0	0	0	0	258.73	59
32	37	0	0	0	0	240.557	60
32	37	0	0	0	0	229.575	61
32	37	0	0	0	0	237.995	62
33	35	0	0	0	0	240.462	63
33	35	0	0	0	0	254.439	64
33	34	0	0	0	0	240.296	65
33	36	0	0	0	0	230.405	66
32	36	0	0	0	0	248.253	67
31	36	0	0	0	0	246.589	68
29	36	0	0	0	0	220.619	69
29	36	0	0	0	0	230.523	70
29	37	0	0	0	0	224.928	71
28	37	0	0	0	0	225.256	72
28	37	0	0	0	0	219.679	73
28	37	0	0	0	0	215.172	74
27	36	0	0	0	0	221.511	75
27	36	0	0	0	0	214.261	76
27	36	0	0	0	0	219.209	77
27	35	0	0	0	0	234.715	78
27	35	0	0	0	0	222.442	79
27	35	0	0	0	0	215.794	80
27	35	0	0	0	0	209.938	81
27	35	0	0	0	0	214.735	82
27	35	0	0	0	0	207.83	83
27	35	0	0	0	0	214.558	84
27	36	0	0	0	0	202.323	85
27	36	0	0	0	0	233.855	86
27	36	0	0	0	0	222.023	87
27	35	0	0	0	0	222.475	88
27	36	0	0	0	0	233.384	89
26	37	0	0	0	0	202.419	90
26	37	0	0	0	0	193.859	91
26	37	0	0	0	0	191.158	92
25	37	0	0	0	0	191.879	93
25	37	0	0	0	0	188.864	94
26	38	0	0	0	0	196.274	95
26	38	0	0	0	0	190.426	96
23	38	0	0	0	0	187.01	97
22	37	0	0	0	0	191.675	98
21	37	0	0	0	0	186.616	99
21	38	0	0	0	0	198.553	100
21	37	0	0	0	0	208.891	101
20	36	0	0	0	0	201.832	102
19	36	0	0	0	0	187.803	103
19	36	0	0	0	0	191.725	104
19	36	0	0	0	0	195.684	105
20	36	0	0	0	0	175.564	106
20	35	0	0	0	0	194.108	107
20	36	0	0	0	0	194.722	108
20	36	0	0	0	0	185.114	109
20	36	0	0	0	0	183.254	110
21	36	0	0	0	0	188.364	111
24	36	0	0	0	0	195.133	112
23	37	0	0	0	0	207.034	113
22	37	0	0	0	0	210.746	114
22	37	0	0	0	0	208.007	115
22	37	0	0	0	0	202.642	116
22	37	0	0	0	0	203.619	117
22	37	0	0	0	0	201.899	118
23	37	0	0	0	0	214.501	119
22	37	0	0	0	0	213.567	120
21	37	0	0	0	0	202.283	121
21	37	0	0	0	0	204.099	122
21	37	0	0	0	0	185.046	123
21	37	0	0	0	0	196.665	124
21	36	0	0	0	0	190.678	125
21	36	0	0	0	0	181.077	126
21	34	0	0	0	0	187.2	127
20	34	0	0	0	0	171.957	128
21	35	0	0	0	0	172.042	129
22	35	0	0	0	0	175.25	130
22	35	0	0	0	0	179.225	131
22	34	0	0	0	0	172.046	132
22	33	0	0	0	0	170.462	133
22	33	0	0	0	0	167.896	134
24	32	0	0	0	0	185.039	135
24	32	0	0	0	0	199.147	136
24	32	0	0	0	0	191.34	137
24	31	0	0	0	0	186.848	138
23	31	0	0	0	0	190.247	139
23	31	0	0	0	0	189.474	140
23	31	0	0	0	0	189.432	141
23	31	0	0	0	0	170.947	142
23	28	0	0	0	0	162.934	143
23	27	0	0	0	0	166.666	144
23	28	0	0	0	0	147.575	145
23	26	0	0	0	0	160.614	146
23	26	0	0	0	0	163.916	147
23	25	0	0	0	0	147.548	148
23	25	0	0	0	0	168.749	149
23	25	0	0	0	0	167.099	150
23	24	0	0	0	0	165.68	151
23	24	0	0	0	0	163.045	152
23	24	0	0	0	0	162.578	153
23	24	0	0	0	0	172.065	154
23	24	0	0	0	0	152.019	155
23	24	0	0	0	0	154.49	156
23	22	0	0	0	0	148.68	157
23	22	0	0	0	0	155.001	158
24	22	0	0	0	0	147.159	159
24	22	0	0	0	0	152.491	160
25	22	0	0	0	0	160.556	161
25	21	0	0	0	0	156.689	162
25	22	0	0	0	0	155.479	163
25	24	0	0	0	0	165.834	164
25	24	0	0	0	0	168.824	165
25	23	0	0	0	0	157.319	166
25	23	0	0	0	0	167.872	167
25	23	0	0	0	0	173.662	168
25	23	0	0	0	0	164.043	169
23	23	0	0	0	0	163.63	170
23	23	0	0	0	0	141.407	171
23	22	0	0	0	0	151.675	172
23	25	0	0	0	0	144.444	173
23	25	0	0	0	0	148.574	174
23	25	0	0	0	0	145.574	175
23	24	0	0	0	0	139.444	176
23	26	0	0	0	0	173.664	177
24	28	0	0	0	0	172.835	178
25	27	0	0	0	0	175.557	179
25	27	0	0	0	0	172.55	180
25	28	0	0	0	0	174.627	181
25	27	0	0	0	0	167.031	182
25	28	0	0	0	0	170.537	183
26	27	0	0	0	0	175.034	184
26	28	0	0	0	0	183.791	185
25	28	0	0	0	0	189.767	186
27	30	0	0	0	0	159.965	187
27	31	0	0	0	0	203.99	188
33	31	0	0	0	0	209.725	189
38	31	0	0	0	0	200.399	190
39	32	0	0	0	0	183.599	191
40	37	0	0	0	0	242.431	192
40	39	0	0	0	0	276.404	193
40	41	0	0	0	0	272.035	194
41	43	0	0	0	0	267.756	195
39	47	0	0	0	0	259.664	196
39	49	0	0	0	0	282.982	197
35	50	0	0	0	0	273.072	198
35	53	0	0	0	0	277.801	199
35	55	0	0	0	0	318.892	200
35	56	0	0	0	0	309.385	201
35	57	0	0	0	0	333.598	202
36	57	0	0	0	0	328.362	203
35	56	0	0	0	0	315.1	204
36	58	0	0	0	0	298.732	205
37	59	0	0	0	0	339.703	206
37	60	0	0	0	0	350.024	207
37	60	0	0	0	0	352.636	208
37	61	0	0	0	0	358.388	209
37	61	0	0	0	0	345.84	210
37	61	0	0	0	0	373.594	211
37	61	0	0	0	0	320.942	212
0	0	0	0	0	0	nan	213
0	0	0	0	0	0	nan	214
0	0	0	0	0	0	nan	215
0	0	0	0	0	0	nan	216
0	0	0	0	0	0	nan	217
0	0	0	0	0	0	nan	218
0	0	0	0	0	0	nan	219
0	0	0	0	0	0	nan	220
0	0	0	0	0	0	nan	221
0	0	0	0	0	0	nan	222
0	0	0	0	0	0	nan	223
0	0	0	0	0	0	nan	224
0	0	0	0	0	0	nan	225
0	0	0	0	0	0	nan	226
0	0	0	0	0	0	nan	227
0	0	0	0	0	0	nan	228
0	0	0	0	0	0	nan	229
0	0	0	0	0	0	nan	230
0	0	0	0	0	0	nan	231
0	0	0	0	0	0	nan	232
0	0	0	0	0	0	nan	233
0	0	0	0	0	0	nan	234
0	0	0	0	0	0	nan	235
0	0	0	0	0	0	nan	236
0	0	0	0	0	0	nan	237
0	0	0	0	0	0	nan	238
0	0	0	0	0	0	nan	239
0	0	0	0	0	0	nan	240
0	0	0	0	0	0	nan	241
0	0	0	0	0	0	nan	242
0	0	0	0	0	0	nan	243
0	0	0	0	0	0	nan	244
0	0	0	0	0	0	nan	245
0	0	0	0	0	0	nan	246
0	0	0	0	0	0	nan	247
0	0	0	0	0	0	nan	248
0	0	0	0	0	0	nan	249
0	0	0	0	0	0	nan	250
0	0	0	0	0	0	nan	251
0	0	0	0	0	0	nan	252
0	0	0	0	0	0	nan	253
0	0	0	0	0	0	nan	254
