unique_top_cov	unique_bot_cov	redundant_top_cov	redundant_bot_cov	raw_redundant_top_cov	raw_redundant_bot_cov	e_value	position
0	0	0	0	0	0	nan	1
0	0	0	0	0	0	nan	2
0	0	0	0	0	0	nan	3
0	0	0	0	0	0	nan	4
0	0	0	0	0	0	nan	5
0	0	0	0	0	0	nan	6
0	0	0	0	0	0	nan	7
0	0	0	0	0	0	nan	8
0	0	0	0	0	0	nan	9
0	0	0	0	0	0	nan	10
0	0	0	0	0	0	nan	11
0	0	0	0	0	0	nan	12
0	0	0	0	0	0	nan	13
0	0	0	0	0	0	nan	14
0	0	0	0	0	0	nan	15
0	0	0	0	0	0	nan	16
0	0	0	0	0	0	nan	17
0	0	0	0	0	0	nan	18
0	0	0	0	0	0	nan	19
0	0	0	0	0	0	nan	20
0	0	0	0	0	0	nan	21
0	0	0	0	0	0	nan	22
0	0	0	0	0	0	nan	23
1	9	0	0	0	0	28.9323	24
1	9	0	0	0	0	28.3602	25
1	9	0	0	0	0	33.1739	26
1	9	0	0	0	0	33.0099	27
1	9	0	0	0	0	31.1773	28
1	9	0	0	0	0	31.6547	29
1	10	0	0	0	0	32.6754	30
1	10	0	0	0	0	36.0066	31
1	10	0	0	0	0	35.1674	32
1	10	0	0	0	0	35.7535	33
1	10	0	0	0	0	35.2193	34
1	10	0	0	0	0	35.9774	35
1	10	0	0	0	0	36.8983	36
1	10	0	0	0	0	33.9271	37
1	10	0	0	0	0	33.5988	38
2	10	0	0	0	0	34.8794	39
2	10	0	0	0	0	39.352	40
2	10	0	0	0	0	33.1203	41
2	11	0	0	0	0	39.3971	42
2	11	0	0	0	0	41.6332	43
2	11	0	0.5	0	1	41.7811	44
2	11	0	0.5	0	1	39.5413	45
2	11	0	0.5	0	1	38.6335	46
2	11	0	0.5	0	1	42.3622	47
2	11	0	0.5	0	1	42.8363	48
2	11	0	0.5	0	1	42.8015	49
2	11	0	0.5	0	1	40.7598	50
2	11	0	0.5	0	1	42.7704	51
2	11	0	0.5	0	1	38.145	52
2	11	0	0.5	0	1	43.4302	53
3	11	0	0.5	0	1	39.2372	54
3	11	0	0.5	0	1	46.6848	55
3	11	0	0.5	0	1	45.4546	56
3	11	0	0.5	0	1	46.0593	57
3	11	0	0.5	0	1	44.3701	58
3	11	0	0.5	0	1	41.5467	59
3	11	0	0.5	0	1	45.2311	60
3	11	0	0.5	0	1	45.5359	61
3	12	0	0.5	0	1	45.1458	62
3	13	0	0.5	0	1	50.7629	63
3	13	0	0.5	0	1	56.9055	64
3	13	0	0.5	0	1	54.5201	65
3	14	0	0.5	0	1	53.9424	66
3	14	0	0.5	0	1	52.716	67
3	14	0	0.5	0	1	55.7515	68
3	14	0	0.5	0	1	54.1578	69
3	14	0	0.5	0	1	53.8834	70
3	14	0	0.5	0	1	59.7176	71
3	14	0	0.5	0	1	58.0714	72
4	14	0	0.5	0	1	60.5077	73
4	14	0	0.5	0	1	59.0811	74
4	14	0	0.5	0	1	53.6018	75
4	14	0	0.5	0	1	50.4809	76
4	14	0	0.5	0	1	62.3649	77
4	14	0	0.5	0	1	58.3175	78
4	14	0	0.5	0	1	60.2092	79
5	14	0	0.5	0	1	59.6191	80
5	14	0	0	0	0	62.0117	81
5	14	0	0	0	0	59.5976	82
5	14	0	0	0	0	55.3379	83
5	14	0	0	0	0	59.7214	84
5	14	0	0	0	0	64.499	85
5	14	0	0	0	0	58.5371	86
5	14	0	0	0	0	61.7782	87
5	14	0	0	0	0	64.3852	88
5	14	0	0	0	0	59.4321	89
5	14	0	0	0	0	61.7105	90
5	14	0	0	0	0	64.5488	91
5	14	0	0	0	0	65.4658	92
5	14	0	0	0	0	62.6339	93
5	14	0	0	0	0	64.6686	94
5	14	0	0	0	0	64.2717	95
6	14	0	0	0	0	63.5786	96
6	14	0	0	0	0	68.0274	97
6	14	0	0	0	0	64.2611	98
6	14	0	0	0	0	58.5895	99
6	14	0	0	0	0	62.1646	100
6	13	0	0	0	0	57.222	101
6	12	0	0	0	0	61.8511	102
6	12	0	0	0	0	60.5322	103
6	12	0	0	0	0	50.5649	104
6	12	0	0	0	0	63.6775	105
6	12	0	0	0	0	59.231	106
6	12	0	0	0	0	59.4272	107
6	12	0	0	0	0	47.9659	108
6	12	0	0	0	0	53.0321	109
6	12	0	0	0	0	53.6055	110
6	12	0	0	0	0	58.7024	111
6	12	0	0	0	0	61.0285	112
6	12	0	0	0	0	57.7196	113
6	12	0	0	0	0	63.517	114
6	12	0	0	0	0	61.9348	115
7	12	0	0	0	0	49.1859	116
7	12	0	0	0	0	62.1818	117
7	12	0	0	0	0	53.8811	118
7	11	0	0	0	0	62.1466	119
7	11	0	0	0	0	56.7796	120
7	10	0	0	0	0	57.042	121
7	10	0	0	0	0	55.8982	122
7	10	0	0	0	0	56.4845	123
7	10	0	0	0	0	58.031	124
7	10	0	0	0	0	60.0966	125
7	10	0	0	0	0	53.0744	126
7	10	0	0	0	0	53.1835	127
7	10	0	0	0	0	52.0857	128
7	10	0	0	0	0	56.9419	129
7	11	0	0	0	0	49.316	130
8	12	0	0	0	0	55.8848	131
8	12	0	0	0	0	63.4961	132
8	12	0	0	0	0	62.8078	133
8	12	0	0	0	0	63.2579	134
8	12	0	0	0	0	65.1627	135
8	12	0	0	0	0	58.3977	136
8	12	0	0	0	0	64.4891	137
7	12	0	0	0	0	57.5457	138
7	12	0	0	0	0	54.2307	139
7	11	0	0	0	0	60.2331	140
7	11	0	0	0	0	60.1143	141
7	11	0	0	0	0	61.7781	142
7	11	0	0	0	0	62.0643	143
8	11	0	0	0	0	62.0933	144
8	11	0	0	0	0	60.8004	145
8	11	0	0	0	0	62.0752	146
8	11	0	0	0	0	60.2282	147
8	11	0	0	0	0	54.6173	148
9	11	0	0	0	0	65.8765	149
9	11	0	0	0	0	61.4778	150
9	10	0	0	0	0	61.8761	151
10	10	0	0	0	0	61.672	152
10	10	0	0	0	0	61.3744	153
10	10	0	0	0	0	56.7928	154
10	9	0	0	0	0	61.6436	155
11	9	0	0	0	0	63.1876	156
12	9	0	0	0	0	67.1666	157
12	9	0	0	0	0	73.623	158
12	9	0	0	0	0	69.1051	159
12	8	0	0	0	0	67.3001	160
12	8	0	0	0	0	63.9369	161
12	8	0	0	0	0	65.0377	162
12	8	0	0	0	0	64.1758	163
12	8	0	0	0	0	55.4943	164
12	7	0	0	0	0	50.7985	165
12	6	0	0	0	0	53.48	166
12	6	0	0	0	0	56.0152	167
12	5	0	0	0	0	56.7329	168
12	5	0	0	0	0	58.133	169
12	5	0	0	0	0	54.9592	170
13	5	0	0	0	0	56.0134	171
13	5	0	0	0	0	55.2941	172
14	5	0	0	0	0	57.2602	173
14	5	0	0	0	0	60.941	174
14	5	0	0	0	0	60.4462	175
13	5	0	0	0	0	60.2727	176
13	5	0	0	0	0	43.384	177
13	5	0	0	0	0	56.2908	178
13	5	0	0	0	0	53.7412	179
13	4	0	0	0	0	52.7676	180
13	4	0	0	0	0	52.3298	181
13	4	0	0	0	0	49.5737	182
13	4	0	0	0	0	58.3552	183
13	4	0	0	0	0	57.0527	184
13	5	0	0	0	0	55.7172	185
14	5	0	0	0	0	57.3004	186
14	5	0	0	0	0	66.8127	187
14	5	0	0	0	0	61.4854	188
13	5	0	0	0	0	54.4773	189
13	5	0	0	0	0	57.0989	190
13	5	0	0	0	0	52.8008	191
13	4	0	0	0	0	57.3132	192
13	4	0	0	0	0	59.8497	193
13	4	0	0	0	0	57.3412	194
13	4	0	0	0	0	58.0585	195
13	4	0	0	0	0	57.9428	196
13	4	0	0	0	0	53.3612	197
13	4	0	0	0	0	57.3132	198
13	4	0	0	0	0	54.2838	199
13	3	0	0	0	0	53.4185	200
13	3	0	0	0	0	50.5656	201
13	3	0	0	0	0	54.1992	202
13	3	0	0	0	0	54.6531	203
13	3	0	0	0	0	54.3498	204
13	3	0	0	0	0	54.2821	205
13	4	0	0	0	0	55.4747	206
13	4	0	0	0	0	57.8746	207
13	5	0	0.75	0	3	58.4678	208
13	6	0	0.75	0	3	60.3572	209
13	7	0	0.75	0	3	56.8307	210
13	7	0	0.75	0	3	56.7007	211
13	7	0	0.75	0	3	61.8395	212
13	7	0	0.75	0	3	58.8081	213
13	7	0.5	0.75	2	3	65.999	214
13	7	0.5	0.75	2	3	63.8228	215
13	7	0.5	0.75	2	3	60.706	216
10	7	0.5	0.75	2	3	52.7316	217
10	7	0.5	0.75	2	3	50.5544	218
9	7	0.5	0.75	2	3	49.1351	219
9	7	0.5	0.75	2	3	51.8113	220
10	7	0.5	0.75	2	3	50.58	221
10	7	0.5	0.75	2	3	49.4593	222
9	7	0.5	0.75	2	3	50.6527	223
8	7	0.5	0.75	2	3	45.5988	224
8	7	0.5	0.75	2	3	45.0151	225
8	7	0.5	0.75	2	3	45.4889	226
8	7	0.5	0.75	2	3	50.6527	227
9	7	0.5	0.75	2	3	48.8976	228
9	7	0.5	0.75	2	3	48.4283	229
8	7	0.5	0.75	2	3	45.5472	230
8	7	0.5	0.75	2	3	50.3446	231
8	7	0.5	0.75	2	3	50.254	232
8	7	0.5	0.75	2	3	52.8272	233
8	7	0.5	0.75	2	3	44.5761	234
8	7	0.5	0.75	2	3	52.327	235
8	8	0.5	0.75	2	3	48.7553	236
8	8	0.5	0.75	2	3	56.747	237
8	8	0.5	0.75	2	3	52.3437	238
8	8	0.5	0.75	2	3	52.4178	239
9	8	0.5	0.75	2	3	55.548	240
9	8	0.5	0.75	2	3	54.4248	241
9	8	0.5	0.75	2	3	58.9454	242
9	8	0.5	0.75	2	3	59.8277	243
9	8	0.5	0.5	2	2	59.3965	244
9	8	0.5	0.5	2	2	54.9128	245
9	8	0.5	0.5	2	2	58.4164	246
9	8	0.5	0.5	2	2	60.0549	247
9	8	0.5	0.5	2	2	57.9762	248
9	8	0.5	0.5	2	2	60.3895	249
9	8	0.5	0.25	2	1	43.2	250
10	8	0.5	0.25	2	1	60.0781	251
10	8	0.5	0.25	2	1	60.3452	252
10	8	0.5	0.25	2	1	56.8038	253
9	8	0.5	0.25	2	1	57.1111	254
9	9	0.5	0.25	2	1	59.3594	255
10	9	0.5	0.25	2	1	42.5995	256
10	9	0.5	0	2	0	64.0403	257
9	9	0.5	0	2	0	56.7485	258
9	9	0.5	0	2	0	59.689	259
9	9	0.25	0	1	0	51.6669	260
9	10	0.25	0	1	0	63.9408	261
9	10	0.25	0	1	0	59.7915	262
9	10	0.25	0	1	0	60.2554	263
10	10	0	0	0	0	59.9749	264
10	10	0	0	0	0	68.3104	265
10	10	0	0	0	0	67.199	266
10	10	0	0	0	0	68.4316	267
10	10	0	0	0	0	67.3145	268
10	9	0	0	0	0	67.3055	269
11	9	0	0	0	0	64.5148	270
11	9	0	0	0	0	62.1661	271
11	9	0	0	0	0	60.0755	272
11	9	0	0	0	0	57.0811	273
11	9	0	0	0	0	60.1532	274
11	9	0	0	0	0	67.7686	275
11	9	0	0	0	0	60.3188	276
11	9	0	0	0	0	67.2064	277
10	9	0	0	0	0	65.7259	278
10	9	0	0	0	0	64.424	279
10	8	0	0	0	0	54.5861	280
10	8	0	0	0	0	58.4069	281
10	8	0	0	0	0	63.861	282
10	8	0	0	0	0	64.2728	283
10	8	0	0	0	0	57.2277	284
11	8	0	0	0	0	62.8279	285
11	8	0	0	0	0	65.3912	286
11	9	0	0	0	0	67.0545	287
11	9	0	0	0	0	68.4863	288
11	9	0	0	0	0	66.2574	289
11	10	0	0	0	0	69.547	290
11	10	0	0	0	0	68.0381	291
11	10	0	0	0	0	66.3896	292
11	11	0	0	0	0	70.6397	293
10	11	0	0	0	0	58.5319	294
10	11	0	0	0	0	72.0104	295
9	11	0	0	0	0	69.469	296
10	11	0	0	0	0	71.4744	297
10	11	0	0	0	0	71.7076	298
9	11	0	0	0	0	66.4881	299
9	11	0	0	0	0	69.4888	300
9	11	0	0	0	0	53.53	301
9	11	0	0	0	0	64.008	302
9	12	0	0	0	0	57.3444	303
9	12	0	0	0	0	56.2891	304
9	12	0	0	0	0	63.8869	305
7	12	0	0	0	0	60.9425	306
7	12	0	0	0	0	60.9957	307
7	13	0	0	0	0	64.1348	308
7	13	0	0	0	0	64.6934	309
7	14	0	0	0	0	55.5804	310
7	14	0	0	0	0	68.0292	311
7	14	0	0	0	0	67.0154	312
6	14	0	0	0	0	60.6857	313
6	14	0	0	0	0	68.7828	314
6	14	0	0	0	0	72.0323	315
6	14	0	0	0	0	44.6246	316
6	14	0	0	0	0	47.1331	317
6	15	0	0	0	0	65.4418	318
6	15	0	0	0	0	71.9901	319
6	15	0	0	0	0	63.3878	320
6	15	0	0	0	0	66.0221	321
6	15	0	0	0	0	40.8459	322
5	15	0	0	0	0	62.3465	323
5	15	0	0	0	0	62.474	324
5	14	0	0	0	0	64.3723	325
6	14	0	0	0	0	57.9726	326
6	15	0	0	0	0	56.1229	327
6	15	0	0	0	0	52.4133	328
6	15	0	0	0	0	56.1053	329
6	13	0	0	0	0	40.6803	330
6	13	0	0	0	0	55.3149	331
6	13	0	0	0	0	54.7189	332
6	13	0	0	0	0	58.3543	333
6	13	0	0	0	0	61.1351	334
6	12	0	0	0	0	44.3824	335
6	13	0	0	0	0	60.4964	336
6	13	0	0	0	0	64.1667	337
6	13	0	0	0	0	48.0776	338
6	12	0	0	0	0	53.3214	339
6	12	0	0.333333	0	1	59.5914	340
6	12	0	0.333333	0	1	53.8795	341
5	12	0	0.333333	0	1	56.449	342
5	12	0	0.333333	0	1	45.7971	343
4	11	0	0.333333	0	1	42.8278	344
3	11	0	0.333333	0	1	47.8578	345
3	11	0	0.333333	0	1	38.2812	346
3	11	0	0.333333	0	1	47.8594	347
3	11	0	0.333333	0	1	40.3451	348
3	11	0	0.333333	0	1	44.049	349
3	10	0	0.333333	0	1	31.5915	350
3	10	0	0.333333	0	1	39.2467	351
3	10	0	0.333333	0	1	39.4156	352
3	10	0	0.333333	0	1	39.9065	353
3	10	0	0.333333	0	1	39.7389	354
3	10	0	0.333333	0	1	39.5324	355
3	10	0	0.333333	0	1	42.554	356
3	10	0	0.333333	0	1	43.3486	357
3	10	0	0.333333	0	1	42.7732	358
3	10	0	0.333333	0	1	42.7219	359
3	10	0	0.333333	0	1	42.7283	360
3	10	0	0.333333	0	1	38.8893	361
3	10	0	0.333333	0	1	41.5236	362
3	10	0	0.333333	0	1	38.47	363
3	10	0	0.333333	0	1	42.4624	364
3	10	0	0.333333	0	1	43.5664	365
3	10	0	0.333333	0	1	37.4542	366
3	10	0	0.333333	0	1	40.1942	367
3	10	0	0.333333	0	1	37.0594	368
3	10	0	0.333333	0	1	30.1485	369
3	9	0	0.333333	0	1	37.3763	370
3	9	0	0.333333	0	1	34.358	371
3	9	0	0.333333	0	1	34.4255	372
3	9	0	0.333333	0	1	39.0248	373
3	9	0	0.333333	0	1	40.5851	374
3	9	0	0.333333	0	1	35.2171	375
3	9	0	0.333333	0	1	34.5874	376
3	8	0	0.333333	0	1	34.8529	377
3	8	0	0.333333	0	1	33.7014	378
3	8	0	0	0	0	33.2582	379
3	8	0	0	0	0	29.0821	380
3	8	0	0	0	0	18.2238	381
2	8	0	0	0	0	31.5652	382
2	8	0	0	0	0	25.3951	383
2	7	0	0	0	0	28.0601	384
2	7	0	0	0	0	22.5099	385
2	6	0	0	0	0	23.8587	386
2	6	0	0	0	0	20.9606	387
2	6	0	0	0	0	22.4437	388
2	6	0	0	0	0	21.4341	389
2	6	0	0	0	0	14.0903	390
2	6	0	0	0	0	22.843	391
2	6	0	0	0	0	19.899	392
1	6	0	0	0	0	20.7938	393
1	6	0	0	0	0	19.7043	394
1	6	0	0	0	0	21.1699	395
1	6	0	0	0	0	20.0221	396
1	6	0	0	0	0	20.6487	397
1	6	0	0	0	0	19.2171	398
1	6	0	0	0	0	19.736	399
1	6	0	0	0	0	21.1699	400
1	6	0	0	0	0	21.3267	401
1	6	0	0	0	0	20.1619	402
1	6	0	0	0	0	20.1619	403
1	6	0	0	0	0	20.1619	404
1	6	0	0	0	0	17.846	405
1	6	0	0	0	0	21.3267	406
1	6	0	0	0	0	20.319	407
1	6	0	0	0	0	20.1658	408
1	6	0	0	0	0	18.8942	409
1	6	0	0	0	0	21.1082	410
1	6	0	0	0	0	21.2266	411
1	6	0	0	0	0	21.2266	412
1	6	0	0	0	0	19.6999	413
1	6	0	0	0	0	18.6321	414
0	0	0	0	0	0	nan	415
