unique_top_cov	unique_bot_cov	redundant_top_cov	redundant_bot_cov	raw_redundant_top_cov	raw_redundant_bot_cov	e_value	position
44	61	0.333333	2.16667	1	6	nan	1
50	91	1	3.83333	3	11	357.62	2
52	102	1	4.5	3	13	354.299	3
56	102	1	4.83333	3	14	524.169	4
58	102	1.66667	5.5	5	16	505.665	5
68	102	1.66667	5.5	5	16	537.724	6
76	103	2	5.83333	6	17	591.205	7
80	104	2.33333	5.83333	7	17	571.715	8
85	109	3	6.16667	9	18	662.908	9
88	109	4	6.16667	12	18	700.405	10
95	111	4	6.16667	12	18	693.698	11
95	129	4	6.83333	12	20	674.366	12
110	177	4.33333	10.1667	13	30	759.529	13
113	186	5	10.1667	15	30	797.15	14
114	187	5	10.1667	15	30	936.288	15
127	189	5.33333	10.5	16	31	1002.16	16
144	198	6.66667	10.8333	20	32	1087.52	17
154	198	7.33333	11.1667	22	33	948.377	18
165	201	8.33333	11.5	25	34	1119.33	19
192	204	8.66667	11.8333	26	35	1275.49	20
196	205	9	11.8333	27	35	1430.85	21
201	206	9	12.5	27	37	1408.22	22
201	213	9	12.8333	27	38	1474.49	23
207	220	9.66667	12.8333	29	38	1355.06	24
219	240	9.66667	15.5	29	46	1503.2	25
227	243	9.66667	15.5	29	46	1610.58	26
238	245	10	15.8333	30	47	1678.45	27
248	247	10	15.8333	30	47	1714.91	28
259	247	10	15.8333	30	47	1777.24	29
270	249	10	16.1667	30	48	1735.21	30
292	249	10.3333	16.5	31	49	1690.83	31
307	255	10.3333	16.8333	31	50	2024.9	32
319	257	11	17.1667	33	51	2038.52	33
331	258	11	17.1667	33	51	2019.2	34
338	260	11.6667	17.1667	35	51	2137.71	35
345	260	11.6667	17.1667	35	51	2082.48	36
352	264	11.6667	17.1667	35	51	2167.69	37
357	265	11.6667	17	35	51	2249.25	38
369	266	11.6667	17	35	51	2221.86	39
375	272	12	17	36	51	2331.08	40
378	278	11.6667	16.6667	35	50	2279.44	41
387	282	11.6667	16.6667	35	50	2314.23	42
392	283	11.6667	16.3333	35	49	2442.56	43
396	284	11.6667	15.6667	35	47	2469.31	44
397	287	11.6667	15.6667	35	47	2445.29	45
399	287	11.6667	15.6667	35	47	2452.88	46
405	288	11.6667	15.6667	35	47	2475.83	47
408	288	11.6667	15.6667	35	47	2480.21	48
410	288	11.6667	15.6667	35	47	2521.37	49
414	290	11.3333	15.6667	34	47	2570.29	50
422	291	11.3333	15.6667	34	47	2566.71	51
425	338	11.3333	15.6667	34	47	2172.86	52
433	341	11.3333	15.3333	34	46	2687.41	53
435	347	11.3333	15.3333	34	46	2440.47	54
452	368	11.3333	15	34	45	2739.14	55
458	369	11.3333	13.6667	34	41	2762.3	56
465	422	11.3333	13.3333	34	40	2919.32	57
470	423	11.3333	13.3333	34	40	3011.14	58
473	424	11.3333	13.3333	34	40	3090.03	59
490	427	11	13.3333	33	40	3327.98	60
496	427	7	13	21	39	3353.37	61
499	430	6.66667	11.6667	20	35	3369.14	62
505	430	6.33333	10.6667	19	32	3456.89	63
510	437	5.66667	10	17	30	3199.62	64
519	442	5.66667	9.33333	17	28	3490.04	65
528	445	5.66667	9.33333	17	28	3540.09	66
533	451	5.66667	7.66667	17	23	3432.52	67
541	452	5.33333	7.33333	16	22	3406.97	68
557	459	5.33333	6.33333	16	19	3509.14	69
567	486	5	5.66667	15	17	3770.29	70
573	486	3.33333	4.66667	10	14	3506.09	71
584	488	3	4.66667	9	14	4050.39	72
593	489	3	3	9	9	3825.26	73
604	491	3	2	9	6	3913.76	74
613	493	2.33333	1.66667	7	5	4149.44	75
618	493	1.33333	1.66667	4	5	3705.73	76
630	495	1	1.66667	3	5	3840.81	77
641	497	0	0	0	0	4129.17	78
634	496	0	0	0	0	3993.82	79
647	497	0	0	0	0	3859.75	80
656	497	0	0	0	0	4046.67	81
667	496	0	0	0	0	4208.44	82
673	503	0	0	0	0	3942.53	83
685	505	0	0	0	0	3956.58	84
690	503	0	0	0	0	4225.71	85
695	508	0	0	0	0	4334.95	86
699	505	0	0	0	0	4317.6	87
702	506	0	0	0	0	4262.95	88
708	508	0	0	0	0	4307.47	89
711	506	0	0	0	0	4397.95	90
725	507	0	0	0	0	4471.37	91
728	505	0	0	0	0	4450.85	92
731	516	0	0	0	0	4406.92	93
735	518	0	0	0	0	4520.06	94
737	520	0	0	0	0	4442.98	95
747	558	0	0	0	0	4525.85	96
753	558	0	0	0	0	4588.05	97
762	553	0	0	0	0	4677.45	98
775	554	0	0	0	0	4719.8	99
779	550	0	0	0	0	4591.7	100
786	549	0	0	0	0	4577.17	101
764	550	0	0	0	0	4743.6	102
757	545	0	0	0	0	4661.92	103
765	560	0	0	0	0	4780.8	104
756	562	0	0	0	0	4521.52	105
767	581	0	0	0	0	4717.97	106
773	583	0	0	0	0	5013	107
774	578	0	0	0	0	4999.25	108
778	584	0	0	0	0	4888.63	109
775	582	0	0	0	0	4846.05	110
784	636	0	0	0	0	5130.72	111
777	629	0	0	0	0	4849.19	112
779	638	0	0	0	0	4637.36	113
799	639	0	0	0	0	5353.99	114
806	640	0	0	0	0	5285.03	115
817	644	0	0	0	0	5481.31	116
817	643	0	0	0	0	5109.57	117
821	650	0	0	0	0	5355.6	118
823	648	0	0	0	0	4985.72	119
796	643	0	0	0	0	5272.18	120
800	640	0	0	0	0	5182.06	121
806	637	0	0	0	0	5186.05	122
810	662	0	0	0	0	5462.15	123
813	658	0	0	0	0	5366.15	124
811	659	0	0	0	0	5446.78	125
823	655	0	0	0	0	5296.69	126
825	652	0	0	0	0	5203.3	127
825	649	0	0	0	0	5013.42	128
834	640	0	0	0	0	5015.43	129
840	645	0	0	0	0	5517.53	130
844	648	0	0	0	0	5353.19	131
838	640	0	0	0	0	5324.78	132
851	641	0	0	0	0	5521	133
857	633	0	0	0	0	5283.54	134
860	631	0	0	0	0	5441.82	135
864	632	0	0	0	0	5259.13	136
865	633	0	0	0	0	5297.42	137
883	635	0	0	0	0	5582.11	138
862	630	0	0	0	0	5356.58	139
871	628	0	0	0	0	5346.86	140
873	625	0	0	0	0	5398.07	141
878	621	0	0	0	0	5269.78	142
880	614	0	0	0	0	5418.11	143
887	613	0	0	0	0	5658.4	144
875	605	0	0	0	0	5161.92	145
872	601	0	0	0	0	5184.06	146
875	610	0	0	0	0	5219.37	147
881	629	0	0	0	0	5663.29	148
885	621	0	0	0	0	5501.95	149
887	618	0	0	0	0	5427.74	150
895	601	0	0	0	0	5300.76	151
895	590	0	0	0	0	5120.98	152
896	578	0	0	0	0	5199.87	153
898	578	0	0	0	0	5389.62	154
909	576	0	0	0	0	5284.69	155
896	575	0	0	0	0	5437.83	156
880	576	0	0	0	0	5160.5	157
882	627	0	0	0	0	5458.21	158
883	697	0	0	0	0	5472.6	159
891	709	0	0	0	0	5435.66	160
908	780	0	0	0	0	5886.79	161
910	774	0	0	0	0	5957.5	162
902	750	0	0	0	0	5822.67	163
908	745	0	0	0	0	5789.84	164
912	745	0	0	0	0	5887.38	165
889	750	0	0	0	0	4875.35	166
887	751	0	0	0	0	5270.92	167
754	749	0	0	0	0	4888.93	168
749	750	0	0	0	0	5097.71	169
705	745	0	0	0	0	5167.28	170
708	746	0	0	0	0	5099.61	171
709	769	0	0	0	0	5113.39	172
715	770	0	0	0	0	5205.5	173
716	771	0	0	0	0	5531.11	174
713	767	0	0	0	0	4819.99	175
723	767	0	0	0	0	4959.55	176
739	764	0	0	0	0	5417.55	177
748	777	0	0	0	0	5555.66	178
754	779	0	0	0	0	5407.52	179
754	777	0	0	0	0	5395.82	180
663	770	0	0	0	0	5136.61	181
667	766	0	0	0	0	5214.66	182
648	762	0	0	0	0	4908.96	183
665	784	0	0	0	0	5299.01	184
671	794	0	0	0	0	5021.76	185
676	812	0	0	0	0	5584.94	186
674	805	0	0	0	0	5363	187
676	801	0	0	0	0	5418.11	188
679	795	0	0	0	0	5267.1	189
681	790	0	0	0	0	5295.71	190
682	809	0	0	0	0	5077	191
677	810	0	0	0	0	5433.1	192
659	810	0	0	0	0	5472.45	193
651	803	0	0	0	0	5193.15	194
649	801	0	0	0	0	5188.87	195
654	798	0	0	0	0	5333.64	196
658	792	0	0	0	0	5313.76	197
658	791	0	0	0	0	5457.53	198
655	790	0	0	0	0	4650.07	199
632	817	0	0	0	0	4736.21	200
632	820	0	0	0	0	5122.07	201
639	805	0	0	0	0	4694.93	202
647	808	0	0	0	0	4860.85	203
656	808	0	0	0	0	5113.92	204
661	790	0	0	0	0	4753.74	205
663	779	0	0	0	0	4845.05	206
658	759	0	0	0	0	4767.62	207
659	775	0	0	0	0	5483.57	208
654	774	0	0	0	0	5198.58	209
652	780	0	0	0	0	5369.31	210
655	778	0	0	0	0	5482.22	211
657	770	0	0	0	0	5009.83	212
665	783	0	0	0	0	5079.64	213
668	786	0	0	0	0	5402.48	214
672	786	0	0	0	0	4910.12	215
677	788	0	0	0	0	5498.91	216
666	783	0	0	0	0	5123.32	217
674	773	0	0	0	0	4918.33	218
648	756	0	0	0	0	4349.24	219
652	753	0	0	0	0	5277.72	220
661	753	0	0	0	0	5034.36	221
666	755	0	0	0	0	5237.85	222
672	768	0	0	0	0	5376.68	223
669	767	0	0	0	0	4873.68	224
669	763	0	0	0	0	5084.78	225
672	762	0	0	0	0	5223.26	226
674	763	0	0	0	0	5265.65	227
679	773	0	0	0	0	5503.15	228
674	768	0	0	0	0	5195	229
669	769	0	0	0	0	5194.92	230
671	773	0	0	0	0	5078.35	231
660	837	0	0	0	0	4995.24	232
662	881	0	0	0	0	5582.43	233
661	882	0	0	0	0	5700.71	234
662	881	0	0	0	0	5609.56	235
664	869	0	0	0	0	5457.2	236
654	869	0	0	0	0	5607.34	237
657	876	0	0	0	0	5675.71	238
659	873	0	0	0	0	5322.42	239
659	870	0	0	0	0	5438.83	240
601	865	0	0	0	0	4991.83	241
596	857	0	0	0	0	5428.42	242
595	854	0	0	0	0	5389.66	243
594	849	0	0	0	0	4922.59	244
593	853	0	0	0	0	4702.51	245
595	841	0	0	0	0	5013.08	246
581	862	0	0	0	0	4681.55	247
587	852	0	0	0	0	5051.15	248
552	845	0	0	0	0	4637.73	249
555	847	0	0	0	0	5035.25	250
529	839	0	0	0	0	4558.22	251
548	835	0	0	0	0	5047.71	252
547	818	0	0	0	0	4726.09	253
550	810	0	0	0	0	4987.59	254
549	807	0	0	0	0	5201.24	255
549	797	0	0	0	0	4077.99	256
559	793	0	0	0	0	4458.88	257
562	792	0	0	0	0	4667.02	258
571	787	0	0	0	0	4807.23	259
575	783	0	0	0	0	4761.05	260
581	773	0	0	0	0	4790.51	261
589	764	0	0	0	0	4790.48	262
592	761	0	0	0	0	4989.09	263
584	756	0	0	0	0	4983.24	264
568	756	0	0	0	0	4766.17	265
568	743	0	0	0	0	4545.36	266
571	744	0	0	0	0	4239.94	267
574	747	0	0	0	0	4938.83	268
575	753	0	0	0	0	4907.27	269
579	749	0	0	0	0	4777.04	270
595	740	0	0	0	0	4778.66	271
597	737	0	0	0	0	4630.02	272
601	721	0	0	0	0	4631.16	273
601	751	0	0	0	0	4630.75	274
603	753	0	0	0	0	4773.46	275
594	744	0	0	0	0	4868.56	276
601	739	0	0	0	0	4752.95	277
594	733	0	0	0	0	4689.15	278
599	768	0	0	0	0	4764.84	279
604	838	0	0	0	0	4983.55	280
601	849	0	0	0	0	4985.99	281
596	846	0	0	0	0	4663.04	282
597	841	0	0	0	0	5163.3	283
604	837	0	0	0	0	5173.11	284
613	830	0	0	0	0	4947.32	285
613	820	0	0	0	0	4680.33	286
620	821	0	0	0	0	5135.58	287
590	839	0	0	0	0	4962.05	288
568	836	0	0	0	0	4884.69	289
560	834	0	0	0	0	5001.69	290
564	832	0	0	0	0	5104.87	291
564	826	0	0	0	0	4971.92	292
566	835	0	0	0	0	5195.16	293
565	834	0	0	0	0	4971.83	294
565	826	0	0	0	0	4838.25	295
564	829	0	0	0	0	4015.81	296
551	830	0	0	0	0	5017.79	297
551	818	0	0	0	0	5082.15	298
557	807	0	0	0	0	4572.89	299
562	798	0	0	0	0	4770.92	300
568	794	0	0	0	0	4917.91	301
566	805	0	0	0	0	4982.25	302
572	799	0	0	0	0	5043.08	303
572	793	0	0	0	0	4573.63	304
574	793	0	0	0	0	4951.47	305
582	792	0	0	0	0	5055.59	306
584	845	0	0	0	0	4726.43	307
591	835	0	0	0	0	4977.55	308
596	819	0	0	0	0	5079.73	309
601	831	0	0	0	0	5165.66	310
582	816	0	0	0	0	4991.78	311
611	833	0	0	0	0	4610.46	312
613	829	0	0	0	0	4612.79	313
608	826	0	0	0	0	4654.98	314
597	821	0	0	0	0	4681.36	315
547	813	0	0	0	0	4466.56	316
548	806	0	0	0	0	4608.1	317
555	801	0	0	0	0	4933	318
554	793	0	0	0	0	4842.26	319
553	790	0	0	0	0	4753.07	320
550	788	0	0	0	0	4897.86	321
554	777	0	0	0	0	4619.78	322
558	775	0	0	0	0	4812	323
564	773	0	0	0	0	4834.73	324
571	771	0	0	0	0	4825.04	325
577	773	0	0	0	0	4791.44	326
583	773	0	0	0	0	4725.45	327
595	758	0	0	0	0	4736.02	328
600	753	0	0	0	0	4737.42	329
604	756	0	0	0	0	4731.22	330
607	752	0	0	0	0	4849.18	331
610	765	0	0	0	0	4951	332
616	765	0	0	0	0	4946.91	333
616	761	0	0	0	0	4965.24	334
618	763	0	0	0	0	4974.92	335
617	762	0	0	0	0	4858.29	336
618	767	0	0	0	0	5188.51	337
621	771	0	0	0	0	5050.53	338
623	768	0	0	0	0	5016.29	339
625	765	0	0	0	0	5156.4	340
613	756	0	0	0	0	4959.23	341
616	751	0	0	0	0	4754.32	342
617	761	0	0	0	0	5056.05	343
621	769	0	0	0	0	5193.87	344
619	761	0	0	0	0	4481.72	345
618	761	0	0	0	0	4702.45	346
624	761	0	0	0	0	4862.3	347
632	757	0	0	0	0	5106.46	348
629	747	0	0	0	0	4572.66	349
637	744	0	0	0	0	4947.22	350
641	740	0	0	0	0	4797.14	351
625	737	0	0	0	0	4867.61	352
614	730	0	0	0	0	4851.93	353
611	731	0	0	0	0	4657.92	354
613	727	0	0	0	0	4779.55	355
616	726	0	0	0	0	4667.64	356
610	726	0	0	0	0	4788.01	357
614	720	0	0	0	0	4828.31	358
611	712	0	0	0	0	4546.51	359
616	706	0	0	0	0	4763.52	360
619	708	0	0	0	0	4777.84	361
620	717	0	0	0	0	4803.31	362
618	707	0	0	0	0	4868.44	363
620	701	0	0	0	0	4594.81	364
621	697	0	0	0	0	4849.27	365
619	691	0	0	0	0	4554.41	366
620	689	0	0	0	0	4643.68	367
620	686	0	0	0	0	4587.73	368
624	682	0	0	0	0	4589.71	369
625	675	0	0	0	0	4515.84	370
620	670	0	0	0	0	4608.36	371
610	669	0	0	0	0	4669.25	372
605	662	0	0	0	0	4151.5	373
610	656	0	0	0	0	4406.68	374
610	654	0	0	0	0	4500.73	375
614	653	0	0	0	0	4524.8	376
617	652	0	0	0	0	4557.96	377
618	642	0	0	0	0	4454.47	378
618	633	0	0	0	0	4491.94	379
613	632	0	0	0	0	4120.22	380
613	623	0	0	0	0	4137.48	381
613	597	0	0	0	0	4164.1	382
614	579	0	0	0	0	4100.03	383
614	573	0	0	0	0	4121.09	384
615	565	0	0	0	0	4137.66	385
615	562	0	0	0	0	4119.75	386
616	556	0	0	0	0	4089.22	387
614	546	0	0	0	0	4101.09	388
613	547	0	0	0	0	3975.73	389
615	539	0	0	0	0	4150.55	390
615	528	0	0	0	0	4016.32	391
614	515	0	0	0	0	3896.16	392
613	511	0	0	0	0	3836.53	393
613	506	0.666667	0	2	0	3934.02	394
612	497	1.33333	1.33333	4	4	3976.32	395
611	492	2	1.33333	6	4	3990.16	396
608	489	2.66667	1.33333	8	4	3970.03	397
603	479	2.66667	2	8	6	3915.31	398
602	476	3.33333	2.66667	10	8	4032.43	399
602	470	4	4.33333	12	13	3926.73	400
600	465	5.33333	4.33333	16	13	3848.95	401
588	456	5.66667	4.33333	17	13	3469.17	402
587	449	5.66667	4.66667	17	14	3757.26	403
556	444	6.33333	4.66667	19	14	3377.11	404
556	442	6.33333	5.33333	19	16	3435.34	405
551	437	6.33333	5.33333	19	16	3292	406
522	430	6.66667	6	20	18	3325.28	407
521	426	6.66667	6	20	18	3431.4	408
501	412	6.66667	6	20	18	2911.78	409
498	405	7.33333	6.33333	22	19	2983.37	410
491	399	7.66667	6.33333	23	19	3079.11	411
470	385	7.66667	8	23	24	3037.93	412
468	364	7.66667	8	23	24	2755.16	413
453	349	8	8	24	24	2702.04	414
448	340	8.33333	8.33333	25	25	2632.83	415
445	334	8.33333	8.33333	25	25	2659.19	416
436	324	8.33333	8.66667	25	26	2621.35	417
433	319	8.66667	11.6667	26	35	2594.58	418
427	305	9	11.6667	27	35	2525.59	419
417	298	9	12	27	36	2382.21	420
372	284	9	12	27	36	2283.23	421
366	281	9.66667	12	29	36	2299.85	422
363	269	9.66667	12	29	36	2161.21	423
353	242	10	12	30	36	2077.39	424
348	230	10	12	30	36	1915.29	425
348	229	10	12.3333	30	37	1840	426
305	222	10	12.3333	30	37	1773.1	427
303	220	10	12.3333	30	37	1812.87	428
295	208	10.3333	12.3333	31	37	1716.38	429
294	196	10.3333	12.3333	31	37	1644.84	430
293	190	10.6667	12	32	36	1805.33	431
293	186	10.6667	12.3333	32	37	1737.49	432
291	184	10.6667	12.3333	32	37	1668.28	433
290	179	10.6667	12	32	36	1617.69	434
276	178	10.6667	12	32	36	1525.53	435
274	174	10.6667	11.6667	32	35	1508.17	436
262	173	10.6667	11.6667	32	35	1471.64	437
259	162	10.3333	11.6667	31	35	1204.41	438
221	161	10	11	30	33	1215.65	439
207	156	9.66667	10.3333	29	31	1197.36	440
204	148	9.66667	10.3333	29	31	1123.66	441
202	146	9.33333	10.3333	28	31	1188.07	442
202	144	9.33333	10.3333	28	31	1205.88	443
201	135	9	10	27	30	1152.3	444
200	131	9	10	27	30	1149.44	445
189	126	8.33333	10	25	30	1097.37	446
188	121	8.33333	10	25	30	1077.3	447
188	118	8.33333	9.66667	25	29	1038.46	448
187	116	8.33333	9.66667	25	29	1060.1	449
183	106	8.33333	9.66667	25	29	947.358	450
182	104	8	9.66667	24	29	911.222	451
177	97	7.66667	9.33333	23	28	934.17	452
168	95	7.33333	9.33333	22	28	928.164	453
165	91	7.33333	9	22	27	910.068	454
162	86	7.33333	8	22	24	725.801	455
156	84	7	7.66667	21	23	773.532	456
155	61	6.66667	7	20	21	742.093	457
155	60	6.66667	6	20	18	721.699	458
153	59	6.66667	5.33333	20	16	688.165	459
151	52	6.66667	5.33333	20	16	665.665	460
143	49	5.66667	5	17	15	431.449	461
84	44	1.66667	4.33333	5	13	422.863	462
80	38	1.66667	4	5	12	400.594	463
80	35	1.66667	3.66667	5	11	404.041	464
79	34	1.66667	3	5	9	407.644	465
79	33	1.33333	2.66667	4	8	377.133	466
79	30	1	2	3	6	346.404	467
72	28	0.333333	1.33333	1	4	363.615	468
71	28	0	1.33333	0	4	nan	469
