unique_top_cov	unique_bot_cov	redundant_top_cov	redundant_bot_cov	raw_redundant_top_cov	raw_redundant_bot_cov	e_value	position
5	10	0.333333	0.333333	1	1	nan	1
6	11	0.333333	0.333333	1	1	37.6365	2
6	12	0.666667	0.333333	2	1	38.6052	3
6	12	0.666667	0.333333	2	1	54.9734	4
6	18	0.666667	0.333333	2	1	54.1229	5
6	18	1	0.333333	3	1	50.5463	6
8	22	1	1	3	3	74.6504	7
9	22	1	1	3	3	94.1388	8
12	22	1	1.33333	3	4	102.414	9
12	25	1	1.33333	3	4	112.17	10
12	30	1	1.66667	3	5	122.951	11
12	30	1	1.66667	3	5	140.782	12
12	30	1	1.66667	3	5	146.789	13
13	31	1	1.66667	3	5	143.336	14
13	34	1	2	3	6	145.377	15
13	34	1	2	3	6	149.615	16
14	41	1	2.33333	3	7	167.058	17
14	43	1	2.66667	3	8	195.725	18
17	49	1	3	3	9	187.304	19
17	52	1.33333	3.33333	4	10	183.708	20
17	52	1.33333	3.33333	4	10	195.647	21
18	52	1.33333	3.33333	4	10	195.239	22
20	53	1.33333	3.33333	4	10	195.65	23
21	54	1.33333	3.33333	4	10	225.483	24
22	54	1.33333	3.33333	4	10	279.519	25
23	55	1.33333	3.33333	4	10	264.296	26
24	58	1.33333	3.33333	4	10	276.303	27
24	58	1.33333	3.33333	4	10	281.234	28
24	60	1.33333	3.33333	4	10	285.063	29
25	60	1.33333	3.33333	4	10	293.096	30
25	60	1.33333	3.33333	4	10	259.375	31
26	64	1.33333	3.33333	4	10	308.581	32
27	64	1.33333	3.33333	4	10	332.8	33
27	91	1.33333	3.33333	4	10	325.853	34
27	91	1.33333	3.33333	4	10	358.296	35
28	91	1.33333	3.33333	4	10	418.32	36
29	91	1.33333	3.33333	4	10	424.895	37
29	92	1.33333	3.33333	4	10	405.238	38
32	92	1.33333	3.33333	4	10	409.387	39
36	94	1.33333	3.33333	4	10	472.423	40
36	104	1.33333	3.33333	4	10	495.671	41
37	105	1	3.33333	3	10	482.631	42
40	105	1	3.33333	3	10	502.004	43
44	108	1	3.33333	3	10	490.511	44
52	109	1	3.33333	3	10	568.393	45
56	112	1	3.33333	3	10	567.145	46
58	114	1	3.33333	3	10	633.8	47
59	116	1	3.33333	3	10	581.94	48
62	128	1	3.33333	3	10	652.88	49
63	128	1	3.33333	3	10	688.962	50
64	128	1	3.33333	3	10	697.606	51
64	128	1	3.33333	3	10	723.487	52
65	128	1	3	3	9	639.467	53
65	128	1	2.33333	3	7	627.551	54
70	128	0.666667	2.33333	2	7	728.875	55
72	129	0.666667	2.33333	2	7	759.411	56
74	131	0.666667	2.33333	2	7	745.224	57
76	133	0.333333	2.33333	1	7	765.187	58
76	133	0.333333	2.33333	1	7	762.333	59
78	134	0.333333	2.33333	1	7	735.35	60
79	134	0.333333	2.33333	1	7	804.449	61
82	135	0.333333	2.33333	1	7	756.475	62
84	135	0.333333	2.33333	1	7	771.646	63
89	136	0.333333	2.33333	1	7	835.896	64
91	137	0.333333	2	1	6	801.63	65
94	139	0.333333	2	1	6	753.102	66
95	140	0.333333	2	1	6	878.052	67
96	140	0	1.66667	0	5	886.488	68
97	141	0	1.66667	0	5	807.726	69
103	142	0	1.66667	0	5	816.76	70
104	150	0	1.66667	0	5	895.038	71
109	151	0	1.33333	0	4	963.767	72
109	151	0	1.33333	0	4	928.795	73
113	151	0	0.666667	0	2	924.862	74
113	152	0	0.333333	0	1	819.563	75
117	154	0	0.333333	0	1	1002.19	76
119	154	0	0.333333	0	1	999.808	77
121	159	0	0	0	0	871.255	78
123	161	0	0	0	0	999.134	79
125	164	0	0	0	0	994.474	80
126	166	0	0	0	0	955.617	81
127	167	0	0	0	0	1042.95	82
128	170	0	0	0	0	1045.23	83
133	170	0	0	0	0	1043.18	84
135	185	0	0	0	0	1160.18	85
135	186	0	0	0	0	1178.63	86
132	185	0	0	0	0	1084.13	87
136	187	0	0	0	0	1063.61	88
137	187	0	0	0	0	1117.37	89
141	187	0	0	0	0	1179.16	90
142	187	0	0	0	0	1173.78	91
143	184	0	0	0	0	1168.85	92
143	185	0	0	0	0	1154.56	93
138	185	0	0	0	0	1119.65	94
141	190	0	0	0	0	1217.76	95
144	195	0	0	0	0	1266.34	96
148	195	0	0	0	0	1163.8	97
150	203	0	0	0	0	1252.92	98
152	204	0	0	0	0	1192.83	99
155	211	0	0	0	0	1186.28	100
155	214	0	0	0	0	1212.96	101
158	214	0	0	0	0	1277.83	102
158	212	0	0	0	0	1200.12	103
156	211	0	0	0	0	1218.53	104
156	212	0	0	0	0	1151.85	105
157	214	0	0	0	0	1304.27	106
159	215	0	0	0	0	1419.19	107
163	214	0	0	0	0	1321.03	108
168	214	0	0	0	0	1281.18	109
171	211	0	0	0	0	1342.49	110
172	215	0	0	0	0	1421.48	111
175	218	0	0	0	0	1328.9	112
174	218	0	0	0	0	1381.02	113
176	216	0	0	0	0	1466.55	114
173	215	0	0	0	0	1418.2	115
175	215	0	0	0	0	1386.2	116
177	215	0	0	0	0	1455.49	117
178	214	0	0	0	0	1376.1	118
180	216	0	0	0	0	1460	119
180	214	0	0	0	0	1360.26	120
177	214	0	0	0	0	1379.21	121
177	213	0	0	0	0	1411.3	122
178	211	0	0	0	0	1432.51	123
180	211	0	0	0	0	1449.15	124
180	210	0	0	0	0	1439.42	125
179	210	0	0	0	0	1425.47	126
181	210	0	0	0	0	1426.54	127
182	208	0	0	0	0	1416.9	128
185	208	0	0	0	0	1382.49	129
186	206	0	0	0	0	1424.35	130
188	206	0	0	0	0	1391.38	131
190	205	0	0	0	0	1415.53	132
191	204	0	0	0	0	1468.34	133
194	199	0	0	0	0	1410.9	134
194	197	0	0	0	0	1302.21	135
195	195	0	0	0	0	1207.87	136
197	196	0	0	0	0	1490.44	137
197	196	0	0	0	0	1448.92	138
197	199	0	0	0	0	1450.71	139
194	199	0	0	0	0	1413.06	140
196	202	0	0	0	0	1469.5	141
197	202	0	0	0	0	1519.88	142
199	203	0	0	0	0	1471.2	143
198	201	0	0	0	0	1431.76	144
199	206	0	0	0	0	1497.56	145
195	205	0	0	0	0	1460.82	146
196	206	0	0	0	0	1528.37	147
193	205	0	0	0	0	1344.36	148
196	207	0	0	0	0	1404.78	149
193	209	0	0	0	0	1460.88	150
193	208	0	0	0	0	1434.56	151
191	201	0	0	0	0	1459.76	152
190	201	0	0	0	0	1333.86	153
179	200	0	0	0	0	1366.86	154
176	192	0	0	0	0	1322.58	155
173	191	0	0	0	0	1292.7	156
173	189	0	0	0	0	1344.88	157
171	188	0	0	0	0	1230.18	158
167	187	0	0	0	0	1277.95	159
167	190	0	0	0	0	1304.44	160
169	191	0	0	0	0	1265.03	161
170	190	0	0	0	0	1307.13	162
169	189	0	0	0	0	1310.92	163
167	190	0	0	0	0	1195.67	164
165	189	0	0	0	0	1182.08	165
162	188	0	0	0	0	1195.39	166
160	187	0	0	0	0	1164.82	167
161	187	0	0	0	0	1202.5	168
152	182	0	0	0	0	1122.79	169
152	180	0	0	0	0	1197.21	170
152	180	0	0	0	0	1175.04	171
153	186	0	0	0	0	1185.64	172
150	187	0	0	0	0	1223.35	173
150	192	0	0	0	0	1234.66	174
151	193	0	0	0	0	1228.76	175
139	191	0	0	0	0	1211.2	176
138	193	0	0	0	0	1170.29	177
134	191	0	0	0	0	1168.9	178
134	207	0	0	0	0	1227.18	179
135	207	0	0	0	0	1194.85	180
124	206	0	0	0	0	1134.64	181
125	211	0	0	0	0	1136.32	182
120	210	0	0	0	0	1145.27	183
121	223	0	0	0	0	1136.42	184
121	221	0	0	0	0	1237.17	185
123	219	0	0	0	0	1227.21	186
123	217	0	0	0	0	1193.65	187
105	213	0	0	0	0	1030.49	188
105	214	0	0	0	0	1092.2	189
105	212	0	0	0	0	1164.64	190
104	206	0	0	0	0	1109.51	191
105	206	0	0	0	0	1134.64	192
105	200	0	0	0	0	963.203	193
107	201	0	0	0	0	1155.6	194
107	197	0	0	0	0	980.713	195
112	198	0	0	0	0	1137.51	196
113	196	0	0	0	0	1102.39	197
113	195	0	0	0	0	1081.21	198
113	194	0	0	0	0	1103.13	199
115	192	0	0	0	0	1081.37	200
114	192	0	0	0	0	1067.48	201
114	194	0	0	0	0	1109.5	202
113	191	0	0	0	0	999.544	203
114	190	0	0	0	0	1013.67	204
115	189	0	0	0	0	1146.11	205
111	188	0	0	0	0	1094.72	206
113	187	0	0	0	0	1147.59	207
114	186	0	0	0	0	1033.92	208
114	184	0	0	0	0	1031.25	209
117	183	0	0	0	0	1032.01	210
120	186	0	0	0	0	1129.46	211
119	185	0	0	0	0	1088.22	212
120	192	0	0	0	0	1075.49	213
121	193	0	0	0	0	1175.2	214
122	192	0	0	0	0	1088.78	215
121	192	0	0	0	0	1113.68	216
122	192	0	0	0	0	1122.88	217
124	194	0	0	0	0	1201.73	218
125	193	0	0	0	0	1114.39	219
122	192	0	0	0	0	1069.72	220
122	188	0	0	0	0	1140.46	221
117	186	0	0	0	0	1101.53	222
116	186	0	0	0	0	1072.08	223
115	186	0	0	0	0	1059.16	224
116	192	0	0	0	0	1031.56	225
118	191	0	0	0	0	1028.8	226
118	192	0	0	0	0	1062.18	227
119	189	0	0	0	0	1038.34	228
121	188	0	0	0	0	1051.2	229
117	187	0	0	0	0	1047.74	230
118	184	0	0	0	0	1109.19	231
118	183	0	0	0	0	976.126	232
120	184	0	0	0	0	1030.06	233
115	182	0	0	0	0	980.663	234
115	178	0	0	0	0	1005.64	235
114	176	0	0	0	0	1009.66	236
118	175	0	0	0	0	1045.36	237
123	174	0	0	0	0	1002.66	238
122	173	0	0	0	0	1012.53	239
120	170	0	0	0	0	992.423	240
120	168	0	0	0	0	994.1	241
123	168	0	0	0	0	999.754	242
123	167	0	0	0	0	1021.95	243
124	167	0	0	0	0	1070.42	244
124	164	0	0	0	0	1091.1	245
124	162	0	0	0	0	985.39	246
126	161	0	0	0	0	955.972	247
128	161	0	0	0	0	1019.42	248
131	165	0	0	0	0	1050.8	249
130	168	0	0	0	0	970.314	250
130	163	0	0	0	0	1024.75	251
133	162	0	0	0	0	1019.32	252
136	170	0	0	0	0	909.4	253
138	169	0	0	0	0	908.047	254
139	169	0	0	0	0	986.818	255
139	167	0	0	0	0	909.341	256
127	165	0	0	0	0	873.255	257
130	165	0	0	0	0	912.247	258
117	165	0	0	0	0	931.875	259
119	164	0	0	0	0	941.563	260
120	161	0	0	0	0	960.902	261
119	159	0	0	0	0	927.594	262
119	155	0	0	0	0	935.794	263
123	150	0	0	0	0	843.299	264
124	150	0	0	0	0	971.156	265
125	150	0	0	0	0	960.107	266
127	150	0	0	0	0	998.157	267
127	148	0	0	0	0	788.972	268
131	149	0	0	0	0	896.482	269
133	146	0	0	0	0	877.312	270
134	149	0	0	0	0	1076.88	271
134	149	0	0	0	0	1071.64	272
135	150	0	0	0	0	1017.56	273
136	150	0	0	0	0	1044.14	274
137	150	0	0	0	0	1045.64	275
138	150	0	0	0	0	1031.4	276
141	150	0	0	0	0	1089.79	277
137	148	0	0	0	0	924.119	278
138	153	0	0	0	0	1089.27	279
140	153	0	0	0	0	1078.56	280
141	151	0	0	0	0	1061.37	281
141	151	0	0	0	0	1061.18	282
141	149	0	0	0	0	989.541	283
141	145	0	0	0	0	917.1	284
142	140	0	0	0	0	882.096	285
142	140	0	0	0	0	1001.32	286
141	140	0	0	0	0	935.332	287
136	138	0	0	0	0	952.08	288
136	134	0	0	0	0	893.809	289
137	130	0	0	0	0	299.74	290
138	128	0	0	0	0	900.726	291
140	127	0	0	0	0	854.344	292
139	126	0	0	0	0	961.835	293
139	126	0	0	0	0	964.941	294
138	123	0	0	0	0	861.487	295
139	122	0	0	0	0	839.116	296
139	121	0	0	0	0	966.468	297
139	120	0	0	0	0	949.165	298
143	121	0	0	0	0	845.148	299
141	121	0	0	0	0	852.58	300
140	121	0	0	0	0	929.348	301
139	121	0	0	0	0	850.258	302
139	120	0	0	0	0	883.38	303
140	121	0	0	0	0	878.929	304
139	120	0	0	0	0	910.171	305
139	118	0	0	0	0	912.45	306
138	117	0	0	0	0	890.755	307
138	129	0	0	0	0	859.855	308
136	129	0	0	0	0	881.538	309
137	127	0	0	0	0	999.602	310
138	126	0	0	0	0	935.975	311
140	126	0	0	0	0	950.473	312
142	127	0	0	0	0	986.918	313
136	125	0	0	0	0	970.091	314
135	124	0	0	0	0	826.475	315
126	122	0	0	0	0	905.327	316
124	130	0	0	0	0	804.949	317
124	151	0	0	0	0	852.656	318
120	151	0	0	0	0	848.387	319
121	162	0	0	0	0	920.583	320
118	161	0	0	0	0	837.721	321
116	164	0	0	0	0	420.471	322
115	173	0	0	0	0	953.212	323
115	171	0	0	0	0	931.968	324
115	171	0	0	0	0	1008.94	325
99	171	0	0	0	0	941.462	326
91	183	0	0	0	0	926.718	327
76	181	0	0	0	0	924.698	328
71	186	0	0	0	0	954.036	329
69	188	0	0	0	0	899.84	330
67	189	0	0	0	0	903.073	331
68	192	0	0	0	0	936.936	332
68	196	0	0	0	0	950.544	333
70	185	0	0	0	0	859.982	334
70	187	0	0	0	0	847.511	335
50	185	0	0	0	0	822.062	336
54	189	0	0	0	0	878.469	337
48	188	0	0	0	0	858.815	338
54	188	0	0	0	0	753.777	339
63	188	0	0	0	0	910.159	340
64	187	0	0	0	0	903.586	341
67	201	0	0	0	0	781.116	342
69	205	0	0	0	0	910.642	343
71	205	0	0	0	0	1027.96	344
71	206	0	0	0	0	997.784	345
72	206	0	0	0	0	1026.04	346
74	207	0	0	0	0	1012.74	347
77	207	0	0	0	0	1064.71	348
78	207	0	0	0	0	991.616	349
80	207	0	0	0	0	1049.14	350
72	207	0	0	0	0	1076.78	351
75	205	0	0	0	0	990.674	352
76	205	0	0	0	0	1022.5	353
77	205	0	0	0	0	1039.78	354
77	211	0	0	0	0	1059.52	355
78	215	0	0	0	0	1004.91	356
83	218	0	0	0	0	982.351	357
87	219	0	0	0	0	1048.93	358
88	220	0	0	0	0	1081.18	359
90	224	0	0	0	0	1120.12	360
91	223	0	0	0	0	1116.48	361
94	221	0	0	0	0	1130.76	362
94	218	0	0	0	0	1093.93	363
92	216	0	0	0	0	1108.2	364
93	217	0	0	0	0	1186.16	365
92	217	0	0	0	0	1123.45	366
93	215	0	0	0	0	1081.36	367
97	211	0	0	0	0	1165.95	368
100	211	0	0	0	0	1111.61	369
101	216	0	0	0	0	1095.4	370
101	216	0	0	0	0	1142.88	371
101	215	0	0	0	0	1205.93	372
101	218	0	0	0	0	1160.98	373
102	217	0	0	0	0	1127.45	374
103	216	0	0	0	0	1129.73	375
105	218	0	0	0	0	1179.25	376
104	218	0	0	0	0	1080.01	377
103	217	0	0	0	0	1105.42	378
105	221	0	0	0	0	1131.46	379
108	223	0	0	0	0	1165.59	380
107	225	0	0	0	0	1102.41	381
109	223	0	0	0	0	1157.35	382
109	222	0	0	0	0	1131.25	383
109	222	0	0	0	0	1123.75	384
109	222	0	0	0	0	1152.9	385
109	219	0	0	0	0	1081.54	386
107	218	0	0	0	0	1156.6	387
106	217	0	0	0	0	1183.5	388
105	215	0	0	0	0	1124.23	389
101	214	0	0	0	0	1123.96	390
104	216	0	0	0	0	1170.67	391
104	213	0	0	0	0	1126.07	392
102	212	0	0	0	0	1161.59	393
103	215	0	0	0	0	1205.51	394
102	214	0	0	0	0	1085.24	395
105	215	0	0	0	0	1179.45	396
105	213	0	0	0	0	1198.38	397
104	213	0	0	0	0	1129.99	398
104	208	0	0	0	0	1108.98	399
104	206	0	0	0	0	1137.74	400
105	207	0	0	0	0	1071.36	401
105	206	0	0	0	0	1102.74	402
106	203	0	0	0	0	1152.87	403
106	203	0	0	0	0	1046.16	404
105	203	0	0	0	0	1070.15	405
108	199	0	0	0	0	1152.67	406
108	202	0	0	0	0	951.992	407
111	201	0	0	0	0	1126.8	408
110	203	0	0	0	0	1050.29	409
113	211	0	0	0	0	1086.57	410
114	208	0	0	0	0	1044.55	411
118	211	0	0	0	0	1099.13	412
120	208	0	0	0	0	1069.82	413
120	208	0	0	0	0	1147.2	414
123	207	0	0	0	0	1205.23	415
123	205	0	0	0	0	1174.64	416
124	203	0	0	0	0	1228.99	417
122	199	0	0	0	0	1030.74	418
108	200	0	0	0	0	1110.38	419
107	200	0	0	0	0	1113.37	420
107	197	0	0	0	0	1046.02	421
108	197	0	0	0	0	1045.02	422
113	198	0	0	0	0	1126.75	423
113	198	0	0	0	0	1118.86	424
112	198	0	0	0	0	1081.32	425
111	207	0	0	0	0	1154.08	426
112	206	0	0	0	0	1129.41	427
115	214	0	0	0	0	1201.47	428
114	212	0	0	0	0	1125.61	429
116	210	0	0	0	0	1098.24	430
119	210	0	0	0	0	1123.45	431
116	208	0	0	0	0	1151.45	432
118	204	0	0	0	0	984.1	433
124	204	0	0	0	0	1140.91	434
121	204	0	0	0	0	1114.49	435
125	203	0	0	0	0	1171.28	436
122	199	0	0	0	0	1082.86	437
123	199	0	0	0	0	1221.2	438
123	199	0	0	0	0	1206.45	439
125	199	0	0	0	0	1069.52	440
129	200	0	0	0	0	1232.53	441
130	202	0	0	0	0	1213.44	442
131	202	0	0	0	0	1132.38	443
137	201	0	0	0	0	1243.83	444
141	199	0	0	0	0	1211.26	445
144	199	0	0	0	0	1232.38	446
144	198	0	0	0	0	1205.28	447
146	195	0	0	0	0	1222.53	448
151	192	0	0	0	0	1235.73	449
152	190	0	0	0	0	1214.97	450
148	189	0	0	0	0	1174.1	451
149	190	0	0	0	0	1224.39	452
149	189	0	0	0	0	1051.54	453
156	188	0	0	0	0	1218.79	454
157	186	0	0	0	0	1156.59	455
154	183	0	0	0	0	1194.69	456
158	183	0	0	0	0	1157.66	457
158	179	0	0	0	0	1145.25	458
160	177	0	0	0	0	1155.46	459
162	177	0	0	0	0	1236.93	460
162	174	0	0	0	0	1166.67	461
163	176	0	0	0	0	1135.91	462
167	174	0	0	0	0	1088.04	463
169	173	0	0	0	0	1065.9	464
170	166	0	0	0	0	1069.3	465
173	165	0	0	0	0	1083.95	466
175	158	0	0	0	0	1127.01	467
174	143	0	0	0	0	998.943	468
173	145	0	0	0	0	1124.41	469
173	135	0	0	0	0	1111.19	470
166	133	0	0	0	0	1011.09	471
166	135	0	0	0	0	996.094	472
166	141	0	0	0	0	1123.61	473
166	147	0	0	0	0	1067.65	474
170	161	0	0	0	0	1082.92	475
170	160	0	0	0	0	1135.59	476
169	157	0	0	0	0	1163.56	477
171	157	0	0	0	0	1163.22	478
174	150	0	0	0	0	1108.04	479
175	154	0	0	0	0	1153.09	480
175	159	0	0	0	0	1130.22	481
174	158	0	0	0	0	1193.52	482
170	154	0	0	0	0	1139.46	483
167	161	0	0	0	0	1196.74	484
167	161	0	0	0	0	1150.09	485
168	162	0	0	0	0	1130.91	486
168	160	0	0	0	0	1207.01	487
169	164	0	0	0	0	1127.55	488
167	166	0	0	0	0	1157.02	489
155	167	0	0	0	0	1093.09	490
156	171	0	0	0	0	1162.13	491
155	164	0	0	0	0	1103.26	492
153	168	0	0	0	0	1165.99	493
155	166	0	0	0	0	1095.03	494
155	166	0	0	0	0	1153.12	495
155	166	0	0	0	0	1201.83	496
149	166	0	0	0	0	1062.82	497
147	167	0	0	0	0	1154.79	498
146	163	0	0	0	0	975.866	499
145	165	0	0	0	0	1130.05	500
143	165	0	0	0	0	1124.22	501
141	164	0	0	0	0	1118.35	502
140	167	0	0	0	0	1084.12	503
142	168	0	0	0	0	1059.68	504
146	165	0	0	0	0	1094.95	505
148	164	0	0	0	0	1173.79	506
142	163	0	0	0	0	1037.18	507
143	161	0	0	0	0	1145.33	508
145	166	0	0	0	0	998.204	509
146	163	0	0	0	0	940.093	510
147	169	0	0	0	0	1144.11	511
140	170	0	0	0	0	1134.29	512
138	172	0	0	0	0	1098.03	513
141	176	0	0	0	0	1172.39	514
146	175	0	0	0	0	1084.5	515
151	173	0	0	0	0	1081.88	516
155	175	0	0	0	0	1160.6	517
143	174	0	0	0	0	1141.27	518
144	175	0	0	0	0	1187.34	519
139	173	0	0	0	0	983.136	520
145	174	0	0	0	0	1177.49	521
145	174	0	0	0	0	1127.04	522
147	174	0	0	0	0	1156.56	523
149	173	0	0	0	0	1149.17	524
151	173	0	0	0	0	1177.69	525
152	173	0	0	0	0	1186.78	526
153	174	0	0	0	0	1132.21	527
156	174	0	0	0	0	1151.92	528
160	183	0	0	0	0	1203.05	529
161	185	0	0	0	0	1217.32	530
159	181	0	0	0	0	1075.87	531
164	180	0	0	0	0	1302.45	532
165	180	0	0	0	0	1246.78	533
166	179	0	0	0	0	1239.31	534
168	178	0	0	0	0	1182.99	535
168	176	0	0	0	0	1217.58	536
172	175	0	0	0	0	1300.8	537
172	172	0	0	0	0	1186.98	538
168	174	0	0	0	0	1225.22	539
170	178	0	0	0	0	1264.11	540
173	176	0	0	0	0	1271.9	541
174	176	0	0	0	0	1223.2	542
173	177	0	0	0	0	1227.35	543
175	177	0	0	0	0	1298.94	544
175	179	0	0	0	0	1319.49	545
175	179	0	0	0	0	1250.74	546
175	178	0	0	0	0	1230.19	547
178	177	0	0	0	0	1296.67	548
176	174	0	0	0	0	1249.68	549
175	174	0	0	0	0	1264.13	550
176	175	0	0	0	0	1189.89	551
177	174	0	0	0	0	1298.65	552
177	177	0	0	0	0	1284.17	553
178	176	0	0	0	0	1251.92	554
180	177	0	0	0	0	1347.69	555
180	179	0	0	0	0	1290.48	556
179	179	0	0	0	0	1280.43	557
180	178	0	0	0	0	1269.19	558
180	176	0	0	0	0	1289.79	559
178	172	0	0	0	0	1292.98	560
179	172	0	0	0	0	1296.21	561
175	163	0	0	0	0	1139.21	562
179	170	0	0	0	0	1044.62	563
179	174	0	0	0	0	1293.48	564
178	173	0	0	0	0	1314.94	565
178	168	0	0	0	0	1254.22	566
178	168	0	0	0	0	1307.51	567
178	167	0	0	0	0	1207.47	568
178	165	0	0	0	0	1191.4	569
180	162	0	0	0	0	1027.67	570
179	163	0	0	0	0	1257.48	571
166	163	0	0	0	0	1225.61	572
166	161	0	0	0	0	1234.9	573
165	159	0	0	0	0	1060.94	574
167	158	0	0	0	0	1192.08	575
167	156	0	0	0	0	1076.25	576
168	165	0	0	0	0	1231.31	577
168	167	0	0	0	0	1282.15	578
167	167	0	0	0	0	1158.85	579
168	168	0	0	0	0	1182.87	580
169	166	0	0	0	0	1218.98	581
171	170	0	0	0	0	1239.35	582
169	169	0	0	0	0	1193.86	583
162	172	0	0	0	0	1076.37	584
162	169	0	0	0	0	1127.19	585
146	170	0	0	0	0	1060.27	586
135	171	0	0	0	0	1081.79	587
137	175	0	0	0	0	1131.04	588
136	172	0	0	0	0	980.926	589
137	168	0	0	0	0	1125.25	590
126	167	0	0	0	0	999.834	591
128	168	0	0	0	0	1084.45	592
125	164	0	0	0	0	907.651	593
125	163	0	0	0	0	1075.58	594
123	163	0	0	0	0	1034.89	595
124	164	0	0	0	0	1012.36	596
119	161	0	0	0	0	990.848	597
123	166	0	0	0	0	1048.55	598
123	163	0	0	0	0	908.711	599
123	161	0	0	0	0	994.381	600
125	159	0	0	0	0	964.677	601
126	159	0	0	0	0	979.462	602
125	159	0	0	0	0	986.698	603
126	165	0	0	0	0	1012.89	604
126	166	0	0	0	0	995.653	605
126	170	0	0	0	0	1010.42	606
110	170	0	0	0	0	906.549	607
116	170	0	0	0	0	1057.27	608
116	169	0	0	0	0	1021.76	609
118	169	0	0	0	0	975.672	610
120	169	0	0	0	0	1051.98	611
120	169	0	0	0	0	1049.71	612
114	168	0	0	0	0	1038.77	613
116	167	0	0	0	0	1036.54	614
113	164	0	0	0	0	972.543	615
118	163	0	0	0	0	1053.24	616
118	164	0	0	0	0	1032.22	617
119	161	0	0	0	0	984.401	618
121	157	0	0	0	0	929.384	619
117	156	0	0	0	0	931.073	620
120	160	0	0	0	0	952.729	621
122	159	0	0	0	0	985.925	622
123	161	0	0	0	0	1043.46	623
122	157	0	0	0	0	949.001	624
110	155	0	0	0	0	948.17	625
110	156	0	0	0	0	969.46	626
103	155	0	0	0	0	904.055	627
104	156	0	0	0	0	883.692	628
102	156	0	0	0	0	868.541	629
102	151	0	0	0	0	937.507	630
102	145	0	0	0	0	827.215	631
105	144	0	0	0	0	679.94	632
108	144	0	0	0	0	920.361	633
109	145	0	0	0	0	905.649	634
111	146	0	0	0	0	956.756	635
111	146	0	0	0	0	944.664	636
112	146	0	0	0	0	942.449	637
111	144	0	0	0	0	955.804	638
111	142	0	0	0	0	911.851	639
112	142	0	0	0	0	966.429	640
112	139	0	0	0	0	834.509	641
113	137	0	0	0	0	853.566	642
115	138	0	0	0	0	892.714	643
116	138	0	0	0	0	927.478	644
116	136	0	0	0	0	945.981	645
117	136	0	0	0	0	884.808	646
115	137	0	0	0	0	845.062	647
115	137	0	0	0	0	857.172	648
112	137	0	0	0	0	891.84	649
113	136	0	0	0	0	957.358	650
115	138	0	0	0	0	895.272	651
116	137	0	0	0	0	879.977	652
119	136	0	0	0	0	935.117	653
120	134	0	0	0	0	905.941	654
117	133	0	0	0	0	895.6	655
117	139	0	0	0	0	881.437	656
120	144	0	0	0	0	958.549	657
119	148	0	0	0	0	931.714	658
120	142	0	0	0	0	791.548	659
119	144	0	0	0	0	856.777	660
121	140	0	0	0	0	929.622	661
122	141	0	0	0	0	871.305	662
125	142	0	0	0	0	981.409	663
129	149	0	0	0	0	942.547	664
115	149	0	0	0	0	935.95	665
117	161	0	0	0	0	990.163	666
114	162	0	0	0	0	947.758	667
116	159	0	0	0	0	978.394	668
118	157	0	0	0	0	977.097	669
119	162	0	0	0	0	918.169	670
120	164	0	0	0	0	991.55	671
120	164	0	0	0	0	1051.96	672
115	163	0	0	0	0	898.37	673
122	163	0	0	0	0	1050.47	674
121	164	0	0	0	0	1039.45	675
124	164	0	0	0	0	960.387	676
128	164	0	0	0	0	1080.98	677
130	161	0	0	0	0	1069.9	678
127	157	0	0	0	0	1042.93	679
128	157	0	0	0	0	1075.02	680
129	158	0	0	0	0	993.354	681
132	157	0	0	0	0	1050.52	682
132	161	0	0	0	0	1114.23	683
133	161	0	0	0	0	1082.33	684
133	162	0	0	0	0	1090.16	685
131	160	0	0	0	0	1038.65	686
131	157	0	0	0	0	1008.3	687
132	155	0	0	0	0	967.774	688
132	154	0	0	0	0	1091.02	689
132	152	0	0	0	0	1088.55	690
133	152	0	0	0	0	1016.73	691
129	154	0	0	0	0	783.436	692
136	153	0	0	0	0	1079.71	693
139	155	0	0	0	0	951.816	694
142	154	0	0	0	0	1132.32	695
143	154	0	0	0	0	1063.19	696
147	157	0	0	0	0	1109.22	697
147	156	0	0	0	0	1099.49	698
147	154	0	0	0	0	1061.99	699
146	153	0	0	0	0	1010.68	700
129	148	0	0	0	0	1000.1	701
130	146	0	0	0	0	995.129	702
130	143	0	0	0	0	978.137	703
131	142	0	0	0	0	986.538	704
126	140	0	0	0	0	959.787	705
122	146	0	0	0	0	969.387	706
122	142	0	0	0	0	835.903	707
125	143	0	0	0	0	866.823	708
127	143	0	0	0	0	965.585	709
127	143	0	0	0	0	974.935	710
127	147	0	0	0	0	1017.97	711
122	147	0	0	0	0	977.985	712
120	144	0	0	0	0	982.083	713
119	143	0	0	0	0	894.01	714
109	141	0	0	0	0	890.109	715
109	141	0	0	0	0	905.419	716
111	140	0	0	0	0	909.07	717
111	142	0	0	0	0	923.141	718
111	141	0	0	0	0	781.599	719
106	141	0	0	0	0	911.632	720
106	138	0	0	0	0	916.833	721
106	138	0	0	0	0	854.781	722
107	137	0	0	0	0	872.202	723
107	136	0	0	0	0	902.665	724
108	132	0	0	0	0	684.423	725
108	132	0	0	0	0	872.833	726
108	128	0	0	0	0	855.84	727
107	124	0	0	0	0	848.271	728
108	124	0	0	0	0	759.799	729
111	121	0	0	0	0	812.133	730
112	120	0	0	0	0	766.675	731
113	118	0	0	0	0	704.933	732
114	117	0	0	0	0	862.373	733
115	116	0	0	0	0	844.548	734
111	115	0	0	0	0	796.926	735
110	113	0	0	0	0	831.255	736
111	112	0	0	0	0	815.02	737
110	109	0	0	0	0	721.395	738
108	109	0	0	0	0	785.301	739
108	111	0	0	0	0	766.516	740
108	112	0	0	0	0	741.532	741
109	111	0	0	0	0	828.497	742
109	110	0	0	0	0	790.156	743
109	110	0	0	0	0	746.706	744
109	114	0	0	0	0	750.723	745
110	113	0	0	0	0	729.997	746
112	110	0	0	0	0	717.817	747
97	119	0	0	0	0	706.171	748
96	118	0	0	0	0	710.296	749
96	118	0	0	0	0	777.127	750
97	118	0	0	0	0	812.247	751
97	117	0	0	0	0	710.75	752
100	117	0	0	0	0	766.448	753
95	114	0	0	0	0	764.796	754
96	116	0	0	0	0	782.972	755
96	115	0	0	0	0	792.019	756
96	112	0	0	0	0	683.404	757
96	113	0	0	0	0	714.658	758
98	112	0	0	0	0	799.117	759
98	113	0	0	0	0	765.815	760
98	112	0	0	0	0	767.51	761
98	113	0	0	0	0	808.075	762
98	112	0	0	0	0	715.467	763
98	111	0	0	0	0	728.585	764
100	112	0	0	0	0	763	765
101	114	0	0	0	0	765.195	766
102	118	0	0	0	0	789.414	767
104	116	0	0	0	0	786.56	768
103	116	0	0	0	0	755.964	769
105	115	0	0	0	0	755.341	770
99	116	0	0	0	0	665.476	771
99	119	0	0	0	0	779.791	772
100	116	0	0	0	0	712.756	773
103	119	0	0	0	0	763.777	774
99	117	0	0	0	0	761.052	775
98	117	0	0	0	0	781.876	776
97	117	0	0	0	0	775.375	777
98	119	0	0	0	0	763.307	778
98	119	0	0	0	0	763.539	779
93	119	0	0	0	0	669.241	780
92	118	0	0	0	0	459.126	781
92	117	0	0	0	0	642.75	782
96	119	0	0	0	0	693.076	783
95	118	0	0	0	0	691.811	784
91	107	0	0	0	0	496.116	785
92	106	0	0	0	0	684.32	786
89	104	0	0	0	0	661.802	787
89	105	0	0	0	0	674.121	788
88	101	0	0	0	0	531.248	789
88	98	0	0	0	0	547.885	790
89	97	0	0	0	0	681.23	791
88	97	0	0	0	0	652.129	792
90	98	0	0	0	0	667.407	793
88	99	0	0	0	0	603.076	794
88	99	0	0	0	0	726.42	795
88	99	0	0	0	0	669.527	796
88	98	0	0	0	0	665.034	797
88	99	0	0	0	0	649.74	798
88	99	0	0	0	0	700.188	799
87	101	0	0	0	0	701.855	800
87	99	0	0	0	0	587.796	801
80	100	0	0	0	0	610.072	802
82	100	0	0	0	0	673.49	803
84	99	0	0	0	0	624.237	804
84	100	0	0	0	0	620.373	805
85	97	0	0	0	0	608.89	806
84	96	0	0	0	0	595.132	807
86	93	0	0	0	0	650.397	808
80	92	0	0	0	0	581.614	809
83	92	0	0	0	0	653.861	810
83	92	0	0	0	0	576.965	811
86	91	0	0	0	0	659.565	812
87	90	0	0	0	0	659.967	813
86	90	0	0	0	0	658.974	814
86	95	0	0	0	0	636.242	815
88	91	0	0	0	0	658.049	816
88	89	0	0	0	0	588.483	817
90	93	0	0	0	0	661.144	818
92	92	0	0	0	0	616.288	819
93	97	0	0	0	0	600.887	820
96	97	0	0	0	0	717.6	821
97	98	0	0	0	0	687.972	822
101	99	0	0	0	0	723.377	823
96	99	0	0	0	0	685.619	824
100	99	0	0	0	0	715.622	825
101	99	0	0	0	0	682.583	826
97	98	0	0	0	0	686.459	827
98	98	0	0	0	0	566.378	828
97	96	0	0	0	0	687.366	829
98	96	0	0	0	0	730.421	830
100	95	0	0	0	0	670.819	831
99	94	0	0	0	0	688.36	832
100	94	0	0	0	0	668.132	833
99	93	0	0	0	0	692.037	834
99	93	0	0	0	0	700.965	835
99	92	0	0	0	0	677.378	836
98	91	0	0	0	0	687.464	837
99	91	0	0	0	0	652.527	838
100	92	0	0	0	0	644.625	839
101	91	0	0	0	0	673.536	840
101	90	0	0	0	0	700.016	841
100	89	0	0	0	0	703.043	842
100	89	0	0	0	0	684.823	843
100	85	0	0	0	0	628.419	844
101	86	0	0	0	0	672.548	845
102	84	0	0	0	0	697.008	846
102	84	0	0	0	0	712.709	847
103	88	0	0	0	0	627.874	848
103	87	0	0	0	0	563.038	849
104	90	0	0	0	0	722.639	850
105	90	0	0	0	0	703.886	851
107	90	0	0	0	0	695.135	852
109	98	0	0	0	0	697.098	853
110	96	0	0	0	0	691.162	854
112	96	0	0	0	0	722.703	855
113	96	0	0	0	0	739.619	856
109	95	0	0	0	0	662.402	857
110	95	0	0	0	0	726.853	858
109	98	0	0	0	0	734.36	859
109	98	0	0	0	0	788.243	860
110	98	0	0	0	0	751.852	861
100	99	0	0	0	0	677.452	862
101	99	0	0	0	0	728.944	863
101	99	0	0	0	0	738.388	864
101	98	0	0	0	0	616.373	865
102	98	0	0	0	0	609.877	866
102	98	0	0	0	0	730.281	867
102	95	0	0	0	0	668.097	868
103	98	0	0	0	0	714.874	869
103	98	0	0	0	0	691.679	870
104	99	0	0	0	0	704.603	871
105	97	0	0	0	0	717.487	872
105	97	0	0	0	0	739.682	873
106	94	0	0	0	0	718.272	874
107	93	0	0	0	0	715.449	875
106	92	0	0	0	0	703.73	876
107	91	0	0	0	0	734.666	877
106	93	0	0	0	0	721.242	878
108	102	0	0	0	0	750.901	879
109	104	0	0	0	0	790.427	880
109	102	0	0	0	0	732.334	881
109	102	0	0	0	0	748.132	882
110	101	0	0	0	0	747.98	883
111	100	0	0	0	0	740.418	884
114	101	0	0	0	0	723.35	885
113	100	0	0	0	0	701.689	886
112	100	0	0	0	0	709.554	887
98	100	0	0	0	0	725.641	888
96	97	0	0	0	0	650.642	889
96	111	0	0	0	0	701.688	890
97	112	0	0	0	0	778.484	891
97	112	0	0	0	0	747.674	892
96	112	0	0	0	0	762.839	893
91	111	0	0	0	0	682.483	894
89	113	0	0	0	0	731.145	895
89	109	0	0	0	0	713.187	896
89	111	0	0	0	0	708.668	897
90	108	0	0	0	0	709.543	898
79	106	0	0	0	0	608.45	899
80	105	0	0	0	0	657.324	900
80	106	0	0	0	0	637.742	901
80	105	0	0	0	0	612.448	902
81	106	0	0	0	0	655.694	903
84	107	0	0	0	0	626.694	904
85	106	0	0	0	0	624.954	905
85	106	0	0	0	0	662.084	906
83	108	0	0	0	0	648.332	907
86	108	0	0	0	0	653.173	908
85	107	0	0	0	0	661.167	909
87	108	0	0	0	0	677.68	910
85	107	0	0	0	0	682.789	911
79	106	0	0	0	0	656.764	912
79	109	0	0	0	0	687.496	913
80	112	0	0	0	0	688.994	914
79	112	0	0	0	0	646.394	915
78	110	0	0	0	0	657.833	916
80	109	0	0	0	0	693.188	917
82	107	0	0	0	0	597.257	918
82	107	0	0	0	0	696.531	919
82	106	0	0	0	0	686.865	920
84	106	0	0	0	0	628.791	921
84	107	0	0	0	0	709.335	922
81	106	0	0	0	0	700.861	923
85	113	0	0	0	0	712.234	924
85	112	0	0	0	0	643.487	925
84	112	0	0	0	0	614.147	926
84	111	0	0	0	0	657.836	927
84	110	0	0	0	0	672.249	928
84	110	0	0	0	0	685.618	929
85	107	0	0	0	0	564.989	930
70	108	0	0	0	0	645.24	931
70	106	0	0	0	0	605.154	932
61	100	0	0	0	0	514.346	933
61	99	0	0	0	0	593.308	934
62	97	0	0	0	0	590.496	935
64	97	0	0	0	0	578.536	936
64	96	0	0	0	0	598.566	937
65	94	0	0	0	0	541.02	938
66	93	0	0	0	0	546.294	939
66	95	0	0	0	0	548.563	940
66	93	0	0	0	0	565.188	941
66	92	0	0	0	0	485.052	942
67	92	0	0	0	0	581.814	943
68	90	0	0	0	0	473.187	944
71	89	0	0	0	0	560.016	945
71	90	0	0	0	0	525.647	946
74	89	0	0	0	0	556.921	947
74	87	0	0	0	0	557.611	948
71	80	0	0	0	0	432.119	949
72	78	0	0	0	0	491.266	950
74	73	0	0	0	0	469.789	951
75	72	0	0	0	0	518.332	952
75	72	0	0	0	0	524.128	953
76	73	0	0	0	0	520.474	954
76	75	0	0	0	0	522.737	955
77	74	0	0	0	0	527.404	956
78	73	0	0	0	0	518.896	957
79	74	0	0	0	0	546.136	958
81	75	0	0	0	0	561.569	959
80	74	0	0	0	0	564.091	960
80	78	0	0	0	0	550.551	961
82	72	0	0	0	0	493.163	962
83	70	0	0	0	0	581.205	963
82	70	0	0	0	0	543.193	964
84	70	0	0	0	0	515.457	965
84	69	0	0	0	0	479.05	966
85	69	0	0	0	0	588.937	967
85	68	0	0	0	0	569.963	968
89	68	0	0	0	0	564.625	969
89	67	0	0	0	0	554.521	970
89	67	0	0	0	0	582.621	971
91	67	0	0	0	0	544.535	972
91	65	0	0	0	0	530.638	973
89	66	0	0	0	0	533.541	974
87	67	0	0	0	0	557.089	975
88	68	0	0	0	0	569.893	976
89	68	0	0	0	0	558.471	977
89	68	0	0	0	0	568.984	978
90	68	0	0	0	0	559.177	979
90	67	0	0	0	0	535.922	980
90	70	0	0	0	0	538.958	981
90	71	0	0	0	0	533.207	982
90	71	0	0	0	0	552.609	983
89	72	0	0	0	0	552.096	984
90	71	0	0	0	0	562.64	985
90	72	0	0	0	0	565.655	986
91	72	0	0	0	0	592.376	987
92	73	0	0	0	0	527.548	988
92	74	0	0	0	0	625.004	989
91	74	0	0	0	0	602.74	990
92	73	0	0	0	0	590.503	991
96	73	0	0	0	0	596.891	992
96	74	0	0	0	0	600.239	993
99	74	0	0	0	0	619.228	994
97	75	0	0	0	0	608.195	995
97	73	0	0	0	0	648.685	996
96	72	0	0	0	0	512.588	997
97	72	0	0	0	0	617.566	998
97	71	0	0	0	0	601.407	999
97	75	0	0	0	0	621.818	1000
99	76	0	0	0	0	610.642	1001
98	75	0	0	0	0	581.18	1002
98	75	0	0	0	0	611.109	1003
93	74	0	0	0	0	597.028	1004
92	74	0	0	0	0	587.102	1005
92	75	0	0	0	0	534.106	1006
94	79	0	0	0	0	533.778	1007
94	84	0	0	0	0	550.772	1008
78	80	0	0	0	0	503.718	1009
80	85	0	0	0	0	579.039	1010
79	85	0	0	0	0	568.512	1011
82	86	0	0	0	0	561.513	1012
86	86	0	0	0	0	568.042	1013
86	87	0	0	0	0	571.351	1014
83	88	0	0	0	0	605.845	1015
82	88	0	0	0	0	621.937	1016
75	88	0	0	0	0	514.932	1017
80	89	0	0	0	0	596.744	1018
78	88	0	0	0	0	576.025	1019
80	88	0	0	0	0	613.103	1020
79	86	0	0	0	0	543.115	1021
79	86	0	0	0	0	617.512	1022
78	86	0	0	0	0	527.041	1023
83	86	0	0	0	0	531.983	1024
88	87	0	0	0	0	615.998	1025
91	87	0	0	0	0	646.764	1026
96	86	0	0	0	0	623.352	1027
97	86	0	0	0	0	612.882	1028
98	85	0	0	0	0	622.999	1029
99	86	0	0	0	0	680.827	1030
103	86	0	0	0	0	660.963	1031
104	87	0	0	0	0	689.71	1032
105	87	0	0	0	0	650.246	1033
108	87	0	0	0	0	619.287	1034
109	84	0	0	0	0	623.947	1035
110	84	0	0	0	0	722.962	1036
109	83	0	0	0	0	678.07	1037
110	88	0	0	0	0	724.505	1038
111	88	0	0	0	0	700.088	1039
112	81	0	0	0	0	688.125	1040
112	79	0	0	0	0	688.584	1041
111	77	0	0	0	0	660.709	1042
112	78	0	0	0	0	687.264	1043
111	76	0	0	0	0	517.83	1044
110	78	0	0	0	0	676.751	1045
110	78	0	0	0	0	664.196	1046
105	77	0	0	0	0	575.233	1047
105	79	0	0	0	0	669.854	1048
105	81	0	0	0	0	680.695	1049
106	80	0	0	0	0	612.002	1050
106	82	0	0	0	0	700.681	1051
106	81	0	0	0	0	701.129	1052
107	80	0	0	0	0	649.452	1053
106	80	0	0	0	0	678.019	1054
107	79	0	0	0	0	634.812	1055
107	79	0	0	0	0	665.743	1056
109	81	0	0	0	0	663.251	1057
102	84	0	0	0	0	599.334	1058
104	84	0	0	0	0	693.216	1059
101	84	0	0	0	0	665.297	1060
102	84	0	0	0	0	696.684	1061
102	84	0	0	0	0	626.812	1062
103	84	0	0	0	0	670.899	1063
105	87	0	0	0	0	659.205	1064
107	89	0	0	0	0	668.38	1065
105	88	0	0	0	0	688.858	1066
106	89	0	0	0	0	694.145	1067
107	90	0	0	0	0	691.037	1068
107	89	0	0	0	0	675.368	1069
111	90	0	0	0	0	690.908	1070
111	91	0	0	0	0	741.194	1071
106	91	0	0	0	0	676.742	1072
108	91	0	0	0	0	702.102	1073
108	91	0	0	0	0	654.582	1074
109	92	0	0	0	0	706.658	1075
109	94	0	0	0	0	745.229	1076
108	93	0	0	0	0	696.372	1077
105	97	0	0	0	0	746.381	1078
107	100	0	0	0	0	728.296	1079
110	101	0	0	0	0	720.827	1080
110	102	0	0	0	0	723.298	1081
113	101	0	0	0	0	708.075	1082
111	102	0	0	0	0	708.515	1083
111	105	0	0	0	0	769.399	1084
109	104	0	0	0	0	778.018	1085
109	104	0	0	0	0	755.34	1086
104	104	0	0	0	0	707.081	1087
104	104	0	0	0	0	783.778	1088
104	104	0	0	0	0	681.602	1089
107	103	0	0	0	0	772.707	1090
108	103	0	0	0	0	780.425	1091
106	102	0	0	0	0	764.889	1092
107	102	0	0	0	0	788.752	1093
106	102	0	0	0	0	638.625	1094
108	102	0	0	0	0	698.245	1095
112	102	0	0	0	0	791.837	1096
113	102	0	0	0	0	790.447	1097
114	102	0	0	0	0	757.904	1098
113	102	0	0	0	0	775.352	1099
115	98	0	0	0	0	739.342	1100
115	97	0	0	0	0	770.505	1101
115	93	0	0	0	0	686.914	1102
117	95	0	0	0	0	779.686	1103
116	93	0	0	0	0	736.129	1104
116	100	0	0	0	0	691.082	1105
119	101	0	0	0	0	819.064	1106
119	101	0	0	0	0	805.773	1107
122	101	0	0	0	0	790.335	1108
122	100	0	0	0	0	837.035	1109
123	101	0	0	0	0	843.34	1110
123	101	0	0	0	0	820.745	1111
119	102	0	0	0	0	782.543	1112
119	104	0	0	0	0	827.963	1113
118	105	0	0	0	0	745.675	1114
119	106	0	0	0	0	742.26	1115
123	109	0	0	0	0	840.556	1116
124	112	0	0	0	0	828.584	1117
124	113	0	0	0	0	881.499	1118
122	113	0	0	0	0	789.722	1119
126	112	0	0	0	0	838.811	1120
127	112	0	0	0	0	871.624	1121
127	112	0	0	0	0	897.61	1122
127	110	0	0	0	0	798.124	1123
127	110	0	0	0	0	770.308	1124
126	110	0	0	0	0	855.401	1125
123	109	0	0	0	0	858.411	1126
123	109	0	0	0	0	784.57	1127
123	112	0	0	0	0	833.308	1128
124	112	0	0	0	0	825.561	1129
124	111	0	0	0	0	856.353	1130
125	111	0	0	0	0	841.71	1131
126	110	0	0	0	0	826.575	1132
129	123	0	0	0	0	886.8	1133
129	122	0	0	0	0	865.729	1134
131	138	0	0	0	0	822.062	1135
131	139	0	0	0	0	905.044	1136
132	139	0	0	0	0	869.68	1137
132	137	0	0	0	0	964.913	1138
132	137	0	0	0	0	945.25	1139
131	136	0	0	0	0	855.046	1140
131	137	0	0	0	0	920.33	1141
114	134	0	0	0	0	854.989	1142
115	138	0	0	0	0	892.532	1143
106	137	0	0	0	0	819.427	1144
110	143	0	0	0	0	916.672	1145
110	144	0	0	0	0	928.253	1146
112	141	0	0	0	0	916.85	1147
112	137	0	0	0	0	873.722	1148
113	135	0	0	0	0	870.808	1149
112	133	0	0	0	0	858.7	1150
112	132	0	0	0	0	851.268	1151
105	131	0	0	0	0	833.31	1152
105	132	0	0	0	0	861.12	1153
103	133	0	0	0	0	871.176	1154
102	133	0	0	0	0	821.151	1155
104	134	0	0	0	0	888.145	1156
104	133	0	0	0	0	805.981	1157
105	137	0	0	0	0	905.611	1158
106	137	0	0	0	0	900.894	1159
107	135	0	0	0	0	884.105	1160
107	135	0	0	0	0	931.793	1161
106	135	0	0	0	0	825.153	1162
108	135	0	0	0	0	883.805	1163
109	137	0	0	0	0	887.457	1164
107	136	0	0	0	0	853.41	1165
105	136	0	0	0	0	884.567	1166
99	133	0	0	0	0	767.751	1167
101	132	0	0	0	0	854.544	1168
102	133	0	0	0	0	687.459	1169
101	135	0	0	0	0	853.529	1170
102	132	0	0	0	0	734.257	1171
102	132	0	0	0	0	845.081	1172
98	132	0	0	0	0	815.745	1173
98	130	0	0	0	0	835.857	1174
96	129	0	0	0	0	815.96	1175
96	127	0	0	0	0	836.505	1176
96	128	0	0	0	0	804.116	1177
96	125	0	0	0	0	815.054	1178
97	124	0	0	0	0	815.762	1179
96	120	0	0	0	0	748.831	1180
96	120	0	0	0	0	759.208	1181
96	117	0	0	0	0	770.369	1182
94	116	0	0	0	0	738.114	1183
95	116	0	0	0	0	775.403	1184
95	115	0	0	0	0	791.943	1185
94	113	0	0	0	0	741.965	1186
95	111	0	0	0	0	667.578	1187
96	109	0	0	0	0	777.709	1188
97	109	0	0	0	0	749.178	1189
98	109	0	0	0	0	790.91	1190
98	112	0	0	0	0	715.425	1191
99	116	0	0	0	0	771.038	1192
101	117	0	0	0	0	757.928	1193
101	117	0	0	0	0	820.091	1194
101	115	0	0	0	0	751.956	1195
101	119	0	0	0	0	792.188	1196
101	119	0	0	0	0	733.651	1197
102	121	0	0	0	0	714.657	1198
102	124	0	0	0	0	797.223	1199
96	125	0	0	0	0	758.927	1200
95	121	0	0	0	0	748.685	1201
94	121	0	0	0	0	760.51	1202
92	121	0	0	0	0	740.36	1203
91	120	0	0	0	0	751.15	1204
90	118	0	0	0	0	725.269	1205
89	119	0	0	0	0	754.826	1206
86	117	0	0	0	0	725.57	1207
87	116	0	0	0	0	758.426	1208
85	117	0	0	0	0	627.432	1209
85	117	0	0	0	0	677.595	1210
85	125	0	0	0	0	782.653	1211
86	125	0	0	0	0	780.582	1212
86	123	0	0	0	0	703.317	1213
87	123	0	0	0	0	779.415	1214
86	122	0	0	0	0	648.985	1215
86	126	0	0	0	0	757.792	1216
86	126	0	0	0	0	793.984	1217
86	124	0	0	0	0	756.453	1218
86	123	0	0	0	0	674.083	1219
78	121	0	0	0	0	685.348	1220
82	120	0	0	0	0	759.518	1221
82	120	0	0	0	0	686.823	1222
84	124	0	0	0	0	722.514	1223
85	121	0	0	0	0	683.404	1224
83	120	0	0	0	0	665.372	1225
84	118	0	0	0	0	668.846	1226
87	118	0	0	0	0	692.88	1227
91	116	0	0	0	0	732.773	1228
93	115	0	0	0	0	742.134	1229
91	113	0	0	0	0	695.97	1230
90	111	0	0	0	0	691.687	1231
80	108	0	0	0	0	643.494	1232
81	108	0	0	0	0	662.631	1233
83	123	0	0	0	0	685.855	1234
83	127	0	0	0	0	692.979	1235
84	131	0	0	0	0	748.935	1236
86	129	0	0	0	0	742.028	1237
87	128	0	0	0	0	764.481	1238
91	129	0	0	0	0	802.125	1239
91	129	0	0	0	0	741.416	1240
91	127	0	0	0	0	719.51	1241
90	126	0	0	0	0	758.453	1242
80	121	0	0	0	0	652.797	1243
81	122	0	0	0	0	766.685	1244
81	121	0	0	0	0	759.453	1245
82	122	0	0	0	0	772.833	1246
82	149	0	0	0	0	626.485	1247
82	149	0	0	0	0	669.154	1248
84	148	0	0	0	0	842.882	1249
84	147	0	0	0	0	812.082	1250
85	146	0	0	0	0	816.495	1251
85	145	0	0	0	0	801.653	1252
85	144	0	0	0	0	822.338	1253
83	145	0	0	0	0	824.944	1254
83	145	0	0	0	0	821.969	1255
74	145	0	0	0	0	835.397	1256
75	147	0	0	0	0	841.539	1257
75	145	0	0	0	0	721.628	1258
76	145	0	0	0	0	750.21	1259
81	145	0	0	0	0	850.972	1260
82	144	0	0	0	0	745.867	1261
81	143	0	0	0	0	779.218	1262
81	144	0	0	0	0	858.683	1263
79	144	0	0	0	0	855.628	1264
80	143	0	0	0	0	815.486	1265
80	140	0	0	0	0	793.711	1266
80	142	0	0	0	0	844.214	1267
80	144	0	0	0	0	779.931	1268
79	151	0	0	0	0	785.857	1269
80	157	0	0	0	0	874.657	1270
80	156	0	0	0	0	885.7	1271
81	154	0	0	0	0	803.025	1272
83	152	0	0	0	0	825.951	1273
84	151	0	0	0	0	837.498	1274
85	153	0	0	0	0	868.6	1275
86	156	0	0	0	0	858.093	1276
83	155	0	0	0	0	827.035	1277
81	162	0	0	0	0	878.924	1278
80	162	0	0	0	0	879.289	1279
80	163	0	0	0	0	832.821	1280
80	167	0	0	0	0	913.311	1281
79	167	0	0	0	0	791.85	1282
79	165	0	0	0	0	868.486	1283
80	164	0	0	0	0	904.019	1284
75	160	0	0	0	0	801.975	1285
76	161	0	0	0	0	872.172	1286
72	160	0	0	0	0	874.378	1287
72	165	0	0	0	0	858.115	1288
71	167	0	0	0	0	858.225	1289
72	165	0	0	0	0	793.997	1290
72	164	0	0	0	0	842.519	1291
72	164	0	0	0	0	818.752	1292
72	164	0	0	0	0	884.164	1293
72	163	0	0	0	0	821.683	1294
71	162	0	0	0	0	842.943	1295
73	162	0	0	0	0	829.921	1296
54	162	0	0	0	0	748.608	1297
54	164	0	0	0	0	801.486	1298
54	163	0	0	0	0	762.325	1299
55	163	0	0	0	0	800.675	1300
55	162	0	0	0	0	739.81	1301
53	163	0	0	0	0	713.931	1302
53	162	0	0	0	0	765.825	1303
55	163	0	0	0	0	829.411	1304
56	163	0	0	0	0	771.058	1305
55	162	0	0	0	0	769.638	1306
54	162	0	0	0	0	784.204	1307
53	160	0	0	0	0	761.268	1308
53	159	0	0	0	0	661.887	1309
54	160	0	0	0	0	800.673	1310
54	160	0	0	0	0	717.267	1311
59	161	0	0	0	0	792.456	1312
58	161	0	0	0	0	797.376	1313
59	159	0	0	0	0	835.7	1314
58	158	0	0	0	0	773.198	1315
59	158	0	0	0	0	790.833	1316
65	160	0	0	0	0	826.075	1317
65	159	0	0	0	0	750.626	1318
66	157	0	0	0	0	787.293	1319
66	153	0	0	0	0	709.101	1320
65	151	0	0	0	0	730.554	1321
66	147	0	0	0	0	673.657	1322
72	146	0	0	0	0	811.115	1323
74	144	0	0	0	0	722.117	1324
75	142	0	0	0	0	775.545	1325
73	140	0	0	0	0	780.202	1326
74	143	0	0	0	0	753.486	1327
76	142	0	0	0	0	769.208	1328
76	141	0	0	0	0	667.072	1329
85	139	0	0	0	0	769.917	1330
86	135	0	0	0	0	706.098	1331
86	136	0	0	0	0	770.02	1332
88	135	0	0	0	0	669.475	1333
88	131	0	0	0	0	668.816	1334
86	130	0	0	0	0	721.196	1335
84	128	0	0	0	0	767.587	1336
84	128	0	0	0	0	739.424	1337
86	126	0	0	0	0	723.19	1338
86	122	0	0	0	0	761.322	1339
87	120	0	0	0	0	685.598	1340
90	120	0	0	0	0	739.041	1341
92	116	0	0	0	0	712.239	1342
95	109	0	0	0	0	614.726	1343
95	108	0	0	0	0	733.751	1344
92	106	0	0	0	0	728.714	1345
94	103	0	0	0	0	731.258	1346
94	101	0	0	0	0	647.272	1347
96	97	0	0	0	0	634.897	1348
100	95	0	0	0	0	679.623	1349
102	95	0	0	0	0	731.366	1350
102	93	0	0	0	0	648.142	1351
102	93	0	0	0	0	722.604	1352
102	91	0	0	0	0	683.684	1353
102	93	0	0	0	0	661.654	1354
103	93	0	0	0	0	647.804	1355
104	93	0	0	0	0	729.977	1356
104	93	0	0	0	0	721.054	1357
101	93	0	0	0	0	593.001	1358
103	99	0	0	0	0	641.284	1359
107	98	0	0	0	0	662.489	1360
111	97	0	0	0	0	742.168	1361
111	97	0	0	0	0	732.908	1362
111	97	0	0	0	0	720.569	1363
111	99	0	0	0	0	767.432	1364
111	98	0	0	0	0	720.487	1365
114	98	0	0	0	0	777.172	1366
114	97	0	0	0	0	773.736	1367
114	97	0	0	0	0	740.892	1368
114	96	0	0	0	0	709.225	1369
116	96	0	0	0	0	788.494	1370
116	95	0	0	0	0	767.254	1371
115	94	0	0	0	0	787.418	1372
112	91	0	0	0	0	612.959	1373
115	93	0	0	0	0	735.536	1374
117	90	0	0	0	0	784.061	1375
117	88	0	0	0	0	638.918	1376
125	88	0	0	0	0	739.65	1377
123	85	0	0	0	0	725.767	1378
122	89	0	0	0	0	741.594	1379
121	89	0	0	0	0	759.607	1380
121	86	0	0	0	0	572.912	1381
126	86	0	0	0	0	749.553	1382
123	84	0	0	0	0	663.571	1383
124	88	0	0	0	0	708.237	1384
123	89	0	0	0	0	717.84	1385
124	89	0	0	0	0	715.606	1386
125	86	0	0	0	0	641.933	1387
117	84	0	0	0	0	685.464	1388
119	79	0	0	0	0	717.995	1389
121	81	0	0	0	0	754.376	1390
121	81	0	0	0	0	642.489	1391
126	82	0	0	0	0	724.673	1392
120	81	0	0	0	0	678.515	1393
119	82	0	0	0	0	711.637	1394
118	90	0	0	0	0	722.684	1395
118	85	0	0	0	0	596.311	1396
125	89	0	0	0	0	732.576	1397
125	89	0	0	0	0	698.555	1398
121	87	0	0	0	0	740.492	1399
122	88	0	0	0	0	717.669	1400
124	89	0	0	0	0	689.021	1401
129	90	0	0	0	0	806.353	1402
131	91	0	0	0	0	815.01	1403
123	91	0	0	0	0	651.762	1404
130	90	0	0	0	0	809.457	1405
130	87	0	0	0	0	704.519	1406
134	86	0	0	0	0	805.896	1407
137	88	0	0	0	0	810.286	1408
142	90	0	0	0	0	859.285	1409
145	90	0	0	0	0	843.042	1410
146	87	0	0	0	0	870.15	1411
146	84	0	0	0	0	755.651	1412
147	84	0	0	0	0	860.778	1413
148	82	0	0	0	0	792.504	1414
150	85	0	0	0	0	833.495	1415
149	92	0	0	0	0	822.268	1416
148	92	0	0	0	0	895.18	1417
148	91	0	0	0	0	789.984	1418
151	91	0	0	0	0	773.758	1419
156	90	0	0	0	0	884.833	1420
158	91	0	0	0	0	923.947	1421
159	91	0	0	0	0	926.531	1422
159	90	0	0	0	0	947.94	1423
158	90	0	0	0	0	923.518	1424
157	93	0	0	0	0	896.716	1425
156	92	0	0	0	0	837.695	1426
158	97	0	0	0	0	910.626	1427
161	96	0	0	0	0	937.344	1428
161	97	0	0	0	0	946.523	1429
161	97	0	0	0	0	947.954	1430
160	97	0	0	0	0	952.7	1431
161	96	0	0	0	0	878.981	1432
164	96	0	0	0	0	976.124	1433
159	96	0	0	0	0	911.967	1434
160	95	0	0	0	0	933.684	1435
154	94	0	0	0	0	943.781	1436
152	94	0	0	0	0	681.783	1437
155	93	0	0	0	0	810.779	1438
159	92	0	0	0	0	936.467	1439
162	91	0	0	0	0	887.87	1440
163	92	0	0	0	0	882.103	1441
163	91	0	0	0	0	880.441	1442
165	101	0	0	0	0	875.143	1443
161	101	0	0	0	0	903.14	1444
164	101	0	0	0	0	944.082	1445
167	102	0	0	0	0	994.534	1446
169	101	0	0	0	0	974.791	1447
169	102	0	0	0	0	993.73	1448
170	101	0	0	0	0	917.79	1449
175	94	0	0	0	0	830.056	1450
176	94	0	0	0	0	884.858	1451
157	91	0	0	0	0	868.518	1452
156	92	0	0	0	0	712.418	1453
157	101	0	0	0	0	871.802	1454
157	104	0	0	0	0	884.73	1455
156	102	0	0	0	0	932.659	1456
158	103	0	0	0	0	932.24	1457
158	103	0	0	0	0	909.878	1458
158	103	0	0	0	0	936.356	1459
161	103	0	0	0	0	896.023	1460
163	103	0	0	0	0	912.506	1461
157	104	0	0	0	0	953.328	1462
155	104	0	0	0	0	935.705	1463
154	100	0	0	0	0	830.151	1464
157	99	0	0	0	0	848.677	1465
158	98	0	0	0	0	879.279	1466
158	96	0	0	0	0	901.225	1467
160	95	0	0	0	0	909.51	1468
161	94	0	0	0	0	804.438	1469
166	94	0	0	0	0	911.243	1470
165	94	0	0	0	0	956.539	1471
167	93	0	0	0	0	972.435	1472
167	94	0	0	0	0	887.934	1473
170	95	0	0	0	0	836.948	1474
173	94	0	0	0	0	977.906	1475
174	94	0	0	0	0	957.943	1476
176	94	0	0	0	0	974.724	1477
175	95	0	0	0	0	951.785	1478
179	97	0	0	0	0	993.745	1479
179	97	0	0	0	0	974.639	1480
178	99	0	0	0	0	917.819	1481
176	99	0	0	0	0	1030.3	1482
174	99	0	0	0	0	995.59	1483
172	108	0	0	0	0	1017.62	1484
171	108	0	0	0	0	1001.25	1485
172	111	0	0	0	0	1079.57	1486
173	111	0	0	0	0	970.987	1487
173	117	0	0	0	0	1035.78	1488
174	121	0	0	0	0	1061.01	1489
174	123	0	0	0	0	1063.84	1490
175	123	0	0	0	0	1056.22	1491
175	122	0	0	0	0	929.686	1492
148	122	0	0	0	0	956.233	1493
149	124	0	0	0	0	993.523	1494
150	124	0	0	0	0	985.091	1495
146	123	0	0	0	0	1003.56	1496
145	123	0	0	0	0	998.035	1497
141	122	0	0	0	0	887.014	1498
140	119	0	0	0	0	888.679	1499
141	117	0	0	0	0	953.601	1500
141	115	0	0	0	0	940.39	1501
141	115	0	0	0	0	949.992	1502
138	114	0	0	0	0	809.311	1503
142	114	0	0	0	0	903.004	1504
143	115	0	0	0	0	975.628	1505
145	116	0	0	0	0	886.953	1506
144	113	0	0	0	0	897.406	1507
144	112	0	0	0	0	801.275	1508
142	109	0	0	0	0	851.213	1509
142	112	0	0	0	0	908.187	1510
142	113	0	0	0	0	933.949	1511
142	113	0	0	0	0	884.812	1512
141	112	0	0	0	0	787.986	1513
136	112	0	0	0	0	849.811	1514
137	112	0	0	0	0	924.021	1515
137	112	0	0	0	0	921.624	1516
135	112	0	0	0	0	840.813	1517
135	118	0	0	0	0	932.165	1518
133	120	0	0	0	0	942.022	1519
134	128	0	0	0	0	818.552	1520
135	128	0	0	0	0	997.546	1521
132	128	0	0	0	0	949.71	1522
132	128	0	0	0	0	937.934	1523
132	127	0	0	0	0	887.154	1524
132	132	0	0	0	0	972.499	1525
133	141	0	0	0	0	917.728	1526
113	141	0	0	0	0	915.852	1527
113	147	0	0	0	0	940.509	1528
108	141	0	0	0	0	892.128	1529
107	141	0	0	0	0	876.997	1530
107	141	0	0	0	0	871.892	1531
106	141	0	0	0	0	931.512	1532
106	142	0	0	0	0	912.879	1533
106	138	0	0	0	0	880.581	1534
97	137	0	0	0	0	838.536	1535
99	142	0	0	0	0	880.008	1536
99	140	0	0	0	0	886.8	1537
99	159	0	0	0	0	913.588	1538
99	158	0	0	0	0	927.341	1539
98	158	0	0	0	0	923.996	1540
95	157	0	0	0	0	844.384	1541
93	154	0	0	0	0	893.541	1542
92	156	0	0	0	0	905.679	1543
94	158	0	0	0	0	923.067	1544
94	153	0	0	0	0	917.824	1545
93	153	0	0	0	0	882.916	1546
80	154	0	0	0	0	827.151	1547
85	152	0	0	0	0	837.132	1548
85	153	0	0	0	0	741.913	1549
86	153	0	0	0	0	870.885	1550
86	151	0	0	0	0	884.628	1551
87	150	0	0	0	0	885.064	1552
87	149	0	0	0	0	886.776	1553
89	149	0	0	0	0	879.502	1554
89	150	0	0	0	0	828.132	1555
90	149	0	0	0	0	830.353	1556
91	148	0	0	0	0	901.159	1557
87	149	0	0	0	0	843.67	1558
89	169	0	0	0	0	893.507	1559
90	169	0	0	0	0	981.374	1560
91	167	0	0	0	0	850.71	1561
93	165	0	0	0	0	895.394	1562
93	163	0	0	0	0	925.948	1563
93	168	0	0	0	0	880.445	1564
95	170	0	0	0	0	976.125	1565
95	169	0	0	0	0	966.929	1566
94	169	0	0	0	0	968.059	1567
85	169	0	0	0	0	885.584	1568
87	169	0	0	0	0	967.137	1569
87	168	0	0	0	0	849.54	1570
89	168	0	0	0	0	982.591	1571
89	168	0	0	0	0	946.068	1572
89	165	0	0	0	0	849.007	1573
91	169	0	0	0	0	926.077	1574
90	165	0	0	0	0	867.4	1575
91	165	0	0	0	0	950.869	1576
91	163	0	0	0	0	912.089	1577
86	161	0	0	0	0	809.343	1578
90	161	0	0	0	0	921.693	1579
90	161	0	0	0	0	923.82	1580
90	160	0	0	0	0	896.779	1581
90	160	0	0	0	0	875.854	1582
85	158	0	0	0	0	836.107	1583
85	156	0	0	0	0	869.374	1584
84	153	0	0	0	0	817.685	1585
82	153	0	0	0	0	830.723	1586
84	153	0	0	0	0	892.358	1587
82	151	0	0	0	0	799.475	1588
82	150	0	0	0	0	859.461	1589
81	148	0	0	0	0	831.357	1590
81	148	0	0	0	0	789.521	1591
81	146	0	0	0	0	745.218	1592
80	142	0	0	0	0	813.299	1593
75	136	0	0	0	0	19.3706	1594
75	136	0	0	0	0	812.393	1595
75	136	0	0	0	0	739.743	1596
77	136	0	0	0	0	800.159	1597
77	131	0	0	0	0	742.818	1598
77	128	0	0	0	0	730.906	1599
78	128	0	0	0	0	754.436	1600
79	126	0	0	0	0	673.193	1601
79	120	0	0	0	0	675.894	1602
80	115	0	0	0	0	685.442	1603
75	106	0	0	0	0	566.603	1604
76	102	0	0	0	0	641.693	1605
77	91	0	0	0	0	524.034	1606
78	70	0	0	0	0	369.385	1607
84	39	0	0	0	0	367.444	1608
84	33	0	0	0	0	394.555	1609
85	21	0	0	0	0	355.245	1610
85	19	0	0	0	0	344.35	1611
87	18	0	0	0	0	340.278	1612
89	16	0	0	0	0	352.663	1613
90	12	0	0	0	0	356.593	1614
86	12	0	0	0	0	304.974	1615
86	12	0	0	0	0	342.459	1616
89	8	0	0	0	0	322.459	1617
90	8	0	0	0	0	340.009	1618
88	8	0	0	0	0	331.692	1619
88	15	0	0	0	0	342.295	1620
88	14	0	0	0	0	378.66	1621
88	14	0	0	0	0	386.69	1622
88	13	0	0	0	0	373.137	1623
88	14	0	0	0	0	339.919	1624
88	14	0	0	0	0	368.85	1625
88	14	0	0	0	0	312.007	1626
87	14	0	0	0	0	321.076	1627
87	14	0	0	0	0	307.206	1628
75	14	0	0	0	0	310.203	1629
77	14	0	0	0	0	317.697	1630
77	14	0	0	0	0	342.853	1631
77	14	0	0	0	0	342.976	1632
77	14	0	0	0	0	313.342	1633
78	14	0	0	0	0	342.128	1634
79	14	0	0	0	0	292.364	1635
78	17	0	0	0	0	304.605	1636
79	18	0	0	0	0	312.785	1637
78	20	0	0	0	0	306.236	1638
77	20	0	0	0	0	282.329	1639
72	20	0	0	0	0	291.949	1640
72	29	0	0	0	0	309.318	1641
72	29	0	0	0	0	272.883	1642
71	31	0	0	0	0	348.247	1643
70	31	0	0	0	0	339.786	1644
67	34	0	0	0	0	323.248	1645
67	36	0	0	0	0	364.369	1646
65	37	0	0	0	0	343.576	1647
66	38	0	0	0	0	375.192	1648
66	38	0	0	0	0	385.102	1649
64	39	0	0	0	0	302.894	1650
69	39	0	0	0	0	399.635	1651
74	41	0	0	0	0	410.212	1652
74	42	0	0	0	0	409.173	1653
74	41	0	0	0	0	408.165	1654
74	41	0	0	0	0	436.936	1655
74	41	0	0	0	0	405.622	1656
77	42	0	0	0	0	379.545	1657
79	43	0	0	0	0	451.318	1658
79	43	0	0	0	0	444.993	1659
78	43	0	0	0	0	439.382	1660
78	43	0	0	0	0	456.969	1661
77	42	0	0	0	0	416.742	1662
77	42	0	0	0	0	407.676	1663
73	42	0	0	0	0	355.096	1664
79	42	0	0	0	0	429.193	1665
78	43	0	0	0	0	424.039	1666
76	45	0	0	0	0	438.526	1667
75	45	0	0	0	0	386.419	1668
74	47	0	0	0	0	440.873	1669
75	47	0	0	0	0	371.584	1670
76	49	0	0	0	0	425.487	1671
72	49	0	0	0	0	391.771	1672
72	49	0	0	0	0	468.61	1673
72	51	0	0	0	0	456.715	1674
72	53	0	0	0	0	407.879	1675
68	55	0	0	0	0	449.068	1676
69	57	0	0	0	0	472.175	1677
69	57	0	0	0	0	416.144	1678
74	57	0	0	0	0	473.022	1679
71	57	0	0	0	0	464.84	1680
70	58	0	0	0	0	458.138	1681
70	59	0	0	0	0	482.174	1682
69	60	0	0	0	0	451.428	1683
70	61	0	0	0	0	439.979	1684
71	61	0	0	0	0	480.466	1685
68	61	0	0	0	0	466.299	1686
67	62	0	0	0	0	482.116	1687
69	62	0	0	0	0	464.438	1688
69	74	0	0	0	0	452.372	1689
70	76	0	0	0	0	496.499	1690
71	79	0	0	0	0	524.402	1691
72	79	0	0	0	0	568.124	1692
73	79	0	0	0	0	541.952	1693
74	79	0	0	0	0	525.193	1694
76	79	0	0	0	0	528.122	1695
79	79	0	0	0	0	531.94	1696
80	80	0	0	0	0	537.876	1697
64	80	0	0	0	0	475.212	1698
71	80	0	0	0	0	541.328	1699
74	79	0	0	0	0	444.933	1700
79	79	0	0	0	0	519.281	1701
81	80	0	0	0	0	511.795	1702
85	80	0	0	0	0	518.211	1703
84	81	0	0	0	0	461.728	1704
88	81	0	0	0	0	510.869	1705
90	81	0	0	0	0	520.618	1706
90	81	0	0	0	0	537.923	1707
90	78	0	0	0	0	488.902	1708
91	77	0	0	0	0	555.704	1709
93	78	0	0	0	0	641.74	1710
94	77	0	0	0	0	532.785	1711
97	80	0	0	0	0	639.107	1712
95	80	0	0	0	0	547.848	1713
98	82	0	0	0	0	648.063	1714
99	81	0	0	0	0	686.305	1715
98	83	0	0	0	0	558.616	1716
101	83	0	0	0	0	616.015	1717
104	82	0	0	0	0	635.816	1718
104	82	0	0	0	0	648.542	1719
107	83	0	0	0	0	675.898	1720
106	83	0	0	0	0	647.454	1721
105	82	0	0	0	0	596.921	1722
100	81	0	0	0	0	583.955	1723
101	81	0	0	0	0	690.429	1724
101	80	0	0	0	0	640.288	1725
104	85	0	0	0	0	691.636	1726
105	85	0	0	0	0	699.168	1727
105	85	0	0	0	0	673.671	1728
106	84	0	0	0	0	726.7	1729
108	85	0	0	0	0	687.042	1730
110	87	0	0	0	0	685.128	1731
110	84	0	0	0	0	657.95	1732
111	82	0	0	0	0	664.339	1733
114	82	0	0	0	0	682.539	1734
115	82	0	0	0	0	729.351	1735
117	79	0	0	0	0	613.186	1736
119	80	0	0	0	0	729.364	1737
119	82	0	0	0	0	730.88	1738
121	83	0	0	0	0	726.7	1739
120	84	0	0	0	0	717.364	1740
123	79	0	0	0	0	746.132	1741
123	79	0	0	0	0	674.854	1742
122	79	0	0	0	0	700.13	1743
123	79	0	0	0	0	677.816	1744
125	81	0	0	0	0	764.867	1745
125	82	0	0	0	0	703.976	1746
125	81	0	0	0	0	701.222	1747
124	81	0	0	0	0	769.455	1748
125	81	0	0	0	0	772.781	1749
125	81	0	0	0	0	759.924	1750
126	82	0	0	0	0	752.738	1751
126	83	0	0	0	0	715.448	1752
126	83	0	0	0	0	759.614	1753
120	81	0	0	0	0	702.174	1754
119	81	0	0	0	0	716.719	1755
120	83	0	0	0	0	726.608	1756
120	80	0	0	0	0	731.515	1757
120	80	0	0	0	0	707.929	1758
119	81	0	0	0	0	718.812	1759
118	78	0	0	0	0	664.178	1760
120	78	0	0	0	0	698.452	1761
119	79	0	0	0	0	725.97	1762
119	82	0	0	0	0	621.113	1763
120	88	0	0	0	0	734.436	1764
113	88	0	0	0	0	665.059	1765
115	89	0	0	0	0	711.879	1766
116	88	0	0	0	0	713.345	1767
113	88	0	0	0	0	729.375	1768
114	86	0	0	0	0	652.984	1769
112	86	0	0	0	0	649.518	1770
112	87	0	0	0	0	665.401	1771
96	85	0	0	0	0	527.154	1772
87	85	0	0	0	0	556.766	1773
93	84	0	0	0	0	591.697	1774
96	84	0	0	0	0	560.996	1775
98	85	0	0	0	0	684.855	1776
99	87	0	0	0	0	668.035	1777
101	87	0	0	0	0	670.254	1778
96	86	0	0	0	0	667.884	1779
97	89	0	0	0	0	682.907	1780
97	89	0	0	0	0	629.291	1781
99	91	0	0	0	0	661.103	1782
100	91	0	0	0	0	616.653	1783
102	91	0	0	0	0	571.014	1784
104	91	0	0	0	0	666.271	1785
96	88	0	0	0	0	551.679	1786
97	89	0	0	0	0	656.742	1787
99	90	0	0	0	0	710.546	1788
99	90	0	0	0	0	682.507	1789
99	94	0	0	0	0	668.136	1790
99	93	0	0	0	0	722.487	1791
100	93	0	0	0	0	687.088	1792
100	96	0	0	0	0	699.222	1793
97	96	0	0	0	0	652.473	1794
98	111	0	0	0	0	700.839	1795
100	108	0	0	0	0	745.564	1796
99	108	0	0	0	0	716.9	1797
102	109	0	0	0	0	721.964	1798
96	110	0	0	0	0	700.864	1799
99	115	0	0	0	0	778.291	1800
102	118	0	0	0	0	755.983	1801
103	118	0	0	0	0	774.649	1802
105	116	0	0	0	0	751.783	1803
97	115	0	0	0	0	754.477	1804
97	112	0	0	0	0	733.484	1805
101	111	0	0	0	0	658.333	1806
103	111	0	0	0	0	823.298	1807
103	111	0	0	0	0	814.044	1808
105	111	0	0	0	0	821.361	1809
104	109	0	0	0	0	737.342	1810
104	108	0	0	0	0	820.67	1811
104	108	0	0	0	0	783.732	1812
104	107	0	0	0	0	820.401	1813
104	107	0	0	0	0	713.126	1814
107	107	0	0	0	0	720.116	1815
110	107	0	0	0	0	763.884	1816
114	103	0	0	0	0	789.824	1817
114	101	0	0	0	0	782.428	1818
115	102	0	0	0	0	836.971	1819
115	102	0	0	0	0	783.424	1820
115	101	0	0	0	0	781.235	1821
115	100	0	0	0	0	754.122	1822
116	98	0	0	0	0	730.074	1823
117	94	0	0	0	0	725.786	1824
117	94	0	0	0	0	803.423	1825
118	93	0	0	0	0	770.111	1826
119	93	0	0	0	0	786.496	1827
119	93	0	0	0	0	740.836	1828
119	95	0	0	0	0	798.486	1829
120	92	0	0	0	0	793.281	1830
118	91	0	0	0	0	656.056	1831
119	89	0	0	0	0	791.321	1832
118	88	0	0	0	0	710.97	1833
120	97	0	0	0	0	793.5	1834
121	97	0	0	0	0	754.064	1835
121	99	0	0	0	0	837.185	1836
121	98	0	0	0	0	802.611	1837
116	96	0	0	0	0	763.003	1838
114	96	0	0	0	0	755.645	1839
114	93	0	0	0	0	717.561	1840
114	94	0	0	0	0	660.217	1841
114	97	0	0	0	0	716.253	1842
93	97	0	0	0	0	682.555	1843
93	97	0	0	0	0	732.42	1844
93	97	0	0	0	0	657.232	1845
97	97	0	0	0	0	687.447	1846
99	96	0	0	0	0	671.188	1847
100	96	0	0	0	0	714.362	1848
101	99	0	0	0	0	707.294	1849
93	97	0	0	0	0	674.31	1850
91	101	0	0	0	0	711.534	1851
91	102	0	0	0	0	662.647	1852
91	102	0	0	0	0	690.315	1853
91	108	0	0	0	0	732.1	1854
92	111	0	0	0	0	686.224	1855
92	111	0	0	0	0	686.765	1856
92	111	0	0	0	0	693.204	1857
84	112	0	0	0	0	679.274	1858
87	112	0	0	0	0	671.352	1859
82	113	0	0	0	0	620.776	1860
75	113	0	0	0	0	664.988	1861
75	115	0	0	0	0	649.081	1862
65	115	0	0	0	0	678.215	1863
64	114	0	0	0	0	613.711	1864
64	114	0	0	0	0	663.176	1865
65	110	0	0	0	0	492.212	1866
66	113	0	0	0	0	666.347	1867
66	113	0	0	0	0	683.878	1868
66	113	0	0	0	0	679.21	1869
65	113	0	0	0	0	664.027	1870
65	112	0	0	0	0	590.727	1871
67	113	0	0	0	0	680.738	1872
67	113	0	0	0	0	672.719	1873
67	112	0	0	0	0	644.96	1874
68	113	0	0	0	0	644.999	1875
65	112	0	0	0	0	630.865	1876
64	113	0	0	0	0	663.251	1877
65	111	0	0	0	0	583.015	1878
66	111	0	0	0	0	662.692	1879
66	111	0	0	0	0	651.33	1880
63	109	0	0	0	0	579.167	1881
67	109	0	0	0	0	653.785	1882
68	109	0	0	0	0	650.144	1883
68	109	0	0	0	0	605.438	1884
68	107	0	0	0	0	594.114	1885
61	109	0	0	0	0	617.637	1886
61	115	0	0	0	0	609.504	1887
59	112	0	0	0	0	518.794	1888
59	111	0	0	0	0	588.369	1889
62	110	0	0	0	0	626.336	1890
62	110	0	0	0	0	565.144	1891
68	114	0	0	0	0	570.475	1892
67	113	0	0	0	0	540.668	1893
66	113	0	0	0	0	568.253	1894
63	112	0	0	0	0	565.176	1895
55	110	0	0	0	0	546.886	1896
58	111	0	0	0	0	564.839	1897
57	108	0	0	0	0	532.227	1898
61	108	0	0	0	0	591.015	1899
62	111	0	0	0	0	599.631	1900
59	109	0	0	0	0	533.583	1901
61	106	0	0	0	0	562.499	1902
62	105	0	0	0	0	558.175	1903
62	104	0	0	0	0	588.668	1904
62	99	0	0	0	0	573.049	1905
57	94	0	0	0	0	475.666	1906
63	93	0	0	0	0	477.937	1907
68	90	0	0	0	0	540.014	1908
69	85	0	0	0	0	548.906	1909
71	84	0	0	0	0	559.931	1910
74	78	0	0	0	0	548.436	1911
76	75	0	0	0	0	554.466	1912
76	70	0	0	0	0	429.452	1913
76	67	0	0	0	0	476.727	1914
77	71	0	0	0	0	525.694	1915
78	69	0	0	0	0	542.331	1916
78	65	0	0	0	0	497.29	1917
78	65	0	0	0	0	481.701	1918
84	66	0	0	0	0	517.486	1919
86	66	0	0	0	0	542.465	1920
86	66	0	0	0	0	499.378	1921
86	68	0	0	0	0	510.181	1922
87	69	0	0	0	0	521.858	1923
88	69	0	0	0	0	577.666	1924
89	68	0	0	0	0	570.95	1925
91	66	0	0	0	0	481.349	1926
91	63	0	0	0	0	516.141	1927
93	63	0	0	0	0	568.761	1928
94	65	0	0	0	0	570.918	1929
94	64	0	0	0	0	586.427	1930
96	67	0	0	0	0	568.645	1931
96	68	0	0	0	0	580.995	1932
97	68	0	0	0	0	583.968	1933
97	73	0	0	0	0	630.235	1934
98	72	0	0	0	0	603.172	1935
99	72	0	0	0	0	599.567	1936
99	70	0	0	0	0	575.152	1937
98	70	0	0	0	0	521.357	1938
102	70	0	0	0	0	579.327	1939
97	67	0	0	0	0	544.186	1940
97	67	0	0	0	0	549.105	1941
97	67	0	0	0	0	573.675	1942
96	66	0	0	0	0	564.654	1943
97	67	0	0	0	0	573.809	1944
97	62	0	0	0	0	588.205	1945
97	62	0	0	0	0	608.125	1946
97	63	0	0	0	0	610.713	1947
97	62	0	0	0	0	545.844	1948
99	66	0	0	0	0	566.772	1949
99	67	0	0	0	0	555.561	1950
100	83	0	0	0	0	638.318	1951
99	82	0	0	0	0	640.74	1952
100	82	0	0	0	0	630.062	1953
98	83	0	0	0	0	642.682	1954
97	83	0	0	0	0	594.186	1955
98	83	0	0	0	0	587.888	1956
98	83	0	0	0	0	675.825	1957
94	83	0	0	0	0	638.962	1958
94	97	0	0	0	0	636.759	1959
89	96	0	0	0	0	604.497	1960
89	100	0	0	0	0	681.386	1961
89	100	0	0	0	0	680.675	1962
89	98	0	0	0	0	652.666	1963
90	99	0	0	0	0	660.703	1964
88	99	0	0	0	0	659.737	1965
90	98	0	0	0	0	643.427	1966
89	98	0	0	0	0	651.07	1967
78	96	0	0	0	0	601.939	1968
75	94	0	0	0	0	624.516	1969
75	97	0	0	0	0	651.237	1970
74	98	0	0	0	0	647.436	1971
74	99	0	0	0	0	666.983	1972
76	99	0	0	0	0	639.205	1973
76	98	0	0	0	0	611.186	1974
76	99	0	0	0	0	614.601	1975
76	99	0	0	0	0	630.788	1976
76	99	0	0	0	0	651.325	1977
76	100	0	0	0	0	672.718	1978
77	100	0	0	0	0	678.151	1979
77	100	0	0	0	0	631.721	1980
77	98	0	0	0	0	631.803	1981
77	98	0	0	0	0	659.228	1982
75	99	0	0	0	0	601.67	1983
77	98	0	0	0	0	667.394	1984
77	98	0	0	0	0	661.945	1985
80	107	0	0	0	0	648.224	1986
80	107	0	0	0	0	661.141	1987
79	106	0	0	0	0	627.287	1988
83	105	0	0	0	0	637.395	1989
85	102	0	0	0	0	654.731	1990
86	102	0	0	0	0	706.737	1991
87	99	0	0	0	0	591.597	1992
90	98	0	0	0	0	618.258	1993
94	99	0	0	0	0	706.468	1994
92	99	0	0	0	0	687.827	1995
92	99	0	0	0	0	714.448	1996
93	97	0	0	0	0	584.726	1997
93	98	0	0	0	0	679.422	1998
93	99	0	0	0	0	686.828	1999
86	99	0	0	0	0	659.439	2000
87	99	0	0	0	0	703.365	2001
88	99	0	0	0	0	699.494	2002
88	98	0	0	0	0	592.544	2003
90	98	0	0	0	0	720.724	2004
90	99	0	0	0	0	699.185	2005
91	99	0	0	0	0	653.917	2006
91	95	0	0	0	0	599.99	2007
91	93	0	0	0	0	621.858	2008
90	94	0	0	0	0	672.851	2009
92	96	0	0	0	0	683.817	2010
93	95	0	0	0	0	675.971	2011
93	94	0	0	0	0	715.227	2012
94	94	0	0	0	0	598.2	2013
95	93	0	0	0	0	641.802	2014
96	92	0	0	0	0	629.593	2015
98	91	0	0	0	0	726.967	2016
99	93	0	0	0	0	705.368	2017
99	92	0	0	0	0	651.214	2018
96	95	0	0	0	0	609.661	2019
97	95	0	0	0	0	609.901	2020
99	94	0	0	0	0	630.203	2021
101	94	0	0	0	0	690.577	2022
104	92	0	0	0	0	697.175	2023
107	93	0	0	0	0	700.222	2024
106	92	0	0	0	0	720.723	2025
104	91	0	0	0	0	642.651	2026
103	94	0	0	0	0	736.907	2027
103	94	0	0	0	0	703.889	2028
104	116	0	0	0	0	735.871	2029
104	116	0	0	0	0	706.083	2030
107	123	0	0	0	0	789.858	2031
107	122	0	0	0	0	716.536	2032
110	122	0	0	0	0	783.158	2033
111	119	0	0	0	0	728.647	2034
112	121	0	0	0	0	739.474	2035
110	123	0	0	0	0	842.883	2036
110	123	0	0	0	0	833.582	2037
106	120	0	0	0	0	749.424	2038
106	120	0	0	0	0	830.778	2039
106	118	0	0	0	0	796.672	2040
106	117	0	0	0	0	834.778	2041
107	116	0	0	0	0	675.612	2042
113	117	0	0	0	0	867.188	2043
113	117	0	0	0	0	784.439	2044
115	117	0	0	0	0	870.488	2045
117	117	0	0	0	0	801.752	2046
117	117	0	0	0	0	871.458	2047
117	116	0	0	0	0	750.334	2048
122	116	0	0	0	0	894.073	2049
122	118	0	0	0	0	836.516	2050
122	117	0	0	0	0	848.34	2051
125	117	0	0	0	0	844.146	2052
127	124	0	0	0	0	853.126	2053
130	129	0	0	0	0	955.777	2054
130	129	0	0	0	0	943.401	2055
132	130	0	0	0	0	941.667	2056
131	130	0	0	0	0	943.715	2057
131	131	0	0	0	0	975.93	2058
130	131	0	0	0	0	918.646	2059
128	130	0	0	0	0	877.874	2060
125	132	0	0	0	0	923.516	2061
123	131	0	0	0	0	916.219	2062
123	127	0	0	0	0	889.585	2063
125	130	0	0	0	0	919.774	2064
124	130	0	0	0	0	792.733	2065
125	130	0	0	0	0	912.067	2066
129	130	0	0	0	0	898.666	2067
129	130	0	0	0	0	878.489	2068
126	135	0	0	0	0	984.073	2069
125	137	0	0	0	0	888.265	2070
124	138	0	0	0	0	914.337	2071
127	138	0	0	0	0	988.937	2072
128	136	0	0	0	0	631.871	2073
129	135	0	0	0	0	930.136	2074
132	134	0	0	0	0	997.781	2075
133	134	0	0	0	0	999.37	2076
135	134	0	0	0	0	795.443	2077
138	129	0	0	0	0	909.883	2078
148	130	0	0	0	0	911.601	2079
151	129	0	0	0	0	1017.47	2080
152	126	0	0	0	0	997.525	2081
153	125	0	0	0	0	962.261	2082
155	124	0	0	0	0	1005.18	2083
156	125	0	0	0	0	1015.67	2084
157	124	0	0	0	0	1003.18	2085
158	121	0	0	0	0	955.167	2086
158	120	0	0	0	0	1061.94	2087
158	121	0	0	0	0	996.823	2088
161	121	0	0	0	0	1029.46	2089
163	124	0	0	0	0	1024.48	2090
164	121	0	0	0	0	990.643	2091
167	123	0	0	0	0	1061	2092
168	122	0	0	0	0	1039.29	2093
169	124	0	0	0	0	1070.12	2094
168	123	0	0	0	0	1052.73	2095
170	122	0	0	0	0	1007.47	2096
173	123	0	0	0	0	993.326	2097
173	123	0	0	0	0	1097.4	2098
169	121	0	0	0	0	901.794	2099
170	121	0	0	0	0	1110.87	2100
170	120	0	0	0	0	1055.46	2101
172	120	0	0	0	0	1065.37	2102
174	120	0	0	0	0	1045.59	2103
176	120	0	0	0	0	1119.67	2104
178	119	0	0	0	0	884.468	2105
181	118	0	0	0	0	1046.93	2106
184	121	0	0	0	0	1095.49	2107
186	115	0	0	0	0	1068.76	2108
186	119	0	0	0	0	1132.25	2109
187	117	0	0	0	0	1153.05	2110
186	117	0	0	0	0	1018.27	2111
187	122	0	0	0	0	1039.35	2112
191	122	0	0	0	0	1083.84	2113
192	129	0	0	0	0	1132.06	2114
193	131	0	0	0	0	1166.5	2115
182	132	0	0	0	0	1150.63	2116
182	132	0	0	0	0	1148.94	2117
167	132	0	0	0	0	1049.82	2118
163	131	0	0	0	0	1034.76	2119
162	133	0	0	0	0	1088.87	2120
160	133	0	0	0	0	1077.93	2121
159	134	0	0	0	0	1079.48	2122
156	132	0	0	0	0	1012.62	2123
156	131	0	0	0	0	1085.58	2124
156	130	0	0	0	0	1055.84	2125
156	130	0	0	0	0	1025.38	2126
156	130	0	0	0	0	1033.8	2127
156	130	0	0	0	0	1044.03	2128
155	130	0	0	0	0	1043.32	2129
156	130	0	0	0	0	1085.27	2130
157	128	0	0	0	0	1038.67	2131
157	125	0	0	0	0	984.893	2132
159	125	0	0	0	0	989.98	2133
161	124	0	0	0	0	998.42	2134
162	124	0	0	0	0	1015.02	2135
163	120	0	0	0	0	1044.27	2136
162	119	0	0	0	0	1050.82	2137
162	118	0	0	0	0	1030.4	2138
162	118	0	0	0	0	1038.66	2139
162	113	0	0	0	0	924.681	2140
162	112	0	0	0	0	1037.01	2141
161	113	0	0	0	0	970.935	2142
160	113	0	0	0	0	1048.06	2143
158	112	0	0	0	0	1029.12	2144
156	112	0	0	0	0	935.801	2145
156	112	0	0	0	0	901.715	2146
157	114	0	0	0	0	1021.25	2147
157	124	0	0	0	0	959.834	2148
160	125	0	0	0	0	1008.99	2149
160	122	0	0	0	0	994.024	2150
146	123	0	0	0	0	974.197	2151
144	134	0	0	0	0	1009.13	2152
143	134	0	0	0	0	1002.2	2153
142	136	0	0	0	0	984.789	2154
141	135	0	0	0	0	779.415	2155
133	138	0	0	0	0	829.178	2156
135	141	0	0	0	0	878.788	2157
136	141	0	0	0	0	874.954	2158
133	140	0	0	0	0	747.43	2159
129	138	0	0	0	0	823.467	2160
112	138	0	0	0	0	871.274	2161
112	136	0	0	0	0	877.838	2162
113	134	0	0	0	0	852.341	2163
116	133	0	0	0	0	938.86	2164
116	135	0	0	0	0	876	2165
115	132	0	0	0	0	877.925	2166
111	132	0	0	0	0	802.578	2167
112	131	0	0	0	0	820.891	2168
114	128	0	0	0	0	846.184	2169
115	124	0	0	0	0	898.062	2170
118	122	0	0	0	0	814.891	2171
117	121	0	0	0	0	771.188	2172
119	122	0	0	0	0	747.216	2173
115	122	0	0	0	0	904.963	2174
116	122	0	0	0	0	896.326	2175
114	121	0	0	0	0	722.343	2176
119	121	0	0	0	0	854.659	2177
119	116	0	0	0	0	778.71	2178
121	112	0	0	0	0	872.03	2179
122	111	0	0	0	0	845.799	2180
120	109	0	0	0	0	864.524	2181
120	110	0	0	0	0	858.615	2182
121	110	0	0	0	0	823.909	2183
122	111	0	0	0	0	822.687	2184
123	110	0	0	0	0	900.089	2185
124	112	0	0	0	0	901.276	2186
124	111	0	0	0	0	752.176	2187
117	111	0	0	0	0	818.556	2188
118	111	0	0	0	0	828.722	2189
118	111	0	0	0	0	846.945	2190
120	111	0	0	0	0	833.694	2191
117	112	0	0	0	0	722.071	2192
102	112	0	0	0	0	738.544	2193
102	111	0	0	0	0	757.425	2194
101	108	0	0	0	0	736.581	2195
102	108	0	0	0	0	797.272	2196
103	108	0	0	0	0	783.263	2197
103	108	0	0	0	0	788.617	2198
105	107	0	0	0	0	732.839	2199
106	107	0	0	0	0	800.035	2200
106	106	0	0	0	0	706.158	2201
108	107	0	0	0	0	774.191	2202
107	110	0	0	0	0	781.502	2203
107	108	0	0	0	0	653.231	2204
113	108	0	0	0	0	761.89	2205
114	108	0	0	0	0	751.509	2206
116	108	0	0	0	0	792.575	2207
116	117	0	0	0	0	794.843	2208
116	115	0	0	0	0	733.647	2209
116	113	0	0	0	0	738.36	2210
118	112	0	0	0	0	787.854	2211
113	111	0	0	0	0	759.2	2212
112	112	0	0	0	0	723.115	2213
111	116	0	0	0	0	764.796	2214
108	114	0	0	0	0	778.922	2215
107	114	0	0	0	0	785.993	2216
103	113	0	0	0	0	764.136	2217
101	112	0	0	0	0	759.803	2218
103	111	0	0	0	0	784.662	2219
102	110	0	0	0	0	772.184	2220
97	108	0	0	0	0	643.071	2221
93	112	0	0	0	0	702.892	2222
90	110	0	0	0	0	618.112	2223
90	110	0	0	0	0	702.275	2224
89	109	0	0	0	0	619.532	2225
88	108	0	0	0	0	632.287	2226
88	108	0	0	0	0	719.148	2227
88	109	0	0	0	0	728.291	2228
88	107	0	0	0	0	726.737	2229
85	107	0	0	0	0	595.406	2230
90	110	0	0	0	0	657.146	2231
90	109	0	0	0	0	663.489	2232
91	109	0	0	0	0	760.991	2233
92	108	0	0	0	0	716.32	2234
94	106	0	0	0	0	680.019	2235
93	102	0	0	0	0	633.893	2236
94	99	0	0	0	0	621.017	2237
94	97	0	0	0	0	608.533	2238
91	93	0	0	0	0	577.339	2239
89	90	0	0	0	0	666.195	2240
89	90	0	0	0	0	553.529	2241
89	92	0	0	0	0	605.468	2242
90	93	0	0	0	0	647.554	2243
89	91	0	0	0	0	644.455	2244
89	89	0	0	0	0	550.445	2245
90	89	0	0	0	0	636.941	2246
90	88	0	0	0	0	599.638	2247
89	86	0	0	0	0	625.073	2248
88	87	0	0	0	0	585.555	2249
89	86	0	0	0	0	615.714	2250
88	87	0	0	0	0	634.808	2251
89	86	0	0	0	0	635.941	2252
88	87	0	0	0	0	489.896	2253
86	87	0	0	0	0	599.268	2254
87	90	0	0	0	0	617.3	2255
86	90	0	0	0	0	487.697	2256
89	90	0	0	0	0	593.041	2257
90	90	0	0	0	0	616.046	2258
91	89	0	0	0	0	591.088	2259
94	87	0	0	0	0	627.202	2260
95	87	0	0	0	0	624.5	2261
94	83	0	0	0	0	563.901	2262
95	83	0	0	0	0	625.822	2263
85	82	0	0	0	0	609.784	2264
85	86	0	0	0	0	623.982	2265
84	86	0	0	0	0	558.379	2266
85	88	0	0	0	0	617.548	2267
84	88	0	0	0	0	494.245	2268
84	88	0	0	0	0	639.586	2269
84	88	0	0	0	0	568.303	2270
85	86	0	0	0	0	253.057	2271
88	86	0	0	0	0	642.764	2272
86	86	0	0	0	0	636.265	2273
84	85	0	0	0	0	609.523	2274
84	84	0	0	0	0	616.675	2275
85	83	0	0	0	0	638.365	2276
87	82	0	0	0	0	636.855	2277
87	81	0	0	0	0	622.035	2278
91	82	0	0	0	0	649.068	2279
91	81	0	0	0	0	520.753	2280
91	80	0	0	0	0	544.224	2281
95	80	0	0	0	0	577.12	2282
96	79	0	0	0	0	644.226	2283
96	78	0	0	0	0	595.546	2284
97	78	0	0	0	0	632.093	2285
97	75	0	0	0	0	560.646	2286
99	75	0	0	0	0	607.863	2287
94	74	0	0	0	0	598.955	2288
95	74	0	0	0	0	613.633	2289
97	73	0	0	0	0	613.552	2290
99	72	0	0	0	0	616.086	2291
98	70	0	0	0	0	596.651	2292
100	69	0	0	0	0	612.783	2293
100	67	0	0	0	0	445.235	2294
102	67	0	0	0	0	572.565	2295
103	65	0	0	0	0	589.871	2296
104	64	0	0	0	0	562.198	2297
104	63	0	0	0	0	559.295	2298
101	63	0	0	0	0	429.343	2299
101	76	0	0	0	0	539.577	2300
101	76	0	0	0	0	556.785	2301
101	64	0	0	0	0	483.599	2302
101	64	0	0	0	0	544.324	2303
101	62	0	0	0	0	557.194	2304
103	61	0	0	0	0	525.98	2305
100	63	0	0	0	0	519.529	2306
100	60	0	0	0	0	556.903	2307
100	60	0	0	0	0	569.806	2308
99	59	0	0	0	0	512.927	2309
96	58	0	0	0	0	540.555	2310
96	58	0	0	0	0	530.757	2311
99	58	0	0	0	0	586.964	2312
99	58	0	0	0	0	575.205	2313
99	57	0	0	0	0	582.589	2314
97	55	0	0	0	0	503.787	2315
94	55	0	0	0	0	544.578	2316
96	55	0	0	0	0	524.401	2317
95	52	0	0	0	0	533.87	2318
96	60	0	0	0	0	451.783	2319
96	61	0	0	0	0	534.987	2320
96	57	0	0	0	0	460.754	2321
98	60	0	0	0	0	576.434	2322
98	58	0	0	0	0	554.899	2323
98	59	0	0	0	0	568.392	2324
98	59	0	0	0	0	552.192	2325
98	59	0	0	0	0	553.172	2326
98	59	0	0	0	0	544.018	2327
87	59	0	0	0	0	398.381	2328
89	58	0	0	0	0	489.66	2329
94	59	0	0	0	0	537.66	2330
94	60	0	0	0	0	537.966	2331
94	59	0	0	0	0	542.185	2332
95	56	0	0	0	0	503.663	2333
96	56	0	0	0	0	570.731	2334
95	56	0	0	0	0	552.861	2335
96	56	0	0	0	0	569.528	2336
93	56	0	0	0	0	535.115	2337
93	56	0	0	0	0	519.763	2338
93	54	0	0	0	0	500.287	2339
89	53	0	0	0	0	543.397	2340
89	53	0	0	0	0	545.301	2341
89	53	0	0	0	0	425.535	2342
92	53	0	0	0	0	437.81	2343
95	51	0	0	0	0	494.502	2344
95	51	0	0	0	0	511.938	2345
95	48	0	0	0	0	507.43	2346
95	47	0	0	0	0	507.624	2347
95	47	0	0	0	0	496.089	2348
91	47	0	0	0	0	456.157	2349
92	47	0	0	0	0	504.095	2350
92	46	0	0	0	0	481.686	2351
92	54	0	0	0	0	468.328	2352
94	53	0	0	0	0	475.513	2353
97	54	0	0	0	0	499.981	2354
97	54	0	0	0	0	482.416	2355
97	54	0	0	0	0	481.594	2356
96	54	0	0	0	0	475.246	2357
95	54	0	0	0	0	516.651	2358
87	54	0	0	0	0	488.972	2359
89	71	0	0	0	0	502.018	2360
84	70	0	0	0	0	441.004	2361
86	71	0	0	0	0	514.727	2362
86	73	0	0	0	0	466.613	2363
89	72	0	0	0	0	545.056	2364
90	72	0	0	0	0	523.996	2365
89	73	0	0	0	0	505.323	2366
85	78	0	0	0	0	548.496	2367
84	89	0	0	0	0	547.216	2368
76	89	0	0	0	0	610.901	2369
74	89	0	0	0	0	588.962	2370
74	89	0	0	0	0	576.407	2371
74	88	0	0	0	0	568.286	2372
80	88	0	0	0	0	542.464	2373
83	88	0	0	0	0	610.231	2374
85	88	0	0	0	0	598.188	2375
85	89	0	0	0	0	592.459	2376
80	88	0	0	0	0	577.851	2377
81	87	0	0	0	0	647.134	2378
81	87	0	0	0	0	648.557	2379
81	87	0	0	0	0	546.827	2380
85	88	0	0	0	0	562.714	2381
88	88	0	0	0	0	653.993	2382
89	88	0	0	0	0	586.562	2383
93	88	0	0	0	0	665.118	2384
89	87	0	0	0	0	619.586	2385
90	85	0	0	0	0	673.803	2386
91	85	0	0	0	0	676.335	2387
93	85	0	0	0	0	673.521	2388
93	85	0	0	0	0	633.437	2389
94	84	0	0	0	0	675.769	2390
94	85	0	0	0	0	573.388	2391
96	90	0	0	0	0	696.556	2392
97	90	0	0	0	0	693.586	2393
97	90	0	0	0	0	696.622	2394
98	90	0	0	0	0	678.695	2395
98	90	0	0	0	0	715.034	2396
98	90	0	0	0	0	666.913	2397
97	89	0	0	0	0	667.58	2398
98	90	0	0	0	0	660.281	2399
99	88	0	0	0	0	533.926	2400
98	88	0	0	0	0	703.657	2401
99	87	0	0	0	0	700.319	2402
99	87	0	0	0	0	626.645	2403
100	88	0	0	0	0	698.669	2404
100	88	0	0	0	0	719.942	2405
100	89	0	0	0	0	668.455	2406
100	88	0	0	0	0	670.868	2407
100	89	0	0	0	0	693.641	2408
100	89	0	0	0	0	663.339	2409
99	88	0	0	0	0	602.107	2410
98	88	0	0	0	0	701.945	2411
98	89	0	0	0	0	692.108	2412
98	87	0	0	0	0	658.615	2413
99	86	0	0	0	0	627.088	2414
99	86	0	0	0	0	652.773	2415
95	87	0	0	0	0	688.682	2416
98	85	0	0	0	0	556.074	2417
93	83	0	0	0	0	666.294	2418
91	83	0	0	0	0	578.803	2419
93	86	0	0	0	0	641.663	2420
95	85	0	0	0	0	608.862	2421
95	87	0	0	0	0	691.555	2422
96	88	0	0	0	0	639.791	2423
96	89	0	0	0	0	655.884	2424
96	88	0	0	0	0	671.506	2425
97	88	0	0	0	0	666.942	2426
91	88	0	0	0	0	579.802	2427
88	86	0	0	0	0	623.025	2428
77	88	0	0	0	0	547.433	2429
79	88	0	0	0	0	569.663	2430
80	87	0	0	0	0	602.013	2431
79	88	0	0	0	0	609.686	2432
80	88	0	0	0	0	608.798	2433
80	87	0	0	0	0	616.159	2434
79	86	0	0	0	0	509.684	2435
81	87	0	0	0	0	593.023	2436
81	92	0	0	0	0	628.683	2437
79	93	0	0	0	0	510.942	2438
81	93	0	0	0	0	571.116	2439
84	93	0	0	0	0	645.686	2440
84	92	0	0	0	0	623.533	2441
84	92	0	0	0	0	650.89	2442
85	92	0	0	0	0	680.757	2443
86	92	0	0	0	0	636.179	2444
86	92	0	0	0	0	585.137	2445
88	91	0	0	0	0	648.094	2446
90	90	0	0	0	0	659.691	2447
92	90	0	0	0	0	607.907	2448
92	88	0	0	0	0	625.436	2449
91	82	0	0	0	0	624.828	2450
93	83	0	0	0	0	647.888	2451
93	84	0	0	0	0	633.962	2452
92	82	0	0	0	0	650.082	2453
91	82	0	0	0	0	654.302	2454
90	81	0	0	0	0	558.49	2455
92	84	0	0	0	0	568.071	2456
93	84	0	0	0	0	672.3	2457
94	85	0	0	0	0	656.857	2458
93	84	0	0	0	0	661.94	2459
93	84	0	0	0	0	593.709	2460
95	83	0	0	0	0	663.612	2461
97	80	0	0	0	0	626.533	2462
98	81	0	0	0	0	539.618	2463
98	82	0	0	0	0	669.036	2464
95	82	0	0	0	0	628.923	2465
96	92	0	0	0	0	661.886	2466
96	92	0	0	0	0	676.767	2467
96	91	0	0	0	0	650.382	2468
96	90	0	0	0	0	664.091	2469
96	90	0	0	0	0	655.853	2470
96	93	0	0	0	0	606.959	2471
93	92	0	0	0	0	601.082	2472
94	91	0	0	0	0	698.55	2473
93	90	0	0	0	0	665.898	2474
89	89	0	0	0	0	632.937	2475
88	87	0	0	0	0	572.39	2476
88	87	0	0	0	0	630.753	2477
88	88	0	0	0	0	594.63	2478
89	88	0	0	0	0	600.587	2479
84	87	0	0	0	0	573.933	2480
85	87	0	0	0	0	600.741	2481
84	88	0	0	0	0	616.153	2482
84	88	0	0	0	0	585.503	2483
84	88	0	0	0	0	623.553	2484
84	88	0	0	0	0	609.405	2485
83	89	0	0	0	0	607.615	2486
82	89	0	0	0	0	603.572	2487
81	88	0	0	0	0	540.217	2488
81	89	0	0	0	0	617.967	2489
77	88	0	0	0	0	573.657	2490
78	93	0	0	0	0	608.254	2491
79	93	0	0	0	0	610.337	2492
78	93	0	0	0	0	635.417	2493
76	91	0	0	0	0	554.418	2494
75	91	0	0	0	0	554.261	2495
74	91	0	0	0	0	577.912	2496
74	90	0	0	0	0	493.498	2497
76	90	0	0	0	0	544.558	2498
71	92	0	0	0	0	495.692	2499
58	96	0	0	0	0	494.523	2500
58	99	0	0	0	0	515.342	2501
57	99	0	0	0	0	503.513	2502
57	100	0	0	0	0	502.858	2503
56	98	0	0	0	0	483.673	2504
56	96	0	0	0	0	520.555	2505
57	94	0	0	0	0	414.919	2506
59	95	0	0	0	0	490.871	2507
58	92	0	0	0	0	452.687	2508
59	94	0	0	0	0	496.02	2509
53	84	0	0	0	0	447.927	2510
54	82	0	0	0	0	464.752	2511
57	81	0	0	0	0	493.712	2512
57	79	0	0	0	0	433.976	2513
57	79	0	0	0	0	509.223	2514
57	78	0	0	0	0	444.459	2515
60	78	0	0	0	0	441.557	2516
61	78	0	0	0	0	501.097	2517
63	76	0	0	0	0	516.707	2518
64	74	0	0	0	0	416.177	2519
66	73	0	0	0	0	504.954	2520
65	74	0	0	0	0	495.891	2521
67	73	0	0	0	0	502.899	2522
67	72	0	0	0	0	495.371	2523
68	72	0	0	0	0	515.23	2524
69	70	0	0	0	0	500.168	2525
69	72	0	0	0	0	506.829	2526
69	73	0	0	0	0	503.263	2527
67	70	0	0	0	0	455.687	2528
69	70	0	0	0	0	493.034	2529
68	69	0	0	0	0	484.679	2530
69	68	0	0	0	0	520.604	2531
69	68	0	0	0	0	512.275	2532
70	66	0	0	0	0	514.687	2533
70	64	0	0	0	0	399.791	2534
68	65	0	0	0	0	502.938	2535
66	65	0	0	0	0	500.806	2536
66	65	0	0	0	0	449.34	2537
66	65	0	0	0	0	505.99	2538
66	66	0	0	0	0	488.135	2539
66	64	0	0	0	0	450.584	2540
67	64	0	0	0	0	446.298	2541
68	65	0	0	0	0	504.177	2542
68	65	0	0	0	0	430.527	2543
64	65	0	0	0	0	495.471	2544
65	65	0	0	0	0	486.554	2545
65	64	0	0	0	0	482.972	2546
65	62	0	0	0	0	471.439	2547
65	59	0	0	0	0	398.822	2548
64	57	0	0	0	0	461.915	2549
64	57	0	0	0	0	394.54	2550
64	57	0	0	0	0	422.495	2551
64	57	0	0	0	0	465.362	2552
64	56	0	0	0	0	446.213	2553
63	55	0	0	0	0	437.701	2554
64	51	0	0	0	0	360.664	2555
64	64	0	0	0	0	373.545	2556
65	64	0	0	0	0	442.12	2557
58	64	0	0	0	0	431.894	2558
57	63	0	0	0	0	402.756	2559
58	63	0	0	0	0	420.549	2560
57	62	0	0	0	0	408.605	2561
57	62	0	0	0	0	419.337	2562
57	61	0	0	0	0	431.23	2563
54	62	0	0	0	0	419.716	2564
50	62	0	0	0	0	349.432	2565
50	63	0	0	0	0	415.504	2566
50	62	0	0	0	0	384.07	2567
50	61	0	0	0	0	387.751	2568
50	62	0	0	0	0	406.359	2569
44	62	0	0	0	0	352.837	2570
49	62	0	0	0	0	394.745	2571
49	61	0	0	0	0	402.448	2572
49	62	0	0	0	0	402.941	2573
47	61	0	0	0	0	327.271	2574
47	63	0	0	0	0	406.284	2575
47	63	0	0	0	0	389.784	2576
47	62	0	0	0	0	395.177	2577
47	62	0	0	0	0	351.589	2578
52	59	0	0	0	0	366.393	2579
53	67	0	0	0	0	366.334	2580
52	66	0	0	0	0	366.667	2581
46	66	0	0	0	0	363.401	2582
40	66	0	0	0	0	325.221	2583
39	66	0	0	0	0	333.126	2584
41	65	0	0	0	0	383.343	2585
42	64	0	0	0	0	384.945	2586
42	64	0	0	0	0	380.441	2587
42	63	0	0	0	0	339.499	2588
32	60	0	0	0	0	313.992	2589
34	60	0	0	0	0	351.995	2590
35	59	0	0	0	0	294.328	2591
39	59	0	0	0	0	317.966	2592
45	59	0	0	0	0	364.538	2593
45	58	0	0	0	0	393.851	2594
45	57	0	0	0	0	365.375	2595
46	58	0	0	0	0	359.883	2596
46	60	0	0	0	0	375.233	2597
46	58	0	0	0	0	372.82	2598
46	61	0	0	0	0	373.428	2599
48	61	0	0	0	0	377.168	2600
49	60	0	0	0	0	383.032	2601
49	60	0	0	0	0	364.221	2602
50	60	0	0	0	0	353.666	2603
51	58	0	0	0	0	408.741	2604
49	59	0	0	0	0	396.823	2605
45	59	0	0	0	0	393.307	2606
46	59	0	0	0	0	394.348	2607
45	60	0	0	0	0	333.949	2608
46	59	0	0	0	0	330.832	2609
48	59	0	0	0	0	387.738	2610
48	59	0	0	0	0	386.988	2611
49	59	0	0	0	0	386.676	2612
49	58	0	0	0	0	379.934	2613
49	54	0	0	0	0	318.651	2614
52	55	0	0	0	0	380.623	2615
51	55	0	0	0	0	409.647	2616
52	55	0	0	0	0	371.237	2617
53	56	0	0	0	0	389.816	2618
53	55	0	0	0	0	393.945	2619
54	63	0	0	0	0	398.415	2620
53	62	0	0	0	0	328.4	2621
53	61	0	0	0	0	372.771	2622
55	61	0	0	0	0	426.606	2623
55	60	0	0	0	0	407.14	2624
56	59	0	0	0	0	436.936	2625
56	58	0	0	0	0	357.559	2626
50	57	0	0	0	0	322.307	2627
52	57	0	0	0	0	402.173	2628
51	57	0	0	0	0	402.336	2629
52	58	0	0	0	0	337.91	2630
60	58	0	0	0	0	402.032	2631
62	58	0	0	0	0	401.712	2632
62	57	0	0	0	0	318.217	2633
68	57	0	0	0	0	429.62	2634
69	56	0	0	0	0	387.615	2635
69	56	0	0	0	0	445.866	2636
70	54	0	0	0	0	369.646	2637
74	54	0	0	0	0	435.331	2638
69	54	0	0	0	0	439.336	2639
71	54	0	0	0	0	469.346	2640
71	55	0	0	0	0	366.73	2641
72	55	0	0	0	0	394.604	2642
78	55	0	0	0	0	455.222	2643
77	55	0	0	0	0	447.511	2644
77	57	0	0	0	0	470.007	2645
77	55	0	0	0	0	445.528	2646
78	58	0	0	0	0	475.599	2647
80	57	0	0	0	0	456.317	2648
79	57	0	0	0	0	466.86	2649
79	57	0	0	0	0	468.389	2650
79	55	0	0	0	0	479.307	2651
80	55	0	0	0	0	477.83	2652
83	55	0	0	0	0	498.199	2653
81	55	0	0	0	0	493.125	2654
80	55	0	0	0	0	508.029	2655
80	55	0	0	0	0	419.354	2656
84	55	0	0	0	0	493.969	2657
87	54	0	0	0	0	508.843	2658
88	54	0	0	0	0	331.033	2659
95	54	0	0	0	0	526.007	2660
96	53	0	0	0	0	526.107	2661
96	54	0	0	0	0	545.963	2662
96	54	0	0	0	0	539.748	2663
95	54	0	0	0	0	560.261	2664
95	51	0	0	0	0	445.45	2665
96	52	0	0	0	0	520.297	2666
98	53	0	0	0	0	543.252	2667
98	53	0	0	0	0	546.195	2668
98	52	0	0	0	0	522.021	2669
97	52	0	0	0	0	544.267	2670
97	52	0	0	0	0	524.181	2671
98	55	0	0	0	0	510.828	2672
99	55	0	0	0	0	535.825	2673
103	54	0	0	0	0	531.286	2674
107	54	0	0	0	0	579.322	2675
105	54	0	0	0	0	514.65	2676
107	53	0	0	0	0	546.397	2677
107	52	0	0	0	0	501.251	2678
107	52	0	0	0	0	555.618	2679
106	54	0	0	0	0	527.49	2680
102	52	0	0	0	0	487.318	2681
103	52	0	0	0	0	567.765	2682
101	52	0	0	0	0	590.388	2683
101	52	0	0	0	0	505.799	2684
102	55	0	0	0	0	577.869	2685
102	54	0	0	0	0	470.822	2686
108	57	0	0	0	0	585.774	2687
108	57	0	0	0	0	573.949	2688
109	56	0	0	0	0	558.619	2689
109	59	0	0	0	0	558.499	2690
109	59	0	0	0	0	603.364	2691
110	61	0	0	0	0	613.027	2692
112	58	0	0	0	0	523.107	2693
103	56	0	0	0	0	549.136	2694
106	56	0	0	0	0	600.422	2695
104	55	0	0	0	0	575.228	2696
104	55	0	0	0	0	530.304	2697
106	55	0	0	0	0	587.243	2698
102	54	0	0	0	0	526.958	2699
103	55	0	0	0	0	545.931	2700
105	55	0	0	0	0	574.489	2701
106	54	0	0	0	0	509.87	2702
107	56	0	0	0	0	602.308	2703
108	56	0	0	0	0	604.71	2704
111	60	0	0	0	0	603.998	2705
111	62	0	0	0	0	613.571	2706
111	62	0	0	0	0	621.534	2707
112	62	0	0	0	0	602.149	2708
112	60	0	0	0	0	528.881	2709
118	64	0	0	0	0	615.595	2710
119	70	0	0	0	0	639.672	2711
120	69	0	0	0	0	658.459	2712
120	69	0	0	0	0	682.95	2713
113	68	0	0	0	0	641.879	2714
113	72	0	0	0	0	663.178	2715
113	70	0	0	0	0	641.401	2716
113	85	0	0	0	0	679.237	2717
113	85	0	0	0	0	655.503	2718
111	85	0	0	0	0	663.074	2719
111	87	0	0	0	0	704.028	2720
110	84	0	0	0	0	664.93	2721
110	87	0	0	0	0	730.355	2722
110	88	0	0	0	0	721.885	2723
108	87	0	0	0	0	632.067	2724
110	88	0	0	0	0	730.562	2725
108	88	0	0	0	0	668.048	2726
110	91	0	0	0	0	687.428	2727
110	91	0	0	0	0	759.103	2728
110	92	0	0	0	0	758.106	2729
110	89	0	0	0	0	726.016	2730
110	90	0	0	0	0	740.521	2731
105	90	0	0	0	0	689.349	2732
107	91	0	0	0	0	689.111	2733
109	91	0	0	0	0	757.368	2734
108	91	0	0	0	0	660.175	2735
111	91	0	0	0	0	772.784	2736
112	92	0	0	0	0	784.216	2737
112	92	0	0	0	0	652.559	2738
116	91	0	0	0	0	787.727	2739
117	91	0	0	0	0	784.873	2740
119	92	0	0	0	0	796.497	2741
121	92	0	0	0	0	689.839	2742
123	92	0	0	0	0	651.055	2743
124	96	0	0	0	0	820.84	2744
125	97	0	0	0	0	790.24	2745
126	103	0	0	0	0	823.903	2746
126	104	0	0	0	0	851.36	2747
128	104	0	0	0	0	824.612	2748
128	105	0	0	0	0	853.062	2749
128	105	0	0	0	0	835.075	2750
127	107	0	0	0	0	859.277	2751
127	107	0	0	0	0	849.72	2752
119	107	0	0	0	0	764.549	2753
121	111	0	0	0	0	827.767	2754
121	112	0	0	0	0	840.282	2755
121	113	0	0	0	0	864.342	2756
122	113	0	0	0	0	798.318	2757
126	116	0	0	0	0	853.006	2758
127	122	0	0	0	0	902.062	2759
126	122	0	0	0	0	947.49	2760
128	122	0	0	0	0	882.095	2761
129	123	0	0	0	0	878.016	2762
124	124	0	0	0	0	824.514	2763
126	129	0	0	0	0	853.174	2764
122	127	0	0	0	0	821.915	2765
121	126	0	0	0	0	862.279	2766
115	126	0	0	0	0	785.423	2767
113	126	0	0	0	0	843.067	2768
112	127	0	0	0	0	895.352	2769
112	126	0	0	0	0	779.105	2770
110	127	0	0	0	0	881.922	2771
111	127	0	0	0	0	848.637	2772
107	137	0	0	0	0	866.225	2773
107	137	0	0	0	0	857.176	2774
109	136	0	0	0	0	877.637	2775
108	135	0	0	0	0	875.682	2776
110	134	0	0	0	0	869.206	2777
110	133	0	0	0	0	877.308	2778
109	134	0	0	0	0	923.527	2779
107	135	0	0	0	0	827.53	2780
107	138	0	0	0	0	913.799	2781
105	137	0	0	0	0	897.502	2782
103	136	0	0	0	0	812.333	2783
104	137	0	0	0	0	876.647	2784
105	133	0	0	0	0	781.296	2785
105	132	0	0	0	0	774.573	2786
105	131	0	0	0	0	763.82	2787
94	132	0	0	0	0	868.689	2788
94	134	0	0	0	0	873.089	2789
93	138	0	0	0	0	795.792	2790
94	140	0	0	0	0	828.734	2791
96	140	0	0	0	0	895.033	2792
96	140	0	0	0	0	828.048	2793
96	139	0	0	0	0	837.923	2794
95	139	0	0	0	0	788.766	2795
96	139	0	0	0	0	884.714	2796
95	138	0	0	0	0	866.269	2797
93	137	0	0	0	0	810.954	2798
93	133	0	0	0	0	784.164	2799
93	133	0	0	0	0	832.653	2800
93	128	0	0	0	0	701.012	2801
93	127	0	0	0	0	686.695	2802
96	126	0	0	0	0	831.408	2803
97	126	0	0	0	0	832.175	2804
94	125	0	0	0	0	814.335	2805
95	125	0	0	0	0	782.607	2806
95	125	0	0	0	0	802.453	2807
95	126	0	0	0	0	801.018	2808
95	126	0	0	0	0	800.793	2809
95	126	0	0	0	0	785.592	2810
98	127	0	0	0	0	826.572	2811
97	127	0	0	0	0	774.189	2812
97	126	0	0	0	0	761.2	2813
97	125	0	0	0	0	840.192	2814
96	125	0	0	0	0	736.784	2815
93	123	0	0	0	0	747.671	2816
93	120	0	0	0	0	775.462	2817
91	120	0	0	0	0	742.621	2818
92	120	0	0	0	0	785.825	2819
93	116	0	0	0	0	708.561	2820
92	117	0	0	0	0	696.855	2821
89	116	0	0	0	0	736.93	2822
90	116	0	0	0	0	755.859	2823
92	116	0	0	0	0	759.982	2824
91	114	0	0	0	0	735.692	2825
92	112	0	0	0	0	741.889	2826
94	111	0	0	0	0	721.82	2827
94	111	0	0	0	0	635.187	2828
98	111	0	0	0	0	761.391	2829
97	111	0	0	0	0	740.152	2830
97	111	0	0	0	0	728.45	2831
96	111	0	0	0	0	780.743	2832
97	111	0	0	0	0	760.377	2833
97	124	0	0	0	0	767.173	2834
96	123	0	0	0	0	727.058	2835
97	128	0	0	0	0	739.066	2836
97	130	0	0	0	0	762.295	2837
96	128	0	0	0	0	752.188	2838
96	127	0	0	0	0	761.205	2839
95	126	0	0	0	0	784.725	2840
97	126	0	0	0	0	818.025	2841
96	123	0	0	0	0	741.404	2842
92	125	0	0	0	0	738.071	2843
92	127	0	0	0	0	791.666	2844
93	134	0	0	0	0	773.123	2845
93	138	0	0	0	0	791.313	2846
93	137	0	0	0	0	807.737	2847
95	135	0	0	0	0	803.031	2848
94	132	0	0	0	0	788.84	2849
94	135	0	0	0	0	805.904	2850
94	134	0	0	0	0	786.825	2851
95	134	0	0	0	0	781.6	2852
96	134	0	0	0	0	696.318	2853
83	133	0	0	0	0	692.967	2854
82	134	0	0	0	0	743.764	2855
84	134	0	0	0	0	730.858	2856
85	134	0	0	0	0	697.446	2857
93	135	0	0	0	0	787.98	2858
94	134	0	0	0	0	745.83	2859
96	158	0	0	0	0	838.91	2860
96	160	0	0	0	0	820.655	2861
95	157	0	0	0	0	795.944	2862
98	156	0	0	0	0	865.216	2863
99	155	0	0	0	0	873.241	2864
99	154	0	0	0	0	898.956	2865
103	153	0	0	0	0	901.215	2866
104	146	0	0	0	0	893.417	2867
106	146	0	0	0	0	882.613	2868
92	149	0	0	0	0	873.73	2869
88	148	0	0	0	0	782.73	2870
93	148	0	0	0	0	785.169	2871
98	148	0	0	0	0	906.899	2872
103	145	0	0	0	0	923.695	2873
103	146	0	0	0	0	898.382	2874
107	146	0	0	0	0	935.012	2875
107	148	0	0	0	0	937.214	2876
108	147	0	0	0	0	788.126	2877
112	147	0	0	0	0	925.901	2878
112	143	0	0	0	0	940.43	2879
113	142	0	0	0	0	868.462	2880
114	140	0	0	0	0	866.997	2881
118	143	0	0	0	0	969.05	2882
119	142	0	0	0	0	979.136	2883
118	144	0	0	0	0	954.919	2884
115	143	0	0	0	0	872.533	2885
120	142	0	0	0	0	936.623	2886
120	141	0	0	0	0	950.966	2887
118	138	0	0	0	0	843.533	2888
124	142	0	0	0	0	972.811	2889
129	141	0	0	0	0	891.907	2890
125	144	0	0	0	0	973.951	2891
125	147	0	0	0	0	964.566	2892
125	147	0	0	0	0	953.904	2893
125	147	0	0	0	0	995.645	2894
125	148	0	0	0	0	859.58	2895
134	144	0	0	0	0	967.917	2896
135	145	0	0	0	0	986.761	2897
137	145	0	0	0	0	992.309	2898
138	144	0	0	0	0	1043.22	2899
135	144	0	0	0	0	1029.27	2900
135	143	0	0	0	0	943.18	2901
136	161	0	0	0	0	1038.93	2902
136	160	0	0	0	0	1002.48	2903
137	162	0	0	0	0	1084.74	2904
137	161	0	0	0	0	1116.29	2905
139	163	0	0	0	0	1034.18	2906
139	168	0	0	0	0	1002.68	2907
139	167	0	0	0	0	1091.02	2908
139	166	0	0	0	0	1118.27	2909
141	168	0	0	0	0	1107.61	2910
125	167	0	0	0	0	1056.58	2911
125	166	0	0	0	0	1070.69	2912
126	166	0	0	0	0	982.294	2913
127	165	0	0	0	0	1023.02	2914
124	164	0	0	0	0	1030.24	2915
123	164	0	0	0	0	1063.22	2916
122	173	0	0	0	0	968.104	2917
123	174	0	0	0	0	977.688	2918
123	174	0	0	0	0	1044.19	2919
123	173	0	0	0	0	1041.67	2920
125	173	0	0	0	0	1004.29	2921
127	173	0	0	0	0	1047.1	2922
127	167	0	0	0	0	1098.64	2923
134	166	0	0	0	0	1003.74	2924
135	169	0	0	0	0	1124.6	2925
134	167	0	0	0	0	1100.16	2926
136	166	0	0	0	0	1067.32	2927
140	168	0	0	0	0	1104.78	2928
140	168	0	0	0	0	1064.42	2929
141	165	0	0	0	0	1109.49	2930
143	165	0	0	0	0	1165.49	2931
140	164	0	0	0	0	1114.93	2932
142	171	0	0	0	0	1108.24	2933
142	172	0	0	0	0	1090.42	2934
143	175	0	0	0	0	1092.24	2935
144	175	0	0	0	0	1098.92	2936
144	175	0	0	0	0	1100.77	2937
145	174	0	0	0	0	1108.33	2938
146	173	0	0	0	0	1093.42	2939
146	170	0	0	0	0	1088.23	2940
148	168	0	0	0	0	1174.74	2941
144	164	0	0	0	0	1001.13	2942
144	164	0	0	0	0	1050.15	2943
149	165	0	0	0	0	1104.64	2944
151	163	0	0	0	0	1087.32	2945
153	162	0	0	0	0	1170.84	2946
154	161	0	0	0	0	1124.25	2947
155	161	0	0	0	0	1161.28	2948
155	161	0	0	0	0	1117.76	2949
153	158	0	0	0	0	1087.88	2950
153	161	0	0	0	0	1178.97	2951
154	161	0	0	0	0	1186.6	2952
155	161	0	0	0	0	1074.92	2953
155	160	0	0	0	0	1110.77	2954
154	158	0	0	0	0	1042.25	2955
156	158	0	0	0	0	1040.21	2956
156	158	0	0	0	0	1094.12	2957
160	159	0	0	0	0	1187.87	2958
161	157	0	0	0	0	1079.2	2959
165	159	0	0	0	0	1180.63	2960
168	159	0	0	0	0	1158.47	2961
168	162	0	0	0	0	1121.35	2962
171	161	0	0	0	0	1075.15	2963
171	161	0	0	0	0	1052.78	2964
174	161	0	0	0	0	1116.8	2965
175	162	0	0	0	0	1141.36	2966
173	163	0	0	0	0	1123.3	2967
173	162	0	0	0	0	1101.69	2968
170	161	0	0	0	0	1129.23	2969
172	162	0	0	0	0	1142.19	2970
167	161	0	0	0	0	1092.18	2971
173	163	0	0	0	0	1192.67	2972
174	162	0	0	0	0	1220.45	2973
175	163	0	0	0	0	1286.05	2974
178	163	0	0	0	0	1212.99	2975
177	165	0	0	0	0	1232.06	2976
177	167	0	0	0	0	1266.92	2977
176	166	0	0	0	0	1145.64	2978
172	168	0	0	0	0	1156.56	2979
171	168	0	0	0	0	1185.1	2980
166	167	0	0	0	0	1171.29	2981
167	168	0	0	0	0	1238.36	2982
162	168	0	0	0	0	1146.05	2983
163	163	0	0	0	0	1141.37	2984
160	164	0	0	0	0	1174.84	2985
162	169	0	0	0	0	1202.23	2986
162	166	0	0	0	0	1172.23	2987
162	164	0	0	0	0	1158.47	2988
162	164	0	0	0	0	1201.2	2989
161	163	0	0	0	0	1138.05	2990
161	163	0	0	0	0	1156.6	2991
154	162	0	0	0	0	391.4	2992
149	160	0	0	0	0	794.914	2993
149	160	0	0	0	0	1104.04	2994
146	160	0	0	0	0	1112.82	2995
146	155	0	0	0	0	1101.49	2996
143	157	0	0	0	0	1088.68	2997
145	158	0	0	0	0	1067.22	2998
144	160	0	0	0	0	1077.19	2999
145	161	0	0	0	0	1126.25	3000
144	161	0	0	0	0	1063.61	3001
144	162	0	0	0	0	1068.69	3002
144	161	0	0	0	0	1090.81	3003
140	162	0	0	0	0	1093.29	3004
139	161	0	0	0	0	1132.45	3005
139	159	0	0	0	0	1042.52	3006
136	158	0	0	0	0	1094.86	3007
134	157	0	0	0	0	1020.35	3008
130	157	0	0	0	0	1019.94	3009
130	146	0	0	0	0	1035.38	3010
130	141	0	0	0	0	932.364	3011
130	144	0	0	0	0	1042.46	3012
129	145	0	0	0	0	955.16	3013
128	150	0	0	0	0	1016.02	3014
130	149	0	0	0	0	977.446	3015
134	150	0	0	0	0	1003.91	3016
133	150	0	0	0	0	988.131	3017
132	150	0	0	0	0	994.635	3018
132	148	0	0	0	0	1038.42	3019
132	146	0	0	0	0	1005.26	3020
127	145	0	0	0	0	929.939	3021
126	145	0	0	0	0	895.466	3022
115	144	0	0	0	0	943.989	3023
116	142	0	0	0	0	934.267	3024
111	141	0	0	0	0	859.268	3025
112	148	0	0	0	0	945.532	3026
112	146	0	0	0	0	946.725	3027
110	145	0	0	0	0	827.729	3028
111	143	0	0	0	0	927.914	3029
112	141	0	0	0	0	770.214	3030
114	145	0	0	0	0	957.292	3031
114	143	0	0	0	0	799.655	3032
115	147	0	0	0	0	942.014	3033
115	147	0	0	0	0	949.725	3034
114	145	0	0	0	0	934.935	3035
112	145	0	0	0	0	950.072	3036
112	146	0	0	0	0	864.701	3037
112	147	0	0	0	0	891.193	3038
115	146	0	0	0	0	892.29	3039
104	143	0	0	0	0	880.182	3040
104	139	0	0	0	0	861.045	3041
103	137	0	0	0	0	780.998	3042
102	136	0	0	0	0	852.74	3043
105	138	0	0	0	0	918.516	3044
105	138	0	0	0	0	903.28	3045
96	137	0	0	0	0	860.279	3046
97	136	0	0	0	0	848.79	3047
98	135	0	0	0	0	771.422	3048
98	134	0	0	0	0	720.071	3049
98	136	0	0	0	0	889.931	3050
95	135	0	0	0	0	805.213	3051
96	132	0	0	0	0	858.402	3052
94	132	0	0	0	0	816.12	3053
94	133	0	0	0	0	868.552	3054
96	131	0	0	0	0	800.625	3055
94	128	0	0	0	0	815.734	3056
94	127	0	0	0	0	850.673	3057
92	127	0	0	0	0	754.432	3058
93	127	0	0	0	0	818.443	3059
93	125	0	0	0	0	803.577	3060
93	125	0	0	0	0	755.06	3061
94	125	0	0	0	0	841.278	3062
94	122	0	0	0	0	804.413	3063
93	123	0	0	0	0	746.046	3064
95	128	0	0	0	0	801.675	3065
95	128	0	0	0	0	790.155	3066
96	121	0	0	0	0	780.644	3067
96	120	0	0	0	0	765.111	3068
96	118	0	0	0	0	752.368	3069
96	117	0	0	0	0	795.444	3070
94	116	0	0	0	0	755.885	3071
95	115	0	0	0	0	766.587	3072
92	114	0	0	0	0	723.933	3073
75	113	0	0	0	0	696.859	3074
67	110	0	0	0	0	652.566	3075
67	110	0	0	0	0	614.126	3076
67	109	0	0	0	0	581.374	3077
66	106	0	0	0	0	643.662	3078
64	103	0	0	0	0	620.843	3079
65	103	0	0	0	0	588.423	3080
63	102	0	0	0	0	594.58	3081
64	101	0	0	0	0	604.691	3082
64	96	0	0	0	0	551.443	3083
66	92	0	0	0	0	563.922	3084
66	88	0	0	0	0	556.441	3085
63	84	0	0	0	0	475.916	3086
