unique_top_cov	unique_bot_cov	redundant_top_cov	redundant_bot_cov	raw_redundant_top_cov	raw_redundant_bot_cov	e_value	position
1	4	0	0	0	0	nan	1
1	4	0	0	0	0	12.4914	2
1	4	0	0.333333	0	1	10.6015	3
1	4	0.333333	0.666667	1	2	12.6563	4
1	4	0.666667	0.666667	2	2	13.1751	5
1	4	0.666667	0.666667	2	2	12.3435	6
1	4	0.666667	1	2	3	12.3404	7
1	4	0.666667	1.33333	2	4	12.4914	8
1	4	0.666667	1.33333	2	4	12.3324	9
1	4	0.666667	1.33333	2	4	12.4914	10
1	4	0.666667	1.33333	2	4	10.6283	11
1	4	0.666667	1.33333	2	4	12.3404	12
1	4	0.666667	1.66667	2	5	13.1009	13
1	4	0.666667	2	2	6	13.3613	14
1	4	0.666667	2	2	6	12.3435	15
1	4	0.666667	2	2	6	12.3435	16
1	4	0.666667	2	2	6	12.4148	17
1	4	0.666667	2	2	6	12.4324	18
1	4	0.666667	2	2	6	12.3324	19
1	4	1	2	3	6	12.4324	20
1	4	1	2	3	6	12.4324	21
1	4	1	2.33333	3	7	12.3324	22
1	4	1	2.33333	3	7	12.4914	23
1	4	1	2.33333	3	7	12.4324	24
1	4	1	2.33333	3	7	12.4914	25
1	4	1	2.33333	3	7	13.2756	26
1	4	1	2.33333	3	7	12.3435	27
1	4	1	2.33333	3	7	13.2756	28
1	4	1	2.33333	3	7	12.4914	29
1	4	1	2.33333	3	7	12.3435	30
1	4	1	2.33333	3	7	12.3435	31
1	4	1	2.33333	3	7	11.8227	32
1	4	1	2.33333	3	7	12.4324	33
1	4	1	2.33333	3	7	12.3324	34
1	4	1	2.33333	3	7	11.5795	35
1	4	1	2.33333	3	7	12.4914	36
1	4	1	2.33333	3	7	12.4914	37
1	4	1	2.33333	3	7	11.9603	38
1	4	1	2.33333	3	7	11.8227	39
1	4	1	2.33333	3	7	12.4914	40
1	4	1	2.33333	3	7	10.6283	41
1	4	1	2.33333	3	7	12.4914	42
1	4	1	2.33333	3	7	10.1658	43
1	4	1	2.33333	3	7	12.3435	44
1	4	1	2.33333	3	7	10.6283	45
1	4	1	2.33333	3	7	12.4914	46
1	4	1	2.33333	3	7	12.4914	47
1	4	1	2.33333	3	7	13.1023	48
1	4	1	2	3	6	12.4324	49
1	4	1	2	3	6	12.3404	50
1	4	1	2	3	6	11.9485	51
1	4	1	2	3	6	12.537	52
1	4	1	2	3	6	12.2062	53
1	4	1	2	3	6	12.3435	54
1	4	1	2	3	6	13.3613	55
1	4	1	2	3	6	12.4324	56
1	4	1	2	3	6	10.1658	57
1	4	1	2	3	6	13.1023	58
1	4	1	2	3	6	12.469	59
1	4	1	2	3	6	12.203	60
1	4	1	2	3	6	12.043	61
1	4	1	1.66667	3	5	12.043	62
1	4	1	1.66667	3	5	12.3404	63
1	4	1	1.66667	3	5	12.3324	64
1	4	1	1.66667	3	5	12.4914	65
1	4	1	1.66667	3	5	10.1065	66
1	4	1	1.33333	3	4	13.1023	67
1	4	1	1	3	3	10.6283	68
1	4	0.666667	1	2	3	12.4914	69
1	4	0.666667	0.333333	2	1	13.2756	70
1	4	0.333333	0.333333	1	1	13.2756	71
1	4	0.333333	0.333333	1	1	10.3183	72
1	4	0.333333	0.333333	1	1	12.3404	73
1	4	0.333333	0.333333	1	1	12.3404	74
1	4	0.333333	0	1	0	12.3435	75
1	4	0.333333	0	1	0	12.4914	76
1	4	0.333333	0	1	0	11.5006	77
1	4	0.333333	0	1	0	12.2062	78
1	4	0.333333	0	1	0	8.55679	79
1	4	0.333333	0	1	0	10.1658	80
1	4	0.333333	0.333333	1	1	11.9485	81
1	4	0.333333	0.333333	1	1	10.6283	82
1	4	0.666667	0.666667	2	2	11.5006	83
1	4	0.666667	0.666667	2	2	12.043	84
1	4	0.666667	0.666667	2	2	12.3404	85
1	4	0.666667	0.666667	2	2	12.203	86
1	4	0.666667	0.666667	2	2	12.2062	87
1	4	0.666667	0.666667	2	2	12.3404	88
1	4	0.666667	0.666667	2	2	12.2062	89
1	4	0.666667	0.666667	2	2	12.2062	90
1	4	0.666667	0.666667	2	2	12.4324	91
1	4	0.666667	0.666667	2	2	10.3183	92
1	4	0.666667	0.666667	2	2	13.2756	93
1	4	0.666667	0.666667	2	2	13.1541	94
1	4	0.666667	0.666667	2	2	12.3435	95
1	4	0.666667	0.666667	2	2	12.3435	96
1	4	0.666667	0.666667	2	2	10.3993	97
1	4	0.666667	0.666667	2	2	12.4324	98
1	4	0.666667	0.666667	2	2	12.3404	99
1	4	0.666667	0.666667	2	2	12.8809	100
1	4	0.666667	0.666667	2	2	12.4324	101
1	4	0.666667	0.666667	2	2	12.3435	102
1	4	0.666667	0.666667	2	2	12.4914	103
1	4	0.666667	0.666667	2	2	11.7302	104
1	4	0.666667	0.666667	2	2	11.9218	105
1	4	0.666667	0.666667	2	2	11.8227	106
1	4	0.666667	0.666667	2	2	10.6283	107
1	4	0.666667	0.666667	2	2	12.4914	108
1	4	0.666667	0.666667	2	2	12.4324	109
1	4	0.666667	0.666667	2	2	13.1541	110
1	4	0.333333	0.666667	1	2	12.3404	111
1	4	0.333333	0.666667	1	2	13.1541	112
1	4	0.333333	0.666667	1	2	12.043	113
1	4	0.333333	0.666667	1	2	8.98392	114
1	4	0.333333	0.666667	1	2	8.09862	115
1	4	0.333333	0.666667	1	2	8.54741	116
1	4	0.333333	0.666667	1	2	8.63938	117
1	3	0.333333	0.666667	1	2	8.54741	118
1	3	0.333333	0.666667	1	2	8.54741	119
1	3	0.333333	0.666667	1	2	9.12664	120
1	3	0.333333	0.666667	1	2	6.12488	121
1	3	0.333333	0.666667	1	2	8.09752	122
1	3	0.333333	0.666667	1	2	8.02158	123
1	3	0.333333	0.666667	1	2	5.97104	124
1	3	0.333333	0.666667	1	2	7.08752	125
1	3	0.333333	0.666667	1	2	7.3913	126
1	3	0.333333	0.666667	1	2	5.93091	127
1	3	0.333333	0.333333	1	1	8.09862	128
1	3	0.333333	0.333333	1	1	6.67008	129
1	3	0.333333	0.333333	1	1	8.54588	130
1	3	0.333333	0.333333	1	1	8.54741	131
1	3	0.333333	0.333333	1	1	8.44714	132
1	3	0.333333	0.333333	1	1	8.27882	133
1	3	0.333333	0.333333	1	1	8.09752	134
1	3	0.333333	0	1	0	8.18598	135
1	3	0	0	0	0	nan	136
1	3	0	0	0	0	nan	137
