unique_top_cov	unique_bot_cov	redundant_top_cov	redundant_bot_cov	raw_redundant_top_cov	raw_redundant_bot_cov	e_value	position
1	2	0	0	0	0	nan	1
1	2	0	0	0	0	nan	2
1	3	0	0	0	0	nan	3
1	3	0.333333	0	1	0	nan	4
1	4	0.333333	0.333333	1	1	nan	5
1	4	0.333333	0.333333	1	1	13.1023	6
1	4	0.333333	0.333333	1	1	10.0899	7
2	4	0.666667	1	2	3	12.3324	8
2	4	1	1	3	3	12.5387	9
3	4	1	1.66667	3	5	16.6303	10
3	4	1	1.66667	3	5	21.157	11
3	4	1	1.66667	3	5	15.4796	12
3	4	1	2	3	6	20.4454	13
3	4	1	2	3	6	18.4892	14
3	4	1	2	3	6	21.119	15
3	5	1	2	3	6	20.8388	16
3	5	1	2	3	6	20.7748	17
3	5	1	2	3	6	24.0604	18
3	6	1	2	3	6	25.064	19
3	6	1	2	3	6	25.064	20
3	6	1	2	3	6	27.6407	21
3	6	1	2	3	6	28.957	22
3	6	1	2	3	6	27.0441	23
4	6	1	2.33333	3	7	28.93	24
4	6	1	2.66667	3	8	27.9585	25
4	6	1	2.66667	3	8	29.0078	26
4	6	1	2.66667	3	8	29.0213	27
4	6	1	2.66667	3	8	32.8631	28
4	6	1	2.66667	3	8	25.2162	29
4	6	1	2.66667	3	8	32.7796	30
5	6	1	2.66667	3	8	32.8631	31
5	6	1	2.66667	3	8	33.9017	32
6	6	1	2.66667	3	8	33.8058	33
6	6	1	2.66667	3	8	35.0241	34
6	6	1	2.66667	3	8	39.8063	35
6	6	1	2.66667	3	8	40.7037	36
6	6	1	2.66667	3	8	38.6254	37
6	6	1	2.66667	3	8	39.3281	38
6	6	1	2.66667	3	8	37.9438	39
6	6	1	2.66667	3	8	39.118	40
6	6	1	2.66667	3	8	36.916	41
6	6	1	2.66667	3	8	40.5625	42
6	6	1	2.66667	3	8	39.6154	43
6	6	1	2.66667	3	8	38.9329	44
6	6	1	2.66667	3	8	40.7302	45
6	6	1	2.66667	3	8	40.6009	46
6	6	1	2.66667	3	8	31.0218	47
6	6	1	2.66667	3	8	39.631	48
6	6	1	2.66667	3	8	38.5209	49
6	6	1	2.33333	3	7	40.5953	50
6	6	1	2.33333	3	7	38.6514	51
6	6	1	2.33333	3	7	38.6156	52
6	6	0.666667	2.33333	2	7	40.6009	53
6	6	0.666667	2	2	6	30.2384	54
7	6	0.666667	1.66667	2	5	33.7537	55
7	6	0.666667	1.66667	2	5	44.4228	56
7	6	0.666667	1.66667	2	5	44.6367	57
7	6	0.666667	1.66667	2	5	36.4778	58
7	6	0.666667	1.66667	2	5	35.619	59
7	6	0.666667	1.33333	2	4	40.509	60
7	6	0.666667	1.33333	2	4	44.4824	61
8	6	0.666667	1.33333	2	4	40.4955	62
8	6	0.666667	1.33333	2	4	43.4485	63
8	6	0.666667	1.33333	2	4	45.9636	64
8	6	0.666667	1.33333	2	4	44.8172	65
8	6	0.333333	1.33333	1	4	45.5039	66
8	6	0.333333	1.33333	1	4	48.6125	67
8	6	0.333333	1.33333	1	4	35.1915	68
8	6	0.333333	1.33333	1	4	48.5909	69
8	6	0.333333	1.33333	1	4	46.6079	70
8	6	0.333333	1	1	3	46.6768	71
8	6	0.333333	1	1	3	48.5669	72
9	6	0.333333	1	1	3	35.4943	73
9	6	0.333333	1	1	3	48.5909	74
9	6	0	0.666667	0	2	46.2445	75
10	6	0	0.666667	0	2	46.4966	76
10	6	0	0	0	0	42.9976	77
10	6	0	0	0	0	34.2917	78
10	6	0	0	0	0	38.6504	79
10	6	0	0	0	0	46.5072	80
9	6	0	0	0	0	44.8779	81
9	6	0	0	0	0	46.6508	82
8	7	0	0	0	0	46.3848	83
8	7	0	0	0	0	43.8205	84
8	7	0	0	0	0	50.5006	85
8	7	0	0	0	0	51.2758	86
8	7	0	0	0	0	48.6465	87
8	7	0	0	0	0	50.0382	88
8	7	0	0	0	0	47.5641	89
8	7	0	0	0	0	51.8709	90
8	7	0	0	0	0	47.2684	91
8	12	0	0	0	0	50.5723	92
8	12	0	0	0	0	50.5569	93
8	12	0	0	0	0	42.2811	94
8	12	0	0	0	0	48.6589	95
8	12	0	0	0	0	44.3585	96
8	12	0	0	0	0	58.7563	97
8	12	0	0	0	0	71.8737	98
8	12	0	0	0	0	68.7097	99
8	12	0	0	0	0	68.0525	100
7	12	0	0	0	0	67.9816	101
8	15	0	0	0	0	68.2318	102
8	15	0	0	0	0	55.952	103
8	15	0	0	0	0	66.8961	104
8	15	0	0	0	0	57.505	105
8	15	0	0	0	0	74.8201	106
8	16	0	0	0	0	83.4435	107
8	16	0	0	0	0	85.5354	108
8	16	0	0	0	0	81.506	109
10	16	0	0	0	0	82.0478	110
10	16	0	0	0	0	76.7474	111
11	16	0	0	0	0	90.8384	112
12	16	0	0	0	0	99.9921	113
12	16	0	0	0	0	93.8691	114
12	17	0	0	0	0	103.561	115
12	17	0	0	0	0	104.17	116
12	17	0	0	0	0	101.006	117
12	17	0	0	0	0	90.4292	118
12	17	0	0	0	0	101.002	119
12	17	0	0	0	0	108.088	120
12	17	0	0	0	0	93.9688	121
12	18	0	0	0	0	107.481	122
12	18	0	0	0	0	106.174	123
12	17	0	0	0	0	106.137	124
12	18	0	0	0	0	95.1947	125
12	17	0	0	0	0	92.7355	126
12	17	0	0	0	0	106.363	127
12	17	0	0	0	0	100.339	128
12	20	0	0	0	0	102.925	129
12	19	0	0	0	0	79.9638	130
12	19	0	0	0	0	90.7931	131
12	19	0	0	0	0	111.952	132
12	19	0	0	0	0	96.2641	133
12	19	0	0	0	0	110.684	134
12	19	0	0	0	0	87.7975	135
13	19	0	0	0	0	104.231	136
13	19	0	0	0	0	97.5012	137
11	19	0	0	0	0	96.4733	138
11	19	0	0	0	0	104.598	139
11	19	0	0	0	0	88.9217	140
11	19	0	0	0	0	109.899	141
11	19	0	0	0	0	96.2545	142
11	20	0	0	0	0	107.766	143
11	20	0	0	0	0	106.55	144
11	19	0	0	0	0	87.6123	145
13	18	0	0	0	0	107.479	146
13	18	0	0	0	0	113.465	147
13	18	0	0	0	0	115.085	148
13	18	0	0	0	0	106.151	149
13	18	0	0	0	0	109.322	150
13	18	0	0	0	0	115.035	151
13	18	0	0	0	0	90.8935	152
13	18	0	0	0	0	100.57	153
13	18	0	0	0	0	112.784	154
13	18	0	0	0	0	111.766	155
13	19	0	0	0	0	72.1903	156
13	19	0	0	0	0	91.171	157
13	20	0	0	0	0	114.179	158
13	20	0	0	0	0	115.635	159
14	20	0	0	0	0	102.641	160
15	20	0	0	0	0	112.955	161
15	19	0	0	0	0	107.191	162
15	19	0	0	0	0	121.003	163
15	19	0	0	0	0	111.308	164
15	18	0	0	0	0	94.7944	165
15	18	0	0	0	0	116.726	166
15	18	0	0	0	0	119.198	167
15	17	0	0	0	0	107.742	168
15	16	0	0	0	0	96.8826	169
15	16	0	0	0	0	98.2833	170
15	13	0	0	0	0	94.336	171
15	13	0	0	0	0	100.468	172
15	13	0	0	0	0	86.2295	173
15	17	0	0	0	0	91.7852	174
16	17	0	0	0	0	86.9111	175
16	17	0	0	0	0	92.444	176
16	17	0	0	0	0	91.2992	177
16	17	0	0	0	0	81.1953	178
16	17	0	0	0	0	87.0569	179
16	17	0	0	0	0	87.2052	180
15	17	0	0	0	0	88.7834	181
15	17	0	0	0	0	99.1324	182
12	18	0	0	0	0	85.9508	183
12	18	0	0	0	0	99.1754	184
12	17	0	0	0	0	105.541	185
12	17	0	0	0	0	101.775	186
12	17	0	0	0	0	97.8867	187
12	18	0	0	0	0	100.144	188
12	18	0	0	0	0	98.5296	189
12	17	0	0	0	0	98.7521	190
13	17	0	0	0	0	101.544	191
13	17	0	0	0	0	103.841	192
13	17	0	0	0	0	104.003	193
13	17	0	0	0	0	107.503	194
13	18	0	0	0	0	106.897	195
13	18	0	0	0	0	106.681	196
13	18	0	0	0	0	111.34	197
13	18	0	0	0	0	99.3664	198
13	18	0	0	0	0	106.456	199
13	18	0	0	0	0	110.389	200
13	18	0	0	0	0	110.737	201
13	17	0	0	0	0	90.0473	202
13	18	0	0	0	0	99.453	203
13	19	0	0	0	0	105.052	204
13	19	0	0	0	0	101.869	205
13	19	0	0	0	0	105.054	206
13	19	0	0	0	0	111.699	207
12	19	0	0	0	0	106.309	208
12	19	0	0	0	0	115.573	209
12	19	0	0	0	0	114.538	210
12	19	0	0	0	0	106.067	211
12	19	0	0	0	0	104.575	212
12	18	0	0	0	0	105.555	213
12	19	0	0	0	0	106.908	214
11	19	0	0	0	0	89.2664	215
11	19	0	0	0	0	99.534	216
11	19	0	0	0	0	98.5718	217
11	19	0	0	0	0	109.242	218
11	19	0	0	0	0	92.1389	219
11	19	0	0	0	0	103.869	220
12	19	0	0	0	0	96.8303	221
13	19	0	0	0	0	98.0218	222
12	19	0	0	0	0	85.3307	223
13	18	0	0	0	0	100.143	224
13	18	0	0	0	0	106.723	225
12	18	0	0	0	0	90.903	226
12	16	0	0	0	0	86.5168	227
12	15	0	0	0	0	88.0698	228
12	15	0	0	0	0	94.644	229
12	15	0	0	0	0	91.5311	230
12	20	0	0	0	0	99.718	231
12	20	0	0	0	0	103.913	232
12	19	0	0	0	0	106.725	233
13	19	0	0	0	0	109.409	234
13	19	0	0	0	0	105.089	235
13	19	0	0	0	0	111.342	236
13	18	0	0	0	0	106.779	237
13	18	0	0	0	0	82.8057	238
13	18	0	0	0	0	107.108	239
11	18	0	0	0	0	106.065	240
12	18	0	0	0	0	90.8176	241
12	16	0	0	0	0	88.2678	242
12	16	0	0	0	0	92.9388	243
12	16	0	0	0	0	96.1584	244
11	15	0	0	0	0	90.3939	245
11	15	0	0	0	0	93.2865	246
11	15	0	0	0	0	78.1571	247
13	15	0	0	0	0	92.721	248
13	15	0	0	0	0	99.7989	249
13	15	0	0	0	0	94.5913	250
13	14	0	0	0	0	83.947	251
13	14	0	0	0	0	98.6967	252
13	14	0	0	0	0	98.5133	253
13	14	0	0	0	0	76.6031	254
13	14	0	0	0	0	78.685	255
14	14	0	0	0	0	90.2253	256
14	13	0	0	0	0	93.9828	257
14	13	0	0	0	0	82.3147	258
14	13	0	0	0	0	97.9684	259
14	13	0	0	0	0	73.0074	260
14	13	0	0	0	0	90.1342	261
14	13	0	0	0	0	89.6848	262
13	13	0	0	0	0	89.5606	263
13	13	0	0	0	0	94.64	264
13	13	0	0	0	0	82.9656	265
13	12	0	0	0	0	80.7454	266
14	12	0	0	0	0	86.9917	267
14	12	0	0	0	0	91.6325	268
14	13	0	0	0	0	94.8538	269
14	13	0	0	0	0	70.0172	270
14	12	0	0	0	0	92.2102	271
14	12	0	0	0	0	82.1074	272
14	14	0	0	0	0	83.1502	273
14	13	0	0	0	0	70.3367	274
15	13	0	0	0	0	72.0451	275
16	13	0	0	0	0	74.7175	276
16	13	0	0	0	0	79.9238	277
15	12	0	0	0	0	93.3256	278
15	12	0	0	0	0	85.9686	279
15	12	0	0	0	0	90.7279	280
16	12	0	0	0	0	90.1299	281
17	12	0	0	0	0	87.7614	282
17	12	0	0	0	0	96.4885	283
17	12	0	0	0	0	101.489	284
17	12	0	0.5	0	1	97.3322	285
18	12	0	0.5	0	1	102.136	286
19	12	0	0.5	0	1	94.2683	287
19	12	0	0.5	0	1	96.5796	288
19	12	0	0.5	0	1	97.9798	289
19	12	1	0.5	2	1	93.6354	290
19	11	1	2	2	4	98.3884	291
19	11	1	2.5	2	5	102.122	292
19	11	1	2.5	2	5	91.401	293
19	11	1	2.5	2	5	96.323	294
19	10	1	2.5	2	5	92.6709	295
19	10	1	2.5	2	5	86.492	296
19	10	1	2.5	2	5	100.109	297
19	10	1	2.5	2	5	86.3381	298
19	10	1	2.5	2	5	100.957	299
19	10	1	2.5	2	5	94.9695	300
19	10	1	2.5	2	5	100.996	301
19	10	1	2.5	2	5	97.8788	302
19	10	1	2.5	2	5	93.9575	303
18	9	1	2.5	2	5	72.0746	304
18	9	1	2.5	2	5	86.852	305
18	8	1	2.5	2	5	67.5488	306
18	8	1	2.5	2	5	80.6578	307
18	8	1	2.5	2	5	80.0659	308
18	8	1	2.5	2	5	80.518	309
17	8	1	2.5	2	5	82.5815	310
16	8	1	2.5	2	5	74.542	311
17	8	1	2.5	2	5	64.5254	312
18	8	1	2.5	2	5	84.3534	313
18	8	1	2.5	2	5	87.4142	314
18	8	1	2.5	2	5	90.3641	315
18	8	1	2.5	2	5	60.8494	316
17	8	1	2.5	2	5	81.6624	317
17	8	1	2.5	2	5	66.7178	318
17	7	1	2.5	2	5	64.5988	319
17	7	1	2.5	2	5	75.8309	320
17	7	1	2.5	2	5	57.3179	321
17	7	1	2.5	2	5	54.4039	322
17	6	1	2.5	2	5	48.85	323
14	4	1	2.5	2	5	49.4168	324
14	4	1	2.5	2	5	59.9668	325
14	4	1	2.5	2	5	60.9116	326
14	4	1	2.5	2	5	60.996	327
14	4	1	2.5	2	5	55.6987	328
14	4	1	2.5	2	5	53.7669	329
13	4	1	2.5	2	5	53.0819	330
13	4	1	2.5	2	5	56.627	331
13	4	1	2	2	4	57.1214	332
13	4	1	2	2	4	57.2846	333
13	4	1	2	2	4	50.8316	334
13	4	1	2	2	4	56.9446	335
13	4	1	2	2	4	43.5305	336
13	4	1	2	2	4	48.4856	337
13	3	1	2	2	4	49.3678	338
13	3	1	2	2	4	41.6939	339
13	3	1	2	2	4	44.687	340
11	3	1	1.5	2	3	44.9605	341
11	4	1	1.5	2	3	45.3209	342
11	4	0.5	1.5	1	3	42.5126	343
11	4	0.5	1.5	1	3	34.8867	344
11	4	0.5	1.5	1	3	48.3435	345
12	4	0.5	1.5	1	3	48.2336	346
12	4	0.5	1.5	1	3	48.0399	347
12	4	0.5	1.5	1	3	43.7641	348
12	4	0.5	1.5	1	3	47.3555	349
12	4	0.5	1.5	1	3	49.29	350
11	5	0.5	1.5	1	3	44.8913	351
11	5	0.5	1.5	1	3	48.2001	352
11	5	0.5	1.5	1	3	32.4907	353
11	5	0.5	1.5	1	3	43.4661	354
11	5	0.5	1.5	1	3	50.5971	355
11	5	0.5	1.5	1	3	53.0165	356
11	5	0.5	1.5	1	3	44.7281	357
11	5	0.5	1	1	2	42.4645	358
11	5	0.5	1	1	2	44.6841	359
11	5	0	1	0	2	42.6217	360
11	5	0	1	0	2	43.1618	361
10	5	0	1	0	2	43.34	362
10	4	0	1	0	2	35.1199	363
10	4	0	0.5	0	1	46.5518	364
10	4	0	0.5	0	1	43.6113	365
10	4	0	0.5	0	1	38.2617	366
10	4	0	0	0	0	42.5772	367
10	4	0	0	0	0	43.3666	368
10	4	0	0	0	0	41.7291	369
10	4	0	0	0	0	43.1629	370
9	4	0	0	0	0	40.3921	371
9	5	0	0	0	0	43.3677	372
9	5	0	0	0	0	41.0833	373
9	5	0	0	0	0	39.7806	374
9	6	0	0	0	0	42.3497	375
9	6	0	0	0	0	45.5407	376
9	6	0	0	0	0	49.136	377
9	6	0	0	0	0	46.6146	378
8	6	0	0	0	0	44.8428	379
8	6	0	0	0	0	45.0784	380
8	6	0	0	0	0	42.7226	381
8	6	0	0	0	0	44.3431	382
8	6	0	0	0	0	44.0709	383
8	6	0	0.833333	0	2	39.0067	384
7	6	0	0.833333	0	2	32.0001	385
6	6	0	0.833333	0	2	36.8553	386
6	5	0	1.33333	0	3	31.7697	387
6	5	0	1.33333	0	3	29.8016	388
6	5	0	1.33333	0	3	36.9879	389
6	5	0	1.33333	0	3	35.3568	390
6	5	0	1.33333	0	3	31.4339	391
5	5	0.333333	3	1	8	32.9219	392
5	5	0.333333	3	1	8	27.81	393
5	5	0.333333	3	1	8	33.0102	394
5	5	0.666667	3	2	8	30.2361	395
5	5	0.666667	3	2	8	29.2136	396
5	5	0.666667	3	2	8	28.8587	397
5	5	0.666667	3.33333	2	9	29.6409	398
5	5	0.666667	3.66667	2	10	22.8832	399
5	5	1	4.16667	3	11	23.8642	400
3	5	1	4.16667	3	11	18.7965	401
3	5	1	4.5	3	12	21.0575	402
3	5	1	4.5	3	12	23.9068	403
3	5	1	4.5	3	12	18.1167	404
3	5	1	4.5	3	12	15.5984	405
3	4	1	4.5	3	12	18.4743	406
3	4	1	4.5	3	12	19.9052	407
3	4	1	4.5	3	12	16.7091	408
3	4	1	4.5	3	12	14.6856	409
3	4	1	4.5	3	12	15.7171	410
3	4	1	4.5	3	12	14.5743	411
3	4	1	4.5	3	12	16.6299	412
3	4	1	4.5	3	12	17.0517	413
3	4	1	4.5	3	12	16.6385	414
3	3	1	4.5	3	12	13.9694	415
3	3	1	4.5	3	12	17.2145	416
3	3	1	4.5	3	12	14.5743	417
3	3	1	4.5	3	12	16.076	418
3	3	1	4.83333	3	13	11.918	419
3	3	1	4.83333	3	13	15.1193	420
3	3	1	4.83333	3	13	16.7091	421
3	3	1	4.83333	3	13	13.2282	422
3	2	1	4.83333	3	13	12.3059	423
3	2	1	4.83333	3	13	13.0828	424
3	2	1	4.83333	3	13	13.0828	425
3	2	1	4.83333	3	13	12.3369	426
3	2	1	4.83333	3	13	9.5192	427
3	2	0.666667	4.83333	2	13	12.1523	428
3	2	0.666667	4.83333	2	13	12.3917	429
3	2	0.666667	4.83333	2	13	9.24163	430
3	2	0.666667	4.83333	2	13	9.29328	431
3	2	0.333333	4.83333	1	13	8.02718	432
3	2	0.333333	4.5	1	12	9.06831	433
3	1	0.333333	4.5	1	12	9.06831	434
3	1	0.333333	4.5	1	12	7.64018	435
3	1	0.333333	4.5	1	12	5.98549	436
3	1	0.333333	4.5	1	12	7.15689	437
3	1	0.333333	4.5	1	12	8.43344	438
3	1	0.333333	4.5	1	12	8.00801	439
3	1	0.333333	3.83333	1	10	8.02653	440
3	1	0.333333	3.83333	1	10	-0.438909	441
3	1	0.333333	3.83333	1	10	0.821798	442
1	1	0	3.83333	0	10	0.744271	443
1	1	0	3.83333	0	10	1.25287	444
1	1	0	3.83333	0	10	1.25287	445
1	1	0	3.83333	0	10	1.25131	446
1	1	0	3.5	0	9	-0.438909	447
1	1	0	3.16667	0	8	0.784895	448
1	1	0	3.16667	0	8	-2.84733	449
1	1	0	2.83333	0	7	-3.06054	450
1	1	0	2.83333	0	7	-2.84733	451
0	1	0	1.83333	0	4	-3.24071	452
0	1	0	1.83333	0	4	-2.8535	453
0	1	0	1.83333	0	4	-2.8535	454
0	1	0	1.5	0	3	nan	455
0	0	0	1.5	0	3	nan	456
0	0	0	1.5	0	3	nan	457
0	0	0	0.5	0	1	nan	458
0	0	0	0	0	0	nan	459
