unique_top_cov	unique_bot_cov	redundant_top_cov	redundant_bot_cov	raw_redundant_top_cov	raw_redundant_bot_cov	e_value	position
68	60	0	0	0	0	439.835	1
68	62	0	0	0	0	448.28	2
68	62	0	0	0	0	450.419	3
69	62	0	0	0	0	460.563	4
69	63	0	0	0	0	462.323	5
73	63	0	0	0	0	454.581	6
74	62	0	0	0	0	445.425	7
74	62	0	0	0	0	479.337	8
76	62	0	0	0	0	501.694	9
78	62	0	0	0	0	461.169	10
77	61	0	0	0	0	469.351	11
78	60	0	0	0	0	464.95	12
78	63	0	0	0	0	473.239	13
80	63	0	0	0	0	465.644	14
80	73	0	0.666667	0	2	523.214	15
81	73	0	0.666667	0	2	528.498	16
83	73	0	0.666667	0	2	545.528	17
83	71	0	0.666667	0	2	535.594	18
84	70	0	0.666667	0	2	540.656	19
87	74	0	1.33333	0	4	540.918	20
92	74	0.333333	1.66667	1	5	583.668	21
91	73	0.333333	1.66667	1	5	586.985	22
92	72	0.333333	1.66667	1	5	559.94	23
85	70	0.333333	1.66667	1	5	526.647	24
85	71	0.333333	1.66667	1	5	545.787	25
84	69	0.333333	1.66667	1	5	500.552	26
85	68	0.333333	1.66667	1	5	533.049	27
89	68	0.333333	1.66667	1	5	485.918	28
87	68	0.333333	1.66667	1	5	517.897	29
87	66	0.333333	1.66667	1	5	550.568	30
88	65	0.333333	1.66667	1	5	484.299	31
88	65	0.333333	1.66667	1	5	553.353	32
90	64	0.333333	1.66667	1	5	520.366	33
92	64	0.333333	1.66667	1	5	529.304	34
93	63	0.666667	1.66667	2	5	536.891	35
93	62	0.666667	1.66667	2	5	569.757	36
97	61	0.666667	1.66667	2	5	546.274	37
97	60	0.666667	1.66667	2	5	553.787	38
99	60	0.666667	1.66667	2	5	554.878	39
100	60	0.666667	1.66667	2	5	584.571	40
100	59	0.666667	1.66667	2	5	528.038	41
101	57	0.666667	1.66667	2	5	539.337	42
101	56	0.666667	1.66667	2	5	548.444	43
104	55	0.666667	1.66667	2	5	543.732	44
109	49	0.666667	1.66667	2	5	573.005	45
110	49	0.666667	1.66667	2	5	560.136	46
111	48	0.666667	1.66667	2	5	519.575	47
111	46	0.666667	1.66667	2	5	529.896	48
112	48	0.666667	1.66667	2	5	587.71	49
112	47	0.666667	1.66667	2	5	571.386	50
112	47	0.666667	1.66667	2	5	553.431	51
112	47	0.666667	1.66667	2	5	585.772	52
112	47	0.666667	1.66667	2	5	574.569	53
112	47	0.666667	1.66667	2	5	590.191	54
113	48	0.666667	1.66667	2	5	580.306	55
113	49	0.666667	1.66667	2	5	566.071	56
116	49	0.666667	1.66667	2	5	564.904	57
116	49	0.666667	1.66667	2	5	594.741	58
116	49	0.666667	1.66667	2	5	611.545	59
117	49	0.666667	1.66667	2	5	610.465	60
117	49	0.666667	1.66667	2	5	601.954	61
119	48	0.666667	1.66667	2	5	582.972	62
121	48	0.666667	1.33333	2	4	612.011	63
120	48	0.666667	1	2	3	596.807	64
124	48	0.666667	0.666667	2	2	589.549	65
124	48	0.666667	0.666667	2	2	624.806	66
125	48	0.666667	0.666667	2	2	620.261	67
125	48	0.666667	0.666667	2	2	623.991	68
126	47	0.666667	0.666667	2	2	613.453	69
125	47	0.666667	0.333333	2	1	631.863	70
126	47	0.666667	0.333333	2	1	594.766	71
127	46	0.333333	0.333333	1	1	611.708	72
129	47	0.333333	0.333333	1	1	627.984	73
127	50	0.333333	0.333333	1	1	638.555	74
127	50	0.333333	0	1	0	636.122	75
127	51	0	0	0	0	605.113	76
127	51	0	0	0	0	617.419	77
127	51	0	0	0	0	619.004	78
128	50	0	0	0	0	614.081	79
128	51	0	0	0	0	623.291	80
128	51	0	0	0	0	638.335	81
122	51	0	0	0	0	515.159	82
120	51	0	0	0	0	608.868	83
119	51	0	0	0	0	606.314	84
120	51	0	0	0	0	599.152	85
121	52	0	0	0	0	612.756	86
121	55	0	0	0	0	610.133	87
116	54	0	0	0	0	596.527	88
117	54	0	0	0	0	608.04	89
118	54	0	0	0	0	611.776	90
116	53	0	0	0	0	593.552	91
117	53	0	0	0	0	602.865	92
117	56	0	0	0	0	609.819	93
116	54	0	0	0	0	629.189	94
115	54	0	0	0	0	439.044	95
113	54	0	0	0	0	546.018	96
115	54	0	0	0	0	546.392	97
113	54	0	0	0	0	629.71	98
114	52	0	0	0	0	590.404	99
115	52	0	0	0	0	592.654	100
117	53	0	0	0	0	601.698	101
116	53	0	0	0	0	656.38	102
116	53	0	0	0	0	618.639	103
117	52	0	0	0	0	546.896	104
117	52	0	0	0	0	596.866	105
117	49	0	0	0	0	602.556	106
117	49	0	0	0	0	631.601	107
120	49	0	0	0	0	569.323	108
124	47	0	0	0	0	568.868	109
112	46	0	0	0	0	543.476	110
112	44	0	0	0	0	563.436	111
113	44	0	0	0	0	562.361	112
113	43	0	0	0	0	590.732	113
113	42	0	0	0	0	584.209	114
113	42	0	0	0	0	535.851	115
112	42	0	0	0	0	556.65	116
112	41	0	0	0	0	595.068	117
112	43	0	0	0	0	502.464	118
112	43	0	0	0	0	516.848	119
112	42	0	0	0	0	521.234	120
112	42	0	0	0	0	559.771	121
113	42	0	0	0	0	548.06	122
113	42	0	0	0	0	574.662	123
113	42	0	0	0	0	563.831	124
114	42	0	0	0	0	590.969	125
115	39	0	0	0	0	556.887	126
113	39	0	0	0	0	524.825	127
113	38	0	0	0	0	535.412	128
114	38	0	0	0	0	561.897	129
115	39	0	0	0	0	573.032	130
115	39	0	0	0	0	565.851	131
116	38	0	0	0	0	548.23	132
116	38	0	0	0	0	565.123	133
116	38	0	0	0	0	554.081	134
116	41	0	0	0	0	556.948	135
118	40	0	0	0	0	531.163	136
117	41	0	0	0	0	602.558	137
118	41	0	0	0	0	553.277	138
119	42	0	0	0	0	561.717	139
121	42	0	0	0	0	545.065	140
121	42	0	0	0	0	549.586	141
122	43	0	0	0	0	580.953	142
118	43	0	0	0	0	517.616	143
112	43	0	0	0	0	523.348	144
110	44	0	0	0	0	521.51	145
105	44	0	0	0	0	504.646	146
104	43	0	0	0	0	507.11	147
102	43	0	0	0	0	519.018	148
102	43	0	0	0	0	500.287	149
106	43	0	0	0	0	524.589	150
104	43	0	0	0	0	514.803	151
103	42	0	0	0	0	530.576	152
104	42	0	0	0	0	486.021	153
105	42	0	0	0	0	489.172	154
106	42	0	0	0	0	497.531	155
97	43	0	0	0	0	477.664	156
97	43	0	0	0	0	478.901	157
97	43	0	0	0	0	480.077	158
97	41	0	0	0	0	481.064	159
97	41	0	0	0	0	498.214	160
99	41	0	0	0	0	439.441	161
101	71	0	0	0	0	501.727	162
101	69	0	0	0	0	601.665	163
101	69	0	0	0	0	622.874	164
101	65	0	0	0	0	584.888	165
102	65	0	0	0	0	579.119	166
106	65	0	0	0	0	590.379	167
108	65	0	0	0	0	617.628	168
106	66	0	0	0	0	559.609	169
101	64	0	0	0	0	569.805	170
88	64	0	0	0	0	526.876	171
88	64	0	0	0	0	548.598	172
89	64	0	0	0	0	565.012	173
90	64	0	0	0	0	554.671	174
90	64	0	0	0	0	550.747	175
91	63	0	0	0	0	529.623	176
92	62	0	0	0	0	546.14	177
93	64	0	0	0	0	569.36	178
93	63	0	0	0	0	563.862	179
94	63	0	0	0	0	585.778	180
94	63	0	0	0	0	574.559	181
94	63	0	0	0	0	545.374	182
93	62	0	0	0	0	525.137	183
94	65	0	0	0	0	562.404	184
93	70	0	0	0	0	600.704	185
94	70	0	0	0	0	594.219	186
92	70	0	0	0	0	573.41	187
93	70	0	0	0	0	574.52	188
94	68	0	0	0	0	587.991	189
95	67	0	0	0	0	619.837	190
96	67	0	0	0	0	577.627	191
97	67	0	0	0	0	593.939	192
95	67	0	0	0	0	560.783	193
95	68	0	0	0	0	591.275	194
95	68	0	0	0	0	562.501	195
95	69	0	0	0	0	599.276	196
95	68	0	0	0	0	600.336	197
94	68	0	0	0	0	599.121	198
92	69	0	0	0	0	568.065	199
92	69	0	0	0	0	597.42	200
95	73	0	0	0	0	590.124	201
95	73	0	0	0	0	546.619	202
96	87	0	0	0	0	635.255	203
96	87	0	0	0	0	583.004	204
94	88	0	0	0	0	590.761	205
96	94	0	0	0	0	631.647	206
96	94	0	0	0	0	508.324	207
99	111	0	0	0	0	625.816	208
99	111	0	0	0	0	621.45	209
99	111	0	0	0	0	595.409	210
99	111	0	0	0	0	597.254	211
85	109	0	0	0	0	604.055	212
82	109	0	0	0	0	668.496	213
82	109	0	0	0	0	687.314	214
76	108	0	0	0	0	669.166	215
78	108	0	0	0	0	678.88	216
75	108	0	0	0	0	640.778	217
76	107	0	0	0	0	575.565	218
77	105	0	0	0	0	683.588	219
77	105	0	0	0	0	671.871	220
78	104	0	0	0	0	669.06	221
78	107	0	0	0	0	670.651	222
77	106	0	0	0	0	566.032	223
78	105	0	0	0	0	661.22	224
79	104	0	0	0	0	668.415	225
79	103	0	0	0	0	672.933	226
79	102	0	0	0	0	626.853	227
80	102	0	0	0	0	625.569	228
80	101	0	0	0	0	631.136	229
81	101	0	0	0	0	633.494	230
81	101	0	0	0	0	660.06	231
82	101	0	0	0	0	656.231	232
84	101	0	0	0	0	635.354	233
84	101	0	0	0	0	665.169	234
86	100	0	0	0	0	640.064	235
87	99	0	0	0	0	651.955	236
88	94	0	0	0	0	667.392	237
88	94	0	0	0	0	672.426	238
88	98	0	0	0	0	689.32	239
91	97	0	0	0	0	590.958	240
93	96	0	0	0	0	624.368	241
93	96	0	0	0	0	664.922	242
93	92	0	0	0	0	661.928	243
93	90	0	0	0	0	628.694	244
95	89	0	0	0	0	692.339	245
95	89	0	0	0	0	641.126	246
94	89	0	0	0	0	627.592	247
95	89	0	0	0	0	647.919	248
95	89	0	0	0	0	667.452	249
97	89	0	0	0	0	662.575	250
98	86	0	0	0	0	630.487	251
98	84	0	0	0	0	643.929	252
98	83	0	0	0	0	556.002	253
99	83	0	0	0	0	671.853	254
99	83	0	0	0	0	650.655	255
102	88	0	0	0	0	675.367	256
102	86	0	0	0	0	675.063	257
102	88	0	0	0	0	624.018	258
103	88	0	0	0	0	660.394	259
103	88	0	0	0	0	681.295	260
105	87	0	0	0	0	687.333	261
106	87	0	0	0	0	683.803	262
105	87	0	0	0	0	690.995	263
105	86	0	0	0	0	704.085	264
103	93	0	0	0	0	658.08	265
107	92	0	0	0	0	718.573	266
106	91	0	0	0	0	699.983	267
107	93	0	0	0	0	692.934	268
107	93	0	0	0	0	712.662	269
107	99	0	0	0	0	733.926	270
107	98	0	0	0	0	682.5	271
106	99	0	0	0	0	681.027	272
106	101	0	0	0	0	749.316	273
107	101	0	0	0	0	711.871	274
107	100	0	0	0	0	686.923	275
109	99	0	0	0	0	718.37	276
109	103	0	0	0	0	762.952	277
110	106	0	0	0	0	800.619	278
113	108	0	0	0	0	774.822	279
114	114	0	0	0	0	766.405	280
116	120	0	0	0	0	741.035	281
117	120	0	0	0	0	724.331	282
117	120	0	0	0	0	695.102	283
116	119	0	0	0	0	668.723	284
115	118	0	0	0	0	729.265	285
119	117	0	0	0	0	730.01	286
116	117	0	0	0	0	758.069	287
111	118	0	0	0	0	771.773	288
107	118	0	0	0	0	749.844	289
106	122	0	0	0	0	731.823	290
106	122	0	0	0	0	762.758	291
106	121	0	0	0	0	742.954	292
108	121	0	0	0	0	738.156	293
103	121	0	0	0	0	814.779	294
103	127	0	0	0	0	839.6	295
104	127	0	0	0	0	834.265	296
104	126	0	0	0	0	838.474	297
105	125	0	0	0	0	794.539	298
102	127	0	0	0	0	782.409	299
101	126	0	0	0	0	825.407	300
101	124	0	0	0	0	801.869	301
102	122	0	0	0	0	822.693	302
101	121	0	0	0	0	786.996	303
100	124	0	0	0	0	759.813	304
101	124	0	0	0	0	767.467	305
100	124	0	0	0	0	780.632	306
100	125	0	0	0	0	778.76	307
100	138	0	0	0	0	746.477	308
98	137	0	0	0	0	740.083	309
98	135	0	0	0	0	798.968	310
97	134	0	0	0	0	798.276	311
95	130	0	0	0	0	781.773	312
93	130	0	0	0	0	769.397	313
93	129	0	0	0	0	794.903	314
93	129	0	0	0	0	788.305	315
94	127	0	0	0	0	797.247	316
90	124	0	0	0	0	754.877	317
91	124	0	0	0	0	725.361	318
92	125	0	0	0	0	750.849	319
92	125	0	0	0	0	818.694	320
91	123	0	0	0	0	784.122	321
91	121	0	0	0	0	805.091	322
91	120	0	0	0	0	738.553	323
91	119	0	0	0	0	689.623	324
91	121	0	0	0	0	665.128	325
92	121	0	0	0	0	713.177	326
92	118	0	0	0	0	718.243	327
94	115	0	0	0	0	539.513	328
96	113	0	0	0	0	572.723	329
96	106	0	0	0	0	502.19	330
94	103	0	0	0	0	534.686	331
94	104	0	0	0	0	558.584	332
94	103	0	0	0	0	580.807	333
94	111	0	0	0	0	557.367	334
95	115	0	0	0	0	601.602	335
94	110	0	0	0	0	549.876	336
94	110	0	0	0	0	558.536	337
94	110	0	0	0	0	595.174	338
94	107	0	0	0	0	521.203	339
94	106	0	0	0	0	570.623	340
93	105	0	0	0	0	539.578	341
91	104	0	0	0	0	588.13	342
89	103	0	0	0	0	547.852	343
90	102	0	0	0	0	591.218	344
89	99	0	0	0	0	509.053	345
90	98	0	0	0	0	539.811	346
89	98	0	0	0	0	567.649	347
88	96	0	0	0	0	684.211	348
88	95	0	0	0	0	613.449	349
89	96	0	0	0	0	660.575	350
88	97	0	0	0	0	597.11	351
90	92	0	0	0	0	619.461	352
90	88	0	0	0	0	635.486	353
92	87	0	0	0	0	683.532	354
92	86	0	0	0	0	616.05	355
93	84	0	0	0	0	595.138	356
93	83	0	0	0	0	644.094	357
93	80	0	0	0	0	619.573	358
93	80	0	0	0	0	579.935	359
94	80	0	0	0	0	596.539	360
95	80	0	0	0	0	627.684	361
95	79	0	0	0	0	634.875	362
97	79	0	0	0	0	635.938	363
98	78	0	0	0	0	611.793	364
98	78	0	0	0	0	611.97	365
98	77	0	0	0	0	599.154	366
98	77	0	0	0	0	621.116	367
100	76	0	0	0	0	611.034	368
98	76	0	0	0	0	606.914	369
99	72	0	0	0	0	586.798	370
100	72	0	0	0	0	593.795	371
99	69	0	0	0	0	599.134	372
99	69	0	0	0	0	613.148	373
99	69	0	0	0	0	624.827	374
99	67	0	0	0	0	534.571	375
103	81	0	0	0	0	577.948	376
106	82	0	0	0	0	668.392	377
106	80	0	0	0	0	656.1	378
106	78	0	0	0	0	649.502	379
105	78	0	0	0	0	622.146	380
105	83	0	0	0	0	645.255	381
104	82	0	0	0	0	635.628	382
102	83	0	0	0	0	655.147	383
104	81	0	0	0	0	635.327	384
96	81	0	0	0	0	645.856	385
96	84	0	0	0	0	618.169	386
98	85	0	0	0	0	626.099	387
98	85	0	0	0	0	632.933	388
99	82	0	0	0	0	662.509	389
96	82	0	0	0	0	653.139	390
96	83	0	0	0	0	660.73	391
96	83	0	0	0	0	642.68	392
95	80	0	0	0	0	591.927	393
95	78	0	0	0	0	587.397	394
89	76	0	0	0	0	582.292	395
94	76	0	0	0	0	591.144	396
96	77	0	0	0	0	598.385	397
92	77	0	0	0	0	551.636	398
95	74	0	0	0	0	600.659	399
95	73	0	0	0	0	611.472	400
97	74	0	0	0	0	589.412	401
97	73	0	0	0	0	598.961	402
97	72	0	0	0	0	598.364	403
98	72	0	0	0	0	595.033	404
100	72	0	0	0	0	604.942	405
98	72	0	0	0	0	588.115	406
99	72	0	0	0	0	603.106	407
98	70	0	0	0	0	634.094	408
98	71	0	0	0	0	562.319	409
99	71	0	0	0	0	568.889	410
100	71	0	0	0	0	592.133	411
101	72	0	0	0	0	604.634	412
104	68	0	0	0	0	650.946	413
104	67	0	0	0	0	609.378	414
105	66	0	0	0	0	626.904	415
104	64	0	0	0	0	587.431	416
104	63	0	0	0	0	604.14	417
103	62	0	0	0	0	597.561	418
103	61	0	0	0	0	595.704	419
103	61	0	0	0	0	606.123	420
103	64	0	0	0	0	596.736	421
103	77	0	0	0	0	615.641	422
103	77	0	0	0	0	623.843	423
103	76	0	0	0	0	648.559	424
104	76	0	0	0	0	645.852	425
101	78	0	0	0	0	647.765	426
102	84	0	0	0	0	612.939	427
102	84	0	0	0	0	653.967	428
98	83	0	0	0	0	665.505	429
90	83	0	0	0	0	588.11	430
83	81	0	0	0	0	595.36	431
83	80	0	0	0	0	586.302	432
84	80	0	0	0	0	594.767	433
84	81	0	0	0	0	600.968	434
82	83	0	0	0	0	580.715	435
74	83	0	0	0	0	537.545	436
73	83	0	0	0	0	578.454	437
73	83	0	0	0	0	573.997	438
73	82	0	0	0	0	524.115	439
73	86	0	0	0	0	584.643	440
72	87	0	0	0	0	591.091	441
72	87	0	0	0	0	572.474	442
72	87	0	0	0	0	604.39	443
71	86	0	0	0	0	575.745	444
72	86	0	0	0	0	547.165	445
71	86	0	0	0	0	538.538	446
71	85	0	0	0	0	571.647	447
72	83	0	0	0	0	555.789	448
67	84	0	0	0	0	567.693	449
67	83	0	0	0	0	468.411	450
69	83	0	0	0	0	519.658	451
70	83	0	0	0	0	575.07	452
71	83	0	0	0	0	574.615	453
71	83	0	0	0	0	569.401	454
71	83	0	0	0	0	529.386	455
73	84	0	0	0	0	545.039	456
73	83	0	0	0	0	548.846	457
74	81	0	0	0	0	561.15	458
74	77	0	0	0	0	436.55	459
74	77	0	0	0	0	493.948	460
75	76	0	0	0	0	543.218	461
77	77	0	0	0	0	533.622	462
80	77	0	0	0	0	534.888	463
81	76	0	0	0	0	558.714	464
82	75	0	0	0	0	559.474	465
80	74	0	0	0	0	535.299	466
82	74	0	0	0	0	546.636	467
83	73	0	0	0	0	559.783	468
84	77	0	0	0	0	542.558	469
85	77	0	0	0	0	607.647	470
83	76	0	0	0	0	561.523	471
83	76	0	0	0	0	551.393	472
86	76	0	0	0	0	589.05	473
87	75	0	0	0	0	595.499	474
86	75	0	0	0	0	571.486	475
88	74	0	0	0	0	580.652	476
88	74	0	0	0	0	574.896	477
83	74	0	0	0	0	474.146	478
84	73	0	0	0	0	577.213	479
84	72	0	0	0	0	521.315	480
83	69	0	0	0	0	527.726	481
89	68	0	0	0	0	555.472	482
89	65	0	0	0	0	522.624	483
94	65	0	0	0	0	547.511	484
96	61	0	0	0	0	592.747	485
98	61	0	0	0	0	519.306	486
100	62	0	0	0	0	518.883	487
100	62	0	0	0	0	530.923	488
101	62	0	0	0	0	592.762	489
101	61	0	0	0	0	571.261	490
102	62	0	0	0	0	553.932	491
102	61	0	0	0	0	558.457	492
98	62	0	0	0	0	553.136	493
99	62	0	0	0	0	579.193	494
98	63	0	0	0	0	592.953	495
98	66	0	0	0	0	576.323	496
101	65	0	0	0	0	588.728	497
100	66	0	0	0	0	577.84	498
100	64	0	0	0	0	560.505	499
100	64	0	0	0	0	578.313	500
101	63	0	0	0	0	605.619	501
100	62	0	0	0	0	542.077	502
100	63	0	0	0	0	612.136	503
100	63	0	0	0	0	589.402	504
100	65	0	0	0	0	617.465	505
102	66	0	0	0	0	531.584	506
105	66	0	0	0	0	575.819	507
109	64	0	0	0	0	614.11	508
110	62	0	0	0	0	601.743	509
111	62	0	0	0	0	581.157	510
111	62	0	0	0	0	613.508	511
111	64	0	0	0	0	618.013	512
111	64	0	0	0	0	593.443	513
110	63	0	0	0	0	525.328	514
110	66	0	0	0	0	614.313	515
110	63	0	0	0	0	506.014	516
114	71	0	0	0	0	584.422	517
113	71	0	0	0	0	526.97	518
115	73	0	0	0	0	553.102	519
115	71	0	0	0	0	607.167	520
110	70	0	0	0	0	544.405	521
112	70	0	0	0	0	575.753	522
112	69	0	0	0	0	552.831	523
111	68	0	0	0	0	575.17	524
113	68	0	0	0	0	582.482	525
102	66	0	0	0	0	579.393	526
98	65	0	0	0	0	569.916	527
99	64	0	0	0	0	596.652	528
100	63	0	0	0	0	591.383	529
100	65	0	0	0	0	574.458	530
99	69	0	0	0	0	572.489	531
99	73	0	0	0	0	633.334	532
100	74	0	0	0	0	594.929	533
101	73	0	0	0	0	584.458	534
100	73	0	0	0	0	626.062	535
101	73	0	0	0	0	594.82	536
105	76	0	0	0	0	628.852	537
106	76	0	0	0	0	573.954	538
106	75	0	0	0	0	626.435	539
105	74	0	0	0	0	683.647	540
107	74	0	0	0	0	628.13	541
107	75	0	0	0	0	641.443	542
106	76	0	0	0	0	650.198	543
108	75	0	0	0	0	621.66	544
106	76	0	0	0	0	617.87	545
100	76	0	0	0	0	593.563	546
100	77	0	0	0	0	636.891	547
100	78	0	0	0	0	640.294	548
100	78	0	0	0	0	654.119	549
96	78	0	0	0	0	615.098	550
96	78	0	0	0	0	627.155	551
96	76	0	0	0	0	641.733	552
96	77	0	0	0	0	629.996	553
96	78	0	0	0	0	612.011	554
96	79	0	0	0	0	627.57	555
95	78	0	0	0	0	515.053	556
95	78	0	0	0	0	585.238	557
96	76	0	0	0	0	618.511	558
97	77	0	0	0	0	627.38	559
99	76	0	0	0	0	624.227	560
102	76	0	0	0	0	634.355	561
104	75	0	0	0	0	600.148	562
97	75	0	0	0	0	623.803	563
97	78	0	0	0	0	647.711	564
96	78	0	0	0	0	589.456	565
97	78	0	0	0	0	645.488	566
97	77	0	0	0	0	585.984	567
99	78	0	0	0	0	639.548	568
99	78	0	0	0	0	617.372	569
103	78	0	0	0	0	638.599	570
104	77	0	0	0	0	640.675	571
104	73	0	0	0	0	635.956	572
104	73	0	0	0	0	640.646	573
106	73	0	0	0	0	621.725	574
106	72	0	0	0	0	632.912	575
107	72	0	0	0	0	639.346	576
109	71	0	0	0	0	627.758	577
108	72	0	0	0	0	677.466	578
106	72	0	0	0	0	636.148	579
103	72	0	0	0	0	654.63	580
103	72	0	0	0	0	663.4	581
103	73	0	0	0	0	637.981	582
103	76	0	0	0	0	631.791	583
104	75	0	0	0	0	625.601	584
103	75	0	0	0	0	624.671	585
103	75	0	0	0	0	638.31	586
105	82	0	0	0	0	656.349	587
106	83	0	0	0	0	693.851	588
107	83	0	0	0	0	660.472	589
107	83	0	0	0	0	661.791	590
106	83	0	0	0	0	679.442	591
105	85	0	0	0	0	672.56	592
105	85	0	0	0	0	665.286	593
105	84	0	0	0	0	677.824	594
105	85	0	0	0	0	689.576	595
103	83	0	0	0	0	662.64	596
103	87	0	0	0	0	723.665	597
103	87	0	0	0	0	673.023	598
104	87	0	0	0	0	697.734	599
104	86	0	0	0	0	686.824	600
104	86	0	0	0	0	679.477	601
103	88	0	0	0	0	680.062	602
103	89	0	0	0	0	691.591	603
102	90	0	0	0	0	704.838	604
102	94	0	0	0	0	701.328	605
98	96	0	0	0	0	680.499	606
97	96	0	0	0	0	681.948	607
97	100	0	0	0	0	667.209	608
97	100	0	0	0	0	724.616	609
96	99	0	0	0	0	735.004	610
95	98	0	0	0	0	674.099	611
93	98	0	0	0	0	690.129	612
93	99	0	0	0	0	668.935	613
95	99	0	0	0	0	711.298	614
95	99	0	0	0	0	689.018	615
98	99	0	0	0	0	683.8	616
92	99	0	0	0	0	632.39	617
93	101	0	0	0	0	685.231	618
93	101	0	0	0	0	702.574	619
93	100	0	0	0	0	702.148	620
94	100	0	0	0	0	694.255	621
91	100	0	0	0	0	684.889	622
90	102	0	0	0	0	675.899	623
91	103	0	0	0	0	692.514	624
94	102	0	0	0	0	716.075	625
95	101	0	0	0	0	705.2	626
95	103	0	0	0	0	665.921	627
93	103	0	0	0	0	699.205	628
95	102	0	0	0	0	680.256	629
96	102	0	0	0	0	718.931	630
96	102	0	0	0	0	678.436	631
87	99	0	0	0	0	588.148	632
88	94	0	0	0	0	563.643	633
92	94	0	0	0	0	687.139	634
93	94	0	0	0	0	662.152	635
92	92	0	0	0	0	664.959	636
89	91	0	0	0	0	640.955	637
89	91	0	0	0	0	636.737	638
90	91	0	0	0	0	660.493	639
91	91	0	0	0	0	654.189	640
91	91	0	0	0	0	619.395	641
91	91	0	0	0	0	616.017	642
91	91	0	0	0	0	626.845	643
91	89	0	0	0	0	623.021	644
91	86	0	0	0	0	550.675	645
94	88	0	0	0	0	644.36	646
95	88	0	0	0	0	652.848	647
95	88	0	0	0	0	645.728	648
95	87	0	0	0	0	651.533	649
96	86	0	0	0	0	500.698	650
96	86	0	0	0	0	635.727	651
96	85	0	0	0	0	635.491	652
96	85	0	0	0	0	636.747	653
96	85	0	0	0	0	645.828	654
96	79	0	0	0	0	607.514	655
97	79	0	0	0	0	604.553	656
95	77	0	0	0	0	572.797	657
96	77	0	0	0	0	619.94	658
93	77	0	0	0	0	612.1	659
92	80	0	0	0	0	599.737	660
92	80	0	0	0	0	616.7	661
91	78	0	0	0	0	597.068	662
94	77	0	0	0	0	579.84	663
91	77	0	0	0	0	590.236	664
94	81	0	0	0	0	572.978	665
94	76	0	0	0	0	547.356	666
94	74	0	0	0	0	564.486	667
94	76	0	0	0	0	596.697	668
89	75	0	0	0	0	563.558	669
89	79	0	0	0	0	566.789	670
89	77	0	0	0	0	569.307	671
90	77	0	0	0	0	589.255	672
90	77	0	0	0	0	591.665	673
86	75	0	0	0	0	563.557	674
86	75	0	0	0	0	580.792	675
87	76	0	0	0	0	560.95	676
87	77	0	0	0	0	584.599	677
89	79	0	0	0	0	593.21	678
86	79	0	0	0	0	587.196	679
86	79	0	0	0	0	601.05	680
86	80	0	0	0	0	578.264	681
87	83	0	0	0	0	632.333	682
87	92	0	0	0	0	615.624	683
86	96	0	0	0	0	574.677	684
86	96	0	0	0	0	599.274	685
86	96	0	0	0	0	620.903	686
82	95	0	0	0	0	629.794	687
82	96	0	0	0	0	594.442	688
81	96	0	0	0	0	603.831	689
81	96	0	0	0	0	669.731	690
79	97	0	0	0	0	628.617	691
78	97	0	0	0	0	592.635	692
78	109	0	0	0	0	640.599	693
78	111	0	0	0	0	696.336	694
78	110	0	0	0	0	663.199	695
82	109	0	0	0	0	678.837	696
82	109	0	0	0	0	652.298	697
83	108	0	0	0	0	677.135	698
83	108	0	0	0	0	683.784	699
84	109	0	0	0	0	693.443	700
83	109	0	0	0	0	704.127	701
77	108	0	0	0	0	636.273	702
76	110	0	0	0	0	637.569	703
76	109	0	0	0	0	660.731	704
79	109	0	0	0	0	660.578	705
79	110	0	0	0	0	699.718	706
79	112	0	0	0	0	681.167	707
78	113	0	0	0	0	695.631	708
77	113	0	0	0	0	701.144	709
81	113	0	0	0	0	701.135	710
82	115	0	0	0	0	707.313	711
80	118	0	0	0	0	709.871	712
81	117	0	0	0	0	634.134	713
80	115	0	0	0	0	661.974	714
80	115	0	0	0	0	679.539	715
79	117	0	0	0	0	657.708	716
79	117	0	0	0	0	611.093	717
79	116	0	0	0	0	660.038	718
79	115	0	0	0	0	662.341	719
78	115	0	0	0	0	655.194	720
77	115	0	0	0	0	691.856	721
78	115	0	0	0	0	706.15	722
79	114	0	0	0	0	652.509	723
77	113	0	0	0	0	693.115	724
77	113	0	0	0	0	704.058	725
77	112	0	0	0	0	708.762	726
76	111	0	0	0	0	671.297	727
77	112	0	0	0	0	714.068	728
78	111	0	0	0	0	691.684	729
78	110	0	0	0	0	632.265	730
79	109	0	0	0	0	704.785	731
81	107	0	0	0	0	662.682	732
82	104	0	0	0	0	657.534	733
83	102	0	0	0	0	645.263	734
83	102	0	0	0	0	669.327	735
84	100	0	0	0	0	696.681	736
83	98	0	0	0	0	628.748	737
85	97	0	0	0	0	640.263	738
86	96	0	0	0	0	618.541	739
86	96	0	0	0	0	673.521	740
86	92	0	0	0	0	634.508	741
87	90	0	0	0	0	622.931	742
87	90	0	0	0	0	595.261	743
87	90	0	0	0	0	622.465	744
88	86	0	0	0	0	584.71	745
89	85	0	0	0	0	626.83	746
89	86	0	0	0	0	590.951	747
90	85	0	0	0	0	587.264	748
89	83	0	0	0	0	579.257	749
89	82	0	0	0	0	624.361	750
89	82	0	0	0	0	621.283	751
88	81	0	0	0	0	608.617	752
87	79	0	0	0	0	598.148	753
87	77	0	0	0	0	611.323	754
87	77	0	0	0	0	595.185	755
88	89	0	0	0	0	618.757	756
90	89	0	0	0	0	606.173	757
89	90	0	0	0	0	608.974	758
89	90	0	0	0	0	620.825	759
88	90	0	0	0	0	616.488	760
92	90	0	0	0	0	603.268	761
92	89	0	0	0	0	612.524	762
91	86	0	0	0	0	585.746	763
91	88	0	0	0	0	532.265	764
66	88	0	0	0	0	510.482	765
61	84	0	0	0	0	499.532	766
62	84	0	0	0	0	505.992	767
65	86	0	0	0	0	507.671	768
65	85	0	0	0	0	546.708	769
63	85	0	0	0	0	545.69	770
63	85	0	0	0	0	543.373	771
63	85	0	0	0	0	531.054	772
61	85	0	0	0	0	527.49	773
61	91	0	0	0	0	503.304	774
62	94	0	0	0	0	483.706	775
62	96	0	0	0	0	598.762	776
64	96	0	0	0	0	563.756	777
64	96	0	0	0	0	539.695	778
65	97	0	0	0	0	555.827	779
64	96	0	0	0	0	554.67	780
63	95	0	0	0	0	562.205	781
66	100	0	0	0	0	565.274	782
61	99	0	0	0	0	538.551	783
64	98	0	0	0	0	556.878	784
65	97	0	0	0	0	560.499	785
65	96	0	0	0	0	573.177	786
65	103	0	0	0	0	584.759	787
66	104	0	0	0	0	604.63	788
66	104	0	0	0	0	589.294	789
65	104	0	0	0	0	601.163	790
65	104	0	0	0	0	609.826	791
65	104	0	0	0	0	559.46	792
65	104	0	0	0	0	612.108	793
64	105	0	0	0	0	562.665	794
64	105	0	0	0	0	619.954	795
59	103	0	0	0	0	572.728	796
59	103	0	0	0	0	579.448	797
61	103	0	0	0	0	583.882	798
62	104	0	0	0	0	590.206	799
62	108	0	0	0	0	574.323	800
63	105	0	0	0	0	576.446	801
62	104	0	0	0	0	572.901	802
61	102	0	0	0	0	589.512	803
62	101	0	0	0	0	579.57	804
62	101	0	0	0	0	542.84	805
61	101	0	0	0	0	616.932	806
61	101	0	0	0	0	595.415	807
61	101	0	0	0	0	590.971	808
61	100	0	0	0	0	593.038	809
61	101	0	0	0	0	615.024	810
61	103	0	0	0	0	553.3	811
63	104	0	0	0	0	546.133	812
64	105	0	0	0	0	563.385	813
66	105	0	0	0	0	612.365	814
67	103	0	0	0	0	600.728	815
69	104	0	0	0	0	532.472	816
70	103	0	0	0	0	617.038	817
70	103	0	0	0	0	643.005	818
69	103	0	0	0	0	598.01	819
69	102	0	0	0	0	604.096	820
70	101	0	0	0	0	618.277	821
70	98	0	0	0	0	538.281	822
73	99	0	0	0	0	631.701	823
75	97	0	0	0	0	608.237	824
75	103	0	0	0	0	602.229	825
77	104	0	0	0	0	607.802	826
77	105	0	0	0	0	654.05	827
78	105	0	0	0	0	663.608	828
78	105	0	0	0	0	660.484	829
80	104	0	0	0	0	641.557	830
81	103	0	0	0	0	661.564	831
82	111	0	0	0	0	628.768	832
82	110	0	0	0	0	625.162	833
82	108	0	0	0	0	624.46	834
82	108	0	0	0	0	623.275	835
80	109	0	0	0	0	692.643	836
80	112	0	0	0	0	683.977	837
83	112	0	0	0	0	676.395	838
84	112	0	0	0	0	674.523	839
85	113	0	0	0	0	711.129	840
83	113	0	0	0	0	666.829	841
83	113	0	0	0	0	636.164	842
83	108	0	0	0	0	623.507	843
85	108	0	0	0	0	680.295	844
86	107	0	0	0	0	649.668	845
81	106	0	0	0	0	610.523	846
81	109	0	0	0	0	660.542	847
81	105	0	0	0	0	655.473	848
81	104	0	0	0	0	620.971	849
83	105	0	0	0	0	666.419	850
93	104	0	0	0	0	642.802	851
95	103	0	0	0	0	690.375	852
97	103	0	0	0	0	676.128	853
97	101	0	0	0	0	698.544	854
99	101	0	0	0	0	692.989	855
100	102	0	0	0	0	728.727	856
101	101	0	0	0	0	695.694	857
102	101	0	0	0	0	697.011	858
103	101	0	0	0	0	756.136	859
104	100	0	0	0	0	723.29	860
105	99	0	0	0	0	695.311	861
106	98	0	0	0	0	737.704	862
107	98	0	0	0	0	764.578	863
107	98	0	0	0	0	725.615	864
109	100	0	0	0	0	758.865	865
110	100	0	0	0	0	763.825	866
112	100	0	0	0	0	743.641	867
113	99	0	0	0	0	753.386	868
113	99	0	0	0	0	698.191	869
112	101	0	0	0	0	764.232	870
114	100	0	0	0	0	733.748	871
114	99	0	0	0	0	722.789	872
112	98	0	0	0	0	745.205	873
109	100	0	0	0	0	729.648	874
111	99	0	0	0	0	713.707	875
113	99	0	0	0	0	751.396	876
113	100	0	0	0	0	764.634	877
112	99	0	0	0	0	761.95	878
113	99	0	0	0	0	746.481	879
114	99	0	0	0	0	747.404	880
115	99	0	0	0	0	760.325	881
117	99	0	0	0	0	766.098	882
112	99	0	0	0	0	758.142	883
113	99	0	0	0	0	762.047	884
116	98	0	0	0	0	755.297	885
119	98	0	0	0	0	749.542	886
119	99	0	0	0	0	783.673	887
119	98	0	0	0	0	764.405	888
119	99	0	0	0	0	807.214	889
119	99	0	0	0	0	776.253	890
120	97	0	0	0	0	793.039	891
124	98	0	0	0	0	744.483	892
124	97	0	0	0	0	736.137	893
125	95	0	0	0	0	762.451	894
127	96	0	0	0	0	775.801	895
127	93	0	0	0	0	771.311	896
127	92	0	0	0	0	771.569	897
128	90	0	0	0	0	771.768	898
127	89	0	0	0	0	754.058	899
128	88	0	0	0	0	792.411	900
127	87	0	0	0	0	717.397	901
128	88	0	0	0	0	755.529	902
128	88	0	0	0	0	758.178	903
127	85	0	0	0	0	693.242	904
127	84	0	0	0	0	756.704	905
126	78	0	0	0	0	737.542	906
127	77	0	0	0	0	687.72	907
128	81	0	0	0	0	735.104	908
128	84	0	0	0	0	768.009	909
127	83	0	0	0	0	742.329	910
123	84	0	0	0	0	734.879	911
123	83	0	0	0	0	724.293	912
122	83	0	0	0	0	640.616	913
122	83	0	0	0	0	712.39	914
123	83	0	0	0	0	688.637	915
122	83	0	0	0	0	679.644	916
118	92	0	0	0	0	693.712	917
113	96	0	0	0	0	679.027	918
113	106	0	0	0	0	780.424	919
114	105	0	0	0	0	791.409	920
114	105	0	0	0	0	776.071	921
114	103	0	0	0	0	759.244	922
113	109	0	0	0	0	766.6	923
118	107	0	0	0	0	778.68	924
120	109	0	0	0	0	764.053	925
115	107	0	0	0	0	714.393	926
117	107	0	0	0	0	800.445	927
118	107	0	0	0	0	703.563	928
119	108	0	0	0	0	792.604	929
120	108	0	0	0	0	836.819	930
121	108	0	0	0	0	825.416	931
115	106	0	0	0	0	803.663	932
116	108	0	0	0	0	782.339	933
111	108	0	0	0	0	783.907	934
111	107	0	0	0	0	811.629	935
111	106	0	0	0	0	806.827	936
113	104	0	0	0	0	757.193	937
115	102	0	0	0	0	775.246	938
114	102	0	0	0	0	779.259	939
114	103	0	0	0	0	737.962	940
114	103	0	0	0	0	775.081	941
115	103	0	0	0	0	780.309	942
116	103	0	0	0	0	844.365	943
117	103	0	0	0	0	800.309	944
117	102	0	0	0	0	815.121	945
117	102	0	0	0	0	807.66	946
119	101	0	0	0	0	783.246	947
121	100	0	0	0	0	788.888	948
120	98	0	0	0	0	733.997	949
120	100	0	0	0	0	794.301	950
119	100	0	0	0	0	788.422	951
119	97	0	0	0	0	773.45	952
123	97	0	0	0	0	726.023	953
123	104	0	0	0	0	775.19	954
125	107	0	0	0	0	812.92	955
126	108	0	0	0	0	751.374	956
127	122	0	0	0	0	773.718	957
127	122	0	0	0	0	811.404	958
125	124	0	0	0	0	784.213	959
126	124	0	0	0	0	814.316	960
125	125	0	0	0	0	859.094	961
127	125	0	0	0	0	955.62	962
124	124	0	0	0	0	919.015	963
124	132	0	0	0	0	914.948	964
124	132	0	0	0	0	887.752	965
119	130	0	0	0	0	909.384	966
121	129	0	0	0	0	872.909	967
122	127	0	0	0	0	872.507	968
123	126	0	0	0	0	898.327	969
123	125	0	0	0	0	915.705	970
124	126	0	0	0	0	900.824	971
126	126	0	0	0	0	889.994	972
121	125	0	0	0	0	821.609	973
122	124	0	0	0	0	839.923	974
124	120	0	0	0	0	907.525	975
126	120	0	0	0	0	917.843	976
127	118	0	0	0	0	899.584	977
125	118	0	0	0	0	824.051	978
126	119	0	0	0	0	857.205	979
127	119	0	0	0	0	878.786	980
129	119	0	0	0	0	956.696	981
130	118	0	0	0	0	889.604	982
131	115	0	0	0	0	886.023	983
132	116	0	0	0	0	913.486	984
135	117	0	0	0	0	923.398	985
132	119	0	0	0	0	881.343	986
131	117	0	0	0	0	890.27	987
129	116	0	0	0	0	912.88	988
128	114	0	0	0	0	906.521	989
128	114	0	0	0	0	880.432	990
131	116	0	0	0	0	888.053	991
133	124	0	0	0	0	865.639	992
135	128	0	0	0	0	926.71	993
137	131	0	0	0	0	972.618	994
134	130	0	0	0	0	937.572	995
132	132	0	0	0	0	928.873	996
134	131	0	0	0	0	934.712	997
134	131	0	0	0	0	917.213	998
134	129	0	0	0	0	930.371	999
131	130	0	0	0	0	912.449	1000
114	133	0	0	0	0	874.632	1001
113	133	0	0	0	0	929.454	1002
111	133	0	0	0	0	852.195	1003
113	131	0	0	0	0	877.507	1004
115	130	0	0	0	0	890.03	1005
117	131	0	0	0	0	878.259	1006
117	131	0	0	0	0	856.108	1007
118	131	0	0	0	0	827.064	1008
119	132	0	0	0	0	925.647	1009
116	131	0	0	0	0	919.754	1010
117	131	0	0	0	0	890.533	1011
117	131	0	0	0	0	915.194	1012
117	131	0	0	0	0	902.879	1013
115	127	0	0	0	0	825.818	1014
107	125	0	0	0	0	829.04	1015
109	123	0	0	0	0	796.225	1016
109	124	0	0	0	0	837.072	1017
108	125	0	0	0	0	828.707	1018
108	124	0	0	0	0	787.712	1019
108	124	0	0	0	0	844.48	1020
110	125	0	0	0	0	822.521	1021
110	125	0	0	0	0	854.646	1022
109	124	0	0	0	0	798.007	1023
109	123	0	0	0	0	801.368	1024
106	122	0	0	0	0	823.882	1025
106	121	0	0	0	0	833.491	1026
104	121	0	0	0	0	824.745	1027
104	119	0	0	0	0	802.877	1028
105	117	0	0	0	0	835.378	1029
105	117	0	0	0	0	792.634	1030
105	113	0	0	0	0	779.439	1031
105	113	0	0	0	0	785.267	1032
105	112	0	0	0	0	796.68	1033
104	112	0	0	0	0	738.789	1034
99	111	0	0	0	0	761.004	1035
99	111	0	0	0	0	725.436	1036
100	111	0	0	0	0	764.548	1037
100	111	0	0	0	0	771.194	1038
100	110	0	0	0	0	767.501	1039
99	109	0	0	0	0	724.672	1040
99	107	0	0	0	0	748.591	1041
96	107	0	0	0	0	696.824	1042
96	105	0	0	0	0	710.109	1043
97	104	0	0	0	0	734.775	1044
97	104	0	0	0	0	749.244	1045
97	103	0	0	0	0	690.988	1046
97	103	0	0	0	0	666.403	1047
97	104	0	0	0	0	721.912	1048
96	102	0	0	0	0	723.038	1049
93	101	0	0	0	0	669.084	1050
93	102	0	0	0	0	630.84	1051
93	100	0	0	0	0	651.736	1052
93	100	0	0	0	0	656.288	1053
93	99	0	0	0	0	664.146	1054
93	97	0	0	0	0	652.869	1055
93	96	0	0	0	0	628.364	1056
90	96	0	0	0	0	667.546	1057
90	93	0	0	0	0	627.412	1058
90	87	0	0	0	0	621.325	1059
86	85	0	0	0	0	561.254	1060
86	83	0.333333	0	1	0	604.344	1061
86	80	0.333333	0	1	0	606.123	1062
85	80	0.333333	0	1	0	548.462	1063
84	79	0.333333	0	1	0	556.055	1064
84	77	0.666667	0	2	0	557.713	1065
84	77	0.666667	0	2	0	515.044	1066
84	75	0.666667	0	2	0	546.171	1067
84	69	0.666667	0	2	0	528.501	1068
83	67	0.666667	0	2	0	513.232	1069
83	67	0.666667	0	2	0	527.966	1070
81	66	0.666667	0.333333	2	1	506.364	1071
81	65	1	0.333333	3	1	483.82	1072
81	62	1	0.333333	3	1	478.166	1073
69	59	1	0.333333	3	1	460.025	1074
67	58	1	0.333333	3	1	464.195	1075
67	58	1.33333	0.333333	4	1	429.504	1076
67	58	1.33333	0.333333	4	1	456.222	1077
67	58	1.33333	0.333333	4	1	452.088	1078
67	58	1.33333	0.333333	4	1	458.241	1079
67	57	1.33333	0.333333	4	1	448.499	1080
66	57	1.33333	0.333333	4	1	451.84	1081
63	57	1.33333	0.333333	4	1	410.454	1082
62	55	1.33333	0.333333	4	1	399.1	1083
62	54	1.33333	0.333333	4	1	381.714	1084
62	53	1.33333	0.333333	4	1	378.224	1085
59	52	1.33333	0.333333	4	1	366.33	1086
58	51	1.33333	0.333333	4	1	372.605	1087
55	51	1.33333	0.333333	4	1	352.556	1088
55	48	1.66667	0.333333	5	1	374.039	1089
55	48	1.66667	0.333333	5	1	359.093	1090
55	47	1.66667	0.333333	5	1	345.035	1091
54	47	1.66667	0.333333	5	1	354.311	1092
54	47	1.66667	0.333333	5	1	356.605	1093
54	47	1.66667	0.333333	5	1	336.213	1094
54	46	1.66667	0.333333	5	1	336.03	1095
51	42	1.66667	0.333333	5	1	346.135	1096
51	42	1.66667	0.333333	5	1	323.618	1097
47	41	1.66667	0.333333	5	1	303.203	1098
47	40	1.66667	0.333333	5	1	305.88	1099
47	38	1.66667	0.333333	5	1	295.006	1100
47	37	1.66667	0.333333	5	1	279.386	1101
47	36	1.66667	0.333333	5	1	274.445	1102
41	36	1.66667	0.333333	5	1	229.921	1103
41	33	1.66667	0.333333	5	1	237.578	1104
35	31	1.66667	0.333333	5	1	224.124	1105
35	30	1.66667	0.333333	5	1	220.196	1106
35	26	1.33333	0.333333	4	1	214.812	1107
35	26	1.33333	0.333333	4	1	227.024	1108
35	26	1.33333	0.333333	4	1	219.529	1109
35	26	1.33333	0.333333	4	1	197.681	1110
33	25	1.33333	0	4	0	203.56	1111
31	25	1	0	3	0	187.982	1112
31	25	1	0	3	0	186.517	1113
31	22	1	0	3	0	158.53	1114
31	21	1	0	3	0	170.298	1115
31	20	0.666667	0	2	0	163.834	1116
29	19	0.666667	0	2	0	162.677	1117
28	19	0.666667	0	2	0	157.612	1118
28	19	0.666667	0	2	0	162.876	1119
28	18	0.666667	0	2	0	160.878	1120
28	18	0.666667	0	2	0	146.723	1121
25	18	0.666667	0	2	0	148.01	1122
25	18	0.666667	0	2	0	141.45	1123
25	17	0.666667	0	2	0	139.559	1124
23	17	0.333333	0	1	0	129.97	1125
23	17	0.333333	0	1	0	135.886	1126
23	17	0.333333	0	1	0	133.658	1127
23	17	0.333333	0	1	0	135.388	1128
23	17	0.333333	0	1	0	132.894	1129
23	17	0.333333	0	1	0	125.196	1130
23	15	0.333333	0	1	0	130.9	1131
23	15	0.333333	0	1	0	127.577	1132
23	14	0.333333	0	1	0	108.453	1133
21	12	0	0	0	0	106.282	1134
21	11	0	0	0	0	112.131	1135
21	10	0	0	0	0	nan	1136
