unique_top_cov	unique_bot_cov	redundant_top_cov	redundant_bot_cov	raw_redundant_top_cov	raw_redundant_bot_cov	e_value	position
0	1	0	0	0	0	nan	1
0	1	0	0	0	0	nan	2
0	1	0	0	0	0	-3.03518	3
0	1	0	0	0	0	-3.26287	4
0	1	0	0	0	0	-3.26287	5
0	1	0	0	0	0	-3.03518	6
0	1	0	0	0	0	-2.73358	7
1	1	0	0	0	0	-2.99007	8
1	2	0	0	0	0	1.17491	9
1	2	0	0	0	0	4.80009	10
1	2	0	0	0	0	4.07566	11
1	2	0	0	0	0	4.13988	12
1	2	0	0	0	0	3.82822	13
1	3	0	0	0	0	2.62608	14
1	3	0	0	0	0	5.46897	15
1	3	0	0	0	0	7.92322	16
1	3	0	0	0	0	8.33295	17
2	3	0	0	0	0	6.65297	18
3	3	0	0	0	0	12.1853	19
3	3	0	0	0	0	10.046	20
3	3	0	0	0	0	13.5837	21
3	3	0	0	0	0	14.6013	22
3	3	0	0	0	0	16.0496	23
3	3	0	0	0	0	16.3895	24
3	3	0.333333	0	1	0	16.0442	25
4	3	0.333333	0	1	0	16.0496	26
4	3	0.333333	0	1	0	16.0433	27
4	3	0.333333	0	1	0	20.361	28
4	3	0.333333	0	1	0	19.3831	29
4	3	0.333333	0	1	0	19.6637	30
4	3	0.333333	0	1	0	17.6046	31
4	3	0.333333	0	1	0	19.8338	32
4	3	0.333333	0	1	0	18.6511	33
4	3	0.333333	0	1	0	16.367	34
4	3	0.333333	0	1	0	19.8072	35
4	3	0.333333	0	1	0	20.6041	36
4	3	0.333333	0	1	0	18.1021	37
5	3	0.333333	0	1	0	19.8807	38
5	3	0.333333	0	1	0	19.8807	39
5	3	0.333333	0	1	0	17.2381	40
5	3	0.333333	0	1	0	19.8338	41
5	3	0.333333	0	1	0	19.3831	42
5	3	0.333333	0	1	0	23.3128	43
5	3	0.333333	0	1	0	22.7718	44
6	3	0.333333	0	1	0	23.043	45
6	3	0.333333	0	1	0	23.4722	46
6	3	0.333333	0	1	0	28.5793	47
6	3	0.333333	0	1	0	26.929	48
6	3	0.333333	0	1	0	20.9971	49
6	3	0.333333	0	1	0	23.1727	50
6	3	0.333333	0	1	0	22.9623	51
6	3	0.333333	0	1	0	22.9501	52
6	4	0.333333	0	1	0	22.2827	53
6	4	0.333333	0	1	0	21.49	54
6	4	0.333333	0	1	0	29.3063	55
6	4	0.333333	0	1	0	30.9508	56
6	5	0.333333	0	1	0	29.6187	57
6	5	0.333333	0	1	0	29.6834	58
6	5	0.333333	0	1	0	27.7368	59
6	5	0.333333	0	1	0	35.0534	60
6	5	0.333333	0	1	0	31.0148	61
7	5	0.333333	0	1	0	32.6458	62
7	5	0.333333	0	1	0	32.1254	63
7	5	0	0	0	0	35.018	64
7	5	0	0	0	0	35.4905	65
7	5	0	0	0	0	35.3849	66
7	7	0	0	0	0	38.0336	67
8	7	0	0	0	0	46.6218	68
8	7	0	0	0	0	45.7214	69
9	7	0	0	0	0	47.5148	70
9	7	0	0	0	0	50.4561	71
9	7	0	0	0	0	54.2364	72
9	8	0	0	0	0	56.0217	73
9	8	0	0	0	0	54.0492	74
9	11	0	0	0	0	50.0408	75
9	11	0	0	0	0	55.3401	76
9	11	0	0	0	0	66.7186	77
9	11	0	0	0	0	70.2661	78
9	11	0	0	0	0	67.5803	79
9	11	0	0	0	0	66.9256	80
9	11	0	0	0	0	64.1816	81
9	11	0	0	0	0	63.6965	82
9	11	0	0	0	0	67.0073	83
9	11	0	0	0	0	61.7845	84
9	11	0	0	0	0	67.0429	85
9	11	0	0	0	0	69.1682	86
9	11	0	0	0	0	66.9279	87
9	11	0	0	0	0	64.8299	88
9	12	0	0	0	0	64.076	89
9	12	0	0	0	0	64.8019	90
10	12	0	0	0	0	67.5478	91
10	12	0	0	0	0	67.7547	92
10	12	0	0	0	0	72.5689	93
10	12	0	0	0	0	66.9503	94
10	12	0	0	0	0	75.5616	95
10	12	0	0	0	0	78.1943	96
10	12	0	0	0	0	70.2514	97
11	12	0	0	0	0	73.771	98
11	12	0	0	0	0	76.2191	99
11	12	0	0	0	0	70.2264	100
11	12	0	0	0	0	64.6403	101
11	12	0	0	0	0	77.148	102
11	12	0	0	0	0	76.2311	103
10	12	0	0	0	0	73.8923	104
10	12	0	0	0	0	78.455	105
10	12	0	0	0	0	73.3003	106
10	12	0	0	0	0	74.1904	107
10	12	0	0	0	0	66.4316	108
10	14	0	0	0	0	67.0727	109
10	14	0	0	0	0	71.7819	110
10	13	0	0	0	0	80.8247	111
10	13	0	0	0	0	82.1573	112
10	13	0	0	0	0	76.494	113
11	13	0	0	0	0	79.2802	114
11	13	0	0	0	0	78.9777	115
11	13	0	0	0	0	76.459	116
11	13	0	0	0	0	75.7677	117
10	13	0	0	0	0	82.4575	118
10	13	0	0	0	0	57.8421	119
10	13	0	0	0	0	81.9166	120
10	13	0	0	0	0	76.749	121
10	13	0	0	0	0	82.3623	122
10	13	0	0	0	0	75.6569	123
11	13	0	0	0	0	75.7942	124
11	13	0	0	0	0	72.7953	125
11	13	0	0	0	0	74.0899	126
11	13	0	0	0	0	75.7445	127
10	13	0	0	0	0	71.3325	128
10	13	0	0	0	0	75.7271	129
10	13	0	0	0	0	77.1423	130
10	13	0	0	0	0	70.8258	131
10	13	0	0	0	0	73.2705	132
8	13	0	0	0	0	65.9479	133
9	13	0	0	0	0	56.9308	134
9	13	0	0	0	0	51.1599	135
9	12	0	0	0	0	73.2458	136
9	12	0	0	0	0	73.7694	137
9	12	0	0	0	0	71.4424	138
9	12	0	0	0	0	71.6418	139
9	12	0	0	0	0	71.7842	140
9	12	0	0	0	0	68.1537	141
9	12	0	0	0	0	71.5541	142
9	12	0	0	0	0	67.2152	143
9	12	0	0	0	0	71.6419	144
10	13	0	0	0	0	74.0426	145
10	13	0	0	0	0	64.958	146
10	13	0	0	0	0	64.3946	147
10	13	0	0	0	0	80.9052	148
10	13	0	0	0	0	78.6571	149
10	14	0	0	0	0	75.8275	150
10	14	0	0	0	0	76.6909	151
10	14	0	0	0	0	83.4724	152
10	14	0	0	0	0	66.6456	153
10	14	0	0	0	0	81.8496	154
10	14	0	0	0	0	80.4061	155
10	14	0	0	0	0	86.458	156
10	14	0	0	0	0	79.2649	157
10	14	0	0	0	0	82.2037	158
10	14	0.5	0	1	0	80.0153	159
10	14	0.5	0	1	0	82.3681	160
11	14	0.5	0	1	0	81.8928	161
11	14	0.5	0	1	0	87.0285	162
11	14	0.5	0	1	0	76.5848	163
11	13	1	0	2	0	80.1602	164
11	13	1	0	2	0	78.0136	165
11	13	1	0	2	0	72.8368	166
10	13	1	0	2	0	66.0075	167
10	13	1	0	2	0	69.043	168
9	13	1	0	2	0	68.3907	169
9	13	1	0	2	0	67.1741	170
9	12	1	0	2	0	70.452	171
9	12	1	0	2	0	68.2118	172
9	12	1	0	2	0	69.0097	173
9	13	1	0	2	0	49.6254	174
9	13	1	0	2	0	67.8603	175
8	13	1	0	2	0	65.4853	176
8	13	1	0	2	0	73.0788	177
8	13	1	0	2	0	67.5742	178
9	13	1	0	2	0	60.3011	179
9	13	1	0	2	0	74.4276	180
9	13	1	0	2	0	55.4699	181
9	14	1	0	2	0	71.769	182
9	14	1	0	2	0	60.3001	183
10	14	1	0	2	0	72.2801	184
10	14	1	0	2	0	66.3384	185
10	13	1	0	2	0	65.5983	186
10	15	1	0	2	0	76.4556	187
9	15	1	0	2	0	69.5946	188
9	15	1	0	2	0	77.3734	189
9	15	1	0	2	0	81.8171	190
9	15	1	0	2	0	79.699	191
10	15	1	0	2	0	79.6237	192
10	15	1	0	2	0	76.8757	193
10	15	1	0	2	0	80.4074	194
10	15	0.5	0	1	0	87.5421	195
10	15	0.5	0	1	0	87.5704	196
10	15	0.5	0	1	0	81.9807	197
10	15	0.5	0	1	0	84.2115	198
10	15	0.5	0	1	0	81.8832	199
10	15	0.5	0	1	0	83.6269	200
10	15	0	0	0	0	73.925	201
12	15	0	0	0	0	74.3738	202
11	14	0	0	0	0	81.6815	203
11	15	0	0	0	0	85.1662	204
12	15	0	0	0	0	83.8031	205
12	15	0	0	0	0	78.0352	206
12	14	0	0	0	0	92.1992	207
12	14	0	0	0	0	80.2903	208
12	14	0	0	0	0	79.7478	209
12	13	0	0	0	0	76.4239	210
12	13	0	0	0	0	83.2806	211
13	13	0	0	0	0	78.6132	212
12	13	0	0	0	0	77.3821	213
13	13	0	0	0	0	78.5176	214
14	13	0	0	0	0	77.9915	215
15	13	0	0	0	0	76.6608	216
15	10	0	0	0	0	77.3461	217
14	11	0	0	0	0	84.7355	218
14	11	0	0	0	0	92.4071	219
14	11	0	0	0	0	81.6876	220
14	11	0	0	0	0	87.668	221
14	11	0	0	0	0	86.5242	222
15	11	0	0	0	0	78.4204	223
15	11	0	0	0	0	83.8798	224
15	11	0	0	0	0	91.5323	225
16	11	0	0	0	0	89.1523	226
16	10	0	0	0	0	86.6687	227
16	10	0	0	0	0	87.2459	228
16	11	0	0	0	0	85.7202	229
16	11	0	0	0	0	87.6598	230
16	11	0	0	0	0	86.5214	231
16	11	0	0	0	0	88.378	232
16	11	0	0	0	0	91.3164	233
16	11	0	0	0	0	89.3106	234
16	11	0	0	0	0	95.9282	235
16	11	0	0	0	0	99.3812	236
17	11	0	0	0	0	92.6734	237
17	13	0	0	0	0	93.4911	238
17	13	0	0	0	0	89.127	239
17	13	0	0	0	0	92.9486	240
16	13	0	0	0	0	93.2378	241
16	13	0	0	0	0	100.258	242
16	13	0	0	0	0	100.656	243
16	13	0	0	0	0	106.35	244
16	13	0	0	0	0	102.945	245
17	13	0	0	0	0	107.874	246
17	13	0	0	0	0	102.739	247
17	13	0	0	0	0	87.7649	248
17	13	0	0	0	0	100.407	249
18	13	0	0	0	0	99.4105	250
18	12	0	0	0	0	102.926	251
18	12	0	0	0	0	105.271	252
18	12	0	0	0	0	102.223	253
18	12	0	0	0	0	104.616	254
18	12	0	0	0	0	99.788	255
18	12	0	0	0	0	99.3486	256
18	12	0	0	0	0	98.0608	257
17	12	0	0	0	0	97.1731	258
17	11	0	0	0	0	103.371	259
17	11	0	0	0	0	94.5548	260
17	11	0	0	0	0	82.9651	261
17	11	0	0	0	0	92.6009	262
15	11	0	0	0	0	91.6721	263
15	11	0	0	0	0	82.7329	264
15	11	0	0	0	0	81.9969	265
15	11	0	0	0	0	85.5599	266
14	11	0	0	0	0	91.8723	267
14	11	0	0	0	0	85.8037	268
14	11	0	0	0	0	87.7945	269
14	11	0	0	0	0	81.1345	270
14	11	0	0	0	0	87.1634	271
14	11	0	0	0	0	87.2274	272
14	11	0	0	0	0	88.5492	273
14	11	0	0	0	0	86.8258	274
14	11	0	0.333333	0	1	87.5609	275
14	11	0	0.333333	0	1	91.9339	276
14	11	0	0.333333	0	1	82.9663	277
14	11	0	0.333333	0	1	82.365	278
13	11	0	0.333333	0	1	80.3153	279
13	11	0	0.333333	0	1	83.6534	280
12	11	0	0.333333	0	1	81.0533	281
12	11	0	0.333333	0	1	77.4988	282
12	11	0	0.333333	0	1	80.3183	283
12	11	0	0.333333	0	1	81.0418	284
12	11	0	0.333333	0	1	78.9306	285
11	11	0	0.333333	0	1	79.376	286
11	11	0	0.333333	0	1	58.2797	287
11	11	0	0.333333	0	1	79.5628	288
11	11	0	0.333333	0	1	77.2701	289
11	11	0	0.333333	0	1	68.0107	290
11	11	0	0.333333	0	1	67.7019	291
11	10	0	0.333333	0	1	61.9443	292
11	8	0	0.333333	0	1	62.959	293
11	8	0	0.666667	0	2	51.6939	294
8	8	0	0.666667	0	2	53.1062	295
8	8	0	0.666667	0	2	52.2023	296
8	7	0	0.666667	0	2	48.1426	297
8	7	0	0.666667	0	2	52.7637	298
8	7	0	0.666667	0	2	41.1233	299
8	7	0	0.666667	0	2	47.1233	300
8	7	0	0.666667	0	2	48.8502	301
7	7	0	0.666667	0	2	41.5903	302
7	7	0	0.666667	0	2	42.9094	303
7	7	0.333333	0.666667	1	2	40.3804	304
7	6	0.333333	0.666667	1	2	42.9206	305
7	6	0.333333	0.666667	1	2	39.0419	306
7	6	0.333333	0.666667	1	2	41.8595	307
7	6	0.333333	0.666667	1	2	41.2917	308
7	6	0.333333	0.666667	1	2	43.0716	309
7	6	0.333333	0.666667	1	2	42.6908	310
7	6	0.333333	0.666667	1	2	42.9726	311
7	6	0.333333	0.666667	1	2	42.1254	312
7	6	0.333333	0.666667	1	2	44.4198	313
7	6	0.333333	0.666667	1	2	45.0226	314
7	6	0.333333	0.666667	1	2	42.9615	315
7	6	0.333333	0.666667	1	2	37.45	316
6	6	0.333333	0.666667	1	2	37.7574	317
6	6	0.333333	0.666667	1	2	38.7415	318
6	6	0.333333	0.666667	1	2	32.639	319
6	5	0.333333	0.666667	1	2	35.1651	320
6	5	0.333333	0.333333	1	1	33.9213	321
6	5	0.333333	0.333333	1	1	22.1267	322
5	5	0.333333	0.333333	1	1	26.8469	323
4	5	0.333333	0.333333	1	1	24.7924	324
4	5	0.333333	0.333333	1	1	26.3478	325
4	5	0.333333	0.333333	1	1	16.6523	326
2	5	0.333333	0.333333	1	1	18.6881	327
2	5	0.333333	0.333333	1	1	16.2493	328
2	5	0.333333	0.333333	1	1	17.3898	329
2	5	0.333333	0.333333	1	1	19.8828	330
2	5	0.333333	0.333333	1	1	16.1099	331
2	4	0.333333	0.333333	1	1	11.9692	332
2	4	0.333333	0.333333	1	1	14.1434	333
2	4	0.333333	0.333333	1	1	10.6396	334
2	4	0.333333	0.333333	1	1	10.071	335
2	4	0.333333	0.333333	1	1	12.3691	336
2	3	0.333333	0.333333	1	1	12.4025	337
2	3	0.333333	0.333333	1	1	11.2429	338
2	3	0.333333	0.333333	1	1	11.1338	339
2	3	0.333333	0.333333	1	1	8.49396	340
2	3	0.333333	0.333333	1	1	8.52167	341
2	3	0.333333	0.333333	1	1	8.52167	342
2	3	0.333333	0.333333	1	1	9.3457	343
2	3	0.333333	0.333333	1	1	6.24087	344
2	3	0.333333	0.333333	1	1	8.49615	345
2	2	0.333333	0.333333	1	1	9.12241	346
2	2	0.333333	0	1	0	6.68074	347
2	2	0.333333	0	1	0	7.11912	348
2	2	0	0	0	0	8.49615	349
2	2	0	0	0	0	nan	350
