unique_top_cov	unique_bot_cov	redundant_top_cov	redundant_bot_cov	raw_redundant_top_cov	raw_redundant_bot_cov	e_value	position
55	61	0	0	0	0	431.233	1
55	61	0	0	0	0	420.108	2
54	63	0	0	0	0	440.632	3
54	63	0	0	0	0	384.155	4
54	63	0	0	0	0	383.114	5
54	63	0	0	0	0	422.652	6
55	62	0	0	0	0	420.504	7
55	62	0	0	0	0	407.462	8
54	61	0	0	0	0	400.35	9
54	58	0	0	0	0	390.267	10
55	58	0	0	0	0	373.461	11
57	52	0	0	0	0	352.176	12
58	52	0	0	0	0	380.357	13
58	52	0	0	0	0	368.259	14
58	52	0	0	0	0	381.425	15
58	52	0	0	0	0	384.207	16
58	53	0	0	0	0	354.319	17
58	53	0	0	0	0	389.103	18
58	54	0	0	0	0	398.805	19
58	54	0	0	0	0	402.474	20
58	54	0	0	0	0	382.731	21
57	54	0	0	0	0	394.14	22
57	54	0	0	0	0	379.161	23
57	51	0	0	0	0	369.949	24
59	51	0	0	0	0	381.283	25
59	50	0	0	0	0	372.661	26
61	52	0	0	0	0	362.325	27
59	52	0	0	0	0	387.514	28
59	56	0	0	0	0	361.233	29
59	56	0	0	0	0	361.928	30
59	57	0	0	0	0	373.941	31
59	58	0	0	0	0	382.633	32
60	58	0	0	0	0	371.543	33
60	58	0	0	0	0	362.928	34
60	57	0	0	0	0	409.256	35
58	57	0	0	0	0	407.952	36
58	60	0	0	0	0	399.566	37
56	55	0	0	0	0	338.01	38
56	53	0	0	0	0	378.657	39
57	53	0	0	0	0	375.986	40
63	53	0	0	0	0	368.683	41
62	53	0	0	0	0	373.174	42
63	53	0	0	0	0	378.75	43
62	53	0	0	0	0	376.474	44
62	53	0	0	0	0	366.772	45
62	52	0	0	0	0	368.657	46
62	52	0	0	0	0	366.334	47
62	51	0	0	0	0	358.925	48
62	51	0	0	0	0	377.462	49
63	51	0	0	0	0	372.326	50
63	51	0	0	0	0	374.404	51
64	50	0	0	0	0	357.05	52
65	51	0	0	0	0	394.187	53
65	55	0	0	0	0	413.737	54
67	55	0	0	0	0	426.559	55
66	55	0	0	0	0	403.454	56
67	55	0	0	0	0	421.19	57
69	55	0	0	0	0	418.858	58
69	55	0	0	0	0	419.16	59
69	55	0	0	0	0	431.619	60
66	56	0	0	0	0	441.415	61
66	56	0	0	0	0	456.07	62
66	56	0	0	0	0	437.669	63
65	55	0	0	0	0	404.951	64
65	55	0	0	0	0	437.722	65
64	55	0	0	0	0	425.348	66
63	56	0	0	0	0	444.976	67
62	56	0	0	0	0	421.131	68
62	56	0	0	0	0	410.707	69
62	56	0	0	0	0	401.639	70
63	57	0	0	0	0	420.574	71
65	56	0	0	0	0	443.79	72
65	56	0	0	0	0	450.575	73
67	56	0	0	0	0	421.012	74
67	57	0	0	0	0	448.763	75
68	56	0	0	0	0	432.605	76
67	55	0	0	0	0	449.402	77
65	55	0	0	0	0	427.158	78
65	55	0	0	0	0	441.312	79
64	55	0	0	0	0	449.584	80
63	55	0	0	0	0	399.209	81
63	54	0	0	0	0	415.402	82
64	56	0	0	0	0	439.586	83
64	55	0	0	0	0	417.47	84
64	54	0	0	0	0	409.316	85
64	54	0	0	0	0	426.566	86
64	54	0	0	0	0	424.055	87
64	56	0	0	0	0	415.161	88
64	52	0	0	0	0	388.514	89
63	55	0	0	0	0	422.947	90
65	55	0	0	0	0	343.373	91
65	54	0	0	0	0	405.273	92
64	54	0	0	0	0	406.098	93
64	55	0	0	0	0	412.172	94
64	55	0	0	0	0	406.278	95
62	54	0	0	0	0	425.043	96
62	55	0	0	0	0	416.435	97
61	52	0	0	0	0	401.414	98
61	51	0	0	0	0	401.749	99
60	51	0	0	0	0	379.15	100
60	50	0	0	0	0	389.184	101
60	50	0	0	0	0	398.945	102
61	51	0	0	0	0	414.21	103
61	50	0	0	0	0	393.206	104
60	50	0	0	0	0	379.727	105
59	49	0	0	0	0	394.132	106
59	48	0	0	0	0	388.526	107
60	48	0	0	0	0	378.948	108
61	48	0	0	0	0	381.26	109
63	48	0	0	0	0	379.734	110
63	48	0	0	0	0	389.504	111
62	48	0	0	0	0	375.088	112
62	48	0	0	0	0	378.759	113
64	48	0	0	0	0	387.577	114
64	50	0	0	0	0	390.371	115
65	50	0	0	0	0	396.31	116
63	47	0	0	0	0	384.937	117
63	47	0	0	0	0	373.697	118
63	47	0	0	0	0	400.543	119
64	47	0	0	0	0	390.146	120
65	47	0	0	0	0	399.608	121
65	46	0	0	0	0	405.183	122
62	46	0	0	0	0	392.758	123
61	47	0	0	0	0	366.875	124
61	47	0	0	0	0	391.691	125
61	47	0	0	0	0	377.064	126
60	52	0	0	0	0	384.786	127
63	54	0	0	0	0	408.834	128
61	54	0	0	0	0	395.54	129
61	54	0	0	0	0	410.163	130
59	53	0	0	0	0	404.988	131
60	62	0	0	0	0	402.992	132
60	62	0	0	0	0	383.543	133
59	72	0	0	0	0	446.723	134
59	75	0	0	0	0	455.153	135
55	71	0	0	0	0	447.227	136
53	71	0	0	0	0	458.667	137
54	71	0	0	0	0	439.509	138
54	71	0	0	0	0	402.987	139
54	71	0	0	0	0	424.442	140
52	68	0	0	0	0	403.469	141
52	71	0	0	0	0	430.48	142
49	67	0	0	0	0	433.01	143
50	70	0	0	0	0	416.581	144
50	70	0	0	0	0	432.047	145
50	70	0	0	0	0	420.245	146
50	70	0	0	0	0	441.399	147
50	69	0	0	0	0	416.724	148
50	69	0	0	0	0	451.569	149
50	68	0	0	0	0	386.803	150
50	69	0	0	0	0	417.324	151
50	68	0	0	0	0	415.938	152
49	65	0	0	0	0	423.019	153
49	65	0	0	0	0	431.315	154
49	65	0	0	0	0	417.516	155
50	65	0	0	0	0	412.957	156
50	65	0	0	0	0	423.776	157
51	64	0	0	0	0	427.044	158
51	64	0	0	0	0	398.453	159
51	63	0	0	0	0	394.499	160
51	63	0	0	0	0	400.598	161
52	62	0	0	0	0	384.374	162
52	60	0	0	0	0	381.238	163
52	61	0	0	0	0	433.556	164
52	61	0	0	0	0	422.495	165
53	61	0	0	0	0	406.392	166
53	62	0	0	0	0	424.149	167
53	63	0	0	0	0	434.09	168
54	63	0	0	0	0	401.708	169
54	63	0	0	0	0	380.446	170
54	65	0	0	0	0	391.754	171
54	65	0	0	0	0	384.158	172
54	65	0	0	0	0	394.975	173
55	65	0	0	0	0	395.928	174
54	64	0	0	0	0	387.187	175
54	63	0	0	0	0	386.02	176
52	61	0	0	0	0	376.252	177
52	62	0	0	0	0	401.662	178
51	61	0	0	0	0	371.755	179
51	62	0	0	0	0	399.076	180
50	62	0	0	0	0	401.504	181
50	71	0	0	0	0	415.12	182
50	70	0	0	0	0	414.599	183
50	69	0	0	0	0	421.036	184
50	68	0	0	0	0	435.402	185
50	68	0	0	0	0	411.426	186
50	67	0	0	0	0	420.022	187
50	67	0	0	0	0	417.945	188
49	67	0	0	0	0	373.881	189
49	68	0	0	0	0	374.935	190
39	68	0	0	0	0	391.751	191
39	70	0	0	0	0	382.232	192
37	72	0	0	0	0	376.269	193
37	71	0	0	0	0	376.874	194
37	71	0	0	0	0	373.357	195
37	69	0	0	0	0	379.402	196
36	69	0	0	0	0	380.488	197
36	69	0	0	0	0	369.74	198
35	69	0	0	0	0	364.74	199
35	69	0	0	0	0	337.341	200
35	69	0	0	0	0	393.552	201
35	68	0	0	0	0	349.237	202
35	67	0	0	0	0	371.071	203
34	67	0	0	0	0	354.103	204
35	67	0	0	0	0	373.793	205
36	67	0	0	0	0	356.479	206
35	67	0	0	0	0	361.838	207
34	68	0	0	0	0	380.111	208
34	68	0	0	0	0	343.378	209
33	68	0	0	0	0	377.49	210
32	67	0	0	0	0	355.161	211
32	67	0	0	0	0	325.919	212
33	67	0	0	0	0	338.628	213
33	66	0	0	0	0	364.188	214
34	66	0	0	0	0	348.069	215
33	66	0	0	0	0	330.535	216
35	66	0	0	0	0	360.088	217
35	66	0	0	0	0	354.297	218
36	65	0	0	0	0	349.675	219
37	64	0	0	0	0	364.561	220
37	63	0	0	0	0	358.142	221
36	63	0	0	0	0	318.381	222
40	63	0	0	0	0	356.172	223
41	63	0	0	0	0	376.047	224
43	61	0	0	0	0	345.054	225
43	60	0	0	0	0	349.948	226
46	61	0	0	0	0	354.923	227
46	62	0	0	0	0	356.64	228
48	63	0	0	0	0	382.103	229
48	63	0	0	0	0	368.92	230
49	63	0	0	0	0	357.877	231
49	63	0	0	0	0	365.074	232
48	62	0	0	0	0	375.399	233
49	62	0	0	0	0	376.724	234
48	62	0	0	0	0	396.213	235
48	63	0	0	0	0	398.907	236
48	63	0	0	0	0	367.912	237
49	61	0	0	0	0	379.51	238
49	60	0	0	0	0	367.122	239
50	58	0	0	0	0	351.281	240
51	58	0	0	0	0	373.493	241
51	58	0	0	0	0	372.959	242
51	59	0	0	0	0	363.545	243
52	58	0	0	0	0	353.595	244
52	58	0	0	0	0	382.554	245
52	61	0	0	0	0	384.925	246
53	61	0	0	0	0	374.129	247
53	61	0	0	0	0	387.674	248
54	60	0	0	0	0	378.011	249
54	61	0	0	0	0	409.92	250
55	75	0	0	0	0	401.418	251
55	75	0	0	0	0	384.921	252
53	74	0	0	0	0	425.299	253
53	72	0	0	0	0	455.468	254
56	72	0	0	0	0	434.737	255
56	72	0	0	0	0	460.248	256
56	72	0	0	0	0	448.485	257
57	71	0	0	0	0	429.589	258
57	71	0	0	0	0	436.025	259
53	70	0	0	0	0	414.521	260
55	72	0	0	0	0	447.236	261
55	72	0	0	0	0	427.061	262
56	70	0	0	0	0	432.502	263
56	70	0	0	0	0	445.746	264
56	68	0	0	0	0	441.522	265
56	69	0	0	0	0	428.377	266
56	69	0	0	0	0	371.578	267
53	69	0	0	0	0	427.968	268
55	71	0	0	0	0	440.963	269
55	70	0	0	0	0	382.977	270
56	71	0	0	0	0	407.807	271
58	71	0	0	0	0	462.371	272
58	71	0	0	0	0	451.767	273
58	70	0	0	0	0	480.16	274
58	70	0	0	0	0	450.99	275
59	69	0	0	0	0	442.331	276
62	68	0	0	0	0	439.79	277
61	68	0	0	0	0	472.633	278
60	70	0	0	0	0	478.239	279
62	70	0	0	0	0	432.28	280
61	70	0	0	0	0	426.393	281
62	66	0	0	0	0	431.177	282
62	65	0	0	0	0	436.145	283
62	60	0	0	0	0	402.633	284
66	59	0	0	0	0	425.585	285
66	58	0	0	0	0	426.286	286
66	57	0	0	0	0	413.034	287
68	57	0	0	0	0	428.43	288
68	55	0	0	0	0	409.135	289
68	56	0	0	0	0	442.45	290
67	56	0	0	0	0	443.681	291
68	61	0	0	0	0	457.159	292
69	61	0	0	0	0	482.711	293
69	61	0	0	0	0	464.367	294
69	61	0	0	0	0	457.131	295
69	60	0	0	0	0	461.432	296
69	61	0	0	0	0	470.02	297
69	62	0	0	0	0	461.853	298
69	60	0	0	0	0	470.837	299
70	59	0	0	0	0	449.669	300
68	59	0	0	0	0	469.866	301
68	60	0	0	0	0	438.092	302
69	68	0	0	0	0	473.517	303
69	67	0	0	0	0	501.543	304
69	67	0	0	0	0	490.557	305
68	67	0	0	0	0	469.54	306
68	67	0	0	0	0	483.147	307
68	67	0	0	0	0	499.635	308
68	67	0	0	0	0	470.481	309
70	67	0	0	0	0	489.246	310
68	67	0	0	0	0	487.211	311
65	67	0	0	0	0	462.275	312
65	66	0	0	0	0	462.575	313
66	65	0	0	0	0	480.669	314
66	63	0	0	0	0	476.512	315
67	63	0	0	0	0	460.945	316
68	64	0	0	0	0	478.667	317
68	63	0	0	0	0	469.633	318
68	66	0	0	0	0	499.04	319
68	66	0	0	0	0	473.299	320
68	66	0	0	0	0	482.651	321
69	65	0	0	0	0	489.6	322
69	65	0	0	0	0	473.491	323
69	65	0	0	0	0	491.553	324
69	65	0	0	0	0	512.724	325
69	65	0	0	0	0	475.982	326
69	66	0	0	0	0	452.859	327
65	66	0	0	0	0	471.623	328
66	66	0	0	0	0	461.668	329
66	66	0	0	0	0	462.831	330
66	66	0	0	0	0	458.792	331
66	60	0	0	0	0	454.543	332
66	58	0	0	0	0	433.532	333
68	58	0	0	0	0	470.589	334
69	58	0	0	0	0	455.045	335
69	57	0	0	0	0	410.656	336
70	58	0	0	0	0	408.49	337
74	60	0	0	0	0	471.784	338
75	61	0	0	0	0	441.571	339
75	60	0	0	0	0	483.665	340
75	60	0	0	0	0	488.136	341
76	59	0	0	0	0	476.929	342
77	57	0	0	0	0	485.144	343
77	57	0	0	0	0	489.697	344
77	58	0	0	0	0	502.62	345
77	59	0	0	0	0	519.594	346
76	59	0	0	0	0	501.587	347
76	60	0	0	0	0	481.693	348
76	60	0	0	0	0	492.81	349
76	59	0	0	0	0	481.655	350
76	59	0	0	0	0	495	351
76	59	0	0	0	0	486.272	352
76	59	0	0	0	0	497.95	353
76	59	0	0	0	0	497.24	354
76	60	0	0	0	0	514.459	355
76	61	0	0	0	0	484.759	356
76	61	0	0	0	0	492.744	357
76	59	0	0	0	0	518.531	358
77	60	0	0	0	0	492.448	359
79	60	0	0	0	0	476.673	360
79	60	0	0	0	0	474.141	361
78	61	0	0	0	0	512.309	362
78	64	0	0	0	0	496.743	363
79	68	0	0	0	0	409.808	364
78	68	0	0	0	0	363.668	365
76	70	0	0	0	0	364.522	366
75	70	0	0	0	0	352.956	367
74	74	0	0	0	0	367.471	368
72	74	0	0	0	0	367.631	369
71	84	0	0	0	0	369.346	370
68	84	0	0	0	0	361.304	371
65	84	0	0	0	0	356.965	372
51	83	0	0	0	0	363.66	373
50	82	0	0	0	0	345.866	374
51	82	0	0	0	0	357.535	375
51	82	0	0	0	0	388.054	376
44	82	0	0	0	0	455.62	377
43	82	0	0	0	0	400.399	378
31	80	0	0	0	0	404.237	379
31	80	0	0	0	0	389.106	380
31	80	0	0	0	0	397.564	381
31	79	0	0	0	0	413.339	382
31	78	0	0	0	0	396.283	383
31	78	0	0	0	0	374.209	384
32	78	0	0	0	0	387.037	385
32	76	0	0	0	0	379.557	386
32	76	0	0	0	0	389.014	387
33	76	0	0	0	0	384.778	388
33	75	0	0	0	0	375.645	389
33	73	0	0	0	0	348.453	390
34	70	0	0	0	0	381.166	391
35	69	0	0	0	0	360.18	392
35	69	0	0	0	0	339.113	393
35	72	0	0	0	0	338.625	394
35	72	0	0	0	0	326.425	395
36	71	0	0	0	0	340.177	396
34	71	0	0	0	0	330.284	397
33	71	0	0	0	0	328.774	398
33	72	0	0	0	0	332.631	399
33	70	0	0	0	0	345.611	400
32	66	0	0	0	0	344.445	401
33	67	0	0	0	0	359.232	402
33	67	0	0	0	0	356.237	403
34	67	0	0	0	0	343.05	404
33	67	0	0	0	0	353.44	405
33	67	0	0	0	0	349.364	406
33	67	0	0	0	0	355.938	407
31	67	0	0	0	0	346.891	408
31	67	0	0	0	0	376.385	409
31	67	0	0	0	0	348.89	410
30	67	0	0	0	0	352.599	411
30	66	0	0	0	0	362.35	412
32	66	0	0	0	0	336.727	413
36	64	0	0	0	0	323.733	414
37	64	0	0	0	0	330.416	415
36	64	0	0	0	0	330.855	416
36	65	0	0	0	0	368.4	417
37	67	0	0	0	0	380.662	418
38	66	0	0	0	0	347.307	419
39	66	0	0	0	0	336.707	420
40	65	0	0	0	0	361.739	421
41	64	0	0	0	0	372.274	422
41	66	0	0	0	0	369.408	423
41	66	0	0	0	0	360.946	424
41	71	0	0	0	0	393.398	425
41	71	0	0	0	0	386.875	426
41	70	0	0	0	0	373.002	427
41	69	0	0	0	0	376.168	428
43	67	0	0	0	0	385.675	429
43	67	0	0	0	0	393.59	430
44	68	0	0	0	0	376.903	431
43	69	0	0	0	0	384.653	432
43	68	0	0	0	0	361.844	433
42	73	0	0	0	0	414.046	434
43	73	0	0	0	0	419	435
44	73	0	0	0	0	405.689	436
45	73	0	0	0	0	398.963	437
47	71	0	0	0	0	405.894	438
47	71	0	0	0	0	422.139	439
46	72	0	0	0	0	404.951	440
46	68	0	0	0	0	390.709	441
46	66	0	0	0	0	393.215	442
43	66	0	0	0	0	369.93	443
43	66	0	0	0	0	378.948	444
44	66	0	0	0	0	384.282	445
44	66	0	0	0	0	362.887	446
44	66	0	0	0	0	373.556	447
45	65	0	0	0	0	391.526	448
45	65	0	0	0	0	378.279	449
46	65	0	0	0	0	354.94	450
46	65	0	0	0	0	390.076	451
47	65	0	0	0	0	388.577	452
48	62	0	0	0	0	392.217	453
50	62	0	0	0	0	398.917	454
50	62	0	0	0	0	367.603	455
49	62	0	0	0	0	379.207	456
49	62	0	0	0	0	380.349	457
48	62	0	0	0	0	394.221	458
49	60	0	0	0	0	405.733	459
49	62	0	0	0	0	390.041	460
49	63	0	0	0	0	396.962	461
49	64	0	0	0	0	405.679	462
48	64	0	0	0	0	364.717	463
51	64	0	0	0	0	401.596	464
51	61	0	0	0	0	364.543	465
53	60	0	0	0	0	393.343	466
53	60	0	0	0	0	392.084	467
53	60	0	0	0	0	375.39	468
53	57	0	0	0	0	410.141	469
56	60	0	0	0	0	403.905	470
56	60	0	0	0	0	407.315	471
57	60	0	0	0	0	376.999	472
58	59	0	0	0	0	407.023	473
58	59	0	0	0	0	429.969	474
60	58	0	0	0	0	398.091	475
61	59	0	0	0	0	435.669	476
61	57	0	0	0	0	408.239	477
61	59	0	0	0	0	398.19	478
63	60	0	0	0	0	402.271	479
64	60	0	0	0	0	402.167	480
65	60	0	0	0	0	415.815	481
65	60	0	0	0	0	397.667	482
65	59	0	0	0	0	425.909	483
61	59	0	0	0	0	413.701	484
61	59	0	0	0	0	408.556	485
59	59	0	0	0	0	409.171	486
59	58	0	0	0	0	402.985	487
58	57	0	0	0	0	410.282	488
58	57	0	0	0	0	408.452	489
58	56	0	0	0	0	401.024	490
59	56	0	0	0	0	418.731	491
59	56	0	0	0	0	408.61	492
59	56	0	0	0	0	410.858	493
57	56	0	0	0	0	393.991	494
57	57	0	0	0	0	395.075	495
55	58	0	0	0	0	382.319	496
56	59	0	0	0	0	393.223	497
56	58	0	0	0	0	389.875	498
57	58	0	0	0	0	378.562	499
57	55	0	0	0	0	406.916	500
62	55	0	0	0	0	375.535	501
61	55	0	0	0	0	374.484	502
61	54	0	0	0	0	378.387	503
58	53	0	0	0	0	354.507	504
59	52	0	0	0	0	370.586	505
59	51	0	0	0	0	369.558	506
59	51	0	0	0	0	357.943	507
59	50	0	0	0	0	377.965	508
59	49	0	0	0	0	369.334	509
58	49	0	0	0	0	379.877	510
60	49	0	0	0	0	378.412	511
60	49	0	0	0	0	379.759	512
60	47	0	0	0	0	368.569	513
59	45	0	0	0	0	351.743	514
59	45	0	0	0	0	364.159	515
59	47	0	0	0	0	353.667	516
60	46	0	0	0	0	360.578	517
61	45	0	0	0	0	362.231	518
61	45	0	0	0	0	362.067	519
60	42	0	0	0	0	367.126	520
60	42	0	0	0	0	375.52	521
60	42	0	0	0	0	369.73	522
61	43	0	0	0	0	374.4	523
62	43	0	0	0	0	380.007	524
60	43	0	0	0	0	377.413	525
60	43	0	0	0	0	372.796	526
61	42	0	0	0	0	363.35	527
61	43	0	0	0	0	360.083	528
62	43	0	0	0	0	389.423	529
63	42	0	0	0	0	365.308	530
63	41	0	0	0	0	372.033	531
64	40	0	0	0	0	365.384	532
62	40	0	0	0	0	378.671	533
61	38	0	0	0	0	363.512	534
61	37	0	0	0	0	353.863	535
61	37	0	0	0	0	325.875	536
64	37	0	0	0	0	344.884	537
64	37	0	0	0	0	354.712	538
64	36	0	0	0	0	357.112	539
66	36	0	0	0	0	356.275	540
69	36	0	0	0	0	352.732	541
69	36	0	0	0	0	334.271	542
70	38	0	0	0	0	334.669	543
70	39	0	0	0	0	387.493	544
72	40	0	0	0	0	402.9	545
72	39	0	0	0	0	397.259	546
72	39	0	0	0	0	373.651	547
72	42	0	0	0	0	395.963	548
73	41	0	0	0	0	391.595	549
75	42	0	0	0	0	380.032	550
75	41	0	0	0	0	404.503	551
68	40	0	0	0	0	383.148	552
69	40	0	0	0	0	380.092	553
69	40	0	0	0	0	358.783	554
68	42	0	0	0	0	398.744	555
69	42	0	0	0	0	403.233	556
69	42	0	0	0	0	403.213	557
72	42	0	0	0	0	366.569	558
73	42	0	0	0	0	352.617	559
74	42	0	0	0	0	393.455	560
74	42	0	0	0	0	382.803	561
74	42	0	0	0	0	398.044	562
73	42	0	0	0	0	379.94	563
64	42	0	0	0	0	382.109	564
66	43	0	0	0	0	383.126	565
66	43	0	0	0	0	381.505	566
67	42	0	0	0	0	366.019	567
69	41	0	0	0	0	395.168	568
69	41	0	0	0	0	383.209	569
70	39	0	0	0	0	396.675	570
70	39	0	0	0	0	405.106	571
70	39	0	0	0	0	342.042	572
73	37	0	0	0	0	358.494	573
73	37	0	0	0	0	375.473	574
73	34	0	0	0	0	373.346	575
73	33	0	0	0	0	370.401	576
73	32	0	0	0	0	359.523	577
74	32	0	0	0	0	383.995	578
74	32	0	0	0	0	372.982	579
74	31	0	0	0	0	371.124	580
73	31	0	0	0	0	365.338	581
73	30	0	0	0	0	379.792	582
73	31	0	0	0	0	362.935	583
73	31	0	0	0	0	365.706	584
72	31	0	0	0	0	361.072	585
73	32	0	0	0	0	367.994	586
73	32	0	0	0	0	361.137	587
72	32	0	0	0	0	352.915	588
72	32	0	0	0	0	377.197	589
72	32	0	0	0	0	357.404	590
72	32	0	0	0	0	360.823	591
70	32	0	0	0	0	346.039	592
68	32	0	0	0	0	360.938	593
69	33	0	0	0	0	343.299	594
68	33	0	0	0	0	342.273	595
69	35	0	0	0	0	353.616	596
69	35	0	0	0	0	380.258	597
68	35	0	0	0	0	363.822	598
69	35	0	0	0	0	365.041	599
68	35	0	0	0	0	383.435	600
69	35	0	0	0	0	389.505	601
69	36	0	0	0	0	336.019	602
69	35	0	0	0	0	367.454	603
71	36	0	0	0	0	379.4	604
71	36	0	0	0	0	397.131	605
71	36	0	0	0	0	388.935	606
71	37	0	0	0	0	393.63	607
72	38	0	0	0	0	380.629	608
72	38	0	0	0	0	384.447	609
72	40	0	0	0	0	380.321	610
72	40	0	0	0	0	383.733	611
73	39	0	0	0	0	391.437	612
73	39	0	0	0	0	374.947	613
70	39	0	0	0	0	379.188	614
70	39	0	0	0	0	382.662	615
69	42	0	0	0	0	347.863	616
69	43	0	0	0	0	389.522	617
69	43	0	0	0	0	419.566	618
70	43	0	0	0	0	410.179	619
68	41	0	0	0	0	386.115	620
68	44	0	0	0	0	389.057	621
68	44	0	0	0	0	366.811	622
68	45	0	0	0	0	373.07	623
69	46	0	0	0	0	388.387	624
70	47	0	0	0	0	373.746	625
69	47	0	0	0	0	382.373	626
69	47	0	0	0	0	375.105	627
69	45	0	0	0	0	362.155	628
70	44	0	0	0	0	398.333	629
68	44	0	0	0	0	410.992	630
68	44	0	0	0	0	404.293	631
69	44	0	0	0	0	418.466	632
70	44	0	0	0	0	427.606	633
70	46	0	0	0	0	417.14	634
70	46	0	0	0	0	407.471	635
70	44	0	0	0	0	408.134	636
71	44	0	0	0	0	411.126	637
70	44	0	0	0	0	411.249	638
69	44	0	0	0	0	409.25	639
69	47	0	0	0	0	412.66	640
69	47	0	0	0	0	406.301	641
69	59	0	0	0	0	425.304	642
69	58	0	0	0	0	415.577	643
68	57	0	0	0	0	434.936	644
68	60	0	0	0	0	431.21	645
68	60	0	0	0	0	442.432	646
67	60	0	0	0	0	431.901	647
67	60	0	0	0	0	442.525	648
65	60	0	0	0	0	451.366	649
65	61	0	0	0	0	445.525	650
55	62	0	0	0	0	430.91	651
55	67	0	0	0	0	441.284	652
54	67	0	0	0	0	409.228	653
51	67	0	0	0	0	400.767	654
51	67	0	0	0	0	415.565	655
51	68	0	0	0	0	415.179	656
51	68	0	0	0	0	410.583	657
51	67	0	0	0	0	423.848	658
50	67	0	0	0	0	396.593	659
50	66	0	0	0	0	407.13	660
50	66	0	0	0	0	398.737	661
50	68	0	0	0	0	403.532	662
50	68	0	0	0	0	414.411	663
50	68	0	0	0	0	418.314	664
49	67	0	0	0	0	418.759	665
48	66	0	0	0	0	420.619	666
48	66	0	0	0	0	400.51	667
48	67	0	0	0	0	415.027	668
48	67	0	0	0	0	391.828	669
48	67	0	0	0	0	387.153	670
49	66	0	0	0	0	432.574	671
48	65	0	0	0	0	405.089	672
48	65	0	0	0	0	418.958	673
48	64	0	0	0	0	392.19	674
49	64	0	0	0	0	404.082	675
49	64	0	0	0	0	422.551	676
49	64	0	0	0	0	399.552	677
49	63	0	0	0	0	426.946	678
49	63	0	0	0	0	402.148	679
49	62	0	0	0	0	407.378	680
49	71	0	0	0	0	398.388	681
49	76	0	0	0	0	453.642	682
49	75	0	0	0	0	409.774	683
50	75	0	0	0	0	464.069	684
49	75	0	0	0	0	353.166	685
47	76	0	0	0	0	362.968	686
46	76	0	0	0	0	346.473	687
46	79	0	0	0	0	353.34	688
48	81	0	0	0	0	368.765	689
42	80	0	0	0	0	352.169	690
37	79	0	0	0	0	347.124	691
37	78	0	0	0	0	344.855	692
32	76	0	0	0	0	372.338	693
32	78	0	0	0	0	372.936	694
32	77	0	0	0	0	370.254	695
33	75	0	0	0	0	387.617	696
33	75	0	0	0	0	397.136	697
32	73	0	0	0	0	369.95	698
32	89	0	0	0	0	379.203	699
32	90	0	0	0	0	426.707	700
33	91	0	0	0	0	435.73	701
34	91	0	0	0	0	425.372	702
33	91	0	0	0	0	441.147	703
33	91	0	0	0	0	446.95	704
33	91	0	0	0	0	426.521	705
33	90	0	0	0	0	424.525	706
34	90	0	0	0	0	398.045	707
23	89	0	0	0	0	392.594	708
24	90	0	0	0	0	418.305	709
22	90	0	0	0	0	366.222	710
22	90	0	0	0	0	410.874	711
22	90	0	0	0	0	390.084	712
22	90	0	0	0	0	399.941	713
22	89	0	0	0	0	399.447	714
22	90	0	0	0	0	406.114	715
22	90	0	0	0	0	390.808	716
24	91	0	0	0	0	397.196	717
24	91	0	0	0	0	410.109	718
24	90	0	0	0	0	388.348	719
24	90	0	0	0	0	386.46	720
24	90	0	0	0	0	401.425	721
25	89	0	0	0	0	396.876	722
24	93	0	0	0	0	391.438	723
24	92	0	0	0	0	408.776	724
24	93	0	0	0	0	443.107	725
23	93	0	0	0	0	414.071	726
23	93	0	0	0	0	402.041	727
23	92	0	0	0	0	414.853	728
27	91	0	0	0	0	418.641	729
27	92	0	0	0	0	423.361	730
27	92	0	0	0	0	423.068	731
26	91	0	0	0	0	422.869	732
26	91	0	0	0	0	411.305	733
27	89	0	0	0	0	397.986	734
28	90	0	0	0	0	418.367	735
28	90	0	0	0	0	424.446	736
28	96	0	0	0	0	435.091	737
28	96	0	0	0	0	433.87	738
28	94	0	0	0	0	448.859	739
28	95	0	0	0	0	440.026	740
28	95	0	0	0	0	432.732	741
29	95	0	0	0	0	434.273	742
30	93	0	0	0	0	455.457	743
30	93	0	0	0	0	385.116	744
30	93	0	0	0	0	389.131	745
25	91	0	0	0	0	390.736	746
25	90	0	0	0	0	401.666	747
25	89	0	0	0	0	379.616	748
24	88	0	0	0	0	386.637	749
24	86	0	0	0	0	380.316	750
22	86	0	0	0	0	355.326	751
22	85	0	0	0	0	388.56	752
23	85	0	0	0	0	377.893	753
23	85	0	0	0	0	384.152	754
22	85	0	0	0	0	381.647	755
22	85	0	0	0	0	379.171	756
22	82	0	0	0	0	325.97	757
24	82	0	0	0	0	318.001	758
26	81	0	0	0	0	337.921	759
26	80	0	0	0	0	334.932	760
26	80	0	0	0	0	329.837	761
26	80	0	0	0	0	326.437	762
27	80	0	0	0	0	346.78	763
28	79	0	0	0	0	324.711	764
28	76	0	0	0	0	308.324	765
28	76	0	0	0	0	341.613	766
28	76	0	0	0	0	339.045	767
28	76	0	0	0	0	317.037	768
29	76	0	0	0	0	320.494	769
29	75	0	0	0	0	337.896	770
31	74	0	0	0	0	344.408	771
31	75	0	0	0	0	317.978	772
31	73	0	0	0	0	281.168	773
31	72	0	0	0	0	353.358	774
31	72	0	0	0	0	337.19	775
31	69	0	0	0	0	325.7	776
31	69	0	0	0	0	347.417	777
31	69	0	0	0	0	345.771	778
33	68	0	0	0	0	320.148	779
33	68	0	0	0	0	331.452	780
35	66	0	0	0	0	335.035	781
35	66	0	0	0	0	360.178	782
35	65	0	0	0	0	332.776	783
40	64	0	0	0	0	338.01	784
40	64	0	0	0	0	331.347	785
41	64	0	0	0	0	375.472	786
41	64	0	0	0	0	368.32	787
40	63	0	0	0	0	350.682	788
41	63	0	0	0	0	361.62	789
41	64	0	0	0	0	343.543	790
41	64	0	0	0	0	315.705	791
42	57	0	0	0	0	348.102	792
43	57	0	0	0	0	355.025	793
43	58	0	0	0	0	338.785	794
46	57	0	0	0	0	349.665	795
47	57	0	0	0	0	367.372	796
47	57	0	0	0	0	352.953	797
47	57	0	0	0	0	368.397	798
46	58	0	0	0	0	339.29	799
46	61	0	0	0	0	353.402	800
46	60	0	0	0	0	347.111	801
46	59	0	0	0	0	348.653	802
46	59	0	0	0	0	360.219	803
47	58	0	0	0	0	372.25	804
48	58	0	0	0	0	352.844	805
48	53	0	0	0	0	325.743	806
48	51	0	0	0	0	329.422	807
46	51	0	0	0	0	273.285	808
43	50	0	0	0	0	329.039	809
43	50	0	0	0	0	332.513	810
43	51	0	0	0	0	330.203	811
43	51	0	0	0	0	338.119	812
43	51	0	0	0	0	324.432	813
44	50	0	0	0	0	320.642	814
45	49	0	0	0	0	319.062	815
45	50	0	0	0	0	320.798	816
46	49	0	0	0	0	302.894	817
46	49	0	0	0	0	294.279	818
46	48	0	0	0	0	298.135	819
45	47	0	0	0	0	305.697	820
47	46	0	0	0	0	285.101	821
47	44	0	0	0	0	317.215	822
47	42	0	0	0	0	313.209	823
48	42	0	0	0	0	287.86	824
48	42	0	0	0	0	310.919	825
48	42	0	0	0	0	304.512	826
48	41	0	0	0	0	306.764	827
49	41	0	0	0	0	302.75	828
49	42	0	0	0	0	313.703	829
51	47	0	0	0	0	312.234	830
52	43	0	0	0	0	309.316	831
51	41	0	0	0	0	317.956	832
51	41	0	0	0	0	306.57	833
51	40	0	0	0	0	311.168	834
51	41	0	0	0	0	305.039	835
50	41	0	0	0	0	289.725	836
51	41	0	0	0	0	276.09	837
53	41	0	0	0	0	287.449	838
49	38	0	0	0	0	301.869	839
52	38	0	0	0	0	313.751	840
52	38	0	0	0	0	319.656	841
52	38	0	0	0	0	315.121	842
52	40	0	0	0	0	300.818	843
52	38	0	0	0	0	321.248	844
51	38	0	0	0	0	300.927	845
52	38	0	0	0	0	290.505	846
52	38	0	0	0	0	292.209	847
52	39	0	0	0	0	280.236	848
52	33	0	0	0	0	278.621	849
54	33	0	0	0	0	293.561	850
53	33	0	0	0	0	314.551	851
52	33	0	0	0	0	301.969	852
52	34	0	0	0	0	286.154	853
52	34	0	0	0	0	311.688	854
52	33	0	0	0	0	275.522	855
52	33	0	0	0	0	295.682	856
55	33	0	0	0	0	296.436	857
55	33	0	0	0	0	312.673	858
55	32	0	0	0	0	314.94	859
55	31	0	0	0	0	314.751	860
55	31	0	0	0	0	305.618	861
57	30	0	0	0	0	302.543	862
57	30	0	0	0	0	307.712	863
59	30	0	0	0	0	305.387	864
59	31	0	0	0	0	303.947	865
59	31	0	0	0	0	300.103	866
59	30	0	0	0	0	307.114	867
59	30	0	0	0	0	326.652	868
65	29	0	0	0	0	317.12	869
65	29	0	0	0	0	317.193	870
65	29	0	0	0	0	334.601	871
64	29	0	0	0	0	330.444	872
64	27	0	0	0	0	305.37	873
65	26	0	0	0	0	315.512	874
65	25	0	0	0	0	307.034	875
68	25	0	0	0	0	333.677	876
68	25	0	0	0	0	339.434	877
69	25	0	0	0	0	350.597	878
68	25	0	0	0	0	337.688	879
68	25	0	0	0	0	318.582	880
70	25	0	0	0	0	323.856	881
70	26	0	0	0	0	327.561	882
70	26	0	0	0	0	360.654	883
69	26	0	0	0	0	348.469	884
69	26	0	0	0	0	330.27	885
69	27	0	0	0	0	336.427	886
68	27	0	0	0	0	338.56	887
68	27	0	0	0	0	336.371	888
83	27	0	0	0	0	330.7	889
83	27	0	0	0	0	351.951	890
83	27	0	0	0	0	363.593	891
82	27	0	0	0	0	378.17	892
82	27	0	0	0	0	365.645	893
83	27	0	0	0	0	383.522	894
78	27	0	0	0	0	363.187	895
75	26	0	0	0	0	370.947	896
75	26	0	0	0	0	330.869	897
75	27	0	0	0	0	330.249	898
78	27	0	0	0	0	353.791	899
79	27	0	0	0	0	380.64	900
83	27	0	0	0	0	383.951	901
85	27	0	0	0	0	391.596	902
85	27	0	0	0	0	387.215	903
85	28	0	0	0	0	393.683	904
85	28	0	0	0	0	389.058	905
86	28	0	0	0	0	389.196	906
87	28	0	0	0	0	409.753	907
87	28	0	0	0	0	400.408	908
87	28	0	0	0	0	411.181	909
88	28	0	0	0	0	408.369	910
89	28	0	0	0	0	406.916	911
91	30	0	0	0	0	416.139	912
94	30	0	0	0	0	426.681	913
94	30	0	0	0	0	440.986	914
95	29	0	0	0	0	426.291	915
95	29	0	0	0	0	438.095	916
96	29	0	0	0	0	457.87	917
96	29	0	0	0	0	429.495	918
96	29	0	0	0	0	446.716	919
96	29	0	0	0	0	411.484	920
94	28	0	0	0	0	444.254	921
94	28	0	0	0	0	447.497	922
94	28	0	0	0	0	438.646	923
95	30	0	0	0	0	435.178	924
96	32	0	0	0	0	441.642	925
96	32	0	0	0	0	464.725	926
97	34	0	0	0	0	455.554	927
97	34	0	0	0	0	439.389	928
97	34	0	0	0	0	436.046	929
98	34	0	0	0	0	444.655	930
95	34	0	0	0	0	438.78	931
95	37	0	0	0	0	453.985	932
93	38	0	0	0	0	421.075	933
84	39	0	0	0	0	407.302	934
84	39	0	0	0	0	406.779	935
81	39	0	0	0	0	407.672	936
80	38	0	0	0	0	405.228	937
80	38	0	0	0	0	392.132	938
80	38	0	0	0	0	400.947	939
80	37	0	0	0	0	407.962	940
78	37	0	0	0	0	412.421	941
77	37	0	0	0	0	396.725	942
75	37	0	0	0	0	407.345	943
76	38	0	0	0	0	400.419	944
75	39	0	0	0	0	404.032	945
73	39	0	0	0	0	399.851	946
71	38	0	0	0	0	394.479	947
73	38	0	0	0	0	384.382	948
73	36	0	0	0	0	386.879	949
73	35	0	0	0	0	409.173	950
73	35	0	0	0	0	365.566	951
74	35	0	0	0	0	385.479	952
75	35	0	0	0	0	378.972	953
72	37	0	0	0	0	393.267	954
72	37	0	0	0	0	399.962	955
70	37	0	0	0	0	393.258	956
72	37	0	0	0	0	390.347	957
72	37	0	0	0	0	390.49	958
73	37	0	0	0	0	387.599	959
73	36	0	0	0	0	382.77	960
73	35	0	0	0	0	378.349	961
75	35	0	0	0	0	386.413	962
72	35	0	0	0	0	365.859	963
72	35	0	0	0	0	380.568	964
72	35	0	0	0	0	382.023	965
72	34	0	0	0	0	397.47	966
72	33	0	0	0	0	374.504	967
72	33	0	0	0	0	367.229	968
73	36	0	0	0	0	386.72	969
73	36	0	0	0	0	388.027	970
72	38	0	0	0	0	388.059	971
72	38	0	0	0	0	373.973	972
72	38	0	0	0	0	400.129	973
73	38	0	0	0	0	393.277	974
74	38	0	0	0	0	406.881	975
74	38	0	0	0	0	393.835	976
77	38	0	0	0	0	385.272	977
76	37	0	0	0	0	391.522	978
76	36	0	0	0	0	399.104	979
77	32	0	0	0	0	376.155	980
77	32	0	0	0	0	393.867	981
77	32	0	0	0	0	416.666	982
79	32	0	0	0	0	403.018	983
79	32	0	0	0	0	396.352	984
80	30	0	0	0	0	395.568	985
80	31	0	0	0	0	406.165	986
81	31	0	0	0	0	408.35	987
77	30	0	0	0	0	392.921	988
78	30	0	0	0	0	388.888	989
77	30	0	0	0	0	382.574	990
77	31	0	0	0	0	413.185	991
78	31	0	0	0	0	402.01	992
78	31	0	0	0	0	389.998	993
79	31	0	0	0	0	381.159	994
77	31	0	0	0	0	391.866	995
77	33	0	0	0	0	382.936	996
76	33	0	0	0	0	369.473	997
76	32	0	0	0	0	380.32	998
76	32	0	0	0	0	413.304	999
76	32	0	0	0	0	391.686	1000
76	32	0	0	0	0	382.075	1001
75	32	0	0	0	0	397.246	1002
75	37	0	0	0	0	399.597	1003
76	37	0	0	0	0	406.212	1004
73	40	0	0	0	0	380.144	1005
73	41	0	0	0	0	419.188	1006
73	41	0	0	0	0	422.637	1007
73	41	0	0	0	0	417.656	1008
73	41	0	0	0	0	406.624	1009
72	47	0	0	0	0	429.609	1010
72	47	0	0	0	0	415.207	1011
69	47	0	0	0	0	420.809	1012
69	47	0	0	0	0	407.281	1013
69	47	0	0	0	0	402.731	1014
69	46	0	0	0	0	434.589	1015
68	46	0	0	0	0	369.715	1016
69	46	0	0	0	0	357.587	1017
69	46	0	0	0	0	352.781	1018
57	45	0	0	0	0	364.09	1019
57	45	0	0	0	0	364.07	1020
57	44	0	0	0	0	361.303	1021
57	44	0	0	0	0	364.085	1022
57	43	0	0	0	0	384.323	1023
58	43	0	0	0	0	366.683	1024
58	44	0	0	0	0	385.742	1025
59	44	0	0	0	0	351.024	1026
58	44	0	0	0	0	364.514	1027
57	44	0	0	0	0	386.082	1028
57	43	0	0	0	0	357.223	1029
56	45	0	0	0	0	369.735	1030
57	45	0	0	0	0	379.694	1031
57	47	0	0	0	0	350.321	1032
57	47	0	0	0	0	367.531	1033
56	45	0	0	0	0	358.295	1034
56	46	0	0	0	0	354.841	1035
56	46	0	0	0	0	373.762	1036
56	47	0	0	0	0	359.469	1037
56	48	0	0	0	0	278.846	1038
32	47	0	0	0	0	273.544	1039
34	48	0	0	0	0	292.24	1040
34	48	0	0	0	0	271.593	1041
35	48	0	0	0	0	287.301	1042
34	47	0	0	0	0	278.141	1043
35	47	0	0	0	0	291.952	1044
36	48	0	0	0	0	280.606	1045
36	48	0	0	0	0	317.379	1046
39	48	0	0	0	0	288.029	1047
39	46	0	0	0	0	281.784	1048
38	47	0	0	0	0	283.23	1049
38	47	0	0	0	0	288.306	1050
36	47	0	0	0	0	292.918	1051
36	47	0	0	0	0	286.597	1052
36	47	0	0	0	0	291.456	1053
35	47	0	0	0	0	311.148	1054
35	47	0	0	0	0	285.053	1055
34	47	0	0	0	0	267.637	1056
34	48	0	0	0	0	251.353	1057
34	48	0	0	0	0	272.107	1058
34	48	0	0	0	0	267.911	1059
36	49	0	0	0	0	265.386	1060
35	49	0	0	0	0	277.953	1061
33	48	0	0	0	0	267.807	1062
33	48	0	0	0	0	286.068	1063
34	46	0	0	0	0	283.77	1064
36	45	0	0	0	0	269.31	1065
36	45	0	0	0	0	295.013	1066
37	45	0	0	0	0	293.468	1067
38	45	0	0	0	0	305.082	1068
43	45	0	0	0	0	308.902	1069
43	45	0	0	0	0	297.839	1070
43	45	0	0	0	0	302.951	1071
45	45	0	0	0	0	305.809	1072
45	45	0	0	0	0	312.756	1073
47	45	0	0	0	0	289.981	1074
46	44	0	0	0	0	327.343	1075
46	44	0	0	0	0	315.404	1076
46	44	0	0	0	0	316.576	1077
46	43	0	0	0	0	309.355	1078
46	43	0	0	0	0	329.72	1079
46	43	0	0	0	0	298.372	1080
47	43	0	0	0	0	310.572	1081
48	42	0	0	0	0	298.494	1082
49	47	0	0	0	0	313.248	1083
50	47	0	0	0	0	344.968	1084
49	47	0	0	0	0	328.34	1085
49	47	0	0	0	0	337.425	1086
49	47	0	0	0	0	343.25	1087
49	47	0	0	0	0	340.888	1088
49	47	0	0	0	0	353.098	1089
49	47	0	0	0	0	357.481	1090
49	48	0	0	0	0	338.055	1091
48	47	0	0	0	0	314.372	1092
48	47	0	0	0	0	316.846	1093
48	45	0	0	0	0	333.646	1094
48	45	0	0	0	0	322.949	1095
48	45	0	0	0	0	317.598	1096
48	45	0	0	0	0	317.397	1097
49	48	0	0	0	0	327.544	1098
49	48	0	0	0	0	335.057	1099
49	47	0	0	0	0	319.448	1100
49	47	0	0	0	0	331.724	1101
48	46	0	0	0	0	331.5	1102
48	45	0	0	0	0	319.907	1103
48	44	0	0	0	0	325.238	1104
48	45	0	0	0	0	318.362	1105
49	45	0	0	0	0	324.296	1106
47	45	0	0	0	0	284.521	1107
46	45	0	0	0	0	312.782	1108
47	46	0	0	0	0	318.269	1109
47	46	0	0	0	0	335.708	1110
48	46	0	0	0	0	332.006	1111
48	46	0	0	0	0	311.02	1112
44	44	0	0	0	0	291.493	1113
43	44	0	0	0	0	293.508	1114
43	42	0	0	0	0	298.898	1115
43	41	0	0	0	0	307.069	1116
43	41	0	0	0	0	318.91	1117
43	41	0	0	0	0	287.983	1118
43	39	0	0	0	0	278.623	1119
43	39	0	0	0	0	289.701	1120
43	39	0	0	0	0	269.763	1121
44	39	0	0	0	0	284.269	1122
43	39	0	0	0	0	278.799	1123
43	39	0	0	0	0	292.977	1124
42	38	0	0	0	0	274.218	1125
41	39	0	0	0	0	274.167	1126
41	39	0	0	0	0	263.678	1127
42	41	0	0	0	0	265.311	1128
42	41	0	0	0	0	264.277	1129
40	41	0	0	0	0	278.913	1130
40	41	0	0	0	0	263.639	1131
40	41	0	0	0	0	259.768	1132
40	41	0	0	0	0	286.443	1133
40	40	0	0	0	0	277.754	1134
38	40	0	0	0	0	283.327	1135
38	40	0	0	0	0	274.543	1136
39	42	0	0	0	0	273.125	1137
39	42	0	0	0	0	273.653	1138
39	42	0	0	0	0	267.66	1139
39	41	0	0	0	0	271.316	1140
39	41	0	0	0	0	284.369	1141
39	40	0	0	0	0	280.059	1142
39	39	0	0	0	0	277.533	1143
39	39	0	0	0	0	288.663	1144
39	39	0	0	0	0	280.661	1145
38	38	0	0	0	0	265.434	1146
38	38	0	0	0	0	276.269	1147
38	37	0	0	0	0	277.655	1148
38	37	0	0	0	0	261.528	1149
39	36	0	0	0	0	263.945	1150
39	36	0	0	0	0	260.114	1151
39	36	0	0	0	0	252.156	1152
39	33	0	0	0	0	259.511	1153
39	33	0	0	0	0	246.316	1154
39	30	0	0	0	0	237.6	1155
39	29	0	0	0	0	240.778	1156
39	30	0	0	0	0	252.873	1157
38	30	0	0	0	0	237.891	1158
38	31	0	0	0	0	234.392	1159
38	28	0	0	0	0	224.209	1160
38	29	0	0	0	0	243.722	1161
39	29	0	0	0	0	236.669	1162
39	29	0	0	0	0	251.398	1163
39	29	0	0	0	0	239.339	1164
39	26	0	0	0	0	236.554	1165
39	26	0	0	0	0	238.142	1166
39	26	0	0	0	0	236.596	1167
40	27	0	0	0	0	238.472	1168
40	27	0	0	0	0	237.808	1169
40	28	0	0	0	0	240.176	1170
39	28	0	0	0	0	254.338	1171
40	28	0	0	0	0	248.709	1172
40	28	0	0	0	0	235.286	1173
40	28	0	0	0	0	235.268	1174
40	31	0	0	0	0	242.038	1175
40	31	0	0	0	0	232.991	1176
40	30	0	0	0	0	241.107	1177
40	30	0	0	0	0	234.112	1178
39	30	0	0	0	0	232.833	1179
39	32	0	0	0	0	249.352	1180
38	30	0	0	0	0	236.003	1181
38	31	0	0	0	0	245.195	1182
39	31	0	0	0	0	242.847	1183
39	32	0	0	0	0	248.01	1184
39	34	0	0	0	0	243.607	1185
39	34	0	0	0	0	258.899	1186
40	34	0	0	0	0	267.647	1187
41	37	0	0	0	0	275.36	1188
41	37	0	0	0	0	282.556	1189
43	36	0	0	0	0	272.829	1190
43	36	0	0	0	0	278.916	1191
44	36	0	0	0	0	267.102	1192
44	36	0	0	0	0	274.487	1193
44	36	0	0	0	0	291.862	1194
44	36	0	0	0	0	275.949	1195
44	37	0	0	0	0	274.631	1196
38	37	0	0	0	0	254.635	1197
38	37	0	0	0	0	266.25	1198
39	37	0	0	0	0	254.775	1199
41	37	0	0	0	0	262.577	1200
42	38	0	0	0	0	269.017	1201
42	38	0	0	0	0	264.595	1202
42	39	0	0	0	0	267.531	1203
42	39	0	0	0	0	284.546	1204
41	39	0	0	0	0	278.837	1205
41	50	0	0	0	0	293.413	1206
43	50	0	0	0	0	328.099	1207
43	51	0	0	0	0	335.529	1208
43	51	0	0	0	0	314.619	1209
41	67	0	0	0	0	319.808	1210
41	67	0	0	0	0	316.647	1211
39	67	0	0	0	0	327.561	1212
39	67	0	0	0	0	375.965	1213
38	67	0	0	0	0	364.62	1214
37	70	0	0	0	0	354.74	1215
37	70	0	0	0	0	395.958	1216
38	72	0	0	0	0	384.507	1217
36	72	0	0	0	0	355.048	1218
30	72	0	0	0	0	364.838	1219
31	72	0	0	0	0	348.71	1220
31	72	0	0	0	0	372.345	1221
32	72	0	0	0	0	351.001	1222
32	72	0	0	0	0	369.348	1223
31	72	0	0	0	0	378.006	1224
32	73	0	0	0	0	381.643	1225
32	74	0	0	0	0	365.039	1226
32	73	0	0	0	0	377.118	1227
32	71	0	0	0	0	370.483	1228
32	71	0	0	0	0	366.12	1229
32	72	0	0	0	0	378.498	1230
32	71	0	0	0	0	358.509	1231
32	71	0	0	0	0	364.862	1232
33	69	0	0	0	0	357.763	1233
33	69	0	0	0	0	377.403	1234
34	69	0	0	0	0	361.881	1235
33	69	0	0	0	0	364.188	1236
33	69	0	0	0	0	349.103	1237
35	70	0	0	0	0	375.722	1238
33	70	0	0	0	0	373.826	1239
33	70	0	0	0	0	366.296	1240
33	70	0	0	0	0	373.556	1241
33	70	0	0	0	0	374.718	1242
33	71	0	0	0	0	370.404	1243
33	71	0	0	0	0	373.931	1244
33	69	0	0	0	0	369.127	1245
34	69	0	0	0	0	315.15	1246
34	69	0	0	0	0	359.71	1247
35	66	0	0	0	0	328.658	1248
36	67	0	0	0	0	351.834	1249
38	66	0	0	0	0	357.243	1250
40	66	0	0	0	0	374.732	1251
40	66	0	0	0	0	400.915	1252
44	66	0	0	0	0	383.83	1253
46	66	0	0	0	0	385.022	1254
46	65	0	0	0	0	384.549	1255
46	65	0	0	0	0	402.868	1256
46	66	0	0	0	0	400.938	1257
46	65	0	0	0	0	399.932	1258
46	66	0	0	0	0	397.107	1259
48	66	0	0	0	0	382.434	1260
47	66	0	0	0	0	407.893	1261
48	67	0	0	0	0	418.738	1262
50	67	0	0	0	0	402.855	1263
51	70	0	0	0	0	411.216	1264
51	70	0	0	0	0	403.882	1265
51	70	0	0	0	0	411.447	1266
51	70	0	0	0	0	398.752	1267
51	70	0	0	0	0	433.93	1268
51	69	0	0	0	0	442.009	1269
52	68	0	0	0	0	437.335	1270
53	69	0	0	0	0	454.039	1271
53	69	0	0	0	0	402.669	1272
53	69	0	0	0	0	415.403	1273
53	69	0	0	0	0	403.283	1274
53	69	0	0	0	0	396.256	1275
53	67	0	0	0	0	400.115	1276
53	67	0	0	0	0	393.478	1277
49	66	0	0	0	0	394.231	1278
49	68	0	0	0	0	407.301	1279
50	68	0	0	0	0	379.772	1280
51	67	0	0	0	0	394.609	1281
51	68	0	0	0	0	430.146	1282
51	67	0	0	0	0	407.656	1283
51	66	0	0	0	0	405.082	1284
51	65	0	0	0	0	421.736	1285
54	65	0	0	0	0	430.211	1286
55	65	0	0	0	0	430.952	1287
55	65	0	0	0	0	425.33	1288
55	64	0	0	0	0	415.484	1289
55	63	0	0	0	0	456.545	1290
55	63	0	0	0	0	400.281	1291
55	62	0	0	0	0	421.482	1292
55	62	0	0	0	0	417.588	1293
55	61	0	0	0	0	422.343	1294
55	60	0	0	0	0	395.873	1295
56	60	0	0	0	0	378.457	1296
57	60	0	0	0	0	418.315	1297
57	59	0	0	0	0	395.981	1298
57	58	0	0	0	0	410.495	1299
57	58	0	0	0	0	435.477	1300
57	58	0	0	0	0	421.399	1301
58	58	0	0	0	0	407.894	1302
58	59	0	0	0	0	417.539	1303
57	60	0	0	0	0	421.655	1304
57	60	0	0	0	0	407.988	1305
58	60	0	0	0	0	422.558	1306
58	58	0	0	0	0	387.91	1307
58	58	0	0	0	0	395.417	1308
58	57	0	0	0	0	403.369	1309
58	56	0	0	0	0	430.61	1310
58	55	0	0	0	0	398.714	1311
58	55	0	0	0	0	408.565	1312
58	56	0	0	0	0	418.548	1313
58	56	0	0	0	0	403.401	1314
59	56	0	0	0	0	418.421	1315
60	56	0	0	0	0	408.33	1316
60	56	0	0	0	0	425.594	1317
60	56	0	0	0	0	423.631	1318
60	56	0	0	0	0	423.311	1319
61	56	0	0	0	0	418.17	1320
61	57	0	0	0	0	424.472	1321
61	57	0	0	0	0	420.926	1322
62	59	0	0	0	0	414.853	1323
63	57	0	0	0	0	378.586	1324
63	54	0	0	0	0	422.352	1325
64	53	0	0	0	0	414.005	1326
63	52	0	0	0	0	394.75	1327
63	50	0	0	0	0	401.443	1328
63	50	0	0	0	0	390.367	1329
62	50	0	0	0	0	364.825	1330
62	56	0	0	0	0	386.821	1331
62	55	0	0	0	0	344.655	1332
62	55	0	0	0	0	388.279	1333
63	54	0	0	0	0	412.027	1334
64	56	0	0	0	0	397.048	1335
65	55	0	0	0	0	435.113	1336
65	55	0	0	0	0	417.116	1337
62	52	0	0	0	0	377.751	1338
60	51	0	0	0	0	376.674	1339
57	50	0	0	0	0	383.231	1340
58	50	0	0	0	0	381.704	1341
58	48	0	0	0	0	376.102	1342
58	48	0	0	0	0	354.824	1343
51	45	0	0	0	0	351.199	1344
52	46	0	0	0	0	357.514	1345
52	47	0	0	0	0	334.699	1346
52	46	0	0	0	0	333.275	1347
52	46	0	0	0	0	322.227	1348
49	47	0	0	0	0	312.99	1349
48	47	0	0	0	0	322.324	1350
48	45	0	0	0	0	312.727	1351
48	45	0	0	0	0	334.931	1352
48	45	0	0	0	0	333.591	1353
48	44	0	0	0	0	344.294	1354
48	44	0	0	0	0	302.508	1355
48	40	0	0	0	0	299.137	1356
48	40	0	0	0	0	317.851	1357
48	44	0	0	0	0	327.116	1358
48	44	0	0	0	0	320.388	1359
48	41	0	0	0	0	307.18	1360
48	40	0	0	0	0	335.952	1361
49	40	0	0	0	0	312.993	1362
48	41	0	0	0	0	318.529	1363
48	41	0	0	0	0	309.968	1364
46	40	0	0	0	0	310.887	1365
46	40	0	0	0	0	322.709	1366
45	41	0	0	0	0	302.331	1367
45	41	0	0	0	0	304.499	1368
45	41	0	0	0	0	290.075	1369
44	41	0	0	0	0	304.469	1370
44	41	0	0	0	0	298.655	1371
43	42	0	0	0	0	303.409	1372
43	42	0	0	0	0	308.582	1373
43	42	0	0	0	0	293.473	1374
43	42	0	0	0	0	319.141	1375
41	42	0	0	0	0	290.671	1376
41	42	0	0	0	0	299.991	1377
41	42	0	0	0	0	297.561	1378
40	42	0	0	0	0	295.349	1379
41	42	0	0	0	0	301.496	1380
41	43	0	0	0	0	313.082	1381
41	45	0	0	0	0	303.259	1382
40	45	0	0	0	0	293.55	1383
41	46	0	0	0	0	305.26	1384
41	46	0	0	0	0	297.243	1385
40	46	0	0	0	0	266.762	1386
40	48	0	0	0	0	299.054	1387
40	47	0	0	0	0	290.522	1388
39	47	0	0	0	0	286.488	1389
38	47	0	0	0	0	303.146	1390
36	47	0	0	0	0	284.566	1391
36	48	0	0	0	0	304.584	1392
37	50	0	0	0	0	280.668	1393
37	56	0	0	0	0	264.711	1394
36	56	0	0	0	0	259.159	1395
37	62	0	0	0	0	254.943	1396
38	62	0	0	0	0	265.984	1397
38	63	0	0	0	0	262.151	1398
34	63	0	0	0	0	243.749	1399
30	63	0	0	0	0	275.093	1400
29	63	0	0	0	0	318.219	1401
28	64	0	0	0	0	292.416	1402
24	63	0	0	0	0	304.944	1403
25	63	0	0	0	0	309.666	1404
25	63	0	0	0	0	321.086	1405
25	63	0	0	0	0	315.75	1406
25	62	0	0	0	0	301.074	1407
25	62	0	0	0	0	318.425	1408
25	62	0	0	0	0	315.215	1409
27	62	0	0	0	0	286.918	1410
27	62	0	0	0	0	281.105	1411
27	62	0	0	0	0	330.327	1412
27	62	0	0	0	0	317.509	1413
27	67	0	0	0	0	316.51	1414
27	67	0	0	0	0	322.375	1415
28	69	0	0	0	0	335.113	1416
28	68	0	0	0	0	314.556	1417
27	69	0	0	0	0	338.267	1418
27	69	0	0	0	0	322.408	1419
27	68	0	0	0	0	311.433	1420
28	68	0	0	0	0	337.509	1421
28	71	0	0	0	0	348.292	1422
28	72	0	0	0	0	376.61	1423
28	72	0	0	0	0	356.794	1424
29	72	0	0	0	0	349.229	1425
29	72	0	0	0	0	363.418	1426
29	72	0	0	0	0	358.204	1427
29	71	0	0	0	0	372.375	1428
30	71	0	0	0	0	327.356	1429
30	72	0	0	0	0	366.78	1430
29	73	0	0	0	0	371.953	1431
29	75	0	0	0	0	381.86	1432
29	75	0	0	0	0	371.641	1433
30	75	0	0	0	0	360.55	1434
32	75	0	0	0	0	349.823	1435
33	75	0	0	0	0	374.642	1436
33	73	0	0	0	0	366.669	1437
33	76	0	0	0	0	395.917	1438
33	76	0	0	0	0	384.39	1439
33	76	0	0	0	0	382.281	1440
33	75	0	0	0	0	384.582	1441
33	73	0	0	0	0	384.524	1442
34	73	0	0	0	0	395.729	1443
34	73	0	0	0	0	410.701	1444
34	74	0	0	0	0	385.653	1445
35	74	0	0	0	0	384.743	1446
34	74	0	0	0	0	365.988	1447
34	74	0	0	0	0	372.471	1448
35	74	0	0	0	0	359.786	1449
35	75	0	0	0	0	355.807	1450
35	74	0	0	0	0	363.044	1451
33	72	0	0	0	0	337.352	1452
33	72	0	0	0	0	372.711	1453
33	72	0	0	0	0	358.216	1454
33	72	0	0	0	0	357.749	1455
31	72	0	0	0	0	370.463	1456
31	73	0	0	0	0	391.431	1457
31	73	0	0	0	0	367.473	1458
33	72	0	0	0	0	366.813	1459
33	73	0	0	0	0	363.739	1460
34	74	0	0	0	0	379.398	1461
34	74	0	0	0	0	391.474	1462
35	74	0	0	0	0	381.876	1463
36	72	0	0	0	0	398.085	1464
36	71	0	0	0	0	369.22	1465
34	71	0	0	0	0	366.734	1466
35	71	0	0	0	0	352.53	1467
35	71	0	0	0	0	366.825	1468
35	73	0	0	0	0	382.934	1469
35	75	0	0	0	0	376.115	1470
35	77	0	0	0	0	387.111	1471
35	76	0	0	0	0	392.42	1472
34	74	0	0	0	0	386.503	1473
36	73	0	0	0	0	382.975	1474
36	73	0	0	0	0	392.048	1475
36	73	0	0	0	0	394.245	1476
35	73	0	0	0	0	390.1	1477
35	76	0	0	0	0	338.815	1478
36	75	0	0	0	0	339.799	1479
35	75	0	0	0	0	313.566	1480
37	71	0	0	0	0	353.6	1481
36	71	0	0	0	0	358.166	1482
36	70	0	0	0	0	321.338	1483
40	71	0	0	0	0	372.506	1484
40	69	0	0	0	0	375.281	1485
43	71	0	0	0	0	415.818	1486
43	70	0	0	0	0	388.164	1487
45	70	0	0	0	0	389.919	1488
46	70	0	0	0	0	405.269	1489
46	69	0	0	0	0	399.527	1490
46	69	0	0	0	0	404.211	1491
46	69	0	0	0	0	403.392	1492
45	68	0	0	0	0	394.663	1493
47	69	0	0	0	0	395.253	1494
46	72	0	0	0	0	392.206	1495
46	72	0	0	0	0	394.648	1496
46	72	0	0	0	0	399.693	1497
46	70	0	0	0	0	389.877	1498
46	69	0	0	0	0	402.473	1499
46	68	0	0	0	0	407.327	1500
46	68	0	0	0	0	392.265	1501
47	67	0	0	0	0	406.472	1502
48	67	0	0	0	0	410.696	1503
48	66	0	0	0	0	388.127	1504
47	70	0	0	0	0	402.876	1505
47	70	0	0	0	0	374.906	1506
47	70	0	0	0	0	408.854	1507
47	69	0	0	0	0	424.265	1508
47	70	0	0	0	0	421.031	1509
47	70	0	0	0	0	423.023	1510
47	69	0	0	0	0	413.361	1511
45	69	0	0	0	0	384.088	1512
47	69	0	0	0	0	395.792	1513
47	70	0	0	0	0	422.412	1514
47	70	0	0	0	0	409.852	1515
47	71	0	0	0	0	414.36	1516
47	71	0	0	0	0	418.996	1517
47	70	0	0	0	0	422.76	1518
47	70	0	0	0	0	438.686	1519
47	70	0	0	0	0	413.981	1520
47	70	0	0	0	0	419.898	1521
47	70	0	0	0	0	419.629	1522
47	69	0	0	0	0	433.324	1523
47	69	0	0	0	0	417.279	1524
47	69	0	0	0	0	415.136	1525
47	72	0	0	0	0	431.494	1526
47	70	0	0	0	0	411.606	1527
49	70	0	0	0	0	416.358	1528
49	70	0	0	0	0	414.796	1529
47	68	0	0	0	0	418.866	1530
47	67	0	0	0	0	410.528	1531
49	65	0	0	0	0	360.316	1532
49	65	0	0	0	0	383.496	1533
49	63	0	0	0	0	388.8	1534
49	62	0	0	0	0	385.532	1535
50	65	0	0	0	0	374.393	1536
50	66	0	0	0	0	398.859	1537
50	65	0	0	0	0	403.35	1538
51	66	0	0	0	0	419.824	1539
53	67	0	0	0	0	413.391	1540
54	66	0	0	0	0	415.817	1541
54	64	0	0	0	0	433.969	1542
53	64	0	0	0	0	407.16	1543
53	63	0	0	0	0	410.67	1544
54	62	0	0	0	0	402.427	1545
53	59	0	0	0	0	403.698	1546
54	59	0	0	0	0	383.927	1547
51	58	0	0	0	0	367.929	1548
50	60	0	0	0	0	378.527	1549
51	61	0	0	0	0	385.724	1550
55	62	0	0	0	0	384.392	1551
55	61	0	0	0	0	376.39	1552
55	63	0	0	0	0	391.579	1553
55	63	0	0	0	0	390.059	1554
56	62	0	0	0	0	383.033	1555
58	63	0	0	0	0	397.604	1556
57	62	0	0	0	0	389.012	1557
56	62	0	0	0	0	379.812	1558
56	61	0	0	0	0	419.841	1559
55	61	0	0	0	0	407.921	1560
55	61	0	0	0	0	407.839	1561
55	60	0	0	0	0	420.576	1562
54	60	0	0	0	0	403.761	1563
54	56	0	0	0	0	359.106	1564
54	56	0	0	0	0	404.567	1565
54	56	0	0	0	0	395.632	1566
55	56	0	0	0	0	381.514	1567
56	57	0	0	0	0	372.293	1568
57	56	0	0	0	0	400.047	1569
57	56	0	0	0	0	372.582	1570
58	56	0	0	0	0	399.28	1571
59	54	0	0	0	0	378.644	1572
58	54	0	0	0	0	392.788	1573
58	54	0	0	0	0	382.272	1574
58	54	0	0	0	0	397.131	1575
58	54	0	0	0	0	413.715	1576
58	56	0	0	0	0	410.78	1577
58	56	0	0	0	0	398.376	1578
59	56	0	0	0	0	402.886	1579
60	56	0	0	0	0	403.198	1580
65	56	0	0	0	0	407.176	1581
65	55	0	0	0	0	420.459	1582
65	54	0	0	0	0	416.059	1583
65	54	0	0	0	0	408.735	1584
64	54	0	0	0	0	420.302	1585
65	55	0	0	0	0	405.111	1586
66	55	0	0	0	0	380.347	1587
68	54	0	0	0	0	423.383	1588
68	54	0	0	0	0	431.339	1589
68	53	0	0	0	0	438.254	1590
69	53	0	0	0	0	424.656	1591
70	53	0	0	0	0	418.664	1592
70	52	0	0	0	0	434.824	1593
70	52	0	0	0	0	423.547	1594
71	51	0	0	0	0	428.343	1595
71	50	0	0	0	0	428.78	1596
71	51	0	0	0	0	401.142	1597
71	51	0	0	0	0	439.634	1598
70	50	0	0	0	0	417.378	1599
70	52	0	0	0	0	428.753	1600
69	50	0	0	0	0	429.828	1601
69	50	0	0	0	0	427.984	1602
69	49	0	0	0	0	416.626	1603
69	49	0	0	0	0	367.162	1604
71	49	0	0	0	0	421.211	1605
71	49	0	0	0	0	413.81	1606
71	48	0	0	0	0	399.755	1607
71	48	0	0	0	0	418.374	1608
69	47	0	0	0	0	392.238	1609
71	48	0	0	0	0	427.882	1610
70	48	0	0	0	0	403.594	1611
70	48	0	0	0	0	416.825	1612
71	47	0	0	0	0	424.444	1613
71	47	0	0	0	0	405.132	1614
72	49	0	0	0	0	412.222	1615
72	51	0	0	0	0	429.536	1616
73	51	0	0	0	0	414.131	1617
73	51	0	0	0	0	444.507	1618
73	51	0	0	0	0	407.35	1619
74	49	0	0	0	0	435.02	1620
74	49	0	0	0	0	417.964	1621
75	50	0	0	0	0	416.264	1622
75	50	0	0	0	0	431.954	1623
71	50	0	0	0	0	421.083	1624
72	57	0	0	0	0	425.119	1625
73	57	0	0	0	0	421.502	1626
73	60	0	0	0	0	406.658	1627
73	59	0	0	0	0	425.076	1628
72	59	0	0	0	0	407.881	1629
71	59	0	0	0	0	471.213	1630
70	60	0	0	0	0	464.232	1631
72	62	0	0	0	0	447.522	1632
72	62	0	0	0	0	466.992	1633
68	60	0	0	0	0	456.224	1634
69	60	0	0	0	0	438.271	1635
62	60	0	0	0	0	407.134	1636
62	61	0	0	0	0	434.49	1637
60	61	0	0	0	0	410.087	1638
60	61	0	0	0	0	397.665	1639
60	61	0	0	0	0	389.705	1640
58	60	0	0	0	0	401.308	1641
58	61	0	0	0	0	401.056	1642
59	60	0	0	0	0	388.888	1643
59	58	0	0	0	0	398.468	1644
59	55	0	0	0	0	408.314	1645
58	55	0	0	0	0	391.93	1646
58	54	0	0	0	0	395.208	1647
60	54	0	0	0	0	405.448	1648
60	54	0	0	0	0	410.748	1649
60	54	0	0	0	0	409.255	1650
61	54	0	0	0	0	397.001	1651
61	53	0	0	0	0	400.569	1652
62	53	0	0	0	0	387.041	1653
62	54	0	0	0	0	390.702	1654
62	50	0	0	0	0	424.611	1655
62	50	0	0	0	0	409.468	1656
63	50	0	0	0	0	398.431	1657
63	50	0	0	0	0	402.042	1658
64	51	0	0	0	0	409.442	1659
65	51	0	0	0	0	400.696	1660
65	49	0	0	0	0	409.511	1661
65	49	0	0	0	0	396.561	1662
69	49	0	0	0	0	414.05	1663
70	47	0	0	0	0	396.273	1664
70	46	0	0	0	0	404.139	1665
71	46	0	0	0	0	421.076	1666
72	46	0	0	0	0	407.043	1667
72	44	0	0	0	0	420.488	1668
72	44	0	0	0	0	412.89	1669
72	44	0	0	0	0	400.424	1670
72	44	0	0	0	0	416.376	1671
72	44	0	0	0	0	415.091	1672
72	45	0	0	0	0	409.921	1673
72	45	0	0	0	0	418.486	1674
72	46	0	0	0	0	401.347	1675
72	43	0	0	0	0	405.513	1676
72	43	0	0	0	0	386.19	1677
66	43	0	0	0	0	396.872	1678
66	43	0	0	0	0	398.704	1679
66	42	0	0	0	0	379.515	1680
65	42	0	0	0	0	368.52	1681
62	42	0	0	0	0	369.643	1682
66	41	0	0	0	0	384.984	1683
65	40	0	0	0	0	381.724	1684
69	39	0	0	0	0	373.924	1685
70	39	0	0	0	0	376.989	1686
71	39	0	0	0	0	365.758	1687
72	41	0	0	0	0	372.47	1688
72	40	0	0	0	0	366.439	1689
69	37	0	0	0	0	369.516	1690
70	37	0	0	0	0	361.56	1691
67	37	0	0	0	0	367.041	1692
70	38	0	0	0	0	357.911	1693
70	38	0	0	0	0	371.01	1694
71	38	0	0	0	0	365.049	1695
73	38	0	0	0	0	386.276	1696
70	38	0	0	0	0	373.203	1697
72	38	0	0	0	0	365.214	1698
70	38	0	0	0	0	364.988	1699
69	38	0	0	0	0	361.997	1700
67	38	0	0	0	0	360.611	1701
68	38	0	0	0	0	368.823	1702
68	37	0	0	0	0	371.135	1703
68	37	0	0	0	0	374.699	1704
66	36	0	0	0	0	365.035	1705
68	37	0	0	0	0	366.02	1706
70	37	0	0	0	0	353.362	1707
70	37	0	0	0	0	370.415	1708
70	37	0	0	0	0	376.309	1709
70	36	0	0	0	0	377.042	1710
70	36	0	0	0	0	376.047	1711
71	36	0	0	0	0	380.78	1712
73	36	0	0	0	0	385.181	1713
73	36	0	0	0	0	392.296	1714
72	36	0	0	0	0	373.792	1715
74	37	0	0	0	0	382.357	1716
75	37	0	0	0	0	380.772	1717
78	37	0	0	0	0	383.808	1718
78	37	0	0	0	0	391.258	1719
78	36	0	0	0	0	427.581	1720
79	36	0	0	0	0	417.737	1721
81	37	0	0	0	0	408.223	1722
83	37	0	0	0	0	417.827	1723
82	37	0	0	0	0	421.929	1724
81	37	0	0	0	0	421.756	1725
81	37	0	0	0	0	399.556	1726
81	37	0	0	0	0	416.651	1727
82	36	0	0	0	0	417.899	1728
82	36	0	0	0	0	424.273	1729
82	35	0	0	0	0	368.207	1730
77	35	0	0	0	0	388.346	1731
78	35	0	0	0	0	368.973	1732
79	34	0	0	0	0	381.06	1733
78	34	0	0	0	0	370.541	1734
78	34	0	0	0	0	382.118	1735
79	32	0	0	0	0	334.78	1736
80	37	0	0	0	0	373.781	1737
77	37	0	0	0	0	387.475	1738
77	37	0	0	0	0	392.951	1739
77	38	0	0	0	0	376.196	1740
76	38	0	0	0	0	396.953	1741
76	40	0	0	0	0	399.007	1742
76	40	0	0	0	0	405.542	1743
78	41	0	0	0	0	381.623	1744
79	41	0	0	0	0	390.313	1745
73	40	0	0	0	0	403.573	1746
74	44	0	0	0	0	412.917	1747
74	43	0	0	0	0	417.798	1748
75	43	0	0	0	0	401.411	1749
75	41	0	0	0	0	431.585	1750
76	40	0	0	0	0	403.709	1751
76	39	0	0	0	0	395.571	1752
76	38	0	0	0	0	396.661	1753
76	39	0	0	0	0	428.771	1754
76	39	0	0	0	0	400.64	1755
75	39	0	0	0	0	414.59	1756
74	39	0	0	0	0	415.593	1757
74	40	0	0	0	0	401.848	1758
74	40	0	0	0	0	413.074	1759
71	40	0	0	0	0	378.868	1760
70	40	0	0	0	0	375.923	1761
70	40	0	0	0	0	386.03	1762
70	38	0	0	0	0	391.648	1763
70	38	0	0	0	0	378.526	1764
68	36	0	0	0	0	332.231	1765
68	34	0	0	0	0	360.837	1766
69	33	0	0	0	0	354.331	1767
67	33	0	0	0	0	341.596	1768
67	32	0	0	0	0	355.494	1769
67	32	0	0	0	0	344.258	1770
68	32	0	0	0	0	351.334	1771
69	33	0	0	0	0	336.21	1772
69	31	0	0	0	0	346.68	1773
69	31	0	0	0	0	342.872	1774
68	31	0	0	0	0	346.558	1775
68	31	0	0	0	0	349.867	1776
67	30	0	0	0	0	350.002	1777
67	30	0	0	0	0	345.408	1778
67	30	0	0	0	0	339.706	1779
67	30	0	0	0	0	356.669	1780
67	30	0	0	0	0	350.307	1781
67	29	0	0	0	0	348.938	1782
67	29	0	0	0	0	354.73	1783
67	29	0	0	0	0	343.37	1784
68	29	0	0	0	0	348.876	1785
68	30	0	0	0	0	328.033	1786
68	29	0	0	0	0	353.256	1787
68	29	0	0	0	0	353.468	1788
69	29	0	0	0	0	346.49	1789
69	29	0	0	0	0	354.681	1790
69	30	0	0	0	0	350.188	1791
69	29	0	0	0	0	356.467	1792
69	29	0	0	0	0	358.051	1793
69	29	0	0	0	0	354.431	1794
69	29	0	0	0	0	362.969	1795
69	29	0	0	0	0	346.412	1796
68	29	0	0	0	0	349.165	1797
69	29	0	0	0	0	357.836	1798
70	29	0	0	0	0	354.901	1799
70	29	0	0	0	0	365.667	1800
70	29	0	0	0	0	335.701	1801
70	28	0	0	0	0	368.073	1802
76	28	0	0	0	0	337.737	1803
76	28	0	0	0	0	360.829	1804
77	28	0	0	0	0	376.132	1805
77	28	0	0	0	0	377.981	1806
78	28	0	0	0	0	355.827	1807
77	28	0	0	0	0	357.068	1808
76	28	0	0	0	0	376.618	1809
77	28	0	0	0	0	390.672	1810
77	28	0	0	0	0	362.808	1811
77	28	0	0	0	0	368.239	1812
77	27	0	0	0	0	372.685	1813
77	27	0	0	0	0	384.659	1814
77	27	0	0	0	0	373.464	1815
77	27	0	0	0	0	357.465	1816
78	27	0	0	0	0	371.146	1817
78	27	0	0	0	0	364.666	1818
79	25	0	0	0	0	364.26	1819
79	25	0	0	0	0	362.456	1820
79	25	0	0	0	0	362.912	1821
79	25	0	0	0	0	373.908	1822
79	26	0	0	0	0	349.281	1823
78	27	0	0	0	0	379.513	1824
81	27	0	0	0	0	376.874	1825
81	28	0	0	0	0	416.355	1826
81	28	0	0	0	0	395.54	1827
81	31	0	0	0	0	380.979	1828
81	30	0	0	0	0	379.024	1829
81	30	0	0	0	0	384.051	1830
82	30	0	0	0	0	334.073	1831
83	30	0	0	0	0	360.255	1832
72	30	0	0	0	0	353.899	1833
72	32	0	0	0	0	332.907	1834
66	31	0	0	0	0	322.179	1835
66	31	0	0	0	0	296.374	1836
62	31	0	0	0	0	307.587	1837
62	29	0	0	0	0	323.147	1838
62	29	0	0	0	0	318.299	1839
62	29	0	0	0	0	313.288	1840
62	30	0	0	0	0	280.514	1841
62	34	0	0	0	0	250.921	1842
57	34	0	0	0	0	244.81	1843
57	33	0	0	0	0	254.319	1844
57	33	0	0	0	0	244.462	1845
55	33	0	0	0	0	239.819	1846
54	34	0	0	0	0	258.015	1847
48	35	0	0	0	0	261.356	1848
47	35	0	0	0	0	261.18	1849
47	35	0	0	0	0	257.612	1850
45	34	0	0	0	0	256.818	1851
44	34	0	0	0	0	269.006	1852
44	34	0	0	0	0	294.717	1853
43	34	0	0	0	0	257.836	1854
43	34	0	0	0	0	249.363	1855
40	33	0	0	0	0	241.28	1856
38	33	0	0	0	0	254.267	1857
38	33	0	0	0	0	256.329	1858
38	36	0	0	0	0	258.215	1859
37	36	0	0	0	0	251.2	1860
38	37	0	0	0	0	242.386	1861
38	42	0	0	0	0	243.625	1862
38	43	0	0	0	0	252.988	1863
38	47	0	0	0	0	243.509	1864
38	47	0	0	0	0	253.774	1865
37	47	0	0	0	0	267.614	1866
37	48	0	0	0	0	298.95	1867
37	48	0	0	0	0	278.123	1868
36	49	0	0	0	0	303.09	1869
36	49	0	0	0	0	316.556	1870
36	50	0	0	0	0	292.44	1871
36	50	0	0	0	0	300.212	1872
34	49	0	0	0	0	306.442	1873
34	49	0	0	0	0	288.492	1874
34	50	0	0	0	0	299.835	1875
34	49	0	0	0	0	292.554	1876
34	60	0	0	0	0	303.481	1877
34	60	0	0	0	0	329.796	1878
34	63	0	0	0	0	327.621	1879
34	62	0	0	0	0	321.311	1880
30	61	0	0	0	0	327.582	1881
32	62	0	0	0	0	312.65	1882
32	62	0	0	0	0	324.534	1883
32	62	0	0	0	0	336.553	1884
32	62	0	0	0	0	328.018	1885
30	62	0	0	0	0	315.661	1886
30	63	0	0	0	0	329.518	1887
30	63	0	0	0	0	319.945	1888
30	63	0	0	0	0	324.194	1889
30	62	0	0	0	0	326.013	1890
29	63	0	0	0	0	304.414	1891
29	63	0	0	0	0	321.029	1892
29	63	0	0	0	0	326.363	1893
29	63	0	0	0	0	320.594	1894
30	63	0	0	0	0	325.035	1895
29	63	0	0	0	0	324.009	1896
29	61	0	0	0	0	322.235	1897
29	61	0	0	0	0	331.545	1898
29	61	0	0	0	0	343.609	1899
29	60	0	0	0	0	326.619	1900
29	60	0	0	0	0	315.896	1901
29	60	0	0	0	0	322.609	1902
29	60	0	0	0	0	294.624	1903
29	62	0	0	0	0	307.92	1904
29	64	0	0	0	0	312.192	1905
29	63	0	0	0	0	306.353	1906
29	63	0	0	0	0	312.401	1907
29	66	0	0	0	0	301.845	1908
29	66	0	0	0	0	310.884	1909
29	66	0	0	0	0	309.658	1910
29	65	0	0	0	0	339.651	1911
29	65	0	0	0	0	358.541	1912
30	65	0	0	0	0	339.548	1913
30	65	0	0	0	0	351.185	1914
30	64	0	0	0	0	338.199	1915
30	64	0	0	0	0	360.792	1916
30	64	0	0	0	0	335.529	1917
30	64	0	0	0	0	361.502	1918
