unique_top_cov	unique_bot_cov	redundant_top_cov	redundant_bot_cov	raw_redundant_top_cov	raw_redundant_bot_cov	e_value	position
13	16	0	0	0	0	94.5198	1
13	16	0	0	0	0	98.9738	2
12	16	0.333333	0	1	0	100.974	3
12	19	0.666667	0.333333	2	1	95.3671	4
12	19	0.666667	0.333333	2	1	89.7911	5
12	19	0.666667	0.333333	2	1	115.446	6
12	19	0.666667	0.333333	2	1	106.973	7
12	19	0.666667	0.333333	2	1	114.452	8
12	19	0.666667	0.333333	2	1	113.536	9
12	19	0.666667	0.333333	2	1	112.301	10
12	19	0.666667	0.333333	2	1	107.125	11
12	19	0.666667	0.333333	2	1	107.844	12
11	18	0.666667	0.333333	2	1	92.5265	13
11	18	0.666667	0.333333	2	1	103.786	14
11	18	0.666667	0.666667	2	2	93.176	15
11	18	0.666667	0.666667	2	2	98.9846	16
11	17	0.666667	0.666667	2	2	99.2353	17
11	16	0.666667	0.666667	2	2	81.6973	18
11	16	0.666667	0.666667	2	2	91.4148	19
11	16	0.666667	0.666667	2	2	91.3495	20
11	16	0.666667	0.666667	2	2	91.7705	21
11	16	0.666667	0.666667	2	2	96.0791	22
11	16	0.666667	0.666667	2	2	83.737	23
11	16	0.666667	0.666667	2	2	58.179	24
11	16	0.666667	0.666667	2	2	96.0693	25
11	16	0.666667	0.666667	2	2	92.7398	26
10	16	0.666667	0.666667	2	2	94.4175	27
10	16	0.666667	0.666667	2	2	91.4073	28
10	16	0.666667	0.666667	2	2	95.6126	29
10	16	0.666667	0.666667	2	2	77.5793	30
10	16	0.666667	0.666667	2	2	59.4656	31
10	16	0.666667	1	2	3	92.1942	32
10	17	0.666667	1	2	3	91.869	33
9	17	0.666667	1	2	3	82.7274	34
9	17	0.666667	1	2	3	89.4176	35
9	17	1	1	3	3	95.5378	36
9	17	1	1	3	3	89.2671	37
9	19	1	1	3	3	95.7373	38
9	19	1	1	3	3	93.4394	39
8	20	1	1	3	3	90.6348	40
8	20	1	1	3	3	92.3191	41
8	20	1	1	3	3	94.3491	42
8	20	1	1	3	3	100.88	43
8	20	0.666667	1	2	3	95.987	44
8	19	0.666667	1	2	3	96.2256	45
8	19	0.666667	1	2	3	98.7615	46
8	19	0.666667	1	2	3	94.3792	47
8	19	0.666667	1	2	3	98.7494	48
8	19	0.666667	1	2	3	92.9969	49
8	19	0.666667	1	2	3	99.3818	50
8	19	0.666667	1	2	3	88.653	51
8	19	0.666667	1	2	3	95.0417	52
8	19	0.666667	1	2	3	90.4198	53
7	18	0.666667	0.666667	2	2	88.2986	54
7	18	0.666667	0.666667	2	2	77.3882	55
7	18	0.666667	0.666667	2	2	92.1142	56
7	18	0.666667	0.666667	2	2	78.2722	57
7	19	0.666667	0.666667	2	2	72.0926	58
7	20	0.666667	0.666667	2	2	89.6233	59
7	22	0.666667	0.666667	2	2	93.305	60
7	22	0.666667	0.666667	2	2	100.036	61
6	22	0.666667	0.666667	2	2	96.5812	62
6	22	0.666667	0.666667	2	2	92.0448	63
6	22	0.666667	0.666667	2	2	96.6385	64
6	24	0.666667	0.666667	2	2	102.532	65
6	24	0.666667	0.333333	2	1	89.4475	66
6	24	0.666667	0.333333	2	1	109.619	67
6	24	0.666667	0.333333	2	1	105.644	68
5	24	0.333333	0.333333	1	1	88.7308	69
5	24	0.333333	0.333333	1	1	95.6841	70
5	24	0.333333	0.333333	1	1	106.885	71
5	24	0.333333	0.333333	1	1	107.026	72
6	24	0.333333	0.333333	1	1	99.8194	73
5	24	0	0.333333	0	1	102.12	74
5	24	0	0.333333	0	1	97.9582	75
5	23	0	0	0	0	99.2502	76
5	22	0	0	0	0	99.8686	77
5	22	0	0	0	0	84.5653	78
6	21	0	0	0	0	92.0405	79
6	21	0	0	0	0	88.6618	80
6	21	0	0	0	0	89.0217	81
7	21	0	0	0	0	91.8339	82
7	21	0	0	0	0	96.1754	83
7	21	0	0	0	0	99.0269	84
7	21	0	0	0	0	100.121	85
7	21	0	0	0	0	95.7363	86
7	22	0	0.5	0	1	94.8398	87
6	21	0	0.5	0	1	92.4466	88
6	20	0	0.5	0	1	91.9608	89
6	20	0	0.5	0	1	86.1744	90
6	20	0	0.5	0	1	84.3342	91
6	20	0	0.5	0	1	84.8631	92
6	19	0	0.833333	0	2	83.4542	93
6	18	0	0.833333	0	2	75.1208	94
6	18	0.333333	1.16667	1	3	79.4657	95
5	18	0.333333	1.5	1	4	76.3223	96
4	18	0.333333	1.5	1	4	69.8472	97
4	19	1	1.5	3	4	74.8663	98
4	19	1	1.5	3	4	71.7502	99
4	19	1	1.5	3	4	73.3152	100
4	19	1	1.5	3	4	74.8008	101
3	19	1.33333	1.5	4	4	64.2545	102
3	18	1.33333	1.5	4	4	69.2523	103
4	18	1.33333	1.5	4	4	72.0765	104
4	18	1.33333	1.5	4	4	70.1381	105
4	17	1.33333	1.5	4	4	54.0535	106
5	17	1.33333	1.5	4	4	72.1536	107
5	17	1.33333	1.5	4	4	79.5692	108
5	17	1.33333	1.83333	4	5	79.5668	109
5	17	1.66667	1.83333	5	5	78.3894	110
5	17	1.66667	1.83333	5	5	65.6518	111
5	17	1.66667	1.83333	5	5	65.2516	112
5	17	2	1.83333	6	5	76.0135	113
5	16	2	1.83333	6	5	75.5231	114
5	17	2	1.83333	6	5	56.7045	115
5	17	2	1.83333	6	5	49.9105	116
7	17	2	1.83333	6	5	80.0396	117
7	17	2	1.83333	6	5	74.7646	118
8	18	2.33333	1.83333	7	5	78.8178	119
8	18	2.66667	1.83333	8	5	68.125	120
8	18	2.66667	1.83333	8	5	67.0922	121
8	18	2.66667	1.83333	8	5	78.9488	122
8	18	2.66667	1.83333	8	5	41.6158	123
9	18	2.66667	1.83333	8	5	94.0073	124
9	18	2.66667	1.33333	8	4	88.5754	125
9	18	2.66667	1.33333	8	4	89.0714	126
9	18	2.66667	1.33333	8	4	81.1753	127
9	18	2.66667	1.33333	8	4	89.6719	128
9	18	2.66667	1.33333	8	4	89.6922	129
9	18	2.66667	1.33333	8	4	90.2171	130
9	19	2.66667	1.33333	8	4	98.8167	131
9	19	2.66667	1.83333	8	5	92.42	132
9	20	2.66667	1.83333	8	5	80.8388	133
10	20	2.66667	1.83333	8	5	95.0173	134
10	19	2.66667	1.5	8	4	94.1651	135
10	19	2.66667	1.5	8	4	89.7469	136
10	18	2.66667	1.5	8	4	88.3796	137
11	19	2.66667	1.5	8	4	102.976	138
11	19	2.66667	1.5	8	4	99.0613	139
11	19	2.66667	1.5	8	4	101.492	140
11	20	2.66667	1.5	8	4	94.7645	141
11	22	2.66667	1.16667	8	3	103.774	142
11	19	2.66667	0.833333	8	2	101.357	143
11	19	2.66667	0.833333	8	2	107.449	144
11	19	2.66667	0.833333	8	2	110.926	145
11	19	2.66667	0.833333	8	2	102.285	146
12	19	2.33333	0.5	7	1	95.3856	147
13	19	2.33333	0.5	7	1	107.155	148
13	18	2	0.5	6	1	98.5553	149
14	19	2	0.5	6	1	98.0687	150
14	19	2	0.5	6	1	103.412	151
14	19	2	0.5	6	1	108.956	152
14	19	2	0.5	6	1	108.564	153
14	19	2	0.5	6	1	119.48	154
14	20	2	0.5	6	1	119.708	155
14	20	1	0.5	3	1	103.647	156
14	20	1	0.5	3	1	123.863	157
14	20	1	0.5	3	1	106.439	158
14	20	1	0.5	3	1	122.75	159
15	19	1	0.5	3	1	119.01	160
15	19	1	0.5	3	1	119.878	161
15	19	1	0.5	3	1	121.865	162
15	19	1	0.5	3	1	118.907	163
15	20	1	0.5	3	1	119.057	164
15	21	1	0.5	3	1	111.117	165
15	21	0.666667	0.5	2	1	115.575	166
15	21	0	0.5	0	1	120.073	167
15	21	0	0.5	0	1	121.49	168
15	21	0	0.5	0	1	121.216	169
15	21	0	0.5	0	1	133.125	170
16	22	0	0	0	0	125.703	171
16	22	0	0	0	0	124.702	172
16	22	0	0	0	0	135.535	173
16	22	0	0	0	0	134.552	174
16	22	0	0	0	0	135.386	175
16	22	0	0	0	0	123.086	176
16	22	0	0	0	0	118.555	177
16	22	0	0	0	0	127.682	178
16	22	0	0	0	0	131.011	179
15	22	0	0	0	0	129.535	180
15	22	0	0	0	0	132.614	181
15	22	0	0	0	0	117.096	182
15	21	0	0	0	0	122.239	183
15	20	0	0	0	0	122.457	184
15	20	0	0	0	0	124.304	185
15	20	0	0	0	0	128.355	186
15	20	0	0	0	0	120.578	187
15	20	0	0	0	0	120.353	188
15	19	0	0	0	0	109.42	189
15	19	0	0	0	0	122.466	190
15	19	0	0	0	0	112.859	191
15	18	0	0	0	0	98.9093	192
15	18	0	0	0	0	102.838	193
15	17	0	0	0	0	107.096	194
14	17	0	0	0	0	97.1036	195
13	17	0	0	0	0	88.1611	196
13	17	0	0	0	0	96.3378	197
12	17	0	0	0	0	94.6231	198
11	17	0	0	0	0	96.6787	199
10	17	0	0	0	0	87.5429	200
10	17	0	0	0	0	86.7044	201
10	17	0	0	0	0	88.4804	202
10	17	0	0	0	0	80.3008	203
9	17	0	0	0	0	80.0797	204
8	17	0	0	0	0	75.285	205
7	17	0	0	0	0	73.8558	206
7	17	0	0	0	0	62.4341	207
7	16	0	0	0	0	76.3188	208
7	16	0	0	0	0	68.5719	209
7	14	0	0	0	0	61.2525	210
7	14	0	0	0	0	67.8308	211
7	14	0	0	0	0	63.01	212
7	14	0	0	0	0	74.2962	213
7	14	0	0	0	0	59.3166	214
0	1	0	0	0	0	-4.85659	215
0	1	0	0	0	0	nan	216
0	0	0	0	0	0	nan	217
0	0	0	0	0	0	nan	218
0	0	0	0	0	0	nan	219
0	0	0	0	0	0	nan	220
0	0	0	0	0	0	nan	221
0	0	0	0	0	0	nan	222
0	0	0	0	0	0	nan	223
0	0	0	0	0	0	nan	224
0	0	0	0	0	0	nan	225
0	0	0	0	0	0	nan	226
0	0	0	0	0	0	nan	227
0	0	0	0	0	0	nan	228
0	0	0	0	0	0	nan	229
0	0	0	0	0	0	nan	230
0	0	0	0	0	0	nan	231
0	0	0	0	0	0	nan	232
0	0	0	0	0	0	nan	233
0	0	0	0	0	0	nan	234
0	0	0	0	0	0	nan	235
0	0	0	0	0	0	nan	236
0	0	0	0	0	0	nan	237
0	0	0	0	0	0	nan	238
0	0	0	0	0	0	nan	239
0	0	0	0	0	0	nan	240
0	0	0	0	0	0	nan	241
0	0	0	0	0	0	nan	242
0	0	0	0	0	0	nan	243
0	0	0	0	0	0	nan	244
0	0	0	0	0	0	nan	245
0	0	0	0	0	0	nan	246
0	0	0	0	0	0	nan	247
0	0	0	0	0	0	nan	248
0	0	0	0	0	0	nan	249
0	0	0	0	0	0	nan	250
0	0	0	0	0	0	nan	251
