unique_top_cov	unique_bot_cov	redundant_top_cov	redundant_bot_cov	raw_redundant_top_cov	raw_redundant_bot_cov	e_value	position
0	0	0	0	0	0	nan	1
1	0	0	0	0	0	nan	2
1	0	0	0	0	0	-3.26287	3
1	0	0	0	0	0	-3.28614	4
1	0	0	0	0	0	-5.24163	5
1	0	0	0	0	0	-4.4843	6
1	0	0	0	0	0	-3.26287	7
1	0	0	0	0	0	-2.99007	8
1	0	0	0	0	0	-3.58687	9
1	0	0	0	0	0	-4.93887	10
1	0	0	0	0	0	-3.26287	11
1	0	0	0	0	0	-3.03518	12
1	0	0	0	0	0	-3.28614	13
1	0	0	0	0	0	-3.45328	14
1	0	0	0	0	0	-2.99007	15
1	0	0	0	0	0	-2.99007	16
1	0	0	0	0	0	-3.58687	17
1	0	0	0	0	0	-5.19417	18
1	0	0	0	0	0	-4.25864	19
2	0	0	0	0	0	-3.26287	20
2	0	0	0	0	0	-0.0591331	21
2	0	0	0	0	0	0.649918	22
2	0	0	0	0	0	-0.551144	23
2	0	0	0	0	0	0.931081	24
2	0	0	0	0	0	0.649918	25
2	0	0	0.25	0	1	0.462081	26
2	0	0	0.25	0	1	0.924864	27
2	0	0	0.25	0	1	-0.314946	28
2	0	0	0.25	0	1	0.835018	29
2	0	0	0.25	0	1	0.931081	30
2	0	0	0.25	0	1	0.649918	31
2	0	0	0.25	0	1	0.7427	32
2	0	0	0.25	0	1	-1.787	33
2	0	0	0.25	0	1	0.183494	34
2	0	0	0.25	0	1	0.7427	35
2	0	0	0.25	0	1	0.37911	36
2	0	0	0.25	0	1	-4.78172	37
2	0	0	0.25	0	1	-0.175821	38
2	0	0	0.25	0	1	0.924864	39
2	0	0	0.25	0	1	0.924864	40
2	0	0	0.25	0	1	-0.645047	41
2	0	0	0.25	0	1	0.723173	42
2	0	0	0.25	0	1	0.593587	43
2	0	0	0.25	0	1	-0.314946	44
2	0	0	0.25	0	1	-6.44725	45
2	0	0	0.25	0	1	0.924864	46
2	0	0	0.25	0	1	0.7427	47
2	0	0	0.25	0	1	0.835018	48
2	0	0	0.25	0	1	-0.314946	49
2	0	0	0.25	0	1	0.931081	50
2	0	0	0.25	0	1	0.7427	51
2	0	0	0.25	0	1	0.835018	52
2	0	0	0.25	0	1	0.924864	53
2	0	0	0.25	0	1	-0.645047	54
2	0	0	0.25	0	1	-1.271	55
2	0	0	0.25	0	1	0.924864	56
2	0	0	0.25	0	1	0.924864	57
2	0	0	0.25	0	1	0.924864	58
2	0	0	0.25	0	1	0.394256	59
2	0	0	0.25	0	1	0.7427	60
2	0	0	0.25	0	1	0.835018	61
2	0	0	0.25	0	1	0.931081	62
2	0	0	0.25	0	1	0.924864	63
2	0	0	0.25	0	1	0.924864	64
2	0	0	0	0	0	-1.271	65
2	0	0	0	0	0	-1.16917	66
2	0	0	0	0	0	0.931081	67
2	0	0	0	0	0	0.835018	68
2	0	0	0	0	0	-1.21258	69
2	0	0	0	0	0	1.33358	70
2	0	0	0	0	0	0.649918	71
2	0	0	0	0	0	1.35131	72
2	0	0	0	0	0	0.649918	73
2	0	0	0	0	0	-2.20235	74
2	0	0	0	0	0	0.130463	75
2	0	0	0	0	0	1.33358	76
2	0	0	0	0	0	0.649918	77
2	0	0	0	0	0	-1.787	78
2	0	0	0	0	0	1.33358	79
2	0	0	0	0	0	-0.932372	80
2	0	0.333333	0	1	0	0.37911	81
2	0	0.333333	0	1	0	0.723173	82
2	0	0.333333	0	1	0	0.931081	83
2	0	0.333333	0	1	0	0.7427	84
2	0	0.333333	0	1	0	-0.267448	85
2	0	0.333333	0	1	0	0.462081	86
2	0	0.333333	0	1	0	0.924864	87
2	0	0.333333	0.333333	1	1	0.723173	88
2	0	0.333333	0.333333	1	1	-1.271	89
2	0	0.333333	0.333333	1	1	0.924864	90
2	0	0.333333	0.333333	1	1	0.649918	91
2	0	0.333333	0.333333	1	1	1.35131	92
2	0	0.333333	0.333333	1	1	0.924864	93
2	0	0.333333	0.333333	1	1	1.35131	94
2	0	0.333333	0.333333	1	1	1.33358	95
2	0	0.333333	0.333333	1	1	0.924864	96
2	0	0.333333	0.333333	1	1	0.924864	97
2	0	0.333333	0.333333	1	1	0.130463	98
2	0	0.333333	0.333333	1	1	0.924864	99
2	0	0.333333	0.333333	1	1	0.931081	100
2	0	0.333333	0.333333	1	1	0.183494	101
2	0	0.333333	0.333333	1	1	0.924864	102
2	0	0.333333	0.333333	1	1	0.924864	103
2	0	0.333333	0.333333	1	1	0.723173	104
2	0	0.333333	0.333333	1	1	1.33358	105
2	0	0.333333	0.333333	1	1	0.835018	106
2	0	0.333333	0.333333	1	1	1.33358	107
2	0	0.333333	0.333333	1	1	1.33358	108
2	0	0.333333	0.333333	1	1	0.931081	109
2	0	0.333333	0.333333	1	1	0.924864	110
2	0	0.333333	0.333333	1	1	0.723173	111
2	0	0.333333	0.333333	1	1	-0.314946	112
2	0	0.333333	0.333333	1	1	-1.271	113
2	0	0.333333	0.333333	1	1	0.7427	114
2	0	0.333333	0.333333	1	1	0.835018	115
2	0	0.333333	0.333333	1	1	-1.271	116
2	0	0.333333	0.333333	1	1	-1.21258	117
2	0	0.333333	0.333333	1	1	0.649918	118
2	0	0.333333	0.333333	1	1	-1.21258	119
2	0	0	0.333333	0	1	0.835018	120
2	0	0	0.333333	0	1	-0.0591331	121
2	0	0	0.333333	0	1	1.33358	122
2	0	0	0.333333	0	1	-0.550199	123
2	0	0	0.333333	0	1	0.835018	124
2	0	0	0.333333	0	1	0.924864	125
2	0	0	0.333333	0	1	0.649918	126
2	0	0	0.333333	0	1	1.33358	127
2	0	0	0.333333	0	1	0.924864	128
2	0	0	0.333333	0	1	0.931081	129
2	0	0	0.333333	0	1	0.835018	130
2	0	0	0.333333	0	1	1.33358	131
2	0	0	0.333333	0	1	0.835018	132
2	0	0	0.333333	0	1	-1.21258	133
2	0	0	0.333333	0	1	0.835018	134
2	0	0	0.333333	0	1	0.931081	135
2	0	0	0.333333	0	1	1.33358	136
2	0	0	0.333333	0	1	-1.271	137
2	0	0	0.333333	0	1	1.33358	138
2	0	0	0.333333	0	1	0.7427	139
2	0	0	0.333333	0	1	0.924864	140
2	0	0	0.333333	0	1	1.33358	141
2	0	0	0.333333	0	1	-0.645047	142
2	0	0	0.333333	0	1	0.931081	143
2	0	0	0.333333	0	1	1.33358	144
2	0	0	0	0	0	0.835018	145
2	0	0	0	0	0	0.835018	146
2	0	0	0	0	0	0.183494	147
2	0	0	0	0	0	0.183494	148
2	0	0	0	0	0	nan	149
2	0	0	0	0	0	nan	150
2	0	0	0	0	0	nan	151
0	0	0	0	0	0	nan	152
0	0	0	0	0	0	nan	153
