unique_top_cov	unique_bot_cov	redundant_top_cov	redundant_bot_cov	raw_redundant_top_cov	raw_redundant_bot_cov	e_value	position
0	0	0	0	0	0	nan	1
0	0	0.333333	0	1	0	nan	2
0	0	0.333333	0	1	0	nan	3
0	0	0.333333	0	1	0	nan	4
0	0	0.333333	0	1	0	nan	5
0	0	0.666667	0	2	0	nan	6
0	0	0.666667	0	2	0	nan	7
0	0	0.666667	0	2	0	nan	8
0	0	0.666667	0	2	0	nan	9
0	0	0.666667	0	2	0	nan	10
0	0	0.666667	0	2	0	nan	11
0	0	0.666667	0.333333	2	1	nan	12
0	0	1	0.333333	3	1	nan	13
0	0	1	0.333333	3	1	nan	14
0	0	1	0.333333	3	1	nan	15
0	0	1	0.333333	3	1	nan	16
0	0	1.33333	0.333333	4	1	nan	17
0	1	1.33333	0.333333	4	1	nan	18
0	1	1.33333	0.333333	4	1	nan	19
0	1	1.33333	0.333333	4	1	-3.19544	20
0	1	1.33333	0.333333	4	1	-3.28614	21
0	1	1.33333	0.333333	4	1	-3.45328	22
0	1	1.33333	0.333333	4	1	-3.03518	23
0	1	1.33333	0.333333	4	1	-3.19544	24
0	1	1.33333	0.333333	4	1	-2.99007	25
0	1	1.33333	0.333333	4	1	-2.73358	26
0	1	1.33333	0.333333	4	1	-3.03518	27
0	1	1.33333	0.333333	4	1	-2.73358	28
0	1	1.33333	0.333333	4	1	-3.03518	29
0	1	1.66667	0.333333	5	1	-3.03518	30
0	1	1.66667	0.333333	5	1	-3.45328	31
0	1	1.66667	0.333333	5	1	-2.73358	32
0	1	1.66667	0.333333	5	1	-2.99007	33
0	1	1.66667	0.333333	5	1	-2.99007	34
0	1	1.66667	0.333333	5	1	-2.72544	35
0	2	1.66667	0.333333	5	1	-2.72544	36
0	2	1.66667	0.333333	5	1	-2.72544	37
0	2	1.66667	0.333333	5	1	-0.314946	38
0	2	1.66667	0.333333	5	1	-0.339387	39
0	2	1.66667	0.333333	5	1	0.7427	40
0	2	1.66667	0.333333	5	1	0.835018	41
0	2	1.66667	0.333333	5	1	0.7427	42
0	2	1.66667	0.333333	5	1	0.924864	43
0	2	1.66667	0.333333	5	1	0.931081	44
0	2	1.66667	0.333333	5	1	1.33358	45
0	2	1.66667	0.333333	5	1	0.835018	46
0	2	1.66667	0.333333	5	1	0.924864	47
0	2	1.33333	0.333333	4	1	0.924864	48
0	2	1.33333	0.333333	4	1	1.33358	49
0	2	1.33333	0.333333	4	1	0.924864	50
0	2	1.33333	0.333333	4	1	0.835018	51
0	2	1.33333	0	4	0	1.35131	52
0	2	1	0	3	0	-1.271	53
1	3	1	0	3	0	0.924864	54
1	3	1	0	3	0	8.1965	55
1	3	1	0	3	0	8.09752	56
1	3	0.666667	0	2	0	6.10993	57
1	3	0.666667	0	2	0	6.81803	58
1	3	0.666667	0	2	0	6.67008	59
1	3	0.666667	0	2	0	8.54425	60
1	3	0.666667	0	2	0	8.4918	61
1	3	0.666667	0	2	0	8.40746	62
1	3	0.666667	0	2	0	8.41838	63
1	3	0.666667	0	2	0	8.27781	64
1	3	0.666667	0	2	0	6.67008	65
1	3	0.333333	0	1	0	8.4918	66
1	3	0.333333	0	1	0	9.02205	67
2	3	0.333333	0	1	0	8.63938	68
2	3	0.333333	0	1	0	8.47528	69
2	3	0.333333	0	1	0	7.78062	70
2	3	0.333333	0	1	0	8.63938	71
2	3	0.333333	0	1	0	10.6212	72
2	3	0.333333	0	1	0	11.2772	73
2	3	0.333333	0	1	0	8.01478	74
2	3	0	0	0	0	11.2745	75
2	3	0	0	0	0	8.14979	76
2	5	0	0	0	0	11.7396	77
2	5	0	0	0	0	18.1432	78
2	5	0	0	0	0	18.3246	79
2	5	0	0	0	0	18.7337	80
2	5	0	0	0	0	12.6092	81
2	5	0	0	0	0	17.8	82
2	5	0	0	0	0	18.7906	83
2	5	0	0	0	0	19.0859	84
2	5	0	0	0	0	13.7515	85
2	5	0	0.5	0	1	19.0601	86
3	5	0	0.5	0	1	14.7211	87
3	5	0	0.5	0	1	18.9381	88
3	5	0	0.5	0	1	18.908	89
3	5	0	0.5	0	1	22.3762	90
3	5	0	0.5	0	1	17.4118	91
3	5	0	0.5	0	1	18.6345	92
3	5	0	0.5	0	1	23.7064	93
3	5	0	0.5	0	1	22.3167	94
3	5	0	1	0	2	20.9453	95
3	5	0	1	0	2	19.7223	96
3	5	0	1	0	2	22.8682	97
3	5	0	1	0	2	19.1194	98
3	5	0	1	0	2	22.9784	99
3	5	0	1	0	2	22.9025	100
4	5	0	1	0	2	18.707	101
4	5	0	1	0	2	22.8745	102
4	5	0	1	0	2	25.3045	103
4	5	0	1	0	2	26.6072	104
4	5	0	1	0	2	24.8639	105
4	5	0	1	0	2	26.6426	106
4	5	0	1	0	2	24.4111	107
4	5	0	1	0	2	26.5454	108
4	7	0	1	0	2	25.9114	109
4	7	0	1	0	2	26.5306	110
4	7	0	1	0	2	33.7227	111
4	7	0	1	0	2	32.4658	112
5	7	0	1	0	2	31.0355	113
5	7	0	1	0	2	33.0729	114
4	7	0	1	0	2	30.4501	115
4	7	0	1	0	2	30.0471	116
4	7	0	1	0	2	36.1755	117
4	7	0	1	0	2	30.298	118
4	7	0	1	0	2	36.3513	119
4	7	0	1	0	2	34.4701	120
4	7	0	1	0	2	31.5054	121
4	7	0	0.5	0	1	31.9661	122
4	7	0	0.5	0	1	34.7601	123
4	7	0	0.5	0	1	34.8689	124
4	7	0	0.5	0	1	31.0873	125
4	7	0	0.5	0	1	36.0904	126
4	7	0	0.5	0	1	33.9091	127
4	7	0	0.5	0	1	28.5698	128
4	7	0	0.5	0	1	35.1473	129
4	7	0	0.5	0	1	33.2001	130
4	7	0	0.5	0	1	35.2768	131
4	7	0	0.5	0	1	28.1076	132
4	7	0	0.5	0	1	35.3342	133
4	7	0	0.5	0	1	33.3711	134
4	7	0	0.5	0	1	35.3645	135
4	7	0	0.5	0	1	28.0031	136
4	7	0	0.5	0	1	34.9752	137
4	7	0	0.5	0	1	36.7154	138
4	7	0	0	0	0	35.3957	139
4	7	0	0	0	0	36.9368	140
4	7	0	0	0	0	35.2768	141
4	7	0	0	0	0	33.2712	142
4	7	0	0	0	0	35.2069	143
4	7	0	0	0	0	35.234	144
4	7	0	0	0	0	33.434	145
4	7	0	0	0	0	30.3738	146
4	7	0	0	0	0	34.179	147
4	7	0	0	0	0	35.4925	148
4	7	0	0	0	0	31.2494	149
4	7	0	0	0	0	30.6843	150
4	7	0	0	0	0	33.3711	151
4	7	0	0	0	0	34.1728	152
4	7	0	0	0	0	35.3731	153
4	7	0	0	0	0	31.3281	154
4	7	0	0	0	0	33.5547	155
4	7	0	0	0	0	34.9848	156
4	7	0	0	0	0	35.2257	157
4	7	0	0	0	0	34.1439	158
4	7	0	0	0	0	31.4039	159
4	7	0	0	0	0	28.818	160
4	7	0	0	0	0	26.2266	161
4	7	0	0	0	0	30.566	162
7	7	0	0	0	0	28.4163	163
7	7	0	0	0	0	29.9846	164
7	7	0	0	0	0	31.1406	165
8	7	0	0	0	0	31.5995	166
8	7	0	0	0	0	29.8623	167
8	6	0	0	0	0	39.7459	168
8	6	0	0	0	0	41.8069	169
8	6	0	0	0	0	41.409	170
8	6	0	0	0	0	41.9914	171
8	6	0	0	0	0	36.9343	172
8	6	0	0	0	0	34.9685	173
8	6	0	0	0	0	39.051	174
8	6	0	0	0	0	45.5761	175
8	7	0	0	0	0	36.6109	176
8	6	0	0	0	0	36.44	177
8	6	0	0	0	0	33.2069	178
8	6	0	0	0	0	37.4268	179
8	6	0	0	0	0	26.5931	180
8	6	0	0	0	0	31.7331	181
7	6	0	0	0	0	32.423	182
7	6	0	0	0	0	31.1102	183
7	6	0	0	0	0	33.9001	184
7	6	0	0	0	0	28.3099	185
7	6	0	0	0	0	31.5232	186
7	6	0	0	0	0	32.1926	187
7	6	0	0	0	0	33.5613	188
6	6	0	0	0	0	28.697	189
6	6	0	0	0	0	36.9907	190
6	6	0	0	0	0	38.6466	191
6	6	0	0	0	0	38.384	192
6	6	0	0	0	0	37.7648	193
6	6	0	0	0	0	35.5665	194
6	6	0	0	0	0	34.4631	195
6	6	0	0	0	0	37.4088	196
6	6	0	0	0	0	36.8004	197
6	6	0	0	0	0	31.5514	198
6	5	0	0	0	0	35.3793	199
6	5	0	0	0	0	27.8545	200
6	5	0	0	0	0	31.3911	201
6	5	0	0	0	0	31.5394	202
6	5	0	0	0	0	30.4285	203
6	4	0	0	0	0	31.0385	204
6	4	0	0	0	0	30.4565	205
6	4	0	0	0	0	30.05	206
6	4	0	0	0	0	31.5995	207
6	4	0	0	0	0	31.5733	208
6	4	0	0	0	0	29.0219	209
6	5	0	0	0	0	23.4965	210
6	5	0	0	0	0	31.4724	211
6	5	0	0	0	0	34.8922	212
6	5	0	0	0	0	33.3924	213
6	5	0	0	0	0	30.0931	214
6	5	0	0	0	0	27.437	215
6	5	0	0	0	0	26.8073	216
5	5	0	0	0	0	31.5513	217
5	5	0	0	0	0	30.5643	218
5	5	0	0	0	0	29.8762	219
5	6	0	0	0	0	29.5279	220
5	6	0	0	0	0	25.238	221
5	6	0	0	0	0	31.9793	222
6	6	0	0	0	0	34.5771	223
6	6	0	0	0	0	36.846	224
6	6	0	0	0	0	30.7302	225
6	6	0	0	0	0	29.6088	226
6	5	0	0	0	0	33.9925	227
6	5	0	0	0	0	35.3125	228
6	5	0	0	0	0	33.3924	229
6	5	0	0	0	0	35.3996	230
6	5	0	0	0	0	32.9722	231
6	5	0	0	0	0	35.3793	232
6	5	0	0	0	0	34.1911	233
6	5	0	0	0	0	32.7548	234
6	5	0	0	0	0	34.1911	235
6	5	0	0	0	0	32.8744	236
6	5	0	0	0	0	35.3473	237
6	5	0	0	0	0	30.3182	238
6	4	0	0	0	0	32.9394	239
6	4	0	0	0	0	26.901	240
6	4	0	0	0	0	30.3463	241
6	4	0	0	0	0	32.9394	242
6	4	0	0	0	0	31.5995	243
6	4	0	0	0	0	32.2312	244
6	4	0	0	0	0	25.9769	245
6	4	0	0	0	0	33.086	246
6	4	0	0	0	0	26.7226	247
6	3	0	0	0	0	28.9336	248
6	3	0	0	0	0	27.6114	249
6	3	0	0	0	0	29.0454	250
6	3	0	0	0	0	28.9775	251
7	3	0	0	0	0	27.644	252
8	3	0	0	0	0	28.5642	253
8	3	0	0	0	0	28.8701	254
8	3	0	0	0	0	33.7933	255
8	3	0	0	0	0	29.9617	256
8	2	0	0	0	0	29.9895	257
8	2	0	0	0	0	27.3198	258
8	2	0	0	0	0	31.6384	259
8	2	0	0	0	0	30.0061	260
8	2	0	0	0	0	27.9123	261
8	2	0	0	0	0	17.7973	262
8	2	0	0	0	0	23.1185	263
9	1	0	0	0	0	28.0328	264
9	1	0	0	0	0	29.4709	265
9	1	0	0	0	0	29.1582	266
9	1	0	0	0	0	25.6287	267
9	1	0	0	0	0	27.2383	268
8	1	0	0	0	0	24.0508	269
8	0	0	0	0	0	13.9927	270
8	0	0	0	0	0	21.3661	271
8	0	0	0	0	0	21.5342	272
8	0	0	0	0	0	24.0448	273
8	0	0	0	0	0	22.0165	274
8	0	0	0	0	0	22.4607	275
8	0	0	0	0	0	21.6163	276
8	0	0	0	0	0	22.4607	277
8	0	0	0	0	0	23.7411	278
8	0	0	0	0	0	23.7411	279
8	0	0	0	0	0	23.782	280
8	0	0	0	0	0	18.8002	281
8	0	0	0	0	0	19.349	282
8	0	0	0	0	0	24.0264	283
8	0	0	0	0	0	24.9341	284
8	0	0	0	0	0	22.576	285
8	0	0	0	0	0	23.7411	286
8	0	0	0	0	0	22.0165	287
9	0	0	0	0	0	23.7232	288
9	0	0	0	0	0	24.6949	289
9	0	0	0	0	0	26.5161	290
9	0	0	0	0	0	19.7696	291
9	3	0	0	0	0	20.4394	292
9	3	0	0	0	0	27.72	293
9	5	0	0	0	0	38.8873	294
9	5	0	0	0	0	42.5038	295
9	5	0	0	0	0	43.2987	296
9	5	0	0	0	0	45.4314	297
10	5	0	0	0	0	43.7688	298
10	5	0	0	0	0	46.6365	299
10	5	0	0	0	0	50.6597	300
10	5	0	0	0	0	49.4438	301
10	5	0	0	0	0	52.7046	302
10	5	0	0	0	0	42.3271	303
10	7	0	0	0	0	50.3953	304
10	7	0	0	0	0	51.2596	305
10	7	0	0	0	0	53.8267	306
10	7	0	0	0	0	58.1691	307
10	8	0	0	0	0	56.7614	308
10	8	0	0	0	0	55.8613	309
11	8	0	0	0	0	53.4925	310
11	8	0	0	0	0	49.3011	311
12	8	0	0	0	0	50.5628	312
8	8	0	0	0	0	53.7502	313
8	8	0	0	0	0	45.3454	314
7	8	0	0	0	0	46.5109	315
7	8	0	0	0	0	47.9466	316
7	8	0	0	0	0	50.5499	317
7	8	0	0	0	0	48.1646	318
7	8	0	0	0	0	50.7256	319
7	8	0	0	0	0	50.1396	320
7	8	0	0	0	0	50.5011	321
7	8	0	0	0	0	51.1349	322
9	8	0	0	0	0	51.2722	323
9	10	0	0	0	0	52.1659	324
9	10	0	0	0	0	68.3478	325
9	10	0	0	0	0	65.8442	326
9	11	0	0	0	0	65.0449	327
9	11	0	0	0	0	66.9669	328
9	11	0	0	0	0	68.0118	329
9	11	0	0	0	0	68.8483	330
9	11	0	0	0	0	64.7214	331
9	11	0	0	0	0	72.2228	332
9	11	0	0	0	0	68.4386	333
9	11	0	0	0	0	68.3216	334
9	11	0	0	0	0	65.1628	335
9	11	0	0	0	0	69.5377	336
9	11	0	0	0	0	66.8782	337
9	11	0	0	0	0	66.9409	338
9	11	0	0	0	0	69.5055	339
10	11	0	0	0	0	69.4861	340
10	11	0	0	0	0	76.1637	341
10	11	0	0	0	0	66.5148	342
10	11	0	0	0	0	75.1705	343
10	11	0	0	0	0	63.4817	344
10	11	0	0	0	0	71.9745	345
10	12	0	0	0	0	72.3496	346
11	12	0	0	0	0	72.0812	347
11	12	0	0	0	0	71.0001	348
11	12	0	0	0	0	73.4546	349
11	12	0	0	0	0	73.0873	350
11	12	0	0	0	0	72.0015	351
11	12	0	0	0	0	77.9621	352
11	12	0	0	0	0	82.1677	353
11	12	0	0	0	0	71.4713	354
11	12	0	0	0	0	70.3025	355
11	11	0	0	0	0	74.8403	356
11	11	0	0	0	0	79.9036	357
11	11	0	0	0	0	75.468	358
11	11	0	0	0	0	80.017	359
11	11	0	0	0	0	75.3073	360
11	11	0	0	0	0	80.4348	361
11	11	0	0	0	0	75.9225	362
11	11	0	0	0	0	69.5818	363
11	11	0	0	0	0	65.3357	364
10	11	0	0	0	0	67.7493	365
10	10	0	0	0	0	68.57	366
10	10	0	0	0	0	69.3257	367
10	11	0	0	0	0	68.0731	368
10	12	0	0	0	0	68.8467	369
10	12	0	0	0	0	69.5604	370
10	12	0	0	0	0	77.006	371
10	12	0	0	0	0	77.006	372
11	12	0	0	0	0	77.238	373
11	12	0	0	0	0	77.2179	374
11	12	0	0	0	0	76.5283	375
11	12	0	0	0	0	77.2917	376
11	12	0	0	0	0	83.9331	377
11	12	0	0	0	0	78.3435	378
12	12	0	0	0	0	84.4915	379
12	12	0	0	0	0	77.3435	380
12	12	0	0	0	0	71.5695	381
12	14	0	0	0	0	82.3266	382
12	15	0	0	0	0	96.1072	383
12	15	0	0	0	0	91.4456	384
12	15	0	0	0	0	95.3977	385
12	15	0	0	0	0	83.5275	386
12	15	0	0	0	0	89.8565	387
13	15	0	0	0	0	92.1646	388
13	15	0	0	0	0	94.2299	389
15	14	0	0	0	0	88.4491	390
15	15	0	0	0	0	90.4506	391
15	15	0	0	0	0	96.2824	392
15	15	0	0	0	0	104.579	393
15	15	0	0	0	0	103.384	394
16	15	0	0	0	0	106.608	395
16	15	0	0	0	0	108.662	396
16	15	0	0	0	0	106.929	397
19	15	0	0	0	0	102.637	398
19	14	0	0	0	0	109.194	399
19	14	0	0	0	0	115.03	400
20	14	0	0	0	0	117.819	401
20	14	0	0	0	0	119.367	402
20	14	0	0	0	0	107.218	403
20	13	0	0	0	0	100.141	404
21	13	0	0	0	0	102.638	405
20	14	0	0	0	0	114.627	406
20	14	0	0	0	0	106.476	407
20	14	0	0	0	0	114.025	408
20	14	0	0	0	0	112.185	409
20	14	0	0	0	0	108.505	410
21	15	0	0	0	0	114.577	411
21	15	0	0	0	0	121.859	412
19	16	0	0	0	0	122.214	413
19	16	0	0	0	0	119.767	414
19	16	0	0	0	0	125.302	415
19	16	0	0	0	0	122.233	416
19	15	0	0	0	0	115.575	417
19	15	0	0	0	0	121.15	418
19	15	0	0	0	0	119.047	419
19	15	0	0	0	0	120.482	420
19	15	0	0	0	0	115.25	421
19	15	0	0	0	0	103.161	422
19	15	0	0	0	0	107.106	423
19	15	0	0	0	0	115.027	424
19	15	0	0	0	0	117.736	425
19	15	0	0	0	0	112.719	426
20	14	0	0	0	0	104.861	427
20	14	0	0	0	0	118.628	428
20	16	0	0	0	0	116.446	429
20	16	0	0	0	0	115.579	430
21	16	0	0	0	0	116.233	431
21	16	0	0	0	0	113.498	432
21	16	0	0	0	0	113.52	433
21	16	0	0	0	0	110.038	434
21	16	0	0	0	0	109.181	435
21	16	0	0	0	0	111.745	436
21	14	0	0	0	0	109.659	437
21	14	0	0	0	0	113.891	438
20	14	0	0	0	0	119.722	439
19	14	0	0	0	0	97.5918	440
19	14	0	0	0	0	96.1211	441
19	14	0	0	0	0	111.081	442
19	14	0	0	0	0	104.024	443
19	13	0	0	0	0	108.394	444
20	13	0	0	0	0	107.447	445
20	13	0	0	0	0	107.779	446
20	13	0	0	0	0	106.808	447
20	12	0	0	0	0	107.62	448
20	12	0	0	0	0	110.123	449
20	13	0	0	0	0	110.074	450
20	15	0	0	0	0	107.032	451
20	16	0	0	0	0	104.477	452
20	16	0	0	0	0	130.12	453
20	16	0	0	0	0	119.037	454
21	16	0	0	0	0	124.189	455
20	16	0	0	0	0	114.281	456
20	15	0	0	0	0	111.679	457
20	14	0	0	0	0	111.9	458
20	14	0	0	0	0	104.003	459
19	14	0	0	0	0	116.934	460
19	14	0	0	0	0	110.297	461
19	14	0	0	0	0	103.67	462
19	15	0	0	0	0	111.154	463
19	15	0	0	0	0	104.918	464
19	15	0	0	0	0	119.68	465
19	15	0	0	0	0	113.475	466
19	15	0	0	0	0	103.856	467
19	15	0	0	0	0	116.586	468
19	15	0	0	0	0	110.673	469
19	15	0	0	0	0	114.055	470
19	15	0	0	0	0	115.08	471
19	15	0	0	0	0	115.143	472
19	15	0	0	0	0	111.238	473
20	14	0	0	0	0	112.295	474
20	14	0	0	0	0	114.805	475
20	14	0	0	0	0	122.547	476
20	14	0	0	0	0	111.221	477
20	14	0	0	0	0	119.132	478
21	14	0	0	0	0	119.357	479
21	14	0	0	0	0	119.124	480
21	14	0	0	0	0	115.481	481
21	14	0	0	0	0	109.61	482
21	16	0	0	0	0	115.562	483
21	16	0	0	0	0	103.883	484
20	15	0	0	0	0	121.372	485
19	15	0	0	0	0	116.781	486
20	15	0	0	0	0	117.053	487
21	15	0	0	0	0	119.11	488
21	14	0	0	0	0	113.802	489
20	14	0	0	0	0	118.965	490
20	14	0	0	0	0	114.549	491
18	14	0	0	0	0	114.533	492
18	14	0	0	0	0	117.413	493
18	14	0	0	0	0	113.917	494
18	14	0	0	0	0	114.287	495
18	14	0	0	0	0	105.292	496
18	14	0	0	0	0	110.854	497
18	14	0	0	0	0	115.633	498
18	14	0	0	0	0	109.819	499
17	14	0	0	0	0	106.448	500
17	14	0	0	0	0	111.826	501
17	15	0	0	0	0	104.561	502
17	15	0	0	0	0	114.673	503
17	15	0	0	0	0	115.498	504
18	15	0	0	0	0	110.698	505
18	15	0	0	0	0	111.606	506
18	15	0	0	0	0	122.418	507
18	15	0	0	0	0	110.735	508
18	14	0	0	0	0	100.275	509
18	14	0	0	0	0	106.858	510
19	13	0	0	0	0	116.006	511
19	13	0	0	0	0	110.695	512
19	13	0	0	0	0	111.41	513
19	13	0	0	0	0	107.218	514
19	13	0	0	0	0	118.875	515
19	13	0	0	0	0	114.867	516
19	13	0	0	0	0	108.039	517
19	13	0	0	0	0	110.792	518
20	13	0	0	0	0	114.554	519
20	13	0	0	0	0	113.639	520
20	13	0	0	0	0	122.723	521
20	13	0	0	0	0	105.324	522
20	13	0	0	0	0	123.332	523
20	13	0	0	0	0	118.319	524
20	13	0	0	0	0	115.263	525
20	13	0	0	0	0	118.997	526
20	13	0	0	0	0	100.433	527
21	12	0	0	0	0	111.53	528
22	12	0	0	0	0	116.456	529
22	12	0	0	0	0	112.963	530
22	16	0	0	0	0	122.284	531
22	16	0	0	0	0	138.144	532
22	16	0	0	0	0	106.497	533
23	18	0	0	0	0	117.656	534
23	18	0	0	0	0	113.404	535
23	18	0	0	0	0	98.8437	536
23	18	0	0	0	0	102.06	537
20	17	0	0	0	0	92.8976	538
20	17	0	0	0	0	121.805	539
18	17	0	0	0	0	119.357	540
18	17	0	0	0	0	113.061	541
18	17	0	0	0	0	118.354	542
19	18	0	0	0	0	122.27	543
18	18	0	0	0	0	126.686	544
17	18	0	0	0	0	122.551	545
17	18	0	0	0	0	119.04	546
17	18	0	0	0	0	114.691	547
18	18	0	0	0	0	111.204	548
18	17	0	0	0	0	130.949	549
18	17	0	0	0	0	111.35	550
18	17	0	0	0	0	114.019	551
19	17	0	0	0	0	126.035	552
19	17	0	0	0	0	126.268	553
19	17	0	0	0	0	125.64	554
19	17	0	0	0	0	126.646	555
19	17	0	0	0	0	121.695	556
19	18	0	0	0	0	133.415	557
19	18	0	0	0	0	117.848	558
19	18	0	0	0	0	137.931	559
20	18	0	0	0	0	120.29	560
20	18	0	0	0	0	130.191	561
20	18	0	0	0	0	136.363	562
20	19	0	0	0	0	125.575	563
20	19	0	0	0	0	139.253	564
20	19	0	0	0	0	136.332	565
20	19	0	0	0	0	129.201	566
18	19	0	0	0	0	122.407	567
18	20	0	0	0	0	129.489	568
18	20	0	0	0	0	129.422	569
18	19	0	0	0	0	115.306	570
18	19	0	0	0	0	136.97	571
18	19	0	0	0	0	123.115	572
17	19	0	0	0	0	122.539	573
17	19	0	0	0	0	109.168	574
17	19	0	0	0	0	117.14	575
17	19	0	0	0	0	124.988	576
15	19	0	0	0	0	106.873	577
15	19	0	0	0	0	112.812	578
17	19	0	0	0	0	121.389	579
17	19	0	0	0	0	115.343	580
16	19	0	0	0	0	121.842	581
16	18	0	0	0	0	110.151	582
16	18	0	0	0	0	113.273	583
15	18	0	0	0	0	103.904	584
15	18	0	0	0	0	106.861	585
15	18	0	0	0	0	115.663	586
15	17	0	0	0	0	108.039	587
16	17	0	0	0	0	111.767	588
15	17	0	0	0	0	102.953	589
15	17	0	0	0	0	104.502	590
15	17	0	0	0	0	114.019	591
15	16	0	0	0	0	101.225	592
15	16	0	0	0	0	100.805	593
16	17	0	0	0	0	108.608	594
17	18	0	0	0	0	112.059	595
17	18	0	0	0	0	119.221	596
17	18	0	0	0	0	125.565	597
17	18	0	0	0	0	119.857	598
18	18	0	0	0	0	120.778	599
19	18	0	0	0	0	106.736	600
19	17	0	0	0	0	109.213	601
19	16	0	0	0	0	101.066	602
19	16	0	0	0	0	86.6085	603
19	16	0	0	0	0	106.473	604
20	16	0	0	0	0	98.952	605
18	16	0	0	0	0	114.034	606
18	15	0	0	0	0	120.301	607
18	15	0	0	0	0	113.386	608
18	15	0	0	0	0	104.726	609
18	15	0	0	0	0	108.686	610
18	15	0	0	0	0	111.026	611
20	15	0	0	0	0	116.286	612
20	15	0	0	0	0	113.226	613
20	15	0	0	0	0	110.679	614
19	15	0	0	0	0	105.54	615
19	14	0	0	0	0	117.378	616
19	14	0	0	0	0	107.685	617
19	14	0	0	0	0	103.483	618
19	12	0	0	0	0	107.407	619
20	12	0	0	0	0	111.037	620
20	13	0	0	0	0	115.273	621
20	13	0	0	0	0	109.608	622
19	13	0	0	0	0	109.757	623
20	13	0	0	0	0	106.245	624
20	13	0	0	0	0	101.232	625
20	13	0	0	0	0	108.01	626
20	13	0	0	0	0	103.096	627
20	13	0	0	0	0	97.6288	628
19	13	0	0	0	0	100.768	629
18	13	0	0	0	0	97.993	630
18	13	0	0	0	0	97.9029	631
19	13	0	0	0	0	98.2818	632
19	12	0	0	0	0	111.183	633
19	12	0	0	0	0	105.327	634
19	12	0	0	0	0	96.2862	635
19	12	0	0	0	0	108.921	636
19	12	0	0	0	0	113.113	637
19	12	0	0	0	0	106.706	638
19	12	0	0	0	0	107.445	639
19	12	0	0	0	0	104.961	640
20	12	0	0	0	0	107.366	641
20	12	0	0	0	0	103.16	642
20	12	0	0	0	0	112.303	643
20	12	0	0	0	0	110.516	644
20	12	0	0	0	0	105.366	645
20	12	0	0	0	0	105.273	646
20	14	0	0	0	0	98.5022	647
20	14	0	0	0	0	108.333	648
20	14	0	0	0	0	114.804	649
20	14	0	0	0	0	101.885	650
20	11	0	0	0	0	106.719	651
20	11	0	0	0	0	105.844	652
20	11	0	0	0	0	108.078	653
20	11	0	0	0	0	98.0577	654
20	11	0	0	0	0	113.631	655
20	11	0	0	0	0	104.112	656
20	12	0	0	0	0	107.787	657
20	12	0	0	0	0	106.657	658
20	12	0	0	0	0	106.602	659
20	12	0	0	0	0	106.242	660
20	12	0	0	0	0	106.116	661
19	12	0	0	0	0	109.593	662
19	12	0	0	0	0	111.876	663
19	12	0	0	0	0	115.119	664
20	12	0	0	0	0	111.879	665
20	12	0	0	0	0	109.106	666
20	13	0	0	0	0	117.261	667
20	13	0	0	0	0	111.444	668
20	13	0	0	0	0	106.619	669
20	13	0	0	0	0	115.612	670
20	13	0	0	0	0	119.25	671
20	13	0	0	0	0	112.061	672
20	13	0	0	0	0	117.653	673
20	13	0	0	0	0	113.221	674
20	13	0	0	0	0	123.781	675
21	13	0	0	0	0	107.325	676
21	15	0	0	0	0	120.036	677
21	15	0	0	0	0	120.37	678
22	15	0	0	0	0	116.749	679
22	14	0	0	0	0	122.518	680
22	13	0	0	0	0	125.58	681
22	13	0	0	0	0	112.319	682
20	13	0	0	0	0	106.707	683
19	12	0	0	0	0	108.108	684
18	12	0	0	0	0	92.7069	685
17	12	0	0	0	0	98.556	686
17	12	0	0	0	0	94.8694	687
18	12	0	0	0	0	100.185	688
18	12	0	0	0	0	100.4	689
18	13	0	0	0	0	100.129	690
18	13	0	0	0	0	84.4138	691
18	13	0	0	0	0	99.6686	692
18	12	0	0	0	0	96.112	693
18	12	0	0	0	0	99.3296	694
18	12	0	0	0	0	103.97	695
18	11	0	0	0	0	91.8801	696
18	11	0	0	0	0	98.9261	697
18	10	0	0	0	0	103.087	698
18	10	0	0	0	0	92.1984	699
18	10	0	0	0	0	100.481	700
18	11	0	0	0	0	99.902	701
18	11	0	0	0	0	96.1749	702
18	11	0	0	0	0	99.8289	703
18	10	0	0	0	0	96.5771	704
18	10	0	0	0	0	99.7109	705
19	10	0	0	0	0	95.8328	706
19	10	0	0	0	0	97.8345	707
19	10	0	0	0	0	100.341	708
18	10	0	0	0	0	96.0571	709
17	10	0	0	0	0	89.9076	710
17	10	0	0	0	0	93.8301	711
18	11	0	0	0	0	96.2391	712
18	11	0	0	0	0	92.9367	713
17	11	0	0	0	0	98.1819	714
17	11	0	0	0	0	92.0072	715
17	11	0	0	0	0	100.414	716
17	11	0	0	0	0	92.4382	717
18	11	0	0	0	0	98.7002	718
18	12	0	0	0	0	100.186	719
18	13	0	0	0	0	110.408	720
18	13	0	0	0	0	107.601	721
20	14	0	0	0	0	103.438	722
20	14	0	0	0	0	121.966	723
20	14	0	0	0	0	118.002	724
20	14	0	0	0	0	115.909	725
20	14	0	0	0	0	120.004	726
20	14	0	0	0	0	116.887	727
19	14	0	0	0	0	91.9916	728
17	14	0	0	0	0	89.3463	729
18	14	0	0	0	0	103.046	730
18	14	0	0	0	0	114.972	731
18	14	0	0	0	0	103.479	732
18	14	0	0	0	0	117.049	733
18	14	0	0	0	0	108.966	734
18	13	0	0	0	0	111.724	735
18	13	0	0	0	0	111.383	736
18	13	0	0	0	0	108.917	737
18	15	0	0	0	0	102.746	738
18	15	0	0	0	0	107.909	739
18	15	0	0	0	0	112.904	740
18	15	0	0	0	0	102.409	741
18	15	0	0	0	0	115.246	742
18	16	0	0	0	0	104.899	743
18	15	0	0	0	0	97.4878	744
18	14	0	0	0	0	106.497	745
18	14	0	0	0	0	119.648	746
19	14	0	0	0	0	112.466	747
19	15	0	0	0	0	115.274	748
18	14	0	0	0	0	114.656	749
18	15	0	0	0	0	115.582	750
18	15	0	0	0	0	123.003	751
18	15	0	0	0	0	114.168	752
19	15	0	0	0	0	113.474	753
19	15	0	0	0	0	114.037	754
20	15	0	0	0	0	118.53	755
20	15	0	0	0	0	114.286	756
20	14	0	0	0	0	100.188	757
20	13	0	0	0	0	101.432	758
21	13	0	0	0	0	118.866	759
21	13	0	0	0	0	108.507	760
21	13	0	0	0	0	116.493	761
20	14	0	0	0	0	115.136	762
20	15	0	0	0	0	126.716	763
20	15	0	0	0	0	126.863	764
20	17	0	0	0	0	124.876	765
20	18	0	0	0	0	130.192	766
20	19	0	0	0	0	130.86	767
21	19	0	0	0	0	141.303	768
21	19	0	0	0	0	135.943	769
21	19	0	0	0	0	133.452	770
21	19	0	0	0	0	134.424	771
22	20	0	0	0	0	137.204	772
23	19	0	0	0	0	136.289	773
22	19	0	0	0	0	139.746	774
23	19	0	0	0	0	130.189	775
23	19	0	0	0	0	159.082	776
25	19	0	0	0	0	146.143	777
25	24	0	0	0	0	144.677	778
25	25	0	0	0	0	139.284	779
25	25	0	0	0	0	171.49	780
25	25	0	0	0	0	160.226	781
24	25	0	0	0	0	165.849	782
24	25	0	0	0	0	183.001	783
24	25	0	0	0	0	178.511	784
24	25	0	0	0	0	140.509	785
24	25	0	0	0	0	170.096	786
22	25	0	0	0	0	175.118	787
22	25	0	0	0	0	168.954	788
23	25	0	0	0	0	150.817	789
23	25	0	0	0	0	178.161	790
22	25	0	0	0	0	161.846	791
22	27	0	0	0	0	167.813	792
22	27	0	0	0	0	165.497	793
22	27	0	0	0	0	161.746	794
22	27	0	0	0	0	171.047	795
22	27	0	0	0	0	171.903	796
22	27	0	0	0	0	168.314	797
22	27	0	0	0	0	186.512	798
22	27	0	0	0	0	149.227	799
22	27	0	0	0	0	186.256	800
22	27	0	0	0	0	170.3	801
22	27	0	0	0	0	183.585	802
22	27	0	0	0	0	168.092	803
23	28	0	0	0	0	167.487	804
23	28	0	0	0	0	178.993	805
23	28	0	0	0	0	177.334	806
24	27	0	0	0	0	186.018	807
24	26	0	0	0	0	163.031	808
24	25	0	0	0	0	156.345	809
24	25	0	0	0	0	158.825	810
24	25	0	0	0	0	172.88	811
24	25	0	0	0	0	178.172	812
24	25	0	0	0	0	183.691	813
24	25	0	0	0	0	172.743	814
24	25	0	0	0	0	171.297	815
24	25	0	0	0	0	184.433	816
24	25	0	0	0	0	169.557	817
24	26	0	0	0	0	173.765	818
25	27	0	0	0	0	165.035	819
25	29	0	0	0	0	184.691	820
25	29	0	0	0	0	193.151	821
25	29	0	0	0	0	192.526	822
26	28	0	0	0	0	187.317	823
27	28	0	0	0	0	180.859	824
27	28	0	0	0	0	179.363	825
27	28	0	0	0	0	200.539	826
26	28	0	0	0	0	191.265	827
26	28	0	0	0	0	187.664	828
25	30	0	0	0	0	189.856	829
25	29	0	0	0	0	194.876	830
25	29	0	0	0	0	186.462	831
26	29	0	0	0	0	193.141	832
25	29	0	0	0	0	184.912	833
24	29	0	0	0	0	187.11	834
24	29	0	0	0	0	167.998	835
24	28	0	0	0	0	168.979	836
24	28	0	0	0	0	195.051	837
25	28	0	0	0	0	174.142	838
25	28	0	0	0	0	191.442	839
25	27	0	0	0	0	183.679	840
25	27	0	0	0	0	174.493	841
25	27	0	0	0	0	175.583	842
23	27	0	0	0	0	165.666	843
24	25	0	0	0	0	173.675	844
24	25	0	0	0	0	179.118	845
24	25	0	0	0	0	174.401	846
24	24	0	0	0	0	181.268	847
24	24	0	0	0	0	173.326	848
24	24	0	0	0	0	152.554	849
24	24	0	0	0	0	163.79	850
24	23	0	0	0	0	161.327	851
24	23	0	0	0	0	168.267	852
24	23	0	0	0	0	168.443	853
26	22	0	0	0	0	160.168	854
26	23	0	0	0	0	179.17	855
25	23	0	0	0	0	176.201	856
26	24	0	0	0	0	167.614	857
26	24	0	0	0	0	176.766	858
26	24	0	0	0	0	159.775	859
26	23	0	0	0	0	174.539	860
26	23	0	0	0	0	163.964	861
25	23	0	0	0	0	167.518	862
25	25	0	0	0	0	177.053	863
25	25	0	0	0	0	161.391	864
25	25	0	0	0	0	175.154	865
24	25	0	0	0	0	169.068	866
23	24	0	0	0	0	170.292	867
23	24	0	0	0	0	161.744	868
23	24	0	0	0	0	160.62	869
23	24	0	0	0	0	168.365	870
22	24	0	0	0	0	143.691	871
21	24	0	0	0	0	145.304	872
21	24	0	0	0	0	147.298	873
21	24	0	0	0	0	160.196	874
19	24	0	0	0	0	136.88	875
19	23	0	0	0	0	145.953	876
19	23	0	0	0	0	138.222	877
18	23	0	0	0	0	135.649	878
18	22	0	0	0	0	147.868	879
18	22	0	0	0	0	136.214	880
19	22	0	0	0	0	143.331	881
19	22	0	0	0	0	131.161	882
18	22	0	0	0	0	150.433	883
18	22	0	0	0	0	142.265	884
18	21	0	0	0	0	138.421	885
18	21	0	0	0	0	133.43	886
18	21	0	0	0	0	128.731	887
17	20	0	0	0	0	130.598	888
17	20	0	0	0	0	126.279	889
17	20	0	0	0	0	134.445	890
17	21	0	0	0	0	126.161	891
17	21	0	0	0	0	108.784	892
16	21	0	0	0	0	118.821	893
16	21	0	0	0	0	122.869	894
16	21	0	0	0	0	124.039	895
16	21	0	0	0	0	118.472	896
13	21	0	0	0	0	115.401	897
12	21	0	0	0	0	114.055	898
12	21	0	0	0	0	115.547	899
12	21	0	0	0	0	112.202	900
12	21	0	0	0	0	112.948	901
12	21	0	0	0	0	117.452	902
12	21	0	0	0	0	116.352	903
12	22	0	0	0	0	114.118	904
12	22	0	0	0	0	115.353	905
12	21	0	0	0	0	108.867	906
12	20	0	0	0	0	100.329	907
12	20	0	0	0	0	110.287	908
12	20	0	0	0	0	108.47	909
12	19	0	0	0	0	102.408	910
12	18	0	0	0	0	103.092	911
12	16	0	0	0	0	84.1416	912
11	16	0	0	0	0	78.1343	913
11	16	0	0	0	0	96.9106	914
11	16	0	0.25	0	1	91.5576	915
11	15	0	0.25	0	1	91.9859	916
11	15	0	0.25	0	1	77.2169	917
11	15	0	0.25	0	1	85.26	918
11	14	0	0.25	0	1	86.1855	919
11	14	0	0.25	0	1	75.6814	920
11	14	0	0.25	0	1	70.9781	921
11	14	0	0.25	0	1	69.3098	922
8	14	0	0.25	0	1	67.0909	923
8	14	0	0.25	0	1	68.1614	924
7	14	0	0.25	0	1	65.4546	925
6	14	0	0.25	0	1	66.8119	926
6	14	0	0.25	0	1	60.4429	927
6	13	0	0.25	0	1	63.5003	928
6	13	0	0.25	0	1	57.7545	929
6	13	0	0.25	0	1	65.8247	930
6	13	0	0.25	0	1	65.5782	931
6	13	0	0.25	0	1	65.7802	932
6	13	0	0.25	0	1	61.8121	933
6	13	0	0.25	0	1	63.5902	934
6	13	0	0.25	0	1	62.6267	935
6	13	0	0.25	0	1	65.8152	936
6	13	0.125	0.25	1	1	60.1448	937
6	13	0.125	0.25	1	1	58.9075	938
6	12	0.125	0.25	1	1	54.7709	939
6	12	0.125	0.25	1	1	53.6128	940
6	12	0.125	0.25	1	1	58.2288	941
5	12	0.125	0.375	1	2	53.4795	942
5	12	0.125	0.375	1	2	54.113	943
5	12	0.125	0.375	1	2	51.567	944
5	12	0.125	0.375	1	2	50.2157	945
5	12	0.125	0.375	1	2	56.1508	946
5	12	0.125	0.517857	1	3	57.4553	947
5	12	0.125	0.517857	1	3	53.9113	948
5	12	0.125	0.517857	1	3	58.0085	949
5	12	0.125	0.517857	1	3	58.3569	950
5	12	0.125	0.517857	1	3	58.4143	951
5	12	0.125	0.517857	1	3	57.553	952
5	12	0.125	0.517857	1	3	55.878	953
5	12	0.125	0.517857	1	3	52.9152	954
5	12	0.125	0.517857	1	3	48.3244	955
4	12	0.125	0.517857	1	3	46.3195	956
4	12	0.125	0.517857	1	3	46.3586	957
3	12	0.125	0.517857	1	3	36.1149	958
3	11	0.125	0.517857	1	3	40.4713	959
3	11	0.125	0.267857	1	2	41.07	960
3	11	0.125	0.267857	1	2	44.1442	961
3	11	0.125	0.267857	1	2	39.6122	962
3	11	0.125	0.267857	1	2	44.1421	963
3	11	0.125	0.267857	1	2	41.7592	964
3	11	0.125	0.267857	1	2	43.3692	965
3	11	0.125	0.267857	1	2	46.1554	966
3	11	0.125	0.267857	1	2	36.313	967
2	10	0.125	0.267857	1	2	28.4504	968
2	8	0.125	0.267857	1	2	26.7419	969
2	7	0.125	0.267857	1	2	21.6349	970
2	7	0.125	0.267857	1	2	26.1511	971
2	7	0.125	0.267857	1	2	18.7237	972
2	6	0.125	0.267857	1	2	20.0068	973
2	5	0.125	0.267857	1	2	15.9718	974
2	4	0.125	0.267857	1	2	14.7064	975
2	4	0	0.267857	0	2	16.2143	976
2	4	0	0.267857	0	2	13.4309	977
2	4	0	0.267857	0	2	8.19269	978
2	2	0	0.267857	0	2	6.85749	979
2	2	0	0.142857	0	1	4.52577	980
2	2	0	0.142857	0	1	0.882136	981
1	2	0	0.142857	0	1	0.882136	982
1	2	0	0.142857	0	1	0.726849	983
1	2	0	0.142857	0	1	nan	984
1	1	0	0.142857	0	1	nan	985
1	1	0	0.142857	0	1	nan	986
