unique_top_cov	unique_bot_cov	redundant_top_cov	redundant_bot_cov	raw_redundant_top_cov	raw_redundant_bot_cov	e_value	position
0	0	0	0	0	0	nan	1
0	0	0	0	0	0	nan	2
0	0	0	0	0	0	nan	3
0	0	0	0	0	0	nan	4
0	0	0	0	0	0	nan	5
0	0	0	0	0	0	nan	6
0	0	0	0	0	0	nan	7
0	0	0	0	0	0	nan	8
0	0	0	0	0	0	nan	9
0	0	0	0	0	0	nan	10
116	107	0	0	0	0	816.788	11
115	107	0	0	0	0	759.378	12
115	106	0	0	0	0	751.533	13
115	104	0	0	0	0	763.381	14
114	99	0	0	0	0	766.607	15
114	99	0	0	0	0	701.37	16
109	98	0	0	0	0	720.013	17
101	96	0	0	0	0	674.375	18
93	94	0	0	0	0	638.705	19
91	93	0	0	0	0	667.899	20
89	92	0	0	0	0	659.625	21
88	92	0	0	0	0	654.586	22
87	92	0	0	0	0	651.587	23
87	95	0	0	0	0	665.015	24
85	94	0	0	0	0	548.905	25
85	92	0	0	0	0	608.586	26
84	92	0	0	0	0	620.957	27
83	92	0	0	0	0	637.918	28
83	91	0	0	0	0	648.861	29
83	91	0	0	0	0	605.701	30
79	90	0	0	0	0	556.292	31
79	90	0	0	0	0	564.341	32
72	87	0	0	0	0	573.355	33
73	84	0	0	0	0	573.291	34
72	83	0	0	0	0	544.09	35
72	82	0	0	0	0	515.666	36
72	82	0	0	0	0	519.04	37
69	81	0	0	0	0	532.141	38
70	81	0	0	0	0	497.261	39
69	77	0	0	0	0	515.815	40
68	75	0	0	0	0	539.198	41
65	75	0	0	0	0	497.576	42
65	75	0	0	0	0	486.759	43
65	75	0	0	0	0	472.9	44
65	75	0	0	0	0	480.476	45
65	74	0	0	0	0	457.621	46
61	73	0	0	0	0	455.512	47
59	74	0	0	0	0	401.396	48
59	74	0	0	0	0	379.96	49
58	74	0	0	0	0	382.664	50
58	74	0	0	0	0	379.998	51
54	72	0	0	0	0	376.845	52
55	75	0	0	0	0	367.415	53
54	73	0	0	0	0	377.13	54
54	76	0	0	0	0	373.956	55
50	73	0	0	0	0	383.611	56
48	71	0	0	0	0	367.252	57
49	69	0	0	0	0	393.731	58
48	67	0	0	0	0	414.498	59
48	67	0	0	0	0	420.804	60
48	67	0	0	0	0	401.076	61
46	67	0	0	0	0	387.043	62
46	67	0.5	0	1	0	394.784	63
38	65	0.5	0	1	0	352.08	64
39	65	0.5	0	1	0	345.879	65
38	64	0.5	0	1	0	353.949	66
38	64	0.5	0	1	0	359.132	67
39	63	0.5	0	1	0	360.817	68
39	62	0.5	0	1	0	339.748	69
39	58	0.5	0	1	0	339.09	70
38	57	0.5	0	1	0	338.549	71
37	57	0.5	0	1	0	330.552	72
36	56	0.5	0	1	0	327.881	73
36	56	0.5	0	1	0	324.957	74
36	56	0.5	0	1	0	330.976	75
35	56	0.5	0	1	0	332.733	76
35	56	0.5	0	1	0	327.479	77
42	56	0.5	0	1	0	314.061	78
41	56	0.5	0	1	0	306.653	79
41	56	0.5	0	1	0	316.121	80
42	54	0.5	0	1	0	339.314	81
43	53	0.5	0	1	0	331.566	82
44	54	0.5	0	1	0	325.563	83
46	54	0.5	0	1	0	323.674	84
47	52	0.5	0	1	0	320.797	85
48	52	0.5	0	1	0	322.49	86
48	50	0.5	0	1	0	351.969	87
53	49	0.5	0	1	0	354.95	88
52	49	0.5	0	1	0	349.808	89
51	49	0.5	0	1	0	355.582	90
52	46	0.5	0	1	0	344.271	91
52	46	0.5	0	1	0	321.487	92
53	45	0.5	0	1	0	344.265	93
53	45	0.5	0	1	0	335.562	94
53	44	0.5	0	1	0	339.598	95
53	47	0.5	0	1	0	337.334	96
53	46	0.5	0	1	0	286.055	97
53	46	0.5	0	1	0	340.771	98
52	46	0.5	0	1	0	352.871	99
53	47	0.5	0	1	0	335.795	100
52	46	0.5	0	1	0	343.474	101
52	46	0.5	0	1	0	347.931	102
52	46	0.5	0	1	0	343.049	103
52	47	0.5	0	1	0	335.786	104
44	47	0.5	0	1	0	323.569	105
45	48	0.5	0	1	0	313.895	106
44	48	0.5	0	1	0	336.323	107
44	47	0	0	0	0	315.724	108
45	47	0	0	0	0	321.562	109
45	47	0	0	0	0	330.019	110
45	47	0	0	0	0	331.371	111
45	47	0	0	0	0	317.256	112
43	47	0	0	0	0	322.401	113
43	47	0	0	0	0	311.375	114
42	46	0	0	0	0	287.265	115
43	46	0	0	0	0	307.103	116
43	46	0	0	0	0	317.655	117
43	46	0	0	0	0	325.698	118
43	46	0	0	0	0	315.851	119
44	46	0	0	0	0	325.503	120
44	46	0	0	0	0	310.389	121
44	47	0	0	0	0	297.553	122
44	47	0	0	0	0	333.365	123
44	47	0	0	0	0	326.065	124
44	47	0	0	0	0	321.608	125
44	46	0	0	0	0	320.753	126
43	45	0	0	0	0	303.861	127
45	45	0	0	0	0	305.979	128
45	44	0	0	0	0	323.643	129
45	44	0	0	0	0	306.984	130
43	44	0	0	0	0	293.124	131
43	44	0	0	0	0	322.633	132
44	44	0	0	0	0	317.164	133
45	44	0	0	0	0	310.589	134
45	44	0	0	0	0	295.545	135
43	44	0	0	0	0	298.592	136
44	44	0	0	0	0	320.945	137
44	44	0	0	0	0	322.225	138
44	44	0	0	0	0	302.921	139
44	45	0	0	0	0	302.958	140
43	43	0	0	0	0	294.366	141
43	48	0	0	0	0	300.678	142
45	49	0	0	0	0	315.691	143
46	47	0	0	0	0	331.641	144
46	47	0	0	0	0	332.714	145
46	47	0	0	0	0	300.827	146
46	47	0	0	0	0	310.906	147
46	46	0	0	0	0	331.051	148
45	46	0	0	0	0	331.096	149
46	46	0	0	0	0	305.846	150
45	44	0	0	0	0	313.956	151
46	44	0	0	0	0	314.973	152
46	44	0	0	0	0	312.647	153
46	44	0	0	0	0	297.182	154
47	44	0	0	0	0	314.911	155
48	44	0	0	0	0	330.432	156
48	44	0	0	0	0	334.254	157
48	43	0	0	0	0	336.111	158
48	43	0	0	0	0	322.961	159
47	42	0	0	0	0	314.965	160
47	41	0	0	0	0	325.786	161
47	41	0	0	0	0	312.328	162
48	42	0	0	0	0	322.903	163
48	42	0	0	0	0	337.371	164
48	41	0	0	0	0	314.995	165
48	41	0	0	0	0	287.955	166
49	40	0	0	0	0	323.588	167
50	40	0	0	0	0	289.27	168
50	40	0	0	0	0	322.919	169
50	39	0	0	0	0	322.117	170
51	40	0	0	0	0	317.976	171
53	40	0	0	0	0	330.329	172
53	40	0	0	0	0	308.948	173
53	37	0	0	0	0	324.532	174
53	39	0	0	0	0	336.917	175
54	38	0	0	0	0	312.368	176
56	38	0	0	0	0	325.15	177
56	38	0	0	0	0	315.926	178
57	39	0	0	0	0	334.953	179
58	38	0	0	0	0	326.155	180
58	38	0	0	0	0	339.858	181
55	37	0	0	0	0	325.858	182
56	39	0	0	0	0	308.753	183
54	38	0	0	0	0	335.049	184
54	38	0	0	0	0	338.977	185
54	38	0	0	0	0	324.044	186
54	38	0	0	0	0	329.506	187
55	38	0	0	0	0	307.952	188
55	37	0	0	0	0	298.337	189
54	37	0	0	0	0	323.619	190
54	37	0	0	0	0	338.192	191
55	37	0	0	0	0	314.416	192
57	37	0	0	0	0	317.635	193
57	37	0	0	0	0	316.542	194
59	37	0	0	0	0	329.515	195
58	37	0	0	0	0	333.922	196
58	36	0	0	0	0	323.312	197
59	36	0	0	0	0	327.788	198
59	36	0	0	0	0	335.541	199
59	36	0	0	0	0	344.068	200
58	36	0	0	0	0	320.593	201
58	38	0	0	0	0	323.074	202
59	34	0	0	0	0	329.165	203
60	34	0	0	0	0	330.995	204
60	33	0	0	0	0	342.3	205
60	35	0	0	0	0	320.834	206
62	35	0	0	0	0	303.117	207
60	35	0	0	0	0	320.813	208
58	37	0	0	0	0	332.102	209
58	37	0	0	0	0	313.24	210
57	37	0	0	0	0	337.384	211
57	37	0	0	0	0	312.072	212
56	36	0	0	0	0	287.462	213
57	37	0	0	0	0	305.554	214
56	37	0	0	0	0	316.018	215
56	37	0	0	0	0	293.757	216
56	37	0	0	0	0	320.215	217
56	37	0	0	0	0	309.395	218
55	39	0	0	0	0	297.964	219
55	38	0	0	0	0	324.473	220
55	41	0	0	0	0	333.514	221
55	38	0	0	0	0	323.844	222
57	37	0	0	0	0	307.638	223
57	37	0	0	0	0	324.071	224
57	37	0.333333	0	1	0	315.737	225
57	37	1	0	3	0	336.125	226
58	39	1	0.333333	3	1	293.132	227
49	37	1	0.333333	3	1	287.713	228
49	39	1	0.333333	3	1	286.182	229
49	39	1	0.333333	3	1	293.388	230
49	39	1	0.333333	3	1	287.105	231
50	39	1	0.333333	3	1	291.102	232
49	39	1	0.333333	3	1	300.521	233
47	38	1	0.333333	3	1	279.254	234
46	38	1	0.333333	3	1	282.707	235
43	37	1	0.333333	3	1	249.984	236
43	36	1	0.333333	3	1	251.202	237
40	36	1	0.333333	3	1	247.261	238
40	36	1	0.333333	3	1	247.503	239
40	36	1	0.333333	3	1	234.365	240
40	35	1	0.333333	3	1	250.974	241
40	35	1	0.333333	3	1	256.267	242
41	36	1	0.333333	3	1	245.975	243
41	36	1	0.333333	3	1	244.339	244
41	36	1	0.333333	3	1	245.798	245
41	36	1	0.333333	3	1	241.08	246
41	36	1	0.333333	3	1	243.112	247
41	35	1	0.333333	3	1	236.274	248
40	34	1	0.333333	3	1	245.609	249
39	34	1	0.333333	3	1	240.332	250
39	34	1	0.333333	3	1	237.989	251
39	34	1	0.333333	3	1	219.58	252
39	34	1.25	0.333333	4	1	230.332	253
39	33	1.25	0.333333	4	1	257.082	254
39	33	1.25	0.333333	4	1	238.477	255
39	32	1.25	0.333333	4	1	234.112	256
39	31	1.25	0.333333	4	1	244.047	257
39	31	1.25	0.333333	4	1	246.224	258
39	31	1.25	0.333333	4	1	210.483	259
39	31	1.25	0.333333	4	1	234.629	260
39	30	1.25	0.333333	4	1	232.28	261
39	29	1.25	0.333333	4	1	227.346	262
39	29	1.25	0.333333	4	1	230.991	263
39	29	1.25	0.333333	4	1	228.299	264
38	29	1.25	0.333333	4	1	233.938	265
38	29	1.25	0.333333	4	1	223.13	266
38	29	1.25	0.333333	4	1	216.9	267
38	29	0.916667	0.333333	3	1	236.894	268
38	29	0.916667	0.333333	3	1	228.776	269
37	29	0.916667	0.333333	3	1	218.646	270
37	28	0.916667	0.333333	3	1	221.687	271
37	27	0.916667	0.333333	3	1	226.572	272
36	27	0.916667	0.333333	3	1	207.205	273
35	27	0.916667	0.333333	3	1	207.591	274
35	27	0.916667	0	3	0	199.317	275
35	27	0.916667	0	3	0	202.664	276
35	27	0.916667	0	3	0	217.897	277
34	27	0.916667	0	3	0	207.806	278
34	27	0.916667	0	3	0	210.684	279
33	27	0.916667	0	3	0	203.49	280
33	27	0.916667	0	3	0	195.805	281
33	27	0.916667	0	3	0	199.686	282
31	27	0.916667	0	3	0	199.604	283
31	27	0.916667	0	3	0	195.089	284
31	27	0.583333	0	2	0	178.382	285
31	27	0.583333	0	2	0	180.006	286
30	27	0.583333	0	2	0	178.088	287
28	27	0.583333	0	2	0	179.261	288
28	27	0.583333	0	2	0	180.625	289
27	26	0.25	0	1	0	175.97	290
27	25	0.25	0	1	0	146.725	291
25	23	0.25	0	1	0	151.694	292
22	23	0	0	0	0	145.756	293
22	23	0	0	0	0	148.305	294
22	23	0	0	0	0	151.941	295
22	23	0	0	0	0	135.098	296
22	23	0	0	0	0	146.055	297
22	22	0	0	0	0	145.554	298
22	22	0	0	0	0	144.964	299
22	22	0	0	0	0	146.561	300
22	22	0	0	0	0	145.958	301
21	22	0	0	0	0	136.537	302
21	22	0	0	0	0	132.311	303
21	22	0	0	0	0	124.321	304
21	22	0	0	0	0	134.34	305
20	21	0	0	0	0	127.72	306
20	21	0	0	0	0	140.943	307
20	21	0	0	0	0	134.948	308
20	21	0	0	0	0	135.419	309
20	21	0	0	0	0	131.57	310
20	21	0	0	0	0	135.356	311
20	21	0	0	0	0	104.169	312
20	20	0	0	0	0	108.498	313
20	19	0	0	0	0	104.366	314
20	19	0	0	0	0	104.358	315
17	19	0	0	0	0	98.7316	316
15	18	0	0	0	0	100.378	317
15	18	0	0	0	0	104.824	318
15	18	0	0	0	0	99.2959	319
14	18	0	0	0	0	91.0195	320
11	18	0	0	0	0	91.2108	321
11	17	0	0	0	0	82.3095	322
11	17	0	0	0	0	84.7965	323
11	16	0	0	0	0	85.6249	324
11	16	0	0	0	0	78.4931	325
11	16	0	0	0	0	84.1945	326
11	16	0	0	0	0	85.3393	327
11	16	0	0	0	0	70.3914	328
11	16	0	0	0	0	70.6257	329
7	16	0	0	0	0	71.0628	330
7	16	0	0	0	0	71.9477	331
7	16	0	0	0	0	72.308	332
7	16	0	0	0	0	72.1119	333
7	16	0	0	0	0	58.312	334
6	15	0	0	0	0	57.727	335
6	15	0	0	0	0	55.0416	336
6	15	0	0	0	0	54.7192	337
6	13	0	0	0	0	53.511	338
6	13	0	0	0	0	52.6453	339
6	12	0	0	0	0	43.0883	340
6	12	0	0	0	0	46.7328	341
6	12	0	0	0	0	33.8296	342
5	12	0	0	0	0	32.9134	343
5	11	0	0	0	0	33.1536	344
3	11	0	0	0	0	35.1669	345
3	11	0	0	0	0	32.6471	346
3	11	0	0	0	0	35.4791	347
3	10	0	0	0	0	33.0318	348
3	10	0	0	0	0	34.5771	349
3	10	0	0	0	0	27.9497	350
3	9	0	0	0	0	28.3031	351
3	8	0	0	0	0	24.0605	352
3	8	0	0	0	0	20.9642	353
3	8	0	0	0	0	26.7067	354
3	8	0	0	0	0	25.5102	355
3	8	0	0	0	0	19.4865	356
2	8	0	0	0	0	19.8405	357
2	8	0	0	0	0	21.9092	358
2	8	0	0	0	0	19.3979	359
2	7	0	0	0	0	18.0003	360
2	7	0	0	0	0	10.0979	361
1	6	0	0	0	0	11.1442	362
1	5	0	0	0	0	9.74006	363
1	5	0	0	0	0	10.5	364
1	5	0	0	0	0	9.28553	365
1	5	0	0	0	0	8.47552	366
1	5	0	0	0	0	8.92945	367
1	5	0	0	0	0	11.9356	368
1	5	0	0	0	0	11.1877	369
1	5	0	0	0	0	8.57353	370
1	4	0	0	0	0	8.85877	371
1	4	0	0	0	0	nan	372
