unique_top_cov	unique_bot_cov	redundant_top_cov	redundant_bot_cov	raw_redundant_top_cov	raw_redundant_bot_cov	e_value	position
3	3	0	0.5	0	1	nan	1
3	3	0	0.5	0	1	12.3218	2
3	3	0	0.5	0	1	13.7108	3
3	3	0	0.5	0	1	11.6009	4
3	3	0	0.5	0	1	12.8623	5
3	3	0	0.5	0	1	8.98183	6
3	3	0	0.5	0	1	13.1875	7
3	3	0	0.5	0	1	12.5153	8
3	15	0	0.5	0	1	11.9365	9
3	15	0	0.5	0	1	9.28131	10
3	15	0	0.5	0	1	12.2289	11
3	15	0	0.5	0	1	13.9691	12
4	15	0	0.833333	0	2	48.7591	13
5	15	0	0.833333	0	2	58.2409	14
6	16	0	0.833333	0	2	66.1138	15
6	17	0	0.833333	0	2	71.4222	16
6	17	0	0.833333	0	2	77.702	17
6	17	0	0.833333	0	2	77.135	18
6	17	0	0.833333	0	2	70.1667	19
6	17	0	0.833333	0	2	75.9555	20
6	19	0	0.833333	0	2	79.4017	21
7	19	0	0.833333	0	2	81.0543	22
8	19	0	0.833333	0	2	76.6339	23
8	19	0	0.833333	0	2	90.6682	24
8	19	0	0.833333	0	2	89.5457	25
9	19	0	0.833333	0	2	91.5668	26
9	19	0	0.833333	0	2	89.5317	27
9	19	0	0.833333	0	2	90.7747	28
9	20	0	0.833333	0	2	96.0749	29
9	20	0	0.833333	0	2	99.3066	30
10	20	0	0.833333	0	2	96.2663	31
10	20	0	0.833333	0	2	97.2611	32
10	20	0	0.833333	0	2	103.286	33
10	20	0	0.833333	0	2	103.555	34
10	21	0	0.833333	0	2	100.872	35
10	21	0	0.833333	0	2	94.4494	36
11	22	0	0.833333	0	2	110.023	37
11	22	0	0.833333	0	2	108.091	38
11	22	0	0.833333	0	2	109.734	39
11	22	0	0.833333	0	2	115.006	40
11	22	0	0.833333	0	2	109.922	41
12	24	0	0.833333	0	2	103.959	42
12	24	0	0.833333	0	2	113.377	43
12	24	0	0.833333	0	2	115.916	44
12	24	0	0.833333	0	2	118.825	45
12	24	0	0.833333	0	2	116.064	46
12	25	0	0.833333	0	2	122.176	47
12	25	0	0.833333	0	2	122.908	48
12	25	0	0.833333	0	2	126.03	49
12	25	0	0.5	0	1	124.026	50
12	25	0	0.5	0	1	128.39	51
12	25	0	0.5	0	1	114.844	52
12	25	0	0.5	0	1	118.435	53
12	26	0	0.5	0	1	123.063	54
12	27	0	0.5	0	1	131.946	55
14	27	0	0.5	0	1	130.26	56
14	27	0	0.5	0	1	133.157	57
14	27	0	0.5	0	1	137.551	58
16	27	0	0.5	0	1	140.383	59
16	27	0	0.5	0	1	148.238	60
16	27	0	0.5	0	1	143.721	61
16	27	0	0.5	0	1	148.365	62
17	27	0	0.5	0	1	141.604	63
17	27	0	0.5	0	1	144.991	64
17	28	0	0.5	0	1	147.205	65
17	28	0	0.5	0	1	149.217	66
17	28	0	0.5	0	1	151.278	67
17	28	0	0.5	0	1	154.822	68
17	28	0	0.5	0	1	146.824	69
17	28	0	0.5	0	1	144.242	70
18	28	0	0.5	0	1	145.168	71
18	28	0	0.5	0	1	158.778	72
18	28	0	0.5	0	1	161.253	73
19	28	0	0.5	0	1	164.498	74
19	28	0	0.5	0	1	156.371	75
19	28	0	0.5	0	1	149.914	76
19	28	0	0.5	0	1	157.768	77
19	28	0	0.5	0	1	163.977	78
20	28	0	0.5	0	1	160.606	79
20	27	0	0	0	0	158.956	80
20	27	0	0	0	0	154.632	81
20	27	0	0	0	0	150.822	82
21	27	0	0	0	0	155.038	83
21	28	0	0	0	0	155.973	84
24	28	0	0	0	0	166.182	85
24	28	0	0	0	0	168.75	86
24	28	0	0	0	0	182.212	87
24	28	0	0	0	0	166.8	88
24	27	0	0	0	0	173.766	89
24	27	0	0	0	0	165.537	90
24	26	0	0	0	0	157.273	91
24	25	0	0	0	0	165.23	92
24	24	0	0	0	0	159.314	93
24	24	0.5	0	1	0	148.115	94
25	24	0.5	0	1	0	153.058	95
25	22	0.5	0	1	0	152.543	96
25	22	0.5	0	1	0	144.215	97
25	22	0.5	0.5	1	1	158.904	98
25	22	1	0.5	2	1	152.62	99
26	22	1	0.5	2	1	138.332	100
26	22	1	0.5	2	1	160.176	101
24	22	1	0.5	2	1	166.233	102
24	23	1	0.5	2	1	161.809	103
24	22	1	0.5	2	1	151.513	104
24	22	1	0.5	2	1	155.797	105
24	22	1	0.5	2	1	153.251	106
24	22	1	0.5	2	1	167.721	107
24	22	1	0.5	2	1	151.149	108
24	21	1	0.5	2	1	152.94	109
25	21	1	0.5	2	1	155.479	110
25	21	1	0.5	2	1	160.944	111
24	20	1	0.5	2	1	148.602	112
24	20	1	0.5	2	1	149.765	113
24	18	1	1	2	2	144.948	114
24	19	1	1	2	2	137.45	115
24	18	1	1	2	2	134.255	116
24	19	1	1	2	2	148.251	117
25	19	1	1	2	2	152.422	118
25	19	1	1	2	2	137.707	119
25	19	1	1	2	2	148.76	120
26	19	1	1	2	2	153.463	121
26	20	1	1	2	2	153.489	122
26	20	1	1	2	2	152.63	123
26	20	1	1	2	2	151.949	124
26	21	1	1	2	2	148.516	125
24	21	1	1	2	2	147.869	126
24	21	1	1	2	2	147.163	127
24	21	1	1	2	2	150.062	128
24	22	1	1	2	2	143.054	129
25	22	1	1	2	2	141.24	130
25	22	1	1	2	2	145.484	131
25	22	1	1	2	2	148.681	132
25	22	1	1	2	2	143.402	133
25	22	1	1	2	2	143.409	134
25	21	1	1	2	2	150.135	135
25	21	1	1	2	2	154.414	136
25	20	1	1	2	2	152.938	137
25	21	1	1	2	2	156.609	138
25	21	1	1	2	2	144.92	139
24	21	0.5	1	1	2	150.981	140
24	20	0.5	1	1	2	143.967	141
24	20	0.5	1	1	2	152.791	142
24	20	0.5	1	1	2	151.933	143
24	20	0.5	1	1	2	148.667	144
24	20	0.5	1	1	2	139.426	145
24	20	0.5	1	1	2	146.299	146
23	19	0.5	1	1	2	137.961	147
24	19	0.5	0.5	1	1	138.47	148
24	18	0.5	0.5	1	1	137.728	149
25	18	0.5	0.5	1	1	128.517	150
27	17	0.5	0	1	0	122.673	151
27	16	0.5	0	1	0	133.119	152
27	16	0.5	0	1	0	130.629	153
27	16	0.5	0	1	0	123.62	154
27	16	0.5	0	1	0	113.787	155
27	16	0.5	0	1	0	117.755	156
27	16	0	0	0	0	139.942	157
28	16	0	0	0	0	137.988	158
29	12	0	0	0	0	133.928	159
29	12	0	0	0	0	133.714	160
29	12	0	0	0	0	135.597	161
30	12	0	0	0	0	144.831	162
30	12	0	0	0	0	139.719	163
30	12	0	0	0	0	141.155	164
30	12	0	0	0	0	149.461	165
30	12	0	0	0	0	137.814	166
30	12	0	0	0	0	145.659	167
30	12	0	0	0	0	143.228	168
30	12	0	0	0	0	142.307	169
30	12	0	0	0	0	143.072	170
30	12	0	0	0	0	146.712	171
30	11	0	0	0	0	146.501	172
30	11	0	0	0	0	144.912	173
30	11	0	0	0	0	141.418	174
30	11	0	0	0	0	149.749	175
30	11	0	0	0	0	152.749	176
31	11	0	0	0	0	143.546	177
31	10	0	0	0	0	139.799	178
31	10	0	0	0	0	136.895	179
30	10	0	0	0	0	144.462	180
30	10	0	0	0	0	132.7	181
30	9	0	0	0	0	133.107	182
30	9	0	0	0	0	133.158	183
29	9	0	0	0	0	129.772	184
29	9	0	0	0	0	132.497	185
30	8	0	0	0	0	138.565	186
30	8	0	0	0	0	134.722	187
31	8	0	0	0	0	133.879	188
31	8	0	0	0	0	123.349	189
30	8	0	0	0	0	131.864	190
30	8	0	0	0	0	138.127	191
30	8	0	0	0	0	120.815	192
30	8	0	0	0	0	126.168	193
30	9	0	0	0	0	134.998	194
29	9	0	0	0	0	134.111	195
29	12	0	0	0	0	133.154	196
29	11	0	0	0	0	142.687	197
28	11	0	0	0	0	141.821	198
28	11	0	0	0	0	127.802	199
27	11	0	0	0	0	134.794	200
27	11	0	0	0	0	101.885	201
27	11	0	0	0	0	101.271	202
27	11	0	0	0	0	104.949	203
27	10	0	0	0	0	105.766	204
23	10	0	0	0	0	95.8708	205
22	10	0	0	0	0	100.521	206
22	10	0	0	0	0	93.9911	207
22	10	0	0	0	0	101.66	208
20	10	0	0	0	0	105.012	209
20	10	0	0	0	0	102.495	210
20	14	0	0	0	0	102.765	211
21	16	0	0	0	0	94.3441	212
21	16	0	0	0	0	117.812	213
21	16	0	0	0	0	121.675	214
21	16	0	0	0	0	123.727	215
21	16	0	0	0	0	112.042	216
21	16	0	0	0	0	128.809	217
21	16	0	0	0	0	120.21	218
21	16	0	0	0	0	133.329	219
21	16	0	0	0	0	130.26	220
21	17	0	0	0	0	136.567	221
21	17	0	0	0	0	133.178	222
21	17	0	0	0	0	135.679	223
21	17	0	0	0	0	136.003	224
21	17	0	0	0	0	131.44	225
22	22	0	0	0	0	139.542	226
23	22	0	0	0	0	157.509	227
23	23	0	0	0	0	158.945	228
23	23	0	0	0	0	170.391	229
23	23	0	0	0	0	150.974	230
23	23	0	0	0	0	157.836	231
23	23	0	0	0	0	168.114	232
24	23	0	0	0	0	128.432	233
24	23	0	0	0	0	138.498	234
20	22	0	0	0	0	150.246	235
20	22	0	0	0	0	139.604	236
20	22	0	0	0	0	152.191	237
20	22	0	0	0	0	136.376	238
20	22	0	0	0	0	146.989	239
20	22	0	0	0	0	145.751	240
20	24	0	0	0	0	134.691	241
20	24	0	0	0	0	146.499	242
20	24	0	0	0	0	153.557	243
21	24	0	0	0	0	145.528	244
20	24	0	0	0	0	148.887	245
20	24	0	0	0	0	144.437	246
20	25	0	0	0	0	151.087	247
20	25	0	0	0	0	148.255	248
21	25	0	0	0	0	139.053	249
21	25	0	0	0	0	152.882	250
21	25	0	0	0	0	146.665	251
21	24	0	0	0	0	138.902	252
21	24	0	0	0	0	142.215	253
21	24	0	0	0	0	165.688	254
21	24	0	0	0	0	163.529	255
21	24	0	0	0	0	155.678	256
21	24	0	0	0	0	160.716	257
21	24	0	0	0	0	160.628	258
21	24	0	0	0	0	153.809	259
23	25	0	0	0	0	155.792	260
23	24	0	0	0	0	154.005	261
23	24	0	0	0	0	163.364	262
23	24	0	0	0	0	158.147	263
23	24	0	0	0	0	164.23	264
24	24	0	0	0	0	161.694	265
24	24	0	0	0	0	159.424	266
23	23	0	0	0	0	154.184	267
23	23	0	0	0	0	154.803	268
23	23	0	0	0	0	169.07	269
24	23	0	0	0	0	166.545	270
25	23	0	0	0	0	164.03	271
27	23	0	0	0	0	169.813	272
27	23	0	0	0	0	169.097	273
27	22	0	0	0	0	169.99	274
27	23	0	0	0	0	170.338	275
27	24	0	0	0	0	166.014	276
27	24	0	0	0	0	177.476	277
27	24	0	0	0	0	169.829	278
27	24	0	0	0	0	165.141	279
25	24	0	0	0	0	170.945	280
25	29	0	0	0	0	167.226	281
25	29	0	0	0	0	161.463	282
25	29	0	0	0	0	201.457	283
25	29	0	0	0	0	177.514	284
24	29	0	0	0	0	178.432	285
24	28	0	0	0	0	152.181	286
24	28	0	0	0	0	174.673	287
24	27	0	0	0	0	151.703	288
24	27	0	0	0	0	174.751	289
22	27	0	0	0	0	161.685	290
22	27	0	0	0	0	153.754	291
22	28	0	0	0	0	175.849	292
21	28	0	0	0	0	162.592	293
21	28	0	0	0	0	166.848	294
21	28	0	0	0	0	175.031	295
21	28	0	0	0	0	168.598	296
21	28	0	0	0	0	177.349	297
22	28	0	0	0	0	180.376	298
22	28	0	0	0	0	160.642	299
22	28	0	0	0	0	158.523	300
19	28	0	0	0	0	156.918	301
19	28	0	0	0	0	165.049	302
20	28	0	0	0	0	166.57	303
20	28	0	0	0	0	170.75	304
20	28	0	0	0	0	161.043	305
20	29	0	0	0	0	179.081	306
20	29	0	0	0	0	172.238	307
20	29	0	0	0	0	161.295	308
18	29	0	0	0	0	165.995	309
18	29	0	0	0	0	167.778	310
18	29	0	0	0	0	159.719	311
18	29	0	0	0	0	168.115	312
18	30	0	0	0	0	164.744	313
19	30	0	0	0	0	157.44	314
19	29	0	0	0	0	168.022	315
19	29	0	0	0	0	176.311	316
19	29	0	0	0	0	165.731	317
19	30	0	0	0	0	176.118	318
19	30	0	0	0	0	178.236	319
20	30	0	0	0	0	177.497	320
20	30	0	0	0	0	169.56	321
20	30	0	0	0	0	173.841	322
20	30	0	0	0	0	178.041	323
20	30	0	0	0	0	179.17	324
21	30	0	0	0	0	180.481	325
21	30	0	0	0	0	163.205	326
16	30	0	0	0	0	158.968	327
16	29	0	0	0	0	161.081	328
17	29	0	0	0	0	155.801	329
18	29	0	0	0	0	159.428	330
18	29	0	0	0	0	152.896	331
19	29	0	0	0	0	166.392	332
19	32	0	0	0	0	159.314	333
19	32	0	0	0	0	177.277	334
19	32	0	0	0	0	176.796	335
20	32	0	0	0	0	179.552	336
20	32	0	0	0	0	181.762	337
20	32	0	0	0	0	179.343	338
20	32	0	0	0	0	183.01	339
20	31	0	0	0	0	179.199	340
20	31	0	0	0	0	175.804	341
20	31	0	0	0	0	174.262	342
21	31	0	0	0	0	168.321	343
23	32	0	0	0	0	170.729	344
23	32	0	0	0	0	169.839	345
23	30	0	0	0	0	185.934	346
23	30	0	0	0	0	194.332	347
23	30	0	0	0	0	181.202	348
24	30	0	0	0	0	188.447	349
24	30	0	0	0	0	183.819	350
24	31	0	0	0	0	186.493	351
24	33	0	0	0	0	192.274	352
24	32	0	0	0	0	185.454	353
24	31	0	0	0	0	196.296	354
24	31	0	0	0	0	185.889	355
24	32	0	0	0	0	186.731	356
24	32	0	0	0	0	195.696	357
24	32	0	0	0	0	195.193	358
25	32	0	0	0	0	194.09	359
25	32	0	0	0	0	203.878	360
24	32	0	0	0	0	180.028	361
24	29	0	0	0	0	186.451	362
23	29	0	0	0	0	189.138	363
24	29	0	0	0	0	186.711	364
24	29	0	0	0	0	183.608	365
25	29	0	0	0	0	183.513	366
25	29	0	0	0	0	180.911	367
25	29	0	0	0	0	191.817	368
25	29	0	0	0	0	177.878	369
25	29	0	0	0	0	190.929	370
24	29	0	0	0	0	175.006	371
24	29	0	0	0	0	182.41	372
24	29	0	0	0	0	183.536	373
24	29	0	0	0	0	173.237	374
25	30	0	0	0	0	163.363	375
26	27	0	0	0	0	185.228	376
26	27	0	0	0	0	179.293	377
26	26	0	0	0	0	188.307	378
26	26	0	0	0	0	172.926	379
26	26	0	0	0	0	179.256	380
26	26	0	0	0	0	179.464	381
27	25	0	0	0	0	172.58	382
27	25	0	0	0	0	162.497	383
27	24	0	0	0	0	172.551	384
27	25	0	0	0	0	181.594	385
27	25	0	0	0	0	158.877	386
27	25	0	0	0	0	164	387
28	24	0	0	0	0	183.595	388
28	24	0	0	0	0	176.056	389
29	24	0	0	0	0	177.638	390
29	23	0	0	0	0	173.406	391
27	23	0	0	0	0	171.527	392
27	22	0	0	0	0	151.412	393
25	22	0	0	0	0	151.189	394
25	21	0	0	0	0	148.186	395
25	21	0	0	0	0	156.532	396
25	20	0	0	0	0	153.826	397
25	20	0	0	0	0	135.672	398
23	20	0	0	0	0	156.408	399
23	20	0	0	0	0	161.474	400
23	21	0	0	0	0	147.195	401
23	20	0	0	0	0	151.593	402
23	20	0	0	0	0	150.15	403
24	20	0	0	0	0	158.971	404
23	20	0	0	0	0	154.855	405
23	20	0	0	0	0	152.559	406
23	20	0	0	0	0	151.661	407
23	20	0	0	0	0	148.444	408
23	19	0	0	0	0	146.977	409
22	19	0	0	0	0	130.342	410
22	19	0	0	0	0	129.22	411
22	18	0	0	0	0	138.779	412
22	17	0	0	0	0	135.684	413
22	17	0	0	0	0	139.813	414
22	17	0	0	0	0	146.132	415
22	17	0	0	0	0	137.058	416
22	17	0	0	0	0	133.573	417
22	17	0	0	0	0	137.59	418
22	17	0	0	0	0	133.772	419
20	17	0	0	0	0	125.987	420
20	17	0	0	0	0	118.119	421
19	16	0	0	0	0	101.545	422
19	15	0	0	0	0	103.03	423
20	15	0	0	0	0	125.91	424
20	15	0	0	0	0	119.454	425
20	15	0	0	0	0	122.86	426
20	15	0	0	0	0	126.835	427
20	15	0	0	0	0	131.028	428
20	15	0	0	0	0	113.734	429
20	14	0	0	0	0	119.454	430
20	13	0	0	0	0	123.015	431
20	13	0	0	0	0	103.076	432
20	13	0	0	0	0	110.88	433
20	13	0	0	0	0	113.626	434
19	13	0	0	0	0	110.306	435
19	12	0	0	0	0	105.897	436
19	12	0	0	0	0	104.921	437
19	12	0	0	0	0	110.421	438
19	12	0	0	0	0	110.03	439
19	12	0	0	0	0	111.61	440
18	12	0	0	0	0	95.6479	441
18	12	0.333333	0	1	0	100.812	442
18	12	0.333333	0	1	0	88.346	443
18	11	0.333333	0	1	0	85.821	444
18	11	0.333333	0	1	0	85.0951	445
18	11	0.333333	0	1	0	76.9964	446
14	11	0.333333	0	1	0	78.4307	447
13	10	0.333333	0	1	0	79.5598	448
13	10	0.333333	0	1	0	76.3338	449
13	10	0.333333	0	1	0	78.0659	450
13	10	0.333333	0	1	0	78.4741	451
13	10	0.333333	0	1	0	80.925	452
13	10	0.666667	0	2	0	76.6683	453
13	10	0.666667	0	2	0	79.1267	454
13	10	0.666667	0	2	0	75.8059	455
13	10	0.666667	0	2	0	83.442	456
13	10	0.666667	0	2	0	76.9197	457
13	10	0.666667	0	2	0	64.3419	458
13	10	0.666667	0	2	0	83.5071	459
13	10	0.666667	0	2	0	83.3088	460
13	10	0.666667	0	2	0	80.2039	461
13	10	0.666667	0	2	0	64.1986	462
13	9	0.666667	0	2	0	59.3902	463
13	9	0.666667	0	2	0	64.0001	464
13	9	0.666667	0	2	0	61.9664	465
13	9	0.666667	0	2	0	65.0557	466
12	9	0.666667	0	2	0	57.4738	467
11	8	0.666667	0	2	0	60.5285	468
10	8	0.666667	0	2	0	54.1789	469
10	8	0.666667	0	2	0	58.4451	470
10	8	0.666667	0	2	0	62.1359	471
10	8	0.666667	0	2	0	62.0032	472
10	8	0.666667	0	2	0	50.5198	473
10	7	0.666667	0	2	0	41.082	474
9	6	0.666667	0	2	0	52.2304	475
9	6	0.666667	0	2	0	46.2686	476
9	5	0.666667	0	2	0	46.9683	477
9	5	0.666667	0	2	0	48.5761	478
9	5	0.666667	0	2	0	43.597	479
9	5	0.666667	0	2	0	36.1892	480
8	5	0.666667	0	2	0	37.5592	481
8	5	0.666667	0	2	0	42.233	482
8	5	0.666667	0	2	0	42.7472	483
8	5	0.666667	0	2	0	41.1949	484
8	5	0.666667	0	2	0	33.4335	485
8	5	0.666667	0	2	0	29.1843	486
7	4	0.666667	0	2	0	34.9046	487
7	4	0.666667	0	2	0	35.4439	488
7	4	0.666667	0	2	0	31.8971	489
7	4	0.666667	0	2	0	35.4274	490
7	4	0.666667	0	2	0	33.9669	491
7	4	0.666667	0	2	0	34.8689	492
7	4	0.666667	0	2	0	20.8293	493
6	3	0.666667	0	2	0	27.574	494
6	3	0.666667	0	2	0	26.8966	495
6	3	0.666667	0	2	0	15.9708	496
6	3	0.666667	0	2	0	13.4439	497
6	3	0.666667	0	2	0	15.9708	498
3	3	0.333333	0	1	0	16.2002	499
3	3	0.333333	0	1	0	14.6005	500
3	3	0	0	0	0	16.233	501
3	3	0	0	0	0	16.3691	502
3	3	0	0	0	0	14.6005	503
3	3	0	0	0	0	11.5926	504
3	3	0	0	0	0	11.3568	505
3	2	0	0	0	0	10.73	506
3	2	0	0	0	0	8.81084	507
3	2	0	0	0	0	5.1507	508
2	2	0	0	0	0	3.30309	509
1	2	0	0	0	0	-0.569629	510
1	2	0	0	0	0	-1.16917	511
0	2	0	0	0	0	-2.02978	512
0	2	0	0	0	0	nan	513
0	2	0	0	0	0	nan	514
