unique_top_cov	unique_bot_cov	redundant_top_cov	redundant_bot_cov	raw_redundant_top_cov	raw_redundant_bot_cov	e_value	position
13	10	0.111111	0.111111	1	1	nan	1
14	10	0.111111	0.111111	1	1	nan	2
14	11	0.111111	0.111111	1	1	77.4231	3
15	11	0.20202	0.111111	2	1	85.5561	4
15	11	0.368687	0.194444	4	2	85.7107	5
16	11	0.368687	0.277778	4	3	86.6963	6
17	11	0.45202	0.277778	5	3	82.6867	7
17	11	0.618687	0.361111	7	4	92.231	8
17	11	0.785354	0.444444	9	5	95.5182	9
17	13	0.785354	0.527778	9	6	87.201	10
19	13	0.868687	0.861111	10	10	97.3022	11
21	13	0.95202	0.861111	11	10	109.524	12
22	13	0.95202	0.861111	11	10	112.141	13
22	14	1.20202	0.944444	14	11	107.637	14
23	14	1.28535	0.944444	15	11	117.687	15
23	17	1.28535	1.27778	15	15	127.229	16
24	17	1.28535	1.27778	15	15	141.453	17
24	17	1.45202	1.27778	17	15	139.906	18
25	17	1.61869	1.27778	19	15	146.354	19
25	17	1.61869	1.36111	19	16	143.634	20
25	17	1.61869	1.36111	19	16	140.307	21
28	19	1.70202	1.52778	20	18	132.904	22
28	19	1.70202	1.52778	20	18	161.391	23
29	19	1.78535	2.02778	21	22	160.686	24
30	19	1.78535	2.02778	21	22	162.49	25
30	20	1.78535	2.61111	21	24	168.314	26
30	20	1.78535	2.69444	21	25	171.729	27
32	20	1.78535	2.77778	21	26	183.304	28
32	20	1.78535	2.77778	21	26	179.616	29
34	20	1.78535	2.86111	21	27	186.952	30
34	20	2.03535	2.86111	22	27	176.437	31
34	26	2.03535	3.44444	22	32	198.32	32
36	26	2.11869	3.44444	23	32	185.52	33
37	28	2.11869	4.11111	23	35	225.14	34
37	28	2.11869	4.11111	23	35	206.045	35
37	28	2.11869	4.11111	23	35	212.033	36
39	28	2.28535	4.11111	25	35	226.709	37
40	28	2.28535	4.11111	25	35	240.016	38
41	29	2.28535	4.11111	25	35	216.863	39
43	30	2.28535	4.11111	25	35	244.768	40
43	30	2.20202	4.11111	24	35	261.008	41
43	30	2.20202	4.11111	24	35	266.549	42
43	30	2.20202	4.11111	24	35	264.83	43
43	30	2.20202	4.11111	24	35	262.506	44
43	30	2.20202	4.11111	24	35	256.56	45
43	31	2.20202	4.02778	24	34	267.188	46
44	31	2.20202	4.02778	24	34	255.809	47
44	31	2.20202	3.94444	24	33	261.147	48
44	32	2.20202	3.94444	24	33	284.39	49
44	32	2.11869	3.94444	23	33	279.658	50
44	33	2.11869	3.94444	23	33	276.09	51
44	33	2.11869	3.86111	23	32	261.847	52
44	41	2.02778	3.86111	22	32	274.717	53
44	41	1.94444	3.86111	21	32	275.117	54
44	41	1.94444	3.86111	21	32	274.571	55
45	41	1.86111	3.86111	20	32	268.019	56
45	41	1.86111	3.77778	20	31	277.539	57
46	41	1.77778	3.61111	19	29	307.654	58
54	41	1.69444	3.52778	18	28	307.198	59
54	42	1.69444	3.52778	18	28	296.038	60
54	42	1.69444	3.44444	18	27	365.693	61
54	42	1.27778	3.44444	13	27	345.599	62
54	42	1.27778	3.44444	13	27	348.725	63
54	42	1.27778	3.44444	13	27	339.068	64
54	42	1.27778	3.44444	13	27	363.057	65
54	43	1.27778	3.36111	13	26	361.933	66
54	43	1.19444	3.11111	12	23	341.312	67
58	43	1.19444	3.11111	12	23	333.193	68
60	43	1.19444	3.02778	12	22	378.417	69
60	43	1.11111	2.86111	11	20	366.294	70
60	44	1.02778	2.86111	10	20	394.17	71
60	44	0.75	2.52778	7	16	350.383	72
61	45	0.583333	2.16667	5	12	349.975	73
61	47	0.5	2.08333	4	11	392.074	74
63	47	0.25	1.66667	1	6	379.525	75
64	48	0.25	1.5	1	4	388.671	76
65	48	0	1	0	2	383.552	77
65	48	0	0	0	0	404.967	78
65	48	0	0	0	0	390.856	79
63	48	0	0	0	0	395.822	80
66	48	0	0	0	0	387.579	81
67	48	0	0	0	0	406.076	82
67	48	0	0	0	0	418.695	83
66	49	0	0	0	0	419.619	84
66	50	0	0	0	0	419.821	85
67	52	0	0	0	0	417.33	86
67	52	0	0	0	0	421.313	87
68	51	0	0	0	0	417.114	88
69	51	0	0	0	0	441.195	89
69	51	0	0	0	0	439.291	90
67	52	0	0	0	0	421.787	91
68	52	0	0	0	0	411.016	92
70	52	0	0	0	0	439.482	93
70	53	0	0	0	0	460.932	94
69	53	0	0	0	0	440.458	95
70	53	0	0	0	0	463.14	96
69	53	0	0	0	0	408.999	97
70	53	0	0	0	0	423.982	98
72	55	0	0	0	0	456.518	99
73	56	0	0	0	0	431.85	100
75	58	0	0	0	0	446.895	101
75	58	0	0	0	0	488.43	102
76	58	0	0	0	0	476.425	103
76	58	0	0	0	0	471.937	104
75	56	0	0	0	0	432.339	105
75	56	0	0	0	0	421.157	106
76	57	0	0	0	0	496.226	107
76	56	0	0	0	0	477.343	108
75	54	0	0	0	0	487.342	109
75	54	0	0	0	0	487.93	110
75	54	0	0	0	0	438.899	111
75	56	0	0	0	0	450.428	112
76	55	0	0	0	0	459.624	113
77	57	0	0	0	0	481.853	114
78	58	0	0	0	0	483.267	115
78	58	0	0	0	0	475.669	116
78	58	0	0	0	0	471.431	117
79	58	0	0	0	0	466.127	118
79	59	0	0	0	0	475.318	119
79	60	0	0	0	0	468.862	120
79	59	0	0	0	0	489.065	121
75	59	0	0	0	0	493.587	122
74	61	0	0	0	0	480.584	123
74	62	0	0	0	0	488.621	124
74	63	0	0	0	0	482.922	125
75	63	0	0	0	0	522.381	126
75	63	0	0	0	0	467.944	127
76	74	0	0	0	0	490.921	128
76	73	0	0	0	0	482.372	129
76	73	0	0	0	0	455.353	130
76	74	0	0	0	0	490.251	131
75	74	0	0	0	0	521.573	132
75	74	0	0	0	0	509.093	133
75	74	0	0	0	0	475.269	134
75	75	0	0	0	0	495.346	135
76	74	0	0	0	0	469.676	136
65	72	0	0	0	0	479.22	137
66	79	0	0	0	0	493.127	138
65	82	0	0	0	0	448.539	139
66	81	0	0	0	0	492.473	140
62	80	0	0	0	0	490.881	141
62	80	0	0	0	0	487.378	142
59	80	0	0	0	0	490.722	143
60	81	0	0	0	0	524.818	144
58	81	0	0	0	0	513.699	145
58	81	0	0	0	0	502.49	146
57	81	0	0	0	0	468.615	147
56	78	0	0	0	0	485.25	148
56	80	0	0	0	0	477.5	149
56	79	0	0	0	0	477.603	150
56	79	0	0	0	0	483.884	151
55	79	0	0	0	0	510.973	152
55	79	0	0	0	0	499.05	153
55	79	0	0	0	0	461.664	154
55	79	0	0	0	0	467.657	155
57	79	0	0	0	0	476.687	156
59	78	0	0	0	0	500.467	157
59	78	0	0	0	0	498.762	158
59	78	0	0	0	0	518.512	159
60	77	0	0	0	0	499.516	160
60	76	0	0	0	0	489.142	161
60	76	0	0	0	0	502.369	162
60	75	0	0	0	0	496.84	163
60	75	0	0	0	0	476.555	164
61	75	0	0	0	0	486.516	165
60	72	0	0	0	0	467.522	166
60	72	0	0	0	0	482.415	167
60	72	0	0	0	0	488.951	168
59	72	0	0	0	0	465.253	169
59	72	0	0	0	0	474.208	170
59	71	0	0	0	0	475.716	171
59	69	0	0	0	0	450.383	172
62	68	0	0	0	0	445.136	173
62	73	0	0	0	0	482.964	174
62	73	0	0	0	0	477.812	175
67	72	0	0	0	0	478.09	176
67	72	0	0	0	0	457.876	177
68	72	0	0	0	0	460.246	178
68	72	0	0	0	0	475.839	179
68	71	0	0	0	0	499.543	180
68	74	0	0	0	0	504.22	181
69	68	0	0	0	0	427.937	182
70	68	0	0	0	0	504.295	183
70	67	0	0	0	0	521.696	184
70	67	0	0	0	0	474.866	185
69	67	0	0	0	0	494.705	186
71	67	0	0	0	0	437.062	187
73	66	0	0	0	0	483.942	188
73	65	0	0	0	0	499.776	189
70	65	0	0	0	0	486.687	190
72	64	0	0	0	0	427.084	191
73	62	0	0	0	0	450.543	192
78	61	0	0	0	0	455.305	193
80	61	0	0	0	0	466.185	194
80	60	0	0	0	0	501.083	195
82	60	0	0	0	0	471.201	196
82	60	0	0	0	0	517.64	197
82	60	0	0	0	0	501.164	198
81	61	0	0	0	0	498.689	199
83	72	0	0	0	0	508.233	200
83	72	0	0	0	0	527.003	201
83	72	0	0	0	0	539.651	202
86	67	0	0	0	0	545.117	203
86	66	0	0	0	0	539.162	204
86	67	0	0	0	0	530.833	205
88	68	0	0	0	0	552.106	206
89	67	0	0	0	0	534.415	207
89	67	0	0	0	0	490.198	208
71	66	0	0	0	0	472.726	209
70	66	0	0	0	0	470.361	210
71	64	0	0	0	0	497.093	211
71	64	0	0	0	0	476.671	212
72	63	0	0	0	0	469.914	213
70	63	0	0	0	0	469.78	214
69	64	0	0	0	0	491.622	215
69	63	0	0	0	0	402.765	216
70	63	0	0	0	0	438.381	217
70	63	0	0	0	0	459.853	218
69	62	0	0	0	0	460.415	219
69	62	0	0	0	0	459.063	220
69	62	0	0	0	0	469.97	221
71	62	0	0	0	0	482.299	222
72	61	0	0	0	0	478.647	223
69	61	0	0	0	0	478.607	224
68	61	0	0	0	0	467.689	225
68	61	0	0	0	0	472	226
68	61	0	0	0	0	404.589	227
69	61	0	0	0	0	449.563	228
71	61	0	0	0	0	463.988	229
70	60	0	0	0	0	466.967	230
71	60	0	0	0	0	458.239	231
76	60	0	0	0	0	476.81	232
76	59	0	0	0	0	492.284	233
76	59	0	0	0	0	452.578	234
73	58	0	0	0	0	452.151	235
73	59	0	0	0	0	456.95	236
73	58	0	0	0	0	480.489	237
74	60	0	0	0	0	482.488	238
74	60	0	0	0	0	451.492	239
75	60	0	0	0	0	405.622	240
76	59	0	0	0	0	410.57	241
78	59	0	0	0	0	453.901	242
78	58	0	0	0	0	420.289	243
80	60	0	0	0	0	419.112	244
80	60	0	0	0	0	433.485	245
80	59	0	0	0	0	437.322	246
80	56	0	0	0	0	429.623	247
79	56	0	0	0	0	450.798	248
79	52	0	0	0	0	477.29	249
81	52	0	0	0	0	421.182	250
81	52	0	0	0	0	469.184	251
80	50	0	0	0	0	471.447	252
80	50	0	0	0	0	458.958	253
80	52	0	0	0	0	474.158	254
80	51	0	0	0	0	444.129	255
80	51	0	0	0	0	444.521	256
80	50	0	0	0	0	458.078	257
80	49	0	0	0	0	465.695	258
80	49	0	0	0	0	462.391	259
78	48	0	0	0	0	458.116	260
78	48	0	0	0	0	466.37	261
79	47	0	0	0	0	434.184	262
76	48	0	0	0	0	433.601	263
76	46	0	0	0	0	455.932	264
76	46	0	0	0	0	432.15	265
77	46	0	0	0	0	440.897	266
77	46	0	0	0	0	455.266	267
78	46	0	0	0	0	436.87	268
78	46	0	0	0	0	403.431	269
79	46	0	0	0	0	443.895	270
79	46	0	0	0	0	438.7	271
81	47	0	0	0	0	433.765	272
82	47	0	0	0	0	454.358	273
82	47	0	0	0	0	481.554	274
82	45	0	0	0	0	446.283	275
82	45	0	0	0	0	463.095	276
82	45	0	0	0	0	419.397	277
84	42	0	0	0	0	423.015	278
86	41	0	0	0	0	449.057	279
86	40	0	0	0	0	461.489	280
86	39	0	0	0	0	461.048	281
86	44	0	0	0	0	456.877	282
86	43	0	0	0	0	455.328	283
86	43	0	0	0	0	443.831	284
86	43	0	0	0	0	429.455	285
87	43	0	0	0	0	451.957	286
83	43	0	0	0	0	450.844	287
84	40	0	0	0	0	446.619	288
83	39	0	0	0	0	422.159	289
84	39	0	0	0	0	422.474	290
76	39	0	0	0	0	407.9	291
76	40	0	0	0	0	438.847	292
80	40	0	0	0	0	439.333	293
80	40	0	0	0	0	437.297	294
80	43	0	0	0	0	444.74	295
80	44	0	0	0	0	424.895	296
79	45	0	0	0	0	429.59	297
79	51	0	0	0	0	438.906	298
79	51	0	0	0	0	450.829	299
79	53	0	0	0	0	470.824	300
77	51	0	0	0	0	466.3	301
77	51	0	0	0	0	461.766	302
78	51	0	0	0	0	471.918	303
77	51	0	0	0	0	440.072	304
76	51	0	0	0	0	431.923	305
75	51	0	0	0	0	459.574	306
70	51	0	0	0	0	397.457	307
70	51	0	0	0	0	451.932	308
70	51	0	0	0	0	461.002	309
71	51	0	0	0	0	444.252	310
71	52	0	0	0	0	455.601	311
72	52	0	0	0	0	467.984	312
72	52	0	0	0	0	459.404	313
72	51	0	0	0	0	401.529	314
72	51	0	0	0	0	463.707	315
72	50	0	0	0	0	434.739	316
72	49	0	0	0	0	442.576	317
71	49	0	0	0	0	430.353	318
71	53	0	0	0	0	414.319	319
71	52	0	0	0	0	431.31	320
71	52	0	0	0	0	414.82	321
72	52	0	0	0	0	416.492	322
71	52	0	0	0	0	417.554	323
71	52	0	0	0	0	419.836	324
71	51	0	0	0	0	429.071	325
61	51	0	0	0	0	410.845	326
61	51	0	0	0	0	409.663	327
57	51	0	0	0	0	400.895	328
57	60	0	0	0	0	398.546	329
56	60	0	0	0	0	417.773	330
57	61	0	0	0	0	410.929	331
58	63	0	0	0	0	406.004	332
55	62	0	0	0	0	421.297	333
55	64	0	0	0	0	430.161	334
55	63	0	0	0	0	426.079	335
55	63	0	0	0	0	402.657	336
55	61	0	0	0	0	368.628	337
47	58	0	0	0	0	374.553	338
47	57	0	0	0	0	382.956	339
48	57	0	0	0	0	369	340
46	56	0	0	0	0	358.123	341
46	55	0	0	0	0	342.618	342
35	54	0	0	0	0	283.608	343
35	55	0	0	0	0	334.087	344
35	55	0	0	0	0	304.84	345
34	55	0	0	0	0	311.318	346
34	55	0	0	0	0	341.888	347
34	55	0	0	0	0	328.408	348
34	55	0	0	0	0	283.507	349
35	53	0	0	0	0	304.6	350
35	53	0	0	0	0	313.229	351
35	54	0	0	0	0	327.207	352
35	53	0	0	0	0	311.418	353
35	53	0	0	0	0	306.248	354
36	53	0	0	0	0	305.087	355
36	52	0	0	0	0	305.372	356
35	51	0	0	0	0	308.83	357
37	53	0	0	0	0	292.647	358
38	54	0	0	0	0	344.318	359
38	54	0	0	0	0	316.611	360
38	54	0	0	0	0	313.019	361
38	53	0	0	0	0	314.793	362
38	62	0	0	0	0	313.145	363
38	63	0	0	0	0	340.649	364
38	64	0	0	0	0	383.141	365
38	64	0	0	0	0	368.117	366
38	64	0	0	0	0	352.225	367
37	64	0	0	0	0	353.876	368
38	62	0	0	0	0	374.552	369
38	62	0	0	0	0	367.473	370
38	63	0	0	0	0	348.943	371
36	64	0	0	0	0	358.096	372
36	64	0	0	0	0	375.247	373
37	65	0	0	0	0	326.897	374
39	65	0	0	0	0	336.091	375
39	65	0	0	0	0	392.677	376
39	65	0	0	0	0	361.868	377
40	64	0	0	0	0	359.793	378
40	62	0	0	0	0	359.195	379
41	62	0	0	0	0	367.105	380
41	62	0	0	0	0	354.856	381
39	62	0	0	0	0	360.68	382
41	68	0	0	0	0	370.953	383
40	67	0	0	0	0	405.017	384
40	67	0	0	0	0	376.955	385
40	67	0	0	0	0	380.486	386
40	67	0	0	0	0	407.525	387
41	68	0	0	0	0	340.123	388
41	66	0	0	0	0	346.261	389
41	64	0	0	0	0	345.684	390
41	64	0	0	0	0	360.894	391
37	63	0	0	0	0	326.488	392
37	66	0	0	0	0	370.25	393
36	67	0	0	0	0	387.683	394
37	68	0	0	0	0	381.111	395
36	70	0	0	0	0	355.303	396
36	69	0	0	0	0	378.67	397
36	70	0	0	0	0	400.573	398
37	70	0	0	0	0	359.785	399
37	69	0	0	0	0	354.871	400
37	69	0	0	0	0	365.065	401
37	68	0	0	0	0	368.291	402
37	67	0	0	0	0	369.882	403
36	65	0	0	0	0	389.883	404
36	65	0	0	0	0	364.136	405
36	67	0	0	0	0	388.169	406
36	70	0	0	0	0	341.191	407
37	71	0	0	0	0	400.345	408
37	73	0	0	0	0	389.262	409
36	74	0	0	0	0	367.692	410
38	74	0	0	0	0	411.14	411
38	74	0	0	0	0	403.134	412
38	74	0	0	0	0	417.356	413
39	73	0	0	0	0	395.06	414
40	71	0	0	0	0	407.667	415
40	70	0	0	0	0	381.568	416
41	70	0	0	0	0	403.938	417
38	69	0	0	0	0	340.08	418
38	68	0	0	0	0	402.124	419
40	68	0	0	0	0	398.044	420
42	68	0	0	0	0	392.865	421
43	68	0	0	0	0	364.264	422
43	67	0	0	0	0	390.757	423
43	64	0	0	0	0	361.543	424
43	64	0	0	0	0	372.187	425
43	66	0	0	0	0	393.933	426
43	65	0	0	0	0	349.818	427
46	65	0	0	0	0	404.319	428
45	65	0	0	0	0	407.636	429
45	66	0	0	0	0	400.519	430
46	64	0	0	0	0	346.029	431
46	64	0	0	0	0	408.462	432
45	64	0	0	0	0	371.247	433
46	71	0	0	0	0	408.099	434
46	70	0	0	0	0	397.867	435
46	69	0	0	0	0	366.243	436
46	69	0	0	0	0	368.121	437
43	66	0	0	0	0	353.983	438
43	68	0	0	0	0	346.957	439
44	68	0	0	0	0	385.933	440
43	68	0	0	0	0	355.685	441
44	68	0	0	0	0	352.597	442
36	68	0	0	0	0	355.457	443
36	68	0	0	0	0	345.482	444
36	70	0	0	0	0	347.86	445
36	71	0	0	0	0	392.6	446
38	71	0	0	0	0	390.227	447
38	66	0	0	0	0	369.284	448
37	66	0	0	0	0	358.92	449
38	66	0	0	0	0	382.767	450
38	66	0	0	0	0	345.612	451
39	65	0	0	0	0	392.474	452
39	65	0	0	0	0	391.026	453
38	66	0	0	0	0	371.249	454
38	66	0	0	0	0	400.139	455
38	66	0	0	0	0	358.156	456
38	66	0	0	0	0	351.559	457
39	65	0	0	0	0	344.711	458
38	65	0	0	0	0	393.132	459
40	65	0	0	0	0	383.659	460
41	65	0	0	0	0	376.775	461
41	64	0	0	0	0	372.11	462
41	64	0	0	0	0	380.574	463
41	64	0	0	0	0	378.417	464
41	64	0	0	0	0	380.16	465
41	63	0	0	0	0	366.313	466
41	63	0	0	0	0	367.219	467
41	63	0	0	0	0	377.529	468
41	60	0	0	0	0	329.743	469
40	60	0	0	0	0	360.734	470
40	59	0	0	0	0	319.69	471
41	59	0	0	0	0	348.544	472
42	58	0	0	0	0	381.8	473
42	58	0	0	0	0	352.089	474
42	58	0	0	0	0	294.558	475
46	57	0	0	0	0	367.074	476
48	57	0	0	0	0	375.187	477
48	57	0	0	0	0	380.178	478
48	55	0	0	0	0	361.701	479
49	54	0	0	0	0	343.865	480
49	52	0	0	0	0	352.948	481
49	50	0	0	0	0	347.42	482
51	49	0	0	0	0	374.622	483
51	48	0	0	0	0	348.679	484
50	49	0	0	0	0	347.501	485
50	49	0	0	0	0	317.185	486
51	49	0	0	0	0	347.241	487
51	50	0	0	0	0	379.996	488
51	50	0	0	0	0	379.633	489
51	48	0	0	0	0	351.859	490
53	47	0	0	0	0	348.451	491
54	48	0	0	0	0	342.621	492
57	48	0	0	0	0	379.788	493
59	47	0	0	0	0	387.332	494
59	48	0	0	0	0	338.201	495
59	47	0	0	0	0	373.603	496
59	47	0	0	0	0	385.919	497
58	47	0	0	0	0	284.805	498
59	47	0	0	0	0	371.55	499
60	47	0	0	0	0	362.476	500
61	47	0	0	0	0	392.013	501
61	47	0	0	0	0	381.01	502
61	47	0	0	0	0	399.097	503
62	47	0	0	0	0	318.782	504
62	49	0	0	0	0	389.552	505
64	49	0	0	0	0	399.79	506
66	49	0	0	0	0	415.006	507
67	48	0	0	0	0	402.802	508
67	48	0	0	0	0	401.627	509
67	48	0	0	0	0	364.887	510
66	47	0	0	0	0	399.703	511
65	46	0	0	0	0	401.637	512
65	45	0	0	0	0	394.361	513
63	45	0	0	0	0	381.821	514
63	52	0	0	0	0	400.653	515
65	52	0	0	0	0	428.087	516
67	52	0	0	0	0	420.034	517
68	51	0	0	0	0	418.897	518
68	52	0	0	0	0	405.305	519
68	52	0	0	0	0	443.411	520
68	51	0	0	0	0	408.662	521
69	52	0	0	0	0	435.676	522
68	53	0	0	0	0	431.094	523
62	57	0	0	0	0	368.162	524
65	57	0	0	0	0	419.694	525
65	58	0	0	0	0	427.102	526
65	58	0	0	0	0	448.802	527
66	57	0	0	0	0	428.484	528
66	59	0	0	0	0	406.321	529
66	58	0	0	0	0	435.068	530
66	58	0	0	0	0	463.082	531
66	60	0	0	0	0	452.458	532
66	56	0	0	0	0	440.381	533
67	56	0	0	0	0	414.412	534
67	57	0	0	0	0	461.034	535
68	57	0	0	0	0	449.165	536
69	56	0	0	0	0	463.185	537
68	56	0	0	0	0	458.692	538
68	57	0	0	0	0	422.9	539
69	56	0	0	0	0	460.652	540
72	56	0	0	0	0	434.989	541
72	56	0	0	0	0	459.407	542
71	55	0	0	0	0	481.718	543
71	55	0	0	0	0	445.791	544
69	55	0	0	0	0	430.849	545
68	55	0	0	0	0	435.812	546
68	55	0	0	0	0	458.607	547
68	55	0	0	0	0	434.333	548
69	55	0	0	0	0	449.574	549
67	55	0	0	0	0	416.264	550
67	57	0	0	0	0	430.429	551
67	63	0	0	0	0	445.045	552
67	63	0	0	0	0	447.151	553
68	63	0	0	0	0	417.113	554
69	64	0	0	0	0	486.807	555
71	62	0	0	0	0	472.831	556
71	63	0	0	0	0	479.655	557
71	63	0	0	0	0	487.372	558
71	60	0	0	0	0	416.345	559
70	59	0	0	0	0	406.577	560
56	61	0	0	0	0	403.498	561
57	64	0	0	0	0	442.522	562
58	64	0	0	0	0	462.217	563
59	64	0	0	0	0	409.783	564
60	64	0	0	0	0	436.343	565
59	63	0	0	0	0	440.849	566
59	63	0	0	0	0	463.344	567
59	63	0	0	0	0	434.361	568
58	63	0	0	0	0	422.092	569
52	64	0	0	0	0	427.006	570
52	66	0	0	0	0	434.383	571
50	66	0	0	0	0	385.7	572
49	66	0	0	0	0	393.588	573
50	67	0	0	0	0	398.539	574
51	67	0	0	0	0	396.437	575
52	64	0	0	0	0	435.338	576
52	64	0	0	0	0	425.737	577
51	64	0	0	0	0	386.854	578
51	63	0	0	0	0	370.661	579
48	63	0	0	0	0	413.51	580
48	64	0	0	0	0	411.857	581
50	64	0	0	0	0	385.55	582
50	64	0	0	0	0	390.334	583
50	62	0	0	0	0	393.037	584
51	62	0	0	0	0	407.1	585
51	61	0	0	0	0	399.831	586
51	61	0	0	0	0	366.812	587
51	60	0	0	0	0	383.97	588
51	60	0	0	0	0	405.638	589
53	60	0	0	0	0	399.262	590
53	60	0	0	0	0	405.57	591
52	60	0	0	0	0	402.9	592
52	60	0	0	0	0	426.861	593
53	60	0	0	0	0	389.463	594
53	57	0	0	0	0	383.339	595
54	57	0	0	0	0	408.082	596
53	57	0	0	0	0	399.29	597
53	57	0	0	0	0	388.167	598
53	57	0	0	0	0	408.249	599
53	58	0	0	0	0	414.57	600
56	81	0	0	0	0	393.774	601
57	83	0	0	0	0	388.383	602
57	83	0	0	0	0	396.341	603
58	83	0	0	0	0	401.734	604
57	84	0	0	0	0	477.475	605
58	83	0	0	0	0	496.213	606
58	82	0	0	0	0	453.155	607
57	81	0	0	0	0	420.839	608
56	80	0	0	0	0	461.681	609
53	81	0	0	0	0	460.321	610
51	80	0	0	0	0	475.841	611
52	82	0	0	0	0	475.048	612
53	82	0	0	0	0	488.547	613
53	82	0	0	0	0	481.373	614
53	84	0	0	0	0	480.866	615
53	86	0	0	0	0	510.984	616
53	86	0	0	0	0	503.913	617
55	86	0	0	0	0	496.419	618
56	87	0	0	0	0	518.716	619
56	87	0	0	0	0	517.057	620
56	87	0	0	0	0	505.127	621
57	88	0	0	0	0	526.692	622
57	88	0	0	0	0	515.755	623
57	89	0	0	0	0	543.106	624
56	88	0	0	0	0	505.951	625
57	88	0	0	0	0	524.424	626
57	89	0	0	0	0	511.771	627
56	89	0	0	0	0	520.006	628
56	88	0	0	0	0	529.07	629
56	88	0	0	0	0	540.908	630
56	88	0	0	0	0	528.962	631
57	90	0	0	0	0	496.563	632
55	90	0	0	0	0	516.288	633
55	92	0	0	0	0	532.184	634
52	100	0	0	0	0	465.203	635
51	99	0	0	0	0	484.731	636
53	102	0	0	0	0	511.467	637
55	101	0	0	0	0	576.959	638
55	100	0	0	0	0	544.357	639
55	103	0	0	0	0	551.613	640
53	103	0	0	0	0	555.818	641
53	103	0	0	0	0	569.309	642
50	103	0	0	0	0	545.273	643
45	103	0	0	0	0	519.954	644
45	103	0	0	0	0	564.888	645
44	102	0	0	0	0	482.896	646
44	106	0	0	0	0	558.332	647
44	106	0	0	0	0	554.009	648
44	110	0	0	0	0	545.085	649
43	115	0	0	0	0	540.381	650
43	116	0	0	0	0	530.806	651
45	118	0	0	0	0	574.824	652
45	119	0	0	0	0	567.555	653
45	119	0	0	0	0	558.23	654
46	117	0	0	0	0	553.874	655
41	116	0	0	0	0	544.387	656
39	115	0	0	0	0	557.517	657
39	115	0	0	0	0	589.124	658
38	119	0	0	0	0	566.599	659
38	119	0	0	0	0	516.661	660
39	119	0	0	0	0	572.953	661
40	121	0	0	0	0	584.397	662
41	124	0	0	0	0	569.953	663
41	124	0	0	0	0	583.164	664
41	118	0	0	0	0	572.04	665
41	118	0	0	0	0	564.223	666
41	128	0	0	0	0	571.535	667
42	128	0	0	0	0	563.996	668
42	127	0	0	0	0	635.233	669
43	127	0	0	0	0	630.92	670
43	127	0	0	0	0	614.98	671
42	128	0	0	0	0	613.045	672
42	129	0	0	0	0	639.14	673
42	127	0	0	0	0	598.033	674
42	128	0	0	0	0	628.365	675
41	127	0	0	0	0	623.058	676
41	128	0	0	0	0	614.957	677
41	131	0	0	0	0	628.738	678
41	131	0	0	0	0	665.502	679
42	130	0	0	0	0	617.267	680
42	131	0	0	0	0	560.33	681
42	131	0	0	0	0	570.778	682
41	134	0	0	0	0	563.678	683
41	135	0	0	0	0	560.579	684
41	135	0	0	0	0	531.799	685
41	134	0	0	0	0	567.515	686
41	134	0	0	0	0	554.661	687
41	133	0	0	0	0	556.289	688
41	133	0	0	0	0	567.081	689
38	135	0	0	0	0	554.255	690
36	135	0	0	0	0	556.239	691
35	135	0	0	0	0	569.78	692
36	134	0	0	0	0	614.752	693
36	132	0	0	0	0	614.34	694
36	133	0	0	0	0	603.666	695
35	133	0	0	0	0	598.382	696
35	131	0	0	0	0	575.438	697
34	129	0	0	0	0	563.173	698
34	124	0	0	0	0	562.932	699
34	123	0	0	0	0	540.391	700
35	123	0	0	0	0	602.29	701
35	121	0	0	0	0	566.763	702
36	121	0	0	0	0	545.437	703
36	121	0	0	0	0	579.098	704
36	121	0	0	0	0	537.327	705
36	120	0	0	0	0	541.646	706
36	120	0	0	0	0	583.159	707
37	121	0	0	0	0	559.774	708
37	122	0	0	0	0	566.97	709
37	122	0	0	0	0	585.228	710
37	121	0	0	0	0	597.007	711
38	118	0	0	0	0	547.576	712
38	117	0	0	0	0	545.099	713
38	118	0	0	0	0	558.618	714
38	120	0	0	0	0	579.504	715
38	120	0	0	0	0	548.822	716
38	120	0	0	0	0	572.471	717
39	119	0	0	0	0	534.618	718
39	118	0	0	0	0	528.284	719
37	119	0	0	0	0	512.358	720
37	116	0	0	0	0	491.564	721
34	114	0	0	0	0	516.124	722
35	114	0	0	0	0	523.895	723
34	113	0	0	0	0	501.192	724
34	111	0	0	0	0	487.454	725
36	109	0	0	0	0	528.933	726
36	107	0	0	0	0	500.126	727
36	109	0	0	0	0	520.021	728
36	107	0	0	0	0	476.858	729
38	107	0	0	0	0	493.738	730
43	106	0	0	0	0	503.016	731
44	103	0	0	0	0	462.36	732
45	103	0	0	0	0	532.156	733
45	102	0	0	0	0	501.46	734
42	101	0	0	0	0	483.326	735
41	102	0	0	0	0	469.962	736
39	101	0	0	0	0	498.838	737
39	101	0	0	0	0	510.964	738
40	104	0	0	0	0	503.429	739
40	106	0	0	0	0	506.659	740
40	106	0	0	0	0	494.119	741
44	109	0	0	0	0	510.528	742
44	108	0	0	0	0	510.207	743
46	109	0	0	0	0	528.625	744
46	107	0	0	0	0	476.142	745
46	106	0	0	0	0	479.985	746
45	106	0	0	0	0	495.018	747
40	106	0	0	0	0	488.177	748
40	106	0	0	0	0	492.367	749
40	103	0	0	0	0	438.18	750
42	106	0	0	0	0	486.316	751
42	105	0	0	0	0	525.748	752
42	109	0	0	0	0	510.591	753
42	109	0	0	0	0	531.107	754
42	111	0	0	0	0	522.841	755
43	111	0	0	0	0	539.647	756
43	110	0	0	0	0	544.064	757
44	112	0	0	0	0	538.855	758
44	113	0	0	0	0	528.992	759
36	111	0	0	0	0	506.503	760
36	110	0	0	0	0	479.006	761
36	107	0	0	0	0	502.71	762
36	108	0	0	0	0	514.506	763
36	105	0	0	0	0	506.781	764
36	105	0	0	0	0	496.224	765
37	100	0	0	0	0	488.548	766
37	100	0	0	0	0	496.421	767
37	102	0	0	0	0	517.862	768
37	102	0	0	0	0	463.308	769
38	101	0	0	0	0	488.69	770
38	102	0	0	0	0	477.985	771
39	105	0	0	0	0	498.777	772
39	107	0	0	0	0	514.635	773
39	107	0	0	0	0	524.127	774
40	106	0	0	0	0	531.403	775
43	106	0	0	0	0	484.669	776
43	105	0	0	0	0	506.028	777
43	104	0	0	0	0	518.285	778
43	103	0	0	0	0	513.311	779
43	103	0	0	0	0	528.597	780
43	103	0	0	0	0	507.369	781
43	102	0	0	0	0	514.557	782
45	106	0	0	0	0	537.624	783
44	105	0	0	0	0	510.751	784
46	101	0	0	0	0	488.189	785
46	99	0	0	0	0	510.57	786
46	98	0	0	0	0	527.308	787
47	101	0	0	0	0	526.821	788
47	98	0	0	0	0	519.819	789
48	97	0	0	0	0	531.984	790
48	98	0	0	0	0	496.451	791
49	97	0	0	0	0	516.064	792
49	97	0	0	0	0	529.574	793
51	95	0	0	0	0	529.984	794
50	93	0	0	0	0	495.166	795
52	93	0	0	0	0	519.359	796
53	92	0	0	0	0	524.214	797
53	91	0	0	0	0	522.619	798
55	91	0	0	0	0	465.259	799
56	90	0	0	0	0	465.576	800
57	89	0	0	0	0	493.396	801
59	87	0	0	0	0	493.576	802
60	86	0	0	0	0	518.187	803
60	86	0	0	0	0	502.585	804
60	86	0	0	0	0	493.704	805
58	83	0	0	0	0	524.16	806
56	82	0	0	0	0	406.015	807
58	80	0	0	0	0	449.463	808
59	87	0	0	0	0	514.916	809
59	87	0	0	0	0	507.371	810
59	87	0	0	0	0	526.758	811
59	87	0	0	0	0	466.276	812
61	84	0	0	0	0	525.228	813
58	83	0	0	0	0	488.334	814
59	82	0	0	0	0	534.663	815
59	89	0	0	0	0	501.606	816
59	88	0	0	0	0	543.333	817
59	88	0	0	0	0	516.956	818
59	88	0	0	0	0	532.258	819
59	87	0	0	0	0	497.664	820
59	88	0	0	0	0	526.705	821
60	92	0	0	0	0	478.771	822
56	91	0	0	0	0	518	823
56	95	0	0	0	0	549.103	824
54	94	0	0	0	0	513.104	825
55	94	0	0	0	0	564.695	826
55	93	0	0	0	0	502.222	827
55	94	0	0	0	0	512.116	828
55	94	0	0	0	0	520.95	829
55	95	0	0	0	0	569.33	830
55	96	0	0	0	0	540.748	831
55	96	0	0	0	0	565.762	832
51	97	0	0	0	0	535.604	833
51	98	0	0	0	0	538.503	834
54	98	0	0	0	0	538.609	835
56	97	0	0	0	0	544.89	836
56	98	0	0	0	0	540.974	837
57	98	0	0	0	0	581.695	838
57	98	0	0	0	0	561.419	839
57	99	0	0	0	0	554.063	840
55	98	0	0	0	0	551.804	841
55	100	0	0	0	0	542.699	842
54	102	0	0	0	0	587.647	843
55	102	0	0	0	0	532.334	844
56	102	0	0	0	0	609.605	845
56	103	0	0	0	0	569.62	846
56	105	0	0	0	0	607.514	847
56	104	0	0	0	0	583.962	848
56	104	0	0	0	0	550.708	849
56	108	0	0	0	0	590.651	850
55	111	0	0	0	0	563.265	851
55	113	0	0	0	0	587.771	852
55	112	0	0	0	0	523.337	853
59	112	0	0	0	0	589.704	854
58	110	0	0	0	0	559.992	855
58	111	0	0	0	0	581.149	856
57	110	0	0	0	0	580.479	857
57	110	0	0	0	0	633.984	858
57	109	0	0	0	0	564.351	859
59	111	0	0	0	0	631.735	860
59	110	0	0	0	0	626.72	861
58	110	0	0	0	0	612.754	862
58	109	0	0	0	0	539.405	863
58	108	0	0	0	0	577.722	864
55	105	0	0	0	0	591.205	865
56	105	0	0	0	0	609.682	866
55	103	0	0	0	0	584.195	867
55	103	0	0	0	0	598.979	868
54	105	0	0	0	0	525.489	869
54	103	0	0	0	0	595.135	870
54	103	0	0	0	0	571.456	871
54	106	0	0	0	0	573.915	872
54	106	0	0	0	0	569.682	873
55	108	0	0	0	0	603.728	874
54	108	0	0	0	0	544.302	875
58	107	0	0	0	0	553.991	876
59	105	0	0	0	0	565.708	877
59	104	0	0	0	0	594.442	878
59	104	0	0	0	0	606.882	879
58	105	0	0	0	0	552.489	880
56	105	0	0	0	0	576.398	881
56	104	0	0	0	0	510.053	882
44	107	0	0	0	0	551.072	883
44	106	0	0	0	0	565.639	884
44	105	0	0	0	0	528.033	885
47	105	0	0	0	0	536.968	886
47	104	0	0	0	0	532.431	887
48	101	0	0	0	0	520.361	888
47	101	0	0	0	0	527.305	889
46	99	0	0	0	0	533.842	890
46	99	0	0	0	0	537.217	891
44	98	0	0	0	0	486.604	892
44	99	0	0	0	0	531.299	893
43	97	0	0	0	0	520.436	894
43	97	0	0	0	0	495.198	895
44	96	0	0	0	0	499.604	896
45	95	0	0	0	0	497.51	897
45	97	0	0	0	0	499.028	898
45	97	0	0	0	0	519.317	899
43	93	0	0	0	0	427.984	900
43	89	0	0	0	0	465.459	901
43	83	0	0	0	0	402.602	902
48	78	0	0	0	0	379.976	903
48	73	0	0	0	0	356.609	904
48	74	0	0	0	0	388.117	905
48	75	0	0	0	0	384.235	906
47	74	0	0	0	0	377.083	907
47	76	0	0	0	0	404.287	908
47	76	0	0	0	0	423.693	909
47	79	0	0	0	0	464.964	910
48	79	0	0	0	0	465.886	911
49	77	0	0	0	0	448.013	912
47	77	0	0	0	0	420.509	913
46	77	0	0	0	0	459.59	914
46	80	0	0	0	0	436.11	915
47	80	0	0	0	0	418.684	916
47	83	0	0	0	0	470.883	917
47	82	0	0	0	0	479.14	918
47	83	0	0	0	0	468.176	919
47	84	0	0	0	0	465.388	920
47	84	0	0	0	0	463.987	921
48	87	0	0	0	0	473.909	922
49	86	0	0	0	0	470.703	923
43	86	0	0	0	0	429.359	924
43	86	0	0	0	0	451.042	925
42	86	0	0	0	0	446.962	926
42	93	0	0	0	0	482.886	927
41	94	0	0	0	0	454.033	928
40	94	0	0	0	0	488.076	929
40	93	0	0	0	0	417.164	930
40	93	0	0	0	0	453.957	931
40	93	0	0	0	0	482.351	932
42	92	0	0	0	0	463.327	933
42	92	0	0	0	0	467.399	934
42	94	0	0	0	0	494.654	935
40	94	0	0	0	0	486.18	936
36	94	0	0	0	0	460.919	937
36	94	0	0	0	0	494.665	938
36	94	0	0	0	0	416.342	939
36	94	0	0	0	0	441.153	940
39	92	0	0	0	0	473.315	941
40	91	0	0	0	0	417.081	942
42	91	0	0	0	0	444.77	943
40	91	0	0	0	0	389.634	944
44	93	0	0	0	0	471.081	945
44	93	0	0	0	0	460.743	946
38	94	0	0	0	0	475.847	947
37	95	0	0	0	0	414.176	948
39	93	0	0	0	0	472.272	949
39	93	0	0	0	0	393.489	950
40	93	0	0	0	0	482.455	951
40	93	0	0	0	0	413.561	952
41	93	0	0	0	0	490.236	953
41	93	0	0	0	0	505.645	954
42	94	0	0	0	0	490.935	955
42	93	0	0	0	0	439.518	956
42	94	0	0	0	0	447.313	957
42	93	0	0	0	0	461.972	958
43	88	0	0	0	0	460.45	959
44	87	0	0	0	0	456.723	960
44	86	0	0	0	0	462.984	961
44	85	0	0	0	0	447.431	962
43	83	0	0	0	0	423.764	963
43	82	0	0	0	0	422.875	964
43	81	0	0	0	0	429.496	965
43	80	0	0	0	0	398.256	966
44	80	0	0	0	0	402.177	967
46	77	0	0	0	0	426.046	968
48	76	0	0	0	0	424.069	969
48	75	0	0	0	0	422.311	970
48	75	0	0	0	0	402.513	971
50	73	0	0	0	0	442.782	972
50	73	0	0	0	0	433.151	973
50	69	0	0	0	0	386.605	974
50	68	0	0	0	0	392.81	975
50	66	0	0	0	0	436.055	976
50	66	0	0	0	0	384.311	977
52	64	0	0	0	0	390.253	978
52	61	0	0	0	0	382.015	979
53	60	0	0	0	0	400.77	980
53	59	0	0	0	0	396.396	981
53	59	0	0	0	0	375.187	982
53	60	0	0	0	0	398.388	983
54	59	0	0	0	0	342.524	984
57	59	0	0	0	0	391.391	985
57	55	0	0	0	0	360.465	986
57	55	0	0	0	0	406.173	987
55	55	0	0	0	0	342.129	988
55	57	0	0	0	0	382.352	989
55	57	0	0	0	0	395.284	990
56	57	0	0	0	0	381.811	991
59	53	0	0	0	0	365.609	992
60	52	0	0	0	0	350.696	993
60	51	0	0	0	0	378.651	994
60	51	0	0	0	0	370.415	995
59	53	0	0	0	0	393.974	996
59	52	0	0	0	0	390.114	997
58	52	0	0	0	0	397.341	998
58	52	0	0	0	0	378.903	999
59	51	0	0	0	0	392.106	1000
59	50	0	0	0	0	394.657	1001
59	50	0	0	0	0	364.722	1002
59	50	0	0	0	0	345.838	1003
57	50	0	0	0	0	361.737	1004
51	50	0	0	0	0	309.502	1005
52	50	0	0	0	0	361.27	1006
51	50	0	0	0	0	383.625	1007
51	50	0	0	0	0	340.304	1008
52	49	0	0	0	0	334.21	1009
54	48	0	0	0	0	347.962	1010
55	48	0	0	0	0	336.591	1011
55	48	0	0	0	0	385.071	1012
56	48	0	0	0	0	369.891	1013
57	47	0	0	0	0	346.125	1014
54	47	0	0	0	0	342.141	1015
52	46	0	0	0	0	314.414	1016
52	47	0	0	0	0	320.412	1017
52	48	0	0	0	0	361.587	1018
49	48	0	0	0	0	293.644	1019
51	48	0	0	0	0	350.749	1020
52	48	0	0	0	0	320.686	1021
52	47	0	0	0	0	351.417	1022
51	46	0	0	0	0	319.145	1023
51	47	0	0	0	0	348.381	1024
51	48	0	0	0	0	349.793	1025
51	47	0	0	0	0	345.796	1026
52	48	0	0	0	0	340.908	1027
52	49	0	0	0	0	334.18	1028
52	49	0	0	0	0	373.216	1029
51	49	0	0	0	0	358.407	1030
51	50	0	0	0	0	367.057	1031
51	49	0	0	0	0	322.755	1032
53	48	0	0	0	0	357.777	1033
55	47	0	0	0	0	326.665	1034
55	47	0	0	0	0	336.856	1035
58	47	0	0	0	0	367.809	1036
59	46	0	0	0	0	373.548	1037
59	46	0	0	0	0	300.262	1038
61	46	0	0	0	0	376.785	1039
62	46	0	0	0	0	397.277	1040
62	46	0	0	0	0	378.443	1041
61	46	0	0	0	0	377.459	1042
63	46	0	0	0	0	396.24	1043
64	48	0	0	0	0	377.511	1044
66	50	0	0	0	0	386.092	1045
66	49	0	0	0	0	421.567	1046
66	48	0	0	0	0	374.696	1047
67	50	0	0	0	0	387.779	1048
67	50	0	0	0	0	413.862	1049
69	50	0	0	0	0	412.755	1050
69	50	0	0	0	0	382.193	1051
71	52	0	0	0	0	397.102	1052
65	50	0	0	0	0	378.266	1053
66	50	0	0	0	0	398.368	1054
66	49	0	0	0	0	412.644	1055
66	56	0	0	0	0	423.1	1056
65	55	0	0	0	0	407.366	1057
65	54	0	0	0	0	432.173	1058
66	54	0	0	0	0	424.804	1059
66	53	0	0	0	0	423.065	1060
65	53	0	0	0	0	387.833	1061
66	56	0	0	0	0	433.857	1062
64	56	0	0	0	0	407.305	1063
64	58	0	0	0	0	437.086	1064
65	58	0	0	0	0	436.026	1065
66	58	0	0	0	0	432.492	1066
66	63	0	0	0	0	412.982	1067
66	68	0	0	0	0	480.688	1068
67	68	0	0	0	0	448.178	1069
67	68	0	0	0	0	484.118	1070
66	68	0	0	0	0	452.3	1071
66	67	0	0	0	0	467.041	1072
66	66	0	0	0	0	480.971	1073
67	72	0	0	0	0	501.218	1074
67	72	0	0	0	0	505.282	1075
67	71	0	0	0	0	446.482	1076
69	70	0	0	0	0	475.763	1077
69	70	0	0	0	0	481.89	1078
72	69	0	0	0	0	489.276	1079
73	69	0	0	0	0	502.675	1080
74	69	0	0	0	0	467.284	1081
75	74	0	0	0	0	502.493	1082
72	71	0	0	0	0	496.975	1083
72	73	0	0	0	0	510.265	1084
75	72	0	0	0	0	476.3	1085
75	77	0	0	0	0	506.43	1086
75	77	0	0	0	0	518.538	1087
74	76	0	0	0	0	498.487	1088
74	76	0	0	0	0	483.353	1089
74	78	0	0	0	0	520.834	1090
74	78	0	0	0	0	516.409	1091
74	78	0	0	0	0	515.459	1092
69	78	0	0	0	0	498.207	1093
69	78	0	0	0	0	540.227	1094
66	75	0	0	0	0	541.683	1095
68	75	0	0	0	0	544.206	1096
69	74	0	0	0	0	447.177	1097
70	74	0	0	0	0	539.505	1098
70	74	0	0	0	0	486.697	1099
71	79	0	0	0	0	551.105	1100
71	79	0	0	0	0	560.14	1101
72	81	0	0	0	0	568.152	1102
72	81	0	0	0	0	539.258	1103
72	80	0	0	0	0	560.346	1104
73	82	0	0	0	0	533.549	1105
73	82	0	0	0	0	461.167	1106
72	81	0	0	0	0	524.637	1107
73	80	0	0	0	0	529.434	1108
64	80	0	0	0	0	507.719	1109
63	81	0	0	0	0	523.439	1110
61	81	0	0	0	0	524.181	1111
62	80	0	0	0	0	522.74	1112
63	82	0	0	0	0	523.206	1113
62	81	0	0	0	0	448.179	1114
62	80	0	0	0	0	480.91	1115
62	81	0	0	0	0	538.345	1116
62	79	0	0	0	0	472.812	1117
63	87	0	0	0	0	507.11	1118
62	87	0	0	0	0	513.207	1119
59	86	0	0	0	0	493.029	1120
59	85	0	0	0	0	509.63	1121
58	85	0	0	0	0	519.64	1122
58	86	0	0	0	0	518.03	1123
58	87	0	0	0	0	502.359	1124
58	87	0	0	0	0	507.357	1125
52	87	0	0	0	0	404.128	1126
38	91	0	0	0	0	422.608	1127
38	92	0	0	0	0	464.344	1128
38	92	0	0	0	0	478.457	1129
38	93	0	0	0	0	497.67	1130
38	93	0	0	0	0	483.798	1131
37	92	0	0	0	0	474.752	1132
37	92	0	0	0	0	428.987	1133
33	92	0	0	0	0	455.169	1134
34	92	0	0	0	0	444.454	1135
33	92	0	0	0	0	467.909	1136
33	91	0	0	0	0	461.3	1137
33	91	0	0	0	0	413.815	1138
33	89	0	0	0	0	424.596	1139
35	88	0	0	0	0	437.234	1140
35	88	0	0	0	0	434.068	1141
35	86	0	0	0	0	429.295	1142
35	86	0	0	0	0	431.163	1143
35	86	0	0	0	0	437.055	1144
35	84	0	0	0	0	436.495	1145
35	82	0	0	0	0	445.734	1146
35	81	0	0	0	0	417.862	1147
35	83	0	0	0	0	438.411	1148
35	83	0	0	0	0	430.168	1149
36	86	0	0	0	0	403.107	1150
36	87	0	0	0	0	472.649	1151
36	88	0	0	0	0	446.848	1152
41	88	0	0	0	0	447.169	1153
41	88	0	0	0	0	448.399	1154
41	94	0	0	0	0	476.601	1155
43	95	0	0	0	0	459.486	1156
42	95	0	0	0	0	470.087	1157
42	95	0	0	0	0	485.032	1158
41	95	0	0	0	0	482.879	1159
42	96	0	0	0	0	505.899	1160
42	97	0	0	0	0	494.819	1161
42	96	0	0	0	0	471.009	1162
42	97	0	0	0	0	496.749	1163
41	97	0	0	0	0	510.542	1164
42	97	0	0	0	0	504.334	1165
42	97	0	0	0	0	475.454	1166
43	96	0	0	0	0	485.842	1167
44	107	0	0	0	0	486.593	1168
44	108	0	0	0	0	498.844	1169
45	108	0	0	0	0	494.496	1170
45	112	0	0	0	0	513.274	1171
45	110	0	0	0	0	536.289	1172
46	113	0	0	0	0	522.275	1173
47	113	0	0	0	0	532.57	1174
47	113	0	0	0	0	537.919	1175
47	113	0	0	0	0	550.724	1176
46	114	0	0	0	0	544.51	1177
47	113	0	0	0	0	542.198	1178
47	113	0	0	0	0	557.826	1179
47	113	0	0	0	0	592.798	1180
49	112	0	0	0	0	587.265	1181
49	112	0	0	0	0	564.996	1182
50	114	0	0	0	0	602.374	1183
51	114	0	0	0	0	595.595	1184
52	115	0	0	0	0	633.356	1185
52	115	0	0	0	0	585.587	1186
52	116	0	0	0	0	608.101	1187
52	116	0	0	0	0	575.05	1188
51	114	0	0	0	0	567.731	1189
51	114	0	0	0	0	590.756	1190
49	113	0	0	0	0	587.796	1191
49	113	0	0	0	0	586.47	1192
45	109	0	0	0	0	536.016	1193
45	108	0	0	0	0	535.651	1194
45	108	0	0	0	0	550.238	1195
48	108	0	0	0	0	580.007	1196
48	108	0	0	0	0	559.413	1197
48	107	0	0	0	0	571.75	1198
48	106	0	0	0	0	544.565	1199
48	106	0	0	0	0	534.806	1200
48	106	0	0	0	0	547.523	1201
49	106	0	0	0	0	545.938	1202
49	103	0	0	0	0	542.763	1203
50	102	0	0	0	0	508.103	1204
50	102	0	0	0	0	553.981	1205
51	101	0	0	0	0	565.105	1206
50	101	0	0	0	0	526.867	1207
52	101	0	0	0	0	529.645	1208
53	98	0	0	0	0	534.523	1209
54	99	0	0	0	0	543.16	1210
54	100	0	0	0	0	540.822	1211
52	101	0	0	0	0	502.559	1212
53	101	0	0	0	0	520.247	1213
55	101	0	0	0	0	541.107	1214
56	103	0	0	0	0	587.917	1215
56	103	0	0	0	0	549.088	1216
56	102	0	0	0	0	584.609	1217
57	100	0	0	0	0	570.777	1218
57	102	0	0	0	0	555.221	1219
57	103	0	0	0	0	568.842	1220
57	102	0	0	0	0	528.507	1221
56	101	0	0	0	0	543.366	1222
56	101	0	0	0	0	580.363	1223
53	99	0	0	0	0	556.488	1224
53	98	0	0	0	0	548.999	1225
53	98	0	0	0	0	526.531	1226
53	100	0	0	0	0	527.826	1227
53	100	0	0	0	0	532.241	1228
50	100	0	0	0	0	502.934	1229
50	100	0	0	0	0	514.53	1230
51	99	0	0	0	0	504.018	1231
51	95	0	0	0	0	529.441	1232
51	95	0	0	0	0	519.945	1233
52	95	0	0	0	0	533.159	1234
52	96	0	0	0	0	516.422	1235
52	95	0	0	0	0	536.477	1236
53	97	0	0	0	0	558.699	1237
54	103	0	0	0	0	540.385	1238
59	102	0	0	0	0	528.467	1239
59	100	0	0	0	0	542.143	1240
64	99	0	0	0	0	550.313	1241
64	98	0	0	0	0	581.275	1242
64	97	0	0	0	0	571.897	1243
64	96	0	0	0	0	570.38	1244
63	97	0	0	0	0	551.816	1245
62	97	0	0	0	0	576.976	1246
59	97	0	0	0	0	529.186	1247
59	98	0	0	0	0	541.999	1248
61	98	0	0	0	0	523.003	1249
61	94	0	0	0	0	540.186	1250
65	93	0	0	0	0	547.972	1251
66	94	0	0	0	0	548.471	1252
67	95	0	0	0	0	522.409	1253
67	94	0	0	0	0	569.738	1254
69	91	0	0	0	0	552.82	1255
70	91	0	0	0	0	559.277	1256
70	90	0	0	0	0	556.121	1257
69	89	0	0	0	0	527.574	1258
71	89	0	0	0	0	524.652	1259
72	87	0	0	0	0	588.813	1260
73	86	0	0	0	0	572.718	1261
73	86	0	0	0	0	554.241	1262
77	84	0	0	0	0	577.413	1263
80	84	0	0	0	0	562.289	1264
80	84	0	0	0	0	533.106	1265
80	83	0	0	0	0	545.265	1266
81	84	0	0	0	0	582.407	1267
81	81	0	0	0	0	544.463	1268
80	81	0	0	0	0	556.108	1269
80	79	0	0	0	0	583.31	1270
80	79	0	0	0	0	522.158	1271
82	78	0	0	0	0	554.043	1272
84	78	0	0	0	0	571.68	1273
83	78	0	0	0	0	556.569	1274
83	78	0	0	0	0	564.695	1275
82	77	0	0	0	0	559.121	1276
82	76	0	0	0	0	579.202	1277
85	76	0	0	0	0	586.601	1278
84	75	0	0	0	0	570.868	1279
84	75	0	0	0	0	552.845	1280
83	74	0	0	0	0	535.966	1281
83	74	0	0	0	0	543.458	1282
83	73	0	0	0	0	564.86	1283
84	74	0	0	0	0	571.449	1284
84	74	0	0	0	0	533.234	1285
84	73	0	0	0	0	529.613	1286
83	74	0	0	0	0	577.601	1287
83	74	0	0	0	0	578.214	1288
83	74	0	0	0	0	568.222	1289
83	73	0	0	0	0	560.279	1290
85	72	0	0	0	0	576.722	1291
87	72	0	0	0	0	558.13	1292
87	71	0	0	0	0	582.017	1293
87	94	0	0	0	0	557.936	1294
87	94	0	0	0	0	534.806	1295
86	94	0	0	0	0	645.058	1296
87	92	0	0	0	0	610.459	1297
86	89	0	0	0	0	616.407	1298
87	88	0	0	0	0	623.138	1299
85	87	0	0	0	0	603.758	1300
87	86	0	0	0	0	598.866	1301
86	84	0	0	0	0	526.158	1302
72	83	0	0	0	0	563.03	1303
72	86	0	0	0	0	561.249	1304
71	86	0	0	0	0	549.598	1305
70	85	0	0	0	0	524.94	1306
70	87	0	0	0	0	554.465	1307
69	86	0	0	0	0	514.944	1308
69	86	0	0	0	0	525.761	1309
69	86	0	0	0	0	532.668	1310
69	85	0	0	0	0	524.003	1311
68	85	0	0	0	0	525.075	1312
64	83	0	0	0	0	515.582	1313
62	82	0	0	0	0	503.56	1314
62	81	0	0	0	0	515.481	1315
61	81	0	0	0	0	498.316	1316
61	80	0	0	0	0	468.067	1317
61	74	0	0	0	0	448.444	1318
63	73	0	0	0	0	463.522	1319
62	72	0	0	0	0	458.586	1320
62	68	0	0	0	0	454.407	1321
63	68	0	0	0	0	469.348	1322
63	66	0	0	0	0	455.145	1323
63	65	0	0	0	0	464.756	1324
63	64	0	0	0	0	461.857	1325
65	66	0	0	0	0	458.873	1326
64	65	0	0	0	0	397.902	1327
62	64	0	0	0	0	410.749	1328
64	64	0	0	0	0	468.898	1329
64	64	0	0	0	0	469.941	1330
63	64	0	0	0	0	477.305	1331
62	62	0	0	0	0	413.014	1332
62	62	0	0	0	0	452.697	1333
62	60	0	0	0	0	438.094	1334
62	59	0	0	0	0	445.014	1335
62	70	0	0	0	0	462.078	1336
62	70	0	0	0	0	398.871	1337
61	69	0	0	0	0	447.268	1338
63	69	0	0	0	0	449.39	1339
63	69	0	0	0	0	475.771	1340
63	69	0	0	0	0	479.988	1341
64	69	0	0	0	0	488.06	1342
64	69	0	0	0	0	474.701	1343
64	69	0	0	0	0	484.177	1344
59	69	0	0	0	0	443.846	1345
58	69	0	0	0	0	466.447	1346
58	69	0	0	0	0	476.898	1347
59	69	0	0	0	0	451.173	1348
59	67	0	0	0	0	456.369	1349
59	67	0	0	0	0	455.335	1350
60	67	0	0	0	0	447.538	1351
59	67	0	0	0	0	475.558	1352
59	67	0	0	0	0	471.655	1353
59	67	0	0	0	0	426.935	1354
59	67	0	0	0	0	431.928	1355
59	67	0	0	0	0	455.556	1356
59	67	0	0	0	0	463.429	1357
59	69	0	0	0	0	488.537	1358
59	69	0	0	0	0	443.277	1359
58	68	0	0	0	0	460.309	1360
57	68	0	0	0	0	428.733	1361
58	68	0	0	0	0	439.555	1362
59	67	0	0	0	0	458.148	1363
59	67	0	0	0	0	438.933	1364
58	68	0	0	0	0	451.072	1365
60	67	0	0	0	0	435.747	1366
58	67	0	0	0	0	424.821	1367
58	67	0	0	0	0	448.97	1368
57	67	0	0	0	0	432.886	1369
57	64	0	0	0	0	421.125	1370
56	63	0	0	0	0	416.916	1371
54	66	0	0	0	0	439.174	1372
55	66	0	0	0	0	439.598	1373
55	65	0	0	0	0	406.382	1374
56	65	0	0	0	0	433.012	1375
56	65	0	0	0	0	425.411	1376
57	65	0	0	0	0	415.956	1377
57	64	0	0	0	0	403.74	1378
58	62	0	0	0	0	363.011	1379
58	64	0	0	0	0	435.966	1380
56	62	0	0	0	0	397.887	1381
56	66	0	0	0	0	426.019	1382
56	65	0	0	0	0	464.979	1383
56	66	0	0	0	0	392.683	1384
58	66	0	0	0	0	408.923	1385
56	66	0	0	0	0	364.494	1386
59	65	0	0	0	0	361.895	1387
59	61	0	0	0	0	324.6	1388
54	61	0	0	0	0	352.588	1389
55	62	0	0	0	0	353.55	1390
45	62	0	0	0	0	330.224	1391
46	62	0	0	0	0	360.916	1392
47	61	0	0	0	0	402.535	1393
47	61	0	0	0	0	408.845	1394
48	60	0	0	0	0	389.477	1395
48	61	0	0	0	0	370.504	1396
48	61	0	0	0	0	382.102	1397
49	61	0	0	0	0	367.042	1398
49	60	0	0	0	0	383.11	1399
47	60	0	0	0	0	402.246	1400
47	60	0	0	0	0	397.797	1401
47	60	0	0	0	0	350.299	1402
48	59	0	0	0	0	376.496	1403
47	60	0	0	0	0	368.516	1404
46	67	0	0	0	0	363.214	1405
43	68	0	0	0	0	360.431	1406
46	68	0	0	0	0	404.444	1407
46	66	0	0	0	0	366.269	1408
47	66	0	0	0	0	376.906	1409
47	65	0	0	0	0	368.491	1410
48	66	0	0	0	0	379.389	1411
50	66	0	0	0	0	394.803	1412
45	67	0	0	0	0	390.066	1413
44	67	0	0	0	0	403.006	1414
44	65	0	0	0	0	370.964	1415
44	66	0	0	0	0	396.535	1416
46	65	0	0	0	0	375.095	1417
46	64	0	0	0	0	393.868	1418
46	64	0	0	0	0	413.121	1419
45	63	0	0	0	0	352.324	1420
47	62	0	0	0	0	397.871	1421
47	62	0	0	0	0	413.503	1422
49	62	0	0	0	0	373.639	1423
49	61	0	0	0	0	393.173	1424
49	61	0	0	0	0	413.304	1425
49	60	0	0	0	0	385.12	1426
49	59	0	0	0	0	365.198	1427
46	59	0	0	0	0	401.535	1428
47	59	0	0	0	0	395.722	1429
47	58	0	0	0	0	348.908	1430
47	58	0	0	0	0	356.665	1431
46	58	0	0	0	0	388.386	1432
47	59	0	0	0	0	382.17	1433
47	60	0	0	0	0	322.831	1434
47	59	0	0	0	0	376.021	1435
47	58	0	0	0	0	319.144	1436
50	57	0	0	0	0	370.937	1437
51	56	0	0	0	0	326.598	1438
51	56	0	0	0	0	410.139	1439
51	56	0	0	0	0	364.285	1440
52	55	0	0	0	0	339.572	1441
45	54	0	0	0	0	307.463	1442
45	54	0	0	0	0	330.778	1443
42	48	0	0	0	0	299.066	1444
42	48	0	0	0	0	316.547	1445
42	47	0	0	0	0	311.019	1446
41	47	0	0	0	0	305.721	1447
42	46	0	0	0	0	285.822	1448
42	46	0	0	0	0	273.655	1449
43	46	0	0	0	0	338.6	1450
43	46	0	0	0	0	332.645	1451
46	46	0	0	0	0	342.534	1452
46	46	0	0	0	0	338.195	1453
46	45	0	0	0	0	313.37	1454
46	45	0	0	0	0	333.1	1455
46	45	0	0	0	0	340.92	1456
46	45	0	0	0	0	309.232	1457
40	45	0	0	0	0	272.677	1458
40	45	0	0	0	0	292.559	1459
39	43	0	0	0	0	285.789	1460
39	43	0	0	0	0	281.989	1461
39	43	0	0	0	0	264.876	1462
39	45	0	0	0	0	290.812	1463
39	42	0	0	0	0	285.167	1464
39	42	0	0	0	0	290.923	1465
39	43	0	0	0	0	297.795	1466
39	43	0	0	0	0	283.665	1467
38	43	0	0	0	0	280.011	1468
38	40	0	0	0	0	272.571	1469
37	40	0	0	0	0	236.911	1470
37	40	0	0	0	0	254.761	1471
31	40	0	0	0	0	237.07	1472
32	40	0	0	0	0	259.743	1473
32	40	0	0	0	0	232.815	1474
31	40	0	0	0	0	229.149	1475
31	41	0	0	0	0	230.4	1476
31	40	0	0	0	0	239.931	1477
30	39	0	0	0	0	212.75	1478
32	38	0	0	0	0	252.745	1479
32	38	0	0	0	0	240.125	1480
32	38	0	0	0	0	237.923	1481
32	38	0	0	0	0	227.361	1482
33	38	0	0	0	0	234.921	1483
33	39	0	0	0	0	227.235	1484
31	37	0	0	0	0	223.947	1485
32	36	0	0	0	0	210.305	1486
32	36	0	0	0	0	229.179	1487
32	35	0	0	0	0	219.697	1488
32	34	0	0	0	0	227.798	1489
29	34	0	0	0	0	229.201	1490
29	34	0	0	0	0	194.322	1491
28	34	0	0	0	0	214.802	1492
28	34	0	0	0	0	203.957	1493
28	33	0	0	0	0	214.977	1494
27	33	0	0	0	0	211.071	1495
27	33	0	0	0	0	211.928	1496
27	33	0	0	0	0	217.741	1497
27	33	0	0	0	0	185.729	1498
28	33	0	0	0	0	205.089	1499
28	32	0	0	0	0	203.154	1500
27	31	0	0	0	0	188.983	1501
27	31	0	0	0	0	204.861	1502
27	31	0	0	0	0	202.69	1503
27	31	0	0	0	0	191.771	1504
26	32	0	0	0	0	200.61	1505
25	34	0	0	0	0	202.329	1506
25	37	0	0	0	0	207.561	1507
25	36	0	0	0	0	181.895	1508
29	36	0	0	0	0	194.868	1509
30	35	0	0	0	0	215.425	1510
32	35	0	0	0	0	202.801	1511
32	35	0	0	0	0	204.405	1512
32	37	0	0	0	0	197.089	1513
28	38	0	0	0	0	209.508	1514
28	37	0	0	0	0	209.74	1515
22	36	0	0	0	0	168.307	1516
22	36	0	0	0	0	174.111	1517
24	36	0	0	0	0	201.433	1518
25	36	0	0	0	0	177.977	1519
25	36	0	0	0	0	190.088	1520
24	36	0	0	0	0	183.654	1521
24	33	0	0	0	0	189.451	1522
22	33	0	0	0	0	193.768	1523
23	33	0	0	0	0	172.936	1524
24	33	0	0	0	0	195.93	1525
25	33	0	0	0	0	214.598	1526
25	33	0	0	0	0	181.975	1527
26	33	0	0	0	0	194.856	1528
27	31	0	0	0	0	173.767	1529
28	30	0	0	0	0	172.363	1530
30	30	0	0	0	0	195.316	1531
31	27	0	0	0	0	208.449	1532
32	26	0	0	0	0	192.384	1533
33	26	0	0	0	0	206.421	1534
33	26	0	0	0	0	176.187	1535
35	26	0	0	0	0	213.689	1536
36	26	0	0	0	0	210.718	1537
37	26	0	0	0	0	200.442	1538
39	26	0	0	0	0	221.606	1539
38	25	0	0	0	0	194.519	1540
40	24	0	0	0	0	232.508	1541
43	24	0	0	0	0	212.227	1542
44	23	0	0	0	0	210.139	1543
47	24	0	0	0	0	221.247	1544
47	24	0	0	0	0	229.581	1545
47	24	0	0	0	0	226.9	1546
48	23	0	0	0	0	244.757	1547
48	23	0	0	0	0	238.874	1548
48	23	0	0	0	0	239.744	1549
49	23	0	0	0	0	245.061	1550
49	25	0	0	0	0	243.666	1551
49	28	0	0	0	0	243.904	1552
49	28	0	0	0	0	244.483	1553
51	28	0	0	0	0	237.529	1554
51	23	0	0	0	0	251.841	1555
52	22	0	0	0	0	265.883	1556
52	23	0	0	0	0	266.02	1557
52	23	0	0	0	0	259.368	1558
52	23	0	0	0	0	261.99	1559
53	24	0	0	0	0	269.217	1560
53	23	0	0	0	0	253.467	1561
55	24	0	0	0	0	270.098	1562
55	24	0	0	0	0	230.214	1563
55	27	0	0	0	0	280.755	1564
56	27	0	0	0	0	296.361	1565
55	27	0	0	0	0	278.432	1566
57	28	0	0	0	0	287.079	1567
57	28	0	0	0	0	286.073	1568
56	28	0	0	0	0	260.839	1569
56	29	0	0	0	0	272.641	1570
50	29	0	0	0	0	273.067	1571
50	29	0	0	0	0	255.158	1572
44	29	0	0	0	0	260.709	1573
44	29	0	0	0	0	264.309	1574
44	29	0	0	0	0	257.134	1575
44	29	0	0	0	0	261.949	1576
46	29	0	0	0	0	256.698	1577
47	29	0	0	0	0	242.771	1578
46	28	0	0	0	0	238.198	1579
47	28	0	0	0	0	235.827	1580
48	28	0	0	0	0	273.4	1581
49	28	0	0	0	0	260.822	1582
49	28	0	0	0	0	270.713	1583
50	27	0	0	0	0	267.871	1584
53	27	0	0	0	0	258.418	1585
53	27	0	0	0	0	268.119	1586
53	27	0	0	0	0	264.98	1587
53	27	0	0	0	0	263.543	1588
52	27	0	0	0	0	241.539	1589
50	27	0	0	0	0	253.968	1590
50	28	0	0	0	0	270.005	1591
52	28	0	0	0	0	254.673	1592
52	28	0	0	0	0	257.115	1593
53	28	0	0	0	0	292.665	1594
54	28	0	0	0	0	293.388	1595
54	28	0	0	0	0	300.565	1596
54	29	0	0	0	0	301.263	1597
54	29	0	0	0	0	280.584	1598
57	29	0	0	0	0	295.428	1599
57	28	0	0	0	0	297.455	1600
56	28	0	0	0	0	293.454	1601
56	27	0	0	0	0	289.043	1602
59	27	0	0	0	0	279.605	1603
60	28	0	0	0	0	318.059	1604
60	28	0	0	0	0	320.358	1605
59	28	0	0	0	0	314.768	1606
59	29	0	0	0	0	320.18	1607
60	29	0	0	0	0	299.657	1608
61	29	0	0	0	0	331.901	1609
62	29	0	0	0	0	335.291	1610
63	29	0	0	0	0	334.446	1611
63	31	0	0	0	0	338.743	1612
62	31	0	0	0	0	309.63	1613
63	34	0	0	0	0	331.756	1614
63	36	0	0	0	0	333.174	1615
65	37	0	0	0	0	311.008	1616
65	36	0	0	0	0	336.313	1617
64	35	0	0	0	0	356.005	1618
64	35	0	0	0	0	352.299	1619
64	35	0	0	0	0	278.61	1620
63	35	0	0	0	0	327.643	1621
61	33	0	0	0	0	275.789	1622
61	33	0	0	0	0	312.43	1623
57	33	0	0	0	0	292.571	1624
58	33	0	0	0	0	314.126	1625
57	31	0	0	0	0	294.078	1626
57	31	0	0	0	0	313.644	1627
57	30	0	0	0	0	331.574	1628
57	30	0	0	0	0	296.518	1629
57	30	0	0	0	0	318.288	1630
58	30	0	0	0	0	323.823	1631
58	31	0	0	0	0	326.873	1632
58	31	0	0	0	0	320.989	1633
56	31	0	0	0	0	307.575	1634
56	31	0	0	0	0	315.933	1635
56	31	0	0	0	0	306.704	1636
56	31	0	0	0	0	311.146	1637
54	31	0	0	0	0	300.65	1638
55	31	0	0	0	0	312.471	1639
53	31	0	0	0	0	303.26	1640
52	31	0	0	0	0	273.526	1641
52	31	0	0	0	0	282.326	1642
52	36	0	0	0	0	311.32	1643
52	36	0	0	0	0	301.122	1644
52	38	0	0	0	0	295.557	1645
51	38	0	0	0	0	308.338	1646
50	38	0	0	0	0	288.499	1647
50	41	0	0	0	0	316.152	1648
50	41	0	0	0	0	336.352	1649
48	45	0	0	0	0	265.66	1650
48	45	0	0	0	0	342.644	1651
48	45	0	0	0	0	336.271	1652
48	45	0	0	0	0	312.914	1653
42	45	0	0	0	0	297.395	1654
42	44	0	0	0	0	321.678	1655
42	46	0	0	0	0	312.989	1656
39	44	0	0	0	0	285.986	1657
39	49	0	0	0	0	291.697	1658
36	49	0	0	0	0	293.085	1659
35	49	0	0	0	0	308.882	1660
35	48	0	0	0	0	289.712	1661
35	47	0	0	0	0	286.092	1662
35	46	0	0	0	0	246.999	1663
34	46	0	0	0	0	304.761	1664
35	46	0	0	0	0	298.006	1665
35	46	0	0	0	0	294.935	1666
31	46	0	0	0	0	278.741	1667
31	46	0	0	0	0	292.589	1668
31	46	0	0	0	0	285.907	1669
31	46	0	0	0	0	225.717	1670
32	46	0	0	0	0	270.539	1671
33	47	0	0	0	0	281.661	1672
32	45	0	0	0	0	274.515	1673
32	46	0	0	0	0	266.666	1674
34	46	0	0	0	0	272.543	1675
34	46	0	0	0	0	276.403	1676
33	46	0	0	0	0	267.12	1677
32	46	0	0	0	0	267.949	1678
32	45	0	0	0	0	297.094	1679
32	45	0	0	0	0	273.27	1680
30	44	0	0	0	0	258.809	1681
30	44	0	0	0	0	269.092	1682
30	44	0	0	0	0	265.009	1683
30	46	0	0	0	0	267.012	1684
33	50	0	0	0	0	256.724	1685
33	50	0	0	0	0	258.416	1686
33	50	0	0	0	0	277.223	1687
34	50	0	0	0	0	268.994	1688
33	50	0	0	0	0	278.04	1689
33	50	0	0	0	0	301.739	1690
33	50	0	0	0	0	300.123	1691
33	51	0	0	0	0	293.069	1692
29	51	0	0	0	0	264.788	1693
28	52	0	0	0	0	248.463	1694
29	53	0	0	0	0	263.047	1695
28	55	0	0	0	0	280.424	1696
27	54	0	0	0	0	257.548	1697
27	54	0	0	0	0	259.407	1698
26	53	0	0	0	0	280.256	1699
26	53	0	0	0	0	254.831	1700
26	50	0	0	0	0	244.883	1701
26	49	0	0	0	0	283.755	1702
27	50	0	0	0	0	270.204	1703
28	50	0	0	0	0	261.469	1704
24	51	0	0	0	0	247.384	1705
25	51	0	0	0	0	261.056	1706
26	51	0	0	0	0	249.138	1707
26	48	0	0	0	0	262.346	1708
26	48	0	0	0	0	253.95	1709
25	48	0	0	0	0	230.917	1710
24	48	0	0	0	0	243.493	1711
25	47	0	0	0	0	249.235	1712
26	46	0	0	0	0	249.412	1713
26	45	0	0	0	0	247.611	1714
26	44	0	0	0	0	252.071	1715
26	45	0	0	0	0	242.483	1716
27	44	0	0	0	0	251.588	1717
27	44	0	0	0	0	230.187	1718
27	44	0	0	0	0	239.747	1719
26	44	0	0	0	0	244.561	1720
26	44	0	0	0	0	255.908	1721
26	44	0	0	0	0	253.36	1722
26	44	0	0	0	0	227.504	1723
26	46	0	0	0	0	235.967	1724
26	47	0	0	0	0	229.294	1725
25	46	0	0	0	0	236.094	1726
25	45	0	0	0	0	230.329	1727
25	45	0	0	0	0	240.899	1728
25	45	0	0	0	0	247.379	1729
25	45	0	0	0	0	250.724	1730
24	45	0	0	0	0	235.31	1731
24	46	0	0	0	0	231.651	1732
23	45	0	0	0	0	205.338	1733
24	47	0	0	0	0	233.179	1734
25	48	0	0	0	0	247.549	1735
26	51	0	0	0	0	258.134	1736
26	51	0	0	0	0	279.688	1737
27	51	0	0	0	0	262.284	1738
28	51	0	0	0	0	270.89	1739
28	51	0	0	0	0	261.771	1740
25	52	0	0	0	0	223.975	1741
24	52	0	0	0	0	265.347	1742
22	52	0	0	0	0	246.394	1743
22	54	0	0	0	0	241.576	1744
22	53	0	0	0	0	239.389	1745
22	53	0	0	0	0	264.531	1746
22	53	0	0	0	0	277.955	1747
25	53	0	0	0	0	261.928	1748
25	53	0	0	0	0	257.797	1749
25	53	0	0	0	0	259.748	1750
23	53	0	0	0	0	261.25	1751
23	52	0	0	0	0	267.902	1752
22	52	0	0	0	0	265.002	1753
22	52	0	0	0	0	269.058	1754
23	52	0	0	0	0	257.806	1755
23	52	0	0	0	0	266.051	1756
23	51	0	0	0	0	261.637	1757
23	51	0	0	0	0	258.372	1758
25	51	0	0	0	0	264.107	1759
25	51	0	0	0	0	253.697	1760
26	50	0	0	0	0	265.711	1761
27	51	0	0	0	0	260.83	1762
27	51	0	0	0	0	295.615	1763
27	51	0	0	0	0	267.523	1764
27	49	0	0	0	0	261.662	1765
29	48	0	0	0	0	256.417	1766
30	51	0	0	0	0	262.395	1767
31	50	0	0	0	0	243.269	1768
31	51	0	0	0	0	272.912	1769
31	50	0	0	0	0	266.185	1770
31	50	0	0	0	0	274.873	1771
30	49	0	0	0	0	266.586	1772
30	49	0	0	0	0	267.892	1773
31	48	0	0	0	0	270.867	1774
31	48	0	0	0	0	282.106	1775
29	47	0	0	0	0	230.778	1776
29	45	0	0	0	0	229.685	1777
29	44	0	0	0	0	247.73	1778
29	43	0	0	0	0	245.441	1779
29	43	0	0	0	0	228.706	1780
28	42	0	0	0	0	236.327	1781
28	42	0	0	0	0	237.67	1782
30	42	0	0	0	0	236.764	1783
30	40	0	0	0	0	209.992	1784
30	41	0	0	0	0	256.542	1785
31	41	0	0	0	0	244.945	1786
31	42	0	0	0	0	241.45	1787
32	42	0	0	0	0	249.894	1788
32	42	0	0	0	0	252.365	1789
33	41	0	0	0	0	264.207	1790
33	41	0	0	0	0	270.843	1791
34	41	0	0	0	0	252.941	1792
35	38	0	0	0	0	253.859	1793
35	38	0	0	0	0	274.183	1794
35	38	0	0	0	0	245.927	1795
36	38	0	0	0	0	256.12	1796
37	38	0	0	0	0	258.006	1797
37	36	0	0	0	0	261.323	1798
38	36	0	0	0	0	265.398	1799
39	34	0	0	0	0	255.832	1800
40	34	0	0	0	0	248.417	1801
40	33	0	0	0	0	248.98	1802
41	33	0	0	0	0	249.719	1803
41	33	0	0	0	0	254.59	1804
41	33	0	0	0	0	271.674	1805
40	33	0	0	0	0	256.154	1806
40	33	0	0	0	0	260.721	1807
41	32	0	0	0	0	238.973	1808
39	32	0	0	0	0	232.209	1809
39	34	0	0	0	0	247.015	1810
40	34	0	0	0	0	250.865	1811
40	36	0	0	0	0	259.135	1812
42	33	0	0	0	0	244.762	1813
42	33	0	0	0	0	270.659	1814
43	33	0	0	0	0	269.519	1815
43	33	0	0	0	0	257.183	1816
45	33	0	0	0	0	261.946	1817
45	33	0	0	0	0	256.236	1818
45	33	0	0	0	0	265.319	1819
44	32	0	0	0	0	272.739	1820
44	32	0	0	0	0	252.687	1821
44	31	0	0	0	0	254.441	1822
44	31	0	0	0	0	270.841	1823
44	31	0	0	0	0	277.283	1824
44	31	0	0	0	0	268.533	1825
44	31	0	0	0	0	264.314	1826
45	30	0	0	0	0	268.501	1827
45	30	0	0	0	0	246.266	1828
46	34	0	0	0	0	255.813	1829
46	34	0	0	0	0	294.993	1830
47	34	0	0	0	0	269.571	1831
47	34	0	0	0	0	291.442	1832
47	34	0	0	0	0	254.153	1833
47	32	0	0	0	0	257.639	1834
47	30	0	0	0	0	277.104	1835
46	31	0	0	0	0	283.602	1836
46	31	0	0	0	0	214.762	1837
48	31	0	0	0	0	281.601	1838
48	30	0	0	0	0	297.629	1839
48	30	0	0	0	0	271.008	1840
48	29	0	0	0	0	264.681	1841
48	28	0	0	0	0	246.568	1842
50	28	0	0	0	0	245.979	1843
50	29	0	0	0	0	266.025	1844
50	28	0	0	0	0	283.512	1845
49	27	0	0	0	0	257.175	1846
50	29	0	0	0	0	275.552	1847
51	29	0	0	0	0	253.742	1848
53	30	0	0	0	0	254.225	1849
53	30	0	0	0	0	254.714	1850
48	28	0	0	0	0	243.901	1851
48	28	0	0	0	0	245.398	1852
47	28	0	0	0	0	241.82	1853
48	29	0	0	0	0	266.349	1854
49	30	0	0	0	0	242.644	1855
48	30	0	0	0	0	246.308	1856
47	31	0	0	0	0	283.201	1857
47	31	0	0	0	0	261.439	1858
49	31	0	0	0	0	249.332	1859
49	35	0	0	0	0	277.986	1860
49	38	0	0	0	0	304.663	1861
50	37	0	0	0	0	304.065	1862
50	37	0	0	0	0	317.397	1863
50	37	0	0	0	0	323.931	1864
50	37	0	0	0	0	312.994	1865
52	37	0	0	0	0	283.766	1866
53	37	0	0	0	0	319.789	1867
54	37	0	0	0	0	333.598	1868
51	37	0	0	0	0	301.475	1869
51	37	0	0	0	0	315.091	1870
51	37	0	0	0	0	335.362	1871
51	37	0	0	0	0	307.519	1872
50	38	0	0	0	0	319.324	1873
50	37	0	0	0	0	326.697	1874
50	37	0	0	0	0	312.278	1875
50	37	0	0	0	0	319.548	1876
50	37	0	0	0	0	319.76	1877
50	37	0	0	0	0	312.255	1878
51	38	0	0	0	0	303.514	1879
51	38	0	0	0	0	338.393	1880
51	37	0	0	0	0	321.111	1881
52	37	0	0	0	0	314.154	1882
52	37	0	0	0	0	304.977	1883
54	38	0	0	0	0	282.48	1884
54	35	0	0	0	0	332.06	1885
54	35	0	0	0	0	325.034	1886
53	36	0	0	0	0	330.446	1887
52	35	0	0	0	0	303.636	1888
52	36	0	0	0	0	323.743	1889
52	36	0	0	0	0	306.879	1890
54	35	0	0	0	0	314.23	1891
54	38	0	0	0	0	324.442	1892
54	38	0	0	0	0	348.164	1893
55	37	0	0	0	0	322.782	1894
54	37	0	0	0	0	312.999	1895
54	37	0	0	0	0	297.665	1896
53	37	0	0	0	0	326.13	1897
48	37	0	0	0	0	280.225	1898
47	37	0	0	0	0	304.257	1899
47	39	0	0	0	0	312.154	1900
46	39	0	0	0	0	316.664	1901
46	40	0	0	0	0	299.446	1902
46	40	0	0	0	0	298.046	1903
47	40	0	0	0	0	253.389	1904
49	40	0	0	0	0	288.168	1905
50	39	0	0	0	0	312.07	1906
51	39	0	0	0	0	315.263	1907
53	41	0	0	0	0	317.802	1908
50	40	0	0	0	0	308.549	1909
50	49	0	0	0	0	304.438	1910
47	49	0	0	0	0	302.769	1911
48	51	0	0	0	0	293.734	1912
49	51	0	0	0	0	356.962	1913
48	51	0	0	0	0	338.973	1914
50	62	0	0	0	0	332.568	1915
48	64	0	0	0	0	390.337	1916
48	66	0	0	0	0	391.543	1917
46	66	0	0	0	0	378.617	1918
44	66	0	0	0	0	371.523	1919
45	66	0	0	0	0	409.295	1920
46	67	0	0	0	0	408.601	1921
46	68	0	0	0	0	288.158	1922
46	69	0	0	0	0	400.255	1923
39	69	0	0	0	0	389.121	1924
39	70	0	0	0	0	286.856	1925
39	72	0	0	0	0	393.63	1926
39	72	0	0	0	0	385.494	1927
40	73	0	0	0	0	391.395	1928
38	75	0	0	0	0	375.806	1929
39	75	0	0	0	0	384.456	1930
40	75	0	0	0	0	408.798	1931
40	75	0	0	0	0	407.729	1932
40	75	0	0	0	0	409.519	1933
40	75	0	0	0	0	391.079	1934
40	74	0	0	0	0	393.909	1935
41	73	0	0	0	0	390.192	1936
40	72	0	0	0	0	388.449	1937
40	72	0	0	0	0	397.266	1938
41	72	0	0	0	0	388.913	1939
41	72	0	0	0	0	386.643	1940
42	72	0	0	0	0	367.575	1941
42	72	0	0	0	0	369.466	1942
39	72	0	0	0	0	389.388	1943
39	71	0	0	0	0	402.22	1944
39	71	0	0	0	0	407.846	1945
39	72	0	0	0	0	376.361	1946
39	72	0	0	0	0	401.831	1947
40	71	0	0	0	0	418.35	1948
41	71	0	0	0	0	389.573	1949
42	70	0	0	0	0	364.091	1950
42	70	0	0	0	0	405.175	1951
43	70	0	0	0	0	430.281	1952
43	70	0	0	0	0	402.196	1953
43	70	0	0	0	0	399.493	1954
43	70	0	0	0	0	426.892	1955
43	73	0	0	0	0	423.041	1956
44	78	0	0	0	0	407.577	1957
44	78	0	0	0	0	397.647	1958
44	78	0	0	0	0	408.922	1959
45	76	0	0	0	0	434.661	1960
45	76	0	0	0	0	440.289	1961
45	78	0	0	0	0	448.714	1962
43	78	0	0	0	0	447.695	1963
43	78	0	0	0	0	422.345	1964
45	77	0	0	0	0	426.722	1965
45	74	0	0	0	0	430.677	1966
45	75	0	0	0	0	438.451	1967
45	74	0	0	0	0	405.58	1968
46	74	0	0	0	0	435.591	1969
46	73	0	0	0	0	442.737	1970
46	73	0	0	0	0	443.51	1971
46	73	0	0	0	0	423.571	1972
48	73	0	0	0	0	388.497	1973
48	71	0	0	0	0	386.437	1974
49	69	0	0	0	0	389.165	1975
49	69	0	0	0	0	436.222	1976
48	69	0	0	0	0	408.549	1977
44	74	0	0	0	0	399.019	1978
42	71	0	0	0	0	395.759	1979
42	71	0	0	0	0	393.027	1980
43	73	0	0	0	0	411.759	1981
45	73	0	0	0	0	434.869	1982
45	74	0	0	0	0	396.571	1983
45	75	0	0	0	0	429.287	1984
45	76	0	0	0	0	402.869	1985
45	82	0	0	0	0	434.256	1986
45	82	0	0	0	0	408.239	1987
46	82	0	0	0	0	457.536	1988
46	81	0	0	0	0	424.97	1989
45	80	0	0	0	0	443.642	1990
46	80	0	0	0	0	477.261	1991
46	81	0	0	0	0	449.367	1992
43	80	0	0	0	0	419.815	1993
43	80	0	0	0	0	425.695	1994
43	80	0	0	0	0	448.164	1995
44	79	0	0	0	0	416.62	1996
45	78	0	0	0	0	439.069	1997
44	77	0	0	0	0	431.821	1998
44	77	0	0	0	0	435.26	1999
43	73	0	0	0	0	383.393	2000
43	73	0	0	0	0	425.889	2001
44	73	0	0	0	0	449.252	2002
45	73	0	0	0	0	419.596	2003
45	73	0	0	0	0	422.307	2004
48	72	0	0	0	0	413.821	2005
48	72	0	0	0	0	411.552	2006
48	71	0	0	0	0	395.363	2007
48	69	0	0	0	0	423.234	2008
48	68	0	0	0	0	403.312	2009
48	67	0	0	0	0	404.108	2010
48	64	0	0	0	0	404.581	2011
48	64	0	0	0	0	376.054	2012
47	63	0	0	0	0	321.947	2013
46	60	0	0	0	0	336.985	2014
46	59	0	0	0	0	368.31	2015
46	59	0	0	0	0	312.119	2016
46	54	0	0	0	0	271.537	2017
47	55	0	0	0	0	324.593	2018
45	53	0	0	0	0	329.637	2019
47	50	0	0	0	0	331.109	2020
47	47	0	0	0	0	336.61	2021
47	44	0	0	0	0	293.801	2022
48	39	0	0	0	0	296.286	2023
47	39	0	0	0	0	304.572	2024
47	37	0	0	0	0	270.577	2025
47	36	0	0	0	0	275.049	2026
49	36	0	0	0	0	288.632	2027
50	36	0	0	0	0	295.825	2028
50	34	0	0	0	0	276.073	2029
51	32	0	0	0	0	280.382	2030
52	28	0	0	0	0	274.316	2031
53	28	0	0	0	0	295.215	2032
53	29	0	0	0	0	294.162	2033
52	28	0	0	0	0	290.36	2034
52	34	0	0	0	0	292.664	2035
52	34	0	0	0	0	294.676	2036
53	33	0	0	0	0	291.733	2037
53	32	0	0	0	0	296.23	2038
53	32	0	0	0	0	304.51	2039
53	32	0	0	0	0	295.555	2040
53	32	0	0	0	0	283.415	2041
50	32	0	0	0	0	268.863	2042
50	33	0	0	0	0	257.367	2043
41	32	0	0	0	0	216.797	2044
40	31	0	0	0	0	246.888	2045
40	31	0	0	0	0	249.836	2046
40	31	0	0	0	0	241.495	2047
40	29	0	0	0	0	225.072	2048
39	29	0	0	0	0	222.269	2049
39	29	0	0	0	0	252.217	2050
39	29	0	0	0	0	235.485	2051
39	28	0	0	0	0	229.115	2052
39	29	0	0	0	0	233.194	2053
40	29	0	0	0	0	240.534	2054
40	29	0	0	0	0	228.982	2055
40	29	0	0	0	0	244.221	2056
40	29	0	0	0	0	241.449	2057
38	29	0	0	0	0	235.128	2058
38	29	0	0	0	0	227.016	2059
38	29	0	0	0	0	243.597	2060
38	29	0	0	0	0	234.942	2061
38	28	0	0	0	0	218.615	2062
36	28	0.166667	0	2	0	226.049	2063
36	28	0.583333	0.25	7	3	230.819	2064
36	27	0.666667	0.333333	8	4	177.422	2065
36	27	1.02778	0.842857	12	8	209.16	2066
36	25	1.36111	1.38016	16	12	202.395	2067
35	25	1.36111	1.46349	16	13	199.601	2068
35	25	1.52778	1.54683	18	14	215.954	2069
35	25	1.61111	1.54683	19	14	178.167	2070
35	25	1.61111	1.63016	19	15	201.576	2071
35	25	1.86111	1.71349	22	16	212.861	2072
34	25	1.94444	1.71349	23	16	211.867	2073
34	25	1.94444	1.71349	23	16	204.999	2074
34	25	1.94444	1.71349	23	16	203.61	2075
34	25	1.94444	1.71349	23	16	209.22	2076
34	25	1.94444	2.13016	23	21	218.455	2077
34	25	2.02778	2.13016	24	21	195.978	2078
34	24	2.02778	2.13016	24	21	185.306	2079
34	24	2.11111	2.21349	25	22	202.013	2080
34	24	2.27778	2.29683	27	23	183.057	2081
34	24	2.36111	2.29683	28	23	177.743	2082
34	24	2.36111	2.38016	28	24	183.937	2083
34	24	2.36111	2.38016	28	24	182.366	2084
34	24	2.36111	2.46349	28	25	182.539	2085
29	24	2.36111	2.5544	28	26	174.809	2086
29	24	2.44444	2.5544	29	26	182.136	2087
29	23	2.44444	2.5544	29	26	171.268	2088
29	23	2.44444	2.63773	29	27	189.907	2089
29	23	2.5873	2.63773	30	27	179.303	2090
29	23	2.67063	2.63773	31	27	180.774	2091
29	22	2.67063	2.63773	31	27	171.48	2092
29	21	2.75397	2.63773	32	27	159.953	2093
29	21	2.75397	2.63773	32	27	165.228	2094
29	20	2.75397	2.63773	32	27	165.516	2095
29	20	2.75397	2.63773	32	27	151.188	2096
29	18	2.75397	2.63773	32	27	151.024	2097
28	18	2.75397	2.72107	32	28	147.366	2098
28	18	2.75397	2.72107	32	28	139.335	2099
25	18	2.75397	2.72107	32	28	133.809	2100
25	17	2.75397	2.72107	32	28	132.189	2101
25	17	2.75397	2.5544	32	26	133.582	2102
24	17	2.75397	2.5544	32	26	132.384	2103
24	17	2.75397	2.41154	32	25	128.164	2104
23	16	2.5873	2.41154	30	25	108.041	2105
23	16	2.5873	2.32821	30	24	116.417	2106
19	14	2.25397	2.32821	26	24	107.319	2107
19	14	2.25397	2.32821	26	24	104.575	2108
19	13	2.17063	2.32821	25	24	95.0861	2109
19	13	2.17063	2.32821	25	24	103.59	2110
18	13	2.0873	2.32821	24	24	95.3798	2111
18	13	2.00397	2.32821	23	24	94.2708	2112
16	13	1.92063	2.32821	22	24	82.0656	2113
16	12	1.92063	2.32821	22	24	79.796	2114
13	12	1.67063	2.24488	19	23	79.3165	2115
13	12	1.67063	2.24488	19	23	68.5923	2116
11	12	1.50397	2.16154	17	22	72.269	2117
11	11	1.50397	2.16154	17	22	70.8069	2118
11	11	1.42063	2.16154	16	22	68.4495	2119
11	11	1.42063	1.99488	16	20	67.2606	2120
11	10	1.42063	1.82821	16	18	61.8855	2121
11	9	1.42063	1.82821	16	18	52.1331	2122
8	9	1.0873	1.82821	12	18	48.1029	2123
8	9	1.0873	1.74488	12	17	50.5173	2124
8	9	1.00397	1.49488	11	14	50.3001	2125
8	8	1.00397	1.49488	11	14	50.9627	2126
8	8	1.00397	1.41154	11	13	47.2506	2127
8	8	0.670635	1.32821	7	12	37.3884	2128
8	7	0.587302	1.32821	6	12	43.8932	2129
8	7	0.503968	1.16154	5	10	39.2079	2130
8	6	0.420635	0.994877	4	8	37.1196	2131
8	6	0.420635	0.911544	4	7	32.4305	2132
8	5	0.337302	0.911544	3	7	17.6743	2133
8	5	0.253968	0.744877	2	5	nan	2134
8	5	0.253968	0.653968	2	4	nan	2135
8	5	0.253968	0.653968	2	4	nan	2136
8	5	0.253968	0.653968	2	4	nan	2137
7	3	0.142857	0.542857	1	3	nan	2138
5	3	0	0.4	0	2	nan	2139
