unique_top_cov	unique_bot_cov	redundant_top_cov	redundant_bot_cov	raw_redundant_top_cov	raw_redundant_bot_cov	e_value	position
8	4	0	0	0	0	nan	1
8	4	0	0	0	0	31.6615	2
9	4	0.0909091	0	1	0	38.0207	3
9	4	0.257576	0.0833333	3	1	35.8549	4
9	5	0.257576	0.166667	3	2	29.6375	5
9	5	0.340909	0.166667	4	2	30.2013	6
10	5	0.507576	0.25	6	3	34.0778	7
11	5	0.674242	0.333333	8	4	45.038	8
11	5	0.674242	0.416667	8	5	36.974	9
11	7	0.757576	0.75	9	9	45.9846	10
11	7	0.840909	0.75	10	9	55.6659	11
12	7	0.840909	0.75	10	9	53.375	12
12	7	1.09091	0.833333	13	10	58.0795	13
13	7	1.17424	0.833333	14	10	59.1482	14
13	7	1.17424	1.83333	14	16	52.6241	15
13	7	1.17424	1.83333	14	16	69.0591	16
13	7	1.34091	1.83333	16	16	62.0005	17
15	7	1.50758	1.83333	18	16	64.6679	18
15	8	1.50758	1.91667	18	17	74.408	19
15	8	1.50758	1.91667	18	17	66.3186	20
15	10	1.59091	2.08333	19	19	68.0909	21
15	11	1.59091	2.08333	19	19	86.5081	22
15	12	1.67424	2.33333	20	22	86.8529	23
15	12	1.67424	2.33333	20	22	95.1036	24
15	12	1.67424	2.41667	20	23	91.7165	25
15	12	1.67424	2.5	20	24	91.2459	26
16	12	1.67424	2.58333	20	25	89.9457	27
17	12	1.67424	2.58333	20	25	87.51	28
18	12	1.67424	2.66667	20	26	103.522	29
18	12	1.67424	2.66667	20	26	107.389	30
18	16	1.67424	3	20	30	103.762	31
18	16	1.75758	3	21	30	108.859	32
18	16	1.75758	3.16667	21	32	120.27	33
18	16	1.75758	3.16667	21	32	106.332	34
19	16	1.75758	3.16667	21	32	116.069	35
21	17	1.92424	3.16667	23	32	113.54	36
21	17	1.92424	3.16667	23	32	120.763	37
23	17	1.92424	3.16667	23	32	126.212	38
23	17	1.92424	3.16667	23	32	128.743	39
23	18	1.84091	3.16667	22	32	144.344	40
23	18	1.84091	3.16667	22	32	137.586	41
23	18	1.84091	3.16667	22	32	144.899	42
23	18	1.84091	3.16667	22	32	148.253	43
23	18	1.84091	3.16667	22	32	140.324	44
23	18	1.84091	3.08333	22	31	149.251	45
23	18	1.84091	3.08333	22	31	142.01	46
23	18	1.84091	3	22	30	149.434	47
23	18	1.84091	3	22	30	151.6	48
23	18	1.75758	3	21	30	142.544	49
24	18	1.75758	3	21	30	146.968	50
24	18	1.75758	2.91667	21	29	144.055	51
25	20	1.66667	2.91667	20	29	137.193	52
25	20	1.58333	2.91667	19	29	148.385	53
26	20	1.58333	2.91667	19	29	142.274	54
26	20	1.5	2.91667	18	29	146.066	55
27	20	1.5	2.83333	18	28	142.206	56
27	20	1.41667	2.66667	17	26	165.64	57
27	20	1.33333	2.58333	16	25	161.691	58
27	20	1.33333	2.58333	16	25	164.498	59
27	22	1.33333	2.5	16	24	177.052	60
27	22	0.916667	2.5	11	24	178.356	61
27	22	0.916667	2.5	11	24	175.041	62
27	22	0.916667	2.5	11	24	176.991	63
27	22	0.916667	2.5	11	24	182.054	64
27	23	0.916667	2.41667	11	23	176.789	65
27	23	0.833333	2.16667	10	20	173.668	66
30	24	0.833333	2.16667	10	20	178.269	67
30	24	0.833333	2.08333	10	19	204.299	68
30	24	0.75	1.91667	9	17	188.409	69
30	24	0.666667	1.91667	8	17	202.634	70
30	24	0.5	1.58333	6	13	181.945	71
30	24	0.333333	1.33333	4	10	166.213	72
30	24	0.25	1.25	3	9	201.062	73
30	24	0	0.833333	0	4	189.431	74
31	24	0	0.666667	0	2	196.755	75
31	24	0	0.666667	0	2	179.495	76
32	24	0	0.666667	0	2	209.094	77
34	24	0	0	0	0	179.087	78
33	23	0	0	0	0	193.449	79
33	23	0	0	0	0	200.189	80
35	23	0	0	0	0	189.306	81
35	23	0	0	0	0	196.502	82
35	23	0	0	0	0	199.927	83
35	23	0	0	0	0	198.5	84
35	23	0	0	0	0	203.627	85
35	23	0	0	0	0	190.391	86
35	22	0	0	0	0	197.763	87
36	22	0	0	0	0	197.171	88
36	22	0	0	0	0	197.698	89
37	22	0	0	0	0	202.773	90
39	22	0	0	0	0	209.004	91
40	22	0	0	0	0	214.584	92
40	22	0	0	0	0	216.596	93
43	22	0	0	0	0	213.493	94
43	23	0	0	0	0	233.66	95
44	23	0	0	0	0	224.287	96
44	23	0	0	0	0	240.914	97
44	23	0	0	0	0	242.553	98
44	23	0	0	0	0	243.743	99
44	23	0	0	0	0	241.621	100
44	23	0	0	0	0	257.603	101
44	23	0	0	0	0	243.184	102
48	23	0	0	0	0	228.471	103
47	23	0	0	0	0	230.931	104
47	23	0	0	0	0	245.648	105
47	24	0	0	0	0	242.561	106
47	24	0	0	0	0	252.115	107
48	24	0	0	0	0	239.727	108
47	24	0	0	0	0	246.593	109
47	24	0	0	0	0	243.708	110
47	24	0	0	0	0	239.109	111
47	24	0	0	0	0	245.435	112
47	24	0	0	0	0	246.539	113
47	22	0	0	0	0	251.424	114
47	21	0	0	0	0	243.941	115
47	21	0	0	0	0	252.406	116
47	21	0	0	0	0	236.936	117
47	22	0	0	0	0	238.821	118
49	22	0	0	0	0	216.491	119
48	23	0	0	0	0	228.797	120
49	24	0	0	0	0	226.085	121
49	24	0	0	0	0	211.868	122
49	22	0	0	0	0	219.611	123
49	22	0	0	0	0	230.126	124
48	22	0	0	0	0	244.904	125
48	29	0	0	0	0	248.86	126
50	29	0	0	0	0	250.768	127
50	29	0	0	0	0	275.911	128
50	28	0	0	0	0	266.833	129
50	28	0	0	0	0	270.367	130
50	29	0	0	0	0	292.009	131
51	28	0	0	0	0	279.789	132
51	29	0	0	0	0	285.745	133
51	29	0	0	0	0	272.542	134
52	29	0	0	0	0	279.134	135
53	29	0	0	0	0	299.802	136
53	29	0	0	0	0	271.856	137
55	29	0	0	0	0	278.448	138
57	32	0	0	0	0	281.412	139
56	29	0	0	0	0	290.079	140
57	29	0	0	0	0	310.883	141
57	31	0	0	0	0	304.677	142
57	31	0	0	0	0	299.646	143
57	37	0	0	0	0	299.425	144
55	37	0	0	0	0	311.475	145
55	37	0	0	0	0	307.919	146
55	33	0	0	0	0	296.073	147
48	33	0	0	0	0	289.417	148
48	33	0	0	0	0	275.368	149
48	31	0	0	0	0	259.727	150
43	31	0	0	0	0	244.981	151
43	31	0	0	0	0	238.899	152
37	32	0	0	0	0	242.461	153
37	32	0	0	0	0	246.945	154
38	33	0	0	0	0	238.879	155
39	33	0	0	0	0	255.85	156
39	35	0	0	0	0	268.099	157
40	35	0	0	0	0	258.044	158
40	39	0	0	0	0	256.217	159
40	39	0	0	0	0	261.044	160
41	39	0	0	0	0	267.26	161
41	39	0	0	0	0	267.357	162
42	39	0	0	0	0	265.404	163
42	39	0	0	0	0	296.272	164
43	39	0	0	0	0	290.781	165
44	40	0	0	0	0	301.406	166
42	40	0	0	0	0	275.513	167
41	39	0	0	0	0	283.149	168
41	40	0	0	0	0	286.736	169
41	40	0	0	0	0	288.205	170
42	40	0	0	0	0	296.306	171
42	41	0	0	0	0	281.451	172
43	41	0	0	0	0	277.502	173
43	41	0	0	0	0	283.993	174
41	42	0	0	0	0	287.35	175
41	42	0	0	0	0	285.948	176
41	44	0	0	0	0	302.712	177
40	44	0	0	0	0	294.278	178
40	44	0	0	0	0	292.691	179
41	44	0	0	0	0	309.161	180
42	44	0	0	0	0	292.42	181
43	46	0	0	0	0	318.106	182
44	46	0	0	0	0	327.564	183
44	47	0	0	0	0	332.21	184
44	47	0	0	0	0	327.005	185
44	47	0	0	0	0	331.542	186
44	47	0	0	0	0	337.819	187
45	47	0	0	0	0	323.147	188
45	47	0	0	0	0	317.723	189
45	47	0	0	0	0	321.437	190
45	46	0	0	0	0	323.278	191
45	46	0	0	0	0	317.545	192
45	45	0	0	0	0	320.105	193
45	44	0	0	0	0	337.822	194
45	44	0	0	0	0	314.524	195
45	44	0	0	0	0	326.439	196
45	44	0	0	0	0	330.123	197
45	44	0	0	0	0	319.677	198
45	43	0	0	0	0	317.088	199
45	42	0	0	0	0	306.189	200
46	42	0	0	0	0	322.161	201
46	42	0	0	0	0	331.833	202
47	42	0	0	0	0	314.767	203
48	43	0	0	0	0	319.206	204
48	42	0	0	0	0	336.586	205
48	42	0	0	0	0	339.831	206
48	42	0	0	0	0	313.783	207
48	42	0	0	0	0	313.157	208
48	42	0	0	0	0	335.075	209
48	42	0	0	0	0	330.571	210
49	42	0	0	0	0	318.503	211
49	42	0	0	0	0	331.988	212
49	42	0	0	0	0	326.326	213
51	42	0	0	0	0	312.781	214
52	41	0	0	0	0	322.759	215
52	41	0	0	0	0	349.116	216
52	41	0	0	0	0	334.925	217
52	41	0	0	0	0	334.216	218
54	43	0	0	0	0	351.512	219
54	42	0	0	0	0	303.44	220
55	42	0	0	0	0	354.164	221
56	43	0	0	0	0	334.815	222
55	43	0	0	0	0	353.882	223
56	43	0	0	0	0	348.418	224
57	43	0	0	0	0	335.156	225
59	43	0	0	0	0	323.253	226
59	43	0	0	0	0	343.025	227
57	43	0	0	0	0	341.098	228
57	44	0	0	0	0	338.907	229
58	44	0	0	0	0	343.359	230
57	43	0	0	0	0	322.924	231
58	43	0	0	0	0	350.696	232
58	43	0	0	0	0	357.888	233
59	43	0	0	0	0	346.511	234
59	44	0	0	0	0	361.644	235
59	43	0	0	0	0	328.735	236
58	44	0	0	0	0	362.76	237
58	44	0	0	0	0	318.788	238
58	43	0	0	0	0	344.63	239
60	43	0	0	0	0	369.265	240
59	42	0	0	0	0	312.364	241
60	41	0	0	0	0	306.243	242
60	41	0	0	0	0	321.972	243
54	40	0	0	0	0	327.114	244
54	40	0	0	0	0	328.639	245
54	41	0	0	0	0	329.758	246
54	41	0	0	0	0	321.794	247
54	41	0	0	0	0	322.501	248
53	42	0	0	0	0	333.601	249
52	42	0	0	0	0	306.701	250
52	42	0	0	0	0	318.603	251
53	41	0	0	0	0	306.555	252
49	41	0	0	0	0	317.819	253
49	45	0	0	0	0	312.731	254
48	44	0	0	0	0	315.646	255
49	43	0	0	0	0	316.502	256
50	42	0	0	0	0	311.489	257
48	43	0	0	0	0	292.564	258
48	44	0	0	0	0	326.953	259
48	44	0	0	0	0	337.313	260
48	43	0	0	0	0	271.17	261
49	42	0	0	0	0	301.338	262
48	43	0	0	0	0	321.904	263
50	43	0	0	0	0	307.463	264
50	43	0	0	0	0	305.276	265
51	42	0	0	0	0	324.557	266
51	41	0	0	0	0	325.863	267
51	40	0	0	0	0	340.402	268
50	40	0	0	0	0	295.272	269
51	40	0	0	0	0	310.321	270
52	40	0	0	0	0	303.625	271
53	37	0	0	0	0	282.78	272
52	36	0	0	0	0	284.567	273
52	36	0	0	0	0	268.007	274
53	33	0	0	0	0	275.498	275
55	33	0	0	0	0	284.67	276
53	31	0	0	0	0	273.997	277
55	33	0	0	0	0	280.981	278
55	33	0	0	0	0	302.004	279
54	33	0	0	0	0	301.117	280
55	33	0	0	0	0	284.652	281
55	32	0	0	0	0	289.328	282
55	32	0	0	0	0	304.807	283
55	32	0	0	0	0	292.9	284
54	31	0	0	0	0	276.769	285
54	32	0	0	0	0	291.672	286
53	32	0	0	0	0	280.781	287
54	32	0	0	0	0	271.404	288
54	31	0	0	0	0	308.078	289
52	31	0	0	0	0	292.522	290
52	30	0	0	0	0	280.737	291
53	29	0	0	0	0	293.48	292
53	29	0	0	0	0	296.728	293
53	26	0	0	0	0	285.89	294
53	26	0	0	0	0	282.174	295
53	26	0	0	0	0	247.856	296
54	27	0	0	0	0	287.291	297
55	28	0	0	0	0	286.096	298
55	28	0	0	0	0	288.721	299
55	28	0	0	0	0	289.558	300
55	27	0	0	0	0	282.437	301
56	27	0	0	0	0	298.981	302
56	27	0	0	0	0	300.4	303
56	27	0	0	0	0	264.993	304
56	28	0	0	0	0	282.878	305
52	27	0	0	0	0	278.038	306
52	27	0	0	0	0	280.391	307
51	25	0	0	0	0	259.889	308
51	25	0	0	0	0	265.883	309
51	25	0	0	0	0	273.497	310
51	25	0	0	0	0	265.613	311
51	25	0	0	0	0	272.67	312
51	25	0	0	0	0	266.919	313
51	24	0	0	0	0	268.285	314
51	24	0	0	0	0	264.402	315
49	24	0	0	0	0	263.501	316
50	24	0	0	0	0	278.29	317
50	24	0	0	0	0	265.393	318
50	24	0	0	0	0	271.215	319
50	24	0	0	0	0	261.866	320
49	23	0	0	0	0	240.873	321
50	22	0	0	0	0	245.54	322
51	21	0	0	0	0	271.367	323
51	21	0	0	0	0	263.019	324
52	21	0	0	0	0	250.664	325
52	21	0	0	0	0	258.483	326
54	21	0	0	0	0	254.286	327
54	21	0	0	0	0	274.05	328
54	21	0	0	0	0	261.159	329
53	21	0	0	0	0	268.118	330
52	21	0	0	0	0	255.41	331
50	21	0	0	0	0	251.648	332
50	22	0	0	0	0	245.562	333
51	22	0	0	0	0	253.853	334
51	22	0	0	0	0	256.605	335
52	22	0	0	0	0	252.549	336
52	22	0	0	0	0	254.254	337
52	22	0	0	0	0	253.676	338
52	22	0	0	0	0	248.296	339
52	22	0	0	0	0	270.061	340
52	22	0	0	0	0	277.495	341
51	23	0	0	0	0	265.379	342
51	23	0	0	0	0	259.326	343
52	23	0	0	0	0	259.924	344
51	23	0	0	0	0	265.667	345
52	23	0	0	0	0	284.495	346
52	23	0	0	0	0	267.812	347
52	23	0	0	0	0	265.54	348
52	23	0	0	0	0	267.568	349
52	23	0	0	0	0	258.97	350
52	22	0	0	0	0	265.44	351
52	25	0	0	0	0	265.325	352
52	26	0	0	0	0	267.168	353
51	26	0	0	0	0	274.107	354
49	26	0	0	0	0	278.364	355
49	26	0	0	0	0	266.871	356
49	25	0	0	0	0	249.28	357
49	26	0	0	0	0	262	358
49	26	0	0	0	0	253.247	359
49	28	0	0	0	0	265.287	360
45	28	0	0	0	0	258.493	361
45	28	0	0	0	0	276.075	362
46	28	0	0	0	0	227.579	363
42	28	0	0	0	0	240.67	364
40	29	0	0	0	0	245.264	365
41	30	0	0	0	0	236.309	366
41	29	0	0	0	0	257.045	367
42	29	0	0	0	0	220.879	368
40	28	0	0	0	0	250.642	369
40	28	0	0	0	0	240.785	370
41	29	0	0	0	0	252.282	371
42	30	0	0	0	0	253.182	372
42	34	0	0	0	0	239.917	373
38	34	0	0	0	0	242.279	374
40	34	0	0	0	0	250.997	375
39	34	0	0	0	0	260.45	376
39	34	0	0	0	0	260.34	377
39	36	0	0	0	0	246.2	378
38	34	0	0	0	0	245.102	379
36	34	0	0	0	0	230.591	380
36	34	0	0	0	0	234.303	381
32	34	0	0	0	0	226.888	382
32	33	0	0	0	0	238.235	383
32	32	0	0	0	0	225.499	384
33	32	0	0	0	0	227.194	385
31	32	0	0	0	0	229.27	386
31	34	0	0	0	0	239.523	387
31	35	0	0	0	0	236.578	388
31	35	0	0	0	0	233.175	389
31	34	0	0	0	0	224.969	390
31	34	0	0	0	0	224.954	391
32	34	0	0	0	0	237.063	392
32	34	0	0	0	0	225.694	393
31	34	0	0	0	0	228.189	394
31	34	0	0	0	0	218.125	395
30	34	0	0	0	0	206.428	396
29	35	0	0	0	0	212.723	397
30	35	0	0	0	0	204.731	398
30	34	0	0	0	0	210.885	399
29	33	0	0	0	0	222.18	400
29	33	0	0	0	0	219.622	401
29	33	0	0	0	0	217.191	402
29	33	0	0	0	0	217.453	403
29	32	0	0	0	0	226.344	404
29	31	0	0	0	0	201.022	405
28	31	0	0	0	0	206.826	406
28	31	0	0	0	0	201.812	407
28	30	0	0	0	0	192.094	408
28	29	0	0	0	0	203.579	409
29	30	0	0	0	0	201.464	410
32	31	0	0	0	0	214.694	411
31	31	0	0	0	0	219.984	412
30	31	0	0	0	0	206.443	413
30	31	0	0	0	0	207.398	414
29	30	0	0	0	0	199.604	415
29	30	0	0	0	0	208.417	416
28	28	0	0	0	0	199.142	417
28	28	0	0	0	0	194.407	418
29	28	0	0	0	0	197.421	419
28	26	0	0	0	0	173.593	420
28	26	0	0	0	0	189.415	421
28	25	0	0	0	0	182.023	422
28	24	0	0	0	0	164.485	423
30	21	0	0	0	0	140.292	424
30	13	0	0	0	0	129.099	425
31	13	0	0	0	0	144.754	426
30	13	0	0	0	0	123.643	427
32	12	0	0	0	0	131.209	428
32	12	0	0	0	0	137.646	429
32	12	0	0	0	0	137.322	430
32	10	0	0	0	0	134.637	431
32	8	0	0	0	0	135.361	432
33	8	0	0	0	0	122.31	433
33	6	0	0	0	0	129.962	434
33	6	0	0	0	0	132.041	435
33	5	0	0	0	0	134.922	436
33	5	0	0	0	0	129.483	437
35	5	0	0	0	0	134.714	438
35	5	0	0	0	0	131.392	439
35	5	0	0	0	0	131.633	440
35	5	0	0	0	0	126.489	441
35	5	0	0	0	0	128.464	442
35	5	0	0	0	0	133.969	443
35	5	0	0	0	0	120.258	444
35	3	0	0	0	0	131.588	445
36	3	0	0	0	0	119.265	446
36	3	0	0	0	0	133.279	447
36	2	0	0	0	0	141.414	448
36	2	0	0	0	0	127.197	449
36	5	0	0	0	0	136.837	450
37	7	0	0	0	0	136.292	451
36	7	0	0	0	0	151.101	452
36	7	0	0	0	0	145.883	453
35	7	0	0	0	0	139.622	454
33	7	0	0	0	0	141.502	455
33	7	0	0	0	0	133.348	456
34	7	0	0	0	0	143.013	457
34	10	0	0	0	0	131.807	458
34	10	0	0	0	0	129.069	459
34	10	0	0	0	0	134.955	460
34	10	0	0	0	0	132.256	461
35	11	0	0	0	0	126.648	462
36	11	0	0	0	0	132.254	463
36	14	0	0	0	0	132.758	464
35	16	0	0	0	0	132.682	465
34	16	0	0	0	0	163.5	466
32	16	0	0	0	0	164.121	467
32	17	0	0	0	0	161.189	468
31	17	0	0	0	0	157.704	469
32	19	0	0	0	0	157.44	470
32	19	0	0	0	0	153.647	471
31	19	0	0	0	0	155.838	472
28	19	0	0	0	0	167.664	473
28	20	0	0	0	0	162.093	474
28	20	0	0	0	0	161.685	475
28	20	0	0	0	0	169.351	476
27	19	0	0	0	0	158.419	477
27	19	0	0	0	0	164.121	478
29	19	0	0	0	0	160.41	479
29	19	0	0	0	0	171.64	480
30	19	0	0	0	0	170.303	481
30	19	0	0	0	0	166.059	482
31	19	0	0	0	0	172.439	483
31	19	0	0	0	0	169.988	484
31	19	0	0	0	0	170.622	485
31	21	0	0	0	0	164.055	486
31	21	0	0	0	0	161.054	487
31	21	0	0	0	0	172.237	488
30	21	0	0	0	0	175.746	489
30	21	0	0	0	0	187.856	490
33	21	0	0	0	0	183.661	491
33	22	0	0	0	0	176.053	492
33	22	0	0	0	0	204.038	493
33	21	0	0	0	0	186.463	494
33	21	0	0	0	0	184.196	495
33	21	0	0	0	0	198.192	496
33	22	0	0	0	0	179.021	497
33	22	0	0	0	0	188.362	498
32	22	0	0	0	0	186.642	499
32	23	0	0	0	0	188.966	500
32	23	0	0	0	0	184.036	501
32	23	0	0	0	0	198.301	502
31	23	0	0	0	0	196.995	503
31	24	0	0	0	0	187.72	504
31	24	0	0	0	0	195.426	505
31	24	0	0	0	0	199.549	506
31	24	0	0	0	0	200.326	507
32	24	0	0	0	0	189.749	508
32	24	0	0	0	0	199.097	509
32	24	0	0	0	0	197.229	510
32	27	0	0	0	0	196.935	511
32	27	0	0	0	0	192.411	512
33	27	0	0	0	0	194.972	513
33	26	0	0	0	0	208.426	514
32	26	0	0	0	0	185.203	515
33	28	0	0	0	0	195.601	516
33	27	0	0	0	0	199.096	517
32	27	0	0	0	0	207.327	518
32	27	0	0	0	0	201.754	519
30	28	0	0	0	0	184.344	520
30	32	0	0	0	0	185.634	521
30	31	0	0	0	0	179.557	522
30	30	0	0	0	0	180.59	523
30	30	0	0	0	0	189.505	524
27	30	0	0	0	0	181.321	525
26	30	0	0	0	0	176.56	526
26	30	0	0	0	0	198.028	527
25	30	0	0	0	0	192.308	528
25	30	0	0	0	0	207.537	529
26	30	0	0	0	0	189.353	530
25	30	0	0	0	0	195.354	531
25	30	0	0	0	0	201.938	532
26	30	0	0	0	0	193.202	533
26	30	0	0	0	0	199.247	534
26	30	0	0	0	0	200.507	535
26	30	0	0	0	0	194.724	536
26	29	0	0	0	0	201.009	537
26	29	0	0	0	0	200.508	538
28	29	0	0	0	0	200.31	539
28	29	0	0	0	0	185.079	540
28	29	0	0	0	0	197.097	541
28	28	0	0	0	0	201.141	542
28	28	0	0	0	0	187.312	543
29	28	0	0	0	0	201.173	544
29	28	0	0	0	0	203.961	545
29	28	0	0	0	0	205.344	546
29	28	0	0	0	0	199.376	547
29	28	0	0	0	0	203.911	548
29	29	0	0	0	0	199.968	549
30	35	0	0	0	0	216.912	550
30	36	0	0	0	0	230.62	551
30	39	0	0	0	0	234.95	552
30	39	0	0	0	0	243.351	553
30	41	0	0	0	0	226.488	554
30	41	0	0	0	0	195.496	555
30	41	0	0	0	0	218.435	556
30	41	0	0	0	0	216.669	557
30	42	0	0	0	0	211.091	558
27	43	0	0	0	0	213.738	559
27	43	0	0	0	0	202.726	560
20	42	0	0	0	0	206.612	561
21	41	0	0	0	0	222.068	562
22	41	0	0	0	0	203.062	563
22	39	0	0	0	0	216.956	564
23	38	0	0	0	0	208.631	565
24	38	0	0	0	0	219.428	566
24	38	0	0	0	0	213.824	567
24	38	0	0	0	0	219.361	568
26	38	0	0	0	0	217.956	569
26	38	0	0	0	0	213.413	570
27	38	0	0	0	0	219.016	571
28	38	0	0	0	0	234.071	572
28	38	0	0	0	0	224.238	573
28	38	0	0	0	0	232.582	574
28	38	0	0	0	0	232.181	575
28	38	0	0	0	0	239.359	576
28	37	0	0	0	0	217.326	577
28	38	0	0	0	0	225.733	578
28	38	0	0	0	0	236.505	579
29	38	0	0	0	0	224.276	580
29	37	0	0	0	0	221.724	581
29	37	0	0	0	0	239.737	582
29	36	0	0	0	0	236.497	583
29	36	0	0	0	0	221.216	584
29	36	0	0	0	0	240.47	585
29	36	0	0	0	0	245.823	586
28	36	0	0	0	0	207.491	587
29	36	0	0	0	0	213.699	588
29	36	0	0	0	0	216.616	589
29	35	0	0	0	0	213.304	590
29	35	0	0	0	0	226.388	591
29	34	0	0	0	0	218.166	592
29	34	0	0	0	0	222.938	593
29	34	0	0	0	0	230.529	594
32	34	0	0	0	0	217.924	595
32	34	0	0	0	0	213.997	596
32	33	0	0	0	0	215.127	597
33	36	0	0	0	0	226.643	598
35	36	0	0	0	0	215.738	599
34	35	0	0	0	0	227.862	600
35	34	0	0	0	0	252.29	601
35	34	0	0	0	0	245.559	602
36	34	0	0	0	0	242.054	603
36	33	0	0	0	0	239.041	604
36	32	0	0	0	0	232.42	605
37	31	0	0	0	0	229.44	606
36	30	0	0	0	0	233.99	607
36	30	0	0	0	0	230.924	608
36	30	0	0	0	0	227.247	609
36	31	0	0	0	0	232.557	610
38	31	0	0	0	0	227.057	611
37	33	0	0	0	0	244.623	612
37	33	0	0	0	0	213.97	613
40	33	0	0	0	0	222.812	614
40	33	0	0	0	0	239.844	615
40	32	0	0	0	0	259.57	616
40	32	0	0	0	0	218.46	617
40	32	0	0	0	0	252.183	618
40	32	0	0	0	0	262.213	619
41	33	0	0	0	0	265.373	620
43	33	0	0	0	0	245.062	621
43	33	0	0	0	0	256.759	622
43	32	0	0	0	0	242.443	623
43	31	0	0	0	0	254.686	624
43	30	0	0	0	0	264.803	625
44	30	0	0	0	0	248.464	626
44	30	0	0	0	0	262.422	627
44	30	0	0	0	0	259.667	628
42	30	0	0	0	0	258.247	629
43	29	0	0	0	0	255.513	630
43	29	0	0	0	0	254.622	631
43	41	0	0	0	0	268.408	632
42	40	0	0	0	0	279.781	633
42	41	0	0	0	0	287.629	634
43	41	0	0	0	0	290.004	635
44	41	0	0	0	0	276.64	636
48	39	0	0	0	0	301.881	637
50	39	0	0	0	0	288.812	638
50	39	0	0	0	0	290.657	639
50	40	0	0	0	0	308.528	640
46	40	0	0	0	0	313.135	641
46	41	0	0	0	0	320.97	642
47	41	0	0	0	0	291.231	643
47	41	0	0	0	0	324.273	644
47	41	0	0	0	0	322.089	645
47	41	0	0	0	0	313.925	646
47	41	0	0	0	0	319.891	647
47	41	0	0	0	0	313.385	648
47	41	0	0	0	0	321.078	649
47	42	0	0	0	0	313.667	650
47	44	0	0	0	0	322.858	651
49	44	0	0	0	0	298.5	652
51	44	0	0	0	0	320.518	653
51	44	0	0	0	0	338.915	654
51	44	0	0	0	0	336.334	655
51	44	0	0	0	0	320.412	656
50	44	0	0	0	0	328.383	657
50	44	0	0	0	0	324.455	658
49	44	0	0	0	0	311.979	659
49	45	0	0	0	0	327.04	660
49	44	0	0	0	0	335.62	661
50	44	0	0	0	0	324.283	662
51	44	0	0	0	0	342.868	663
51	43	0	0	0	0	344.322	664
51	42	0	0	0	0	316.886	665
52	42	0	0	0	0	322.163	666
53	42	0	0	0	0	332.921	667
53	42	0	0	0	0	333.235	668
53	42	0	0	0	0	327.415	669
54	42	0	0	0	0	335.734	670
55	40	0	0	0	0	322.058	671
55	40	0	0	0	0	330.263	672
56	40	0	0	0	0	341.542	673
57	41	0	0	0	0	357.495	674
58	40	0	0	0	0	345.668	675
58	40	0	0	0	0	342.764	676
58	40	0	0	0	0	338.341	677
58	40	0	0	0	0	374.23	678
58	41	0	0	0	0	365.409	679
58	41	0	0	0	0	343.664	680
60	41	0	0	0	0	345.105	681
60	40	0	0	0	0	342.625	682
59	39	0	0	0	0	360.107	683
59	39	0	0	0	0	344.181	684
60	38	0	0	0	0	341.601	685
62	38	0	0	0	0	351.999	686
62	38	0	0	0	0	357.651	687
62	38	0	0	0	0	356.007	688
61	38	0	0	0	0	359.671	689
61	38	0	0	0	0	364.997	690
63	38	0	0	0	0	351.08	691
64	38	0	0	0	0	366.297	692
64	38	0	0	0	0	365.371	693
64	38	0	0	0	0	388.639	694
63	38	0	0	0	0	341.833	695
62	38	0	0	0	0	347.37	696
63	38	0	0	0	0	346.354	697
63	38	0	0	0	0	347.612	698
63	37	0	0	0	0	338.93	699
63	34	0	0	0	0	354.524	700
63	34	0	0	0	0	342.334	701
63	30	0	0	0	0	342.101	702
63	30	0	0	0	0	334.46	703
63	31	0	0	0	0	343.36	704
63	31	0	0	0	0	336.055	705
63	31	0	0	0	0	335.648	706
63	31	0	0	0	0	326.306	707
63	31	0	0	0	0	334.363	708
63	31	0	0	0	0	333.017	709
62	31	0	0	0	0	339.659	710
64	31	0	0	0	0	333.665	711
63	34	0	0	0	0	316.024	712
59	34	0	0	0	0	316.006	713
59	34	0	0	0	0	320.991	714
60	35	0	0	0	0	331.777	715
58	35	0	0	0	0	310	716
58	36	0	0	0	0	320.529	717
61	36	0	0	0	0	323.899	718
60	37	0	0	0	0	338.427	719
61	37	0	0	0	0	334.261	720
58	38	0	0	0	0	341.971	721
58	38	0	0	0	0	354.314	722
58	38	0	0	0	0	303.372	723
58	38	0	0	0	0	326.024	724
59	37	0	0	0	0	321.381	725
59	38	0	0	0	0	317.931	726
58	38	0	0	0	0	313.312	727
57	37	0	0	0	0	311.73	728
58	38	0	0	0	0	311.459	729
57	38	0	0	0	0	315.688	730
56	39	0	0	0	0	329.351	731
57	39	0	0	0	0	336.247	732
57	41	0	0	0	0	348.956	733
57	41	0	0	0	0	344.149	734
57	40	0	0	0	0	342.07	735
57	40	0	0	0	0	329.175	736
58	41	0	0	0	0	349.791	737
57	41	0	0	0	0	346.854	738
56	41	0	0	0	0	345.118	739
51	41	0	0	0	0	333.226	740
51	42	0	0	0	0	321.242	741
51	42	0	0	0	0	325.436	742
50	42	0	0	0	0	327.57	743
50	42	0	0	0	0	338.866	744
49	42	0	0	0	0	323.503	745
49	42	0	0	0	0	332.64	746
48	44	0	0	0	0	328.746	747
48	42	0	0	0	0	305.303	748
48	43	0	0	0	0	341.094	749
48	43	0	0	0	0	325.782	750
48	43	0	0	0	0	321.206	751
48	45	0	0	0	0	326.414	752
46	44	0	0	0	0	310.837	753
46	44	0	0	0	0	317.354	754
46	44	0	0	0	0	329.825	755
47	44	0	0	0	0	282.365	756
50	46	0	0	0	0	300.003	757
50	46	0	0	0	0	291.847	758
50	46	0	0	0	0	293.998	759
50	46	0	0	0	0	306.706	760
45	43	0	0	0	0	297.961	761
45	43	0	0	0	0	312.653	762
47	43	0	0	0	0	330.945	763
46	43	0	0	0	0	323.996	764
46	43	0	0	0	0	320.107	765
46	43	0	0	0	0	310.801	766
46	42	0	0	0	0	315.546	767
46	41	0	0	0	0	303.917	768
46	41	0	0	0	0	313.046	769
46	41	0	0	0	0	304.014	770
46	41	0	0	0	0	303.368	771
43	41	0	0	0	0	304.122	772
43	42	0	0	0	0	323.206	773
43	42	0	0	0	0	301.025	774
43	41	0	0	0	0	298.061	775
43	41	0	0	0	0	303.694	776
43	41	0	0	0	0	295.977	777
43	42	0	0	0	0	303.271	778
40	42	0	0	0	0	299.431	779
41	42	0	0	0	0	299.351	780
41	42	0	0	0	0	271.036	781
42	35	0	0	0	0	276.942	782
44	33	0	0	0	0	236.994	783
44	33	0	0	0	0	243.182	784
44	33	0	0	0	0	236.137	785
44	33	0	0	0	0	229.411	786
41	32	0	0	0	0	232.132	787
41	32	0	0	0	0	233.553	788
41	32	0	0	0	0	227.102	789
42	29	0	0	0	0	218.771	790
42	29	0	0	0	0	238.384	791
42	29	0	0	0	0	244.086	792
42	30	0	0	0	0	229.357	793
42	28	0	0	0	0	235.229	794
42	28	0	0	0	0	246.967	795
43	27	0	0	0	0	240.283	796
44	27	0	0	0	0	243.59	797
44	26	0	0	0	0	241.73	798
43	26	0	0	0	0	261.08	799
43	26	0	0	0	0	239.404	800
43	26	0	0	0	0	218.832	801
40	28	0	0	0	0	218.196	802
40	30	0	0	0	0	232.324	803
40	30	0	0	0	0	221.806	804
40	30	0	0	0	0	240.403	805
40	31	0	0	0	0	219.389	806
36	31	0	0	0	0	228.101	807
36	31	0	0	0	0	215.386	808
37	31	0	0	0	0	240.3	809
35	31	0	0	0	0	210.733	810
34	31	0	0	0	0	244.651	811
35	31	0	0	0	0	201.448	812
35	31	0	0	0	0	212.458	813
36	31	0	0	0	0	228.762	814
35	31	0	0	0	0	226.288	815
35	31	0	0	0	0	233.777	816
35	30	0	0	0	0	226.522	817
35	30	0	0	0	0	227.906	818
35	30	0	0	0	0	222.334	819
34	30	0	0	0	0	225.305	820
34	30	0	0	0	0	221.796	821
34	29	0	0	0	0	227.239	822
34	29	0	0	0	0	224.554	823
36	28	0	0	0	0	224.894	824
36	28	0	0	0	0	230.129	825
35	27	0	0	0	0	227.376	826
35	28	0	0	0	0	237.529	827
35	28	0	0	0	0	231.784	828
36	28	0	0	0	0	222.113	829
36	28	0	0	0	0	227.43	830
36	27	0	0	0	0	223.689	831
36	27	0	0	0	0	215.598	832
36	26	0	0	0	0	225.086	833
36	26	0	0	0	0	194.371	834
36	26	0	0	0	0	186.138	835
33	26	0	0	0	0	201.273	836
33	26	0	0	0	0	200.532	837
33	26	0	0	0	0	202.496	838
33	25	0	0	0	0	199.559	839
33	24	0	0	0	0	189.29	840
33	24	0	0	0	0	195.076	841
31	24	0	0	0	0	192.139	842
31	24	0	0	0	0	202.173	843
30	23	0	0	0	0	170.365	844
30	23	0	0	0	0	184.624	845
31	23	0	0	0	0	188.922	846
31	24	0	0	0	0	196.923	847
31	24	0	0	0	0	201.875	848
31	24	0	0	0	0	208.284	849
32	24	0	0	0	0	182.618	850
32	24	0	0	0	0	185.814	851
33	32	0	0	0	0	198.282	852
34	32	0	0	0	0	240.565	853
34	33	0	0	0	0	233.512	854
34	33	0	0	0	0	231.113	855
34	32	0	0	0	0	231.3	856
36	34	0	0	0	0	236.896	857
36	34	0	0	0	0	245.528	858
36	35	0	0	0	0	253.325	859
36	35	0	0	0	0	237.94	860
31	35	0	0	0	0	224.473	861
30	35	0	0	0	0	220.939	862
30	35	0	0	0	0	197.678	863
31	35	0	0	0	0	189.69	864
30	34	0	0	0	0	186.714	865
30	33	0	0	0	0	193.27	866
30	31	0	0	0	0	185.282	867
27	31	0	0	0	0	195.067	868
28	31	0	0	0	0	188.365	869
26	31	0	0	0	0	193.971	870
26	31	0	0	0	0	202.83	871
26	31	0	0	0	0	217.575	872
26	31	0	0	0	0	198.985	873
26	32	0	0	0	0	212.428	874
25	32	0	0	0	0	202.824	875
24	31	0	0	0	0	196.669	876
24	31	0	0	0	0	198.992	877
24	33	0	0	0	0	188.374	878
24	33	0	0	0	0	202.285	879
24	33	0	0	0	0	197.916	880
24	32	0	0	0	0	195.026	881
23	32	0	0	0	0	191.621	882
23	33	0	0	0	0	189.707	883
24	33	0	0	0	0	192.393	884
24	34	0	0	0	0	188.41	885
24	34	0	0	0	0	195.178	886
22	34	0	0	0	0	186.368	887
22	34	0	0	0	0	197.331	888
23	34	0	0	0	0	207.032	889
23	34	0	0	0	0	198.948	890
23	32	0	0	0	0	190.629	891
22	32	0	0	0	0	174.146	892
22	32	0	0	0	0	197.148	893
21	32	0	0	0	0	188.313	894
20	32	0	0	0	0	191.125	895
20	32	0	0	0	0	189.75	896
20	31	0	0	0	0	187.485	897
20	31	0	0	0	0	194.641	898
21	31	0	0	0	0	179.383	899
21	31	0	0	0	0	173.475	900
21	31	0	0	0	0	178.479	901
21	30	0	0	0	0	175.527	902
21	30	0	0	0	0	174.045	903
21	32	0	0	0	0	186.167	904
21	32	0	0	0	0	183.908	905
21	32	0	0	0	0	175.842	906
19	31	0	0	0	0	173.177	907
19	31	0	0	0	0	174.215	908
20	31	0	0	0	0	182.376	909
20	32	0	0	0	0	152.703	910
20	33	0	0	0	0	156.412	911
20	33	0	0	0	0	148.392	912
19	33	0	0	0	0	156.221	913
18	33	0	0	0	0	155.769	914
18	34	0	0	0	0	156.47	915
19	35	0	0	0	0	154.348	916
19	35	0	0	0	0	147.524	917
19	35	0	0	0	0	147.57	918
19	33	0	0	0	0	156.354	919
19	33	0	0	0	0	154.663	920
19	31	0	0	0	0	152.499	921
19	31	0	0	0	0	151.453	922
20	31	0	0	0	0	174.374	923
20	30	0	0	0	0	179.795	924
20	30	0	0	0	0	176.695	925
20	30	0	0	0	0	168.95	926
22	30	0	0	0	0	179.072	927
23	30	0	0	0	0	183.294	928
23	30	0	0	0	0	175.76	929
23	30	0	0	0	0	173.638	930
23	30	0	0	0	0	181.979	931
23	30	0	0	0	0	183.126	932
23	30	0	0	0	0	188.166	933
23	30	0	0	0	0	187.918	934
23	30	0	0	0	0	186.893	935
23	31	0	0	0	0	193.101	936
23	31	0	0	0	0	173.844	937
24	32	0	0	0	0	201.708	938
23	33	0	0	0	0	185.432	939
24	33	0	0	0	0	191.783	940
24	33	0	0	0	0	199.764	941
24	33	0	0	0	0	191.933	942
24	34	0	0	0	0	201.435	943
24	34	0	0	0	0	203.86	944
24	34	0	0	0	0	205.006	945
25	33	0	0	0	0	206.321	946
24	33	0	0	0	0	197.066	947
23	33	0	0	0	0	200.996	948
22	33	0	0	0	0	197.129	949
22	34	0	0	0	0	188.467	950
22	34	0	0	0	0	203.902	951
22	33	0	0	0	0	195.33	952
22	33	0	0	0	0	201.225	953
22	33	0	0	0	0	192.39	954
22	33	0	0	0	0	200.823	955
22	32	0	0	0	0	191.211	956
21	32	0	0	0	0	182.909	957
21	32	0	0	0	0	186.475	958
21	32	0	0	0	0	192.603	959
21	32	0	0	0	0	194.824	960
22	32	0	0	0	0	192.976	961
22	32	0	0	0	0	194.738	962
22	32	0	0	0	0	203.007	963
22	32	0	0	0	0	197.549	964
22	34	0	0	0	0	199.565	965
22	34	0	0	0	0	170.614	966
22	34	0	0	0	0	196.28	967
22	34	0	0	0	0	194.257	968
22	35	0	0	0	0	179.841	969
23	44	0	0	0	0	216.698	970
23	44	0	0	0	0	219.133	971
23	46	0	0	0	0	209.496	972
24	44	0	0	0	0	215.985	973
23	43	0	0	0	0	212.832	974
23	43	0	0	0	0	227.5	975
23	43	0	0	0	0	239.933	976
23	42	0	0	0	0	231.164	977
23	42	0	0	0	0	224.718	978
21	42	0	0	0	0	224.831	979
22	43	0	0	0	0	218.584	980
20	42	0	0	0	0	224.95	981
20	41	0	0	0	0	220.259	982
20	41	0	0	0	0	224.509	983
20	41	0	0	0	0	223.691	984
20	42	0	0	0	0	224.586	985
20	42	0	0	0	0	216.458	986
21	42	0	0	0	0	200.608	987
21	42	0	0	0	0	219.066	988
20	42	0	0	0	0	211.167	989
20	41	0	0	0	0	215.504	990
21	43	0	0	0	0	194.677	991
21	41	0	0	0	0	176.261	992
22	41	0	0	0	0	198.144	993
22	38	0	0	0	0	186.246	994
25	38	0	0	0	0	190.711	995
25	40	0	0	0	0	214.133	996
26	41	0	0	0	0	221.743	997
27	40	0	0	0	0	218.073	998
27	40	0	0	0	0	226.767	999
26	40	0	0	0	0	211.58	1000
26	39	0	0	0	0	207.739	1001
27	37	0	0	0	0	212.413	1002
30	36	0	0	0	0	208.836	1003
30	36	0	0	0	0	217.407	1004
32	36	0	0	0	0	211.374	1005
32	36	0	0	0	0	212.387	1006
30	35	0	0	0	0	234.299	1007
30	35	0	0	0	0	236.559	1008
30	35	0	0	0	0	235.9	1009
30	34	0	0	0	0	234.309	1010
31	34	0	0	0	0	236.612	1011
31	34	0	0	0	0	233.92	1012
31	34	0	0	0	0	230.498	1013
31	34	0	0	0	0	206.29	1014
31	33	0	0	0	0	230.745	1015
31	33	0	0	0	0	229.612	1016
31	33	0	0	0	0	209.639	1017
31	33	0	0	0	0	235.513	1018
34	33	0	0	0	0	235.112	1019
34	33	0	0	0	0	238.416	1020
34	34	0	0	0	0	229.785	1021
34	34	0	0	0	0	216.38	1022
34	33	0	0	0	0	225.299	1023
35	32	0	0	0	0	225.789	1024
34	32	0	0	0	0	238.711	1025
36	33	0	0	0	0	232.002	1026
36	32	0	0	0	0	220.255	1027
36	34	0	0	0	0	227.746	1028
36	33	0	0	0	0	187.839	1029
36	34	0	0	0	0	214.051	1030
37	35	0	0	0	0	231.536	1031
37	35	0	0	0	0	237.338	1032
37	35	0	0	0	0	210.489	1033
37	35	0	0	0	0	227.721	1034
37	33	0	0	0	0	225.701	1035
37	34	0	0	0	0	246.96	1036
38	34	0	0	0	0	248.021	1037
39	34	0	0	0	0	261.354	1038
38	34	0	0	0	0	226.039	1039
39	34	0	0	0	0	253.929	1040
40	33	0	0	0	0	239.431	1041
40	35	0	0	0	0	252.088	1042
41	35	0	0	0	0	243.584	1043
42	35	0	0	0	0	273.352	1044
41	34	0	0	0	0	229.036	1045
41	34	0	0	0	0	253.246	1046
42	34	0	0	0	0	275.185	1047
43	34	0	0	0	0	273.65	1048
44	33	0	0	0	0	262.608	1049
44	31	0	0	0	0	256.242	1050
47	30	0	0	0	0	258.218	1051
47	30	0	0	0	0	261.544	1052
49	30	0	0	0	0	282.164	1053
49	30	0	0	0	0	273.452	1054
49	30	0	0	0	0	280.46	1055
50	30	0	0	0	0	274.301	1056
50	30	0	0	0	0	291.228	1057
50	30	0	0	0	0	281.095	1058
51	30	0	0	0	0	262.382	1059
51	30	0	0	0	0	289.072	1060
51	30	0	0	0	0	273.138	1061
51	30	0	0	0	0	274.063	1062
51	30	0	0	0	0	268.999	1063
53	30	0	0	0	0	279.396	1064
52	30	0	0	0	0	247.422	1065
52	29	0	0	0	0	273.777	1066
51	30	0	0	0	0	278.015	1067
52	31	0	0	0	0	294.957	1068
52	32	0	0	0	0	279.842	1069
52	32	0	0	0	0	292.199	1070
52	32	0	0	0	0	297.441	1071
53	32	0	0	0	0	284.17	1072
55	32	0	0	0	0	293.215	1073
55	31	0	0	0	0	283.354	1074
55	31	0	0	0	0	286.655	1075
54	31	0	0	0	0	298.304	1076
52	31	0	0	0	0	288.662	1077
52	31	0	0	0	0	289.508	1078
52	31	0	0	0	0	300.522	1079
53	31	0	0	0	0	293.219	1080
53	31	0	0	0	0	280.562	1081
52	31	0	0	0	0	287.85	1082
52	30	0	0	0	0	289.599	1083
52	32	0	0	0	0	299.324	1084
51	32	0	0	0	0	289.735	1085
52	31	0	0	0	0	292.72	1086
52	32	0	0	0	0	292.845	1087
52	32	0	0	0	0	284.554	1088
52	32	0	0	0	0	283.812	1089
51	32	0	0	0	0	286.053	1090
51	32	0	0	0	0	293.576	1091
51	31	0	0	0	0	301.15	1092
51	32	0	0	0	0	313.556	1093
52	32	0	0	0	0	292.182	1094
52	32	0	0	0	0	269.058	1095
53	33	0	0	0	0	292.848	1096
53	34	0	0	0	0	290.739	1097
53	34	0	0	0	0	296.778	1098
53	34	0	0	0	0	289.937	1099
53	34	0	0	0	0	275.355	1100
54	34	0	0	0	0	266.844	1101
54	34	0	0	0	0	294.807	1102
53	35	0	0	0	0	281.508	1103
53	34	0	0	0	0	291.278	1104
53	34	0	0	0	0	296.394	1105
52	34	0	0	0	0	287.165	1106
52	33	0	0	0	0	298.149	1107
53	34	0	0	0	0	311.227	1108
53	34	0	0	0	0	318.725	1109
53	34	0	0	0	0	280.259	1110
51	31	0	0	0	0	289.908	1111
50	30	0	0	0	0	291.799	1112
51	30	0	0	0	0	293.305	1113
52	30	0	0	0	0	295.993	1114
52	30	0	0	0	0	276.234	1115
52	30	0	0	0	0	291.69	1116
53	29	0	0	0	0	296.58	1117
54	28	0	0	0	0	282.602	1118
54	27	0	0	0	0	294.266	1119
54	32	0	0	0	0	297.109	1120
54	33	0	0	0	0	289.719	1121
54	33	0	0	0	0	282.53	1122
53	33	0	0	0	0	305.506	1123
53	32	0	0	0	0	313.277	1124
53	32	0	0	0	0	311.528	1125
53	32	0	0	0	0	308.262	1126
54	32	0	0	0	0	305.035	1127
54	32	0	0	0	0	313.411	1128
50	32	0	0	0	0	288.467	1129
49	31	0	0	0	0	283.963	1130
49	30	0	0	0	0	276.094	1131
50	34	0	0	0	0	299.108	1132
49	34	0	0	0	0	307.662	1133
50	34	0	0	0	0	310.696	1134
50	34	0	0	0	0	251.638	1135
49	35	0	0	0	0	254.068	1136
50	35	0	0	0	0	272.703	1137
50	34	0	0	0	0	282.517	1138
50	34	0	0	0	0	287.188	1139
50	33	0	0	0	0	288.456	1140
48	33	0	0	0	0	283.611	1141
47	33	0	0	0	0	285.456	1142
47	33	0	0	0	0	272.086	1143
47	37	0	0	0	0	284.662	1144
44	36	0	0	0	0	275.594	1145
43	37	0	0	0	0	288.059	1146
44	35	0	0	0	0	266.93	1147
45	35	0	0	0	0	274.545	1148
45	35	0	0	0	0	284.066	1149
44	35	0	0	0	0	295.099	1150
44	35	0	0	0	0	281.787	1151
44	35	0	0	0	0	283.741	1152
41	36	0	0	0	0	269.626	1153
41	37	0	0	0	0	286.509	1154
40	38	0	0	0	0	271.323	1155
40	38	0	0	0	0	280.285	1156
40	38	0	0	0	0	276.59	1157
40	39	0	0	0	0	249.01	1158
40	39	0	0	0	0	256.429	1159
40	39	0	0	0	0	272.445	1160
38	39	0	0	0	0	259.06	1161
38	47	0	0	0	0	248.651	1162
38	46	0	0	0	0	272.657	1163
36	46	0	0	0	0	281.67	1164
36	48	0	0	0	0	290.141	1165
37	48	0	0	0	0	278.529	1166
37	48	0	0	0	0	291.381	1167
37	48	0	0	0	0	291.35	1168
34	48	0	0	0	0	293.178	1169
34	49	0	0	0	0	293.26	1170
33	49	0	0	0	0	289.438	1171
32	50	0	0	0	0	308.175	1172
32	50	0	0	0	0	287.425	1173
33	49	0	0	0	0	282.376	1174
33	49	0	0	0	0	284.547	1175
34	48	0	0	0	0	282.796	1176
34	48	0	0	0	0	291.757	1177
34	47	0	0	0	0	309.023	1178
33	47	0	0	0	0	283.814	1179
33	46	0	0	0	0	274.807	1180
32	45	0	0	0	0	279.627	1181
32	45	0	0	0	0	284.445	1182
32	45	0	0	0	0	276.735	1183
33	45	0	0	0	0	296.032	1184
33	45	0	0	0	0	278.547	1185
33	45	0	0	0	0	298.949	1186
33	45	0	0	0	0	290.588	1187
33	44	0	0	0	0	279.858	1188
33	45	0	0	0	0	294.835	1189
33	45	0	0	0	0	282.677	1190
33	48	0	0	0	0	276.671	1191
33	48	0	0	0	0	281.83	1192
32	48	0	0	0	0	283.569	1193
32	52	0	0	0	0	289.336	1194
32	52	0	0	0	0	281.741	1195
32	52	0	0	0	0	254.726	1196
32	53	0	0	0	0	276.55	1197
30	52	0	0	0	0	279.235	1198
31	52	0	0	0	0	271.862	1199
31	51	0	0	0	0	275.935	1200
27	51	0	0	0	0	269.466	1201
28	51	0	0	0	0	294.493	1202
27	51	0	0	0	0	286.513	1203
27	51	0	0	0	0	281.737	1204
27	52	0	0	0	0	285.739	1205
27	52	0	0	0	0	282.256	1206
28	52	0	0	0	0	274.888	1207
28	52	0	0	0	0	308.913	1208
28	52	0	0	0	0	291.398	1209
28	51	0	0	0	0	289.864	1210
28	50	0	0	0	0	280.669	1211
28	50	0	0	0	0	283.454	1212
28	51	0	0	0	0	281.1	1213
23	58	0	0	0	0	261.94	1214
23	59	0	0	0	0	302.226	1215
23	59	0	0	0	0	282.296	1216
23	58	0	0	0	0	281.777	1217
23	57	0	0	0	0	277.734	1218
23	55	0	0	0	0	278.054	1219
23	55	0	0	0	0	276.832	1220
24	54	0	0	0	0	259.896	1221
24	55	0	0	0	0	285.276	1222
23	56	0	0	0	0	259.637	1223
22	60	0	0	0	0	282.945	1224
22	62	0	0	0	0	290.71	1225
22	63	0	0	0	0	303.097	1226
22	64	0	0	0	0	282.404	1227
22	65	0	0	0	0	298.605	1228
22	65	0	0	0	0	296.745	1229
21	64	0	0	0	0	295.364	1230
21	64	0	0	0	0	302.981	1231
21	66	0	0	0	0	302.77	1232
18	66	0	0	0	0	301.734	1233
18	65	0	0	0	0	290.927	1234
18	66	0	0	0	0	303.3	1235
18	65	0	0	0	0	292.981	1236
19	66	0	0	0	0	314.284	1237
19	66	0	0	0	0	302.899	1238
20	66	0	0	0	0	283.899	1239
20	67	0	0	0	0	313.83	1240
20	67	0	0	0	0	321.195	1241
20	68	0	0	0	0	298.195	1242
20	68	0	0	0	0	314.793	1243
20	68	0	0	0	0	314.698	1244
21	70	0	0	0	0	330.303	1245
20	70	0	0	0	0	322.933	1246
20	69	0	0	0	0	311.672	1247
20	71	0	0	0	0	332.094	1248
22	71	0	0	0	0	314.03	1249
23	78	0	0	0	0	340.141	1250
22	78	0	0	0	0	356.945	1251
22	77	0	0	0	0	354.515	1252
22	78	0	0	0	0	339.422	1253
24	77	0	0	0	0	343.592	1254
24	78	0	0	0	0	372.707	1255
26	78	0	0	0	0	369.167	1256
27	78	0	0	0	0	344.26	1257
27	79	0	0	0	0	331.962	1258
20	78	0	0	0	0	337.568	1259
20	78	0	0	0	0	349.41	1260
20	77	0	0	0	0	336.727	1261
19	76	0	0	0	0	347.696	1262
19	79	0	0	0	0	338.7	1263
19	77	0	0	0	0	293.975	1264
20	76	0	0	0	0	346.253	1265
23	76	0	0	0	0	330.813	1266
23	76	0	0	0	0	323.535	1267
24	75	0	0	0	0	335.588	1268
24	75	0	0	0	0	337.652	1269
24	73	0	0	0	0	332.671	1270
26	73	0	0	0	0	352.386	1271
25	74	0	0	0	0	337.523	1272
25	73	0	0	0	0	357.347	1273
26	76	0	0	0	0	342.597	1274
27	76	0	0	0	0	371.786	1275
27	76	0	0	0	0	365.144	1276
27	77	0	0	0	0	371.438	1277
27	76	0	0	0	0	345.31	1278
28	75	0	0	0	0	322.507	1279
28	75	0	0	0	0	364.798	1280
28	74	0	0	0	0	350.808	1281
28	74	0	0	0	0	354.178	1282
28	74	0	0	0	0	322.609	1283
29	73	0	0	0	0	360.716	1284
29	73	0	0	0	0	343.791	1285
31	72	0	0	0	0	336.81	1286
32	72	0	0	0	0	347.737	1287
32	71	0	0	0	0	367.058	1288
32	70	0	0	0	0	333.442	1289
32	70	0	0	0	0	359.625	1290
33	70	0	0	0	0	349.539	1291
33	71	0	0	0	0	355.472	1292
33	72	0	0	0	0	361.304	1293
33	72	0	0	0	0	356.635	1294
33	72	0	0	0	0	359.091	1295
33	71	0	0	0	0	343.558	1296
33	70	0	0	0	0	369.673	1297
34	68	0	0	0	0	344.082	1298
34	68	0	0	0	0	356.812	1299
34	67	0	0	0	0	361.902	1300
34	66	0	0	0	0	356.833	1301
34	67	0	0	0	0	358.359	1302
35	66	0	0	0	0	359.074	1303
35	65	0	0	0	0	322.466	1304
35	64	0	0	0	0	338.362	1305
35	64	0	0	0	0	337.292	1306
35	64	0	0	0	0	363.892	1307
35	64	0	0	0	0	354.561	1308
36	64	0	0	0	0	322.953	1309
36	64	0	0	0	0	327.178	1310
35	64	0	0	0	0	325.802	1311
35	58	0	0	0	0	334.542	1312
35	57	0	0	0	0	336.392	1313
36	58	0	0	0	0	327.838	1314
36	57	0	0	0	0	321.943	1315
36	54	0	0	0	0	309.322	1316
36	53	0	0	0	0	320.678	1317
36	53	0	0	0	0	311.829	1318
36	53	0	0	0	0	304.671	1319
36	53	0	0	0	0	318.903	1320
36	53	0	0	0	0	306.698	1321
35	52	0	0	0	0	305.042	1322
35	49	0	0	0	0	290.045	1323
35	46	0	0	0	0	254.541	1324
35	43	0	0	0	0	243.541	1325
35	43	0	0	0	0	267.411	1326
35	40	0	0	0	0	258.41	1327
35	38	0	0	0	0	224.129	1328
35	38	0	0	0	0	225.325	1329
36	38	0	0	0	0	241.884	1330
36	38	0	0	0	0	251.479	1331
36	38	0	0	0	0	257.607	1332
36	39	0	0	0	0	250.666	1333
35	38	0	0	0	0	234.577	1334
35	39	0	0	0	0	255.612	1335
35	38	0	0	0	0	245.162	1336
35	36	0	0	0	0	249.354	1337
35	36	0	0	0	0	251.927	1338
35	38	0	0	0	0	251.59	1339
35	37	0	0	0	0	214.072	1340
34	35	0	0	0	0	232.65	1341
34	35	0	0	0	0	246.564	1342
35	34	0	0	0	0	227.937	1343
36	31	0	0	0	0	216.581	1344
36	30	0	0	0	0	193.099	1345
36	30	0	0	0	0	213.122	1346
35	30	0	0	0	0	214.017	1347
34	31	0	0	0	0	227.614	1348
34	31	0	0	0	0	218.443	1349
34	30	0	0	0	0	229.453	1350
34	30	0	0	0	0	211.482	1351
33	30	0	0	0	0	212.106	1352
33	30	0	0	0	0	209.368	1353
33	29	0	0	0	0	215.957	1354
33	29	0	0	0	0	214.757	1355
34	29	0	0	0	0	165.162	1356
36	30	0	0	0	0	153.424	1357
37	29	0	0	0	0	191.116	1358
39	29	0	0	0	0	202.206	1359
40	29	0	0	0	0	198.816	1360
42	28	0	0	0	0	199.566	1361
43	28	0	0	0	0	212.8	1362
44	26	0	0	0	0	254.921	1363
46	26	0	0	0	0	259.167	1364
47	27	0	0	0	0	246.726	1365
48	27	0	0	0	0	264.63	1366
49	29	0	0	0	0	253.878	1367
50	29	0	0	0	0	249.921	1368
51	28	0	0	0	0	238.055	1369
50	29	0	0	0	0	248.086	1370
50	29	0	0	0	0	235.82	1371
53	29	0	0	0	0	232.327	1372
53	27	0	0	0	0	225.499	1373
53	28	0	0	0	0	274.72	1374
52	28	0	0	0	0	260.004	1375
54	29	0	0	0	0	250.554	1376
54	30	0	0	0	0	301.731	1377
55	30	0	0	0	0	297.616	1378
55	29	0	0	0	0	296.263	1379
57	31	0	0	0	0	302.828	1380
59	30	0	0	0	0	290.178	1381
59	30	0	0	0	0	304.018	1382
60	30	0	0	0	0	315.128	1383
60	30	0	0	0	0	325.317	1384
61	30	0	0	0	0	328.933	1385
61	30	0	0	0	0	334.597	1386
63	29	0	0	0	0	310.584	1387
63	29	0	0	0	0	336.018	1388
64	30	0	0	0	0	326.383	1389
65	31	0	0	0	0	343.797	1390
65	31	0	0	0	0	309.075	1391
65	31	0	0	0	0	337.528	1392
66	31	0	0	0	0	294.843	1393
67	32	0	0	0	0	335.999	1394
66	32	0	0	0	0	344.778	1395
66	33	0	0	0	0	346.575	1396
64	33	0	0	0	0	325.271	1397
64	34	0	0	0	0	295.783	1398
60	34	0	0	0	0	304.929	1399
60	31	0	0	0	0	318.09	1400
60	30	0	0	0	0	320.93	1401
60	30	0	0	0	0	307.54	1402
59	30	0	0	0	0	296.832	1403
58	30	0	0	0	0	328.383	1404
58	32	0	0	0	0	269.364	1405
55	33	0	0	0	0	296.292	1406
56	40	0	0	0	0	312.527	1407
55	40	0	0	0	0	348.886	1408
55	40	0	0	0	0	331.032	1409
55	40	0	0	0	0	337.728	1410
56	40	0	0	0	0	331.921	1411
56	39	0	0	0	0	328.572	1412
56	39	0	0	0	0	343.082	1413
56	43	0	0	0	0	329.088	1414
54	43	0	0	0	0	295.654	1415
52	43	0	0	0	0	321.063	1416
52	43	0	0	0	0	309.014	1417
52	41	0	0	0	0	339.064	1418
53	40	0	0	0	0	323.946	1419
53	42	0	0	0	0	336.553	1420
51	42	0	0	0	0	320.354	1421
52	42	0	0	0	0	326.265	1422
52	42	0	0	0	0	293.944	1423
52	41	0	0	0	0	298.156	1424
53	42	0	0	0	0	343.002	1425
53	42	0	0	0	0	356.981	1426
53	44	0	0	0	0	331.404	1427
54	44	0	0	0	0	332.979	1428
53	44	0	0	0	0	320.446	1429
54	44	0	0	0	0	358.402	1430
54	44	0	0	0	0	350.299	1431
54	44	0	0	0	0	349.391	1432
54	44	0	0	0	0	325.774	1433
54	44	0	0	0	0	329.51	1434
55	44	0	0	0	0	344.144	1435
54	43	0	0	0	0	354.6	1436
54	46	0	0	0	0	358.096	1437
54	47	0	0	0	0	338.663	1438
54	47	0	0	0	0	343.958	1439
54	47	0	0	0	0	381.957	1440
54	49	0	0	0	0	373.328	1441
54	51	0	0	0	0	368.286	1442
53	50	0	0	0	0	364.162	1443
52	50	0	0	0	0	385.199	1444
52	50	0	0	0	0	363.199	1445
53	50	0	0	0	0	370.252	1446
54	49	0	0	0	0	382.051	1447
55	47	0	0	0	0	304.702	1448
55	47	0	0	0	0	359.542	1449
54	45	0	0	0	0	356.213	1450
54	45	0	0	0	0	359.023	1451
55	45	0	0	0	0	365.324	1452
54	44	0	0	0	0	356.506	1453
54	43	0	0	0	0	332.836	1454
54	43	0	0	0	0	358.776	1455
54	41	0	0	0	0	349.919	1456
54	39	0	0	0	0	295.161	1457
54	37	0	0	0	0	324.764	1458
54	37	0	0	0	0	327.439	1459
54	37	0	0	0	0	316.782	1460
54	35	0	0	0	0	300.244	1461
56	35	0	0	0	0	316.362	1462
56	35	0	0	0	0	308.428	1463
54	35	0	0	0	0	306.98	1464
54	33	0	0	0	0	284.304	1465
54	33	0	0	0	0	297.431	1466
53	32	0	0	0	0	312.809	1467
53	33	0	0	0	0	311.678	1468
52	33	0	0	0	0	290.327	1469
54	32	0	0	0	0	315.608	1470
54	32	0	0	0	0	275.851	1471
54	32	0	0	0	0	295.572	1472
54	36	0	0	0	0	296.365	1473
54	35	0	0	0	0	317.757	1474
53	34	0	0	0	0	284.58	1475
53	34	0	0	0	0	316.602	1476
54	34	0	0	0	0	297.239	1477
54	37	0	0	0	0	320.243	1478
53	38	0	0	0	0	326.889	1479
53	43	0	0	0	0	334.763	1480
53	42	0	0	0	0	328.803	1481
51	42	0	0	0	0	329.553	1482
52	42	0	0	0	0	341.835	1483
52	42	0	0	0	0	336.174	1484
51	43	0	0	0	0	333.912	1485
50	43	0	0	0	0	327.299	1486
49	43	0	0	0	0	298.732	1487
50	45	0	0	0	0	314.607	1488
46	45	0	0	0	0	306.37	1489
46	45	0	0	0	0	323.229	1490
46	45	0	0	0	0	326.666	1491
46	45	0	0	0	0	333.859	1492
46	45	0	0	0	0	316.582	1493
43	46	0	0	0	0	299.455	1494
43	45	0	0	0	0	317.048	1495
43	49	0	0	0	0	317.465	1496
43	49	0	0	0	0	289.242	1497
44	48	0	0	0	0	309.979	1498
44	48	0	0	0	0	308.54	1499
44	48	0	0	0	0	303.443	1500
44	48	0	0	0	0	293.165	1501
45	47	0	0	0	0	332.888	1502
44	47	0	0	0	0	316.792	1503
45	47	0	0	0	0	309.345	1504
41	46	0	0	0	0	301.018	1505
41	46	0	0	0	0	318.816	1506
41	47	0	0	0	0	320.851	1507
41	47	0	0	0	0	308.469	1508
43	47	0	0	0	0	314.286	1509
41	47	0	0	0	0	317.344	1510
41	47	0	0	0	0	305.308	1511
41	46	0	0	0	0	282.245	1512
42	45	0	0	0	0	316.562	1513
41	44	0	0	0	0	314.003	1514
41	44	0	0	0	0	298.343	1515
41	45	0	0	0	0	300.639	1516
41	45	0	0	0	0	312.953	1517
42	45	0	0	0	0	300.96	1518
42	43	0	0	0	0	281.444	1519
42	43	0	0	0	0	313.309	1520
42	43	0	0	0	0	294.987	1521
39	44	0	0	0	0	291.305	1522
40	44	0	0	0	0	300.441	1523
41	44	0	0	0	0	300.519	1524
41	43	0	0	0	0	282.698	1525
43	43	0	0	0	0	285.121	1526
43	42	0	0	0	0	251.07	1527
44	41	0	0	0	0	303.994	1528
44	41	0	0	0	0	296.295	1529
44	40	0	0	0	0	302.004	1530
47	40	0	0	0	0	294.53	1531
47	38	0	0	0	0	276.317	1532
47	39	0	0	0	0	296.074	1533
47	39	0	0	0	0	296.65	1534
47	42	0	0	0	0	315.753	1535
48	42	0	0	0	0	296.389	1536
49	42	0	0	0	0	300.3	1537
49	42	0	0	0	0	319.165	1538
49	41	0	0	0	0	301.916	1539
49	41	0	0	0	0	305.636	1540
50	41	0	0	0	0	287.871	1541
48	41	0	0	0	0	290.608	1542
48	42	0	0	0	0	310.325	1543
47	42	0	0	0	0	303.033	1544
47	42	0	0	0	0	301.565	1545
47	43	0	0	0	0	294.646	1546
47	43	0	0	0	0	308.373	1547
47	42	0	0	0	0	308.879	1548
47	42	0	0	0	0	305.305	1549
49	42	0	0	0	0	301.43	1550
49	42	0	0	0	0	312.864	1551
49	43	0	0	0	0	305.23	1552
48	43	0	0	0	0	299.139	1553
49	43	0	0	0	0	312.481	1554
49	43	0	0	0	0	316.7	1555
51	42	0	0	0	0	306.53	1556
52	40	0	0	0	0	323.956	1557
53	40	0	0	0	0	308.585	1558
54	40	0	0	0	0	295.295	1559
54	41	0	0	0	0	315.217	1560
50	41	0	0	0	0	316.462	1561
50	42	0	0	0	0	303.728	1562
50	42	0	0	0	0	318.984	1563
49	42	0	0	0	0	310.192	1564
50	44	0	0	0	0	329.938	1565
50	43	0	0	0	0	329.332	1566
50	43	0	0	0	0	334.335	1567
50	43	0	0	0	0	340.452	1568
50	43	0	0	0	0	329.302	1569
50	44	0	0	0	0	339.861	1570
50	46	0	0	0	0	325.159	1571
50	46	0	0	0	0	348.004	1572
50	43	0	0	0	0	322.826	1573
48	42	0	0	0	0	307.156	1574
48	42	0	0	0	0	314.481	1575
48	42	0	0	0	0	306.227	1576
48	40	0	0	0	0	307.058	1577
48	40	0	0	0	0	333.398	1578
48	40	0	0	0	0	303.462	1579
48	40	0	0	0	0	313.938	1580
48	39	0	0	0	0	304.271	1581
48	39	0	0	0	0	289.01	1582
49	39	0	0	0	0	323.926	1583
49	39	0	0	0	0	338.06	1584
49	39	0	0	0	0	319.399	1585
50	39	0	0	0	0	293.726	1586
51	38	0	0	0	0	299.152	1587
52	40	0	0	0	0	315.722	1588
53	40	0	0	0	0	289.615	1589
53	40	0	0	0	0	292.811	1590
53	39	0	0	0	0	303.858	1591
55	38	0	0	0	0	300.045	1592
55	37	0	0	0	0	333.966	1593
55	37	0	0	0	0	330.355	1594
55	38	0	0	0	0	338.367	1595
55	38	0	0	0	0	338.202	1596
52	38	0	0	0	0	322.953	1597
54	37	0	0	0	0	292.338	1598
53	37	0	0	0	0	310.87	1599
53	37	0	0	0	0	320.69	1600
53	37	0	0	0	0	332.105	1601
53	37	0	0	0	0	306.295	1602
54	37	0	0	0	0	308.902	1603
55	36	0	0	0	0	273.688	1604
55	36	0	0	0	0	278.415	1605
52	36	0	0	0	0	277.782	1606
51	35	0	0	0	0	277.017	1607
51	33	0	0	0	0	286.352	1608
51	30	0	0	0	0	273.922	1609
51	31	0	0	0	0	277.802	1610
51	31	0	0	0	0	276.767	1611
49	31	0	0	0	0	280.531	1612
48	31	0	0	0	0	293.488	1613
48	31	0	0	0	0	266.364	1614
47	31	0	0	0	0	276.174	1615
47	31	0	0	0	0	266.56	1616
48	31	0	0	0	0	253.587	1617
48	29	0	0	0	0	282.63	1618
48	29	0	0	0	0	260.329	1619
48	29	0	0	0	0	265.86	1620
48	29	0	0	0	0	269.729	1621
48	30	0	0	0	0	248.194	1622
49	28	0	0	0	0	268.1	1623
46	28	0	0	0	0	243.562	1624
46	28	0	0	0	0	268.073	1625
46	28	0	0	0	0	246.759	1626
46	29	0	0	0	0	246.478	1627
46	30	0	0	0	0	249.066	1628
44	29	0	0	0	0	232.878	1629
45	28	0	0	0	0	271.455	1630
45	27	0	0	0	0	254.668	1631
46	26	0	0	0	0	256.099	1632
46	26	0	0	0	0	261.5	1633
46	26	0	0	0	0	246.899	1634
47	27	0	0	0	0	243.922	1635
48	27	0	0	0	0	248.624	1636
43	27	0	0	0	0	226.456	1637
43	27	0	0	0	0	237.088	1638
42	29	0	0	0	0	254.107	1639
43	29	0	0	0	0	246.55	1640
43	29	0	0	0	0	258.498	1641
43	29	0	0	0	0	265.437	1642
44	30	0	0	0	0	257.997	1643
43	30	0	0	0	0	257.357	1644
43	30	0	0	0	0	263.172	1645
43	26	0	0	0	0	252.288	1646
43	26	0	0	0	0	230.535	1647
41	26	0	0	0	0	237.654	1648
42	26	0	0	0	0	239.474	1649
42	26	0	0	0	0	246.35	1650
42	26	0	0	0	0	236.29	1651
42	26	0	0	0	0	238.132	1652
42	27	0	0	0	0	253.626	1653
41	27	0	0	0	0	246.389	1654
41	27	0	0	0	0	232.561	1655
42	27	0	0	0	0	221.609	1656
42	28	0	0	0	0	260.265	1657
42	28	0	0	0	0	260.673	1658
42	28	0	0	0	0	255.349	1659
42	28	0	0	0	0	245.754	1660
42	26	0	0	0	0	237.316	1661
42	26	0	0	0	0	247.127	1662
42	25	0	0	0	0	250.739	1663
42	25	0	0	0	0	213.678	1664
43	26	0	0	0	0	238.418	1665
41	26	0	0	0	0	224.533	1666
40	28	0	0	0	0	221.487	1667
40	28	0	0	0	0	222.317	1668
40	30	0	0	0	0	236.939	1669
42	30	0	0	0	0	223.802	1670
41	30	0	0	0	0	216.571	1671
40	30	0	0	0	0	243.233	1672
40	30	0	0	0	0	227.37	1673
39	29	0	0	0	0	237.749	1674
39	30	0	0	0	0	227.586	1675
39	30	0	0	0	0	227.386	1676
40	30	0	0	0	0	229.033	1677
37	30	0	0	0	0	230.98	1678
36	30	0	0	0	0	227.897	1679
36	30	0	0	0	0	239.22	1680
35	29	0	0	0	0	219.682	1681
36	32	0	0	0	0	233.021	1682
36	35	0	0	0	0	257.576	1683
36	35	0	0	0	0	239.899	1684
37	36	0	0	0	0	242.664	1685
38	36	0	0	0	0	237.86	1686
38	36	0	0	0	0	244.999	1687
38	36	0	0	0	0	242.321	1688
38	36	0	0	0	0	237	1689
37	35	0	0	0	0	234.005	1690
35	35	0	0	0	0	243.128	1691
32	35	0	0	0	0	223.702	1692
33	35	0	0	0	0	249.775	1693
34	35	0	0	0	0	208.526	1694
34	36	0	0	0	0	251.097	1695
34	35	0	0	0	0	234.486	1696
35	44	0	0	0	0	258.087	1697
35	45	0	0	0	0	279.464	1698
37	45	0	0	0	0	281.747	1699
37	45	0	0	0	0	272.493	1700
37	45	0	0	0	0	276.661	1701
38	45	0	0	0	0	281.764	1702
38	46	0	0	0	0	272.421	1703
36	46	0	0	0	0	295.047	1704
36	46	0	0	0	0	288.776	1705
29	46	0	0	0	0	269.411	1706
29	45	0	0	0	0	283.015	1707
30	45	0	0	0	0	252.243	1708
30	45	0	0	0	0	264.143	1709
31	44	0	0	0	0	258.47	1710
31	44	0	0	0	0	274.816	1711
31	44	0	0	0	0	250.038	1712
28	44	0	0	0	0	267.204	1713
27	44	0	0	0	0	248.538	1714
27	42	0	0	0	0	249.31	1715
27	41	0	0	0	0	248.75	1716
27	41	0	0	0	0	244.282	1717
27	41	0	0	0	0	246.5	1718
27	41	0	0	0	0	238.431	1719
27	41	0	0	0	0	245.785	1720
27	40	0	0	0	0	234.659	1721
27	40	0	0	0	0	235.185	1722
27	40	0	0	0	0	237.619	1723
27	41	0	0	0	0	240.636	1724
27	41	0	0	0	0	228.875	1725
28	41	0	0	0	0	245.378	1726
29	41	0	0	0	0	257.901	1727
31	41	0	0	0	0	251.727	1728
31	42	0	0	0	0	241.752	1729
31	42	0	0	0	0	258.858	1730
32	45	0	0	0	0	250.843	1731
32	45	0	0	0	0	284.066	1732
33	45	0	0	0	0	280.794	1733
34	47	0	0	0	0	284.462	1734
35	47	0	0	0	0	298.035	1735
35	47	0	0	0	0	274.211	1736
35	46	0	0	0	0	290.696	1737
35	45	0	0	0	0	284.03	1738
35	45	0	0	0	0	290.965	1739
35	44	0	0	0	0	286.317	1740
35	44	0	0	0	0	290.076	1741
34	44	0	0	0	0	271.269	1742
34	44	0	0	0	0	269.414	1743
35	44	0	0	0	0	269.3	1744
35	43	0	0	0	0	272.168	1745
35	44	0	0	0	0	283.647	1746
35	44	0	0	0	0	249.584	1747
32	44	0	0	0	0	250.23	1748
32	44	0	0	0	0	252.376	1749
32	44	0	0	0	0	259.368	1750
32	43	0	0	0	0	258.173	1751
32	42	0	0	0	0	265.909	1752
33	43	0	0	0	0	253.923	1753
33	42	0	0	0	0	272.826	1754
33	42	0	0	0	0	255.866	1755
34	41	0	0	0	0	249.229	1756
34	40	0	0	0	0	265.998	1757
34	40	0	0	0	0	262.651	1758
34	40	0	0	0	0	247.876	1759
34	39	0	0	0	0	230.697	1760
34	38	0	0	0	0	237.166	1761
34	37	0	0	0	0	232.484	1762
33	37	0	0	0	0	226.617	1763
33	37	0	0	0	0	231.41	1764
33	37	0	0	0	0	229.082	1765
32	37	0	0	0	0	215.89	1766
32	36	0	0	0	0	221.493	1767
33	36	0	0	0	0	237.336	1768
34	36	0	0	0	0	226.678	1769
34	37	0	0	0	0	229.575	1770
34	37	0	0	0	0	221.765	1771
35	37	0	0	0	0	216.432	1772
35	35	0	0	0	0	240.684	1773
36	34	0	0	0	0	230.908	1774
36	34	0	0	0	0	237.597	1775
36	34	0	0	0	0	221.212	1776
37	36	0	0	0	0	229.893	1777
36	36	0	0	0	0	219.111	1778
35	36	0	0	0	0	230.347	1779
36	36	0	0	0	0	238.41	1780
37	36	0	0	0	0	226.636	1781
37	35	0	0	0	0	220.497	1782
37	34	0	0	0	0	217.62	1783
36	34	0	0	0	0	226.205	1784
37	34	0	0	0	0	231.257	1785
35	34	0	0	0	0	240.088	1786
35	34	0	0	0	0	235.423	1787
35	34	0	0	0	0	235.702	1788
33	34	0	0	0	0	229.042	1789
33	34	0	0	0	0	236.351	1790
34	34	0	0	0	0	235.4	1791
34	34	0	0	0	0	242.083	1792
34	34	0	0	0	0	218.809	1793
34	34	0	0	0	0	230.825	1794
35	34	0	0	0	0	237.559	1795
35	33	0	0	0	0	228.668	1796
35	33	0	0	0	0	230.076	1797
35	33	0	0	0	0	231.364	1798
35	33	0	0	0	0	229.138	1799
36	32	0	0	0	0	233.518	1800
36	32	0	0	0	0	224.027	1801
36	30	0	0	0	0	222.905	1802
38	30	0	0	0	0	225.338	1803
37	30	0	0	0	0	216.215	1804
38	30	0	0	0	0	211.848	1805
37	32	0	0	0	0	218.678	1806
39	32	0	0	0	0	229.876	1807
39	32	0	0	0	0	197.896	1808
39	33	0	0	0	0	245.141	1809
39	33	0	0	0	0	248.649	1810
39	33	0	0	0	0	260.968	1811
39	32	0	0	0	0	262.997	1812
40	32	0	0	0	0	245.829	1813
40	32	0	0	0	0	239.895	1814
40	30	0	0	0	0	245.03	1815
40	30	0	0	0	0	241.503	1816
40	29	0	0	0	0	239.343	1817
40	28	0	0	0	0	232.18	1818
40	28	0	0	0	0	227.249	1819
37	28	0	0	0	0	234.376	1820
37	28	0	0	0	0	227.915	1821
37	27	0	0	0	0	236.336	1822
37	27	0	0	0	0	230.312	1823
37	27	0	0	0	0	231.4	1824
37	27	0	0	0	0	217.129	1825
37	27	0	0	0	0	225.183	1826
37	27	0	0	0	0	234.996	1827
37	27	0	0	0	0	230.56	1828
37	27	0	0	0	0	227.668	1829
37	27	0	0	0	0	223.469	1830
37	27	0	0	0	0	221.432	1831
36	27	0	0	0	0	220.154	1832
36	27	0	0	0	0	224.101	1833
38	27	0	0	0	0	222.548	1834
37	27	0	0	0	0	221.396	1835
35	30	0	0	0	0	214.433	1836
35	29	0	0	0	0	212.298	1837
35	29	0	0	0	0	212.499	1838
35	29	0	0	0	0	220.241	1839
35	29	0	0	0	0	221.686	1840
35	29	0	0	0	0	220.133	1841
35	29	0	0	0	0	216.385	1842
33	30	0	0	0	0	208.092	1843
32	30	0	0	0	0	206.69	1844
32	30	0	0	0	0	194.463	1845
33	32	0	0	0	0	191.606	1846
33	27	0	0	0	0	197.968	1847
34	26	0	0	0	0	212.762	1848
35	28	0	0	0	0	198.398	1849
37	28	0	0	0	0	227.502	1850
37	29	0	0	0	0	211.466	1851
34	29	0	0	0	0	221.214	1852
34	29	0	0	0	0	215.628	1853
34	29	0	0	0	0	202.597	1854
34	28	0	0	0	0	214.879	1855
34	27	0	0	0	0	225.022	1856
36	27	0	0	0	0	208.099	1857
36	26	0	0	0	0	206.026	1858
36	26	0	0	0	0	202.321	1859
35	26	0	0	0	0	211.301	1860
35	26	0	0	0	0	196.77	1861
36	25	0	0	0	0	195.678	1862
36	25	0	0	0	0	225.041	1863
37	25	0	0	0	0	212.434	1864
37	25	0	0	0	0	218.644	1865
36	25	0	0	0	0	216.972	1866
37	25	0	0	0	0	211.545	1867
37	26	0	0	0	0	212.437	1868
38	27	0	0	0	0	222.399	1869
39	27	0	0	0	0	225.552	1870
39	27	0	0	0	0	233.384	1871
39	27	0	0	0	0	234.561	1872
39	27	0	0	0	0	229.071	1873
39	26	0	0	0	0	230.748	1874
39	26	0	0	0	0	226.505	1875
41	26	0	0	0	0	223.978	1876
38	26	0	0	0	0	193.943	1877
36	26	0	0	0	0	204.604	1878
37	25	0	0	0	0	200.021	1879
37	25	0	0	0	0	204.568	1880
37	24	0	0	0	0	198.081	1881
37	25	0	0	0	0	203.323	1882
37	26	0	0	0	0	197.389	1883
37	24	0	0	0	0	206.824	1884
37	24	0	0	0	0	191.511	1885
36	23	0	0	0	0	198.464	1886
36	23	0	0	0	0	197.633	1887
36	23	0	0	0	0	200.71	1888
35	23	0	0	0	0	197.413	1889
34	26	0	0	0	0	210.024	1890
34	27	0	0	0	0	201.502	1891
34	27	0	0	0	0	209.826	1892
34	27	0	0	0	0	219.154	1893
34	27	0	0	0	0	221.735	1894
34	27	0	0	0	0	200.393	1895
34	27	0	0	0	0	209.53	1896
32	27	0	0	0	0	209.912	1897
32	26	0	0	0	0	210.039	1898
32	26	0	0	0	0	193.547	1899
34	26	0	0	0	0	213.328	1900
34	25	0	0	0	0	210.405	1901
34	26	0	0	0	0	203.448	1902
34	25	0	0	0	0	204.065	1903
34	25	0	0	0	0	213.536	1904
34	25	0	0	0	0	211.392	1905
34	25	0	0	0	0	207.566	1906
34	26	0	0	0	0	213.318	1907
34	26	0	0	0	0	185.351	1908
33	26	0	0	0	0	201.943	1909
32	26	0	0	0	0	198.215	1910
32	25	0	0	0	0	198.93	1911
32	25	0	0	0	0	201.294	1912
32	26	0	0	0	0	197.116	1913
33	28	0	0	0	0	208.51	1914
31	28	0	0	0	0	204.647	1915
29	30	0	0	0	0	198.975	1916
28	29	0	0	0	0	189.706	1917
28	29	0	0	0	0	195.333	1918
28	29	0	0	0	0	197.717	1919
28	29	0	0	0	0	180.461	1920
29	29	0	0	0	0	183.091	1921
25	29	0	0	0	0	186.621	1922
25	29	0	0	0	0	194.664	1923
26	29	0	0	0	0	186.374	1924
27	29	0	0	0	0	196.829	1925
27	29	0	0	0	0	182.199	1926
27	29	0	0	0	0	191.348	1927
28	28	0	0	0	0	200.896	1928
28	28	0	0	0	0	196.064	1929
28	27	0	0	0	0	196.651	1930
29	27	0	0	0	0	201.307	1931
29	27	0	0	0	0	200.678	1932
29	27	0	0	0	0	200.687	1933
30	27	0	0	0	0	195.034	1934
30	27	0	0	0	0	197.872	1935
30	27	0	0	0	0	199.008	1936
30	26	0	0	0	0	191.051	1937
30	26	0	0	0	0	200.805	1938
30	26	0	0	0	0	197.12	1939
30	26	0	0	0	0	204.057	1940
30	26	0	0	0	0	198.338	1941
30	26	0	0	0	0	204.292	1942
30	26	0	0	0	0	207.648	1943
30	26	0	0	0	0	188.085	1944
30	26	0	0	0	0	204.12	1945
30	26	0	0	0	0	189.794	1946
30	26	0	0	0	0	194.163	1947
30	26	0	0	0	0	198.049	1948
30	26	0	0	0	0	200.293	1949
31	26	0	0	0	0	203.552	1950
31	26	0	0	0	0	194.415	1951
31	26	0	0	0	0	213.21	1952
31	26	0	0	0	0	194.121	1953
31	25	0	0	0	0	189.449	1954
31	24	0	0	0	0	181.834	1955
31	22	0	0	0	0	197.476	1956
31	22	0	0	0	0	180.644	1957
31	22	0	0	0	0	189.748	1958
33	22	0	0	0	0	179.058	1959
33	22	0	0	0	0	184.899	1960
34	22	0	0	0	0	190.211	1961
35	22	0	0	0	0	213.218	1962
35	22	0	0	0	0	198.784	1963
36	22	0	0	0	0	184.942	1964
34	22	0	0	0	0	197.858	1965
35	22	0	0	0	0	204.434	1966
35	22	0	0	0	0	186.667	1967
36	21	0	0	0	0	204.282	1968
36	21	0	0	0	0	201.745	1969
36	21	0	0	0	0	202.889	1970
36	21	0	0	0	0	205.884	1971
36	22	0	0	0	0	207.438	1972
36	22	0	0	0	0	194.527	1973
36	24	0	0	0	0	206.132	1974
37	24	0	0	0	0	213.125	1975
38	23	0	0	0	0	195.01	1976
38	23	0	0	0	0	183.149	1977
38	23	0	0	0	0	197.593	1978
38	23	0	0	0	0	200.617	1979
38	23	0	0	0	0	187.888	1980
38	23	0	0	0	0	172.467	1981
38	23	0	0	0	0	181.014	1982
38	23	0	0	0	0	204.7	1983
39	22	0	0	0	0	195.949	1984
40	23	0	0	0	0	173.888	1985
40	21	0	0	0	0	200.881	1986
39	23	0	0	0	0	186.003	1987
40	24	0	0	0	0	208.794	1988
40	24	0	0	0	0	223.961	1989
40	25	0	0	0	0	219.359	1990
41	29	0	0	0	0	240.404	1991
41	33	0	0	0	0	242.569	1992
41	32	0	0	0	0	230.444	1993
42	32	0	0	0	0	238.373	1994
43	32	0	0	0	0	230.98	1995
41	32	0	0	0	0	193.067	1996
41	32	0	0	0	0	201.839	1997
39	32	0	0	0	0	193.423	1998
39	32	0	0	0	0	194.725	1999
27	32	0	0	0	0	179.417	2000
26	33	0	0	0	0	206.954	2001
25	33	0	0	0	0	206.091	2002
25	33	0	0	0	0	209.723	2003
25	33	0	0	0	0	209.516	2004
25	33	0	0	0	0	196.281	2005
25	32	0	0	0	0	204.649	2006
25	32	0	0	0	0	201.487	2007
25	32	0	0	0	0	205.011	2008
25	32	0	0	0	0	200.143	2009
25	32	0	0	0	0	198.884	2010
25	32	0	0	0	0	194.565	2011
26	32	0	0	0	0	202.728	2012
26	31	0	0	0	0	199.768	2013
27	31	0	0	0	0	206.11	2014
27	30	0	0	0	0	194.906	2015
28	30	0	0	0	0	195.875	2016
28	30	0	0	0	0	187.315	2017
29	29	0	0	0	0	206.615	2018
29	28	0	0	0	0	204.527	2019
29	28	0	0	0	0	204.265	2020
30	28	0	0	0	0	201.896	2021
30	28	0	0	0	0	207.68	2022
30	30	0	0	0	0	206.705	2023
30	30	0	0	0	0	208.744	2024
32	30	0	0	0	0	220.852	2025
32	30	0	0	0	0	214.679	2026
32	30	0	0	0	0	212.937	2027
32	31	0	0	0	0	228.287	2028
32	31	0	0	0	0	232.532	2029
32	31	0	0	0	0	221.525	2030
32	31	0	0	0	0	217.461	2031
32	29	0	0	0	0	213.026	2032
33	29	0	0	0	0	223.805	2033
33	29	0	0	0	0	213.412	2034
33	32	0	0	0	0	214.173	2035
33	31	0	0	0	0	216.832	2036
31	31	0	0	0	0	226.334	2037
31	31	0	0	0	0	226.398	2038
31	31	0	0	0	0	217.047	2039
31	30	0	0	0	0	223.809	2040
31	30	0	0	0	0	204.184	2041
32	30	0	0	0	0	226.184	2042
32	30	0	0	0	0	222.285	2043
31	29	0	0	0	0	204.54	2044
32	29	0	0	0	0	210.081	2045
33	30	0	0	0	0	207.673	2046
34	29	0	0	0	0	215.24	2047
34	29	0	0	0	0	214.204	2048
35	29	0	0	0	0	212.654	2049
35	29	0	0	0	0	214.987	2050
34	29	0	0	0	0	229.533	2051
34	29	0	0	0	0	227.179	2052
35	29	0	0	0	0	215.283	2053
36	30	0	0	0	0	237.394	2054
36	30	0	0	0	0	220.25	2055
36	29	0	0	0	0	221.577	2056
37	27	0	0	0	0	234.383	2057
37	27	0	0	0	0	227.047	2058
38	27	0	0	0	0	222.706	2059
39	26	0	0	0	0	211.82	2060
39	27	0	0	0	0	232.126	2061
40	27	0	0	0	0	218.86	2062
42	26	0	0	0	0	236.123	2063
43	26	0	0	0	0	214.531	2064
42	26	0	0	0	0	225.931	2065
43	25	0	0	0	0	229.545	2066
43	25	0	0	0	0	235.811	2067
44	25	0	0	0	0	231.676	2068
44	24	0	0	0	0	226.969	2069
44	22	0	0	0	0	235.831	2070
44	22	0	0	0	0	233.8	2071
45	22	0	0	0	0	238.606	2072
45	22	0	0	0	0	239.35	2073
45	22	0	0	0	0	226.286	2074
45	22	0	0	0	0	252.534	2075
47	22	0	0	0	0	235.499	2076
47	22	0	0	0	0	240.333	2077
47	22	0	0	0	0	235.045	2078
47	22	0	0	0	0	239.012	2079
48	22	0	0	0	0	235.197	2080
47	22	0	0	0	0	242.22	2081
47	22	0	0	0	0	251.252	2082
47	22	0	0	0	0	241.376	2083
48	22	0	0	0	0	251.143	2084
49	22	0	0	0	0	250.198	2085
49	22	0	0	0	0	254.76	2086
49	22	0	0	0	0	252.605	2087
48	22	0	0	0	0	245.963	2088
48	24	0	0	0	0	243.438	2089
48	23	0	0	0	0	247.434	2090
48	23	0	0	0	0	247.458	2091
48	23	0	0	0	0	256.271	2092
48	23	0	0	0	0	229.693	2093
47	22	0	0	0	0	237.499	2094
47	19	0	0	0	0	234.89	2095
47	19	0	0	0	0	222.427	2096
47	19	0	0	0	0	233.499	2097
45	19	0	0	0	0	228.975	2098
45	18	0	0	0	0	228.286	2099
45	18	0	0	0	0	236.507	2100
47	18	0	0	0	0	233.02	2101
47	18	0	0	0	0	225.334	2102
47	19	0	0	0	0	232.86	2103
47	19	0	0	0	0	219.724	2104
47	20	0	0	0	0	225.542	2105
47	20	0	0	0	0	219.667	2106
47	20	0	0	0	0	226.805	2107
47	20	0	0	0	0	245.741	2108
46	20	0	0	0	0	239.601	2109
46	20	0	0	0	0	224.304	2110
46	20	0	0	0	0	231.222	2111
46	20	0	0	0	0	221.584	2112
46	20	0	0	0	0	215.154	2113
45	20	0	0	0	0	221.316	2114
45	19	0	0	0	0	215.888	2115
44	19	0	0	0	0	217.497	2116
44	19	0	0	0	0	227.933	2117
43	19	0	0	0	0	225.239	2118
44	20	0	0	0	0	221.466	2119
44	20	0	0	0	0	246.021	2120
44	21	0	0	0	0	204.865	2121
44	20	0	0	0	0	234.268	2122
44	20	0	0	0	0	237.447	2123
44	21	0	0	0	0	231.915	2124
43	21	0	0	0	0	205.978	2125
43	23	0	0	0	0	218.246	2126
43	23	0	0	0	0	209.796	2127
43	21	0	0	0	0	215.028	2128
43	21	0	0	0	0	220.265	2129
43	21	0	0	0	0	224.571	2130
43	21	0	0	0	0	228.353	2131
42	22	0	0	0	0	218.217	2132
43	22	0	0	0	0	211.892	2133
39	22	0	0	0	0	161.751	2134
31	22	0	0	0	0	182.809	2135
32	22	0	0	0	0	189.036	2136
32	21	0	0	0	0	187.969	2137
33	21	0	0	0	0	184.935	2138
33	21	0	0	0	0	189.838	2139
33	20	0	0	0	0	189.838	2140
33	20	0	0	0	0	191.184	2141
33	19	0	0	0	0	186.7	2142
33	19	0	0	0	0	175.876	2143
33	20	0	0	0	0	178.551	2144
32	20	0	0	0	0	183.881	2145
32	20	0	0	0	0	193.388	2146
34	20	0	0	0	0	180.978	2147
34	20	0	0	0	0	189.848	2148
34	20	0	0	0	0	188.219	2149
34	20	0	0	0	0	199.627	2150
33	20	0	0	0	0	190.879	2151
33	20	0	0	0	0	190.071	2152
33	20	0	0	0	0	190.192	2153
32	20	0	0	0	0	181.717	2154
32	20	0	0	0	0	194.535	2155
32	20	0	0	0	0	187.934	2156
32	20	0	0	0	0	189.03	2157
32	20	0	0	0	0	185.454	2158
32	20	0	0	0	0	181.138	2159
32	20	0	0	0	0	187.545	2160
32	19	0	0	0	0	186.993	2161
32	19	0	0	0	0	186.054	2162
32	19	0	0	0	0	187.36	2163
33	19	0	0	0	0	172.354	2164
33	19	0	0	0	0	187.03	2165
33	22	0	0	0	0	194.168	2166
33	22	0	0	0	0	196.688	2167
32	22	0	0	0	0	169.491	2168
31	21	0	0	0	0	177.004	2169
32	21	0	0	0	0	179.721	2170
31	21	0	0	0	0	177.507	2171
32	20	0	0	0	0	185.395	2172
32	19	0	0	0	0	163.872	2173
32	21	0	0	0	0	186.315	2174
31	21	0	0	0	0	171.435	2175
31	21	0	0	0	0	185.104	2176
31	21	0	0	0	0	193.027	2177
31	22	0	0	0	0	188.894	2178
31	23	0	0	0	0	185.907	2179
30	23	0	0	0	0	175.387	2180
30	23	0	0	0	0	187.356	2181
32	22	0	0	0	0	187.684	2182
31	22	0	0	0	0	183.012	2183
32	22	0	0	0	0	183.39	2184
31	22	0	0	0	0	190.679	2185
31	22	0	0	0	0	190.853	2186
30	22	0	0	0	0	184.376	2187
28	22	0	0	0	0	173.183	2188
27	22	0	0	0	0	167.647	2189
27	23	0	0	0	0	168.495	2190
27	23	0	0	0	0	178.306	2191
26	22	0	0	0	0	143.175	2192
26	22	0	0	0	0	162.94	2193
26	22	0	0	0	0	168.464	2194
26	24	0	0	0	0	182.065	2195
27	24	0	0	0	0	179.813	2196
27	24	0	0	0	0	159.279	2197
27	24	0	0	0	0	179.167	2198
25	24	0	0	0	0	169.84	2199
25	25	0	0	0	0	176.449	2200
25	25	0	0	0	0	170.569	2201
25	25	0	0	0	0	186.609	2202
25	25	0	0	0	0	170.172	2203
23	24	0	0	0	0	165.418	2204
24	25	0	0	0	0	168.206	2205
24	24	0	0	0	0	166.459	2206
24	24	0	0	0	0	149.004	2207
25	24	0	0	0	0	137.242	2208
22	24	0	0	0	0	130.512	2209
22	24	0	0	0	0	141.367	2210
23	23	0	0	0	0	139.722	2211
23	23	0	0	0	0	132.849	2212
23	25	0	0	0	0	146.009	2213
23	25	0	0	0	0	140.153	2214
23	26	0	0	0	0	138.046	2215
24	26	0	0	0	0	135.674	2216
24	27	0	0	0	0	137.394	2217
20	27	0	0	0	0	134.43	2218
20	26	0	0	0	0	146.495	2219
20	26	0	0	0	0	138.136	2220
20	26	0	0	0	0	145.141	2221
15	25	0	0	0	0	143.588	2222
15	25	0	0	0	0	144.107	2223
15	26	0	0	0	0	143.843	2224
16	26	0	0	0	0	149.693	2225
16	26	0	0	0	0	148.226	2226
16	26	0	0	0	0	141.121	2227
17	26	0	0	0	0	143.572	2228
17	25	0	0	0	0	142.516	2229
17	25	0	0	0	0	150.423	2230
17	25	0	0	0	0	149.934	2231
17	26	0	0	0	0	139.077	2232
17	27	0	0	0	0	140.637	2233
17	27	0	0	0	0	152.886	2234
17	27	0	0	0	0	153.925	2235
17	27	0	0	0	0	140.725	2236
17	27	0	0	0	0	150.33	2237
17	27	0	0	0	0	157.918	2238
17	27	0	0	0	0	156.99	2239
17	29	0	0	0	0	155.163	2240
17	29	0	0	0	0	160.859	2241
17	31	0	0	0	0	158.99	2242
17	31	0	0	0	0	161.098	2243
17	32	0	0	0	0	168.842	2244
18	35	0	0	0	0	175.158	2245
19	35	0	0	0	0	177.257	2246
21	35	0	0	0	0	184.172	2247
20	35	0	0	0	0	182.977	2248
20	35	0	0	0	0	192.276	2249
20	34	0	0	0	0	176.773	2250
16	34	0	0	0	0	175.667	2251
17	35	0	0	0	0	175.22	2252
18	35	0	0	0	0	158.604	2253
19	33	0	0	0	0	169.782	2254
19	32	0	0	0	0	164.65	2255
19	32	0	0	0	0	168.987	2256
19	32	0	0	0	0	163.63	2257
19	31	0	0	0	0	174.257	2258
20	30	0	0	0	0	168.388	2259
20	30	0	0	0	0	165.445	2260
20	30	0	0	0	0	178.061	2261
20	30	0	0	0	0	175.974	2262
20	30	0	0	0	0	180.518	2263
20	30	0	0	0	0	178.372	2264
20	30	0	0	0	0	159.438	2265
20	30	0	0	0	0	166.033	2266
20	31	0	0	0	0	176.911	2267
20	31	0	0	0	0	172.749	2268
20	31	0	0	0	0	171.897	2269
20	31	0	0	0	0	167.265	2270
20	30	0	0	0	0	172.738	2271
20	32	0	0	0	0	171.966	2272
20	32	0	0	0	0	163.783	2273
20	32	0	0	0	0	173.734	2274
20	32	0	0	0	0	161.398	2275
20	30	0	0	0	0	148.206	2276
21	30	0	0	0	0	169.293	2277
20	30	0	0	0	0	171.19	2278
21	30	0	0	0	0	171.804	2279
21	30	0	0	0	0	177.404	2280
21	30	0	0	0	0	164.47	2281
23	30	0	0	0	0	162.069	2282
23	30	0	0	0	0	166.325	2283
24	32	0	0	0	0	166.53	2284
24	31	0	0	0	0	166.304	2285
24	29	0	0	0	0	170.197	2286
24	29	0	0	0	0	186.462	2287
25	29	0	0	0	0	178.769	2288
25	29	0	0	0	0	181.839	2289
25	28	0	0	0	0	185.743	2290
25	28	0	0	0	0	173.888	2291
25	27	0	0	0	0	157.813	2292
25	27	0	0	0	0	157.549	2293
25	26	0	0	0	0	164.331	2294
25	26	0	0	0	0	175.508	2295
25	26	0	0	0	0	176.634	2296
25	26	0	0	0	0	174.563	2297
25	26	0	0	0	0	175.304	2298
25	27	0	0	0	0	184.072	2299
25	27	0	0	0	0	190.326	2300
25	27	0	0	0	0	175.468	2301
27	26	0	0	0	0	174.095	2302
27	25	0	0	0	0	179.413	2303
27	25	0	0	0	0	183.889	2304
27	25	0	0	0	0	186.079	2305
27	25	0	0	0	0	183.893	2306
27	25	0	0	0	0	172.124	2307
28	24	0	0	0	0	167.082	2308
29	26	0	0	0	0	159.109	2309
29	26	0	0	0	0	172.167	2310
29	26	0	0	0	0	166.31	2311
29	27	0	0	0	0	161.828	2312
29	27	0	0	0	0	154.596	2313
27	27	0	0	0	0	163.035	2314
27	27	0	0	0	0	163.919	2315
27	26	0	0	0	0	164.624	2316
27	26	0	0	0	0	184.885	2317
26	28	0	0	0	0	172.96	2318
26	28	0	0	0	0	181.3	2319
26	28	0	0	0	0	194.432	2320
26	28	0	0	0	0	189.454	2321
26	27	0	0	0	0	177.533	2322
26	29	0	0	0	0	180.433	2323
26	30	0	0	0	0	187.443	2324
27	31	0	0	0	0	184.252	2325
28	31	0	0	0	0	187.084	2326
28	33	0	0	0	0	205.992	2327
27	32	0	0	0	0	207.805	2328
29	32	0	0	0	0	184.453	2329
30	33	0	0	0	0	217.153	2330
29	33	0	0	0	0	203.499	2331
29	35	0	0	0	0	189.62	2332
29	35	0	0	0	0	206.975	2333
28	35	0	0	0	0	192.732	2334
28	35	0	0	0	0	216.816	2335
28	35	0	0	0	0	208.128	2336
28	35	0	0	0	0	225.226	2337
28	36	0	0	0	0	204.872	2338
28	36	0	0	0	0	207.377	2339
28	35	0	0	0	0	218.193	2340
27	35	0	0	0	0	218.092	2341
28	35	0	0	0	0	216.594	2342
28	35	0	0	0	0	224.287	2343
30	35	0	0	0	0	223.471	2344
30	33	0	0	0	0	211.564	2345
30	33	0	0	0	0	228.161	2346
30	33	0	0	0	0	227.625	2347
30	34	0	0	0	0	226.568	2348
30	33	0	0	0	0	223.988	2349
30	32	0	0	0	0	214.722	2350
31	32	0	0	0	0	221.656	2351
31	34	0	0	0	0	221.045	2352
31	35	0	0	0	0	237.662	2353
29	34	0	0	0	0	210.138	2354
29	32	0	0	0	0	208.142	2355
29	33	0	0	0	0	221.135	2356
29	34	0	0	0	0	227.757	2357
29	34	0	0	0	0	230.267	2358
29	35	0	0	0	0	214.823	2359
29	34	0	0	0	0	229.805	2360
29	34	0	0	0	0	222.338	2361
29	36	0	0	0	0	223.261	2362
29	35	0	0	0	0	231.583	2363
28	35	0	0	0	0	237.011	2364
28	35	0	0	0	0	216.18	2365
28	36	0	0	0	0	232.583	2366
28	36	0	0	0	0	228.449	2367
28	35	0	0	0	0	221.959	2368
28	36	0	0	0	0	234.806	2369
29	36	0	0	0	0	228.664	2370
28	36	0	0	0	0	229.558	2371
27	36	0	0	0	0	237.567	2372
27	36	0	0	0	0	212.068	2373
27	36	0	0	0	0	235.818	2374
27	36	0	0	0	0	211.442	2375
27	35	0	0	0	0	207.312	2376
27	34	0	0	0	0	205.755	2377
26	32	0	0	0	0	216.586	2378
26	31	0	0	0	0	200.603	2379
26	31	0	0	0	0	194.352	2380
26	32	0	0	0	0	210.984	2381
27	31	0	0	0	0	194.241	2382
28	30	0	0	0	0	194.896	2383
28	29	0	0	0	0	195.302	2384
28	29	0	0	0	0	198.313	2385
28	29	0	0	0	0	182.492	2386
28	33	0	0	0	0	202.534	2387
28	33	0	0	0	0	194.393	2388
28	33	0	0	0	0	196.747	2389
28	32	0	0	0	0	197.357	2390
26	32	0	0	0	0	193.017	2391
26	30	0	0	0	0	186.883	2392
27	30	0	0	0	0	190.547	2393
30	28	0	0	0	0	187.407	2394
31	32	0	0	0	0	190.938	2395
31	33	0	0	0	0	194.902	2396
30	32	0	0	0	0	211.37	2397
30	31	0	0	0	0	221.241	2398
30	30	0	0	0	0	193.83	2399
31	30	0	0	0	0	204.23	2400
30	30	0	0	0	0	166.493	2401
30	30	0	0	0	0	202.719	2402
30	29	0	0	0	0	161.955	2403
26	30	0	0	0	0	197.452	2404
26	30	0	0	0	0	198.961	2405
27	29	0	0	0	0	199.876	2406
27	27	0	0	0	0	187.702	2407
27	27	0	0	0	0	174.67	2408
27	26	0	0	0	0	163.857	2409
27	27	0	0	0	0	197.2	2410
26	27	0	0	0	0	163.445	2411
26	28	0	0	0	0	177.192	2412
26	26	0	0	0	0	179.769	2413
26	26	0	0	0	0	184.145	2414
26	26	0	0	0	0	180.061	2415
26	26	0	0	0	0	194.57	2416
26	25	0	0	0	0	186.244	2417
26	25	0	0	0	0	172.938	2418
26	25	0	0	0	0	176.935	2419
26	25	0	0	0	0	180.588	2420
26	25	0	0	0	0	181.306	2421
27	24	0	0	0	0	177.192	2422
27	24	0	0	0	0	182.439	2423
29	24	0	0	0	0	177.261	2424
30	24	0	0	0	0	181.852	2425
30	24	0	0	0	0	190.417	2426
29	24	0	0	0	0	187.945	2427
29	24	0	0	0	0	191.786	2428
29	24	0	0	0	0	169.987	2429
31	23	0	0	0	0	176.374	2430
30	24	0	0	0	0	170.397	2431
30	30	0	0	0	0	171.176	2432
30	31	0	0	0	0	168.239	2433
30	31	0	0	0	0	174.065	2434
30	31	0	0	0	0	163.671	2435
27	32	0	0	0	0	162.238	2436
27	32	0	0	0	0	176.504	2437
27	31	0	0	0	0	197.808	2438
27	31	0	0	0	0	208.371	2439
27	30	0	0	0	0	198.681	2440
27	30	0	0	0	0	213.32	2441
27	30	0	0	0	0	203.001	2442
27	32	0	0	0	0	205.4	2443
27	32	0	0	0	0	203.804	2444
25	35	0	0	0	0	199.035	2445
25	35	0	0	0	0	206.471	2446
28	35	0	0	0	0	204.908	2447
29	35	0	0	0	0	235.736	2448
30	35	0	0	0	0	217.197	2449
29	35	0	0	0	0	212.571	2450
30	35	0	0	0	0	210.033	2451
28	35	0	0	0	0	226.833	2452
28	34	0	0	0	0	215.656	2453
25	34	0	0	0	0	207.499	2454
25	33	0	0	0	0	196.214	2455
26	32	0	0	0	0	205.294	2456
26	32	0	0	0	0	200.76	2457
33	36	0	0	0	0	190.749	2458
33	35	0	0	0	0	188.954	2459
33	35	0	0	0	0	203.398	2460
33	35	0	0	0	0	198.784	2461
33	35	0	0	0	0	201.861	2462
33	35	0	0	0	0	187.336	2463
34	35	0	0	0	0	199.593	2464
35	35	0	0	0	0	246.757	2465
36	35	0	0	0	0	259.046	2466
36	35	0	0	0	0	240.033	2467
36	36	0	0	0	0	248.477	2468
37	36	0	0	0	0	241.746	2469
38	36	0	0	0	0	259.91	2470
38	35	0	0	0	0	245.718	2471
38	35	0	0	0	0	271.66	2472
38	35	0	0	0	0	249.182	2473
39	35	0	0	0	0	249.557	2474
37	35	0	0	0	0	247.624	2475
37	36	0	0	0	0	258.655	2476
37	38	0	0	0	0	263.057	2477
37	38	0	0	0	0	255.228	2478
37	38	0	0	0	0	260.816	2479
37	38	0	0	0	0	257.765	2480
36	38	0	0	0	0	258.592	2481
36	38	0	0	0	0	258.149	2482
36	36	0	0	0	0	251.715	2483
36	36	0	0	0	0	228.908	2484
38	36	0	0	0	0	264.991	2485
38	36	0	0	0	0	270.291	2486
38	36	0	0	0	0	271.548	2487
38	36	0	0	0	0	261.69	2488
38	37	0	0	0	0	268.616	2489
38	37	0	0	0	0	250.611	2490
37	37	0	0	0	0	250.522	2491
37	36	0	0	0	0	263.061	2492
37	36	0	0	0	0	256.396	2493
37	36	0	0	0	0	246.744	2494
36	36	0	0	0	0	250.069	2495
36	36	0	0	0	0	257.346	2496
36	36	0	0	0	0	259.354	2497
36	35	0	0	0	0	248.641	2498
37	35	0	0	0	0	270.395	2499
37	35	0	0	0	0	249.706	2500
37	34	0	0	0	0	249.86	2501
37	34	0	0	0	0	244.079	2502
38	34	0	0	0	0	260.532	2503
38	34	0	0	0	0	228.413	2504
39	34	0	0	0	0	259.931	2505
40	33	0	0	0	0	260.525	2506
41	33	0	0	0	0	263.681	2507
41	33	0	0	0	0	267.844	2508
41	33	0	0	0	0	265.313	2509
41	34	0	0	0	0	271.177	2510
41	35	0	0	0	0	263.834	2511
42	35	0	0	0	0	265.714	2512
42	34	0	0	0	0	261.606	2513
42	34	0	0	0	0	267.826	2514
44	34	0	0	0	0	260.603	2515
42	36	0	0	0	0	293.115	2516
42	36	0	0	0	0	270.057	2517
42	37	0	0	0	0	281.625	2518
42	35	0	0	0	0	263.087	2519
44	35	0	0	0	0	265.265	2520
44	34	0	0	0	0	298.401	2521
46	34	0	0	0	0	270.588	2522
46	34	0	0	0	0	278.682	2523
46	33	0	0	0	0	258.321	2524
45	32	0	0	0	0	271.771	2525
45	32	0	0	0	0	267.977	2526
43	32	0	0	0	0	270.423	2527
43	32	0	0	0	0	268.525	2528
43	32	0	0	0	0	274.626	2529
43	32	0	0	0	0	272.601	2530
43	31	0	0	0	0	238.974	2531
43	31	0	0	0	0	253.091	2532
42	31	0	0	0	0	260.116	2533
43	31	0	0	0	0	261.178	2534
42	31	0	0	0	0	265.954	2535
42	31	0	0	0	0	257.238	2536
43	31	0	0	0	0	257.876	2537
44	31	0	0	0	0	264.217	2538
45	31	0	0	0	0	257.718	2539
45	32	0	0	0	0	272.737	2540
45	32	0	0	0	0	259.368	2541
44	32	0	0	0	0	271.583	2542
43	32	0	0	0	0	241.985	2543
43	32	0	0	0	0	255.643	2544
44	28	0	0	0	0	247.389	2545
44	27	0	0	0	0	258.272	2546
45	27	0	0	0	0	264.399	2547
45	26	0	0	0	0	238.401	2548
46	26	0	0	0	0	245.677	2549
46	25	0	0	0	0	245.775	2550
48	25	0	0	0	0	254.985	2551
49	25	0	0	0	0	258.174	2552
50	25	0	0	0	0	271.695	2553
50	24	0	0	0	0	269.295	2554
51	24	0	0	0	0	263.961	2555
49	24	0	0	0	0	262.926	2556
49	23	0	0	0	0	258.584	2557
49	24	0	0	0	0	186.513	2558
47	24	0	0	0	0	233.214	2559
49	23	0	0	0	0	226.23	2560
50	22	0	0	0	0	262.424	2561
51	22	0	0	0	0	243.052	2562
51	22	0	0	0	0	251.648	2563
51	22	0	0	0	0	270.024	2564
51	22	0	0	0	0	275.124	2565
51	21	0	0	0	0	258.929	2566
52	21	0	0	0	0	242.294	2567
53	20	0	0	0	0	237.976	2568
53	19	0	0	0	0	230.182	2569
53	18	0	0	0	0	245.547	2570
53	18	0	0	0	0	236.926	2571
49	15	0	0	0	0	217.481	2572
49	15	0	0	0	0	215.112	2573
47	13	0	0	0	0	210.156	2574
47	13	0	0	0	0	158.452	2575
48	12	0	0	0	0	213.244	2576
48	11	0	0	0	0	215.837	2577
48	11	0	0	0	0	168.628	2578
49	11	0	0	0	0	171.591	2579
50	11	0	0	0	0	191.865	2580
52	11	0	0	0	0	196.215	2581
53	9	0	0	0	0	192.572	2582
53	9	0	0	0	0	195.124	2583
53	6	0	0	0	0	206.904	2584
54	4	0	0	0	0	203.444	2585
55	4	0	0	0	0	214.383	2586
55	4	0	0	0	0	214.368	2587
55	4	0	0	0	0	203.642	2588
55	4	0	0	0	0	212.853	2589
55	5	0	0	0	0	215.647	2590
56	5	0	0	0	0	216.931	2591
56	5	0	0	0	0	175.857	2592
57	7	0	0	0	0	164.383	2593
56	14	0	0	0	0	180.91	2594
56	12	0	0	0	0	179.744	2595
57	13	0	0	0	0	167.56	2596
55	12	0	0	0	0	162.555	2597
53	12	0	0	0	0	156.25	2598
51	12	0	0	0	0	156.574	2599
51	12	0	0	0	0	217.906	2600
51	12	0	0	0	0	208.972	2601
50	13	0	0	0	0	189.206	2602
38	13	0	0	0	0	170.796	2603
37	16	0	0	0	0	178.665	2604
37	16	0	0	0	0	201.744	2605
37	16	0	0	0	0	151.96	2606
39	16	0	0	0	0	187.764	2607
39	16	0	0	0	0	200.117	2608
39	15	0	0	0	0	167.11	2609
39	16	0	0	0	0	167.984	2610
38	16	0	0	0	0	195.598	2611
37	17	0	0	0	0	195.98	2612
38	17	0	0	0	0	182.504	2613
38	17	0	0	0	0	205.292	2614
38	17	0	0	0	0	205.657	2615
38	17	0	0	0	0	166.908	2616
38	18	0	0	0	0	187.328	2617
38	18	0	0	0	0	204.134	2618
38	18	0	0	0	0	212.222	2619
40	18	0	0	0	0	174.588	2620
40	18	0	0	0	0	186.504	2621
40	18	0	0	0	0	197.772	2622
40	18	0	0	0	0	199.068	2623
40	18	0	0	0	0	199.086	2624
40	18	0	0	0	0	197.813	2625
39	18	0	0	0	0	198.734	2626
39	18	0	0	0	0	185.225	2627
39	19	0	0	0	0	207.791	2628
39	19	0	0	0	0	212.845	2629
39	19	0	0	0	0	213.765	2630
39	19	0	0	0	0	218.15	2631
39	19	0	0	0	0	213.365	2632
39	19	0	0	0	0	193.946	2633
39	18	0	0	0	0	205.273	2634
39	18	0	0	0	0	198.739	2635
39	18	0	0	0	0	197.911	2636
39	16	0	0	0	0	198.835	2637
39	16	0	0	0	0	179.988	2638
39	16	0	0	0	0	210.195	2639
40	18	0	0	0	0	208.897	2640
40	18	0	0	0	0	195.668	2641
41	18	0	0	0	0	218.957	2642
41	18	0	0	0	0	216.165	2643
42	18	0	0	0	0	215.354	2644
42	18	0	0	0	0	216.928	2645
42	18	0	0	0	0	216.583	2646
42	18	0	0	0	0	209.12	2647
42	18	0	0	0	0	203.7	2648
36	18	0	0	0	0	198.854	2649
36	18	0	0	0	0	195.847	2650
36	18	0	0	0	0	196.737	2651
36	18	0	0	0	0	205.836	2652
36	19	0	0	0	0	195.877	2653
36	20	0	0	0	0	202.349	2654
34	21	0	0	0	0	184.976	2655
34	21	0	0	0	0	184.84	2656
34	21	0	0	0	0	191.074	2657
34	21	0	0	0	0	199.191	2658
34	20	0	0	0	0	204.616	2659
34	21	0	0	0	0	187.232	2660
34	21	0	0	0	0	198.599	2661
34	21	0	0	0	0	209.539	2662
34	25	0	0	0	0	209.705	2663
34	25	0	0	0	0	207.013	2664
33	25	0	0	0	0	209.611	2665
33	24	0	0	0	0	201.897	2666
33	24	0	0	0	0	198.867	2667
33	24	0	0	0	0	209.029	2668
33	24	0	0	0	0	188.807	2669
33	24	0	0	0	0	202.362	2670
33	24	0	0	0	0	169.187	2671
25	25	0	0	0	0	159.518	2672
25	24	0	0	0	0	141.156	2673
22	24	0	0	0	0	173.299	2674
23	24	0	0	0	0	170.88	2675
23	24	0	0	0	0	174.016	2676
23	24	0	0	0	0	156.135	2677
24	24	0	0	0	0	178.43	2678
24	24	0	0	0	0	165.463	2679
24	24	0	0	0	0	175.966	2680
24	24	0	0	0	0	164.277	2681
24	24	0	0	0	0	160.298	2682
24	24	0	0	0	0	170.162	2683
24	25	0	0	0	0	158.927	2684
24	26	0	0	0	0	156.587	2685
22	34	0	0	0	0	163.112	2686
19	34	0	0	0	0	183.011	2687
19	35	0	0	0	0	160.787	2688
18	35	0	0	0	0	174.18	2689
17	35	0	0	0	0	162.745	2690
18	37	0	0	0	0	176.02	2691
16	37	0	0	0	0	179.52	2692
15	37	0	0	0	0	169.763	2693
15	37	0	0	0	0	163.512	2694
10	37	0	0	0	0	138.425	2695
11	37	0	0	0	0	159.614	2696
11	37	0	0	0	0	158.76	2697
11	37	0	0	0	0	155.379	2698
11	37	0	0	0	0	165.986	2699
10	37	0	0	0	0	164.214	2700
11	37	0	0	0	0	169.808	2701
12	37	0	0	0	0	177.535	2702
12	37	0	0	0	0	174.902	2703
12	37	0	0	0	0	172.68	2704
12	37	0	0	0	0	171.21	2705
12	37	0	0	0	0	174.925	2706
12	36	0	0	0	0	166.25	2707
12	36	0	0	0	0	165.217	2708
12	36	0	0	0	0	161.629	2709
12	36	0	0	0	0	160.161	2710
12	36	0	0	0	0	171.015	2711
13	36	0	0	0	0	169.692	2712
13	35	0	0	0	0	166.603	2713
13	35	0	0	0	0	166.936	2714
13	35	0	0	0	0	163.772	2715
13	35	0	0	0	0	161.033	2716
13	35	0	0	0	0	162.406	2717
13	35	0	0	0	0	168.599	2718
13	35	0	0	0	0	162.877	2719
13	35	0	0	0	0	164.52	2720
14	34	0	0	0	0	153.286	2721
15	34	0	0	0	0	161.083	2722
15	33	0	0	0	0	169.987	2723
15	33	0	0	0	0	156.946	2724
15	32	0	0	0	0	162.935	2725
15	32	0	0	0	0	157.024	2726
15	32	0	0	0	0	154.781	2727
16	31	0	0	0	0	147.104	2728
15	31	0	0	0	0	143.725	2729
15	30	0	0	0	0	165.893	2730
15	29	0	0	0	0	157.476	2731
15	29	0	0	0	0	142.939	2732
15	28	0	0	0	0	135.111	2733
16	25	0	0	0	0	121.254	2734
16	23	0	0	0	0	113.045	2735
16	22	0	0	0	0	107.679	2736
16	22	0	0	0	0	122.927	2737
16	22	0	0	0	0	121.896	2738
16	20	0	0	0	0	120.692	2739
17	18	0	0	0	0	109.306	2740
18	17	0	0	0	0	69.554	2741
18	17	0	0	0	0	70.8656	2742
18	16	0	0	0	0	73.1372	2743
20	14	0	0	0	0	73.7495	2744
20	14	0	0	0	0	73.6116	2745
21	14	0	0	0	0	73.6863	2746
21	14	0	0	0	0	72.6391	2747
21	12	0	0	0	0	73.8392	2748
21	10	0	0	0	0	73.75	2749
22	9	0	0	0	0	71.0979	2750
22	5	0	0	0	0	85.6886	2751
22	5	0	0	0	0	90.7949	2752
22	5	0	0	0	0	90.9932	2753
22	5	0	0	0	0	86.5919	2754
22	6	0	0	0	0	87.2263	2755
22	6	0	0	0	0	99.2402	2756
23	6	0	0	0	0	86.0067	2757
23	6	0	0	0	0	97.4024	2758
23	7	0	0	0	0	94.8226	2759
23	7	0	0	0	0	94.45	2760
23	7	0	0	0	0	94.6635	2761
23	5	0	0	0	0	95.5831	2762
23	5	0	0	0	0	93.1372	2763
24	5	0	0	0	0	98.0785	2764
23	5	0	0	0	0	96.8199	2765
23	5	0	0	0	0	98.0554	2766
24	6	0	0	0	0	94.8015	2767
24	7	0	0	0	0	89.9619	2768
21	7	0	0	0	0	90.8132	2769
21	7	0	0	0	0	90.0306	2770
21	7	0	0	0	0	103.611	2771
21	7	0	0	0	0	85.8458	2772
21	7	0	0	0	0	94.3055	2773
21	7	0	0	0	0	100.009	2774
21	7	0	0	0	0	96.8128	2775
21	7	0	0	0	0	103.674	2776
21	7	0	0	0	0	97.5374	2777
21	8	0	0	0	0	96.9536	2778
21	8	0	0	0	0	104.495	2779
21	9	0	0	0	0	107.108	2780
21	9	0	0	0	0	93.8554	2781
21	9	0	0	0	0	107.105	2782
21	9	0	0	0	0	110.454	2783
21	9	0	0	0	0	104.165	2784
21	9	0	0	0	0	102.156	2785
21	10	0	0	0	0	100.578	2786
20	10	0	0	0	0	93.1275	2787
20	10	0	0	0	0	101.271	2788
18	11	0	0	0	0	98.5583	2789
18	11	0	0	0	0	98.2844	2790
18	11	0	0	0	0	89.8157	2791
18	11	0	0	0	0	89.5864	2792
18	12	0	0	0	0	90.4523	2793
15	14	0	0	0	0	84.3027	2794
15	14	0	0	0	0	91.5865	2795
15	14	0	0	0	0	96.5393	2796
15	14	0	0	0	0	93.537	2797
15	14	0	0	0	0	98.2533	2798
15	16	0	0	0	0	100.072	2799
14	17	0	0	0	0	94.8253	2800
14	17	0	0	0	0	98.5301	2801
14	17	0	0	0	0	100.718	2802
12	17	0	0	0	0	98.3285	2803
12	17	0	0	0	0	101.663	2804
12	17	0	0	0	0	90.4571	2805
12	17	0	0	0	0	88.7973	2806
12	17	0	0	0	0	107.253	2807
12	17	0	0	0	0	105.092	2808
12	17	0	0	0	0	99.1439	2809
12	17	0	0	0	0	103.109	2810
12	17	0	0	0	0	108.021	2811
12	17	0	0	0	0	98.3973	2812
12	17	0	0	0	0	96.7824	2813
12	17	0	0	0	0	82.9829	2814
12	17	0	0	0	0	99.686	2815
12	17	0	0	0	0	91.897	2816
12	17	0	0	0	0	99.6941	2817
12	17	0	0	0	0	96.7923	2818
12	17	0	0	0	0	98.6224	2819
12	16	0	0	0	0	97.2781	2820
12	16	0	0	0	0	93.7871	2821
11	16	0	0	0	0	91.5243	2822
11	16	0	0	0	0	90.5569	2823
11	16	0	0	0	0	83.9896	2824
11	15	0	0	0	0	91.3153	2825
11	15	0	0	0	0	92.2663	2826
11	15	0	0	0	0	90.4601	2827
11	15	0	0	0	0	88.3369	2828
11	15	0	0	0	0	95.7525	2829
11	16	0	0	0	0	65.9154	2830
12	16	0	0	0	0	84.8378	2831
12	16	0	0	0	0	83.3379	2832
12	16	0	0	0	0	93.7893	2833
14	14	0	0	0	0	86.7488	2834
15	14	0	0	0	0	77.679	2835
16	14	0	0	0	0	88.9176	2836
16	14	0	0	0	0	88.4807	2837
16	14	0	0	0	0	84.5396	2838
16	15	0	0	0	0	73.5836	2839
16	15	0	0	0	0	75.6126	2840
16	15	0	0	0	0	110.02	2841
16	15	0	0	0	0	103.578	2842
16	15	0	0	0	0	109.115	2843
16	16	0	0	0	0	105.941	2844
16	16	0	0	0	0	103.931	2845
16	16	0	0	0	0	108.659	2846
16	16	0	0	0	0	110.789	2847
16	16	0	0	0	0	111.577	2848
16	16	0	0	0	0	110.132	2849
16	16	0	0	0	0	108.007	2850
17	16	0	0	0	0	111.326	2851
17	16	0	0	0	0	106.841	2852
18	18	0	0	0	0	111.53	2853
18	18	0	0	0	0	126.424	2854
17	18	0	0	0	0	121.81	2855
18	18	0	0	0	0	110.639	2856
18	18	0	0	0	0	113.815	2857
18	18	0	0	0	0	117.151	2858
19	18	0	0	0	0	110.417	2859
19	18	0	0	0	0	107.959	2860
19	18	0	0	0	0	113.569	2861
19	19	0	0	0	0	122.3	2862
19	19	0	0	0	0	121.583	2863
18	19	0	0	0	0	104.756	2864
18	19	0	0	0	0	130.722	2865
19	18	0	0	0	0	120.557	2866
19	18	0	0	0	0	124.387	2867
19	18	0	0	0	0	126.36	2868
19	18	0	0	0	0	125.302	2869
19	18	0	0	0	0	124.835	2870
18	19	0	0	0	0	129.613	2871
19	19	0	0	0	0	124.777	2872
20	19	0	0	0	0	137.688	2873
20	19	0	0	0	0	127.317	2874
20	19	0	0	0	0	134.078	2875
22	21	0	0	0	0	135.969	2876
22	23	0	0	0	0	142.303	2877
22	26	0	0	0	0	142.503	2878
21	32	0	0	0	0	170.274	2879
21	32	0	0	0	0	182.922	2880
21	32	0	0	0	0	183.943	2881
21	31	0	0	0	0	171.025	2882
21	31	0	0	0	0	176.467	2883
21	34	0	0	0	0	188.056	2884
22	34	0	0	0	0	186.802	2885
21	34	0	0	0	0	181.314	2886
21	34	0	0	0	0	186.561	2887
21	34	0	0	0	0	188.157	2888
22	35	0	0	0	0	200.783	2889
23	35	0	0	0	0	205.311	2890
24	35	0	0	0	0	195.719	2891
24	34	0	0	0	0	197.328	2892
22	34	0	0	0	0	201.343	2893
23	33	0	0	0	0	207.872	2894
23	33	0	0	0	0	181.12	2895
26	32	0	0	0	0	189.75	2896
26	32	0	0	0	0	193.032	2897
26	32	0	0	0	0	199.255	2898
26	32	0	0	0	0	212.817	2899
26	32	0	0	0	0	214.057	2900
27	32	0	0	0	0	214.345	2901
27	32	0	0	0	0	211.303	2902
28	32	0	0	0	0	211.908	2903
28	32	0	0	0	0	213.691	2904
29	31	0	0	0	0	190.221	2905
29	31	0	0	0	0	215.319	2906
29	31	0	0	0	0	221.609	2907
29	32	0	0	0	0	203.649	2908
29	33	0	0	0	0	205.627	2909
28	33	0	0	0	0	215.891	2910
28	33	0	0	0	0	218.704	2911
28	33	0	0	0	0	221.401	2912
28	33	0	0	0	0	215.472	2913
28	33	0	0	0	0	210.454	2914
28	33	0	0	0	0	214.956	2915
28	33	0	0	0	0	217.983	2916
26	32	0	0	0	0	169.772	2917
26	30	0	0	0	0	185.382	2918
26	30	0	0	0	0	210.634	2919
26	30	0	0	0	0	197.666	2920
26	30	0	0	0	0	188.553	2921
26	30	0	0	0	0	190.261	2922
26	30	0	0	0	0	186.96	2923
26	29	0	0	0	0	188.009	2924
27	29	0	0	0	0	195.815	2925
27	29	0	0	0	0	178.394	2926
28	29	0	0	0	0	195.548	2927
28	28	0	0	0	0	191.833	2928
28	28	0	0	0	0	208.984	2929
28	28	0	0	0	0	197.669	2930
28	28	0	0	0	0	191.366	2931
28	28	0	0	0	0	196.142	2932
27	30	0	0	0	0	203.275	2933
27	30	0	0	0	0	209.436	2934
27	30	0	0	0	0	209.44	2935
28	30	0	0	0	0	193.604	2936
28	30	0	0	0	0	205.608	2937
28	30	0	0	0	0	219.329	2938
28	30	0	0	0	0	212.209	2939
29	30	0	0	0	0	220.957	2940
30	30	0	0	0	0	195.824	2941
29	30	0	0	0	0	199.207	2942
30	30	0	0	0	0	223.932	2943
31	30	0	0	0	0	205.622	2944
32	30	0	0	0	0	206.584	2945
34	30	0	0	0	0	219.93	2946
35	29	0	0	0	0	217.678	2947
35	29	0	0	0	0	209.867	2948
37	29	0	0	0	0	236.767	2949
38	28	0	0	0	0	232.438	2950
38	28	0	0	0	0	223.446	2951
38	28	0	0	0	0	232.921	2952
39	28	0	0	0	0	222.023	2953
39	28	0	0	0	0	233.912	2954
39	27	0	0	0	0	228.818	2955
41	27	0	0	0	0	229.448	2956
41	26	0	0	0	0	233.674	2957
41	27	0	0	0	0	242.644	2958
41	27	0	0	0	0	233.308	2959
42	27	0	0	0	0	234.089	2960
43	27	0	0	0	0	232.313	2961
44	27	0	0	0	0	242.27	2962
44	27	0	0	0	0	244.706	2963
44	28	0	0	0	0	260.859	2964
46	28	0	0	0	0	254.754	2965
48	31	0	0	0	0	250.164	2966
48	32	0	0	0	0	254.194	2967
49	35	0	0	0	0	255.421	2968
49	35	0	0	0	0	255.072	2969
49	34	0	0	0	0	294.994	2970
49	35	0	0	0	0	291.013	2971
49	35	0	0	0	0	279.938	2972
48	35	0	0	0	0	283.765	2973
50	35	0	0	0	0	294.515	2974
49	37	0	0	0	0	288.946	2975
49	39	0	0	0	0	303.765	2976
44	39	0	0	0	0	288.76	2977
45	38	0	0	0	0	281.065	2978
45	38	0	0	0	0	276.311	2979
44	36	0	0	0	0	275.647	2980
44	35	0	0	0	0	285.393	2981
44	36	0	0	0	0	254.127	2982
44	36	0	0	0	0	268.428	2983
40	35	0	0	0	0	254.189	2984
39	34	0	0	0	0	262.093	2985
39	33	0	0	0	0	246.82	2986
40	33	0	0	0	0	267.069	2987
40	33	0	0	0	0	259.648	2988
40	31	0	0	0	0	244.976	2989
40	31	0	0	0	0	249.263	2990
40	31	0	0	0	0	247.448	2991
39	38	0	0	0	0	250.905	2992
39	38	0	0	0	0	271.173	2993
39	38	0	0	0	0	272.711	2994
39	37	0	0	0	0	258.216	2995
37	37	0	0	0	0	256.863	2996
37	43	0	0	0	0	256.6	2997
37	43	0	0	0	0	277.102	2998
37	43	0	0	0	0	224.552	2999
37	46	0	0	0	0	274.332	3000
34	46	0	0	0	0	254.73	3001
33	49	0	0	0	0	262.901	3002
33	49	0	0	0	0	276.822	3003
32	49	0	0	0	0	284.185	3004
32	50	0	0	0	0	291.589	3005
30	49	0	0	0	0	283.159	3006
30	50	0	0	0	0	281.556	3007
31	50	0	0	0	0	263.024	3008
29	51	0	0	0	0	286.15	3009
29	51	0	0	0	0	275.875	3010
30	50	0	0	0	0	262.885	3011
30	50	0	0	0	0	275.469	3012
30	49	0	0	0	0	282.138	3013
30	48	0	0	0	0	273.562	3014
30	48	0	0	0	0	295.789	3015
30	50	0	0	0	0	260.505	3016
29	50	0	0	0	0	267.263	3017
28	49	0	0	0	0	262.156	3018
28	49	0	0	0	0	265.952	3019
27	49	0	0	0	0	257.473	3020
27	49	0	0	0	0	251.442	3021
27	49	0	0	0	0	254.719	3022
25	49	0	0	0	0	265.723	3023
25	49	0	0	0	0	252.735	3024
24	49	0	0	0	0	250.159	3025
24	49	0	0	0	0	272.488	3026
24	49	0	0	0	0	261.051	3027
24	48	0	0	0	0	235.463	3028
24	45	0	0	0	0	249.988	3029
24	45	0	0	0	0	240.594	3030
24	45	0	0	0	0	244.859	3031
26	45	0	0	0	0	234.362	3032
26	45	0	0	0	0	265.629	3033
26	44	0	0	0	0	250.459	3034
26	46	0	0	0	0	241.446	3035
25	44	0	0	0	0	240.899	3036
25	44	0	0	0	0	247.41	3037
25	44	0	0	0	0	247.048	3038
25	44	0	0	0	0	242.737	3039
25	45	0	0	0	0	250.611	3040
25	45	0	0	0	0	247.849	3041
25	45	0	0	0	0	245.257	3042
25	45	0	0	0	0	250.657	3043
26	45	0	0	0	0	252.33	3044
26	45	0	0	0	0	269.008	3045
26	45	0	0	0	0	250.185	3046
26	46	0	0	0	0	260.023	3047
26	47	0	0	0	0	244.883	3048
26	47	0	0	0	0	266.442	3049
26	47	0	0	0	0	261.385	3050
26	47	0	0	0	0	255.398	3051
26	47	0	0	0	0	273.603	3052
26	46	0	0	0	0	263.703	3053
27	46	0	0	0	0	263.823	3054
28	46	0	0	0	0	247.765	3055
28	46	0	0	0	0	271.382	3056
28	44	0	0	0	0	247.789	3057
28	43	0	0	0	0	254.782	3058
28	43	0	0	0	0	239.725	3059
28	43	0	0	0	0	260.204	3060
28	43	0	0	0	0	261.442	3061
28	45	0	0	0	0	251.91	3062
28	45	0	0	0	0	279.022	3063
28	46	0	0	0	0	259.458	3064
29	46	0	0	0	0	251.703	3065
29	46	0	0	0	0	257.45	3066
29	48	0	0	0	0	266.537	3067
29	47	0	0	0	0	260.008	3068
29	46	0	0	0	0	237.034	3069
29	46	0	0	0	0	251.312	3070
28	46	0	0	0	0	248.254	3071
28	45	0	0	0	0	236.137	3072
28	46	0	0	0	0	264.937	3073
28	49	0	0	0	0	262.037	3074
28	49	0	0	0	0	270.239	3075
28	49	0	0	0	0	263.202	3076
28	48	0	0	0	0	260.338	3077
28	48	0	0	0	0	259.367	3078
28	48	0	0	0	0	291.032	3079
28	48	0	0	0	0	267.674	3080
28	48	0	0	0	0	284.622	3081
27	47	0	0	0	0	245.097	3082
28	45	0	0	0	0	245.303	3083
28	45	0	0	0	0	266.75	3084
28	45	0	0	0	0	255.703	3085
28	45	0	0	0	0	273.742	3086
28	44	0	0	0	0	253.824	3087
28	44	0	0	0	0	247.581	3088
28	44	0	0	0	0	248.209	3089
28	44	0	0	0	0	266.353	3090
28	47	0	0	0	0	262.389	3091
28	47	0	0	0	0	246.426	3092
28	47	0	0	0	0	254.125	3093
28	47	0	0	0	0	251.49	3094
28	47	0	0	0	0	265.895	3095
28	47	0	0	0	0	215.99	3096
28	46	0	0	0	0	234.187	3097
28	46	0	0	0	0	233.011	3098
26	46	0	0	0	0	197	3099
24	44	0	0	0	0	215.411	3100
24	44	0	0	0	0	236.779	3101
24	44	0	0	0	0	215.103	3102
24	44	0	0	0	0	231.188	3103
24	46	0	0	0	0	235.221	3104
24	46	0	0	0	0	189.173	3105
22	46	0	0	0	0	204.465	3106
22	47	0	0	0	0	231.584	3107
22	47	0	0	0	0	222.969	3108
22	47	0	0	0	0	246.363	3109
22	46	0	0	0	0	231.127	3110
22	46	0	0	0	0	231.441	3111
23	46	0	0	0	0	233.505	3112
22	45	0	0	0	0	242.615	3113
22	46	0	0	0	0	217.827	3114
18	46	0	0	0	0	224.526	3115
18	46	0	0	0	0	233.283	3116
19	46	0	0	0	0	219.48	3117
18	45	0	0	0	0	220.631	3118
18	45	0	0	0	0	225.804	3119
18	50	0	0	0	0	219.603	3120
16	51	0	0	0	0	217.35	3121
16	52	0	0	0	0	219.29	3122
19	53	0	0	0	0	235.863	3123
20	51	0	0	0	0	234.589	3124
20	49	0	0	0	0	235.694	3125
21	46	0	0	0	0	226.247	3126
21	46	0	0	0	0	215.202	3127
21	48	0	0	0	0	232.537	3128
19	46	0	0	0	0	239.822	3129
20	46	0	0	0	0	215.806	3130
20	45	0	0	0	0	209.224	3131
20	46	0	0	0	0	210.641	3132
21	45	0	0	0	0	207.527	3133
21	47	0	0	0	0	217.466	3134
23	48	0	0	0	0	220.876	3135
23	46	0	0	0	0	214.135	3136
23	46	0	0	0	0	202.913	3137
24	46	0	0	0	0	232.293	3138
24	46	0	0	0	0	224.589	3139
24	45	0	0	0	0	223.04	3140
24	45	0	0	0	0	226.813	3141
24	43	0	0	0	0	234.454	3142
24	42	0	0	0	0	227.498	3143
25	42	0	0	0	0	242.377	3144
25	43	0	0	0	0	227.663	3145
26	42	0	0	0	0	216.587	3146
26	40	0	0	0	0	227.001	3147
26	41	0	0	0	0	236.474	3148
26	43	0	0	0	0	237.383	3149
26	43	0	0	0	0	244.391	3150
27	43	0	0	0	0	243.852	3151
27	43	0	0	0	0	234.676	3152
27	44	0	0	0	0	261.314	3153
28	44	0	0	0	0	249.118	3154
29	47	0	0	0	0	255.503	3155
29	46	0	0	0	0	258.957	3156
30	46	0	0	0	0	237.914	3157
29	46	0	0	0	0	250.751	3158
28	46	0	0	0	0	242.436	3159
28	46	0	0	0	0	247.119	3160
29	45	0	0	0	0	236.335	3161
30	45	0	0	0	0	242.291	3162
30	45	0	0	0	0	253.187	3163
27	45	0	0	0	0	234.787	3164
27	45	0	0	0	0	241.729	3165
28	45	0	0	0	0	251.551	3166
30	44	0	0	0	0	231.9	3167
31	44	0	0	0	0	272.417	3168
31	44	0	0	0	0	280.738	3169
31	45	0	0	0	0	243.432	3170
33	46	0	0	0	0	274.188	3171
33	46	0	0	0	0	269.777	3172
33	46	0	0	0	0	287.345	3173
33	46	0	0	0	0	287.771	3174
33	46	0	0	0	0	279.197	3175
35	46	0	0	0	0	262.61	3176
37	46	0	0	0	0	270.78	3177
37	46	0	0	0	0	288.414	3178
37	46	0	0	0	0	273.373	3179
38	46	0	0	0	0	289.356	3180
39	46	0	0	0	0	283.413	3181
40	46	0	0	0	0	276.956	3182
40	46	0	0	0	0	289.976	3183
40	46	0	0	0	0	292.972	3184
40	46	0	0	0	0	289.365	3185
40	46	0	0	0	0	301.451	3186
40	46	0	0	0	0	304.277	3187
42	46	0	0	0	0	300.576	3188
42	46	0	0	0	0	276.637	3189
43	44	0	0	0	0	304.499	3190
44	44	0	0	0	0	305.857	3191
46	44	0	0	0	0	310.309	3192
47	47	0	0	0	0	311.3	3193
47	48	0	0	0	0	311.696	3194
47	46	0	0	0	0	341.751	3195
47	46	0	0	0	0	330.717	3196
48	45	0	0	0	0	327.126	3197
49	45	0	0	0	0	330.53	3198
49	46	0	0	0	0	320.058	3199
49	46	0	0	0	0	311.442	3200
52	46	0	0	0	0	331.319	3201
52	46	0	0	0	0	358.791	3202
52	46	0	0	0	0	311.468	3203
53	46	0	0	0	0	348.118	3204
53	46	0	0	0	0	316.331	3205
53	44	0	0	0	0	330.745	3206
54	44	0	0	0	0	346.073	3207
55	44	0	0	0	0	298.772	3208
55	42	0	0	0	0	331.345	3209
55	43	0	0	0	0	341.728	3210
55	43	0	0	0	0	337.224	3211
55	42	0	0	0	0	352.93	3212
55	41	0	0	0	0	339.817	3213
55	44	0	0	0	0	341.011	3214
56	55	0	0	0	0	329.813	3215
56	61	0	0	0	0	362.366	3216
56	60	0	0	0	0	410.916	3217
57	58	0	0	0	0	391.027	3218
57	58	0	0	0	0	393.128	3219
57	58	0	0	0	0	397.35	3220
57	57	0	0	0	0	404.861	3221
57	61	0	0	0	0	384.557	3222
56	63	0	0	0	0	389.785	3223
55	61	0	0	0	0	387.005	3224
54	60	0	0	0	0	340.969	3225
56	59	0	0	0	0	371.686	3226
58	59	0	0	0	0	411.725	3227
59	60	0	0	0	0	435.143	3228
59	60	0	0	0	0	419.094	3229
59	59	0	0	0	0	397.97	3230
60	59	0	0	0	0	426.241	3231
59	59	0	0	0	0	378.694	3232
59	59	0	0	0	0	391.759	3233
59	59	0	0	0	0	420.925	3234
59	59	0	0	0	0	428.092	3235
59	59	0	0	0	0	427.155	3236
59	60	0	0	0	0	435.23	3237
60	60	0	0	0	0	398.026	3238
60	60	0	0	0	0	421.835	3239
60	58	0	0	0	0	436.858	3240
58	57	0	0	0	0	427.696	3241
58	57	0	0	0	0	439.897	3242
58	57	0	0	0	0	408.259	3243
58	57	0	0	0	0	414.693	3244
59	56	0	0	0	0	437.143	3245
59	56	0	0	0	0	410.579	3246
61	56	0	0	0	0	404.771	3247
62	56	0	0	0	0	424.749	3248
62	57	0	0	0	0	415.929	3249
62	57	0	0	0	0	412.653	3250
62	57	0	0	0	0	449.821	3251
62	57	0	0	0	0	425.343	3252
62	56	0	0	0	0	438.646	3253
62	55	0	0	0	0	428.965	3254
63	55	0	0	0	0	423.115	3255
65	65	0	0	0	0	450.237	3256
65	66	0	0	0	0	439.83	3257
65	65	0	0	0	0	454.467	3258
66	67	0	0	0	0	457.569	3259
66	67	0	0	0	0	458.045	3260
66	68	0	0	0	0	464.261	3261
63	68	0	0	0	0	459.348	3262
63	68	0	0	0	0	431.496	3263
63	68	0	0	0	0	441.692	3264
52	68	0	0	0	0	412.585	3265
52	68	0	0	0	0	432.703	3266
52	69	0	0	0	0	434.017	3267
51	68	0	0	0	0	428.802	3268
51	69	0	0	0	0	425.306	3269
51	67	0	0	0	0	428.024	3270
51	66	0	0	0	0	416.458	3271
51	65	0	0	0	0	401.297	3272
51	65	0	0	0	0	420.767	3273
50	70	0	0	0	0	411.426	3274
48	69	0	0	0	0	386.836	3275
47	72	0	0	0	0	411.469	3276
44	72	0	0	0	0	355.165	3277
44	75	0	0	0	0	384.031	3278
45	76	0	0	0	0	413.352	3279
45	76	0	0	0	0	441.074	3280
45	76	0	0	0	0	418.571	3281
45	77	0	0	0	0	423.29	3282
42	76	0	0	0	0	435.663	3283
42	76	0	0	0	0	442.556	3284
40	76	0	0	0	0	424.948	3285
40	76	0	0	0	0	422.893	3286
40	75	0	0	0	0	379.328	3287
41	75	0	0	0	0	402.209	3288
41	79	0	0	0	0	400.428	3289
42	79	0	0	0	0	415.406	3290
42	78	0	0	0	0	340.519	3291
43	76	0	0	0	0	375.221	3292
43	75	0	0	0	0	397.319	3293
41	75	0	0	0	0	366.253	3294
42	75	0	0	0	0	376.794	3295
44	78	0	0	0	0	394.471	3296
44	79	0	0	0	0	415.706	3297
41	83	0	0	0	0	404.167	3298
41	83	0	0	0	0	429.571	3299
41	82	0	0	0	0	392.625	3300
41	83	0	0	0	0	427.999	3301
42	85	0	0	0	0	430.949	3302
42	84	0	0	0	0	416.366	3303
42	85	0	0	0	0	456.631	3304
42	82	0	0	0	0	451.71	3305
43	84	0	0	0	0	447.378	3306
44	83	0	0	0	0	467.711	3307
44	88	0	0	0	0	491.664	3308
44	88	0	0	0	0	471.723	3309
43	88	0	0	0	0	490.797	3310
44	90	0	0	0	0	482.237	3311
44	94	0	0	0	0	449.692	3312
44	93	0	0	0	0	476.332	3313
44	94	0	0	0	0	467.797	3314
43	94	0	0	0	0	484.519	3315
44	95	0	0	0	0	480.053	3316
38	95	0	0	0	0	488.114	3317
37	95	0	0	0	0	462.041	3318
34	94	0	0	0	0	469.408	3319
33	94	0	0	0	0	474.31	3320
30	95	0	0	0	0	418.091	3321
31	94	0	0	0	0	429.673	3322
32	93	0	0	0	0	437.66	3323
35	93	0	0	0	0	466.895	3324
35	93	0	0	0	0	472.869	3325
35	93	0	0	0	0	468.741	3326
34	93	0	0	0	0	431.699	3327
34	94	0	0	0	0	467.233	3328
35	93	0	0	0	0	470.513	3329
35	93	0	0	0	0	448.541	3330
35	93	0	0	0	0	471.939	3331
33	93	0	0	0	0	468.193	3332
33	93	0	0	0	0	470.942	3333
32	93	0	0	0	0	429.218	3334
32	90	0	0	0	0	424.857	3335
32	89	0	0	0	0	439.029	3336
32	88	0	0	0	0	452.438	3337
34	90	0	0	0	0	435.012	3338
34	90	0	0	0	0	433.473	3339
33	90	0	0	0	0	441.413	3340
36	88	0	0	0	0	435.331	3341
38	91	0	0	0	0	427.336	3342
38	90	0	0	0	0	438.999	3343
38	89	0	0	0	0	410.616	3344
39	87	0	0	0	0	451.729	3345
39	87	0	0	0	0	458.284	3346
39	87	0	0	0	0	437.715	3347
39	87	0	0	0	0	449.627	3348
39	87	0	0	0	0	456.734	3349
39	85	0	0	0	0	429.365	3350
37	86	0	0	0	0	431.746	3351
37	85	0	0	0	0	419.519	3352
37	85	0	0	0	0	411.693	3353
38	85	0	0	0	0	440.08	3354
38	83	0	0	0	0	433.428	3355
38	82	0	0	0	0	412.889	3356
38	82	0	0	0	0	415.976	3357
38	81	0	0	0	0	414.939	3358
37	81	0	0	0	0	393.692	3359
38	81	0	0	0	0	373.173	3360
39	82	0	0	0	0	394.159	3361
39	82	0	0	0	0	388.66	3362
39	82	0	0	0	0	365.605	3363
39	80	0	0	0	0	377.046	3364
36	75	0	0	0	0	394.29	3365
37	71	0	0	0	0	392.432	3366
36	70	0	0	0	0	376.516	3367
36	68	0	0	0	0	369.914	3368
36	69	0	0	0	0	380.041	3369
36	69	0	0	0	0	355.702	3370
36	69	0	0	0	0	362.916	3371
36	67	0	0	0	0	373.081	3372
37	65	0	0	0	0	367.49	3373
36	64	0	0	0	0	357.618	3374
37	64	0	0	0	0	327.209	3375
38	64	0	0	0	0	358.921	3376
37	64	0	0	0	0	354.908	3377
37	64	0	0	0	0	358.301	3378
36	64	0	0	0	0	359.608	3379
37	64	0	0	0	0	353.502	3380
37	64	0	0	0	0	358.953	3381
37	64	0	0	0	0	357.125	3382
37	64	0	0	0	0	378.356	3383
36	64	0	0	0	0	365.785	3384
36	64	0	0	0	0	342.463	3385
36	70	0	0	0	0	337.44	3386
35	68	0	0	0	0	367.621	3387
34	71	0	0	0	0	368.718	3388
34	72	0	0	0	0	359.791	3389
34	72	0	0	0	0	371.47	3390
34	72	0	0	0	0	375.617	3391
34	72	0	0	0	0	362.098	3392
33	72	0	0	0	0	364.655	3393
33	73	0	0	0	0	370.804	3394
28	73	0	0	0	0	333.137	3395
28	71	0	0	0	0	332.193	3396
27	69	0	0	0	0	344.101	3397
28	69	0	0	0	0	323.157	3398
27	67	0	0	0	0	322.076	3399
27	68	0	0	0	0	311.844	3400
28	70	0	0	0	0	327.999	3401
28	70	0	0	0	0	298.658	3402
28	70	0	0	0	0	340.354	3403
29	69	0	0	0	0	323.438	3404
32	69	0	0	0	0	322.738	3405
32	63	0	0	0	0	329.48	3406
33	62	0	0	0	0	319.974	3407
33	62	0	0	0	0	337.923	3408
31	62	0	0	0	0	328.916	3409
32	61	0	0	0	0	335.788	3410
33	60	0	0	0	0	307.787	3411
34	60	0	0	0	0	319.282	3412
34	61	0	0	0	0	321.436	3413
35	61	0	0	0	0	329.139	3414
37	62	0	0	0	0	321.971	3415
38	60	0	0	0	0	332.775	3416
38	60	0	0	0	0	358.397	3417
39	59	0	0	0	0	330.784	3418
42	59	0	0	0	0	347.451	3419
42	58	0	0	0	0	313.849	3420
42	58	0	0	0	0	300.994	3421
43	58	0	0	0	0	331.799	3422
44	59	0	0	0	0	334.379	3423
44	55	0	0	0	0	350.42	3424
45	55	0	0	0	0	344.318	3425
47	52	0	0	0	0	339.235	3426
49	52	0	0	0	0	347.162	3427
51	50	0	0	0	0	344.193	3428
51	50	0	0	0	0	362.135	3429
51	50	0	0	0	0	332.154	3430
52	48	0	0	0	0	358.199	3431
52	47	0	0	0	0	341.956	3432
53	47	0	0	0	0	342.784	3433
56	47	0	0	0	0	347.229	3434
57	45	0	0	0	0	363.706	3435
57	49	0	0	0	0	357.959	3436
58	49	0	0	0	0	383.62	3437
59	49	0	0	0	0	346.426	3438
59	47	0	0	0	0	357.372	3439
59	47	0	0	0	0	372.206	3440
59	48	0	0	0	0	369.844	3441
60	45	0	0	0	0	345.608	3442
60	42	0	0	0	0	344.489	3443
61	42	0	0	0	0	359.312	3444
62	42	0	0	0	0	364.155	3445
63	42	0	0	0	0	349.329	3446
63	41	0	0	0	0	358.216	3447
65	37	0	0	0	0	368.565	3448
66	37	0	0	0	0	340.038	3449
66	35	0	0	0	0	353.628	3450
66	36	0	0	0	0	354.808	3451
67	36	0	0	0	0	349.6	3452
68	34	0	0	0	0	355.51	3453
68	34	0	0	0	0	347.787	3454
69	34	0	0	0	0	365.825	3455
70	33	0	0	0	0	344.68	3456
70	31	0	0	0	0	330.756	3457
70	31	0	0	0	0	352.569	3458
70	31	0	0	0	0	379.756	3459
69	32	0	0	0	0	311.205	3460
69	32	0	0	0	0	336.435	3461
69	31	0	0	0	0	346.968	3462
72	31	0	0	0	0	354.599	3463
73	31	0	0	0	0	351.762	3464
73	30	0	0	0	0	370.476	3465
73	29	0	0	0	0	316.575	3466
75	29	0	0	0	0	350.819	3467
75	30	0	0	0	0	381.585	3468
77	30	0	0	0	0	331.384	3469
79	30	0	0	0	0	355.226	3470
80	29	0	0	0	0	394.287	3471
80	29	0	0	0	0	409.287	3472
80	29	0	0	0	0	335.499	3473
82	29	0	0	0	0	378.429	3474
83	30	0	0	0	0	398.641	3475
85	30	0	0	0	0	382.692	3476
85	30	0	0	0	0	417.907	3477
86	31	0	0	0	0	414.429	3478
86	31	0	0	0	0	392.467	3479
87	30	0	0	0	0	400.922	3480
82	29	0	0	0	0	388.727	3481
83	31	0	0	0	0	374.27	3482
83	33	0	0	0	0	412.197	3483
84	33	0	0	0	0	426.921	3484
84	33	0	0	0	0	394.992	3485
85	33	0	0	0	0	402.502	3486
85	35	0	0	0	0	419.869	3487
85	36	0	0	0	0	432.349	3488
85	36	0	0	0	0	409.96	3489
86	36	0	0	0	0	438.759	3490
82	36	0	0	0	0	410.155	3491
79	34	0	0	0	0	405.781	3492
81	34	0	0	0	0	399.691	3493
81	35	0	0	0	0	392.18	3494
82	35	0	0	0	0	412.309	3495
78	36	0	0	0	0	399.109	3496
77	37	0	0	0	0	397.346	3497
80	37	0	0	0	0	427.167	3498
81	37	0	0	0	0	418.412	3499
81	37	0	0	0	0	394.725	3500
81	37	0	0	0	0	417.755	3501
81	36	0	0	0	0	405.15	3502
81	37	0	0	0	0	403.033	3503
82	37	0	0	0	0	419.822	3504
82	37	0	0	0	0	420.122	3505
85	37	0	0	0	0	435.332	3506
86	36	0	0	0	0	419.455	3507
87	35	0	0	0	0	414.099	3508
88	35	0	0	0	0	427.028	3509
88	37	0	0	0	0	388.141	3510
89	37	0	0	0	0	432.398	3511
90	37	0	0	0	0	453.132	3512
89	37	0	0	0	0	394.065	3513
89	37	0	0	0	0	438.125	3514
89	39	0	0	0	0	446.569	3515
92	39	0	0	0	0	433.109	3516
91	39	0	0	0	0	452.026	3517
90	39	0	0	0	0	453.048	3518
89	38	0	0	0	0	436.32	3519
87	38	0	0	0	0	423.937	3520
89	38	0	0	0	0	454.103	3521
90	38	0	0	0	0	441.722	3522
91	37	0	0	0	0	447.866	3523
91	38	0	0	0	0	454.133	3524
91	38	0	0	0	0	444.564	3525
90	39	0	0	0	0	487.971	3526
90	39	0	0	0	0	474.659	3527
90	39	0	0	0	0	449.716	3528
91	39	0	0	0	0	447.955	3529
93	39	0	0	0	0	455.753	3530
91	39	0	0	0	0	450.595	3531
89	39	0	0	0	0	469.951	3532
89	39	0	0	0	0	470.978	3533
89	38	0	0	0	0	421.464	3534
88	38	0	0	0	0	432.908	3535
87	36	0	0	0	0	441.777	3536
86	36	0	0	0	0	435.282	3537
87	35	0	0	0	0	448.33	3538
86	35	0	0	0	0	453.821	3539
87	33	0	0	0	0	451.584	3540
87	34	0	0	0	0	448.343	3541
89	34	0	0	0	0	437.173	3542
89	34	0	0	0	0	439.142	3543
90	35	0	0	0	0	441.809	3544
90	35	0	0	0	0	452.697	3545
91	34	0	0	0	0	438.621	3546
91	34	0	0	0	0	445.859	3547
91	34	0	0	0	0	477.087	3548
91	33	0	0	0	0	446.987	3549
92	33	0	0	0	0	454.124	3550
92	32	0	0	0	0	455.438	3551
92	32	0	0	0	0	444.886	3552
92	32	0	0	0	0	444.229	3553
92	31	0	0	0	0	464.19	3554
92	31	0	0	0	0	450.356	3555
92	31	0	0	0	0	438.939	3556
92	31	0	0	0	0	432.755	3557
92	30	0	0	0	0	464.266	3558
91	31	0	0	0	0	442.58	3559
91	36	0	0	0	0	457.044	3560
88	36	0	0	0	0	425.668	3561
89	36	0	0	0	0	438.547	3562
89	36	0	0	0	0	442.369	3563
89	35	0	0	0	0	421.65	3564
89	37	0	0	0	0	432.304	3565
86	36	0	0	0	0	415.102	3566
86	36	0	0	0	0	427.38	3567
86	37	0	0	0	0	351.221	3568
62	38	0	0	0	0	344.598	3569
62	39	0	0	0	0	347.904	3570
63	40	0	0	0	0	372.536	3571
63	40	0	0	0	0	372.486	3572
63	40	0	0	0	0	399.675	3573
64	40	0	0	0	0	359.004	3574
64	41	0	0	0	0	358.978	3575
62	41	0	0	0	0	369.007	3576
60	41	0	0	0	0	363.032	3577
60	42	0	0	0	0	368.811	3578
60	42	0	0	0	0	371.855	3579
59	41	0	0	0	0	370.986	3580
59	42	0	0	0	0	360.315	3581
59	41	0	0	0	0	367.869	3582
59	40	0	0	0	0	367.287	3583
57	40	0	0	0	0	343.44	3584
57	40	0	0	0	0	324.605	3585
55	39	0	0	0	0	326.84	3586
55	39	0	0	0	0	331.578	3587
54	39	0	0	0	0	330.229	3588
54	39	0	0	0	0	328.981	3589
52	39	0	0	0	0	314.367	3590
52	40	0	0	0	0	329.693	3591
48	40	0	0	0	0	304.648	3592
48	40	0	0	0	0	310.906	3593
46	40	0	0	0	0	279.54	3594
43	40	0	0	0	0	277.803	3595
41	39	0	0	0	0	273.921	3596
39	39	0	0	0	0	289.291	3597
39	39	0	0	0	0	265.458	3598
38	39	0	0	0	0	266.428	3599
38	39	0	0	0	0	269.883	3600
36	39	0	0	0	0	263.179	3601
36	39	0	0	0	0	271.43	3602
36	39	0	0	0	0	257.542	3603
36	39	0	0	0	0	263.738	3604
37	39	0	0	0	0	254.991	3605
34	39	0	0	0	0	238.48	3606
34	40	0	0	0	0	248.531	3607
34	39	0	0	0	0	244.514	3608
34	39	0	0	0	0	249.265	3609
34	38	0.2	0.2	1	1	232.677	3610
32	37	0.283333	0.2	2	1	263.832	3611
32	37	0.283333	0.283333	2	2	246.457	3612
32	37	0.283333	0.283333	2	2	234.294	3613
30	37	0.45	0.283333	4	2	213.888	3614
30	37	0.7	0.616667	7	6	244.472	3615
30	37	0.783333	0.616667	8	6	240.943	3616
30	37	0.783333	0.95	8	10	247.529	3617
30	37	0.866667	0.95	9	10	221.35	3618
30	37	1.03333	1.03333	11	11	233.037	3619
30	37	1.2	1.11667	13	12	242.159	3620
30	37	1.36667	1.28333	15	14	238.329	3621
30	37	1.45	1.28333	16	14	220.971	3622
30	37	1.53333	1.28333	17	14	224.941	3623
30	37	1.7	1.28333	19	14	236.732	3624
30	35	1.78333	1.28333	20	14	243.359	3625
29	35	1.86667	1.28333	21	14	217.731	3626
29	35	1.86667	1.28333	21	14	206.673	3627
28	35	1.95	1.28333	22	14	215.146	3628
28	34	1.95	1.45	22	16	222.272	3629
28	34	1.95	1.53333	22	17	201.754	3630
27	34	1.95	1.53333	22	17	199.657	3631
27	33	1.95	1.61667	22	18	200.076	3632
26	32	2.03333	1.7	23	19	187.563	3633
21	32	2.03333	1.7	23	19	159.666	3634
21	31	2.03333	1.7	23	19	153.317	3635
20	28	2.11667	1.86667	24	21	152.674	3636
20	24	2.11667	1.95	24	22	145.902	3637
20	23	2.11667	1.95	24	22	142.212	3638
20	23	2.11667	2.03333	24	23	157.146	3639
20	23	2.11667	2.03333	24	23	149.698	3640
20	23	2.11667	2.03333	24	23	158.194	3641
20	23	2.11667	2.36667	24	27	141.579	3642
20	22	2.11667	2.45	24	28	139.56	3643
20	22	2.11667	2.45	24	28	140.408	3644
19	22	2.11667	2.45	24	28	137.814	3645
17	22	2.2	2.45	25	28	120.267	3646
17	22	2.2	2.53333	25	29	119.34	3647
14	21	2	2.53333	24	29	111.384	3648
14	21	2	2.7	24	31	125.035	3649
14	21	2	2.7	24	31	109.654	3650
11	20	2	2.7	24	31	103.649	3651
11	20	2	2.7	24	31	100.097	3652
11	19	2	2.7	24	31	74.63	3653
11	18	2	2.7	24	31	74.0675	3654
11	17	2	2.7	24	31	69.6618	3655
9	17	1.83333	2.7	22	31	71.3645	3656
9	14	1.83333	2.7	22	31	74.9354	3657
9	14	1.83333	2.7	22	31	75.1325	3658
9	13	1.83333	2.61667	22	30	70.9423	3659
9	13	1.83333	2.61667	22	30	65.5807	3660
8	12	1.5	2.61667	18	30	49.1211	3661
8	11	1.5	2.61667	18	30	43.5242	3662
7	11	1.41667	2.61667	17	30	48.516	3663
6	11	1.41667	2.61667	17	30	45.0019	3664
6	9	1.33333	2.53333	16	29	45.405	3665
6	9	1.25	2.36667	15	27	50.957	3666
6	9	1.16667	2.36667	14	27	41.4361	3667
6	7	1.16667	2.36667	14	27	36.5342	3668
5	7	0.916667	2.36667	11	27	36.4185	3669
5	7	0.916667	2.36667	11	27	39.1129	3670
5	7	0.916667	2.2	11	25	35.2537	3671
5	7	0.833333	2	10	24	22.0023	3672
5	7	0.75	2	9	24	28.3424	3673
5	7	0.75	1.91667	9	23	23.1418	3674
5	7	0.666667	1.75	8	21	25.2499	3675
5	7	0.583333	1.58333	7	19	26.0698	3676
5	7	0.583333	1.58333	7	19	20.8006	3677
3	6	0.416667	1.58333	5	19	20.0221	3678
3	6	0.166667	1.33333	2	16	18.0807	3679
1	6	0.166667	1.16667	2	14	19.9926	3680
1	6	0.166667	1.16667	2	14	16.8652	3681
1	5	0.0833333	0.916667	1	11	16.2481	3682
1	5	0.0833333	0.833333	1	10	16.4966	3683
1	5	0	0.583333	0	7	14.0945	3684
1	5	0	0.25	0	3	nan	3685
