unique_top_cov	unique_bot_cov	redundant_top_cov	redundant_bot_cov	raw_redundant_top_cov	raw_redundant_bot_cov	e_value	position
10	12	0	0	0	0	nan	1
10	12	0	0	0	0	nan	2
10	13	0	0	0	0	75.1597	3
10	13	0	0	0	0	69.2998	4
10	18	0	0	0	0	76.4836	5
10	18	0	0	0	0	88.6484	6
11	18	0	0	0	0	84.0626	7
13	20	0	0	0	0	93.6738	8
17	20	0	0	0	0	87.8632	9
17	20	0.333333	0	1	0	114.574	10
22	21	0.333333	0	1	0	120.383	11
22	21	0.333333	0	1	0	145.233	12
22	22	0.333333	0	1	0	149.18	13
23	22	0.333333	0	1	0	153.162	14
26	22	0.333333	0	1	0	151.122	15
27	23	0.333333	0	1	0	150.388	16
27	23	0.333333	0	1	0	151.245	17
27	23	0.333333	0	1	0	155.977	18
27	28	0.333333	0	1	0	176.338	19
27	28	0.333333	0	1	0	147.417	20
29	28	0.333333	0	1	0	176.089	21
29	28	0.333333	0	1	0	184.924	22
31	28	0.333333	0	1	0	209.101	23
31	28	0.333333	0	1	0	178.069	24
34	30	0.333333	0	1	0	207.115	25
35	30	0.333333	0	1	0	221.088	26
35	31	0.333333	0	1	0	237.977	27
36	31	0.333333	0	1	0	231.683	28
36	31	0.333333	0	1	0	241.951	29
37	31	0.333333	0	1	0	235.062	30
38	32	0.333333	0	1	0	232.645	31
38	32	0.333333	0	1	0	232.783	32
38	32	0.333333	0	1	0	264.905	33
39	32	0.333333	0	1	0	235.023	34
39	43	0.333333	0.333333	1	1	234.615	35
39	44	0.333333	0.333333	1	1	250.636	36
39	45	0.333333	0.333333	1	1	250.738	37
39	46	0.333333	0.333333	1	1	304.507	38
39	46	0.333333	0.333333	1	1	292.69	39
39	48	0.333333	0.333333	1	1	295.592	40
41	48	0.333333	0.333333	1	1	265.886	41
42	48	0.333333	0.333333	1	1	330.922	42
42	48	0.333333	0.333333	1	1	320.783	43
42	49	0.333333	0.333333	1	1	327.645	44
43	49	0.333333	0.333333	1	1	324.238	45
43	50	0.333333	0.333333	1	1	314.652	46
44	51	0.333333	0.333333	1	1	348.877	47
44	51	0.333333	0.333333	1	1	307.758	48
46	52	0.333333	0.333333	1	1	348.285	49
46	53	0.333333	0.333333	1	1	363.339	50
46	53	0.333333	0.333333	1	1	356.686	51
47	55	0.333333	0.333333	1	1	361.917	52
47	55	0.333333	0.333333	1	1	365.272	53
48	57	0.333333	0.333333	1	1	370.18	54
48	57	0.333333	0.333333	1	1	359.53	55
49	57	0.333333	0.333333	1	1	387.328	56
50	57	0.333333	0.333333	1	1	350.525	57
50	57	0.333333	0.333333	1	1	357.871	58
50	60	0.333333	0.333333	1	1	376.421	59
51	62	0.333333	0.333333	1	1	408.076	60
52	65	0.333333	0.333333	1	1	403.482	61
52	65	0.333333	0.333333	1	1	435.102	62
53	65	0.333333	0.333333	1	1	421.003	63
54	65	0.333333	0.333333	1	1	428.514	64
54	65	0.333333	0.333333	1	1	404.597	65
54	65	0.333333	0.333333	1	1	456.98	66
54	65	0	0.333333	0	1	421.513	67
55	66	0	0.333333	0	1	454.327	68
56	66	0	0.333333	0	1	441.742	69
57	66	0	0.333333	0	1	424.5	70
57	66	0	0.333333	0	1	455.318	71
59	66	0	0.333333	0	1	455.523	72
59	67	0	0.333333	0	1	450.287	73
59	70	0	0	0	0	443.704	74
59	72	0	0	0	0	461.471	75
62	73	0	0	0	0	463.93	76
63	73	0	0	0	0	428.185	77
63	74	0	0	0	0	478.024	78
63	75	0	0	0	0	500.747	79
63	75	0	0	0	0	498.704	80
63	75	0	0	0	0	527.335	81
65	75	0	0	0	0	451.528	82
67	75	0	0	0	0	422.502	83
65	74	0	0	0	0	515.85	84
64	74	0	0	0	0	502.702	85
65	74	0	0	0	0	503.827	86
66	74	0	0	0	0	515.513	87
66	74	0	0	0	0	492.553	88
66	75	0	0	0	0	492.619	89
68	83	0	0	0	0	523.612	90
70	83	0	0	0	0	509.301	91
71	84	0	0	0	0	541.808	92
67	83	0	0	0	0	523.869	93
66	83	0	0	0	0	532.357	94
67	84	0	0	0	0	537.204	95
70	84	0	0	0	0	543.24	96
71	87	0	0	0	0	561.73	97
69	87	0	0	0	0	567.357	98
69	87	0	0	0	0	526.034	99
68	87	0	0	0	0	565.408	100
68	87	0	0	0	0	560.856	101
68	87	0	0	0	0	544.207	102
69	86	0	0	0	0	534.754	103
69	86	0	0	0	0	566.328	104
69	85	0	0	0	0	554.148	105
70	85	0	0	0	0	574.596	106
69	86	0	0	0	0	561.094	107
69	90	0	0	0	0	563.201	108
70	89	0	0	0	0	592.12	109
71	90	0	0	0	0	519.568	110
72	90	0	0	0	0	591.643	111
72	90	0	0	0	0	569.395	112
75	90	0	0	0	0	608.361	113
78	90	0	0	0	0	592.507	114
80	91	0	0	0	0	605.578	115
80	91	0	0	0	0	573.401	116
80	91	0	0	0	0	586.571	117
81	91	0	0	0	0	590.961	118
79	91	0	0	0	0	577.859	119
79	92	0	0	0	0	579.062	120
80	90	0	0	0	0	587.908	121
81	90	0	0	0	0	599.81	122
81	91	0	0	0	0	607.372	123
82	89	0	0	0	0	603.358	124
83	88	0	0	0	0	584.438	125
83	88	0	0	0	0	603.262	126
85	90	0	0	0	0	611.548	127
85	89	0	0	0	0	602.933	128
86	87	0	0	0	0	601.029	129
87	86	0	0	0	0	604.627	130
88	87	0	0	0	0	587.557	131
89	86	0	0	0	0	629.237	132
90	85	0	0	0	0	593.003	133
90	85	0	0	0	0	583.341	134
91	85	0	0	0	0	632.995	135
91	82	0	0	0	0	616.822	136
91	84	0	0	0	0	610.622	137
91	92	0	0	0	0	612.971	138
91	92	0	0	0	0	667.134	139
91	93	0	0	0	0	646.992	140
93	95	0	0	0	0	653.347	141
94	95	0	0	0	0	660.479	142
94	94	0	0	0	0	654.981	143
95	95	0	0	0	0	621.745	144
85	92	0	0	0	0	579.581	145
84	91	0	0	0	0	606.035	146
75	90	0	0	0	0	577.796	147
75	88	0	0	0	0	606.031	148
76	87	0	0	0	0	575.959	149
76	86	0	0	0	0	573.864	150
79	86	0	0	0	0	513.71	151
81	91	0	0	0	0	597.712	152
80	90	0	0	0	0	568.676	153
79	89	0	0	0	0	573.963	154
77	89	0	0	0	0	614.637	155
76	88	0	0	0	0	578.907	156
76	89	0	0	0	0	593.071	157
77	92	0	0	0	0	565.197	158
75	92	0	0	0	0	594.248	159
76	91	0	0	0	0	578.899	160
67	89	0	0	0	0	558.017	161
67	89	0	0	0	0	550.444	162
67	91	0	0	0	0	549.895	163
68	90	0	0	0	0	546.208	164
69	90	0	0	0	0	563.183	165
68	89	0	0	0	0	549.452	166
66	85	0	0	0	0	531.621	167
66	86	0	0	0	0	556.125	168
66	85	0	0	0	0	553.304	169
69	84	0	0	0	0	526.373	170
69	84	0	0	0	0	566.348	171
69	84	0	0	0	0	569.262	172
69	84	0	0	0	0	554.687	173
69	84	0	0	0	0	541.403	174
69	84	0	0	0	0	558.794	175
70	84	0	0	0	0	578.582	176
70	83	0	0	0	0	530.075	177
70	82	0	0	0	0	532.303	178
71	81	0	0	0	0	534.323	179
71	81	0	0	0	0	535.749	180
71	81	0	0	0	0	538.455	181
71	81	0	0	0	0	537.518	182
70	81	0	0	0	0	520.03	183
71	81	0	0	0	0	505.608	184
71	76	0	0	0	0	505.488	185
72	76	0	0	0	0	524.937	186
72	76	0	0	0	0	515.606	187
72	74	0	0	0	0	517.793	188
71	74	0	0	0	0	527.196	189
71	74	0	0	0	0	517.163	190
70	73	0	0	0	0	519.115	191
70	73	0	0	0	0	499.535	192
71	73	0	0	0	0	527.456	193
71	73	0	0	0	0	522.111	194
72	73	0	0	0	0	528.86	195
75	73	0	0	0	0	526.206	196
75	72	0	0	0	0	519.25	197
77	72	0	0	0	0	520.044	198
77	69	0	0	0	0	543.863	199
77	70	0	0	0	0	505.433	200
78	69	0	0	0	0	515.503	201
77	68	0	0	0	0	514.669	202
77	68	0	0	0	0	509.924	203
76	66	0	0	0	0	479.903	204
76	66	0	0	0	0	511.131	205
75	65	0	0	0	0	505.07	206
75	65	0	0	0	0	458.41	207
75	65	0	0	0	0	487.265	208
74	63	0	0	0	0	482.259	209
74	62	0	0	0	0	514.541	210
73	62	0	0	0	0	487.059	211
73	62	0	0	0	0	499.785	212
73	62	0	0	0	0	490.861	213
76	60	0	0	0	0	462.264	214
77	60	0	0	0	0	473.295	215
77	61	0	0	0	0	471.926	216
77	64	0	0	0	0	466.606	217
78	62	0	0	0	0	483.004	218
78	63	0	0	0	0	484.971	219
77	63	0	0	0	0	492.442	220
77	63	0	0	0	0	487.489	221
73	62	0	0	0	0	492.99	222
73	65	0	0	0	0	484.125	223
73	66	0	0	0	0	508.709	224
77	69	0	0	0	0	492.075	225
75	68	0	0	0	0	489.477	226
73	68	0	0	0	0	500.663	227
73	68	0	0	0	0	496.42	228
73	68	0	0	0	0	502.828	229
74	68	0	0	0	0	502.061	230
74	67	0	0	0	0	510.341	231
74	67	0	0	0	0	488.055	232
70	71	0	0	0	0	485.648	233
67	76	0	0	0	0	498.348	234
66	77	0	0	0	0	529.788	235
67	79	0	0	0	0	467.876	236
68	83	0	0	0	0	473.728	237
70	82	0	0	0	0	493.919	238
70	80	0	0	0	0	517.081	239
70	77	0	0	0	0	542.164	240
68	77	0	0	0	0	492.657	241
66	77	0	0	0	0	487.513	242
64	76	0	0	0	0	447.748	243
61	77	0	0	0	0	482.215	244
60	76	0	0	0	0	437.522	245
56	77	0	0	0	0	457.824	246
57	77	0	0	0	0	448.372	247
57	77	0	0	0	0	456.696	248
58	75	0	0	0	0	493.725	249
58	75	0	0	0	0	479.732	250
56	75	0	0	0	0	475.4	251
56	76	0	0	0	0	488.113	252
60	73	0	0	0	0	423.018	253
61	75	0	0	0	0	472.575	254
61	75	0	0	0	0	455.918	255
61	74	0	0	0	0	485.833	256
63	73	0	0	0	0	460.587	257
64	70	0	0	0	0	442.672	258
67	70	0	0	0	0	454.556	259
68	70	0	0	0	0	436.108	260
68	70	0	0	0	0	428.783	261
69	69	0	0	0	0	459.173	262
63	69	0	0	0	0	418.696	263
63	69	0	0	0	0	404.253	264
59	69	0	0	0	0	460.893	265
61	69	0	0	0	0	470.634	266
62	68	0	0	0	0	473.177	267
63	69	0	0	0	0	457.149	268
63	69	0	0	0	0	458.031	269
64	68	0	0	0	0	470.926	270
66	66	0	0	0	0	457.604	271
68	66	0	0	0	0	472.144	272
69	70	0	0	0	0	483.63	273
70	69	0	0	0	0	504.743	274
68	67	0	0	0	0	492.191	275
68	67	0	0	0	0	481.862	276
68	66	0	0	0	0	448.65	277
69	66	0	0	0	0	438.569	278
68	66	0	0	0	0	476.1	279
68	65	0	0	0	0	463.152	280
67	66	0	0	0	0	469.821	281
69	66	0	0	0	0	434.59	282
68	66	0	0	0	0	408.102	283
68	65	0	0	0	0	515.789	284
69	65	0	0	0	0	454.591	285
70	65	0	0	0	0	501.661	286
70	63	0	0	0	0	446.469	287
71	61	0	0	0	0	452.809	288
73	61	0	0	0	0	472.921	289
71	60	0	0	0	0	478.065	290
73	60	0	0	0	0	470.954	291
73	61	0	0	0	0	472.33	292
73	62	0	0	0	0	478.574	293
73	62	0	0	0	0	489.691	294
72	62	0	0	0	0	461.045	295
73	62	0	0	0	0	471.331	296
72	63	0	0	0	0	452.718	297
72	63	0	0	0	0	492.994	298
73	63	0	0	0	0	473.768	299
73	62	0	0	0	0	484.451	300
74	62	0	0	0	0	462.157	301
74	58	0	0	0	0	482.067	302
74	60	0	0	0	0	431.208	303
75	60	0	0	0	0	467.044	304
75	63	0	0	0	0	465.9	305
75	63	0	0	0	0	456.075	306
74	62	0	0	0	0	504.718	307
74	60	0	0	0	0	481.19	308
75	60	0	0	0	0	480.221	309
76	62	0	0	0	0	507.943	310
76	60	0	0	0	0	453.694	311
74	60	0	0	0	0	440.611	312
75	60	0	0	0	0	468.13	313
70	60	0	0	0	0	440.592	314
71	61	0	0	0	0	462.103	315
72	59	0	0	0	0	484.414	316
72	61	0	0	0	0	473.361	317
73	61	0	0	0	0	500.672	318
71	61	0	0	0	0	426.706	319
73	67	0	0	0	0	456.144	320
72	67	0	0	0	0	505.171	321
73	67	0	0	0	0	508.181	322
73	66	0	0	0	0	446.117	323
73	65	0	0	0	0	501.874	324
74	64	0	0	0	0	478.674	325
71	64	0	0	0	0	492.563	326
70	64	0	0	0	0	478.609	327
70	64	0	0	0	0	468.768	328
68	64	0	0	0	0	456.727	329
68	65	0	0	0	0	462.31	330
68	67	0	0	0	0	480.924	331
68	67	0	0	0	0	470.535	332
68	66	0	0	0	0	462.734	333
68	68	0	0	0	0	488.292	334
68	67	0	0	0	0	421.138	335
68	69	0	0	0	0	493.029	336
70	70	0	0	0	0	486.551	337
70	71	0	0	0	0	499.12	338
70	75	0	0	0	0	510.407	339
68	74	0	0	0	0	465.151	340
67	75	0	0	0	0	476.404	341
68	75	0	0	0	0	497.669	342
67	74	0	0	0	0	480.618	343
67	74	0	0	0	0	500.732	344
65	72	0	0	0	0	461.956	345
67	73	0	0	0	0	452.589	346
62	73	0	0	0	0	434.528	347
55	72	0	0	0	0	441.169	348
55	71	0	0	0	0	444.425	349
55	70	0	0	0	0	429.461	350
56	70	0	0	0	0	416.056	351
56	72	0	0	0	0	448.26	352
56	72	0	0	0	0	448.733	353
56	71	0	0	0	0	426.32	354
57	72	0	0	0	0	448.512	355
59	72	0	0	0	0	466.111	356
59	73	0	0	0	0	438.472	357
59	73	0	0	0	0	464.176	358
62	74	0	0	0	0	472.979	359
61	74	0	0	0	0	458.586	360
62	74	0	0	0	0	458.325	361
65	73	0	0	0	0	481.256	362
67	73	0	0	0	0	467.534	363
67	73	0	0	0	0	467.644	364
69	70	0	0	0	0	490.453	365
71	85	0	0	0	0	504.02	366
71	83	0	0	0	0	545.8	367
71	83	0	0	0	0	517.158	368
74	82	0	0	0	0	510.132	369
74	83	0	0	0	0	516.167	370
75	83	0	0	0	0	513.488	371
71	83	0	0	0	0	497.545	372
71	85	0	0	0	0	515.825	373
74	85	0	0	0	0	498.472	374
65	84	0	0	0	0	513.973	375
65	84	0	0	0	0	508.444	376
65	84	0	0	0	0	519.898	377
65	84	0	0	0	0	545.323	378
68	84	0	0	0	0	541.084	379
68	84	0	0	0	0	505.377	380
73	83	0	0	0	0	511.55	381
73	82	0	0	0	0	526.08	382
74	78	0	0	0	0	534.996	383
75	77	0	0	0	0	523.513	384
75	75	0	0	0	0	534.686	385
75	75	0	0	0	0	528.731	386
76	73	0	0	0	0	517.973	387
76	72	0	0	0	0	521.221	388
78	73	0	0	0	0	522.332	389
78	73	0	0	0	0	534.381	390
79	73	0	0	0	0	536.801	391
79	75	0	0	0	0	549.747	392
79	76	0	0	0	0	552.095	393
81	74	0	0	0	0	529.464	394
81	75	0	0	0	0	555.128	395
81	74	0	0	0	0	548.735	396
82	75	0	0	0	0	550.538	397
83	74	0	0	0	0	559.471	398
81	75	0	0	0	0	555.057	399
82	75	0	0	0	0	554.317	400
79	74	0	0	0	0	536.044	401
80	74	0	0	0	0	535.11	402
80	74	0	0	0	0	549.156	403
80	73	0	0	0	0	535.695	404
80	69	0	0	0	0	514.887	405
80	70	0	0	0	0	535.299	406
79	71	0	0	0	0	541.416	407
79	72	0	0	0	0	546.111	408
79	72	0	0	0	0	537.062	409
80	71	0	0	0	0	532.708	410
81	72	0	0	0	0	531.599	411
82	73	0	0	0	0	536.779	412
82	73	0	0	0	0	535.813	413
83	73	0	0	0	0	521.164	414
85	73	0	0	0	0	527.951	415
86	73	0	0	0	0	555.148	416
88	74	0	0	0	0	577.557	417
89	73	0	0	0	0	576.266	418
88	72	0	0	0	0	594.089	419
88	73	0	0	0	0	518.673	420
89	73	0	0	0	0	567.847	421
89	73	0	0	0	0	561.578	422
89	71	0	0	0	0	582.015	423
89	71	0	0	0	0	586.384	424
88	71	0	0	0	0	540.19	425
86	69	0	0	0	0	531.892	426
84	69	0	0	0	0	546.52	427
85	70	0	0	0	0	565.392	428
84	71	0	0	0	0	545.582	429
84	74	0	0	0	0	567.445	430
84	74	0	0	0	0	579.756	431
82	74	0	0	0	0	562.308	432
82	76	0	0	0	0	556.159	433
79	75	0	0	0	0	534.52	434
81	85	0	0	0	0	565.242	435
81	85	0	0	0	0	560.818	436
82	85	0	0	0	0	558.138	437
82	85	0	0	0	0	580.676	438
75	84	0	0	0	0	549.421	439
76	84	0	0	0	0	550.793	440
76	85	0	0	0	0	546.299	441
75	85	0	0	0	0	543.171	442
78	85	0	0	0	0	571.392	443
78	84	0	0	0	0	586.683	444
77	84	0	0	0	0	552.414	445
78	85	0	0	0	0	556.568	446
78	85	0	0	0	0	518.136	447
79	84	0	0	0	0	558.999	448
80	84	0	0	0	0	589.28	449
81	84	0	0	0	0	578.04	450
80	86	0	0	0	0	585.169	451
80	86	0	0	0	0	590.236	452
80	85	0	0	0	0	585.797	453
83	84	0	0	0	0	568.672	454
83	81	0	0	0	0	577.391	455
84	81	0	0	0	0	603.927	456
84	80	0	0	0	0	574.154	457
84	78	0	0	0	0	561.595	458
84	78	0	0	0	0	577.991	459
81	76	0	0	0	0	569.529	460
81	75	0	0	0	0	565.567	461
81	75	0	0	0	0	545.325	462
80	75	0	0	0	0	533.725	463
81	76	0	0	0	0	553.701	464
82	74	0	0	0	0	505.167	465
82	74	0	0	0	0	587.198	466
85	75	0	0	0	0	554.271	467
85	73	0	0	0	0	541.136	468
85	73	0	0	0	0	559.239	469
85	72	0	0	0	0	555.316	470
87	71	0	0	0	0	551.792	471
88	71	0	0	0	0	528.521	472
88	70	0	0	0	0	523.475	473
88	71	0	0	0	0	593.791	474
86	69	0	0	0	0	565.335	475
87	70	0	0	0	0	565.971	476
89	70	0	0	0	0	564.636	477
89	70	0	0	0	0	562.641	478
89	68	0	0	0	0	550.049	479
89	68	0	0	0	0	544.592	480
89	68	0	0	0	0	559.934	481
90	68	0	0	0	0	566.398	482
90	69	0	0	0	0	573.573	483
91	70	0	0	0	0	571.305	484
90	70	0	0	0	0	589.487	485
90	69	0	0	0	0	587.914	486
85	71	0	0	0	0	442.602	487
86	70	0	0	0	0	493.234	488
86	69	0	0	0	0	548.299	489
87	68	0	0	0	0	536.4	490
87	68	0	0	0	0	541.932	491
88	70	0	0	0	0	554.29	492
88	69	0	0	0	0	511.663	493
86	68	0	0	0	0	531.614	494
86	68	0	0	0	0	576.973	495
86	67	0	0	0	0	570.25	496
87	85	0	0	0	0	585.34	497
87	85	0	0	0	0	618.878	498
87	85	0	0	0	0	610.568	499
87	85	0	0	0	0	574.416	500
85	85	0	0	0	0	593.082	501
86	84	0	0	0	0	577.612	502
85	84	0	0	0	0	551.488	503
83	85	0	0	0	0	615.89	504
86	87	0	0	0	0	563.674	505
74	87	0	0	0	0	520.58	506
77	90	0	0	0	0	544.294	507
78	89	0	0	0	0	525.53	508
79	86	0	0	0	0	589.794	509
81	87	0	0	0	0	594.886	510
77	86	0	0	0	0	561.187	511
77	86	0	0	0	0	605.026	512
76	85	0	0	0	0	586.987	513
75	85	0	0	0	0	503.178	514
77	87	0	0	0	0	569.156	515
77	81	0	0	0	0	567.46	516
78	81	0	0	0	0	546.552	517
80	81	0	0	0	0	589.077	518
77	81	0	0	0	0	566.807	519
77	81	0	0	0	0	558.971	520
77	83	0	0	0	0	575.619	521
77	82	0	0	0	0	573.053	522
77	82	0	0	0	0	567.625	523
74	82	0	0	0	0	569.033	524
75	83	0	0	0	0	591.209	525
75	82	0	0	0	0	554.944	526
76	81	0	0	0	0	554.063	527
76	81	0	0	0	0	556.771	528
75	81	0	0	0	0	567.37	529
75	81	0	0	0	0	537.676	530
75	80	0	0	0	0	565.576	531
76	80	0	0	0	0	569.621	532
76	80	0	0	0	0	569.785	533
75	79	0	0	0	0	560.175	534
75	81	0	0	0	0	542.66	535
74	81	0	0	0	0	549.322	536
74	80	0	0	0	0	566.902	537
75	81	0	0	0	0	574.291	538
75	80	0	0	0	0	570.196	539
76	80	0	0	0	0	553.058	540
76	80	0	0	0	0	561.824	541
75	80	0	0	0	0	569.407	542
75	82	0	0	0	0	547.878	543
74	82	0	0	0	0	569.143	544
75	83	0	0	0	0	551.624	545
77	84	0	0	0	0	585.778	546
78	81	0	0	0	0	582.727	547
78	81	0	0	0	0	509.671	548
78	82	0	0	0	0	515.29	549
75	80	0	0	0	0	550.888	550
76	80	0	0	0	0	551.899	551
75	80	0	0	0	0	528.774	552
74	81	0	0	0	0	544.632	553
76	81	0	0	0	0	527.504	554
74	79	0	0	0	0	516.071	555
75	78	0	0	0	0	518.986	556
74	78	0	0	0	0	539.71	557
74	80	0	0	0	0	508.145	558
74	79	0	0	0	0	547.184	559
74	78	0	0	0	0	529.892	560
75	77	0	0	0	0	545.705	561
75	76	0	0	0	0	548.965	562
73	76	0	0	0	0	536.699	563
73	75	0	0	0	0	537.451	564
70	74	0	0	0	0	491.461	565
71	74	0	0	0	0	504.361	566
68	74	0	0	0	0	483.871	567
69	75	0	0	0	0	491.368	568
69	76	0	0	0	0	496.294	569
70	76	0	0	0	0	477.02	570
71	75	0	0	0	0	470.181	571
72	75	0	0	0	0	470.715	572
72	75	0	0	0	0	505.95	573
72	75	0	0	0	0	471.057	574
74	72	0	0	0	0	486.303	575
74	72	0	0	0	0	484.407	576
74	71	0	0.5	0	1	469.524	577
74	70	0	0.5	0	1	479.9	578
74	68	0	0.5	0	1	472.638	579
74	67	0.5	0.5	1	1	494.046	580
74	67	0.5	0.5	1	1	494.212	581
72	67	0.5	0.5	1	1	477.523	582
72	67	0.5	0.5	1	1	496.674	583
73	67	1	0.5	2	1	473.801	584
74	64	1	1	2	2	457.26	585
74	64	1.5	1	3	2	499.97	586
73	63	1.5	1.5	3	3	476.399	587
73	63	1.5	1.5	3	3	490.731	588
73	63	1.5	1.5	3	3	443.95	589
75	63	1.5	2.5	3	5	457.515	590
75	63	1.5	2.5	3	5	453.566	591
75	62	1.5	2.5	3	5	424.725	592
66	62	1.5	2.5	3	5	437.708	593
62	64	1.5	2.5	3	5	422.608	594
63	67	1.5	3	3	6	422.324	595
64	67	1.5	3	3	6	419.136	596
67	67	1.5	3.5	3	7	428.003	597
67	67	1.5	3.5	3	7	440.477	598
65	67	1.5	3.5	3	7	421.67	599
65	67	1.5	3.5	3	7	410.946	600
65	65	1.5	3.5	3	7	417.34	601
67	66	1.5	3.5	3	7	439.326	602
67	65	1.5	4	3	8	466.389	603
65	65	1.5	4	3	8	462.862	604
64	64	1.5	4	3	8	466.878	605
62	64	1.5	4	3	8	440.708	606
61	65	1.5	4	3	8	450.818	607
62	66	1.5	4	3	8	437.976	608
62	62	1.5	4	3	8	443.825	609
63	62	1.5	4	3	8	416.497	610
62	62	1.5	4	3	8	458.586	611
63	62	1.5	4	3	8	406.025	612
65	62	1.5	4	3	8	422.513	613
65	60	1.5	4	3	8	425.117	614
65	60	1.5	4	3	8	417.856	615
65	60	1.5	4	3	8	420.715	616
63	59	1.5	4	3	8	442.26	617
62	58	1.5	4	3	8	438.685	618
62	58	1.5	3.5	3	7	407.493	619
62	56	1.5	3.5	3	7	427.678	620
62	57	1.5	3	3	6	416.812	621
61	57	1.5	3	3	6	439.595	622
61	55	1.5	3	3	6	400.087	623
61	56	1.5	3	3	6	339.654	624
62	57	1.5	3	3	6	411.915	625
59	56	1	3	2	6	410.386	626
59	56	1	3	2	6	399.741	627
59	52	1	3	2	6	405.166	628
59	52	1	3	2	6	389.819	629
59	51	1	3	2	6	369.626	630
59	51	1	3	2	6	372.861	631
60	51	1	3	2	6	408.458	632
61	51	1	3	2	6	397.772	633
60	49	1	2.5	2	5	373.544	634
58	48	0	2.5	0	5	358.807	635
56	47	0	2.5	0	5	356.512	636
56	46	0	2.5	0	5	342.681	637
57	46	0	2.5	0	5	346.559	638
57	46	0	2.5	0	5	363.283	639
56	46	0	2.5	0	5	360.741	640
57	46	0	2.5	0	5	336.944	641
57	44	0	2.5	0	5	349.797	642
57	44	0	2.5	0	5	356.689	643
57	42	0	1	0	2	300.442	644
57	42	0	1	0	2	351.495	645
56	41	0	1	0	2	328.194	646
57	36	0	0	0	0	328.234	647
14	13	0	0	0	0	85.2798	648
14	13	0	0	0	0	79.4445	649
14	13	0	0	0	0	79.4413	650
14	13	0	0	0	0	74.145	651
14	12	0	0	0	0	82.1651	652
13	12	0	0	0	0	71.5822	653
9	12	0	0	0	0	60.565	654
10	12	0	0	0	0	70.6536	655
9	12	0	0	0	0	63.5761	656
8	12	0	0	0	0	61.4419	657
9	12	0	0	0	0	53.8685	658
9	12	0	0	0	0	64.9122	659
9	12	0	0	0	0	62.433	660
8	12	0	0	0	0	49.7031	661
8	13	0	0	0	0	56.8145	662
8	13	0	0	0	0	60.2349	663
8	12	0	0	0	0	60.4264	664
8	12	0	0	0	0	66.8739	665
8	12	0	0	0	0	64.2565	666
8	13	0	0	0	0	65.7989	667
8	13	0	0	0	0	55.95	668
8	12	0	0	0	0	60.7613	669
8	12	0	0	0	0	71.1825	670
8	12	0	0	0	0	69.2037	671
8	13	0	0	0	0	65.8931	672
8	13	0	0	0	0	66.3694	673
8	13	0	0	0	0	60.7259	674
8	13	0	0	0	0	69.3469	675
7	13	0	0	0	0	69.4389	676
7	13	0	0	0	0	64.1419	677
7	13	0	0	0	0	61.7283	678
7	13	0	0	0	0	64.7634	679
7	13	0	0	0	0	69.7246	680
8	13	0	0	0	0	71.5583	681
8	13	0	0	0	0	64.6502	682
8	12	0	0	0	0	65.8713	683
7	12	0	0	0	0	61.1984	684
7	12	0	0	0	0	58.7229	685
7	12	0	0	0	0	61.1873	686
7	12	0	0	0	0	58.288	687
7	12	0	0	0	0	66.0353	688
7	13	0	0	0	0	65.4688	689
7	13	0	0	0	0	61.1805	690
7	13	0	0	0	0	47.2074	691
7	13	0	0	0	0	63.2297	692
7	12	0	0	0	0	65.7301	693
7	12	0	0	0	0	66.3369	694
7	12	0	0	0	0	66.2565	695
7	12	0	0	0	0	63.0744	696
7	12	0	0	0	0	56.0276	697
6	12	0	0	0	0	58.6115	698
6	12	0	0	0	0	60.9605	699
6	12	0	0	0	0	57.4882	700
6	12	0	0	0	0	56.7176	701
6	12	0	0	0	0	62.1411	702
6	13	0	0	0	0	64.5924	703
8	13	0	0	0	0	63.0414	704
10	13	0	0	0	0	65.4909	705
10	13	0	0	0	0	65.8541	706
10	13	0	0	0	0	78.3474	707
10	13	0	0	0	0	76.4676	708
10	12	0	0	0	0	77.3464	709
11	12	0	0	0	0	70.7185	710
11	12	0	0	0	0	73.3986	711
11	12	0	0	0	0	69.7098	712
11	12	0	0	0	0	73.1981	713
11	11	0	0	0	0	74.7212	714
12	11	0	0	0	0	79.4852	715
12	11	0	0	0	0	72.4718	716
12	11	0	0	0	0	71.794	717
12	11	0	0	0	0	80.9645	718
12	11	0	0	0	0	70.8456	719
12	11	0	0	0	0	81.0908	720
12	11	0	0	0	0	79.6087	721
13	11	0	0	0	0	73.5584	722
13	11	0	0	0	0	79.569	723
13	11	0	0	0	0	77.0154	724
14	10	0	0	0	0	75.1349	725
14	10	0	0	0	0	77.0878	726
14	10	0	0	0	0	71.7779	727
14	10	0	0	0	0	72.8669	728
14	10	0	0	0	0	83.1276	729
14	9	0	0	0	0	76.3048	730
14	9	0	0	0	0	59.3108	731
14	9	0	0	0	0	74.7945	732
15	9	0	0	0	0	77.5298	733
16	10	0	0	0	0	78.1626	734
16	10	0	0	0	0	88.9083	735
16	11	0	0	0	0	91.4791	736
17	11	0	0	0	0	90.6512	737
17	11	0	0	0	0	94.1635	738
17	11	0	0	0	0	99.8482	739
17	11	0	0	0	0	87.2122	740
19	11	0	0	0	0	90.2978	741
19	11	0	0	0	0	107.407	742
20	11	0	0	0	0	103.598	743
20	11	0	0	0	0	107.588	744
20	10	0	0	0	0	93.4249	745
20	10	0	0	0	0	106.315	746
20	10	0	0	0	0	104.766	747
20	10	0	0	0	0	101.958	748
20	10	0	0	0	0	98.4854	749
20	10	0	0	0	0	103.873	750
20	10	0	0	0	0	102.955	751
20	10	0	0	0	0	107.583	752
20	10	0	0	0	0	111.719	753
20	10	0	0	0	0	101.493	754
20	10	0	0	0	0	105.203	755
20	10	0	0	0	0	109.551	756
20	10	0	0	0	0	100.758	757
20	10	0	0	0	0	90.0756	758
20	10	0	0	0	0	98.5338	759
20	10	0	0	0	0	89.9969	760
20	10	0	0	0	0	101.327	761
18	11	0	0	0	0	99.9241	762
18	11	0	0	0	0	82.688	763
20	12	0	0	0	0	97.7578	764
20	12	0	0	0	0	92.2678	765
20	14	0	0	0	0	114.935	766
20	14	0	0	0	0	108.767	767
20	13	0	0	0	0	118.46	768
21	13	0	0	0	0	115.414	769
21	13	0	0	0	0	117.845	770
21	13	0	0	0	0	101.168	771
21	13	0	0	0	0	126.907	772
21	13	0	0	0	0	115.97	773
21	13	0	0	0	0	112.953	774
19	13	0	0	0	0	113.825	775
19	13	0	0	0	0	111.847	776
19	13	0	0	0	0	118.093	777
19	13	0	0	0	0	106.57	778
19	13	0	0	0	0	102.818	779
19	13	0	0	0	0	120.01	780
20	13	0	0	0	0	119.425	781
20	14	0	0	0	0	118.275	782
20	14	0	0	0	0	96.33	783
21	14	0	0	0	0	116.735	784
20	14	0	0	0	0	113.357	785
21	14	0	0	0	0	117.796	786
21	14	0	0	0	0	117.946	787
21	14	0	0	0	0	126.194	788
21	14	0	0	0	0	124.326	789
21	14	0	0	0	0	122.97	790
20	14	0	0	0	0	112.797	791
20	16	0	0	0	0	127.172	792
20	16	0	0	0	0	129.088	793
20	16	0	0	0	0	128.735	794
20	16	0	0	0	0	121.528	795
20	16	0	0	0	0	113.495	796
20	15	0	0	0	0	121.828	797
20	15	0	0	0	0	119.25	798
20	14	0	0	0	0	113.381	799
20	14	0	0	0	0	123.11	800
20	14	0	0	0	0	117.654	801
21	14	0	0	0	0	115.55	802
21	14	0	0	0	0	115.726	803
21	14	0	0	0	0	120.961	804
20	14	0	0	0	0	122.306	805
20	14	0	0	0	0	120.123	806
20	14	0	0	0	0	109.28	807
20	14	0	0	0	0	120.373	808
20	14	0	0	0	0	109.508	809
17	14	0	0	0	0	113.427	810
18	14	0	0	0	0	99.7984	811
18	13	0	0	0	0	95.3799	812
18	13	0	0	0	0	99.6616	813
18	13	0	0	0	0	115.762	814
18	13	0	0	0	0	110.867	815
18	13	0	0	0	0	99.2501	816
18	13	0	0	0	0	110.16	817
18	13	0	0	0	0	111.648	818
19	13	0	0	0	0	100.997	819
19	13	0	0	0	0	107.503	820
19	13	0	0	0	0	107.108	821
19	13	0	0	0	0	106.02	822
18	13	0	0	0	0	97.3901	823
18	13	0	0	0	0	105.65	824
18	13	0	0	0	0	108.937	825
17	13	0	0	0	0	87.4098	826
17	15	0	0	0	0	83.9692	827
17	15	0	0	0	0	75.5678	828
17	15	0	0	0	0	84.0637	829
17	15	0	0	0	0	77.5156	830
13	14	0	0	0	0	78.8539	831
13	15	0	0	0	0	92.5626	832
12	15	0	0	0	0	93.4142	833
12	15	0	0	0	0	94.8906	834
12	15	0	0	0	0	84.2624	835
12	15	0	0	0	0	89.0028	836
12	15	0	0	0	0	88.7901	837
12	15	0	0	0	0	87.001	838
12	13	0	0	0	0	82.0288	839
12	13	0	0	0	0	92.0721	840
12	13	0	0	0	0	78.802	841
12	13	0	0	0	0	86.4712	842
12	13	0	0	0	0	85.5719	843
12	13	0	0	0	0	89.4813	844
12	13	0	0	0	0	80.6353	845
12	13	0	0	0	0	89.365	846
12	13	0	0	0	0	83.0399	847
12	14	0	0	0	0	83.5376	848
12	14	0	0	0	0	90.3373	849
12	14	0	0	0	0	78.7798	850
12	14	0	0	0	0	75.3653	851
12	15	0	0	0	0	78.4051	852
12	13	0	0	0	0	79.5217	853
13	13	0	0	0	0	73.6519	854
13	13	0	0	0	0	90.3016	855
14	13	0	0	0	0	78.6165	856
14	13	0	0	0	0	84.5543	857
15	13	0	0	0	0	83.9393	858
15	13	0	0	0	0	89.2346	859
15	13	0	0	0	0	95.1474	860
15	12	0	0	0	0	77.9844	861
15	12	0	0	0	0	98.0376	862
15	12	0	0	0	0	91.146	863
15	12	0	0	0	0	93.7368	864
15	12	0	0	0	0	95.1629	865
15	12	0	0	0	0	99.9487	866
15	12	0	0	0	0	95.0808	867
16	12	0	0	0	0	93.9369	868
16	12	0	0	0	0	87.2394	869
17	11	0	0	0	0	96.2132	870
17	11	0	0	0	0	91.5797	871
15	11	0	0	0	0	81.6424	872
15	13	0	0	0	0	91.8976	873
15	13	0	0	0	0	84.983	874
13	13	0	0	0	0	82.9161	875
15	12	0	0	0	0	84.7175	876
14	12	0	0	0	0	72.2564	877
14	12	0	0	0	0	88.7038	878
14	12	0	0	0	0	84.3416	879
14	12	0	0	0	0	84.6041	880
15	13	0	0	0	0	86.0583	881
14	14	0	0	0	0	93.0406	882
14	15	0	0	0	0	98.2323	883
14	15	0	0	0	0	93.935	884
14	15	0	0	0	0	101.009	885
14	15	0	0	0	0	94.8535	886
14	15	0	0	0	0	100.274	887
14	16	0	0	0	0	91.6785	888
14	16	0	0	0	0	103.402	889
13	16	0	0	0	0	88.7834	890
14	16	0	0	0	0	96.8916	891
14	16	0	0	0	0	93.9865	892
14	16	0	0	0	0	85.9799	893
14	16	0	0	0	0	103.726	894
14	16	0	0	0	0	103.868	895
14	16	0	0	0	0	106.336	896
13	16	0	0	0	0	79.1084	897
13	16	0	0	0	0	99.2652	898
14	17	0	0	0	0	97.6283	899
15	17	0	0	0	0	103.194	900
16	16	0	0	0	0	97.8007	901
17	15	0	0	0	0	96.9875	902
17	15	0	0	0	0	115.949	903
17	15	0	0	0	0	110.812	904
18	15	0	0	0	0	100.118	905
18	15	0	0	0	0	110.889	906
19	15	0	0	0	0	115.087	907
19	15	0	0	0	0	99.2499	908
19	15	0	0	0	0	98.3713	909
19	15	0	0	0	0	116.878	910
19	15	0	0	0	0	113.653	911
19	15	0	0	0	0	116.745	912
19	15	0	0	0	0	113.385	913
19	14	0	0	0	0	101.443	914
19	13	0	0	0	0	109.604	915
19	12	0	0	0	0	108.231	916
19	12	0	0	0	0	109.916	917
19	12	0	0	0	0	99.3002	918
19	12	0	0	0	0	113.684	919
19	12	0	0	0	0	111.176	920
19	12	0	0	0	0	110.262	921
19	12	0	0	0	0	111.154	922
19	12	0	0	0	0	108.023	923
19	12	0	0	0	0	97.7481	924
20	12	0	0	0	0	107.68	925
20	12	0	0	0	0	107.789	926
19	12	0	0	0	0	98.7654	927
19	12	0	0	0	0	105.456	928
19	11	0	0	0	0	99.567	929
19	11	0	0	0	0	106.845	930
18	11	0	0	0	0	100.137	931
18	11	0	0	0	0	102.23	932
18	11	0	0	0	0	96.0456	933
18	11	0	0	0	0	99.647	934
20	11	0	0	0	0	106.305	935
20	11	0	0	0	0	103.789	936
20	11	0	0	0	0	106.337	937
21	11	0	0	0	0	108.385	938
21	11	0	0	0	0	99.5905	939
21	11	0	0	0	0	111.801	940
21	10	0	0	0	0	110.188	941
21	10	0	0	0	0	111.41	942
22	10	0	0	0	0	105.135	943
22	10	0	0	0	0	110.02	944
22	10	0	0	0	0	106.712	945
22	11	0	0	0	0	110.526	946
22	11	0	0	0	0	111.242	947
22	11	0	0	0	0	115.705	948
23	11	0	0	0	0	106.802	949
23	11	0	0	0	0	119.333	950
24	11	0	0	0	0	116.885	951
24	11	0	0	0	0	126.612	952
23	11	0	0	0	0	124.991	953
23	11	0	0	0	0	112.094	954
24	11	0	0	0	0	110.243	955
25	11	0	0	0	0	119.333	956
24	11	0	0	0	0	114.93	957
24	11	0	0	0	0	117.15	958
24	11	0	0	0	0	126.785	959
24	11	0	0	0	0	118.912	960
23	11	0	0	0	0	112.678	961
22	11	0	0	0	0	118.815	962
22	11	0	0	0	0	105.489	963
22	11	0	0	0	0	109.873	964
22	12	0	0	0	0	118.584	965
23	12	0	0	0	0	103.502	966
23	12	0	0	0	0	118.382	967
24	12	0	0	0	0	113.45	968
23	12	0	0	0	0	111.14	969
23	12	0	0	0	0	104.935	970
23	12	0	0	0	0	107.025	971
23	12	0	0	0	0	113.772	972
23	12	0	0	0	0	116.129	973
23	13	0	0	0	0	120.208	974
23	13	0	0	0	0	122.67	975
23	13	0	0	0	0	119.761	976
23	12	0	0	0	0	122.79	977
24	12	0	0	0	0	125.901	978
24	12	0	0	0	0	123.18	979
25	12	0	0	0	0	121.139	980
25	14	0	0	0	0	125.062	981
24	13	0	0	0	0	130.141	982
24	14	0	0	0	0	126.656	983
24	14	0	0	0	0	133.13	984
24	14	0	0	0	0	121.587	985
24	14	0	0	0	0	134.732	986
24	14	0	0	0	0	124.812	987
24	14	0	0	0	0	132.248	988
24	13	0	0	0	0	114.502	989
23	13	0	0	0	0	116.533	990
22	13	0	0	0	0	125.966	991
22	13	0	0	0	0	120.366	992
22	13	0	0	0	0	120.624	993
22	13	0	0	0	0	112.704	994
22	14	0	0	0	0	122.797	995
22	14	0	0	0	0	123.009	996
22	14	0	0	0	0	119.777	997
22	14	0	0	0	0	122.273	998
22	14	0	0	0	0	135.033	999
22	16	0	0	0	0	122.562	1000
23	16	0	0	0	0	128.478	1001
23	16	0	0	0	0	128.705	1002
24	16	0	0	0	0	132.165	1003
23	16	0	0	0	0	133.241	1004
23	16	0	0	0	0	136.574	1005
22	16	0	0	0	0	124.494	1006
22	15	0	0	0	0	104.611	1007
22	14	0	0	0	0	108.18	1008
21	14	0	0	0	0	112.384	1009
21	14	0	0	0	0	92.227	1010
21	14	0	0	0	0	123.47	1011
21	14	0	0	0	0	119.457	1012
20	14	0	0	0	0	114.262	1013
19	14	0	0	0	0	115.789	1014
19	14	0	0	0	0	117.705	1015
19	14	0	0	0	0	116.778	1016
19	14	0	0	0	0	122.618	1017
19	14	0	0	0	0	118.981	1018
20	14	0	0	0	0	111.949	1019
20	14	0	0	0	0	118.955	1020
20	14	0	0	0	0	111.564	1021
20	13	0	0	0	0	92.1299	1022
20	12	0	0	0	0	103.185	1023
20	11	0	0	0	0	89.4565	1024
20	12	0	0	0	0	98.769	1025
18	12	0	0	0	0	105.429	1026
18	12	0	0	0	0	101.485	1027
18	12	0	0	0	0	106.995	1028
18	12	0	0	0	0	101.963	1029
18	12	0	0	0	0	104.292	1030
18	12	0	0	0	0	89.7979	1031
17	11	0	0	0	0	86.09	1032
17	10	0	0	0	0	94.2036	1033
17	10	0	0	0	0	87.0697	1034
17	12	0	0	0	0	91.0946	1035
17	12	0	0	0	0	99.9768	1036
18	11	0	0	0	0	92.5893	1037
18	11	0	0	0	0	101.931	1038
18	11	0	0	0	0	86.9339	1039
18	11	0	0	0	0	76.0639	1040
18	11	0	0	0	0	92.1099	1041
16	11	0	0	0	0	70.7364	1042
16	11	0	0	0	0	79.7489	1043
14	11	0	0	0	0	90.8997	1044
14	11	0	0	0	0	83.9232	1045
14	11	0	0	0	0	84.2065	1046
14	12	0	0	0	0	83.1927	1047
15	12	0	0	0	0	84.372	1048
16	10	0	0	0	0	79.5072	1049
16	10	0	0	0	0	84.3682	1050
16	10	0	0	0	0	77.7858	1051
16	10	0	0	0	0	91.6344	1052
16	10	0	0	0	0	90.2022	1053
17	10	0	0	0	0	85.4833	1054
17	10	0	0	0	0	87.7285	1055
17	10	0	0	0	0	92.5315	1056
17	9	0	0	0	0	95.382	1057
17	9	0	0	0	0	90.5692	1058
17	9	0	0	0	0	81.4229	1059
18	9	0	0	0	0	77.2303	1060
17	9	0	0	0	0	82.6087	1061
18	9	0	0	0	0	96.12	1062
18	9	0	0	0	0	92.1236	1063
20	9	0	0	0	0	100.019	1064
20	9	0	0	0	0	97.8002	1065
20	9	0	0	0	0	103.087	1066
20	9	0	0	0	0	107.839	1067
20	9	0	0	0	0	106.733	1068
20	9	0	0	0	0	103.315	1069
20	9	0	0	0	0	102.666	1070
20	9	0	0	0	0	93.7884	1071
20	9	0	0	0	0	90.2214	1072
20	9	0	0	0	0	102.491	1073
19	9	0	0	0	0	89.8581	1074
19	9	0	0	0	0	94.0243	1075
19	9	0	0	0	0	103.94	1076
19	9	0	0	0	0	94.0168	1077
19	9	0	0	0	0	97.9461	1078
20	9	0	0	0	0	99.4149	1079
21	9	0	0	0	0	99.5985	1080
21	9	0	0	0	0	90.0374	1081
21	9	0	0	0	0	97.7492	1082
21	8	0	0	0	0	88.1508	1083
21	8	0	0	0	0	95.6787	1084
20	8	0	0	0	0	91.2965	1085
20	8	0	0	0	0	86.3672	1086
21	8	0	0	0	0	78.3716	1087
21	8	0	0	0	0	108.075	1088
21	8	0	0	0	0	101.703	1089
21	8	0	0	0	0	102.922	1090
21	8	0	0	0	0	99.9621	1091
21	8	0	0	0	0	80.0628	1092
21	8	0	0	0	0	103.176	1093
21	8	0	0	0	0	99.3694	1094
23	8	0	0	0	0	108.424	1095
24	8	0	0	0	0	81.4321	1096
26	8	0	0	0	0	110.934	1097
26	8	0	0	0	0	118.288	1098
26	8	0	0	0	0	126.531	1099
26	8	0	0	0	0	115.649	1100
27	8	0	0	0	0	119.405	1101
28	8	0	0	0	0	115.842	1102
28	8	0	0	0	0	121.285	1103
28	8	0	0	0	0	126.056	1104
28	8	0	0	0	0	128.928	1105
28	8	0	0	0	0	128.504	1106
28	8	0	0	0	0	121.42	1107
26	8	0	0	0	0	121.971	1108
26	8	0	0	0	0	123.135	1109
26	8	0	0	0	0	120.628	1110
26	8	0	0	0	0	120.687	1111
26	8	0	0	0	0	122.807	1112
26	8	0	0	0	0	127.715	1113
26	8	0	0	0	0	119.087	1114
26	7	0	0	0	0	113.488	1115
27	7	0	0	0	0	110.627	1116
27	7	0	0	0	0	124.213	1117
28	7	0	0	0	0	110.254	1118
28	7	0	0	0	0	104.91	1119
28	7	0	0	0	0	101.886	1120
28	7	0	0	0	0	116.704	1121
28	8	0	0	0	0	131.295	1122
28	8	0	0	0	0	114.181	1123
27	8	0	0	0	0	117.184	1124
27	8	0	0	0	0	115.431	1125
27	8	0	0	0	0	118.233	1126
26	8	0	0	0	0	122.732	1127
26	8	0	0	0	0	109.244	1128
26	8	0	0	0	0	117.643	1129
26	8	0	0	0	0	113.544	1130
26	7	0	0	0	0	110.094	1131
27	7	0	0	0	0	114.079	1132
27	7	0	0	0	0	113.897	1133
26	7	0	0	0	0	99.9667	1134
26	9	0	0	0	0	111.45	1135
26	8	0	0	0	0	114.14	1136
26	8	0	0	0	0	113.196	1137
26	8	0	0	0	0	110.85	1138
26	9	0	0	0	0	112.265	1139
26	9	0	0	0	0	112.077	1140
26	9	0	0	0	0	127.373	1141
25	9	0	0	0	0	115.957	1142
25	9	0	0	0	0	112.672	1143
24	9	0	0	0	0	114.218	1144
23	8	0	0	0	0	109.758	1145
23	8	0	0	0	0	114.96	1146
23	8	0	0	0	0	102.954	1147
23	8	0	0	0	0	114.347	1148
23	8	0	0	0	0	106.164	1149
23	7	0	0	0	0	104.285	1150
23	7	0	0	0	0	98.26	1151
22	11	0	0	0	0	99.8823	1152
22	11	0	0	0	0	76.8433	1153
23	10	0	0	0	0	91.3072	1154
24	11	0	0	0	0	90.2328	1155
24	11	0	0	0	0	88.8074	1156
23	12	0	0	0	0	98.3868	1157
23	12	0	0	0	0	94.5287	1158
20	12	0	0	0	0	106.21	1159
21	13	0	0	0	0	95.2558	1160
18	12	0	0	0	0	90.2835	1161
18	12	0	0	0	0	95.8602	1162
18	12	0	0	0	0	90.3053	1163
18	12	0	0	0	0	99.5705	1164
18	12	0	0	0	0	98.985	1165
17	12	0	0	0	0	91.4171	1166
17	13	0	0	0	0	87.6659	1167
17	13	0	0	0	0	96.0848	1168
16	13	0	0	0	0	92.5216	1169
16	13	0	0	0	0	93.365	1170
16	13	0	0	0	0	104.211	1171
16	13	0	0	0	0	108.011	1172
17	13	0	0	0	0	93.7691	1173
17	14	0	0	0	0	97.5678	1174
17	13	0	0	0	0	97.6797	1175
17	13	0	0	0	0	99.3296	1176
17	13	0	0	0	0	88.6406	1177
17	13	0	0	0	0	98.1407	1178
17	13	0	0	0	0	96.2301	1179
15	13	0	0	0	0	95.4257	1180
15	13	0	0	0	0	92.09	1181
15	13	0	0	0	0	100.075	1182
16	13	0	0	0	0	96.0039	1183
16	12	0	0	0	0	91.0878	1184
16	12	0	0	0	0	91.501	1185
17	12	0	0	0	0	98.875	1186
17	12	0	0	0	0	100.772	1187
17	12	0	0	0	0	91.4743	1188
18	13	0	0	0	0	102.857	1189
18	13	0	0	0	0	96.8196	1190
19	13	0	0	0	0	99.4185	1191
19	13	0	0	0	0	107.529	1192
19	13	0	0	0	0	106.001	1193
19	13	0	0	0	0	103.695	1194
18	13	0	0	0	0	107.083	1195
18	12	0	0	0	0	104.376	1196
18	12	0	0	0	0	92.3669	1197
18	12	0	0	0	0	87.5885	1198
18	12	0	0	0	0	109.108	1199
18	12	0	0	0	0	111.192	1200
18	12	0	0	0	0	96.283	1201
19	11	0	0	0	0	98.1319	1202
19	11	0	0	0	0	97.063	1203
19	11	0	0	0	0	112.034	1204
19	11	0	0	0	0	107.29	1205
19	13	0	0	0	0	96.3077	1206
18	14	0	0	0	0	111.661	1207
18	15	0	0	0	0	106.897	1208
18	15	0	0	0	0	118.252	1209
18	15	0	0	0	0	111.05	1210
18	15	0	0	0	0	114.444	1211
17	15	0	0	0	0	107.171	1212
17	14	0	0	0	0	107.404	1213
16	14	0	0	0	0	99.174	1214
16	14	0	0	0	0	88.908	1215
16	15	0	0	0	0	97.854	1216
15	14	0	0	0	0	95.3134	1217
15	15	0	0	0	0	99.4051	1218
15	15	0	0	0	0	96.3992	1219
14	15	0	0	0	0	93.8085	1220
14	15	0	0	0	0	91.139	1221
14	16	0	0	0	0	92.0109	1222
14	16	0	0	0	0	99.5412	1223
14	15	0	0	0	0	99.9639	1224
14	15	0	0	0	0	99.2354	1225
14	15	0	0	0	0	90.4519	1226
13	15	0	0	0	0	99.4539	1227
13	15	0	0	0	0	98.4995	1228
13	15	0	0	0	0	98.76	1229
12	15	0	0	0	0	84.3855	1230
12	15	0	0	0	0	89.4668	1231
12	15	0	0	0	0	93.9017	1232
12	15	0	0	0	0	85.0651	1233
12	15	0	0	0	0	89.2158	1234
12	15	0	0	0	0	93.8812	1235
12	15	0	0	0	0	96.5629	1236
12	15	0	0	0	0	91.3546	1237
12	15	0	0	0	0	94.9438	1238
12	15	0	0	0	0	84.5007	1239
12	16	0	0	0	0	93.8415	1240
12	15	0	0	0	0	95.9424	1241
12	15	0	0	0	0	86.141	1242
12	15	0	0	0	0	96.3976	1243
12	15	0	0	0	0	95.239	1244
13	15	0	0	0	0	96.5552	1245
13	15	0	0	0	0	93.6342	1246
13	16	0	0	0	0	98.3518	1247
15	15	0	0	0	0	94.9325	1248
15	15	0	0	0	0	109.098	1249
15	15	0	0	0	0	100.687	1250
16	15	0	0	0	0	98.3597	1251
16	15	0	0	0	0	93.9147	1252
16	15	0	0	0	0	111.979	1253
16	15	0	0	0	0	108.723	1254
16	15	0	0	0	0	98.1198	1255
14	14	0	0	0	0	89.4505	1256
14	15	0	0	0	0	93.6372	1257
14	15	0	0	0	0	104.007	1258
14	15	0	0	0	0	102.997	1259
14	15	0	0	0	0	103.624	1260
14	15	0	0	0	0	100.616	1261
14	15	0	0	0	0	104.695	1262
14	15	0	0	0	0	99.9439	1263
14	15	0	0	0	0	98.683	1264
14	16	0	0	0	0	107.249	1265
15	16	0	0	0	0	99.145	1266
15	15	0	0	0	0	90.494	1267
15	15	0	0	0	0	84.6949	1268
15	14	0	0	0	0	89.6939	1269
15	15	0	0	0	0	95.3607	1270
15	15	0	0	0	0	92.3023	1271
15	15	0	0	0	0	92.4874	1272
15	15	0	0	0	0	84.0891	1273
12	15	0	0	0	0	95.1329	1274
12	15	0	0	0	0	96.1279	1275
12	15	0	0	0	0	99.255	1276
12	15	0	0	0	0	98.7579	1277
12	15	0	0	0	0	80.3204	1278
12	13	0	0	0	0	74.9573	1279
12	13	0	0	0	0	89.7684	1280
12	13	0	0	0	0	87.9574	1281
12	13	0	0	0	0	90.2021	1282
12	13	0	0	0	0	87.0466	1283
12	13	0	0	0	0	81.9609	1284
12	13	0	0	0	0	85.1963	1285
12	13	0	0	0	0	83.7833	1286
12	13	0	0	0	0	87.552	1287
12	13	0	0	0	0	88.7287	1288
12	13	0	0	0	0	82.4033	1289
12	13	0	0	0	0	80.9744	1290
12	13	0	0	0	0	77.4073	1291
12	13	0	0	0	0	85.0647	1292
12	13	0	0	0	0	74.756	1293
12	13	0	0	0	0	76.5876	1294
12	12	0	0	0	0	78.0082	1295
13	12	0	0	0	0	85.4394	1296
13	12	0	0	0	0	82.5863	1297
13	12	0	0	0	0	82.4276	1298
13	11	0	0	0	0	81.8112	1299
13	11	0	0	0	0	77.2395	1300
13	11	0	0	0	0	76.1674	1301
13	9	0	0	0	0	77.5101	1302
13	9	0	0	0	0	73.8839	1303
13	9	0	0	0	0	75.337	1304
13	8	0	0	0	0	58.047	1305
13	8	0	0	0	0	76.3237	1306
13	9	0	0	0	0	75.5606	1307
13	9	0	0	0	0	66.4468	1308
13	9	0	0	0	0	75.1362	1309
12	9	0	0	0	0	65.7454	1310
12	9	0	0	0	0	67.9592	1311
12	9	0	0	0	0	64.9263	1312
11	10	0	0	0	0	69.9547	1313
11	10	0	0	0	0	68.787	1314
11	11	0	0	0	0	71.7591	1315
11	11	0	0	0	0	71.2654	1316
11	11	0	0	0	0	71.6548	1317
9	11	0	0	0	0	64.0006	1318
9	11	0	0	0	0	68.8591	1319
9	11	0	0	0	0	68.0775	1320
9	11	0	0	0	0	62.6774	1321
9	11	0	0	0	0	67.1129	1322
9	11	0	0	0	0	62.8038	1323
8	11	0	0	0	0	65.4144	1324
8	11	0	0	0	0	68.0719	1325
8	11	0	0	0	0	58.1835	1326
8	11	0	0	0	0	59.7127	1327
8	11	0	0	0	0	65.6011	1328
8	11	0	0	0	0	65.8317	1329
8	11	0	0	0	0	61.4254	1330
8	11	0	0	0	0	61.3227	1331
8	11	0	0	0	0	57.3068	1332
7	11	0	0	0	0	57.0302	1333
7	11	0	0	0	0	60.5819	1334
7	13	0	0	0	0	58.7154	1335
7	13	0	0	0	0	69.7047	1336
7	13	0	0	0	0	64.8786	1337
7	13	0	0	0	0	66.403	1338
7	13	0	0	0	0	69.2892	1339
7	13	0	0	0	0	71.6003	1340
7	13	0	0	0	0	68.45	1341
7	14	0	0	0	0	60.6743	1342
7	14	0	0	0	0	66.7876	1343
8	14	0	0	0	0	63.3206	1344
8	14	0	0	0	0	69.8056	1345
8	14	0	0	0	0	76.9598	1346
8	14	0	0	0	0	77.3801	1347
8	14	0	0	0	0	75.9754	1348
8	14	0	0	0	0	74.1971	1349
8	14	0	0	0	0	69.7259	1350
8	16	0	0	0	0	73.002	1351
8	16	0	0	0	0	70.0562	1352
8	16	0	0	0	0	71.5497	1353
8	16	0	0	0	0	66.0854	1354
8	16	0	0	0	0	68.2282	1355
8	15	0	0	0	0	69.354	1356
8	15	0	0	0	0	70.9414	1357
8	14	0	0	0	0	57.3954	1358
8	14	0	0	0	0	77.8153	1359
8	14	0	0	0	0	69.9341	1360
8	14	0	0	0	0	73.6879	1361
7	14	0	0	0	0	69.7542	1362
7	14	0	0	0	0	75.0474	1363
8	14	0	0	0	0	69.6247	1364
9	14	0	0	0	0	68.879	1365
9	14	0	0	0	0	73.8542	1366
9	13	0	0	0	0	70.0584	1367
9	12	0	0	0	0	73.5534	1368
9	12	0	0	0	0	67.6354	1369
9	12	0	0	0	0	69.7167	1370
10	12	0	0	0	0	68.7721	1371
9	12	0	0	0	0	66.5481	1372
9	13	0	0	0	0	66.9049	1373
10	13	0	0	0	0	68.2899	1374
10	13	0	0	0	0	71.4217	1375
11	13	0	0	0	0	65.3721	1376
10	13	0	0	0	0	69.7697	1377
10	14	0	0	0	0	72.5135	1378
10	14	0	0	0	0	67.3688	1379
10	14	0	0	0	0	81.4043	1380
10	14	0	0	0	0	73.5747	1381
10	14	0	0	0	0	77.01	1382
10	14	0	0	0	0	79.1094	1383
10	14	0	0	0	0	73.6833	1384
10	13	0	0	0	0	77.1896	1385
10	13	0	0	0	0	80.1967	1386
10	13	0	0	0	0	72.3119	1387
10	12	0	0	0	0	61.2076	1388
10	12	0	0	0	0	72.1507	1389
10	11	0	0	0	0	71.2482	1390
10	11	0	0	0	0	75.7456	1391
10	11	0	0	0	0	72.0187	1392
10	11	0	0	0	0	57.9606	1393
11	11	0	0	0	0	64.5208	1394
11	11	0	0	0	0	58.6459	1395
11	11	0	0	0	0	59.8317	1396
11	11	0	0	0	0	64.5009	1397
9	10	0	0	0	0	43.102	1398
9	10	0	0	0	0	66.2948	1399
9	10	0	0	0	0	66.7458	1400
9	10	0	0	0	0	67.237	1401
9	10	0	0	0	0	68.5746	1402
9	10	0	0	0	0	65.3966	1403
9	11	0	0	0	0	63.5901	1404
10	11	0	0	0	0	57.191	1405
10	11	0	0	0	0	56.2551	1406
10	10	0	0	0	0	64.5045	1407
9	10	0	0	0	0	62.1616	1408
9	10	0	0	0	0	62.5335	1409
9	10	0	0	0	0	56.5303	1410
9	10	0	0	0	0	63.5032	1411
9	11	0	0	0	0	68.5638	1412
9	11	0	0	0	0	67.4998	1413
9	12	0	0	0	0	67.0159	1414
9	12	0	0	0	0	76.3417	1415
9	12	0	0	0	0	59.2532	1416
9	12	0	0	0	0	71.7907	1417
10	11	0	0	0	0	62.0617	1418
10	11	0	0	0	0	70.3668	1419
10	11	0	0	0	0	70.5662	1420
10	12	0	0	0	0	72.3425	1421
10	12	0	0	0	0	70.0119	1422
9	12	0	0	0	0	66.443	1423
9	12	0	0	0	0	76.2843	1424
9	12	0	0	0	0	71.309	1425
9	12	0	0	0	0	75.4459	1426
9	12	0	0	0	0	68.3454	1427
9	12	0	0	0	0	76.302	1428
9	12	0	0	0	0	74.4134	1429
9	12	0	0	0	0	63.849	1430
9	12	0	0	0	0	72.431	1431
9	12	0	0	0	0	62.2734	1432
9	12	0	0	0	0	60.4451	1433
9	11	0	0	0	0	59.0479	1434
7	10	0	0	0	0	49.5345	1435
6	10	0	0	0	0	54.4323	1436
6	10	0	0	0	0	50.5336	1437
7	10	0	0	0	0	51.3752	1438
7	10	0	0	0	0	57.0481	1439
8	10	0	0	0	0	55.0009	1440
8	10	0	0	0	0	48.643	1441
8	8	0	0	0	0	53.1523	1442
8	8	0	0	0	0	54.5134	1443
8	8	0	0	0	0	54.0878	1444
8	8	0	0	0	0	49.7028	1445
8	8	0	0	0	0	46.3607	1446
7	8	0	0	0	0	48.7727	1447
8	8	0	0	0	0	46.6365	1448
8	7	0	0	0	0	44.6985	1449
8	7	0	0	0	0	47.1232	1450
8	7	0	0	0	0	46.8467	1451
8	7	0	0	0	0	50.1652	1452
8	7	0	0	0	0	46.0188	1453
8	7	0	0	0	0	49.4946	1454
8	7	0	0	0	0	48.4162	1455
8	6	0	0	0	0	45.5091	1456
8	6	0	0	0	0	38.864	1457
9	6	0	0	0	0	46.7412	1458
9	6	0	0	0	0	42.1576	1459
9	6	0	0	0	0	46.2877	1460
9	6	0	0	0	0	51.0196	1461
9	6	0	0	0	0	44.206	1462
9	6	0	0	0	0	46.4204	1463
8	6	0	0	0	0	42.5167	1464
8	6	0	0	0	0	44.6854	1465
8	6	0	0	0	0	44.1948	1466
8	5	0	0	0	0	37.9026	1467
8	5	0	0	0	0	42.9548	1468
8	5	0	0	0	0	43.5888	1469
8	5	0	0	0	0	43.2278	1470
8	5	0	0	0	0	36.6575	1471
8	5	0	0	0	0	39.181	1472
7	5	0	0	0	0	39.0996	1473
7	5	0	0	0	0	35.4818	1474
7	5	0	0	0	0	35.5694	1475
7	5	0	0	0	0	35.0629	1476
7	5	0	0	0	0	40.5319	1477
7	5	0	0	0	0	34.5596	1478
6	5	0	0	0	0	35.41	1479
7	5	0	0	0	0	30.3657	1480
7	5	0	0	0	0	35.8504	1481
7	5	0	0	0	0	37.2909	1482
7	5	0	0	0	0	36.2727	1483
8	5	0	0	0	0	34.1942	1484
8	5	0	0	0	0	41.3039	1485
8	5	0	0	0	0	41.4999	1486
8	5	0	0	0	0	41.5992	1487
8	5	0	0	0	0	33.1663	1488
8	4	0	0	0	0	34.1093	1489
9	4	0	0	0	0	32.1733	1490
9	5	0	0	0	0	42.9106	1491
9	5	0	0	0	0	34.6516	1492
9	5	0	0	0	0	44.7097	1493
9	5	0	0	0	0	46.2686	1494
9	5	0	0	0	0	41.3397	1495
9	5	0	0	0	0	48.5761	1496
9	5	0	0	0	0	46.0653	1497
10	5	0	0	0	0	43.0099	1498
10	6	0	0	0	0	35.9683	1499
10	4	0	0	0	0	43.9217	1500
10	4	0	0	0	0	36.9521	1501
10	4	0	0	0	0	45.2841	1502
10	4	0	0	0	0	42.5154	1503
9	4	0	0	0	0	33.1271	1504
9	4	0	0	0	0	36.8044	1505
9	4	0	0	0	0	39.7256	1506
9	4	0	0	0	0	37.4832	1507
9	4	0	0	0	0	42.5948	1508
9	4	0	0	0	0	42.211	1509
9	4	0	0	0	0	41.1263	1510
10	4	0	0	0	0	34.9549	1511
10	4	0	0	0	0	40.7972	1512
10	4	0	0	0	0	39.0903	1513
10	4	0	0	0	0	42.9978	1514
10	4	0	0	0	0	44.5054	1515
10	4	0	0	0	0	43.0434	1516
11	4	0	0	0	0	39.4975	1517
12	4	0	0	0	0	45.2196	1518
12	5	0	0	0	0	45.2893	1519
11	7	0	0	0	0	48.8272	1520
11	7	0	0	0	0	50.092	1521
12	7	0	0	0	0	48.8272	1522
12	7	0	0	0	0	60.7994	1523
12	7	0	0	0	0	61.8563	1524
12	7	0	0	0	0	62.0895	1525
12	7	0	0	0	0	55.3795	1526
12	7	0	0	0	0	61.4438	1527
12	7	0	0	0	0	65.954	1528
12	7	0	0	0	0	58.8627	1529
12	7	0	0	0	0	59.1759	1530
12	7	0	0	0	0	65.9063	1531
12	7	0	0	0	0	65.5511	1532
12	7	0	0	0	0	61.8888	1533
12	7	0	0	0	0	63.1288	1534
12	6	0	0	0	0	58.1757	1535
12	6	0	0	0	0	58.4625	1536
12	6	0	0	0	0	58.7148	1537
12	7	0	0	0	0	58.6318	1538
12	7	0	0	0	0	56.7955	1539
12	7	0	0	0	0	63.3307	1540
12	7	0	0	0	0	62.9382	1541
12	7	0	0	0	0	65.5961	1542
13	8	0	0	0	0	64.9805	1543
13	8	0	0	0	0	69.2947	1544
13	8	0	0	0	0	71.4034	1545
13	8	0	0	0	0	64.2632	1546
13	8	0	0	0	0	73.5876	1547
13	10	0	0	0	0	73.4391	1548
13	13	0	0	0	0	78.8723	1549
13	14	0	0	0	0	76.174	1550
12	15	0	0	0	0	78.2218	1551
12	15	0	0	0	0	89.2111	1552
12	15	0	0	0	0	89.9779	1553
12	18	0	0	0	0	88.3965	1554
12	18	0	0	0	0	88.8599	1555
12	18	0	0	0	0	91.6593	1556
13	18	0	0	0	0	91.4424	1557
12	18	0	0	0	0	97.7111	1558
12	19	0	0	0	0	107.394	1559
12	19	0	0	0	0	102.598	1560
12	19	0	0	0	0	107.546	1561
12	18	0	0	0	0	85.3339	1562
12	18	0	0	0	0	107.413	1563
12	18	0	0	0	0	107.787	1564
12	18	0	0	0	0	107.254	1565
12	18	0	0	0	0	107.706	1566
12	17	0	0	0	0	103.117	1567
12	17	0	0	0	0	103.41	1568
13	17	0	0	0	0	99.4121	1569
13	17	0	0	0	0	106.771	1570
13	17	0	0	0	0	107.863	1571
13	17	0	0	0	0	99.7717	1572
13	17	0	0	0	0	99.4323	1573
13	17	0	0	0	0	111.411	1574
13	17	0	0	0	0	103.432	1575
12	17	0	0	0	0	101.981	1576
12	17	0	0	0	0	107.347	1577
12	17	0	0	0	0	103.587	1578
13	17	0	0	0	0	106.363	1579
13	18	0	0	0	0	107.63	1580
13	18	0	0	0	0	105.366	1581
13	18	0	0	0	0	108.208	1582
13	18	0	0	0	0	110.867	1583
14	20	0	0	0	0	106.561	1584
14	20	0	0	0	0	118.357	1585
14	21	0	0	0	0	121.016	1586
14	21	0	0	0	0	118.479	1587
14	20	0	0	0	0	112.509	1588
13	20	0	0	0	0	112.677	1589
14	20	0	0	0	0	104.53	1590
14	20	0	0	0	0	102.947	1591
14	20	0	0	0	0	125.317	1592
14	20	0	0	0	0	126.232	1593
14	20	0	0	0	0	120.529	1594
14	20	0	0	0	0	112.111	1595
15	20	0	0	0	0	110.522	1596
15	20	0	0	0	0	120.873	1597
15	20	0	0	0	0	130.949	1598
15	20	0	0	0	0	126.932	1599
15	20	0	0	0	0	130.859	1600
15	20	0	0	0	0	116.156	1601
14	20	0	0	0	0	115.507	1602
15	20	0	0	0	0	119.306	1603
16	20	0	0	0	0	126.907	1604
16	20	0	0	0	0	130.376	1605
16	20	0	0	0	0	132.486	1606
16	20	0	0	0	0	126.99	1607
16	20	0	0	0	0	121.262	1608
16	20	0	0	0	0	120.435	1609
16	20	0	0	0	0	119.602	1610
15	21	0	0	0	0	122.212	1611
15	23	0	0	0	0	129.338	1612
15	23	0	0	0	0	138.428	1613
15	23	0	0	0	0	129.192	1614
15	24	0	0	0	0	130.489	1615
15	24	0	0	0	0	122.682	1616
15	24	0	0	0	0	131.926	1617
15	24	0	0	0	0	132.267	1618
15	23	0	0	0	0	131.595	1619
14	23	0	0	0	0	128.036	1620
14	24	0	0	0	0	134.464	1621
13	25	0	0	0	0	118.101	1622
13	25	0	0	0	0	134.343	1623
13	25	0	0	0	0	129.844	1624
13	25	0	0	0	0	136.177	1625
13	25	0	0	0	0	135.216	1626
13	25	0	0	0	0	128.412	1627
13	25	0	0	0	0	134.913	1628
13	25	0	0	0	0	129.285	1629
12	25	0	0	0	0	139.614	1630
12	25	0	0	0	0	115.411	1631
11	24	0	0	0	0	123.98	1632
11	24	0	0	0	0	130.563	1633
12	25	0	0	0	0	120.274	1634
12	25	0	0	0	0	130.446	1635
12	26	0	0	0	0	121.832	1636
12	25	0	0	0	0	103.323	1637
12	25	0	0	0	0	122.399	1638
11	25	0	0	0	0	119.626	1639
11	25	0	0	0	0	122.531	1640
11	24	0	0	0	0	114.602	1641
11	26	0	0	0	0	116.086	1642
11	26	0	0	0	0	116.225	1643
11	26	0	0	0	0	126.874	1644
11	25	0	0	0	0	117.896	1645
11	25	0	0	0	0	128.837	1646
12	26	0	0	0	0	127.121	1647
11	26	0	0	0	0	121.629	1648
12	26	0	0	0	0	126.899	1649
12	25	0	0	0	0	121.545	1650
12	25	0	0	0	0	126.531	1651
12	25	0	0	0	0	129.457	1652
12	26	0	0	0	0	127.945	1653
13	26	0	0	0	0	132.617	1654
13	26	0	0	0	0	117.549	1655
13	27	0	0	0	0	135.156	1656
14	27	0	0	0	0	137.954	1657
14	27	0	0	0	0	111.475	1658
14	28	0	0	0	0	131.729	1659
14	28	0	0	0	0	133.249	1660
12	28	0	0	0	0	137.521	1661
12	28	0	0	0	0	135.951	1662
13	28	0	0	0	0	142.407	1663
13	28	0	0	0	0	143.06	1664
13	28	0	0	0	0	144.123	1665
13	28	0	0	0	0	137.6	1666
13	28	0	0	0	0	137.498	1667
13	28	0	0	0	0	139.208	1668
13	27	0	0	0	0	126.926	1669
14	26	0	0	0	0	139.958	1670
15	26	0	0	0	0	132.252	1671
15	26	0	0	0	0	132.069	1672
15	26	0	0	0	0	150.834	1673
16	26	0	0	0	0	128.242	1674
16	26	0	0	0	0	127.941	1675
16	24	0	0	0	0	123.942	1676
16	23	0	0	0	0	99.1537	1677
16	23	0	0	0	0	141.595	1678
16	23	0	0	0	0	122.766	1679
16	23	0	0	0	0	139.58	1680
16	23	0	0	0	0	129.265	1681
16	22	0	0	0	0	141.41	1682
16	22	0	0	0	0	133.624	1683
16	21	0	0	0	0	123.784	1684
16	22	0	0	0	0	133.738	1685
16	22	0	0	0	0	129.127	1686
16	22	0	0	0	0	118.518	1687
16	21	0	0	0	0	122.366	1688
15	21	0	0	0	0	115.333	1689
15	21	0	0	0	0	112.091	1690
13	23	0	0	0	0	117.013	1691
13	23	0	0	0	0	116.078	1692
13	23	0	0	0	0	114.333	1693
13	23	0	0	0	0	114.59	1694
13	23	0	0	0	0	130.351	1695
13	23	0	0	0	0	125.536	1696
13	23	0	0	0	0	122.999	1697
13	23	0	0	0	0	127.317	1698
13	22	0	0	0	0	123.825	1699
14	22	0	0	0	0	127.065	1700
14	22	0	0	0	0	118.869	1701
14	21	0	0	0	0	122.662	1702
14	21	0	0	0	0	122.269	1703
13	21	0	0	0	0	106.759	1704
13	22	0	0	0	0	120.898	1705
13	22	0	0	0	0	114.463	1706
11	22	0	0	0	0	109.529	1707
11	22	0	0	0	0	114.999	1708
11	22	0	0	0	0	115.216	1709
11	22	0	0	0	0	115.774	1710
11	23	0	0	0	0	102.361	1711
11	23	0	0	0	0	113.985	1712
11	23	0	0	0	0	89.4965	1713
11	23	0	0	0	0	109.574	1714
9	23	0	0	0	0	100.223	1715
9	23	0	0	0	0	103.185	1716
9	22	0	0	0	0	95.1073	1717
9	22	0	0	0	0	102.582	1718
9	22	0	0	0	0	104.584	1719
9	22	0	0	0	0	107.233	1720
9	22	0	0	0	0	115.454	1721
9	22	0	0	0	0	103.396	1722
9	22	0	0	0	0	92.8532	1723
9	22	0	0	0	0	106.882	1724
9	21	0	0	0	0	100.131	1725
9	21	0	0	0	0	90.9613	1726
8	21	0	0	0	0	92.4749	1727
8	21	0	0	0	0	96.3919	1728
8	20	0	0	0	0	93.1484	1729
9	20	0	0	0	0	91.5563	1730
9	19	0	0	0	0	95.0307	1731
9	19	0	0	0	0	95.5948	1732
9	19	0	0	0	0	96.5808	1733
9	18	0	0	0	0	79.9201	1734
9	17	0	0	0	0	83.6328	1735
9	16	0	0	0	0	82.8405	1736
10	16	0	0	0	0	70.9185	1737
10	16	0	0	0	0	83.9328	1738
10	15	0	0	0	0	81.2964	1739
10	15	0	0	0	0	82.2217	1740
10	15	0	0	0	0	80.9504	1741
10	16	0	0	0	0	83.5408	1742
10	16	0	0	0	0	89.7632	1743
10	16	0	0	0	0	88.822	1744
12	16	0	0	0	0	81.2306	1745
13	14	0	0	0	0	81.3856	1746
15	15	0	0	0	0	82.4332	1747
15	15	0	0	0	0	99.0613	1748
15	15	0	0	0	0	104.356	1749
15	15	0	0	0	0	95.4334	1750
14	15	0	0	0	0	94.611	1751
14	16	0	0	0	0	89.8493	1752
13	17	0	0	0	0	96.6071	1753
14	17	0	0	0	0	98.652	1754
14	17	0	0	0	0	101.588	1755
14	17	0	0	0	0	105.442	1756
14	17	0	0	0	0	105.703	1757
14	17	0	0	0	0	105.723	1758
15	17	0	0	0	0	97.9316	1759
15	17	0	0	0	0	110.15	1760
15	17	0	0	0	0	108.419	1761
15	17	0	0	0	0	106.797	1762
14	17	0	0	0	0	111.534	1763
14	17	0	0	0	0	98.5937	1764
13	17	0	0	0	0	105.31	1765
14	17	0	0	0	0	99.4992	1766
14	17	0	0	0	0	98.7639	1767
14	17	0	0	0	0	104.205	1768
14	17	0	0	0	0	91.2286	1769
14	17	0	0	0	0	98.6105	1770
15	16	0	0	0	0	100.589	1771
15	15	0	0	0	0	105.311	1772
15	15	0	0	0	0	103.391	1773
15	15	0	0	0	0	107.751	1774
15	15	0	0	0	0	105.82	1775
15	15	0	0	0	0	105.902	1776
16	15	0	0	0	0	99.3953	1777
16	14	0	0	0	0	93.9846	1778
16	13	0	0	0	0	91.4007	1779
16	13	0	0	0	0	98.8776	1780
16	14	0	0	0	0	98.8682	1781
17	14	0	0	0	0	102.966	1782
17	13	0	0	0	0	95.4202	1783
17	13	0	0	0	0	99.6371	1784
18	13	0	0	0	0	106.063	1785
18	14	0	0	0	0	101.544	1786
18	14	0	0	0	0	98.849	1787
18	13	0	0	0	0	108.506	1788
19	13	0	0	0	0	95.9749	1789
18	14	0	0	0	0	98.9117	1790
19	15	0	0	0	0	87.572	1791
19	14	0	0	0	0	102.549	1792
19	14	0	0	0	0	106.533	1793
19	14	0	0	0	0	113.661	1794
18	14	0	0	0	0	112.683	1795
18	14	0	0	0	0	119.154	1796
18	14	0	0	0	0	110.908	1797
18	14	0	0	0	0	118.457	1798
18	14	0	0	0	0	109.645	1799
18	14	0	0	0	0	104.579	1800
19	14	0	0	0	0	114.348	1801
19	14	0	0	0	0	114.131	1802
19	13	0	0	0	0	113.028	1803
19	12	0	0	0	0	98.9212	1804
19	12	0	0	0	0	105.925	1805
19	12	0	0	0	0	98.1192	1806
19	12	0	0	0	0	98.3563	1807
20	11	0	0	0	0	106.663	1808
19	11	0	0	0	0	106.504	1809
20	11	0	0	0	0	105.945	1810
20	11	0	0	0	0	110.538	1811
20	11	0	0	0	0	105.687	1812
20	11	0	0	0	0	113.94	1813
20	11	0	0	0	0	101.312	1814
20	13	0	0	0	0	108.328	1815
20	13	0	0	0	0	88.4347	1816
20	13	0	0	0	0	115.377	1817
20	13	0	0	0	0	104.851	1818
21	13	0	0	0	0	114.905	1819
21	13	0	0	0	0	79.0844	1820
22	13	0	0	0	0	111.783	1821
22	13	0	0	0	0	122.504	1822
22	13	0	0	0	0	122.201	1823
21	13	0	0	0	0	121.864	1824
21	14	0	0	0	0	108.689	1825
21	14	0	0	0	0	111.725	1826
21	14	0	0	0	0	104.032	1827
20	14	0	0	0	0	119.319	1828
20	14	0	0	0	0	119.899	1829
20	14	0	0	0	0	114.753	1830
20	14	0	0	0	0	109.792	1831
20	14	0	0	0	0	123.484	1832
20	15	0	0	0	0	114.67	1833
20	15	0	0	0	0	108.609	1834
21	14	0	0	0	0	123.255	1835
21	14	0	0	0	0	103.894	1836
22	14	0	0	0	0	123.027	1837
23	14	0	0	0	0	125.852	1838
23	14	0	0	0	0	118.69	1839
23	14	0	0	0	0	115.797	1840
23	14	0	0	0	0	121.848	1841
23	13	0	0	0	0	126.13	1842
23	13	0	0	0	0	127.134	1843
23	13	0	0	0	0	117.366	1844
23	13	0	0	0	0	125.844	1845
24	13	0	0	0	0	132.312	1846
24	13	0	0	0	0	130.132	1847
24	13	0	0	0	0	133.013	1848
24	13	0	0	0	0	94.3255	1849
24	13	0	0	0	0	132.507	1850
25	13	0	0	0	0	124.645	1851
25	13	0	0	0	0	142.474	1852
25	13	0	0	0	0	119.17	1853
26	13	0	0	0	0	131.713	1854
26	12	0	0	0	0	117.23	1855
26	12	0	0	0	0	128.553	1856
26	12	0	0	0	0	129.561	1857
26	12	0	0	0	0	133.153	1858
25	12	0	0	0	0	126.328	1859
25	12	0	0	0	0	124.67	1860
24	12	0	0	0	0	125.487	1861
24	12	0	0	0	0	135.619	1862
24	12	0	0	0	0	130.681	1863
24	12	0	0	0	0	129.21	1864
24	12	0	0	0	0	131.137	1865
24	12	0	0	0	0	129.418	1866
24	12	0	0	0	0	124.776	1867
24	12	0	0	0	0	129.153	1868
24	12	0	0	0	0	124.427	1869
24	12	0	0	0	0	126.471	1870
24	12	0	0	0	0	126.126	1871
24	13	0	0	0	0	112.183	1872
24	12	0	0	0	0	118.905	1873
24	11	0	0	0	0	114.564	1874
24	11	0	0	0	0	130.065	1875
24	11	0	0	0	0	122.345	1876
24	12	0	0	0	0	130.22	1877
24	12	0	0	0	0	114.438	1878
24	12	0	0	0	0	114.597	1879
25	12	0	0	0	0	125.015	1880
25	12	0	0	0	0	129.198	1881
25	12	0	0	0	0	131.589	1882
28	12	0	0	0	0	124.229	1883
28	12	0	0	0	0	138.918	1884
27	12	0	0	0	0	139.811	1885
27	12	0	0	0	0	130.81	1886
24	12	0	0	0	0	121.883	1887
24	14	0	0	0	0	134.357	1888
24	14	0	0	0	0	114.655	1889
25	14	0	0	0	0	130.85	1890
26	13	0	0	0	0	123.784	1891
26	12	0	0	0	0	135.756	1892
26	12	0	0	0	0	127.455	1893
27	11	0	0	0	0	127.767	1894
26	11	0	0	0	0	126.49	1895
26	11	0	0	0	0	113.205	1896
21	11	0	0	0	0	115.636	1897
20	11	0	0	0	0	107.437	1898
20	12	0	0	0	0	111.568	1899
20	12	0	0	0	0	116.783	1900
20	12	0	0	0	0	117.866	1901
20	12	0	0	0	0	109.658	1902
20	11	0	0	0	0	109.587	1903
21	11	0	0	0	0	105.039	1904
21	11	0	0	0	0	90.2803	1905
21	12	0	0	0	0	119.167	1906
21	12	0	0	0	0	122.623	1907
21	12	0	0	0	0	85.6913	1908
18	11	0	0	0	0	100.034	1909
18	11	0	0	0	0	99.6001	1910
18	11	0	0	0	0	96.7177	1911
18	11	0	0	0	0	101.96	1912
18	11	0	0	0	0	103.582	1913
17	11	0	0	0	0	95.5339	1914
17	10	0	0	0	0	92.1942	1915
17	10	0	0	0	0	95.6566	1916
17	10	0	0	0	0	100.366	1917
17	10	0	0	0	0	96.0859	1918
17	10	0	0	0	0	95.2966	1919
17	10	0	0	0	0	96.2508	1920
17	10	0	0	0	0	95.6588	1921
17	10	0	0	0	0	90.5414	1922
17	12	0	0	0	0	90.7215	1923
16	12	0	0	0	0	65.7411	1924
16	13	0	0	0	0	92.1551	1925
16	13	0	0	0	0	68.8104	1926
16	12	0	0	0	0	92.6024	1927
16	12	0	0	0	0	89.0856	1928
16	11	0	0	0	0	92.2706	1929
16	11	0	0	0	0	94.9321	1930
16	11	0	0	0	0	95.2362	1931
15	11	0	0	0	0	80.4141	1932
14	11	0	0	0	0	88.6586	1933
14	11	0	0	0	0	70.545	1934
14	11	0	0	0	0	90.4463	1935
14	11	0	0	0	0	90.8193	1936
15	11	0	0	0	0	91.5401	1937
15	11	0	0	0	0	92.2662	1938
14	11	0	0	0	0	74.4337	1939
14	11	0	0	0	0	87.7595	1940
13	11	0	0	0	0	76.1642	1941
15	11	0	0	0	0	86.1401	1942
15	11	0	0	0	0	95.3516	1943
15	11	0	0	0	0	96.0556	1944
15	11	0	0	0	0	95.6881	1945
15	12	0	0	0	0	95.5094	1946
15	13	0	0	0	0	89.9243	1947
15	13	0	0	0	0	95.4479	1948
15	13	0	0	0	0	99.5643	1949
15	15	0	0	0	0	74.9168	1950
15	15	0	0	0	0	65.1654	1951
15	16	0	0	0	0	76.247	1952
14	16	0	0	0	0	75.8593	1953
13	17	0	0	0	0	77.4564	1954
13	18	0	0	0	0	77.1836	1955
9	18	0	0	0	0	77.6049	1956
9	18	0	0	0	0	98.4131	1957
9	18	0	0	0	0	82.5793	1958
8	18	0	0	0	0	89.7125	1959
8	18	0	0	0	0	83.9143	1960
8	17	0	0	0	0	78.3574	1961
8	17	0	0	0	0	79.8085	1962
8	17	0	0	0	0	72.6009	1963
8	17	0	0	0	0	80.1857	1964
8	16	0	0	0	0	84.2582	1965
8	17	0	0	0	0	86.8148	1966
8	19	0	0	0	0	79.7692	1967
8	19	0	0	0	0	87.2437	1968
8	19	0	0	0	0	87.8781	1969
8	19	0	0	0	0	90.9987	1970
8	19	0	0	0	0	89.7766	1971
9	19	0	0	0	0	87.27	1972
9	19	0	0	0	0	101.305	1973
9	19	0	0	0	0	99.6239	1974
9	19	0	0	0	0	89.0708	1975
8	20	0	0	0	0	79.3237	1976
8	20	0	0	0	0	92.1374	1977
8	20	0	0	0	0	95.4459	1978
8	20	0	0	0	0	99.4022	1979
8	19	0	0	0	0	87.3012	1980
8	19	0	0	0	0	97.5138	1981
8	19	0	0	0	0	95.2679	1982
8	19	0	0	0	0	97.3086	1983
8	19	0	0	0	0	93.2908	1984
8	19	0	0	0	0	93.6161	1985
8	19	0	0	0	0	86.8891	1986
8	19	0	0	0	0	90.9319	1987
7	20	0	0	0	0	94.375	1988
7	20	0	0	0	0	92.8331	1989
7	19	0	0	0	0	87.6201	1990
7	18	0	0	0	0	86.8668	1991
7	18	0	0	0	0	74.1811	1992
7	18	0	0	0	0	89.0619	1993
7	18	0	0	0	0	82.9903	1994
7	18	0	0	0	0	77.3275	1995
8	18	0	0	0	0	85.5433	1996
8	17	0	0	0	0	85.997	1997
8	17	0	0	0	0	89.6487	1998
8	17	0	0	0	0	85.5053	1999
8	17	0	0	0	0	88.5488	2000
8	17	0	0	0	0	87.2492	2001
8	17	0	0	0	0	92.3882	2002
8	17	0	0	0	0	70.4488	2003
8	17	0	0	0	0	64.6314	2004
8	17	0	0	0	0	82.9429	2005
8	17	0	0	0	0	84.6544	2006
8	16	0	0	0	0	83.5797	2007
8	16	0	0	0	0	84.4402	2008
8	15	0	0	0	0	72.9479	2009
8	14	0	0	0	0	75.3457	2010
8	13	0	0	0	0	69.4757	2011
8	13	0	0	0	0	72.2893	2012
8	13	0	0	0	0	71.9566	2013
8	14	0	0	0	0	75.1967	2014
8	15	0	0	0	0	71.2039	2015
8	14	0	0	0	0	73.5582	2016
9	14	0	0	0	0	70.4984	2017
9	13	0	0	0	0	73.761	2018
10	13	0	0	0	0	80.4032	2019
10	13	0	0	0	0	72.4722	2020
10	12	0	0	0	0	80.4689	2021
10	12	0	0	0	0	62.0266	2022
8	11	0	0	0	0	64.5705	2023
8	10	0	0	0	0	63.0656	2024
8	10	0	0	0	0	55.0435	2025
8	9	0	0	0	0	51.2663	2026
8	10	0	0	0	0	54.8271	2027
8	10	0	0	0	0	62.1063	2028
8	10	0	0	0	0	57.4806	2029
9	10	0	0	0	0	61.9996	2030
9	10	0	0	0	0	61.5668	2031
9	10	0	0	0	0	61.9055	2032
10	10	0	0	0	0	63.79	2033
10	10	0	0	0	0	67.7068	2034
10	10	0	0	0	0	68	2035
10	10	0	0	0	0	56.1204	2036
10	10	0	0	0	0	63.5564	2037
10	10	0	0	0	0	51.5376	2038
7	10	0	0	0	0	57.1385	2039
7	10	0	0	0	0	43.3342	2040
7	10	0	0	0	0	51.1573	2041
7	10	0	0	0	0	48.1662	2042
6	10	0	0	0	0	55.7752	2043
6	10	0	0	0	0	41.5416	2044
6	10	0	0	0	0	56.0879	2045
7	10	0	0	0	0	50.4998	2046
7	10	0	0	0	0	55.9157	2047
7	10	0	0	0	0	56.8511	2048
8	10	0	0	0	0	52.5613	2049
7	10	0	0	0	0	45.9485	2050
7	10	0	0	0	0	48.5497	2051
7	9	0	0	0	0	44.518	2052
7	9	0	0	0	0	37.6345	2053
7	9	0	0	0	0	42.7668	2054
7	9	0	0	0	0	41.6895	2055
7	9	0	0	0	0	46.9349	2056
7	9	0	0	0	0	42.8611	2057
7	8	0	0	0	0	46.3062	2058
7	7	0	0	0	0	33.288	2059
7	6	0	0	0	0	39.433	2060
8	6	0	0	0	0	37.5019	2061
8	5	0	0	0	0	39.1668	2062
8	6	0	0	0	0	34.7423	2063
8	6	0	0	0	0	30.3128	2064
8	6	0	0	0	0	30.7809	2065
9	6	0	0	0	0	37.5836	2066
8	6	0	0	0	0	33.7344	2067
8	6	0	0	0	0	45.356	2068
8	6	0	0	0	0	33.8699	2069
8	6	0	0	0	0	40.1788	2070
8	6	0	0	0	0	44.2451	2071
8	6	0	0	0	0	29.1106	2072
8	6	0	0	0	0	40.9736	2073
8	6	0	0	0	0	48.5991	2074
8	6	0	0	0	0	42.4162	2075
8	7	0	0	0	0	43.5727	2076
8	7	0	0	0	0	42.0557	2077
9	7	0	0	0	0	40.6357	2078
11	7	0	0	0	0	48.1249	2079
11	7	0	0	0	0	48.4943	2080
11	7	0	0	0	0	44.3338	2081
11	7	0	0	0	0	46.0914	2082
12	7	0	0	0	0	49.7504	2083
13	7	0	0	0	0	55.9762	2084
13	7	0	0	0	0	48.7423	2085
13	6	0	0	0	0	45.5523	2086
13	6	0	0	0	0	56.4891	2087
13	6	0	0	0	0	57.5799	2088
13	7	0	0	0	0	56.4859	2089
13	7	0	0	0	0	64.6226	2090
13	7	0	0	0	0	58.4718	2091
14	7	0	0	0	0	55.9114	2092
14	7	0	0	0	0	64.1347	2093
15	7	0	0	0	0	71.3404	2094
16	7	0	0	0	0	64.5259	2095
16	7	0	0	0	0	79.9671	2096
16	7	0	0	0	0	58.8631	2097
16	7	0	0	0	0	58.5507	2098
16	7	0	0	0	0	57.2741	2099
16	6	0	0	0	0	61.7148	2100
16	6	0	0	0	0	62.2653	2101
16	5	0	0	0	0	61.8479	2102
16	5	0	0	0	0	64.4834	2103
15	5	0	0	0	0	56.415	2104
16	5	0	0	0	0	61.9215	2105
16	5	0	0	0	0	61.6278	2106
16	5	0	0	0	0	62.2886	2107
16	5	0	0	0	0	62.1012	2108
16	4	0	0	0	0	71.368	2109
16	4	0	0	0	0	67.4896	2110
16	4	0	0	0	0	64.0083	2111
17	4	0	0	0	0	67.8283	2112
17	4	0	0	0	0	63.2685	2113
17	4	0	0	0	0	75.4882	2114
17	4	0	0	0	0	66.6323	2115
17	4	0	0	0	0	67.2734	2116
17	4	0	0	0	0	75.5871	2117
17	4	0	0	0	0	70.7488	2118
17	4	0	0	0	0	68.6776	2119
17	4	0	0	0	0	70.9902	2120
17	4	0	0	0	0	68.4001	2121
17	4	0	0	0	0	65.3369	2122
17	5	0	0	0	0	72.7056	2123
17	5	0	0	0	0	62.9982	2124
19	5	0	0	0	0	74.4551	2125
19	5	0	0	0	0	84.9612	2126
19	5	0	0	0	0	83.3158	2127
19	6	0	0	0	0	80.6025	2128
19	6	0	0	0	0	81.253	2129
20	6	0	0	0	0	83.9155	2130
19	6	0	0	0	0	84.8896	2131
18	6	0	0	0	0	84.5581	2132
18	6	0	0	0	0	81.1621	2133
18	6	0	0	0	0	82.0536	2134
18	8	0	0	0	0	82.4915	2135
18	8	0	0	0	0	91.1902	2136
18	8	0	0	0	0	73.3611	2137
15	7	0	0	0	0	70.0536	2138
15	7	0	0	0	0	62.7502	2139
15	7	0	0	0	0	58.5613	2140
15	7	0	0	0	0	76.9219	2141
15	7	0	0	0	0	70.1435	2142
15	7	0	0	0	0	80.4189	2143
15	7	0	0	0	0	76.3153	2144
15	7	0	0	0	0	76.8676	2145
16	7	0	0	0	0	80.4505	2146
16	7	0	0	0	0	80.8839	2147
16	7	0	0	0	0	76.7893	2148
16	7	0	0	0	0	70.6879	2149
16	7	0	0	0	0	70.4385	2150
16	7	0	0	0	0	81.195	2151
16	7	0	0	0	0	80.1567	2152
16	9	0	0	0	0	80.9851	2153
16	9	0	0	0	0	83.4741	2154
16	9	0	0	0	0	83.1629	2155
16	9	0	0	0	0	87.1977	2156
16	9	0	0	0	0	87.9756	2157
16	9	0	0	0	0	69.829	2158
16	9	0	0	0	0	69.0659	2159
15	9	0	0	0	0	73.5208	2160
15	9	0	0	0	0	73.4248	2161
14	9	0	0	0	0	69.9712	2162
13	9	0	0	0	0	68.3363	2163
14	9	0	0	0	0	79.1715	2164
14	9	0	0	0	0	77.5275	2165
14	9	0	0	0	0	74.8117	2166
14	12	0	0	0	0	75.9859	2167
14	12	0	0	0	0	79.5758	2168
14	12	0	0	0	0	78.809	2169
14	12	0	0	0	0	80.5525	2170
14	12	0	0	0	0	78.3197	2171
14	13	0	0	0	0	77.1776	2172
14	14	0	0	0	0	84.1934	2173
14	14	0	0	0	0	80.8647	2174
14	14	0	0	0	0	80.9894	2175
14	14	0	0	0	0	74.3405	2176
15	14	0	0	0	0	79.6378	2177
15	14	0	0	0	0	101.343	2178
15	14	0	0	0	0	103.974	2179
16	14	0	0	0	0	99.6947	2180
16	14	0	0	0	0	95.6575	2181
16	14	0	0	0	0	92.474	2182
16	14	0	0	0	0	105.419	2183
16	14	0	0	0	0	108.951	2184
16	14	0	0	0	0	102.982	2185
16	14	0	0	0	0	107.784	2186
16	14	0	0	0	0	107.575	2187
17	14	0	0	0	0	107.756	2188
17	14	0	0	0	0	105.994	2189
17	14	0	0	0	0	105.928	2190
17	14	0	0	0	0	111.259	2191
17	14	0	0	0	0	102.36	2192
17	14	0	0	0	0	107.414	2193
17	14	0	0	0	0	113.407	2194
17	14	0	0	0	0	87.9023	2195
16	14	0	0	0	0	103.422	2196
16	14	0	0	0	0	111.705	2197
16	14	0	0	0	0	106.172	2198
16	14	0	0	0	0	102.644	2199
16	14	0	0	0	0	99.7308	2200
16	14	0	0	0	0	96.286	2201
16	15	0	0	0	0	111.379	2202
16	15	0	0	0	0	106.673	2203
16	14	0	0	0	0	101.018	2204
16	14	0	0	0	0	99.6455	2205
16	14	0	0	0	0	107.755	2206
16	14	0	0	0	0	98.1482	2207
16	14	0	0	0	0	92.0448	2208
16	14	0	0	0	0	104.679	2209
16	15	0	0	0	0	95.8247	2210
15	16	0	0	0	0	101.777	2211
15	15	0	0	0	0	95.9313	2212
15	15	0	0	0	0	101.23	2213
15	15	0	0	0	0	104.684	2214
15	15	0	0	0	0	103.304	2215
15	15	0	0	0	0	100.084	2216
15	15	0	0	0	0	102.103	2217
13	15	0	0	0	0	100.166	2218
13	15	0	0	0	0	97.2626	2219
13	15	0	0	0	0	100.955	2220
13	15	0	0	0	0	87.5699	2221
13	15	0	0	0	0	91.524	2222
12	15	0	0	0	0	88.5125	2223
12	14	0	0	0	0	86.4645	2224
12	14	0	0	0	0	90.9461	2225
13	13	0	0	0	0	87.6795	2226
13	13	0	0	0	0	91.0578	2227
13	13	0	0	0	0	94.8193	2228
13	13	0	0	0	0	92.1377	2229
13	13	0	0	0	0	86.8138	2230
13	13	0	0	0	0	86.8884	2231
14	13	0	0	0	0	90.3185	2232
14	13	0	0	0	0	92.6558	2233
14	13	0	0	0	0	98.0198	2234
14	13	0	0	0	0	94.0165	2235
14	13	0.5	0	1	0	90.6897	2236
14	13	0.5	0	1	0	91.141	2237
13	13	0.5	0	1	0	92.4576	2238
13	13	0.5	0	1	0	81.682	2239
12	13	1	0	3	0	80.2301	2240
12	13	1	0	3	0	85.1565	2241
12	13	1	0	3	0	86.9633	2242
12	13	1	0	3	0	90.8208	2243
12	13	1	0	3	0	78.2114	2244
12	12	1.25	0	4	0	75.8254	2245
12	12	1.25	0	4	0	83.7017	2246
12	12	1.25	0	4	0	85.9819	2247
12	12	1.25	0	4	0	81.2778	2248
12	12	1.25	0	4	0	83.5763	2249
12	12	1.25	0	4	0	84.7085	2250
12	12	1.25	0.25	4	1	86.8484	2251
12	12	1.25	0.25	4	1	77.8669	2252
12	12	1.25	0.25	4	1	76.9444	2253
12	12	1.25	0.25	4	1	74.1239	2254
12	12	1.25	0.25	4	1	76.3176	2255
12	12	1.25	0.25	4	1	77.0803	2256
12	10	1.25	0.25	4	1	76.4082	2257
12	10	1.25	0.25	4	1	74.9451	2258
12	10	1.5	0.25	5	1	75.3139	2259
12	10	1.5	0.25	5	1	74.7835	2260
12	10	1.5	0.25	5	1	71.6842	2261
12	10	1.5	0.25	5	1	77.178	2262
12	10	1.5	0.25	5	1	80.2421	2263
12	10	1.5	0.25	5	1	80.0759	2264
12	10	1.5	0.25	5	1	72.5593	2265
12	10	1.5	0.25	5	1	76.8905	2266
12	10	1.5	0.25	5	1	70.9508	2267
12	10	1.5	0.25	5	1	71.3205	2268
12	10	1.5	0.25	5	1	69.1387	2269
11	10	1.5	0.25	5	1	67.2318	2270
11	10	1.5	0.75	5	3	70.7798	2271
11	10	1.5	0.75	5	3	68.8225	2272
10	10	1.5	0.75	5	3	59.9697	2273
10	10	1.5	0.75	5	3	49.3523	2274
8	10	1.5	0.75	5	3	47.9847	2275
8	10	1.5	0.75	5	3	50.5118	2276
8	10	1.5	0.75	5	3	49.2669	2277
7	9	1.5	0.75	5	3	46.577	2278
7	9	1.5	0.75	5	3	50.422	2279
6	9	0.5	0.75	2	3	47.0485	2280
6	9	0.5	0.75	2	3	48.3036	2281
6	9	0.5	0.75	2	3	46.9496	2282
6	9	0.5	0.75	2	3	47.1465	2283
6	9	0.5	0.75	2	3	40.8478	2284
6	8	0.5	0.75	2	3	45.6498	2285
6	8	0.5	0.75	2	3	46.5838	2286
6	8	0.5	0.75	2	3	48.3619	2287
6	8	0.5	0.75	2	3	42.7155	2288
6	8	0.5	0.75	2	3	45.6269	2289
6	8	0.5	0.75	2	3	43.632	2290
6	8	0.5	0.75	2	3	44.9258	2291
6	8	0.5	0.75	2	3	39.092	2292
6	7	0.5	0.75	2	3	37.88	2293
6	6	0.5	0.75	2	3	32.4893	2294
6	6	0.5	0.75	2	3	33.0835	2295
5	6	0.5	0.75	2	3	33.3341	2296
5	6	0.5	0.5	2	2	35.1276	2297
5	6	0.5	0.5	2	2	28.9479	2298
5	6	0.5	0.5	2	2	33.9742	2299
5	6	0	0.5	0	2	29.7866	2300
5	6	0	0.5	0	2	31.7567	2301
5	6	0	0.5	0	2	29.9679	2302
5	5	0	0.5	0	2	25.6836	2303
4	5	0	0.5	0	2	17.4082	2304
4	3	0	0.5	0	2	19.2437	2305
4	3	0	0.5	0	2	18.3835	2306
4	3	0	0	0	0	20.0749	2307
4	3	0	0	0	0	14.992	2308
3	3	0	0	0	0	11.7149	2309
2	3	0	0	0	0	12.6961	2310
2	3	0	0	0	0	12.3377	2311
2	3	0	0	0	0	nan	2312
