unique_top_cov	unique_bot_cov	redundant_top_cov	redundant_bot_cov	raw_redundant_top_cov	raw_redundant_bot_cov	e_value	position
4	4	0	0	0	0	nan	1
4	4	0	0	0	0	nan	2
4	4	0.333333	0	1	0	16.369	3
4	4	0.333333	0	1	0	16.4374	4
4	4	0.333333	0	1	0	13.0892	5
5	4	0.333333	0	1	0	16.633	6
6	4	0.333333	0	1	0	20.4078	7
6	4	0.333333	0	1	0	16.3027	8
6	5	0.333333	0	1	0	22.5125	9
6	5	0.333333	0	1	0	24.3771	10
6	5	0.333333	0	1	0	26.3545	11
6	5	0.333333	0	1	0	25.5281	12
6	5	0.333333	0	1	0	24.2015	13
6	5	0.333333	0	1	0	27.2754	14
6	5	0.333333	0	1	0	26.9344	15
6	5	0.333333	0.333333	1	1	25.3471	16
6	5	0.333333	0.333333	1	1	25.3363	17
6	5	0.333333	0.333333	1	1	25.5457	18
6	5	0.333333	0.333333	1	1	24.3342	19
6	5	0.333333	0.333333	1	1	27.07	20
6	5	0.333333	0.333333	1	1	27.4191	21
6	5	0.333333	0.333333	1	1	27.3015	22
6	5	0.333333	0.333333	1	1	26.465	23
6	5	0.333333	0.333333	1	1	26.68	24
6	5	0.333333	0.333333	1	1	25.2909	25
6	5	0.333333	0.333333	1	1	27.2749	26
6	5	0.333333	0.333333	1	1	27.7748	27
6	5	0.333333	0.333333	1	1	28.3387	28
6	5	0.333333	0.333333	1	1	24.5391	29
6	5	0.333333	0.666667	1	2	26.7582	30
7	5	0.333333	0.666667	1	2	27.0968	31
7	5	0.333333	0.666667	1	2	26.5364	32
7	5	0.333333	0.666667	1	2	27.3218	33
7	5	0.333333	0.666667	1	2	25.1271	34
7	5	0.666667	0.666667	2	2	23.1617	35
7	5	0.666667	0.666667	2	2	27.918	36
7	6	1	0.666667	3	2	31.0643	37
7	6	1	0.666667	3	2	30.3823	38
7	6	1	0.666667	3	2	29.7206	39
7	6	1	0.666667	3	2	28.8482	40
8	6	1	0.666667	3	2	34.429	41
8	6	1	0.666667	3	2	33.6614	42
8	6	1	0.666667	3	2	38.7861	43
9	6	1	0.666667	3	2	31.2285	44
12	6	1	0.666667	3	2	41.8328	45
12	6	1	0.666667	3	2	44.6614	46
12	6	1	0.666667	3	2	49.9102	47
13	6	1	0.666667	3	2	49.3668	48
13	6	1	0.666667	3	2	53.9855	49
14	6	1	0.666667	3	2	47.8136	50
14	6	1	0.666667	3	2	42.4882	51
14	7	1	0.666667	3	2	51.8769	52
14	8	1	0.666667	3	2	62.9367	53
14	8	1	0.666667	3	2	59.38	54
15	8	1	0.666667	3	2	64.6252	55
15	8	1	0.666667	3	2	60.9232	56
15	8	1	0.666667	3	2	68.8608	57
15	8	1	0.333333	3	1	72.3484	58
15	8	1	0.333333	3	1	58.3809	59
15	9	1	0.333333	3	1	70.4588	60
15	9	1	0.333333	3	1	70.3799	61
15	9	1	0.333333	3	1	74.9377	62
16	9	1	0.333333	3	1	70.094	63
16	9	1	0.333333	3	1	78.491	64
16	9	1	0.333333	3	1	77.1874	65
16	9	1	0.333333	3	1	76.4501	66
16	9	1	0.333333	3	1	80.6858	67
16	10	1	0.333333	3	1	78.4089	68
17	10	1	0.333333	3	1	76.7186	69
17	10	1	0.333333	3	1	88.5828	70
17	10	0.666667	0.333333	2	1	87.2621	71
18	10	0.666667	0.333333	2	1	81.2447	72
18	10	0.333333	0.333333	1	1	88.4661	73
18	10	0.333333	0.333333	1	1	91.1714	74
18	10	0.333333	0	1	0	88.6616	75
18	11	0.333333	0	1	0	88.0785	76
18	11	0	0	0	0	93.948	77
18	11	0	0	0	0	95.8453	78
18	11	0	0	0	0	91.9455	79
18	11	0	0	0	0	94.5646	80
18	11	0	0	0	0	91.2103	81
18	11	0	0	0	0	95.278	82
19	11	0.5	0	1	0	97.5528	83
19	11	0.5	0	1	0	96.7691	84
20	11	0.5	0	1	0	88.7692	85
20	11	0.5	0	1	0	96.7798	86
21	11	0.5	0	1	0	94.6711	87
21	11	0.5	0	1	0	98.5129	88
21	11	0.5	0	1	0	102.587	89
21	10	1	0	2	0	106.169	90
21	10	1	0.5	2	1	97.6193	91
21	10	1	0.5	2	1	95.2994	92
21	10	1	0.5	2	1	99.7116	93
21	10	1	0.5	2	1	92.424	94
21	10	1	0.5	2	1	95.1739	95
21	10	1	0.5	2	1	93.5647	96
21	10	1	0.5	2	1	89.1935	97
21	10	1	0.5	2	1	95.6565	98
21	9	1	0.5	2	1	96.5074	99
22	9	1	0.5	2	1	102.027	100
22	9	1	0.5	2	1	99.5986	101
22	9	1	0.5	2	1	84.5998	102
23	9	1	0.5	2	1	104.001	103
23	9	1	0.5	2	1	95.8303	104
23	9	1	0.5	2	1	102.676	105
23	9	1	0.5	2	1	96.2851	106
23	9	1	0.5	2	1	99.0681	107
23	9	1	0.5	2	1	100.231	108
23	9	1	0.5	2	1	106.597	109
23	10	1	0.5	2	1	100.215	110
23	10	1	0.5	2	1	102.846	111
23	9	1	0.5	2	1	95.8724	112
24	9	1	0.5	2	1	104.914	113
24	9	1	0.5	2	1	103.69	114
24	9	1	0.5	2	1	106.546	115
24	9	1	0.5	2	1	111.24	116
24	9	1	0.5	2	1	102.23	117
24	9	1	0.5	2	1	105.843	118
24	10	1	0.5	2	1	114.562	119
24	10	1	0.5	2	1	117.128	120
24	10	1	0.5	2	1	107.703	121
25	10	1	0.5	2	1	119.259	122
25	10	1	0.5	2	1	88.5946	123
25	10	1	0.5	2	1	101.92	124
25	10	1	0.5	2	1	114.983	125
26	10	0.5	0.5	1	1	116.649	126
26	10	0.5	0.5	1	1	114.258	127
25	10	0.5	0.5	1	1	108.555	128
25	10	0.5	0.5	1	1	113.203	129
24	10	0.5	0	1	0	105.948	130
24	11	0.5	0	1	0	112.532	131
24	11	0.5	0	1	0	109.695	132
24	11	0.5	0	1	0	118.294	133
24	11	0.5	0	1	0	84.8183	134
25	13	0.5	0	1	0	105.746	135
27	12	0.5	0	1	0	119.849	136
27	10	0.5	0	1	0	128.014	137
27	10	0.5	0	1	0	123.286	138
28	10	0.5	0	1	0	118.142	139
27	10	0.5	0	1	0	118.412	140
27	10	0.5	0	1	0	121.788	141
25	10	0	0	0	0	123.605	142
25	10	0	0	0	0	119.606	143
24	9	0	0	0	0	110.438	144
24	9	0	0	0	0	116.729	145
24	9	0	0	0	0	113.995	146
25	10	0	0	0	0	113.191	147
27	10	0	0	0	0	121.438	148
28	12	0	0	0	0	130.624	149
28	12	0	0	0	0	150.199	150
28	12	0	0	0	0	130.654	151
28	12	0	0	0	0	122.795	152
28	12	0	0	0	0	131.023	153
28	12	0	0	0	0	127.05	154
29	12	0	0	0	0	124.488	155
28	12	0	0	0	0	123.457	156
26	13	0	0	0	0	129.135	157
25	13	0	0	0	0	124.583	158
25	13	0	0	0	0	128.578	159
25	14	0	0	0	0	138.738	160
25	14	0	0	0	0	133.751	161
25	14	0	0	0	0	137.533	162
25	13	0	0	0	0	129.393	163
25	13	0	0	0	0	136.116	164
25	13	0	0	0	0	138.228	165
26	13	0	0	0	0	132.874	166
26	13	0	0	0	0	130.483	167
26	13	0	0	0	0	138.608	168
26	13	0	0	0	0	138.383	169
26	13	0	0	0	0	134.027	170
26	14	0	0	0	0	135.322	171
26	16	0	0	0	0	135.436	172
26	16	0	0	0	0	137.119	173
26	16	0	0	0	0	133.785	174
26	16	0	0	0	0	131.962	175
26	16	0	0	0	0	135.372	176
27	16	0	0	0	0	136.452	177
27	16	0	0	0	0	136.909	178
27	15	0	0	0	0	142.727	179
28	15	0	0	0	0	138.549	180
28	16	0	0	0	0	137.352	181
28	16	0	0	0	0	141.939	182
27	16	0	0	0	0	138.567	183
26	16	0	0	0	0	142.204	184
25	16	0	0	0	0	135.279	185
26	16	0	0	0	0	137.683	186
26	16	0	0	0	0	115.045	187
26	16	0	0	0	0	135.726	188
25	15	0	0	0	0	126.589	189
24	15	0	0	0	0	117.607	190
24	17	0	0	0	0	119.22	191
24	18	0	0	0	0	117.518	192
24	18	0	0	0	0	115.251	193
24	18	0	0	0	0	116.915	194
21	18	0	0	0	0	114.68	195
20	16	0	0	0	0	111.915	196
19	16	0	0	0	0	123.035	197
19	16	0	0	0	0	127.669	198
19	16	0	0	0	0	120.917	199
18	16	0	0	0	0	117.562	200
18	16	0	0	0	0	118.12	201
18	16	0	0	0	0	116.069	202
18	16	0	0	0	0	120.459	203
18	17	0	0	0	0	119.711	204
19	17	0	0	0	0	119.415	205
19	17	0	0	0	0	113.695	206
19	17	0	0	0	0	113.808	207
20	18	0	0	0	0	117.419	208
20	18	0	0	0	0	124.269	209
20	18	0	0	0	0	127.969	210
20	18	0	0	0	0	129.911	211
20	18	0	0	0	0	134.532	212
19	18	0	0	0	0	128.29	213
19	18	0	0	0	0	134.269	214
19	18	0	0	0	0	125.707	215
20	18	0	0	0	0	113.07	216
20	18	0	0	0	0	118.754	217
20	17	0	0	0	0	123.109	218
20	17	0	0	0	0	112.342	219
19	17	0	0	0	0	124.026	220
19	17	0	0	0	0	126.766	221
19	17	0	0	0	0	123.537	222
19	17	0	0	0	0	125.146	223
19	19	0	0	0	0	130.844	224
19	19	0	0	0	0	127.89	225
20	19	0	0	0	0	132.449	226
20	19	0	0	0	0	120.043	227
21	19	0	0	0	0	133.656	228
22	19	0	0	0	0	133.011	229
22	20	0	0	0	0	132.253	230
21	20	0	0	0	0	130.16	231
21	20	0	0	0	0	119.197	232
20	20	0	0	0	0	133.035	233
21	19	0	0	0	0	135.952	234
20	19	0	0	0	0	128.17	235
21	19	0	0	0	0	126.729	236
21	19	0	0	0	0	133.297	237
21	19	0	0	0	0	138.554	238
21	20	0	0	0	0	141.052	239
21	20	0	0	0	0	137.931	240
21	21	0	0	0	0	143.632	241
21	21	0	0	0	0	145.94	242
21	21	0	0	0	0	144.081	243
21	21	0	0	0	0	142.001	244
21	21	0	0	0	0	139.987	245
21	21	0	0	0	0	146.195	246
22	21	0	0	0	0	144.075	247
21	20	0	0	0	0	148.281	248
22	20	0	0	0	0	127.157	249
21	20	0	0	0	0	136.35	250
21	20	0	0	0	0	134.309	251
21	19	0	0	0	0	136.324	252
21	19	0	0	0	0	132.955	253
21	19	0	0	0	0	132.142	254
21	19	0	0	0	0	129.741	255
21	19	0	0	0	0	130.907	256
21	19	0	0	0	0	131.878	257
21	19	0	0	0	0	130.508	258
21	19	0	0	0	0	134.839	259
21	18	0	0	0	0	135.191	260
21	18	0	0	0	0	138.117	261
21	18	0	0	0	0	129.696	262
20	17	0	0	0	0	133.57	263
20	17	0	0	0	0	133.084	264
20	17	0	0	0	0	127.035	265
20	17	0	0	0	0	135.702	266
20	17	0	0	0	0	124.516	267
20	16	0	0	0	0	129.695	268
21	16	0	0	0	0	119.64	269
21	16	0	0	0	0	131.768	270
21	15	0	0	0	0	119.585	271
21	15	0	0	0	0	120.537	272
21	14	0	0	0	0	107.307	273
21	15	0	0	0	0	121.385	274
20	15	0	0	0	0	125.958	275
22	15	0	0	0	0	126.715	276
23	15	0	0	0	0	129.69	277
23	15	0	0	0	0	133.73	278
23	15	0	0	0	0	129.014	279
23	15	0	0	0	0	130.297	280
23	15	0	0	0	0	128.472	281
23	15	0	0	0	0	130.691	282
23	15	0	0	0	0	129.89	283
22	15	0	0	0	0	125.133	284
21	14	0	0	0	0	119.522	285
21	14	0	0	0	0	122.834	286
21	14	0	0	0	0	123.116	287
21	14	0	0	0	0	119.438	288
21	15	0	0	0	0	117.455	289
22	15	0	0	0	0	118.507	290
21	15	0	0	0	0	126.29	291
21	15	0	0	0	0	115.978	292
21	16	0	0	0	0	122.553	293
21	14	0	0	0	0	120.396	294
21	14	0	0	0	0	109.888	295
21	14	0	0	0	0	112.84	296
21	12	0	0	0	0	115.535	297
21	12	0	0	0	0	119.236	298
21	12	0	0	0	0	114.744	299
21	12	0	0	0	0	119.21	300
21	12	0	0	0	0	115.708	301
21	12	0	0	0	0	108.048	302
21	12	0	0	0	0	108.529	303
21	12	0	0	0	0	118.967	304
21	12	0	0	0	0	122.533	305
21	12	0	0	0	0	115.944	306
21	13	0	0	0	0	119.343	307
21	13	0	0	0	0	114.228	308
21	13	0	0	0	0	118.92	309
21	13	0	0	0	0	119.162	310
20	13	0	0	0	0	119.532	311
20	13	0	0	0	0	110.747	312
19	13	0	0	0	0	107.469	313
19	13	0	0	0	0	101.415	314
19	12	0	0	0	0	98.8861	315
17	12	0	0	0	0	97.4678	316
17	12	0	0	0	0	97.4348	317
17	12	0	0	0	0	79.4644	318
16	13	0	0	0	0	94.5666	319
16	13	0	0	0	0	90.7361	320
15	13	0	0	0	0	91.3127	321
15	12	0	0	0	0	91.2262	322
15	12	0	0	0	0	88.091	323
15	12	0	0	0	0	91.3921	324
15	12	0	0	0	0	92.563	325
15	12	0	0	0	0	87.9149	326
15	13	0	0	0	0	88.9538	327
15	13	0	0	0	0	92.6293	328
15	13	0	0	0	0	91.5305	329
15	13	0	0	0	0	87.7504	330
16	12	0	0	0	0	85.5217	331
16	12	0	0	0	0	92.4924	332
16	12	0	0	0	0	91.3686	333
16	12	0	0	0	0	87.8254	334
17	12	0	0	0	0	87.3704	335
17	12	0	0	0	0	86.9175	336
17	12	0	0	0	0	88.6037	337
17	12	0	0	0	0	86.6266	338
17	13	0	0	0	0	96.3226	339
17	12	0	0	0	0	97.4854	340
16	11	0	0	0	0	92.8666	341
16	11	0	0	0	0	99.1211	342
16	11	0	0	0	0	91.1941	343
16	11	0	0	0	0	91.4131	344
16	10	0	0	0	0	92.5762	345
16	10	0	0	0	0	91.6277	346
16	10	0	0	0	0	89.4281	347
17	10	0	0	0	0	91.927	348
18	10	0	0	0	0	95.3194	349
18	10	0	0	0	0	95.9262	350
18	11	0	0	0	0	89.0037	351
18	11	0	0	0	0	107.901	352
18	11	0	0	0	0	100.507	353
18	11	0	0	0	0	100.31	354
17	11	0	0	0	0	100.161	355
17	11	0	0	0	0	97.4239	356
17	11	0	0	0	0	94.5069	357
16	11	0	0	0	0	98.1513	358
17	11	0	0	0	0	99.2157	359
18	11	0	0	0	0	93.7342	360
18	11	0	0	0	0	89.1916	361
18	11	0	0	0	0	90.6176	362
18	12	0	0	0	0	96.3649	363
18	12	0	0	0	0	92.0944	364
18	12	0	0	0	0	99.9207	365
18	14	0	0	0	0	106.012	366
18	14	0	0	0	0	99.0323	367
18	14	0	0	0	0	104.416	368
17	14	0	0	0	0	105.417	369
17	14	0	0	0	0	103.91	370
17	13	0	0	0	0	103.806	371
17	12	0	0	0	0	105.085	372
17	12	0	0	0	0	103.733	373
17	12	0	0	0	0	101.631	374
17	12	0	0	0	0	102.821	375
17	12	0	0	0	0	99.1502	376
17	12	0	0	0	0	96.9117	377
16	12	0	0	0	0	91.8331	378
16	12	0	0	0	0	100.208	379
16	12	0	0	0	0	92.1408	380
16	12	0	0	0	0	94.2814	381
16	12	0	0	0	0	96.4684	382
16	14	0	0	0	0	93.9129	383
14	14	0	0	0	0	95.809	384
14	14	0	0	0	0	90.97	385
14	14	0	0	0	0	99.9421	386
14	14	0	0	0	0	92.5471	387
14	14	0	0	0	0	95.8896	388
14	13	0	0	0	0	96.0483	389
14	13	0	0	0	0	96.1808	390
14	13	0	0	0	0	96.0134	391
14	13	0	0	0	0	96.4711	392
14	13	0	0	0	0	92.9776	393
14	13	0	0	0	0	96.1835	394
15	13	0	0	0	0	78.6606	395
15	13	0	0	0	0	90.2951	396
14	13	0	0	0	0	87.0362	397
15	12	0	0	0	0	92.0851	398
15	12	0	0	0	0	77.0336	399
15	12	0	0	0	0	91.0531	400
15	12	0	0	0	0	96.7274	401
15	12	0	0	0	0	93.0526	402
15	12	0	0	0	0	86.3789	403
15	11	0	0	0	0	87.6442	404
15	11	0	0	0	0	82.9665	405
16	12	0	0	0	0	86.0447	406
15	12	0	0	0	0	89.4806	407
15	12	0	0	0	0	88.3307	408
16	13	0	0	0	0	91.0198	409
16	13	0	0	0	0	104.141	410
16	13	0	0	0	0	99.6816	411
16	13	0	0	0	0	103.032	412
16	13	0	0	0	0	101.132	413
16	13	0	0	0	0	98.9316	414
16	13	0	0	0	0	98.076	415
16	15	0	0	0	0	101.633	416
16	15	0	0	0	0	106.143	417
16	18	0	0	0	0	107.209	418
15	18	0	0	0	0	110.295	419
15	18	0	0	0	0	114.272	420
15	18	0	0	0	0	114.422	421
15	18	0	0	0	0	111.016	422
15	18	0	0	0	0	107.29	423
15	18	0	0	0	0	111.897	424
15	18	0	0	0	0	97.2486	425
13	18	0	0	0	0	99.7163	426
10	18	0	0	0	0	78.8643	427
10	17	0	0	0	0	99.4388	428
10	17	0	0	0	0	95.5146	429
10	17	0	0	0	0	84.6271	430
10	17	0	0	0	0	86.964	431
9	17	0	0	0	0	93.1607	432
9	17	0	0	0	0	90.2286	433
9	18	0	0	0	0	96.2192	434
9	18	0	0	0	0	92.5184	435
9	18	0	0	0	0	89.4335	436
9	18	0	0	0	0	89.7758	437
9	18	0	0	0	0	96.5379	438
9	18	0	0	0	0	92.0247	439
9	18	0	0	0	0	83.146	440
9	18	0	0	0	0	90.3776	441
10	18	0	0	0	0	95.1504	442
10	18	0	0	0	0	95.4927	443
10	18	0	0	0	0	96.3304	444
10	18	0	0	0	0	96.6017	445
10	18	0	0	0	0	96.7234	446
10	18	0	0	0	0	95.5271	447
10	18	0	0	0	0	90.5665	448
11	19	0	0	0	0	92.473	449
11	19	0	0	0	0	95.5197	450
11	19	0	0	0	0	97.262	451
11	19	0	0	0	0	96.5302	452
11	19	0	0	0	0	103.098	453
11	19	0	0	0	0	103.378	454
12	19	0	0	0	0	101.93	455
12	20	0	0	0	0	82.6277	456
14	19	0	0	0	0	116.091	457
14	19	0	0	0	0	113.425	458
14	19	0	0	0	0	114.842	459
14	18	0	0	0	0	112.081	460
14	19	0	0	0	0	106.145	461
14	19	0	0	0	0	104.561	462
14	19	0	0	0	0	119.573	463
14	19	0	0	0	0	117.559	464
14	19	0	0	0	0	113.109	465
14	19	0	0	0	0	99.6964	466
15	19	0	0	0	0	116.041	467
15	19	0	0	0	0	103.688	468
16	21	0	0	0	0	105.874	469
16	21	0	0	0	0	109.822	470
15	21	0	0	0	0	113.399	471
15	25	0	0	0	0	127.563	472
15	24	0	0	0	0	135.479	473
15	24	0	0	0	0	137.634	474
15	25	0	0	0	0	138.434	475
14	27	0	0	0	0	128.524	476
14	27	0	0	0	0	133.881	477
15	28	0	0	0	0	133.504	478
16	28	0	0	0	0	142.166	479
16	28	0	0	0	0	148.229	480
14	28	0	0	0	0	150.298	481
14	29	0	0	0	0	154.073	482
14	28	0	0	0	0	149.433	483
14	28	0	0	0	0	151.521	484
14	29	0	0	0	0	148.18	485
14	29	0	0	0	0	151.141	486
14	29	0	0	0	0	129.289	487
14	28	0	0	0	0	148.925	488
15	27	0	0	0	0	139.188	489
15	28	0	0	0	0	157.974	490
15	28	0	0	0	0	151.743	491
15	28	0	0	0	0	143.023	492
15	28	0	0	0	0	148.866	493
15	28	0	0	0	0	154.318	494
15	28	0	0	0	0	147.182	495
15	28	0	0	0	0	148.262	496
15	28	0	0	0	0	153.545	497
15	28	0	0	0	0	146.359	498
14	28	0	0	0	0	152.644	499
14	28	0	0	0	0	152.413	500
14	27	0	0	0	0	140.725	501
14	27	0	0	0	0	139.148	502
14	27	0	0	0	0	140.571	503
14	27	0	0	0	0	143.307	504
14	27	0	0	0	0	138.316	505
14	27	0	0	0	0	143.25	506
14	31	0	0	0	0	144.833	507
14	33	0	0	0	0	148.487	508
14	34	0	0	0	0	172.798	509
15	34	0	0	0	0	162.699	510
14	33	0	0	0	0	166.809	511
14	33	0	0	0	0	166.267	512
14	33	0	0	0	0	170.62	513
14	35	0	0	0	0	171.29	514
14	37	0	0	0	0	176.974	515
15	37	0	0	0	0	153.498	516
16	37	0	0	0	0	176.735	517
14	37	0	0	0	0	174.798	518
14	37	0	0	0	0	181.519	519
14	37	0	0	0	0	172.354	520
14	37	0	0	0	0	187.489	521
14	43	0	0	0	0	186.976	522
13	43	0	0	0	0	202.101	523
14	43	0	0	0	0	199.015	524
14	43	0	0	0	0	198.481	525
14	43	0	0	0	0	187.92	526
14	45	0	0	0	0	187.492	527
15	46	0	0	0	0	190.498	528
14	46	0	0	0	0	200.318	529
13	46	0	0	0	0	182.913	530
13	45	0	0	0	0	195.932	531
13	46	0	0	0	0	195.357	532
13	45	0	0	0	0	189.584	533
13	45	0	0	0	0	201.593	534
13	45	0	0	0	0	197.837	535
13	45	0	0	0	0	213.176	536
13	45	0	0	0	0	208.197	537
13	46	0	0	0	0	210.069	538
13	46	0	0	0	0	217.175	539
13	46	0	0	0	0	217.59	540
13	47	0	0	0	0	214.244	541
13	47	0	0	0	0	223.258	542
13	47	0	0	0	0	204.694	543
13	47	0	0	0	0	212.772	544
13	47	0	0	0	0	216.233	545
13	47	0	0	0	0	227.689	546
15	47	0	0	0	0	208.09	547
15	46	0	0	0	0	201.209	548
16	45	0	0	0	0	211.414	549
17	43	0	0	0	0	203.9	550
17	44	0	0	0	0	212.407	551
19	44	0	0	0	0	221.023	552
19	44	0	0	0	0	211.987	553
19	43	0	0	0	0	219.426	554
19	41	0	0	0	0	216.724	555
19	41	0	0	0	0	228.835	556
19	41	0	0	0	0	205.252	557
19	41	0	0	0	0	202.689	558
17	41	0	0	0	0	185.398	559
20	41	0	0	0	0	207.551	560
20	41	0	0	0	0	219.056	561
20	41	0	0	0	0	207.476	562
22	41	0	0	0	0	216.804	563
22	41	0	0	0	0	215.025	564
23	41	0	0	0	0	212.272	565
23	41	0	0	0	0	218.491	566
24	41	0	0	0	0	239.99	567
25	41	0	0	0	0	215.715	568
25	39	0	0	0	0	212.946	569
27	38	0	0	0	0	222.702	570
27	38	0	0	0	0	243.895	571
27	38	0	0	0	0	214.69	572
27	38	0	0	0	0	226.223	573
26	38	0	0	0	0	223.179	574
30	37	0	0	0	0	217.77	575
30	37	0	0	0	0	225.387	576
29	37	0	0	0	0	209.742	577
30	38	0	0	0	0	220.039	578
30	38	0	0	0	0	234.243	579
31	38	0	0	0	0	234.775	580
31	38	0	0	0	0	236.073	581
31	38	0	0	0	0	242.068	582
31	38	0	0	0	0	248.675	583
31	38	0	0	0	0	232.109	584
30	38	0	0	0	0	242.459	585
30	38	0	0	0	0	223.478	586
31	40	0	0	0	0	243.018	587
31	40	0	0	0	0	247.327	588
32	40	0	0	0	0	254.684	589
32	40	0	0	0	0	254.473	590
32	40	0	0	0	0	249.837	591
32	40	0	0	0	0	262.052	592
32	40	0	0	0	0	237.35	593
32	39	0	0	0	0	250.495	594
33	39	0	0	0	0	241.818	595
31	39	0	0	0	0	234.986	596
31	38	0	0	0	0	238.74	597
31	40	0	0	0	0	239.353	598
31	40	0	0	0	0	247.767	599
31	40	0	0	0	0	246.074	600
31	39	0	0	0	0	232.503	601
31	38	0	0	0	0	239.382	602
31	38	0	0	0	0	239.787	603
31	38	0	0	0	0	237.093	604
32	38	0	0	0	0	244.091	605
32	38	0	0	0	0	246.485	606
32	37	0	0	0	0	241.683	607
32	37	0	0	0	0	224.129	608
32	37	0	0	0	0	244.632	609
32	37	0	0	0	0	249.571	610
32	37	0	0	0	0	223.907	611
32	37	0	0	0	0	235.735	612
31	37	0	0	0	0	239.448	613
31	38	0	0	0	0	238.327	614
31	36	0	0	0	0	220.134	615
31	36	0	0	0	0	228.106	616
32	36	0	0	0	0	232.078	617
31	37	0	0	0	0	218.809	618
31	35	0	0	0	0	239.748	619
31	35	0	0	0	0	226.946	620
31	35	0	0	0	0	221.918	621
31	32	0	0	0	0	190.884	622
29	32	0	0	0	0	217.262	623
29	33	0	0	0	0	196.065	624
31	33	0	0	0	0	197.528	625
31	32	0	0	0	0	187.668	626
30	32	0	0	0	0	198.583	627
29	32	0	0	0	0	195.48	628
29	32	0	0	0	0	197.526	629
28	31	0	0	0	0	198.756	630
28	30	0	0	0	0	214.761	631
28	30	0	0	0	0	206.155	632
28	30	0	0	0	0	195.943	633
28	30	0	0	0	0	202.254	634
28	29	0	0	0	0	192.052	635
28	29	0	0	0	0	212.182	636
28	29	0	0	0	0	195.87	637
28	29	0	0	0	0	196.204	638
28	29	0	0	0	0	207.207	639
29	29	0	0	0	0	197.126	640
29	29	0	0	0	0	199.955	641
30	29	0	0	0	0	204.045	642
30	29	0	0	0	0	208.044	643
30	29	0	0	0	0	197.871	644
30	27	0	0	0	0	192.275	645
30	27	0	0	0	0	181.466	646
30	27	0	0	0	0	206.534	647
30	26	0	0	0	0	184.656	648
30	26	0	0	0	0	180.622	649
30	26	0	0	0	0	189.16	650
30	26	0	0	0	0	202.217	651
30	26	0	0	0	0	190.886	652
30	26	0	0	0	0	197.089	653
30	27	0	0	0	0	182.301	654
30	27	0	0	0	0	193.391	655
31	27	0	0	0	0	196.731	656
31	25	0	0	0	0	190.66	657
31	24	0	0	0	0	196.588	658
32	24	0	0	0	0	194.424	659
32	25	0	0	0	0	188.259	660
32	26	0	0	0	0	187.066	661
32	26	0	0	0	0	186.193	662
32	26	0	0	0	0	168.847	663
33	24	0	0	0	0	187.195	664
33	22	0	0	0	0	199.772	665
33	22	0	0	0	0	190.385	666
33	20	0	0	0	0	192.21	667
34	20	0	0	0	0	183.311	668
34	20	0	0	0	0	192.883	669
34	22	0	0	0	0	194.509	670
34	22	0	0	0	0	186.975	671
35	20	0	0	0	0	191.844	672
35	20	0	0	0	0	195.892	673
35	20	0	0	0	0	196.085	674
35	20	0	0	0	0	190.178	675
35	20	0	0	0	0	191.604	676
35	18	0	0	0	0	177.94	677
35	17	0	0	0	0	188.349	678
35	17	0	0	0	0	197.968	679
35	17	0	0	0	0	182.365	680
35	17	0	0	0	0	180.927	681
35	16	0	0	0	0	181.14	682
35	16	0	0	0	0	182.005	683
36	16	0	0	0	0	176.724	684
36	16	0	0	0	0	184.292	685
35	15	0	0	0	0	183.03	686
34	15	0	0	0	0	162.999	687
34	16	0	0	0	0	173.462	688
34	16	0	0	0	0	167.06	689
33	16	0	0	0	0	155.148	690
33	16	0	0	0	0	160.099	691
33	16	0	0	0	0	174.227	692
33	16	0	0	0	0	169.396	693
33	15	0	0	0	0	167.018	694
33	15	0	0	0	0	168.892	695
33	15	0	0	0	0	162.6	696
32	15	0	0	0	0	157.323	697
32	15	0	0	0	0	169.984	698
30	15	0	0	0	0	165.6	699
30	16	0	0	0	0	170.801	700
30	19	0	0	0	0	158.907	701
30	18	0	0	0	0	142.585	702
30	19	0	0	0	0	147.462	703
30	19	0	0	0	0	157.963	704
30	18	0	0	0	0	130.599	705
30	26	0	0	0	0	129.507	706
30	25	0	0	0	0	138.806	707
31	25	0	0	0	0	147.136	708
31	25	0	0	0	0	134.985	709
26	25	0	0	0	0	147.849	710
26	26	0	0	0	0	152.38	711
26	26	0	0	0	0	181.612	712
26	27	0	0	0	0	177.471	713
26	27	0	0	0	0	172.617	714
24	27	0	0	0	0	181.917	715
24	31	0	0	0	0	188.547	716
24	31	0	0	0	0	188.964	717
24	32	0	0	0	0	195.157	718
24	32	0	0	0	0	202.724	719
22	33	0	0	0	0	182.469	720
22	33	0	0	0	0	181.266	721
22	33	0	0	0	0	182.676	722
23	33	0	0	0	0	177.424	723
24	33	0	0	0	0	172.325	724
20	33	0	0	0	0	179.2	725
21	37	0	0	0	0	194.083	726
20	37	0	0	0	0	197.722	727
20	37	0	0	0	0	206.811	728
21	36	0	0	0	0	198.487	729
22	36	0	0	0	0	216.294	730
23	36	0	0	0	0	208.735	731
23	36	0	0	0	0	197.843	732
23	37	0	0	0	0	222.2	733
23	37	0	0	0	0	209.129	734
24	37	0	0	0	0	214.167	735
25	37	0	0	0	0	225.031	736
25	37	0	0	0	0	201.728	737
26	38	0	0	0	0	223.317	738
26	38	0	0	0	0	200.981	739
26	38	0	0	0	0	236.919	740
26	38	0	0	0	0	228.629	741
26	37	0	0	0	0	219.163	742
26	36	0	0	0	0	227.689	743
26	35	0	0	0	0	210.369	744
26	35	0	0	0	0	208.162	745
26	35	0	0	0	0	220.777	746
26	35	0	0	0	0	230.61	747
26	35	0	0	0	0	215.916	748
26	36	0	0	0	0	225.292	749
26	36	0	0	0	0	210.595	750
27	37	0	0	0	0	215.665	751
27	37	0	0	0	0	219.588	752
27	37	0	0	0	0	210.024	753
27	36	0	0	0	0	207.437	754
27	36	0	0	0	0	221.06	755
27	36	0	0	0	0	227.071	756
27	36	0	0	0	0	228.366	757
28	36	0	0	0	0	227.696	758
29	36	0	0	0	0	220.345	759
29	36	0	0	0	0	219.443	760
29	36	0	0	0	0	247.814	761
30	36	0	0	0	0	238.542	762
31	36	0	0	0	0	226.841	763
32	37	0	0	0	0	237.415	764
32	37	0	0	0	0	244.979	765
32	37	0	0	0	0	251.792	766
32	36	0	0	0	0	245.531	767
32	35	0	0	0	0	235.437	768
32	35	0	0	0	0	227.636	769
32	35	0	0	0	0	246.43	770
32	35	0	0	0	0	241.97	771
31	35	0	0	0	0	223.154	772
30	35	0	0	0	0	220.824	773
30	35	0	0	0	0	228.537	774
29	35	0	0	0	0	218.194	775
29	35	0	0	0	0	222.623	776
29	35	0	0	0	0	216.89	777
28	35	0	0	0	0	224.405	778
28	35	0	0	0	0	220.3	779
28	35	0	0	0	0	222.939	780
29	34	0	0	0	0	230.428	781
29	34	0	0	0	0	232.524	782
29	34	0	0	0	0	230.559	783
29	34	0	0	0	0	217.01	784
29	34	0	0	0	0	232.653	785
29	35	0	0	0	0	230.771	786
29	35	0	0	0	0	223.773	787
29	35	0	0	0	0	215.002	788
29	35	0	0	0	0	216.558	789
30	34	0	0	0	0	216.367	790
31	34	0	0	0	0	208.382	791
31	34	0	0	0	0	217.861	792
32	34	0	0	0	0	237.646	793
32	34	0	0	0	0	228.447	794
32	33	0	0	0	0	222.948	795
31	33	0	0	0	0	229.933	796
31	32	0	0	0	0	228.8	797
31	32	0	0	0	0	210.806	798
31	32	0	0	0	0	232.415	799
31	32	0	0	0	0	224.609	800
32	32	0	0	0	0	212.883	801
32	32	0	0	0	0	226.952	802
32	32	0	0	0	0	213.434	803
31	32	0	0	0	0	227.457	804
31	31	0	0	0	0	218.675	805
31	30	0	0	0	0	218.774	806
31	30	0	0	0	0	212.45	807
31	30	0	0	0	0	196.172	808
26	31	0	0	0	0	200.883	809
26	32	0	0	0	0	207.695	810
25	32	0	0	0	0	199.727	811
25	31	0	0	0	0	183.665	812
25	31	0	0	0	0	192.793	813
24	31	0	0	0	0	194.981	814
24	31	0	0	0	0	201.074	815
24	31	0	0	0	0	188.676	816
24	31	0	0	0	0	187.799	817
23	31	0	0	0	0	179.942	818
21	31	0	0	0	0	181.341	819
21	31	0	0	0	0	190.206	820
21	33	0	0	0	0	185.783	821
21	33	0	0	0	0	176.297	822
21	32	0	0	0	0	164.631	823
21	32	0	0	0	0	160.919	824
21	29	0	0	0	0	159.609	825
21	28	0	0	0	0	166.887	826
21	28	0	0	0	0	164.995	827
21	28	0	0	0	0	163.172	828
21	27	0	0	0	0	153.151	829
21	27	0	0	0	0	159.265	830
21	27	0	0	0	0	156.4	831
21	26	0	0	0	0	159.388	832
21	26	0	0	0	0	157.75	833
21	24	0	0	0	0	157.372	834
21	24	0	0	0	0	160.279	835
21	24	0	0	0	0	160.341	836
21	24	0	0	0	0	161.537	837
21	24	0	0	0	0	152.535	838
23	24	0	0	0	0	162.851	839
23	23	0	0	0	0	156.364	840
23	23	0	0	0	0	158.663	841
23	23	0	0	0	0	157.22	842
23	23	0	0	0	0	146.91	843
22	24	0	0	0	0	153.345	844
22	23	0	0	0	0	161.197	845
22	23	0	0	0	0	134.942	846
22	23	0	0	0	0	147.499	847
22	23	0	0	0	0	157.313	848
23	22	0	0	0	0	150.032	849
23	22	0	0	0	0	146.196	850
23	21	0	0	0	0	149.873	851
23	21	0	0	0	0	143.368	852
23	21	0	0	0	0	140.359	853
24	19	0	0	0	0	134.875	854
24	19	0	0	0	0	139.328	855
23	16	0	0	0	0	140.94	856
23	16	0	0	0	0	133.328	857
23	16	0	0	0	0	141.351	858
23	16	0	0	0	0	134.656	859
23	16	0	0	0	0	136.814	860
23	16	0	0	0	0	137.067	861
23	16	0	0	0	0	135.92	862
23	16	0	0	0	0	121.703	863
23	16	0	0	0	0	120.093	864
23	17	0	0	0	0	113.685	865
23	14	0	0	0	0	118.63	866
23	15	0	0	0	0	122.572	867
22	15	0	0	0	0	117.465	868
22	15	0	0	0	0	117.538	869
22	14	0	0	0	0	121.83	870
23	15	0	0	0	0	120.171	871
23	18	0	0	0	0	131.377	872
22	18	0	0	0	0	124.224	873
21	18	0	0	0	0	137.424	874
21	18	0	0	0	0	131.602	875
21	17	0	0	0	0	135.561	876
22	17	0	0	0	0	132.25	877
22	17	0	0	0	0	133.428	878
23	17	0	0	0	0	139.229	879
24	17	0	0	0	0	126.631	880
21	17	0	0	0	0	134.023	881
21	17	0	0	0	0	116.729	882
20	16	0	0	0	0	124.05	883
20	16	0	0	0	0	123.143	884
20	16	0	0	0	0	117.937	885
20	16	0	0	0	0	123.534	886
21	17	0	0	0	0	126.081	887
21	16	0	0	0	0	130.475	888
21	17	0	0	0	0	123.132	889
21	18	0	0	0	0	128.975	890
21	18	0	0	0	0	128.109	891
21	22	0	0	0	0	130.749	892
21	22	0	0	0	0	123.96	893
21	22	0	0	0	0	148.35	894
21	22	0	0	0	0	127.109	895
21	22	0	0	0	0	124.831	896
22	23	0	0	0	0	129.625	897
22	23	0	0	0	0	127.52	898
23	23	0	0	0	0	129.276	899
24	23	0	0	0	0	129.783	900
19	23	0	0	0	0	123.344	901
20	23	0	0	0	0	149.811	902
20	23	0	0	0	0	147.967	903
21	23	0	0	0	0	152.24	904
22	23	0	0	0	0	157.818	905
22	23	0	0	0	0	134.849	906
23	22	0	0	0	0	134.252	907
23	22	0	0	0	0	148.235	908
23	21	0	0	0	0	136.777	909
23	21	0	0	0	0	139.238	910
22	21	0	0	0	0	158.156	911
22	21	0	0	0	0	161.8	912
22	21	0	0	0	0	152.779	913
22	20	0	0	0	0	148.011	914
22	20	0	0	0	0	145.958	915
22	20	0	0	0	0	137.802	916
23	20	0	0	0	0	145.077	917
23	21	0	0	0	0	152.491	918
24	21	0	0	0	0	156.395	919
24	22	0	0	0	0	158.215	920
23	22	0	0	0	0	149.105	921
23	22	0	0	0	0	165.207	922
23	22	0	0	0	0	161.707	923
24	22	0	0	0	0	164.779	924
24	22	0	0	0	0	160.454	925
24	22	0	0	0	0	147.275	926
24	22	0	0	0	0	158.379	927
24	22	0	0	0	0	163.809	928
23	22	0	0	0	0	170.575	929
23	22	0	0	0	0	143.656	930
23	22	0	0	0	0	167.341	931
23	23	0	0	0	0	168.302	932
26	23	0	0	0	0	158.692	933
26	24	0	0	0	0	154.656	934
26	26	0	0	0	0	173.516	935
26	25	0	0	0	0	187.534	936
26	27	0	0	0	0	164.706	937
26	29	0	0	0	0	164.198	938
27	29	0	0	0	0	166.344	939
27	29	0	0	0	0	153.503	940
27	29	0	0	0	0	167.56	941
27	29	0	0	0	0	155.733	942
23	28	0	0	0	0	171.648	943
23	29	0	0	0	0	176.67	944
23	29	0	0	0	0	188.088	945
22	31	0	0	0	0	189.201	946
22	31	0	0	0	0	190.25	947
23	31	0	0	0	0	185.197	948
23	31	0	0	0	0	188.015	949
23	32	0	0	0	0	194.563	950
23	32	0	0	0	0	189.044	951
23	32	0	0	0	0	199.009	952
23	32	0	0	0	0	191.074	953
23	32	0	0	0	0	195.898	954
23	31	0	0	0	0	171.96	955
23	31	0	0	0	0	189.429	956
23	31	0	0	0	0	203.011	957
23	33	0	0	0	0	190.747	958
23	32	0	0	0	0	201.139	959
24	32	0	0	0	0	201.951	960
24	32	0	0	0	0	203.456	961
25	32	0	0	0	0	202.864	962
25	33	0	0	0	0	198.976	963
25	33	0	0	0	0	190.351	964
25	34	0	0	0	0	187.73	965
25	34	0	0	0	0	220.896	966
24	34	0	0	0	0	208.163	967
24	34	0	0	0	0	216.721	968
24	34	0	0	0	0	206.729	969
24	34	0	0	0	0	196.387	970
24	33	0	0	0	0	200.524	971
24	33	0	0	0	0	204.124	972
25	33	0	0	0	0	201.173	973
25	33	0	0	0	0	212.318	974
29	32	0	0	0	0	206.392	975
29	33	0	0	0	0	212.666	976
29	33	0	0	0	0	193.893	977
29	35	0	0	0	0	200.303	978
29	35	0	0	0	0	212.968	979
30	36	0	0	0	0	199.019	980
31	36	0	0	0	0	217.991	981
31	36	0	0	0	0	240.115	982
32	36	0	0	0	0	254.648	983
32	36	0	0	0	0	231.901	984
31	37	0	0	0	0	235.403	985
30	37	0	0	0	0	247.999	986
31	37	0	0	0	0	241.473	987
31	37	0	0	0	0	235.028	988
30	37	0	0	0	0	214.068	989
30	37	0	0	0	0	220.617	990
30	37	0	0	0	0	244.766	991
30	37	0	0	0	0	217.872	992
30	36	0	0	0	0	226.946	993
29	36	0	0	0	0	219.49	994
30	36	0	0	0	0	240.934	995
31	36	0	0	0	0	236.956	996
31	36	0	0	0	0	238.252	997
31	40	0	0	0	0	250.928	998
33	41	0	0	0	0	255.777	999
33	41	0	0	0	0	245.788	1000
33	40	0	0	0	0	260.671	1001
33	40	0	0	0	0	251.068	1002
33	40	0	0	0	0	252.931	1003
33	38	0	0	0	0	229.924	1004
33	40	0	0	0	0	243.194	1005
33	39	0	0	0	0	244.535	1006
33	38	0	0	0	0	249.011	1007
32	38	0	0	0	0	233.823	1008
32	38	0	0	0	0	240.672	1009
33	38	0	0	0	0	269.737	1010
33	38	0	0	0	0	237.687	1011
33	38	0	0	0	0	248.264	1012
33	39	0	0	0	0	248.07	1013
34	39	0	0	0	0	250.634	1014
34	38	0	0	0	0	260.848	1015
35	38	0	0	0	0	252.672	1016
35	37	0	0	0	0	258.395	1017
36	38	0	0	0	0	241.53	1018
36	37	0	0	0	0	250.53	1019
36	37	0	0	0	0	235.117	1020
35	36	0	0	0	0	248.263	1021
35	35	0	0	0	0	254.813	1022
35	36	0	0	0	0	247.921	1023
34	37	0	0	0	0	247.551	1024
34	36	0	0	0	0	249.638	1025
34	36	0	0	0	0	237.426	1026
35	36	0	0	0	0	226.213	1027
35	35	0	0	0	0	247.053	1028
35	35	0	0	0	0	250.055	1029
35	34	0	0	0	0	238.793	1030
36	34	0	0	0	0	253.056	1031
36	34	0	0	0	0	244.79	1032
34	35	0	0	0	0	230.152	1033
34	35	0	0	0	0	240.114	1034
34	36	0	0	0	0	238.695	1035
34	36	0	0	0	0	237.497	1036
34	36	0	0	0	0	241.567	1037
34	37	0	0	0	0	244.128	1038
33	37	0	0	0	0	239.897	1039
33	36	0	0	0	0	234.52	1040
33	36	0	0	0	0	241.076	1041
33	34	0	0	0	0	230.351	1042
33	34	0	0	0	0	255.772	1043
36	34	0	0	0	0	234.869	1044
36	35	0	0	0	0	236.029	1045
36	35	0	0	0	0	239.195	1046
36	35	0	0	0	0	235.372	1047
36	35	0	0	0	0	252.712	1048
36	35	0	0	0	0	258.985	1049
36	35	0	0	0	0	239.842	1050
34	35	0	0	0	0	230.308	1051
35	35	0	0	0	0	222.308	1052
35	36	0	0	0	0	242.36	1053
35	35	0	0	0	0	244.808	1054
35	35	0	0	0	0	249.159	1055
35	36	0	0	0	0	245.012	1056
35	36	0	0	0	0	242.05	1057
35	36	0	0	0	0	231.667	1058
35	36	0	0	0	0	251.098	1059
39	36	0	0	0	0	252.989	1060
39	36	0	0	0	0	247.09	1061
39	35	0	0	0	0	270.652	1062
40	35	0	0	0	0	267.635	1063
41	35	0	0	0	0	278.281	1064
41	36	0	0	0	0	282.08	1065
41	36	0	0	0	0	259.975	1066
40	36	0	0	0	0	255.272	1067
39	34	0	0	0	0	241.767	1068
38	34	0	0	0	0	236.023	1069
39	33	0	0	0	0	256.949	1070
39	33	0	0	0	0	257.138	1071
40	33	0	0	0	0	254.727	1072
41	33	0	0	0	0	248.588	1073
41	35	0	0	0	0	266.837	1074
41	35	0	0	0	0	270.008	1075
42	35	0	0	0	0	273.246	1076
41	35	0	0	0	0	261.895	1077
42	34	0	0	0	0	253.219	1078
42	34	0	0	0	0	268.078	1079
42	33	0	0	0	0	242.288	1080
43	33	0	0	0	0	231.972	1081
43	33	0	0	0	0	233.472	1082
37	33	0	0	0	0	232.075	1083
37	33	0	0	0	0	236.623	1084
37	32	0	0	0	0	247.65	1085
37	31	0	0	0	0	238.693	1086
37	32	0	0	0	0	225.511	1087
36	29	0	0	0	0	215.281	1088
36	29	0	0	0	0	231.218	1089
36	28	0	0	0	0	224.516	1090
36	28	0	0	0	0	219.867	1091
36	28	0	0	0	0	227.699	1092
36	27	0	0	0	0	212.233	1093
35	27	0	0	0	0	222.063	1094
34	27	0	0	0	0	212.95	1095
34	26	0	0	0	0	214.401	1096
34	26	0	0	0	0	221.823	1097
34	26	0	0	0	0	217.987	1098
34	26	0	0	0	0	204.464	1099
34	26	0	0	0	0	209.821	1100
35	26	0	0	0	0	211.274	1101
35	26	0	0	0	0	207.725	1102
35	26	0	0	0	0	199.342	1103
35	25	0	0	0	0	219.341	1104
36	25	0	0	0	0	213.408	1105
37	26	0	0	0	0	206.872	1106
37	26	0	0	0	0	209.983	1107
37	25	0	0	0	0	194.784	1108
37	25	0	0	0	0	216.634	1109
36	26	0	0	0	0	204.44	1110
36	26	0	0	0	0	212.673	1111
35	26	0	0	0	0	215.495	1112
35	25	0	0	0	0	205.822	1113
35	25	0	0	0	0	200.671	1114
34	25	0	0	0	0	211.946	1115
34	30	0	0	0	0	214.189	1116
34	30	0	0	0	0	207.393	1117
34	30	0	0	0	0	223.44	1118
34	30	0	0	0	0	210.107	1119
35	30	0	0	0	0	227.151	1120
35	30	0	0	0	0	223.917	1121
35	30	0	0	0	0	220.751	1122
36	30	0	0	0	0	235.105	1123
36	30	0	0	0	0	208.765	1124
27	30	0	0	0	0	207.222	1125
27	29	0	0	0	0	209.033	1126
27	29	0	0	0	0	190.529	1127
27	27	0	0	0	0	190.702	1128
27	26	0	0	0	0	177.995	1129
26	27	0	0	0	0	166.724	1130
26	26	0	0	0	0	178.005	1131
26	26	0	0	0	0	170.21	1132
27	26	0	0	0	0	171.378	1133
28	26	0	0	0	0	177.148	1134
28	26	0	0	0	0	179.741	1135
28	26	0	0	0	0	156.82	1136
29	25	0	0	0	0	180.029	1137
29	24	0	0	0	0	192.99	1138
29	24	0	0	0	0	180.331	1139
29	27	0	0	0	0	180.71	1140
29	28	0	0	0	0	186.53	1141
27	29	0	0	0	0	192.268	1142
27	29	0	0	0	0	198.856	1143
28	31	0	0	0	0	202.94	1144
28	32	0	0	0	0	213.756	1145
28	32	0	0	0	0	214.373	1146
28	32	0	0	0	0	188.3	1147
28	30	0	0	0	0	185.938	1148
25	28	0	0	0	0	189.987	1149
25	28	0	0	0	0	184.817	1150
25	27	0	0	0	0	176.804	1151
24	27	0	0	0	0	184.662	1152
24	27	0	0	0	0	178.151	1153
23	27	0	0	0	0	169.101	1154
23	26	0	0	0	0	181.788	1155
23	26	0	0	0	0	173.423	1156
23	26	0	0	0	0	164.73	1157
22	27	0	0	0	0	166.501	1158
22	27	0	0	0	0	153.116	1159
22	28	0	0	0	0	178.07	1160
22	28	0	0	0	0	181.152	1161
22	29	0	0	0	0	171.543	1162
22	29	0	0	0	0	165.797	1163
22	28	0	0	0	0	183.066	1164
22	28	0	0	0	0	185.892	1165
23	28	0	0	0	0	180.302	1166
23	28	0	0	0	0	185.091	1167
23	28	0	0	0	0	180.871	1168
23	28	0	0	0	0	183.034	1169
22	28	0	0	0	0	188.575	1170
22	30	0	0	0	0	188.023	1171
22	30	0	0	0	0	179.891	1172
22	29	0	0	0	0	175.03	1173
22	29	0	0	0	0	171.46	1174
21	28	0	0	0	0	171.179	1175
21	26	0	0	0	0	148.762	1176
22	26	0	0	0	0	174.302	1177
21	26	0	0	0	0	172.652	1178
21	26	0	0	0	0	165.628	1179
20	26	0	0	0	0	166.815	1180
20	25	0	0	0	0	157.016	1181
21	25	0	0	0	0	159.531	1182
21	24	0	0	0	0	166.31	1183
21	24	0	0	0	0	151.999	1184
21	25	0	0	0	0	157.563	1185
21	25	0	0	0	0	170.46	1186
20	25	0	0	0	0	155.206	1187
20	25	0	0	0	0	155.611	1188
21	25	0	0	0	0	164.458	1189
21	25	0	0	0	0	146.681	1190
21	25	0	0	0	0	172.658	1191
21	25	0	0	0	0	168.472	1192
21	25	0	0	0	0	158.146	1193
21	25	0	0	0	0	161.317	1194
22	26	0	0	0	0	157.804	1195
22	26	0	0	0	0	168.571	1196
24	26	0	0	0	0	176.161	1197
24	26	0	0	0	0	172.305	1198
25	26	0	0	0	0	169.297	1199
25	26	0	0	0	0	179.371	1200
25	26	0	0	0	0	183.177	1201
25	25	0	0	0	0	166.013	1202
24	26	0	0	0	0	180.994	1203
25	26	0	0	0	0	169.459	1204
25	26	0	0	0	0	162.034	1205
25	25	0	0	0	0	181.808	1206
25	25	0	0	0	0	160.841	1207
25	25	0	0	0	0	172.997	1208
27	25	0	0	0	0	178.152	1209
26	25	0	0	0	0	167.007	1210
26	25	0	0	0	0	174.142	1211
26	25	0	0	0	0	166.733	1212
25	26	0	0	0	0	168.916	1213
25	26	0	0	0	0	190.03	1214
27	26	0	0	0	0	174.273	1215
28	26	0	0	0	0	175.68	1216
28	26	0	0	0	0	183.218	1217
28	26	0	0	0	0	180.824	1218
28	26	0	0	0	0	196.075	1219
27	26	0	0	0	0	171.076	1220
28	26	0	0	0	0	168.654	1221
27	25	0	0	0	0	159.312	1222
24	25	0	0	0	0	161.593	1223
24	25	0	0	0	0	169.22	1224
26	25	0	0	0	0	164.191	1225
26	26	0	0	0	0	184.544	1226
27	26	0	0	0	0	182.454	1227
27	26	0	0	0	0	190.586	1228
28	27	0	0	0	0	182.678	1229
29	27	0	0	0	0	168.123	1230
28	27	0	0	0	0	187.913	1231
28	27	0	0	0	0	182.854	1232
29	27	0	0	0	0	181.762	1233
31	26	0	0	0	0	186.328	1234
31	27	0	0	0	0	192.939	1235
30	29	0	0	0	0	180.301	1236
30	26	0	0	0	0	179.379	1237
31	26	0	0	0	0	187.986	1238
32	26	0	0	0	0	182.776	1239
32	27	0	0	0	0	192.872	1240
32	27	0	0	0	0	175.308	1241
32	27	0	0	0	0	179.04	1242
31	27	0	0	0	0	196.034	1243
31	29	0	0	0	0	190.876	1244
31	29	0	0	0	0	203.289	1245
31	30	0	0	0	0	204.236	1246
31	30	0	0	0	0	210.043	1247
31	30	0	0	0	0	208.244	1248
31	30	0	0	0	0	204.482	1249
31	30	0	0	0	0	197.573	1250
30	29	0	0	0	0	202.631	1251
30	28	0	0	0	0	188.59	1252
29	27	0	0	0	0	174.899	1253
30	26	0	0	0	0	191.729	1254
29	25	0	0	0	0	179.324	1255
29	24	0	0	0	0	190.993	1256
28	24	0	0	0	0	176.607	1257
28	24	0	0	0	0	165.705	1258
29	23	0	0	0	0	168.643	1259
29	22	0	0	0	0	141.045	1260
29	22	0	0	0	0	165.384	1261
29	22	0	0	0	0	168.422	1262
29	22	0	0	0	0	154.372	1263
29	22	0	0	0	0	159	1264
28	22	0	0	0	0	174.566	1265
30	20	0	0	0	0	162.895	1266
31	20	0	0	0	0	177.254	1267
31	20	0	0	0	0	158.068	1268
35	19	0	0	0	0	148.149	1269
35	19	0	0	0	0	185.026	1270
35	19	0	0	0	0	191.028	1271
35	19	0	0	0	0	179.229	1272
35	19	0	0	0	0	178.64	1273
36	19	0	0	0	0	190.295	1274
36	19	0	0	0	0	192.204	1275
36	19	0	0	0	0	193.605	1276
37	19	0	0	0	0	175.447	1277
37	19	0	0	0	0	178.163	1278
37	19	0	0	0	0	190.478	1279
37	18	0	0	0	0	190.092	1280
37	18	0	0	0	0	193.037	1281
37	17	0	0	0	0	181.265	1282
37	17	0	0	0	0	182.223	1283
37	17	0	0	0	0	181.681	1284
37	17	0	0	0	0	180.632	1285
37	17	0	0	0	0	180.82	1286
37	17	0	0	0	0	179.006	1287
36	17	0	0	0	0	186.399	1288
36	17	0	0	0	0	171.483	1289
36	17	0	0	0	0	167.31	1290
36	17	0	0	0	0	193.128	1291
36	17	0	0	0	0	195.495	1292
36	17	0	0	0	0	188.947	1293
36	18	0	0	0	0	173.883	1294
36	19	0	0	0	0	205.485	1295
36	19	0	0	0	0	185.665	1296
36	19	0	0	0	0	194.222	1297
36	19	0	0	0	0	190.219	1298
36	19	0	0	0	0	196.655	1299
36	19	0	0	0	0	195.12	1300
36	19	0	0	0	0	202.516	1301
36	19	0	0	0	0	191.04	1302
35	19	0	0	0	0	189.061	1303
35	19	0	0	0	0	183.847	1304
35	19	0	0	0	0	187.399	1305
35	19	0	0	0	0	177.69	1306
35	19	0	0	0	0	184.712	1307
35	18	0	0	0	0	184.356	1308
35	18	0	0	0	0	187.527	1309
35	18	0	0	0	0	183.996	1310
35	17	0	0	0	0	166.722	1311
35	17	0	0	0	0	177.175	1312
35	17	0	0	0	0	186.769	1313
36	16	0	0	0	0	180.369	1314
35	16	0	0	0	0	168.768	1315
35	15	0	0	0	0	170.414	1316
32	14	0	0	0	0	143.941	1317
33	14	0	0	0	0	161.271	1318
33	15	0	0	0	0	160.677	1319
33	15	0	0	0	0	168.057	1320
33	15	0	0	0	0	160.279	1321
33	15	0	0	0	0	168.846	1322
34	15	0	0	0	0	166.563	1323
35	15	0	0	0	0	168.504	1324
35	15	0	0	0	0	183.243	1325
36	15	0	0	0	0	187.167	1326
35	15	0	0	0	0	170.871	1327
36	14	0	0	0	0	169.55	1328
36	13	0	0	0	0	155.435	1329
36	15	0	0	0	0	166.682	1330
36	15	0	0	0	0	171.577	1331
35	15	0	0	0	0	176.606	1332
35	15	0	0	0	0	182.595	1333
35	15	0	0	0	0	175.112	1334
36	16	0	0	0	0	178.005	1335
37	16	0	0	0	0	183.845	1336
37	16	0	0	0	0	177.759	1337
37	16	0	0	0	0	194.398	1338
37	16	0	0	0	0	193.858	1339
37	16	0	0	0	0	190.971	1340
38	16	0	0	0	0	189.381	1341
38	16	0	0	0	0	188.61	1342
39	16	0	0	0	0	196.239	1343
39	16	0	0	0	0	192.01	1344
39	16	0	0	0	0	201.324	1345
39	16	0	0	0	0	194.872	1346
40	15	0	0	0	0	191.246	1347
41	15	0	0	0	0	191.358	1348
40	16	0	0	0	0	191.741	1349
41	18	0	0	0	0	206.291	1350
41	18	0	0	0	0	212	1351
41	18	0	0	0	0	206.692	1352
41	18	0	0	0	0	199.16	1353
41	18	0	0	0	0	203.468	1354
41	18	0	0	0	0	207.603	1355
41	18	0	0	0	0	208.738	1356
41	18	0	0	0	0	200.594	1357
41	18	0	0	0	0	209.804	1358
39	18	0	0	0	0	210.996	1359
39	18	0	0	0	0	202.198	1360
39	18	0	0	0	0	208.488	1361
39	18	0	0	0	0	202.222	1362
39	17	0	0	0	0	198.232	1363
39	17	0	0	0	0	204.241	1364
39	15	0	0	0	0	192.8	1365
41	17	0	0	0	0	193.511	1366
41	18	0	0	0	0	182.824	1367
42	21	0	0	0	0	179.874	1368
42	21	0	0	0	0	178.722	1369
42	22	0	0	0	0	183.198	1370
42	22	0	0	0	0	182.662	1371
42	22	0	0	0	0	182.955	1372
42	22	0	0	0	0	182.943	1373
42	22	0	0	0	0	192.904	1374
38	22	0	0	0	0	189.403	1375
39	24	0	0	0	0	218.472	1376
37	24	0	0	0	0	185.727	1377
37	24	0	0	0	0	217.497	1378
36	24	0	0	0	0	203.831	1379
36	26	0	0	0	0	212.81	1380
36	26	0	0	0	0	229.414	1381
36	26	0	0	0	0	226.08	1382
37	26	0	0	0	0	202.254	1383
37	26	0	0	0	0	213.183	1384
36	27	0	0	0	0	208.344	1385
36	25	0	0	0	0	212.07	1386
36	26	0	0	0	0	225.652	1387
35	26	0	0	0	0	203.311	1388
33	26	0	0	0	0	206.658	1389
33	26	0	0	0	0	202.621	1390
33	26	0	0	0	0	206.872	1391
32	27	0	0	0	0	203.922	1392
32	27	0	0	0	0	202.302	1393
30	27	0	0	0	0	212.289	1394
29	27	0	0	0	0	198.151	1395
29	25	0	0	0	0	178.681	1396
30	25	0	0	0	0	203.704	1397
30	25	0	0	0	0	196.491	1398
31	26	0	0	0	0	209.164	1399
31	27	0	0	0	0	210.01	1400
31	27	0	0	0	0	210.944	1401
30	27	0	0	0	0	208.241	1402
30	27	0	0	0	0	200.218	1403
30	28	0	0	0	0	201.811	1404
30	28	0	0	0	0	210.543	1405
30	28	0	0	0	0	197.52	1406
30	29	0	0	0	0	195.095	1407
30	30	0	0	0	0	215.976	1408
28	30	0	0	0	0	209.75	1409
28	32	0	0	0	0	221.732	1410
29	32	0	0	0	0	200.719	1411
28	32	0	0	0	0	200.426	1412
28	32	0	0	0	0	166.857	1413
28	32	0	0	0	0	164.524	1414
29	33	0	0	0	0	181.521	1415
27	33	0	0	0	0	180.257	1416
25	33	0	0	0	0	177.76	1417
25	33	0	0	0	0	176.738	1418
19	33	0	0	0	0	157.638	1419
19	32	0	0	0	0	181.846	1420
19	32	0	0	0	0	160.468	1421
19	32	0	0	0	0	166.927	1422
19	32	0	0	0	0	161.634	1423
18	32	0	0	0	0	172.759	1424
18	31	0	0	0	0	165.619	1425
18	31	0	0	0	0	170.065	1426
18	31	0	0	0	0	172.542	1427
18	30	0	0	0	0	162.078	1428
18	30	0	0	0	0	172.499	1429
19	30	0	0	0	0	178.824	1430
19	30	0	0	0	0	173.6	1431
19	29	0	0	0	0	164.8	1432
19	29	0	0	0	0	171.442	1433
19	29	0	0	0	0	156.4	1434
19	29	0	0	0	0	168.145	1435
19	29	0	0	0	0	178.556	1436
18	29	0	0	0	0	163.853	1437
18	29	0	0	0	0	158.32	1438
18	29	0	0	0	0	148.269	1439
19	28	0	0	0	0	137.709	1440
19	28	0	0	0	0	174.876	1441
18	28	0	0	0	0	162.265	1442
18	28	0	0	0	0	157.898	1443
18	28	0	0	0	0	161.553	1444
18	27	0	0	0	0	167.801	1445
18	27	0	0	0	0	164.628	1446
18	27	0	0	0	0	154.772	1447
18	27	0	0	0	0	150.325	1448
18	26	0	0	0	0	161.156	1449
18	26	0	0	0	0	162.816	1450
19	26	0	0	0	0	141.504	1451
18	26	0	0	0	0	161.225	1452
18	26	0	0	0	0	157.784	1453
19	26	0	0	0	0	157.181	1454
19	25	0	0	0	0	144.878	1455
19	25	0	0	0	0	153.73	1456
21	25	0	0	0	0	155.289	1457
21	25	0	0	0	0	157.33	1458
22	24	0	0	0	0	159.827	1459
22	24	0	0	0	0	155.991	1460
22	23	0	0	0	0	141.425	1461
22	22	0	0	0	0	164.739	1462
22	22	0	0	0	0	148.368	1463
22	23	0	0	0	0	154.107	1464
22	23	0	0	0	0	162.914	1465
22	23	0	0	0	0	158.301	1466
23	22	0	0	0	0	160.288	1467
23	22	0	0	0	0	165.776	1468
23	23	0	0	0	0	155.403	1469
23	24	0	0	0	0	163.177	1470
23	24	0	0	0	0	174.235	1471
23	23	0	0	0	0	148.76	1472
25	23	0	0	0	0	156.412	1473
28	22	0	0	0	0	164.077	1474
28	22	0	0	0	0	184.853	1475
28	22	0	0	0	0	177.485	1476
28	24	0	0	0	0	182.12	1477
28	24	0	0	0	0	165.631	1478
28	24	0	0	0	0	168.981	1479
29	25	0	0	0	0	166.168	1480
29	25	0	0	0	0	174.379	1481
29	24	0	0	0	0	192.661	1482
29	24	0	0	0	0	167.124	1483
30	24	0	0	0	0	172.997	1484
30	23	0	0	0	0	188.139	1485
29	23	0	0	0	0	186.094	1486
29	23	0	0	0	0	186.884	1487
29	24	0	0	0	0	175.022	1488
27	24	0	0	0	0	162.923	1489
26	25	0	0	0	0	173.152	1490
26	25	0	0	0	0	165.251	1491
26	25	0	0	0	0	165.111	1492
26	26	0	0	0	0	175.482	1493
26	26	0	0	0	0	175.008	1494
26	26	0	0	0	0	181.115	1495
26	26	0	0	0	0	185.299	1496
25	26	0	0	0	0	172.97	1497
25	26	0	0	0	0	171.924	1498
25	24	0	0	0	0	174.884	1499
26	23	0	0	0	0	166.58	1500
26	23	0	0	0	0	169.144	1501
26	23	0	0	0	0	178.279	1502
26	23	0	0	0	0	171.027	1503
25	23	0	0	0	0	163.755	1504
25	22	0	0	0	0	165.251	1505
25	21	0	0	0	0	164.981	1506
25	20	0	0	0	0	166.209	1507
24	20	0	0	0	0	144.523	1508
24	21	0	0	0	0	148.726	1509
24	21	0	0	0	0	160.34	1510
24	22	0	0	0	0	161.73	1511
24	22	0	0	0	0	166.487	1512
24	22	0	0	0	0	163.283	1513
24	23	0	0	0	0	167.814	1514
24	23	0	0	0	0	161.59	1515
24	23	0	0	0	0	160.481	1516
25	23	0	0	0	0	154.8	1517
24	21	0	0	0	0	160.286	1518
24	21	0	0	0	0	150.009	1519
24	20	0	0	0	0	154.757	1520
24	20	0	0	0	0	155.291	1521
24	19	0	0	0	0	159.589	1522
23	19	0	0	0	0	151.561	1523
23	19	0	0	0	0	158.89	1524
23	19	0	0	0	0	142.893	1525
23	19	0	0	0	0	141.241	1526
22	23	0	0	0	0	155.371	1527
22	23	0	0	0	0	148.719	1528
22	23	0	0	0	0	160.046	1529
22	23	0	0	0	0	151.097	1530
23	23	0	0	0	0	150.903	1531
23	24	0	0	0	0	142.856	1532
22	24	0	0	0	0	144.96	1533
22	24	0	0	0	0	132.688	1534
21	23	0	0	0	0	149.03	1535
19	23	0	0	0	0	150.222	1536
18	23	0	0	0	0	138.755	1537
18	22	0	0	0	0	143.866	1538
18	22	0	0	0	0	139.959	1539
18	22	0	0	0	0	149.913	1540
18	23	0	0	0	0	144.059	1541
18	24	0	0	0	0	151.275	1542
18	23	0	0	0	0	146.709	1543
18	23	0	0	0	0	143.374	1544
18	23	0	0	0	0	140.641	1545
18	22	0	0	0	0	144.867	1546
18	23	0	0	0	0	143.578	1547
18	23	0	0	0	0	140.161	1548
18	23	0	0	0	0	142.169	1549
18	23	0	0	0	0	137.95	1550
17	23	0	0	0	0	141.48	1551
17	23	0	0	0	0	132.263	1552
17	23	0	0	0	0	141.309	1553
17	23	0	0	0	0	143.846	1554
17	23	0	0	0	0	142.145	1555
16	25	0	0	0	0	139.695	1556
16	25	0	0	0	0	136.567	1557
16	25	0	0	0	0	135.287	1558
16	26	0	0	0	0	141.8	1559
16	26	0	0	0	0	141.124	1560
16	26	0	0	0	0	136.327	1561
16	26	0	0	0	0	146.524	1562
17	29	0	0	0	0	152.717	1563
19	29	0	0	0	0	146.371	1564
21	29	0	0	0	0	174.939	1565
22	29	0	0	0	0	173.347	1566
22	30	0	0	0	0	182.089	1567
22	30	0	0	0	0	168.078	1568
21	30	0	0	0	0	179.58	1569
20	30	0	0	0	0	179.181	1570
20	30	0	0	0	0	190.608	1571
20	30	0	0	0	0	180.356	1572
20	30	0	0	0	0	186.105	1573
21	30	0	0	0	0	170.192	1574
22	29	0	0	0	0	167.481	1575
22	29	0	0	0	0	173.317	1576
22	29	0	0	0	0	166.277	1577
23	29	0	0	0	0	178.652	1578
23	29	0	0	0	0	154.595	1579
23	28	0	0	0	0	165.676	1580
23	28	0	0	0	0	173.241	1581
23	28	0	0	0	0	179.232	1582
24	28	0	0	0	0	187.442	1583
25	28	0	0	0	0	175.211	1584
25	28	0	0	0	0	186.79	1585
25	28	0	0	0	0	172.612	1586
26	28	0	0	0	0	187.722	1587
26	27	0	0	0	0	201.316	1588
26	27	0	0	0	0	171.724	1589
26	27	0	0	0	0	191.65	1590
26	27	0	0	0	0	194.499	1591
26	28	0	0	0	0	189.556	1592
27	28	0	0	0	0	194.272	1593
28	28	0	0	0	0	187.149	1594
29	29	0	0	0	0	198.892	1595
29	28	0	0	0	0	196.59	1596
30	28	0	0	0	0	198.797	1597
30	28	0	0	0	0	205.494	1598
29	28	0	0	0	0	210.03	1599
29	29	0	0	0	0	194.835	1600
28	29	0	0	0	0	207.27	1601
28	29	0	0	0	0	207.544	1602
28	29	0	0	0	0	204.482	1603
28	29	0	0	0	0	187.848	1604
28	29	0	0	0	0	197.019	1605
29	29	0	0	0	0	181.718	1606
28	29	0	0	0	0	196.033	1607
28	28	0	0	0	0	186.534	1608
28	28	0	0	0	0	187.519	1609
28	28	0	0	0	0	185.811	1610
28	28	0	0	0	0	195.092	1611
28	27	0	0	0	0	182.032	1612
29	27	0	0	0	0	166.85	1613
29	28	0	0	0	0	177.546	1614
29	30	0	0	0	0	173.262	1615
29	31	0	0	0	0	176.35	1616
28	33	0	0	0	0	184.397	1617
27	33	0	0	0	0	209.731	1618
27	32	0	0	0	0	201.246	1619
27	32	0	0	0	0	211.079	1620
27	32	0	0	0	0	211.551	1621
27	32	0	0	0	0	192.47	1622
27	32	0	0	0	0	196.464	1623
24	32	0	0	0	0	199.87	1624
24	32	0	0	0	0	202.985	1625
24	33	0	0	0	0	191.534	1626
24	31	0	0	0	0	190.827	1627
24	31	0	0	0	0	201.014	1628
27	31	0	0	0	0	189.372	1629
27	30	0	0	0	0	185.943	1630
28	30	0	0	0	0	190.19	1631
28	30	0	0	0	0	197.507	1632
29	30	0	0	0	0	189.84	1633
27	30	0	0	0	0	212.31	1634
27	29	0	0	0	0	205.309	1635
27	29	0	0	0	0	192.172	1636
27	29	0	0	0	0	195.664	1637
27	28	0	0	0	0	206.535	1638
27	28	0	0	0	0	193.888	1639
28	29	0	0	0	0	190.81	1640
28	29	0	0	0	0	185.475	1641
28	29	0	0	0	0	190.065	1642
28	29	0	0	0	0	202.225	1643
28	29	0	0	0	0	193.921	1644
28	27	0	0	0	0	194.528	1645
28	27	0	0	0	0	194.412	1646
29	27	0	0	0	0	190.846	1647
29	27	0	0	0	0	188.59	1648
29	27	0	0	0	0	161.81	1649
27	27	0	0	0	0	190.03	1650
27	27	0	0	0	0	195.945	1651
27	27	0	0	0	0	194.357	1652
27	27	0	0	0	0	184.425	1653
27	27	0	0	0	0	192.532	1654
27	27	0	0	0	0	194.517	1655
27	26	0	0	0	0	165.997	1656
28	26	0	0	0	0	181.105	1657
28	26	0	0	0	0	192.161	1658
28	26	0	0	0	0	176.496	1659
28	26	0	0	0	0	189.221	1660
28	25	0	0	0	0	184.074	1661
28	26	0	0	0	0	175.346	1662
28	26	0	0	0	0	187.889	1663
28	25	0	0	0	0	190.927	1664
28	25	0	0	0	0	183.934	1665
27	25	0	0	0	0	181.082	1666
27	26	0	0	0	0	188.047	1667
27	25	0	0	0	0	178.634	1668
27	26	0	0	0	0	180.692	1669
27	26	0	0	0	0	179.865	1670
26	26	0	0	0	0	156.816	1671
26	26	0	0	0	0	170.346	1672
24	26	0	0	0	0	139.815	1673
24	26	0	0	0	0	148.877	1674
26	26	0	0	0	0	162.733	1675
26	25	0	0	0	0	143.648	1676
26	22	0	0	0	0	144.797	1677
25	22	0	0	0	0	167.879	1678
25	22	0	0	0	0	164.221	1679
25	22	0	0	0	0	171.796	1680
25	22	0	0	0	0	170.988	1681
25	20	0	0	0	0	136.974	1682
27	21	0	0	0	0	144.822	1683
27	21	0	0	0	0	146.876	1684
28	21	0	0	0	0	173.571	1685
28	21	0	0	0	0	177.325	1686
29	21	0	0	0	0	170.787	1687
29	22	0	0	0	0	186.452	1688
29	22	0	0	0	0	183.65	1689
29	22	0	0	0	0	178.395	1690
30	22	0	0	0	0	176.117	1691
30	22	0	0	0	0	182.496	1692
30	22	0	0	0	0	183.983	1693
31	22	0	0	0	0	189.037	1694
31	22	0	0	0	0	187.82	1695
31	22	0	0	0	0	190.744	1696
32	21	0	0	0	0	194.596	1697
33	20	0	0	0	0	180.811	1698
33	20	0	0	0	0	186.475	1699
34	20	0	0	0	0	198.663	1700
34	20	0	0	0	0	196.027	1701
35	20	0	0	0	0	195.386	1702
35	20	0	0	0	0	185.579	1703
35	21	0	0	0	0	197.426	1704
35	20	0	0	0	0	186.898	1705
36	21	0	0	0	0	208.127	1706
36	21	0	0	0	0	203.801	1707
36	20	0	0	0	0	195.888	1708
36	19	0	0	0	0	189.542	1709
36	19	0	0	0	0	199.279	1710
36	19	0	0	0	0	171.73	1711
36	18	0	0	0	0	153.723	1712
36	16	0	0	0	0	165.812	1713
34	16	0	0	0	0	144.09	1714
32	18	0	0	0	0	165.604	1715
32	17	0	0	0	0	146.904	1716
32	18	0	0	0	0	166.286	1717
33	18	0	0	0	0	179.373	1718
33	18	0	0	0	0	185.503	1719
33	18	0	0	0	0	185.122	1720
33	18	0	0	0	0	170.422	1721
33	18	0	0	0	0	170.752	1722
33	18	0	0	0	0	176.314	1723
31	18	0	0	0	0	177.418	1724
29	18	0	0	0	0	153.201	1725
30	18	0	0	0	0	156.099	1726
31	18	0	0	0	0	168.56	1727
31	17	0	0	0	0	173.81	1728
32	17	0	0	0	0	154.177	1729
32	17	0	0	0	0	174.481	1730
32	17	0	0	0	0	152.015	1731
33	17	0	0	0	0	172.436	1732
33	17	0	0	0	0	171.208	1733
31	17	0	0	0	0	164.683	1734
32	18	0	0	0	0	173.037	1735
32	18	0	0	0	0	182.095	1736
32	18	0	0	0	0	169.982	1737
32	18	0	0	0	0	173.162	1738
32	17	0	0	0	0	171.796	1739
32	17	0	0	0	0	167.339	1740
30	17	0	0	0	0	167.87	1741
30	17	0	0	0	0	165.299	1742
29	17	0	0	0	0	160.787	1743
29	18	0	0	0	0	156.218	1744
30	17	0	0	0	0	167.345	1745
30	17	0	0	0	0	168.586	1746
30	18	0	0	0	0	160.532	1747
30	18	0	0	0	0	163.126	1748
30	18	0	0	0	0	174.957	1749
30	17	0	0	0	0	166.083	1750
30	16	0	0	0	0	154.729	1751
31	21	0	0	0	0	167.67	1752
31	21	0	0	0	0	178.75	1753
31	22	0	0	0	0	183.904	1754
31	23	0	0	0	0	171.547	1755
29	23	0	0	0	0	169.524	1756
29	23	0	0	0	0	166.007	1757
27	22	0	0	0	0	173.869	1758
27	22	0	0	0	0	178.65	1759
28	22	0	0	0	0	153.88	1760
25	21	0	0	0	0	159.945	1761
25	21	0	0	0	0	167.467	1762
25	21	0	0	0	0	174.075	1763
25	21	0	0	0	0	167.736	1764
25	21	0	0	0	0	163.567	1765
25	20	0	0	0	0	140.927	1766
25	20	0	0	0	0	157.028	1767
25	20	0	0	0	0	156.619	1768
25	20	0	0	0	0	162.944	1769
25	20	0	0	0	0	164.471	1770
24	20	0	0	0	0	156.853	1771
24	20	0	0	0	0	153.012	1772
24	20	0	0	0	0	150.257	1773
23	20	0	0	0	0	146.25	1774
23	20	0	0	0	0	158.735	1775
23	19	0	0	0	0	144.569	1776
23	19	0	0	0	0	146.152	1777
23	19	0	0	0	0	149.283	1778
22	19	0	0	0	0	137.372	1779
22	19	0	0	0	0	150.832	1780
22	19	0	0	0	0	151.283	1781
22	19	0	0	0	0	149.208	1782
22	19	0	0	0	0	144.908	1783
22	19	0	0	0	0	143.559	1784
22	19	0	0	0	0	141.783	1785
22	19	0	0	0	0	130.261	1786
22	19	0	0	0	0	144.571	1787
22	19	0	0	0	0	139.145	1788
22	19	0	0	0	0	138.929	1789
21	19	0	0	0	0	121.993	1790
21	19	0	0	0	0	131.47	1791
19	19	0	0	0	0	128.012	1792
19	20	0	0	0	0	135.899	1793
19	20	0	0	0	0	131.503	1794
19	20	0	0	0	0	140.681	1795
19	20	0	0	0	0	135.026	1796
18	20	0	0	0	0	135.468	1797
17	20	0	0	0	0	115.456	1798
17	21	0	0	0	0	129.841	1799
17	21	0	0	0	0	137.922	1800
18	21	0	0	0	0	138.643	1801
18	20	0	0	0	0	128.985	1802
18	21	0	0	0	0	120.894	1803
18	21	0	0	0	0	144.198	1804
18	21	0	0	0	0	140.532	1805
18	21	0	0	0	0	123.4	1806
18	22	0	0	0	0	138.47	1807
18	22	0	0	0	0	149.723	1808
18	22	0	0	0	0	139.253	1809
18	22	0	0	0	0	150.634	1810
18	23	0	0	0	0	138.702	1811
18	23	0	0	0	0	148.561	1812
18	23	0	0	0	0	149.935	1813
18	23	0	0	0	0	152.505	1814
18	23	0	0	0	0	136.232	1815
18	25	0	0	0	0	146.165	1816
19	24	0	0	0	0	136.131	1817
19	25	0	0	0	0	133.903	1818
19	24	0	0	0	0	146.47	1819
19	24	0	0	0	0	129.76	1820
19	24	0	0	0	0	155.176	1821
20	24	0	0	0	0	147.487	1822
20	24	0	0	0	0	150.608	1823
17	24	0	0	0	0	146.792	1824
17	24	0	0	0	0	140.282	1825
17	24	0	0	0	0	147.088	1826
17	23	0	0	0	0	145.676	1827
18	24	0	0	0	0	121.827	1828
19	24	0	0	0	0	134.152	1829
19	25	0	0	0	0	148.954	1830
19	25	0	0	0	0	146.413	1831
20	25	0	0	0	0	140.755	1832
20	24	0	0	0	0	154.665	1833
20	24	0	0	0	0	141.651	1834
19	24	0	0	0	0	141.295	1835
19	24	0	0	0	0	146.382	1836
18	25	0	0	0	0	145.573	1837
20	25	0	0	0	0	149.065	1838
20	25	0	0	0	0	138.217	1839
20	25	0	0	0	0	149.346	1840
20	25	0	0	0	0	169.865	1841
20	25	0	0	0	0	153.931	1842
20	26	0	0	0	0	163.077	1843
20	26	0	0	0	0	147.58	1844
20	26	0	0	0	0	150.563	1845
20	24	0	0	0	0	151.997	1846
20	24	0	0	0	0	148.414	1847
20	23	0	0	0	0	152.621	1848
20	23	0	0	0	0	145.377	1849
20	22	0	0	0	0	122.862	1850
20	24	0	0	0	0	137.043	1851
17	24	0	0	0	0	127.95	1852
17	24	0	0	0	0	138.953	1853
16	23	0	0	0	0	129.84	1854
16	23	0	0	0	0	136.382	1855
16	23	0	0	0	0	139.339	1856
16	23	0	0	0	0	125.736	1857
16	22	0	0	0	0	138.909	1858
16	22	0	0	0	0	136.343	1859
15	22	0	0	0	0	123.304	1860
15	23	0	0	0	0	128.214	1861
14	23	0	0	0	0	137.354	1862
14	23	0	0	0	0	115.555	1863
14	23	0	0	0	0	113.484	1864
14	21	0	0	0	0	115.275	1865
14	21	0	0	0	0	114.981	1866
14	21	0	0	0	0	108.757	1867
14	21	0	0	0	0	123.295	1868
14	21	0	0	0	0	105.365	1869
13	21	0	0	0	0	118.386	1870
13	21	0	0	0	0	126.959	1871
13	21	0	0	0	0	114.38	1872
13	21	0	0	0	0	110.015	1873
15	21	0	0	0	0	121.399	1874
15	21	0	0	0	0	108.723	1875
15	21	0	0	0	0	120.014	1876
14	21	0	0	0	0	123.477	1877
14	21	0	0	0	0	114.242	1878
14	20	0	0	0	0	119.739	1879
14	20	0	0	0	0	116.171	1880
14	20	0	0	0	0	113.539	1881
13	19	0	0	0	0	107.221	1882
13	19	0	0	0	0	117.695	1883
13	19	0	0	0	0	104.604	1884
12	19	0	0	0	0	115.338	1885
12	19	0	0	0	0	110.153	1886
12	19	0	0	0	0	92.7167	1887
12	18	0	0	0	0	104.832	1888
12	18	0	0	0	0	103.426	1889
12	18	0	0	0	0	98.1084	1890
12	18	0	0	0	0	105.799	1891
13	18	0	0	0	0	97.8129	1892
13	18	0	0	0	0	90.4317	1893
13	17	0	0	0	0	99.4801	1894
13	17	0	0	0	0	106.554	1895
14	16	0	0	0	0	100.183	1896
15	16	0	0	0	0	99.0721	1897
17	16	0	0	0	0	114.635	1898
17	16	0	0	0	0	114.933	1899
16	17	0	0	0	0	110.505	1900
16	17	0	0	0	0	109.082	1901
16	14	0	0	0	0	96.4251	1902
16	14	0	0	0	0	93.6824	1903
16	13	0	0	0	0	96.9206	1904
16	13	0	0	0	0	97.1786	1905
16	12	0	0	0	0	91.2639	1906
16	12	0	0	0	0	103.828	1907
16	12	0	0	0	0	91.3007	1908
16	12	0	0	0	0	90.4671	1909
16	12	0	0	0	0	95.4139	1910
17	12	0	0	0	0	87.5969	1911
17	12	0	0	0	0	96.1318	1912
17	11	0	0	0	0	93.7421	1913
17	11	0	0	0	0	91.4251	1914
17	11	0	0	0	0	90.4371	1915
17	11	0	0	0	0	103.674	1916
17	12	0	0	0	0	90.0292	1917
17	12	0	0	0	0	102.293	1918
17	12	0	0	0	0	101.205	1919
17	12	0	0	0	0	98.2473	1920
18	13	0	0	0	0	97.6624	1921
18	13	0	0	0	0	100.624	1922
18	13	0	0	0	0	97.9376	1923
18	13	0	0	0	0	100.004	1924
19	13	0	0	0	0	113.296	1925
19	13	0	0	0	0	110.495	1926
20	13	0	0	0	0	114.355	1927
20	13	0	0	0	0	108.79	1928
21	13	0	0	0	0	112.175	1929
20	13	0	0	0	0	114.798	1930
20	12	0	0	0	0	108.205	1931
20	12	0	0	0	0	110.773	1932
20	12	0	0	0	0	104.495	1933
21	13	0	0	0	0	117.875	1934
21	13	0	0	0	0	113.806	1935
21	12	0	0	0	0	114.032	1936
21	12	0	0	0	0	109.907	1937
21	12	0	0	0	0	114.173	1938
21	12	0	0	0	0	114.748	1939
21	12	0	0	0	0	120.28	1940
21	12	0	0	0	0	105.697	1941
21	12	0	0	0	0	119.087	1942
21	12	0	0	0	0	117.681	1943
20	12	0	0	0	0	109.523	1944
20	12	0	0	0	0	113.722	1945
21	12	0	0	0	0	116.02	1946
21	12	0	0	0	0	114.003	1947
21	13	0	0	0	0	117.941	1948
21	13	0	0	0	0	115.298	1949
22	13	0	0	0	0	115.089	1950
21	13	0	0	0	0	113.989	1951
21	13	0	0	0	0	120.457	1952
21	12	0	0	0	0	114.505	1953
21	12	0	0	0	0	112.809	1954
21	12	0	0	0	0	107.922	1955
21	12	0	0	0	0	108.727	1956
21	12	0	0	0	0	111.126	1957
21	12	0	0	0	0	114.239	1958
20	12	0	0	0	0	109.962	1959
20	12	0	0	0	0	101.459	1960
21	12	0	0	0	0	112.876	1961
21	12	0	0	0	0	110.034	1962
22	12	0	0	0	0	95.2094	1963
21	12	0	0	0	0	111.155	1964
21	12	0	0	0	0	114.274	1965
21	11	0	0	0	0	100.378	1966
19	11	0	0	0	0	107.528	1967
19	13	0	0	0	0	105.172	1968
19	13	0	0	0	0	104.471	1969
19	13	0	0	0	0	99.6339	1970
19	13	0	0	0	0	107.234	1971
19	13	0	0	0	0	109.672	1972
19	13	0	0	0	0	109.583	1973
21	13	0	0	0	0	101.66	1974
21	13	0	0	0	0	108.532	1975
21	13	0	0	0	0	123.002	1976
21	13	0	0	0	0	113.095	1977
20	20	0	0	0	0	118.772	1978
20	20	0	0	0	0	133.935	1979
20	20	0	0	0	0	130.446	1980
20	20	0	0	0	0	138.667	1981
20	20	0	0	0	0	126.339	1982
20	20	0	0	0	0	136.602	1983
20	20	0	0	0	0	140.42	1984
20	20	0	0	0	0	135.044	1985
20	21	0	0	0	0	123.543	1986
19	22	0	0	0	0	131.525	1987
19	21	0	0	0	0	130.23	1988
20	21	0	0	0	0	141.347	1989
20	21	0	0	0	0	138.444	1990
20	21	0	0	0	0	147.188	1991
20	21	0	0	0	0	135.528	1992
20	21	0	0	0	0	142.735	1993
20	21	0	0	0	0	145.497	1994
20	20	0	0	0	0	137.625	1995
19	20	0	0	0	0	129.324	1996
19	20	0	0	0	0	138.492	1997
20	20	0	0	0	0	137.463	1998
20	20	0	0	0	0	126.822	1999
19	20	0	0	0	0	138.142	2000
19	20	0	0	0	0	130.545	2001
19	20	0	0	0	0	131.2	2002
19	20	0	0	0	0	133.063	2003
19	20	0	0	0	0	122.866	2004
19	20	0	0	0	0	130.371	2005
19	20	0	0	0	0	131.178	2006
18	21	0	0	0	0	127.098	2007
18	20	0	0	0	0	121.932	2008
19	20	0	0	0	0	128.8	2009
19	20	0	0	0	0	129.263	2010
19	19	0	0	0	0	123.991	2011
19	19	0	0	0	0	129.891	2012
18	19	0	0	0	0	118.431	2013
18	19	0	0	0	0	127.566	2014
18	19	0	0	0	0	129.837	2015
17	19	0	0	0	0	127.287	2016
17	20	0	0	0	0	129.566	2017
17	20	0	0	0	0	117.955	2018
17	20	0	0	0	0	135.672	2019
18	20	0	0	0	0	131.576	2020
18	20	0	0	0	0	131.714	2021
18	20	0	0	0	0	133.585	2022
18	20	0	0	0	0	127.052	2023
18	20	0	0	0	0	142.43	2024
18	21	0	0	0	0	136.126	2025
18	21	0	0	0	0	135.361	2026
18	21	0	0	0	0	146.161	2027
18	21	0	0	0	0	132.645	2028
18	21	0	0	0	0	139.098	2029
18	21	0	0	0	0	130.361	2030
17	21	0	0	0	0	131.735	2031
17	21	0	0	0	0	136.755	2032
17	21	0	0	0	0	125.337	2033
18	21	0	0	0	0	131.834	2034
18	22	0	0	0	0	140.686	2035
18	22	0	0	0	0	138.861	2036
18	24	0	0	0	0	136.028	2037
18	24	0	0	0	0	141.516	2038
18	24	0	0	0	0	143.406	2039
18	24	0	0	0	0	141.165	2040
18	24	0	0	0	0	145.856	2041
17	24	0	0	0	0	132.733	2042
18	24	0	0	0	0	149.548	2043
18	23	0	0	0	0	140.873	2044
18	24	0	0	0	0	140.51	2045
17	23	0	0	0	0	130.553	2046
17	23	0	0	0	0	107.069	2047
17	23	0	0	0	0	146.649	2048
17	23	0	0	0	0	149.303	2049
17	23	0	0	0	0	136.52	2050
17	23	0	0	0	0	140.137	2051
17	23	0	0	0	0	140.356	2052
17	23	0	0	0	0	137.729	2053
17	24	0	0	0	0	131.678	2054
17	23	0	0	0	0	131.129	2055
17	23	0	0	0	0	137.965	2056
17	23	0	0	0	0	140.994	2057
17	23	0	0	0	0	137.372	2058
17	23	0	0	0	0	130.457	2059
17	23	0	0	0	0	139.298	2060
17	23	0	0	0	0	140.485	2061
17	22	0	0	0	0	139.21	2062
17	22	0	0	0	0	139.471	2063
17	22	0	0	0	0	139.032	2064
17	22	0	0	0	0	135.165	2065
17	20	0	0	0	0	118.034	2066
18	19	0	0	0	0	114.036	2067
18	19	0	0	0	0	128.557	2068
18	20	0	0	0	0	129.19	2069
18	20	0	0	0	0	131.391	2070
18	20	0	0	0	0	131.954	2071
18	20	0	0	0	0	131.494	2072
18	20	0	0	0	0	138.374	2073
18	20	0	0	0	0	130.105	2074
18	20	0	0	0	0	135.635	2075
18	20	0	0	0	0	122.758	2076
16	20	0	0	0	0	127.32	2077
16	21	0	0	0	0	121.425	2078
16	20	0	0	0	0	113.615	2079
16	20	0	0	0	0	114.483	2080
15	20	0	0	0	0	103.837	2081
15	20	0	0	0	0	111.257	2082
14	20	0	0	0	0	114.061	2083
14	19	0	0	0	0	111.119	2084
14	19	0	0	0	0	104.488	2085
14	19	0	0	0	0	112.189	2086
14	19	0	0	0	0	112.746	2087
16	19	0	0	0	0	116.38	2088
17	19	0	0	0	0	122.166	2089
17	19	0	0	0	0	124.875	2090
17	19	0	0	0	0	125.046	2091
17	20	0	0	0	0	128.666	2092
16	20	0	0	0	0	127.087	2093
16	20	0	0	0	0	131.27	2094
16	20	0	0	0	0	117.989	2095
16	21	0	0	0	0	116.576	2096
16	21	0	0	0	0	111.336	2097
15	20	0	0	0	0	109.709	2098
15	19	0	0	0	0	110.802	2099
14	19	0	0	0	0	109.994	2100
14	18	0	0	0	0	116.092	2101
14	18	0	0	0	0	105.214	2102
14	18	0	0	0	0	109.659	2103
15	18	0	0	0	0	99.8122	2104
15	18	0	0	0	0	112.596	2105
15	18	0	0	0	0	112.43	2106
15	17	0	0	0	0	106.851	2107
15	18	0	0	0	0	97.2197	2108
15	18	0	0	0	0	110.841	2109
15	18	0	0	0	0	106.256	2110
15	18	0	0	0	0	112.796	2111
15	18	0	0	0	0	82.6259	2112
14	18	0	0	0	0	84.129	2113
14	18	0	0	0	0	81.8253	2114
14	20	0	0	0	0	64.8053	2115
14	22	0	0	0	0	81.576	2116
14	22	0	0	0	0	83.5168	2117
14	22	0	0	0	0	85.3854	2118
13	22	0	0	0	0	83.397	2119
13	21	0	0	0	0	86.356	2120
13	21	0	0	0	0	82.3983	2121
13	20	0	0	0	0	91.3423	2122
13	20	0	0	0	0	76.212	2123
11	19	0	0	0	0	105.477	2124
11	19	0	0	0	0	100.045	2125
12	18	0	0	0	0	83.0457	2126
12	17	0	0	0	0	78.2089	2127
12	17	0	0	0	0	100.257	2128
11	17	0	0	0	0	97.9744	2129
11	17	0	0	0	0	102.992	2130
12	17	0	0	0	0	92.478	2131
12	17	0	0	0	0	97.7116	2132
12	17	0	0	0	0	104.786	2133
13	18	0	0	0	0	99.0263	2134
13	18	0	0	0	0	100.826	2135
12	17	0	0	0	0	103.005	2136
12	17	0	0	0	0	107.6	2137
12	17	0	0	0	0	94.0078	2138
12	17	0	0	0	0	91.292	2139
13	15	0	0	0	0	93.506	2140
13	15	0	0	0	0	104.111	2141
13	15	0	0	0	0	100.31	2142
13	16	0	0	0	0	95.585	2143
13	16	0	0	0	0	100.109	2144
13	16	0	0	0	0	93.9112	2145
13	16	0	0	0	0	98.9026	2146
13	16	0	0	0	0	98.0658	2147
13	16	0	0	0	0	99.1574	2148
13	18	0	0	0	0	96.9341	2149
13	18	0	0	0	0	101.731	2150
13	18	0	0	0	0	101.806	2151
12	18	0	0	0	0	101.24	2152
12	19	0	0	0	0	102.604	2153
12	19	0	0	0	0	101.978	2154
13	19	0	0	0	0	103.977	2155
13	19	0	0	0	0	93.9379	2156
13	19	0	0	0	0	110.333	2157
13	19	0	0	0	0	117.041	2158
13	19	0	0	0	0	114.447	2159
14	19	0	0	0	0	113.487	2160
14	19	0	0	0	0	111.144	2161
15	18	0	0	0	0	102.331	2162
15	19	0	0	0	0	111.669	2163
15	20	0	0	0	0	116.028	2164
16	20	0	0	0	0	121.851	2165
16	20	0	0	0	0	124.202	2166
16	20	0	0	0	0	125.045	2167
16	20	0	0	0	0	124.084	2168
16	20	0	0	0	0	99.0743	2169
16	21	0	0	0	0	134.365	2170
17	21	0	0	0	0	135.186	2171
17	21	0	0	0	0	123.498	2172
16	21	0	0	0	0	122.868	2173
17	21	0	0	0	0	119.451	2174
17	21	0	0	0	0	132.115	2175
17	21	0	0	0	0	124.19	2176
17	21	0	0	0	0	131.841	2177
17	21	0	0	0	0	137.222	2178
17	21	0	0	0	0	126.883	2179
17	21	0	0	0	0	118.148	2180
17	22	0	0	0	0	129.748	2181
17	21	0	0	0	0	137.073	2182
17	21	0	0	0	0	139.865	2183
17	21	0	0	0	0	135.87	2184
17	20	0	0	0	0	119.935	2185
17	20	0	0	0	0	130.769	2186
17	18	0	0	0	0	126.747	2187
17	18	0	0	0	0	125.447	2188
16	18	0	0	0	0	115.349	2189
16	17	0	0	0	0	106.389	2190
16	17	0	0	0	0	114.33	2191
17	17	0	0	0	0	114.967	2192
17	17	0	0	0	0	115.908	2193
18	16	0	0	0	0	106.606	2194
16	16	0	0	0	0	100.951	2195
18	16	0	0	0	0	111.81	2196
16	16	0	0	0	0	113.18	2197
16	19	0	0	0	0	120.156	2198
16	19	0	0	0	0	109.274	2199
16	19	0	0	0	0	120.85	2200
16	19	0	0	0	0	123.706	2201
16	19	0	0	0	0	125.541	2202
16	19	0	0	0	0	104.914	2203
16	19	0	0	0	0	127.697	2204
16	19	0	0	0	0	113.365	2205
16	19	0	0	0	0	103.093	2206
16	19	0	0	0	0	124.949	2207
16	19	0	0	0	0	111.805	2208
16	19	0	0	0	0	110.891	2209
16	19	0	0	0	0	126.413	2210
16	19	0	0	0	0	127.211	2211
16	19	0	0	0	0	116.939	2212
16	19	0	0	0	0	120.642	2213
16	19	0	0	0	0	122.195	2214
16	19	0	0	0	0	120.631	2215
16	19	0	0	0	0	121.867	2216
16	19	0	0	0	0	116.079	2217
17	19	0	0	0	0	127.121	2218
18	19	0	0	0	0	119.023	2219
18	19	0	0	0	0	115.031	2220
19	19	0	0	0	0	117.687	2221
19	19	0	0	0	0	134.062	2222
19	19	0	0	0	0	126.358	2223
19	18	0	0	0	0	120.775	2224
19	17	0	0	0	0	127.986	2225
21	17	0	0	0	0	124.836	2226
21	17	0	0	0	0	117.332	2227
21	16	0	0	0	0	129.105	2228
22	16	0	0	0	0	127.038	2229
22	14	0	0	0	0	119.161	2230
22	14	0	0	0	0	120.108	2231
22	14	0	0	0	0	124.547	2232
22	14	0	0	0	0	123.123	2233
22	14	0	0	0	0	125.669	2234
23	14	0	0	0	0	124.912	2235
23	14	0	0	0	0	115.155	2236
22	14	0	0	0	0	107.42	2237
20	14	0	0	0	0	106.326	2238
19	14	0	0	0	0	112.704	2239
18	14	0	0	0	0	103.489	2240
18	14	0	0	0	0	105.49	2241
19	13	0	0	0	0	105.122	2242
19	13	0	0	0	0	95.5379	2243
19	13	0	0	0	0	108.452	2244
18	13	0	0	0	0	95.8299	2245
18	13	0	0	0	0	100.565	2246
18	13	0	0	0	0	105.791	2247
18	13	0	0	0	0	89.0136	2248
18	13	0	0	0	0	92.1341	2249
19	12	0	0	0	0	98.365	2250
19	12	0	0	0	0	95.0893	2251
19	12	0	0	0	0	95.5806	2252
19	11	0	0	0	0	100.843	2253
19	11	0	0	0	0	88.0468	2254
19	10	0	0	0	0	85.9752	2255
19	10	0	0	0	0	95.9814	2256
20	10	0	0	0	0	95.1835	2257
20	10	0	0	0	0	100.242	2258
20	10	0	0	0	0	98.6156	2259
19	10	0	0	0	0	103.999	2260
19	10	0	0	0	0	102.717	2261
19	10	0	0	0	0	82.7321	2262
20	9	0	0	0	0	87.9315	2263
20	9	0	0	0	0	101.291	2264
20	8	0	0	0	0	95.0549	2265
20	8	0	0	0	0	89.1235	2266
20	8	0	0	0	0	88.464	2267
20	8	0	0	0	0	87.9333	2268
20	8	0	0	0	0	90.0029	2269
20	8	0	0	0	0	91.9945	2270
20	7	0	0	0	0	95.3947	2271
20	7	0	0	0	0	93.1137	2272
20	7	0	0	0	0	93.273	2273
20	6	0	0	0	0	87.354	2274
20	5	0	0	0	0	85.7232	2275
20	5	0	0	0	0	85.6559	2276
20	5	0	0	0	0	82.4014	2277
22	5	0	0	0	0	81.3335	2278
22	5	0	0	0	0	91.2212	2279
22	5	0	0	0	0	92.2312	2280
22	5	0	0	0	0	90.4004	2281
23	4	0	0	0	0	92.7644	2282
23	4	0	0	0	0	88.3088	2283
23	3	0	0	0	0	68.0092	2284
23	3	0	0	0	0	91.4839	2285
23	3	0	0	0	0	86.354	2286
23	3	0	0	0	0	85.3403	2287
24	2	0	0	0	0	87.1558	2288
24	2	0	0	0	0	90.7744	2289
24	2	0	0	0	0	88.3931	2290
24	2	0	0	0	0	89.2219	2291
24	2	0	0	0	0	87.3787	2292
24	2	0	0	0	0	90.8655	2293
24	2	0	0	0	0	96.7179	2294
24	2	0	0	0	0	79.7661	2295
24	2	0	0	0	0	83.1865	2296
24	2	0	0	0	0	89.1832	2297
24	2	0	0	0	0	90.0507	2298
24	2	0	0	0	0	84.3256	2299
24	2	0	0	0	0	87.1558	2300
24	3	0	0	0	0	92.5769	2301
23	3	0	0	0	0	88.1423	2302
23	3	0	0	0	0	88.733	2303
23	3	0	0	0	0	80.8776	2304
23	3	0	0	0	0	79.2709	2305
24	3	0	0	0	0	88.531	2306
24	3	0	0	0	0	68.1125	2307
25	3	0	0	0	0	88.0373	2308
25	3	0	0	0	0	68.7271	2309
24	3	0	0	0	0	76.0829	2310
24	3	0	0	0	0	88.6438	2311
23	3	0	0	0	0	90.7115	2312
25	3	0	0	0	0	70.8027	2313
25	3	0	0	0	0	80.484	2314
22	3	0	0	0	0	80.2038	2315
22	3	0	0	0	0	91.3296	2316
22	3	0	0	0	0	81.8054	2317
22	3	0	0	0	0	81.833	2318
22	3	0	0	0	0	84.1666	2319
22	3	0	0	0	0	84.3764	2320
22	3	0	0	0	0	82.5804	2321
22	2	0	0	0	0	80.4827	2322
22	2	0	0	0	0	81.4997	2323
21	2	0	0	0	0	80.4827	2324
21	2	0	0	0	0	77.0635	2325
21	2	0	0	0	0	74.2047	2326
21	2	0	0	0	0	76.4412	2327
21	2	0	0	0	0	78.1617	2328
20	2	0	0	0	0	73.2186	2329
20	3	0	0	0	0	80.2326	2330
20	3	0	0	0	0	80.2759	2331
20	3	0	0	0	0	79.5384	2332
20	3	0	0	0	0	61.3907	2333
21	3	0	0	0	0	79.7658	2334
22	3	0	0	0	0	79.4952	2335
23	3	0	0	0	0	78.9487	2336
23	4	0	0	0	0	81.3204	2337
24	4	0	0	0	0	92.9939	2338
24	4	0	0	0	0	93.0328	2339
25	5	0	0	0	0	94.3258	2340
24	5	0	0	0	0	95.0808	2341
23	5	0	0	0	0	89.7943	2342
24	5	0	0	0	0	96.7978	2343
23	5	0	0	0	0	89.1219	2344
23	5	0	0	0	0	101.143	2345
23	5	0	0	0	0	93.7131	2346
23	5	0	0	0	0	100.164	2347
24	5	0	0	0	0	75.7373	2348
21	5	0	0	0	0	71.352	2349
21	5	0	0	0	0	79.8609	2350
21	6	0	0	0	0	80.3691	2351
21	6	0	0	0	0	84.5699	2352
21	6	0	0	0	0	72.4724	2353
21	6	0	0	0	0	82.8703	2354
21	6	0	0	0	0	78.3196	2355
22	5	0	0	0	0	80.0766	2356
22	5	0	0	0	0	76.306	2357
22	5	0	0	0	0	80.247	2358
22	5	0	0	0	0	81.4649	2359
22	5	0	0	0	0	74.1088	2360
21	5	0	0	0	0	75.9963	2361
22	5	0	0	0	0	81.19	2362
22	5	0	0	0	0	79.5137	2363
22	5	0	0	0	0	77.1667	2364
22	5	0	0	0	0	93.3585	2365
22	5	0	0	0	0	91.4389	2366
22	5	0	0	0	0	95.3841	2367
21	5	0	0	0	0	80.7271	2368
18	5	0	0	0	0	78.76	2369
18	5	0	0	0	0	80.8824	2370
18	5	0	0	0	0	69.6019	2371
18	5	0	0	0	0	66.4773	2372
18	5	0	0	0	0	62.8276	2373
17	5	0	0	0	0	61.1693	2374
17	5	0	0	0	0	62.1829	2375
15	5	0	0	0	0	58.2633	2376
15	5	0	0	0	0	61.6045	2377
15	5	0	0	0	0	54.0279	2378
13	5	0	0	0	0	59.1149	2379
13	5	0	0	0	0	59.0385	2380
13	5	0	0	0	0	62.2315	2381
13	5	0	0	0	0	57.9887	2382
13	5	0	0	0	0	58.305	2383
13	5	0	0	0	0	56.6198	2384
13	5	0	0	0	0	58.3647	2385
12	5	0	0	0	0	58.3647	2386
13	5	0	0	0	0	58.3737	2387
13	5	0	0	0	0	56.6198	2388
13	5	0	0	0	0	59.3851	2389
13	5	0	0	0	0	58.4768	2390
13	5	0	0	0	0	60.6324	2391
13	5	0	0	0	0	59.6381	2392
13	5	0	0	0	0	57.9437	2393
13	5	0	0	0	0	60.6514	2394
13	6	0	0	0	0	62.1119	2395
13	7	0	0	0	0	62.4672	2396
13	7	0	0	0	0	63.0831	2397
13	7	0	0	0	0	64.0963	2398
13	7	0	0	0	0	66.5715	2399
13	7	0	0	0	0	72.1648	2400
13	7	0	0	0	0	61.293	2401
13	7	0	0	0	0	63.3391	2402
13	8	0	0	0	0	68.7234	2403
13	9	0	0	0	0	75.2865	2404
13	9	0	0	0	0	76.9632	2405
13	9	0	0	0	0	75.1307	2406
13	9	0	0	0	0	73.895	2407
15	9	0	0	0	0	76.9514	2408
15	9	0	0	0	0	83.4018	2409
15	9	0	0	0	0	81.6738	2410
16	9	0	0	0	0	77.4334	2411
14	9	0	0	0	0	72.6272	2412
14	9	0	0	0	0	73.969	2413
14	9	0	0	0	0	72.1159	2414
14	9	0	0	0	0	84.0606	2415
14	9	0	0	0	0	81.1359	2416
14	9	0	0	0	0	79.0504	2417
14	9	0	0	0	0	70.4845	2418
14	9	0	0	0	0	80.245	2419
14	10	0	0	0	0	78.9245	2420
14	11	0	0	0	0	71.1849	2421
14	11	0	0	0	0	79.9708	2422
15	11	0	0	0	0	75.6816	2423
15	11	0	0	0	0	85.6271	2424
15	11	0	0	0	0	89.019	2425
15	11	0	0	0	0	94.5507	2426
15	11	0	0	0	0	83.2121	2427
14	11	0	0	0	0	88.7577	2428
15	11	0	0	0	0	87.136	2429
15	11	0	0	0	0	91.7428	2430
15	11	0	0	0	0	92.3021	2431
15	11	0	0	0	0	89.5304	2432
15	11	0	0	0	0	86.6738	2433
15	11	0	0	0	0	80.2811	2434
15	12	0	0	0	0	88.8006	2435
15	12	0	0	0	0	91.2972	2436
15	12	0	0	0	0	85.4003	2437
15	12	0	0	0	0	92.3181	2438
15	12	0	0	0	0	78.8558	2439
15	12	0	0	0	0	88.572	2440
15	12	0	0	0	0	85.0789	2441
15	12	0	0	0	0	86.2463	2442
15	12	0	0	0	0	87.2734	2443
15	12	0	0	0	0	87.6938	2444
14	12	0	0	0	0	73.3892	2445
14	14	0	0	0	0	81.0152	2446
12	15	0	0	0	0	77.1493	2447
12	15	0	0	0	0	84.3564	2448
12	15	0	0	0	0	80.0699	2449
12	15	0	0	0	0	80.902	2450
12	14	0	0	0	0	91.5886	2451
12	15	0	0	0	0	95.0906	2452
12	16	0	0	0	0	90.914	2453
12	16	0	0	0	0	99.3221	2454
12	16	0	0	0	0	89.0038	2455
12	19	0	0	0	0	102.876	2456
12	19	0	0	0	0	107.575	2457
13	19	0	0	0	0	105.354	2458
13	19	0	0	0	0	111.7	2459
13	19	0	0	0	0	99.5319	2460
13	19	0	0	0	0	99.8432	2461
13	19	0	0	0	0	102.091	2462
12	18	0	0	0	0	103.991	2463
12	18	0	0	0	0	107.792	2464
12	18	0	0	0	0	95.1993	2465
12	17	0	0	0	0	102.989	2466
12	17	0	0	0	0	102.38	2467
12	17	0	0	0	0	103.983	2468
12	17	0	0	0	0	99.0101	2469
12	17	0	0	0	0	97.0399	2470
12	17	0	0	0	0	98.4906	2471
12	17	0	0	0	0	101.566	2472
12	17	0	0	0	0	98.7951	2473
13	17	0	0	0	0	100.052	2474
13	16	0	0	0	0	95.2012	2475
13	16	0	0	0	0	107.02	2476
13	16	0	0	0	0	103.505	2477
13	16	0	0	0	0	83.8889	2478
13	16	0	0	0	0	79.4323	2479
13	16	0	0	0	0	81.0674	2480
14	16	0	0	0	0	78.3625	2481
14	15	0	0	0	0	83.6884	2482
14	15	0	0	0	0	79.9749	2483
14	16	0	0	0	0	71.9932	2484
10	16	0	0	0	0	72.3547	2485
10	16	0	0	0	0	81.3328	2486
10	16	0	0	0	0	78.5834	2487
8	16	0	0	0	0	84.7304	2488
8	16	0	0	0	0	82.9681	2489
10	16	0	0	0	0	78.6419	2490
10	16	0	0	0	0	82.8144	2491
10	16	0	0	0	0	91.3022	2492
10	16	0	0	0	0	90.0474	2493
10	16	0	0	0	0	89.5602	2494
10	16	0	0	0	0	87.3293	2495
10	16	0	0	0	0	86.2676	2496
10	16	0	0	0	0	83.2708	2497
10	16	0	0	0	0	81.9262	2498
10	16	0	0	0	0	85.3009	2499
10	15	0	0	0	0	84.2081	2500
10	15	0	0	0	0	88.4493	2501
10	15	0	0	0	0	86.6548	2502
10	15	0	0	0	0	88.6176	2503
10	15	0	0	0	0	85.3594	2504
10	15	0	0	0	0	88.7392	2505
10	15	0	0	0	0	83.8122	2506
10	15	0	0	0	0	88.0958	2507
10	15	0	0	0	0	84.4373	2508
10	15	0	0	0	0	85.6661	2509
11	15	0	0	0	0	86.7688	2510
11	15	0	0	0	0	88.726	2511
11	15	0	0	0	0	90.7755	2512
11	15	0	0	0	0	95.8657	2513
11	15	0	0	0	0	85.0585	2514
11	15	0	0	0	0	90.625	2515
12	15	0	0	0	0	85.9909	2516
12	15	0	0	0	0	90.8644	2517
12	15	0	0	0	0	91.0522	2518
12	15	0	0	0	0	91.7157	2519
12	16	0	0	0	0	96.6631	2520
12	16	0	0	0	0	95.634	2521
12	16	0	0	0	0	96.4547	2522
12	16	0	0	0	0	96.6889	2523
12	16	0	0	0	0	91.3324	2524
12	16	0	0	0	0	95.4871	2525
12	16	0	0	0	0	94.0223	2526
12	16	0	0	0	0	95.9757	2527
10	16	0	0	0	0	91.5071	2528
10	16	0	0	0	0	92.5995	2529
10	16	0	0	0	0	83.5416	2530
10	17	0	0	0	0	90.8163	2531
10	17	0	0	0	0	92.6148	2532
10	17	0	0	0	0	89.3793	2533
10	17	0	0	0	0	89.6379	2534
10	17	0	0	0	0	84.0046	2535
10	17	0	0	0	0	94.7037	2536
10	16	0	0	0	0	92.7608	2537
10	16	0	0	0	0	95.6588	2538
10	16	0	0	0	0	87.0839	2539
10	16	0	0	0	0	83.6263	2540
10	15	0	0	0	0	82.6333	2541
10	15	0	0	0	0	83.1688	2542
10	15	0	0	0	0	84.1479	2543
10	15	0	0	0	0	65.8182	2544
8	15	0	0	0	0	73.392	2545
8	15	0	0	0	0	78.0987	2546
7	16	0	0	0	0	72.9833	2547
8	16	0	0	0	0	78.0247	2548
8	17	0	0	0	0	72.8733	2549
8	18	0	0	0	0	83.9144	2550
8	17	0	0	0	0	83.0081	2551
8	17	0	0	0	0	82.6938	2552
8	16	0	0	0	0	76.7533	2553
8	16	0	0	0	0	79.4909	2554
8	16	0	0	0	0	82.3675	2555
8	16	0	0	0	0	71.4853	2556
8	16	0	0	0	0	60.3835	2557
5	16	0	0	0	0	72.3296	2558
5	16	0	0	0	0	70.373	2559
5	17	0	0	0	0	70.5019	2560
4	17	0	0	0	0	70.4549	2561
4	17	0	0	0	0	73.2029	2562
5	17	0	0	0	0	70.2349	2563
5	17	0	0	0	0	74.3344	2564
5	17	0	0	0	0	77.2106	2565
5	17	0	0	0	0	72.5316	2566
5	17	0	0	0	0	74.757	2567
5	17	0	0	0	0	69.7061	2568
5	18	0	0	0	0	63.8064	2569
5	16	0	0	0	0	60.1924	2570
5	15	0	0	0	0	66.3209	2571
5	15	0	0	0	0	59.3465	2572
5	15	0	0	0	0	62.0807	2573
5	14	0	0	0	0	61.9571	2574
5	14	0	0	0	0	56.9915	2575
5	13	0	0	0	0	62.2456	2576
5	13	0	0	0	0	51.1456	2577
5	13	0	0	0	0	52.1682	2578
5	13	0	0	0	0	62.2612	2579
5	13	0	0	0	0	60.8625	2580
5	13	0	0	0	0	60.0179	2581
5	13	0	0	0	0	58.6351	2582
5	14	0	0	0	0	43.7121	2583
5	14	0	0	0	0	59.9066	2584
5	14	0	0	0	0	61.8395	2585
5	14	0	0	0	0	63.913	2586
5	14	0	0	0	0	65.2967	2587
5	14	0	0	0	0	64.6135	2588
5	14	0	0	0	0	66.1052	2589
5	14	0	0	0	0	65.8426	2590
5	14	0	0	0	0	65.2435	2591
5	14	0	0	0	0	64.6505	2592
5	14	0	0	0	0	65.2224	2593
5	14	0	0	0	0	57.8734	2594
5	14	0	0	0	0	58.3065	2595
5	13	0	0	0	0	50.0529	2596
5	12	0	0	0	0	53.9856	2597
5	12	0	0	0	0	48.4503	2598
5	13	0	0	0	0	52.8425	2599
5	14	0	0	0	0	56.6763	2600
5	16	0	0	0	0	58.1315	2601
6	16	0	0	0	0	49.2394	2602
6	16	0	0	0	0	62.2014	2603
6	16	0	0	0	0	60.0859	2604
6	16	0	0	0	0	57.866	2605
6	14	0	0	0	0	62.9895	2606
6	14	0	0	0	0	65.4224	2607
6	16	0	0	0	0	64.5161	2608
6	16	0	0	0	0	78.3817	2609
8	16	0	0	0	0	78.7417	2610
8	16	0	0	0	0	82.2007	2611
8	16	0	0	0	0	83.2203	2612
8	20	0	0	0	0	82.2235	2613
8	20	0	0	0	0	81.9091	2614
9	20	0	0	0	0	84.6438	2615
9	20	0	0	0	0	83.9504	2616
9	20	0	0	0	0	82.1498	2617
9	20	0	0	0	0	96.8857	2618
10	20	0	0	0	0	94.6353	2619
10	20	0	0	0	0	108.513	2620
10	20	0	0	0	0	90.2885	2621
8	20	0	0	0	0	98.7997	2622
8	20	0	0	0	0	91.4551	2623
8	20	0	0	0	0	91.1634	2624
8	20	0	0	0	0	99.9484	2625
8	21	0	0	0	0	96.6359	2626
8	21	0	0	0	0	95.7347	2627
8	21	0	0	0	0	91.0101	2628
8	21	0	0	0	0	93.3291	2629
8	20	0	0	0	0	100.108	2630
8	20	0	0	0	0	96.7796	2631
8	21	0	0	0	0	103.267	2632
8	21	0	0	0	0	99.73	2633
9	21	0	0	0	0	97.5136	2634
9	21	0	0	0	0	103.481	2635
9	21	0	0	0	0	97.3903	2636
9	21	0	0	0	0	92.7396	2637
10	21	0	0	0	0	105.977	2638
10	21	0	0	0	0	98.3026	2639
10	21	0	0	0	0	106.947	2640
11	21	0	0	0	0	111.594	2641
11	21	0	0	0	0	111.11	2642
11	21	0	0	0	0	115.726	2643
11	21	0	0	0	0	107.44	2644
11	21	0	0	0	0	118.642	2645
11	21	0	0	0	0	101.666	2646
12	21	0	0	0	0	115.04	2647
13	22	0	0	0	0	103.562	2648
13	22	0	0	0	0	123.497	2649
13	22	0	0	0	0	120.443	2650
13	22	0	0	0	0	119.516	2651
13	23	0	0	0	0	117.993	2652
14	27	0	0	0	0	128.432	2653
14	27	0	0	0	0	144.81	2654
14	27	0	0	0	0	129.485	2655
14	27	0	0	0	0	139.588	2656
14	27	0	0	0	0	144.142	2657
14	27	0	0	0	0	136.279	2658
14	27	0	0	0	0	147.324	2659
13	27	0	0	0	0	129.75	2660
13	27	0	0	0	0	139.323	2661
12	27	0	0	0	0	135.47	2662
12	27	0	0	0	0	146.899	2663
12	27	0	0	0	0	140.322	2664
12	27	0	0	0	0	143.173	2665
12	26	0	0	0	0	123.751	2666
12	26	0	0	0	0	124.048	2667
12	26	0	0	0	0	125.145	2668
12	26	0	0	0	0	132.623	2669
13	25	0	0	0	0	137.796	2670
14	25	0	0	0	0	129.126	2671
14	25	0	0	0	0	133.767	2672
14	25	0	0	0	0	123.14	2673
14	25	0	0	0	0	144.137	2674
14	25	0	0	0	0	132.594	2675
14	24	0	0	0	0	118.111	2676
14	24	0	0	0	0	129.056	2677
14	23	0	0	0	0	134.019	2678
14	23	0	0	0	0	126.095	2679
14	23	0	0	0	0	130.73	2680
14	23	0	0	0	0	119.979	2681
14	23	0	0	0	0	127.703	2682
14	23	0	0	0	0	117.395	2683
14	23	0	0	0	0	121.821	2684
14	25	0	0	0	0	128.341	2685
14	25	0	0	0	0	119.001	2686
14	24	0	0	0	0	120.225	2687
17	23	0	0	0	0	127.34	2688
19	23	0	0	0	0	140.382	2689
19	23	0	0	0	0	148.582	2690
19	23	0	0	0	0	148.6	2691
19	23	0	0	0	0	156.342	2692
19	23	0	0	0	0	123.343	2693
19	23	0	0	0	0	151.324	2694
19	22	0	0	0	0	141.422	2695
20	23	0	0	0	0	152.591	2696
20	23	0	0	0	0	133.901	2697
19	22	0	0	0	0	152.304	2698
19	23	0	0	0	0	144.968	2699
19	23	0	0	0	0	133.432	2700
20	22	0	0	0	0	140.176	2701
20	23	0	0	0	0	143.34	2702
20	23	0	0	0	0	150.858	2703
20	24	0	0	0	0	140.139	2704
20	24	0	0	0	0	158.05	2705
20	24	0	0	0	0	153.117	2706
20	24	0	0	0	0	146.773	2707
20	24	0	0	0	0	148.593	2708
20	23	0	0	0	0	144.953	2709
20	23	0	0	0	0	139.069	2710
20	23	0	0	0	0	140.746	2711
20	23	0	0	0	0	129.493	2712
19	23	0	0	0	0	151.48	2713
19	22	0	0	0	0	140.083	2714
19	22	0	0	0	0	146.418	2715
21	22	0	0	0	0	147.324	2716
22	22	0	0	0	0	150.22	2717
22	22	0	0	0	0	157.362	2718
22	23	0	0	0	0	155.985	2719
22	23	0	0	0	0	153.604	2720
22	23	0	0	0	0	152.053	2721
23	23	0	0	0	0	163.504	2722
23	23	0	0	0	0	165.255	2723
23	23	0	0	0	0	148.114	2724
23	23	0	0	0	0	156.069	2725
22	23	0	0	0	0	156.827	2726
22	23	0	0	0	0	169.957	2727
22	23	0	0	0	0	153.301	2728
22	22	0	0	0	0	147.415	2729
22	22	0	0	0	0	155.87	2730
23	22	0	0	0	0	156.242	2731
23	22	0	0	0	0	163.957	2732
24	22	0	0	0	0	150.083	2733
24	22	0	0	0	0	160.203	2734
24	22	0	0	0	0	155.452	2735
24	22	0	0	0	0	151.427	2736
24	22	0	0	0	0	164.86	2737
24	22	0	0	0	0	150.984	2738
24	22	0	0	0	0	144.8	2739
24	22	0	0	0	0	152.351	2740
24	22	0	0	0	0	150.498	2741
25	21	0	0	0	0	159.033	2742
25	20	0	0	0	0	158.988	2743
25	20	0	0	0	0	137.763	2744
26	20	0	0	0	0	160.511	2745
29	20	0	0	0	0	158.312	2746
28	20	0	0	0	0	155.421	2747
27	21	0	0	0	0	139.287	2748
27	20	0	0	0	0	141.166	2749
27	18	0	0	0	0	135.854	2750
27	18	0	0	0	0	145.72	2751
26	18	0	0	0	0	148.473	2752
26	17	0	0	0	0	142.439	2753
26	17	0	0	0	0	145.287	2754
26	17	0	0	0	0	141.82	2755
26	17	0	0	0	0	146.983	2756
27	17	0	0	0	0	138.792	2757
27	16	0	0	0	0	129.681	2758
27	16	0	0	0	0	147.265	2759
25	16	0	0	0	0	116.35	2760
25	16	0	0	0	0	115.893	2761
23	16	0	0	0	0	114.254	2762
23	14	0	0	0	0	122.829	2763
23	14	0	0	0	0	114.934	2764
23	13	0	0	0	0	115.293	2765
23	13	0	0	0	0	110.942	2766
24	12	0	0	0	0	115.907	2767
24	12	0	0	0	0	117.955	2768
24	11	0	0	0	0	114.126	2769
24	11	0	0	0	0	122.376	2770
24	11	0	0	0	0	115.588	2771
24	14	0	0	0	0	129.498	2772
25	14	0	0	0	0	138.581	2773
26	14	0	0	0	0	134.057	2774
26	14	0	0	0	0	138.596	2775
26	14	0	0	0	0	147.573	2776
27	14	0	0	0	0	140.616	2777
27	14	0	0	0	0	141.434	2778
27	13	0	0	0	0	136.047	2779
27	13	0	0	0	0	143.991	2780
27	13	0	0	0	0	139.041	2781
27	13	0	0	0	0	139.623	2782
27	13	0	0	0	0	134.415	2783
27	12	0	0	0	0	122.437	2784
27	12	0	0	0	0	136.583	2785
27	12	0	0	0	0	130.781	2786
27	14	0	0	0	0	133.918	2787
27	14	0	0	0	0	126.879	2788
27	15	0	0	0	0	138.286	2789
27	15	0	0	0	0	127.936	2790
27	15	0	0	0	0	128.72	2791
27	15	0	0	0	0	115.466	2792
27	15	0	0	0	0	151.028	2793
27	16	0	0	0	0	153.816	2794
27	16	0	0	0	0	155.002	2795
26	16	0	0	0	0	145.739	2796
26	16	0	0	0	0	157.308	2797
26	16	0	0	0	0	138.708	2798
26	17	0	0	0	0	114.649	2799
26	17	0	0	0	0	142.524	2800
26	18	0	0	0	0	126.691	2801
26	18	0	0	0	0	142.812	2802
24	16	0	0	0	0	145.323	2803
24	17	0	0	0	0	150.18	2804
24	17	0	0	0	0	137.473	2805
24	16	0	0	0	0	133.841	2806
24	16	0	0	0	0	147.215	2807
24	16	0	0	0	0	139.19	2808
25	15	0	0	0	0	135.088	2809
25	16	0	0	0	0	139.366	2810
23	16	0	0	0	0	140.741	2811
23	16	0	0	0	0	122.647	2812
19	16	0	0	0	0	116.039	2813
19	15	0	0	0	0	122.682	2814
19	16	0	0	0	0	121.051	2815
19	16	0	0	0	0	122.747	2816
19	16	0	0	0	0	108.857	2817
18	16	0	0	0	0	118.92	2818
17	16	0	0	0	0	112.512	2819
17	17	0	0	0	0	118.56	2820
17	17	0	0	0	0	115.189	2821
17	17	0	0	0	0	117.621	2822
17	17	0	0	0	0	116.121	2823
17	17	0	0	0	0	114.034	2824
17	16	0	0	0	0	108.661	2825
16	17	0	0	0	0	118.51	2826
16	18	0	0	0	0	119.875	2827
16	18	0	0	0	0	117.587	2828
15	18	0	0	0	0	112.548	2829
15	18	0	0	0	0	115.001	2830
15	18	0	0	0	0	117.266	2831
15	18	0	0	0	0	117.677	2832
15	18	0	0	0	0	123.379	2833
15	18	0	0	0	0	119.084	2834
15	19	0	0	0	0	117.08	2835
15	19	0	0	0	0	126.945	2836
15	19	0	0	0	0	114.631	2837
15	18	0	0	0	0	112.507	2838
14	18	0	0	0	0	120.111	2839
14	18	0	0	0	0	115.143	2840
14	21	0	0	0	0	114.272	2841
14	22	0	0	0	0	105.677	2842
14	22	0	0	0	0	118.413	2843
15	22	0	0	0	0	119.348	2844
15	23	0	0	0	0	118.478	2845
14	22	0	0	0	0	118.9	2846
14	22	0	0	0	0	134.882	2847
14	22	0	0	0	0	128.427	2848
14	22	0	0	0	0	130.361	2849
14	22	0	0	0	0	130.881	2850
14	22	0	0	0	0	133.057	2851
15	22	0	0	0	0	125.021	2852
15	21	0	0	0	0	129.518	2853
15	21	0	0	0	0	127.572	2854
15	21	0	0	0	0	131.656	2855
15	21	0	0	0	0	128.396	2856
15	21	0	0	0	0	133.561	2857
15	23	0	0	0	0	118.69	2858
15	23	0	0	0	0	137.407	2859
15	23	0	0	0	0	130.221	2860
15	23	0	0	0	0	132.772	2861
15	23	0	0	0	0	125.032	2862
15	22	0	0	0	0	125.993	2863
16	22	0	0	0	0	133.368	2864
16	22	0	0	0	0	138.864	2865
15	22	0	0	0	0	111.61	2866
16	23	0	0	0	0	119.152	2867
16	23	0	0	0	0	96.9914	2868
16	22	0	0	0	0	114.756	2869
16	22	0	0	0	0	116.993	2870
16	22	0	0	0	0	111.272	2871
16	22	0	0	0	0	126.287	2872
16	21	0	0	0	0	121.507	2873
16	22	0	0	0	0	115.783	2874
16	22	0	0	0	0	113.689	2875
17	22	0	0	0	0	131.021	2876
17	22	0	0	0	0	128.575	2877
18	22	0	0	0	0	127.045	2878
18	22	0	0	0	0	128.471	2879
18	22	0	0	0	0	139.11	2880
17	22	0	0	0	0	138.575	2881
17	22	0	0	0	0	136.008	2882
17	22	0	0	0	0	129.557	2883
19	22	0	0	0	0	130.557	2884
20	22	0	0	0	0	119.954	2885
21	21	0	0	0	0	136.806	2886
21	23	0	0	0	0	150.452	2887
21	23	0	0	0	0	155.668	2888
21	23	0	0	0	0	152.167	2889
21	23	0	0	0	0	149.674	2890
21	23	0	0	0	0	150.531	2891
20	23	0	0	0	0	150.952	2892
20	23	0	0	0	0	161.946	2893
22	23	0	0	0	0	133.063	2894
24	23	0	0	0	0	121.125	2895
20	23	0	0	0	0	128.591	2896
20	21	0	0	0	0	138.281	2897
20	19	0	0	0	0	132.119	2898
21	19	0	0	0	0	137.247	2899
21	19	0	0	0	0	132.153	2900
21	21	0	0	0	0	143.189	2901
21	21	0	0	0	0	137.252	2902
21	22	0	0	0	0	142.202	2903
21	22	0	0	0	0	139.027	2904
21	22	0	0	0	0	136.682	2905
21	21	0	0	0	0	152.331	2906
20	21	0	0	0	0	140.003	2907
20	22	0	0	0	0	143.618	2908
21	22	0	0	0	0	118.807	2909
21	21	0	0	0	0	145.452	2910
21	21	0	0	0	0	147.278	2911
21	20	0	0	0	0	132.879	2912
21	19	0	0	0	0	132.659	2913
21	19	0	0	0	0	131.884	2914
21	19	0	0	0	0	131.65	2915
22	19	0	0	0	0	135.559	2916
21	19	0	0	0	0	132.471	2917
21	20	0	0	0	0	138.353	2918
21	20	0	0	0	0	136.246	2919
21	20	0	0	0	0	131.58	2920
21	20	0	0	0	0	141.823	2921
21	18	0	0	0	0	130.138	2922
21	18	0	0	0	0	125.591	2923
22	16	0	0	0	0	123.412	2924
22	18	0	0	0	0	140.47	2925
22	18	0	0	0	0	138.026	2926
22	18	0	0	0	0	118.971	2927
22	19	0	0	0	0	142.251	2928
22	19	0	0	0	0	149.927	2929
22	20	0	0	0	0	154.528	2930
22	20	0	0	0	0	143.48	2931
22	21	0	0	0	0	142.14	2932
22	21	0	0	0	0	148.122	2933
21	20	0	0	0	0	139.102	2934
21	20	0	0	0	0	145.344	2935
21	19	0	0	0	0	138.229	2936
21	19	0	0	0	0	134.635	2937
21	18	0	0	0	0	137.116	2938
21	17	0	0	0	0	116.188	2939
21	17	0	0	0	0	141.701	2940
21	17	0	0	0	0	137.287	2941
21	18	0	0	0	0	120.285	2942
21	18	0	0	0	0	138.096	2943
21	20	0	0	0	0	142.818	2944
21	19	0	0	0	0	151.463	2945
21	19	0	0	0	0	137.653	2946
21	19	0	0	0	0	140.606	2947
21	19	0	0	0	0	143.477	2948
21	20	0	0	0	0	138.15	2949
21	20	0	0	0	0	138.64	2950
18	20	0	0	0	0	120.744	2951
18	21	0	0	0	0	119.633	2952
18	22	0	0	0	0	143.111	2953
18	22	0	0	0	0	136.757	2954
18	23	0	0	0	0	151.38	2955
18	23	0	0	0	0	141.277	2956
18	23	0	0	0	0	144.319	2957
18	23	0	0	0	0	145.44	2958
18	23	0	0	0	0	144.25	2959
18	23	0	0	0	0	149.33	2960
18	23	0	0	0	0	149.372	2961
18	23	0	0	0	0	154.63	2962
18	23	0	0	0	0	148.905	2963
18	24	0	0	0	0	147.961	2964
18	24	0	0	0	0	148.029	2965
18	25	0	0	0	0	148.884	2966
18	25	0	0	0	0	149.353	2967
18	25	0	0	0	0	149.641	2968
18	25	0	0	0	0	147.039	2969
18	25	0	0	0	0	153.415	2970
18	25	0	0	0	0	161.823	2971
18	25	0	0	0	0	141.092	2972
18	26	0	0	0	0	162.204	2973
18	26	0	0	0	0	159.194	2974
18	26	0	0	0	0	160.452	2975
18	26	0	0	0	0	158.41	2976
18	26	0	0	0	0	161.274	2977
18	27	0	0	0	0	155.06	2978
18	27	0	0	0	0	150.286	2979
18	27	0	0	0	0	155.793	2980
18	26	0	0	0	0	163.03	2981
19	26	0	0	0	0	143.499	2982
19	28	0	0	0	0	157.788	2983
19	28	0	0	0	0	153.909	2984
19	28	0	0	0	0	166.59	2985
19	27	0	0	0	0	155.378	2986
20	27	0	0	0	0	144.107	2987
20	27	0	0	0	0	148.445	2988
20	27	0	0	0	0	165.556	2989
20	27	0	0	0	0	163.833	2990
20	27	0	0	0	0	165.934	2991
20	27	0	0	0	0	177.186	2992
20	27	0	0	0	0	163.357	2993
20	26	0	0	0	0	160.431	2994
20	26	0	0	0	0	158.892	2995
20	24	0	0	0	0	161.894	2996
19	24	0	0	0	0	151.658	2997
18	24	0	0	0	0	144.297	2998
18	24	0	0	0	0	147.802	2999
18	24	0	0	0	0	150.487	3000
18	24	0	0	0	0	148.08	3001
18	25	0	0	0	0	155.484	3002
18	24	0	0	0	0	154.928	3003
17	24	0	0	0	0	140.013	3004
17	24	0	0	0	0	145.277	3005
17	24	0	0	0	0	142.51	3006
17	23	0	0	0	0	139.876	3007
17	26	0	0	0	0	142.82	3008
17	26	0	0	0	0	133.797	3009
17	26	0	0	0	0	140.269	3010
17	25	0	0	0	0	136.691	3011
16	25	0	0	0	0	144.085	3012
16	25	0	0	0	0	142.682	3013
16	25	0	0	0	0	144.748	3014
16	25	0	0	0	0	130.929	3015
16	26	0	0	0	0	117.227	3016
7	27	0	0	0	0	102.324	3017
7	27	0	0	0	0	116.676	3018
7	27	0	0	0	0	110.44	3019
7	27	0	0	0	0	116.698	3020
7	26	0	0	0	0	104.854	3021
7	26	0	0	0	0	115.608	3022
7	26	0	0	0	0	114.858	3023
7	25	0	0	0	0	111.55	3024
6	25	0	0	0	0	104.409	3025
5	25	0	0	0	0	105.416	3026
5	25	0	0	0	0	107.572	3027
5	25	0	0	0	0	104.846	3028
5	25	0	0	0	0	104.15	3029
5	25	0	0	0	0	106.724	3030
5	26	0	0	0	0	104.479	3031
5	26	0	0	0	0	81.9282	3032
5	26	0	0	0	0	92.1596	3033
3	26	0	0	0	0	77.5118	3034
3	30	0	0	0	0	96.129	3035
2	29	0	0	0	0	92.5166	3036
2	29	0	0	0	0	97.522	3037
2	28	0	0	0	0	98.797	3038
2	28	0	0	0	0	97.4041	3039
2	28	0	0	0	0	100.62	3040
2	28	0	0	0	0	104.631	3041
2	27	0	0	0	0	102.71	3042
2	27	0	0	0	0	99.1429	3043
0	27	0	0	0	0	95.5758	3044
0	27	0	0	0	0	98.8743	3045
0	27	0	0	0	0	86.1569	3046
0	25	0	0	0	0	78.516	3047
0	25	0	0	0	0	83.802	3048
0	25	0	0	0	0	80.6711	3049
0	25	0	0	0	0	88.653	3050
0	24	0	0	0	0	84.0428	3051
0	24	0	0	0	0	86.21	3052
0	24	0	0	0	0	81.1222	3053
0	24	0	0	0	0	77.7544	3054
0	24	0	0	0	0	79.8722	3055
0	23	0	0	0	0	78.819	3056
0	23	0	0	0	0	82.8813	3057
0	23	0	0	0	0	83.7963	3058
0	23	0	0	0	0	68.712	3059
0	23	0	0	0	0	77.1328	3060
1	23	0	0	0	0	79.8889	3061
4	23	0	0	0	0	59.7725	3062
4	23	0	0	0	0	72.4261	3063
7	23	0	0	0	0	76.4114	3064
8	23	0	0	0	0	65.208	3065
8	22	0	0	0	0	74.6053	3066
8	22	0	0	0	0	105.931	3067
8	22	0	0	0	0	107.758	3068
8	22	0	0	0	0	110.61	3069
8	22	0	0	0	0	108.172	3070
8	22	0	0	0	0	107.053	3071
10	22	0	0	0	0	111.632	3072
10	22	0	0	0	0	101.928	3073
10	22	0	0	0	0	119.94	3074
10	22	0	0	0	0	113.893	3075
11	22	0	0	0	0	112.982	3076
11	22	0	0	0	0	110.338	3077
11	22	0	0	0	0	109.981	3078
11	22	0	0	0	0	109.15	3079
11	20	0	0	0	0	101.472	3080
11	20	0	0	0	0	106.607	3081
11	19	0	0	0	0	111.687	3082
11	19	0	0	0	0	91.9966	3083
11	19	0	0	0	0	104.989	3084
11	19	0	0	0	0	106.383	3085
12	19	0	0	0	0	101.176	3086
12	19	0	0	0	0	98.6272	3087
13	19	0	0	0	0	88.5834	3088
14	19	0	0	0	0	119.138	3089
15	19	0	0	0	0	111.748	3090
15	20	0	0	0	0	107.236	3091
16	20	0	0	0	0	113.755	3092
16	20	0	0	0	0	113.71	3093
16	19	0	0	0	0	120.515	3094
17	19	0	0	0	0	124.756	3095
17	19	0	0	0	0	124.257	3096
17	19	0	0	0	0	123.354	3097
17	19	0	0	0	0	127.136	3098
17	19	0	0	0	0	113.23	3099
14	18	0	0	0	0	115.338	3100
14	19	0	0	0	0	110.834	3101
14	19	0	0	0	0	113.462	3102
14	18	0	0	0	0	111.388	3103
16	18	0	0	0	0	110.305	3104
17	18	0	0	0	0	110.766	3105
17	18	0	0	0	0	116.498	3106
18	18	0	0	0	0	109.255	3107
18	18	0	0	0	0	105.898	3108
18	18	0	0	0	0	114.819	3109
16	18	0	0	0	0	114.31	3110
16	18	0	0	0	0	109.996	3111
16	19	0	0	0	0	114.359	3112
16	19	0	0	0	0	112.156	3113
16	19	0	0	0	0	114.903	3114
18	19	0	0	0	0	114.462	3115
18	19	0	0	0	0	127.99	3116
19	19	0	0	0	0	129.616	3117
19	19	0	0	0	0	122.819	3118
19	19	0	0	0	0	127.354	3119
19	19	0	0	0	0	125.421	3120
19	19	0	0	0	0	124.717	3121
19	19	0	0	0	0	121.464	3122
19	19	0	0	0	0	122.609	3123
19	19	0	0	0	0	120.896	3124
17	19	0	0	0	0	127.132	3125
17	19	0	0	0	0	128.885	3126
17	19	0	0	0	0	116.39	3127
18	18	0	0	0	0	117.604	3128
18	18	0	0	0	0	122.133	3129
18	18	0	0	0	0	125.615	3130
18	19	0	0	0	0	115.835	3131
18	19	0	0	0	0	110.333	3132
18	17	0	0	0	0	117.741	3133
18	17	0	0	0	0	117.526	3134
19	17	0	0	0	0	110.307	3135
20	17	0	0	0	0	124.274	3136
20	17	0	0	0	0	117.375	3137
21	17	0	0	0	0	98.8521	3138
22	17	0	0	0	0	122.02	3139
22	16	0	0	0	0	109.181	3140
23	16	0	0	0	0	118.674	3141
23	16	0	0	0	0	111.727	3142
22	16	0	0	0	0	122.15	3143
22	16	0	0	0	0	112.522	3144
20	16	0	0	0	0	123.163	3145
23	16	0	0	0	0	119.931	3146
23	16	0	0	0	0	130.063	3147
23	16	0	0	0	0	120.458	3148
23	16	0	0	0	0	122.955	3149
23	16	0	0	0	0	127.821	3150
23	15	0	0	0	0	113.966	3151
23	14	0	0	0	0	118.027	3152
23	14	0	0	0	0	123.552	3153
24	14	0	0	0	0	126.346	3154
24	13	0	0	0	0	119.672	3155
25	13	0	0	0	0	133.096	3156
25	13	0	0	0	0	126.324	3157
26	11	0	0	0	0	122.681	3158
26	11	0	0	0	0	127.75	3159
26	11	0	0	0	0	127.164	3160
26	11	0	0	0	0	125.844	3161
25	11	0	0	0	0	120.353	3162
26	11	0	0	0	0	127.601	3163
28	11	0	0	0	0	115.087	3164
27	11	0	0	0	0	129.589	3165
27	10	0	0	0	0	119.798	3166
27	9	0	0	0	0	121.605	3167
27	10	0	0	0	0	127.467	3168
27	10	0	0	0	0	112.868	3169
26	10	0	0	0	0	124.381	3170
26	10	0	0	0	0	121.791	3171
26	10	0	0	0	0	125.59	3172
27	10	0	0	0	0	128.361	3173
27	10	0	0	0	0	116.845	3174
26	10	0	0	0	0	117.842	3175
26	11	0	0	0	0	122.303	3176
26	10	0	0	0	0	106.026	3177
26	9	0	0	0	0	114.429	3178
26	8	0	0	0	0	111.949	3179
26	8	0	0	0	0	120.59	3180
26	8	0	0	0	0	106.593	3181
26	8	0	0	0	0	110.021	3182
26	8	0	0	0	0	107.504	3183
26	8	0	0	0	0	109.727	3184
24	6	0	0	0	0	100.652	3185
25	6	0	0	0	0	106.718	3186
25	6	0	0	0	0	103.15	3187
25	6	0	0	0	0	109.682	3188
25	6	0	0	0	0	89.2816	3189
25	6	0	0	0	0	106.265	3190
25	6	0	0	0	0	101.82	3191
25	6	0	0	0	0	106.956	3192
25	6	0	0	0	0	106.494	3193
25	6	0	0	0	0	99.5045	3194
25	6	0	0	0	0	109.208	3195
25	6	0	0	0	0	111.346	3196
25	6	0	0	0	0	106.186	3197
25	7	0	0	0	0	111.907	3198
25	7	0	0	0	0	110.536	3199
25	8	0	0	0	0	108.16	3200
25	8	0	0	0	0	112.118	3201
25	8	0	0	0	0	119.48	3202
25	8	0	0	0	0	107.368	3203
24	8	0	0	0	0	106.563	3204
24	8	0	0	0	0	107.359	3205
24	7	0	0	0	0	114.422	3206
24	7	0	0	0	0	107.307	3207
25	8	0	0	0	0	114.326	3208
25	8	0	0	0	0	116.29	3209
25	8	0	0	0	0	118.84	3210
25	8	0	0	0	0	109.163	3211
25	8	0	0	0	0	116.451	3212
25	8	0	0	0	0	122.713	3213
25	8	0	0	0	0	112.692	3214
26	9	0	0	0	0	115.441	3215
26	9	0	0	0	0	107.172	3216
25	9	0	0	0	0	115.581	3217
25	9	0	0	0	0	106.638	3218
24	9	0	0	0	0	108.961	3219
23	9	0	0	0	0	97.5388	3220
23	9	0	0	0	0	105.872	3221
23	9	0	0	0	0	96.7182	3222
23	9	0	0	0	0	107.205	3223
20	9	0	0	0	0	104.339	3224
20	9	0	0	0	0	96.9913	3225
20	9	0	0	0	0	104.145	3226
20	9	0	0	0	0	100.418	3227
20	9	0	0	0	0	104.107	3228
20	9	0	0	0	0	103.361	3229
19	9	0	0	0	0	103.147	3230
19	9	0	0	0	0	99.7223	3231
19	9	0	0	0	0	99.2435	3232
19	9	0	0	0	0	93.3933	3233
19	9	0	0	0	0	98.047	3234
19	9	0	0	0	0	100.182	3235
19	9	0	0	0	0	97.1292	3236
19	9	0	0	0	0	99.9334	3237
19	9	0	0	0	0	95.9952	3238
18	9	0	0	0	0	88.251	3239
18	9	0	0	0	0	76.9005	3240
18	7	0	0	0	0	78.4042	3241
18	7	0	0	0	0	80.2336	3242
17	7	0	0	0	0	80.2485	3243
17	7	0	0	0	0	78.4747	3244
16	7	0	0	0	0	79.0316	3245
16	7	0	0	0	0	84.5389	3246
16	7	0	0	0	0	80.1414	3247
16	7	0	0	0	0	77.0458	3248
16	9	0	0	0	0	84.5162	3249
16	9	0	0	0	0	87.6114	3250
16	9	0	0	0	0	84.7791	3251
16	9	0	0	0	0	84.4682	3252
16	9	0	0	0	0	81.28	3253
17	9	0	0	0	0	81.5786	3254
16	9	0	0	0	0	84.9602	3255
16	9	0	0	0	0	84.2468	3256
14	9	0	0	0	0	79.7916	3257
14	10	0	0	0	0	79.4869	3258
14	10	0	0	0	0	78.6147	3259
14	10	0	0	0	0	75.4579	3260
14	10	0	0	0	0	78.801	3261
13	10	0	0	0	0	81.9056	3262
13	10	0	0	0	0	77.4381	3263
13	10	0	0	0	0	75.4878	3264
12	10	0	0	0	0	71.933	3265
12	10	0	0	0	0	73.5698	3266
12	10	0	0	0	0	73.4875	3267
11	10	0	0	0	0	73.4583	3268
11	10	0	0	0	0	76.0027	3269
11	10	0	0	0	0	68.8513	3270
11	10	0	0	0	0	70.0535	3271
11	10	0	0	0	0	71.362	3272
11	10	0	0	0	0	72.6743	3273
11	10	0	0	0	0	69.4692	3274
11	10	0	0	0	0	70.8398	3275
11	10	0	0	0	0	72.2825	3276
11	10	0	0	0	0	62.1125	3277
11	10	0	0	0	0	64.9354	3278
11	9	0	0	0	0	61.252	3279
11	9	0	0	0	0	67.9243	3280
11	8	0	0	0	0	65.9972	3281
11	8	0	0	0	0	65.7562	3282
11	8	0	0	0	0	49.4475	3283
11	8	0	0	0	0	64.15	3284
11	8	0	0	0	0	59.1093	3285
10	9	0	0	0	0	64.5874	3286
11	11	0	0	0	0	66.6079	3287
11	11	0	0	0	0	72.6719	3288
11	11	0	0	0	0	76.1302	3289
11	11	0	0	0	0	75.4988	3290
11	11	0	0	0	0	68.7583	3291
11	11	0	0	0	0	67.0831	3292
9	11	0	0	0	0	62.9338	3293
8	11	0	0	0	0	56.709	3294
7	11	0	0	0	0	45.8223	3295
5	11	0	0	0	0	50.5836	3296
5	11	0	0	0	0	44.6238	3297
6	11	0	0	0	0	47.9719	3298
6	11	0	0	0	0	59.1337	3299
6	11	0	0	0	0	48.7448	3300
6	10	0	0	0	0	49.4206	3301
6	10	0	0	0	0	46.8478	3302
7	10	0	0	0	0	39.0728	3303
8	10	0	0	0	0	44.614	3304
8	10	0	0	0	0	38.0394	3305
8	10	0	0	0	0	45.757	3306
8	10	0	0	0	0	44.3647	3307
8	9	0	0	0	0	44.2769	3308
8	9	0	0	0	0	43.2303	3309
8	9	0	0	0	0	45.3804	3310
8	9	0	0	0	0	46.8856	3311
8	10	0	0	0	0	42.6863	3312
8	10	0	0	0	0	42.1537	3313
7	10	0	0	0	0	43.9884	3314
7	10	0	0	0	0	46.1322	3315
7	10	0	0	0	0	44.8401	3316
8	10	0	0	0	0	41.6673	3317
8	10	0	0	0	0	46.899	3318
9	10	0	0	0	0	44.111	3319
9	10	0	0	0	0	44.7636	3320
9	10	0	0	0	0	50.2563	3321
9	11	0	0	0	0	64.0288	3322
9	11	0	0	0	0	59.6762	3323
9	11	0	0	0	0	64.5589	3324
9	11	0	0	0	0	62.3763	3325
9	11	0	0	0	0	70.9798	3326
9	11	0	0	0	0	63.0615	3327
9	11	0	0	0	0	66.0223	3328
8	11	0	0	0	0	57.1896	3329
8	11	0	0	0	0	57.0596	3330
8	11	0	0	0	0	61.9779	3331
8	11	0	0	0	0	57.9055	3332
8	12	0	0	0	0	58.6819	3333
8	11	0	0	0	0	61.2155	3334
9	11	0	0	0	0	56.7202	3335
9	11	0	0	0	0	60.6067	3336
9	10	0	0	0	0	58.1768	3337
9	10	0	0	0	0	57.4321	3338
9	10	0	0	0	0	60.8221	3339
9	10	0	0	0	0	56.206	3340
9	11	0	0	0	0	59.9071	3341
9	11	0	0	0	0	68.0694	3342
9	12	0	0	0	0	63.7844	3343
9	13	0	0	0	0	65.8833	3344
9	13	0	0	0	0	72.2902	3345
9	13	0	0	0	0	66.7611	3346
9	13	0	0	0	0	74.4242	3347
9	13	0	0	0	0	67.9764	3348
9	12	0	0	0	0	69.6146	3349
9	12	0	0	0	0	74.3689	3350
9	12	0	0	0	0	66.0585	3351
9	12	0	0	0	0	65.9952	3352
9	12	0	0	0	0	64.7759	3353
8	12	0	0	0	0	60.6456	3354
8	13	0	0	0	0	69.012	3355
8	14	0	0	0	0	66.6868	3356
8	14	0	0	0	0	71.8935	3357
8	14	0	0	0	0	67.3636	3358
8	13	0	0	0	0	71.961	3359
8	13	0	0	0	0	76.0479	3360
8	13	0	0	0	0	71.0439	3361
8	13	0	0	0	0	72.866	3362
8	13	0	0	0	0	67.0595	3363
8	14	0	0	0	0	72.3236	3364
8	14	0	0	0	0	75.4474	3365
8	14	0	0	0	0	77.1571	3366
8	14	0	0	0	0	69.528	3367
8	14	0	0	0	0	73.6329	3368
8	14	0	0	0	0	68.5772	3369
8	14	0	0	0	0	70.3662	3370
8	13	0	0	0	0	72.3421	3371
8	12	0	0	0	0	70.7223	3372
8	12	0	0	0	0	63.9361	3373
8	12	0	0	0	0	65.7845	3374
8	12	0	0	0	0	69.0253	3375
8	12	0	0	0	0	63.3379	3376
8	12	0	0	0	0	66.4015	3377
8	12	0	0	0	0	68.6813	3378
8	12	0	0	0	0	61.9734	3379
8	12	0	0	0	0	63.2391	3380
8	12	0	0	0	0	61.2411	3381
8	12	0	0	0	0	72.1149	3382
8	12	0	0	0	0	69.229	3383
8	12	0	0	0	0	58.8786	3384
8	12	0	0	0	0	69.3307	3385
8	12	0	0	0	0	65.1233	3386
8	12	0	0	0	0	64.8761	3387
8	12	0	0	0	0	63.5799	3388
7	12	0	0	0	0	57.9502	3389
7	12	0	0	0	0	53.3385	3390
7	12	0	0	0	0	57.5595	3391
7	12	0	0	0	0	58.2504	3392
7	12	0	0	0	0	56.9293	3393
7	12	0	0	0	0	56.0214	3394
7	12	0	0	0	0	54.7692	3395
6	11	0	0	0	0	58.4181	3396
6	11	0	0	0	0	58.7152	3397
6	11	0	0	0	0	49.4598	3398
6	10	0	0	0	0	55.4681	3399
6	10	0	0	0	0	44.1406	3400
6	9	0	0	0	0	37.3515	3401
6	9	0	0	0	0	48.9623	3402
6	9	0	0	0	0	46.7653	3403
5	9	0	0	0	0	45.3295	3404
5	9	0	0	0	0	49.0301	3405
5	9	0	0	0	0	46.7981	3406
5	9	0	0	0	0	46.8744	3407
5	9	0	0	0	0	48.7094	3408
5	9	0	0	0	0	47.6049	3409
5	9	0	0	0	0	42.9548	3410
5	8	0	0	0	0	39.064	3411
5	8	0	0	0	0	39.0977	3412
5	7	0	0	0	0	38.6199	3413
5	7	0	0	0	0	39.0996	3414
5	7	0	0	0	0	35.2457	3415
5	7	0	0	0	0	31.2041	3416
5	6	0	0	0	0	37.0337	3417
5	6	0	0	0	0	35.3546	3418
5	6	0	0	0	0	27.66	3419
5	5	0	0	0	0	27.4803	3420
5	4	0	0	0	0	27.6721	3421
5	4	0	0	0	0	16.4966	3422
5	1	0	0	0	0	14.9993	3423
5	1	0	0	0	0	12.8351	3424
4	1	0	0	0	0	7.86168	3425
4	1	0	0	0	0	13.1751	3426
4	1	0	0	0	0	13.2756	3427
4	1	0	0	0	0	13.2756	3428
4	1	0	0	0	0	6.65685	3429
4	0	0	0	0	0	8.49329	3430
4	0	0	0	0	0	9.3927	3431
4	0	0	0	0	0	9.3927	3432
4	0	0	0	0	0	8.49329	3433
4	0	0	0	0	0	9.29232	3434
4	0	0	0	0	0	8.49329	3435
4	0	0	0	0	0	8.68318	3436
4	0	0	0	0	0	8.68318	3437
4	0	0	0	0	0	9.3927	3438
4	0	0	0	0	0	8.49329	3439
4	0	0	0	0	0	7.62461	3440
4	0	0	0	0	0	8.56901	3441
4	0	0	0	0	0	8.27808	3442
4	0	0	0	0	0	7.54429	3443
4	0	0	0	0	0	7.85765	3444
4	0	0	0	0	0	2.7697	3445
3	0	0	0	0	0	-1.73723	3446
2	0	0	0	0	0	-2.72544	3447
1	0	0	0	0	0	-2.72544	3448
1	0	0	0	0	0	-3.19544	3449
1	0	0	0	0	0	-3.28614	3450
1	0	0	0	0	0	-3.45328	3451
1	0	0	0	0	0	-3.45328	3452
1	0	0	0	0	0	nan	3453
