unique_top_cov	unique_bot_cov	redundant_top_cov	redundant_bot_cov	raw_redundant_top_cov	raw_redundant_bot_cov	e_value	position
2	1	0	0	0	0	nan	1
3	1	0	0	0	0	nan	2
3	1	0	0	0	0	nan	3
3	2	0	0	0	0	6.34557	4
3	2	0	0	0	0	8.18598	5
3	4	0	0	0	0	7.04347	6
3	4	0	0	0	0	8.28117	7
3	4	0	0	0	0	18.5606	8
4	5	0	0	0	0	18.4449	9
4	5	0	0	0	0	18.8355	10
4	5	0	0	0	0	26.2295	11
4	5	0	0	0	0	27.4242	12
4	5	0	0	0	0	25.4634	13
4	5	0	0	0	0	28.589	14
5	5	0	0	0	0	27.7069	15
6	11	0	0.333333	0	1	28.3379	16
6	11	0	0.333333	0	1	51.5234	17
6	11	0	0.333333	0	1	53.5542	18
7	11	0	0.333333	0	1	53.5542	19
8	11	0	0.333333	0	1	54.0519	20
8	11	0	0.333333	0	1	67.8555	21
8	11	0	0.333333	0	1	56.4148	22
8	11	0	0.333333	0	1	50.8572	23
8	11	0	0.333333	0	1	60.4397	24
8	11	0	0.333333	0	1	51.3536	25
8	12	0	0.333333	0	1	62.9485	26
8	12	0	0.666667	0	2	63.8326	27
9	12	0	0.666667	0	2	65.4474	28
9	12	0	0.666667	0	2	67.7664	29
9	12	0	0.666667	0	2	68.9687	30
10	12	0	0.666667	0	2	71.4246	31
10	12	0	0.666667	0	2	78.3832	32
10	12	0	0.666667	0	2	72.3422	33
10	13	0	0.666667	0	2	74.2804	34
11	13	0	0.666667	0	2	80.6433	35
11	13	0	0.666667	0	2	84.4474	36
12	13	0	0.666667	0	2	83.2701	37
12	13	0	0.666667	0	2	82.2343	38
13	13	0	0.666667	0	2	87.8505	39
13	13	0	0.666667	0	2	82.6646	40
13	14	0	0.666667	0	2	87.8857	41
15	15	0	0.666667	0	2	84.5336	42
15	15	0	0.666667	0	2	99.4074	43
15	15	0	0.666667	0	2	106.7	44
15	15	0	0.666667	0	2	104.312	45
15	16	0	0.666667	0	2	111.239	46
15	16	0	0.666667	0	2	108.416	47
15	16	0	0.666667	0	2	101.88	48
15	16	0	0.666667	0	2	103.822	49
16	16	0	0.666667	0	2	108.25	50
16	17	0	0.666667	0	2	115.609	51
16	17	0	0.666667	0	2	112.64	52
16	17	0	0.666667	0	2	116.641	53
16	17	0	0.666667	0	2	113.81	54
16	18	0	0.666667	0	2	118.82	55
16	18	0	0.666667	0	2	126.479	56
17	18	0	0.666667	0	2	122.143	57
17	18	0	0.666667	0	2	121.031	58
17	18	0	0.666667	0	2	128.097	59
17	18	0	0.666667	0	2	116.261	60
17	18	0	0.666667	0	2	116.996	61
17	18	0	0.666667	0	2	129.11	62
17	18	0	0.666667	0	2	123.568	63
17	18	0	0.666667	0	2	117.27	64
18	18	0	0.666667	0	2	122.541	65
19	18	0	0.666667	0	2	125.674	66
19	18	0	0.666667	0	2	125.154	67
19	18	0	0.666667	0	2	137.819	68
19	18	0	0.333333	0	1	134.199	69
19	18	0	0.333333	0	1	135.208	70
19	18	0	0.333333	0	1	136.092	71
19	18	0	0.333333	0	1	125.385	72
19	18	0	0	0	0	131.385	73
19	18	0	0	0	0	119.109	74
19	18	0	0	0	0	125.177	75
19	18	0	0	0	0	124.127	76
19	18	0	0	0	0	137.254	77
19	19	0	0	0	0	134.095	78
19	19	0	0	0	0	133.303	79
19	19	0	0	0	0	127.385	80
20	19	0	0	0	0	135.13	81
20	19	0	0	0	0	123.279	82
20	19	0	0	0	0	138.44	83
20	18	0	0	0	0	130.937	84
21	20	0	0	0	0	136.431	85
21	20	0	0	0	0	136.79	86
21	20	0	0	0	0	131.717	87
21	20	0	0	0	0	128.459	88
21	20	0	0	0	0	140.172	89
22	20	0	0	0	0	145.222	90
23	20	0	0	0	0	149.304	91
23	20	0	0	0	0	149.394	92
23	20	0	0	0	0	161.11	93
23	20	0	0	0	0	149.387	94
24	19	0	0	0	0	147.677	95
24	20	0	0	0	0	148.585	96
24	20	0	0	0	0	156.943	97
24	20	0	0	0	0	156.757	98
24	20	0	0	0	0	150.892	99
24	20	0	0	0	0	152.566	100
24	20	0	0	0	0	158.765	101
24	20	0	0	0	0	132.524	102
24	20	0	0	0	0	145.321	103
25	19	0	0	0	0	152.451	104
27	19	0	0	0	0	156.715	105
27	19	0	0	0	0	146.973	106
28	19	0	0	0	0	160.04	107
27	19	0	0	0	0	148.678	108
27	19	0	0	0	0	155.463	109
27	19	0	0	0	0	170.575	110
28	19	0	0	0	0	168.019	111
28	19	0	0	0	0	158.492	112
28	19	0	0	0	0	165.474	113
29	18	0	0	0	0	163.186	114
29	18	0	0	0	0	161.852	115
29	18	0	0	0	0	163.843	116
29	18	0	0	0	0	151.672	117
29	18	0	0	0	0	157.039	118
29	18	0	0	0	0	158.782	119
28	18	0	0	0	0	165.04	120
28	18	0	0	0	0	160.877	121
28	18	0	0	0	0	165.902	122
28	18	0	0	0	0	155.797	123
28	18	0	0	0	0	158.592	124
28	18	0	0	0	0	148.774	125
27	18	0	0	0	0	9.17045	126
28	18	0	0	0	0	152.794	127
29	17	0	0	0	0	152.544	128
29	17	0	0	0	0	144.818	129
29	17	0	0	0	0	144.197	130
30	17	0	0	0	0	156.629	131
30	17	0	0	0	0	151.723	132
30	17	0	0	0	0	148.137	133
31	18	0	0	0	0	151.842	134
32	17	0	0	0	0	144.509	135
32	16	0	0	0	0	151.213	136
32	16	0	0	0	0	154.684	137
32	16	0	0	0	0	153.677	138
32	15	0	0	0	0	154.183	139
32	15	0	0	0	0	156.228	140
33	14	0	0	0	0	161.614	141
34	17	0	0	0	0	169.353	142
33	18	0	0	0	0	172.986	143
33	17	0	0	0	0	161.615	144
33	17	0	0	0	0	149.422	145
33	16	0	0	0	0	156.359	146
33	14	0	0	0	0	17.6914	147
33	14	0	0	0	0	155.914	148
33	14	0	0	0	0	171.646	149
33	14	0	0	0	0	165.248	150
32	15	0	0	0	0	157.012	151
29	15	0	0	0	0	139.329	152
27	16	0	0	0	0	-4.24351	153
27	16	0	0	0	0	142.885	154
26	16	0	0	0	0	-5.29548	155
26	17	0	0	0	0	134.147	156
27	17	0	0	0	0	148.567	157
27	17	0	0	0	0	152.697	158
27	17	0	0	0	0	145.366	159
27	18	0	0	0	0	159.996	160
27	19	0	0	0	0	157.439	161
27	19	0	0	0	0	161.172	162
27	19	0	0	0	0	127.222	163
27	19	0	0	0	0	135.316	164
26	19	0	0	0	0	143.775	165
26	15	0	0	0	0	130.948	166
23	15	0	0	0	0	12.9771	167
24	15	0	0	0	0	140.832	168
24	16	0	0	0	0	113.544	169
23	16	0	0	0	0	122.384	170
22	16	0	0	0	0	140.455	171
22	16	0	0	0	0	130.462	172
23	15	0	0	0	0	128.561	173
23	15	0	0	0	0	126.918	174
23	15	0	0	0	0	125.384	175
23	15	0	0	0	0	125.1	176
23	14	0	0	0	0	128.53	177
24	15	0	0	0	0	116.443	178
25	15	0	0	0	0	127.495	179
25	15	0	0	0	0	140.725	180
26	15	0	0	0	0	130.367	181
26	16	0	0	0	0	142.588	182
26	16	0	0	0	0	151.851	183
27	16	0	0	0	0	137.822	184
28	16	0	0	0	0	150.313	185
28	16	0	0	0	0	25.0252	186
28	16	0	0	0	0	144.724	187
28	16	0	0	0	0	144.874	188
28	16	0	0	0	0	158.816	189
28	16	0	0	0	0	150.952	190
29	17	0	0	0	0	160.589	191
29	17	0	0	0	0	153.625	192
29	17	0	0	0	0	156.457	193
29	17	0	0	0	0	162.372	194
29	17	0	0	0	0	152.489	195
28	17	0	0	0	0	140.789	196
28	18	0	0	0	0	147.726	197
28	18	0	0	0	0	158.436	198
28	18	0	0	0	0	164.172	199
28	17	0	0	0	0	144.59	200
28	17	0	0	0	0	152.511	201
28	17	0	0	0	0	155.621	202
28	18	0	0	0	0	149.417	203
28	17	0	0	0	0	19.1434	204
28	18	0	0	0	0	128.202	205
29	18	0	0	0	0	127.835	206
29	18	0	0	0	0	131.642	207
28	18	0	0	0	0	131.088	208
28	18	0	0	0	0	123.731	209
27	16	0	0	0	0	18.8573	210
27	16	0	0	0	0	136.385	211
27	16	0	0	0	0	131.743	212
27	17	0	0	0	0	24.5062	213
25	17	0	0	0	0	130.768	214
25	17	0	0	0	0	130.414	215
25	17	0	0	0	0	138.422	216
25	17	0	0	0	0	138.931	217
25	18	0	0	0	0	137.743	218
25	18	0	0	0	0	145.206	219
25	18	0	0	0	0	143.43	220
24	18	0	0	0	0	138.861	221
23	17	0	0	0	0	136.496	222
23	17	0	0	0	0	121.013	223
23	17	0	0	0	0	134.476	224
23	17	0	0	0	0	23.0638	225
23	17	0	0	0	0	139.416	226
23	17	0	0	0	0	127.257	227
22	17	0	0	0	0	129.781	228
21	17	0	0	0	0	18.0342	229
21	18	0	0	0	0	132.041	230
21	18	0	0	0	0	128.489	231
21	18	0	0	0	0	124.468	232
21	18	0	0	0	0	132.916	233
21	18	0	0	0	0	123.392	234
21	19	0	0	0	0	133.341	235
21	19	0	0	0	0	130.493	236
20	19	0	0	0	0	130.474	237
19	19	0	0	0	0	121.549	238
19	20	0	0	0	0	120.013	239
18	20	0	0	0	0	26.2956	240
18	20	0	0	0	0	124.226	241
18	20	0	0	0	0	119.019	242
18	20	0	0	0	0	111.452	243
18	20	0	0	0	0	107.959	244
17	20	0	0	0	0	108.336	245
17	20	0	0	0	0	115.667	246
16	19	0	0	0	0	99.9066	247
15	20	0	0	0	0	105.507	248
15	20	0	0	0	0	25.2707	249
15	21	0	0	0	0	92.6104	250
15	21	0	0	0	0	93.7849	251
14	21	0	0	0	0	97.7773	252
14	21	0	0	0	0	91.7657	253
14	21	0	0	0	0	100.471	254
12	21	0	0	0	0	96.8693	255
11	21	0	0	0	0	87.2731	256
8	21	0	0	0	0	92.0527	257
8	21	0	0	0	0	85.9552	258
8	21	0	0	0	0	89.1478	259
8	21	0	0	0	0	89.2518	260
8	21	0	0.333333	0	1	82.5065	261
8	19	0	0.333333	0	1	75.9534	262
8	19	0.333333	0.333333	1	1	78.8762	263
7	19	0.333333	0.333333	1	1	80.2422	264
7	19	0.333333	0.333333	1	1	74.0025	265
7	19	0.333333	0.333333	1	1	67.6083	266
7	17	0.666667	0.333333	2	1	69.8741	267
7	17	0.666667	0.333333	2	1	71.362	268
7	17	0.666667	0.333333	2	1	65.5069	269
7	17	1	0.333333	3	1	61.1309	270
6	17	1	0.333333	3	1	66.0162	271
6	17	1	0.333333	3	1	66.3556	272
6	17	1	0.333333	3	1	62.0945	273
6	17	1	0.333333	3	1	59.6103	274
6	16	1	0.333333	3	1	62.0311	275
6	16	1	0.333333	3	1	57.7065	276
6	16	1	0.333333	3	1	65.9913	277
6	16	1	0.333333	3	1	62.9555	278
6	16	1	0.333333	3	1	63.6165	279
6	16	1	0.333333	3	1	60.7542	280
5	16	1	0.666667	3	2	52.6051	281
5	16	1	0.666667	3	2	52.1672	282
4	15	1	0.666667	3	2	52.3915	283
4	15	1	0.666667	3	2	51.0945	284
4	15	1	0.666667	3	2	50.2866	285
4	15	1	0.666667	3	2	54.5434	286
4	15	1	0.666667	3	2	56.1503	287
4	15	1	0.666667	3	2	52.4509	288
4	15	1	0.666667	3	2	38.5053	289
4	14	1	0.666667	3	2	45.2654	290
4	13	1	0.666667	3	2	44.804	291
4	13	1	0.666667	3	2	43.9543	292
4	13	1	0.666667	3	2	47.1726	293
4	13	1	0.666667	3	2	45.8575	294
4	13	1	0.666667	3	2	35.8666	295
4	12	1	0.666667	3	2	32.9096	296
4	11	1	0.666667	3	2	38.4935	297
4	11	1	0.666667	3	2	36.107	298
4	11	1	0.666667	3	2	35.5377	299
4	11	1	0.666667	3	2	38.1409	300
4	10	1	0.666667	3	2	36.5882	301
4	10	1	0.666667	3	2	32.5099	302
4	9	1	0.666667	3	2	32.1232	303
4	9	1	0.666667	3	2	30.6928	304
4	9	1	0.333333	3	1	33.0295	305
4	9	1	0.333333	3	1	34.9736	306
4	9	1	0.333333	3	1	32.1912	307
4	9	1	0.333333	3	1	29.785	308
4	9	1	0.333333	3	1	29.3004	309
4	8	1	0.333333	3	1	23.6192	310
4	6	1	0.333333	3	1	23.3273	311
4	6	1	0.333333	3	1	20.6865	312
4	6	1	0.333333	3	1	21.9689	313
4	6	1	0.333333	3	1	23.5722	314
4	6	0.666667	0.333333	2	1	23.3634	315
4	6	0.666667	0.333333	2	1	24.4991	316
4	6	0.666667	0.333333	2	1	21.5627	317
4	6	0.666667	0.333333	2	1	19.1835	318
4	6	0.666667	0.333333	2	1	19.4502	319
4	6	0.666667	0.333333	2	1	24.2059	320
4	6	0.666667	0.333333	2	1	23.6263	321
4	6	0.666667	0.333333	2	1	21.0699	322
4	5	0.666667	0	2	0	21.1051	323
4	5	0.666667	0	2	0	16.7085	324
4	4	0.666667	0	2	0	15.9828	325
4	4	0	0	0	0	18.9858	326
4	4	0	0	0	0	14.4336	327
3	4	0	0	0	0	nan	328
