unique_top_cov	unique_bot_cov	redundant_top_cov	redundant_bot_cov	raw_redundant_top_cov	raw_redundant_bot_cov	e_value	position
2	3	0.333333	0	1	0	nan	1
3	3	0.333333	0	1	0	12.4358	2
4	4	0.333333	0	1	0	16.233	3
5	5	0.666667	0	2	0	11.4967	4
5	5	1.33333	0	4	0	28.8293	5
5	5	1.33333	0	4	0	26.8882	6
5	5	1.66667	0	5	0	28.2998	7
8	5	1.66667	0	5	0	25.5904	8
10	5	1.66667	0	5	0	26.6211	9
11	5	1.66667	0	5	0	45.7692	10
13	5	2	0.333333	6	1	52.5742	11
13	7	2	0.333333	6	1	55.8153	12
13	7	2	0.333333	6	1	64.7654	13
13	7	2.33333	0.333333	7	1	68.3709	14
13	7	2.33333	0.333333	7	1	67.4439	15
13	8	2.33333	0.333333	7	1	62.2825	16
13	8	2.33333	0.333333	7	1	72.303	17
13	8	2.33333	0.333333	7	1	66.4905	18
13	8	2.33333	0.333333	7	1	70.6533	19
13	8	2.33333	0.333333	7	1	62.6642	20
13	9	2.33333	0.666667	7	2	58.7288	21
13	10	2.33333	0.666667	7	2	74.1766	22
14	10	2.33333	0.666667	7	2	77.8132	23
14	10	2.33333	1	7	3	73.33	24
16	10	3	1	9	3	75.6187	25
16	10	3.33333	1	10	3	93.7145	26
16	10	3.33333	1	10	3	92.6631	27
17	10	3.33333	1	10	3	83.4842	28
18	12	3.33333	1	10	3	91.5694	29
18	12	3.33333	1	10	3	86.1923	30
19	13	3.33333	1	10	3	101.773	31
19	13	3.33333	1	10	3	115.742	32
19	13	3.33333	1	10	3	109.793	33
19	13	3.33333	1	10	3	104.895	34
21	13	3.33333	1	10	3	109.168	35
24	16	3.33333	1	10	3	117.822	36
24	16	3.33333	1.33333	10	4	114.456	37
24	16	3.33333	1.33333	10	4	136.619	38
24	16	3.33333	1.33333	10	4	134.246	39
25	16	3.33333	1.33333	10	4	124.855	40
27	16	3.33333	1.33333	10	4	145.064	41
27	16	3.33333	1.33333	10	4	150.626	42
27	16	3.33333	1.33333	10	4	144.52	43
28	17	3.33333	1.33333	10	4	157.329	44
28	17	3.33333	1.33333	10	4	143.891	45
29	17	3.33333	1.33333	10	4	157.537	46
29	17	3.33333	1.33333	10	4	154.625	47
29	17	3.33333	1.33333	10	4	149.997	48
30	17	3.33333	1.33333	10	4	150.62	49
31	17	3.33333	1.33333	10	4	153.625	50
32	17	3.33333	1.33333	10	4	162.698	51
32	17	3.33333	1.33333	10	4	174.73	52
32	23	3.33333	1.33333	10	4	173.055	53
32	23	3.33333	1.33333	10	4	184.981	54
33	24	3.33333	1.33333	10	4	188.76	55
33	24	3.33333	1.33333	10	4	197.32	56
34	24	3.33333	1.33333	10	4	194.232	57
34	24	3.33333	1.33333	10	4	191.846	58
34	27	3	1	9	3	192.712	59
35	27	2.66667	1	8	3	187.493	60
35	29	2.33333	1	7	3	228.465	61
35	29	2	1	6	3	233.988	62
35	31	2	1	6	3	216.628	63
36	31	1.66667	1	5	3	235.525	64
37	32	1.66667	1	5	3	232.49	65
37	33	1.66667	1	5	3	238.026	66
38	33	1.66667	1	5	3	266.253	67
38	33	1.33333	1	4	3	257.45	68
38	34	1.33333	1	4	3	250.251	69
38	34	1	1	3	3	256.213	70
38	35	1	1	3	3	275.998	71
40	36	0.333333	1	1	3	252.58	72
40	36	0.333333	0.666667	1	2	239.163	73
40	37	0.333333	0.666667	1	2	264.621	74
41	37	0.333333	0.666667	1	2	290.282	75
41	37	0.333333	0.333333	1	1	295.459	76
42	37	0.333333	0.333333	1	1	275.023	77
42	39	0	0	0	0	294.528	78
42	41	0	0	0	0	296.273	79
42	42	0	0	0	0	296.575	80
42	42	0	0	0	0	302.212	81
43	42	0	0	0	0	297.745	82
43	42	0	0	0	0	317.698	83
43	42	0	0	0	0	307.995	84
43	45	0	0	0	0	310.875	85
43	45	0	0	0	0	320.276	86
43	45	0	0	0	0	306.943	87
43	45	0	0	0	0	298.196	88
43	45	0	0	0	0	276.568	89
43	44	0	0	0	0	329.511	90
43	44	0	0	0	0	280.912	91
43	44	0	0	0	0	330.589	92
43	44	0	0	0	0	334.828	93
43	44	0	0.333333	0	1	263.068	94
43	44	0	0.333333	0	1	309.2	95
43	44	0	0.333333	0	1	322.217	96
43	44	0	0.333333	0	1	322.494	97
43	44	0	0.333333	0	1	323.378	98
43	44	0	0.333333	0	1	314.672	99
43	44	0	0.333333	0	1	308.283	100
43	44	0.666667	0.333333	2	1	315.821	101
43	44	1	0.333333	3	1	331.329	102
42	44	1	0.333333	3	1	308.177	103
42	44	1	0.666667	3	2	303.594	104
42	43	1	0.666667	3	2	318.943	105
42	43	1	0.666667	3	2	276.139	106
42	43	1	0.666667	3	2	319	107
41	42	1	0.666667	3	2	277.22	108
41	42	1	0.666667	3	2	316.654	109
41	42	1	0.666667	3	2	257.805	110
41	42	1	0.666667	3	2	308.802	111
41	42	1	0.666667	3	2	267.938	112
41	41	1	0.666667	3	2	275.77	113
41	41	1	0.666667	3	2	295.874	114
40	40	1	0.666667	3	2	294.018	115
40	40	1	0.666667	3	2	288.465	116
40	40	1	0.666667	3	2	289.161	117
40	40	1	0.666667	3	2	290.996	118
40	39	1	0.666667	3	2	285.383	119
39	39	1	0.666667	3	2	236.525	120
39	39	1	0.666667	3	2	226.731	121
39	39	1	0.666667	3	2	272.263	122
37	39	1	0.666667	3	2	251.975	123
37	39	1	0.666667	3	2	263.601	124
33	38	1	0.666667	3	2	253.851	125
33	38	1	0.666667	3	2	231.976	126
33	38	1	0.666667	3	2	244.483	127
34	38	1	0.666667	3	2	259.72	128
34	38	1	0.666667	3	2	262.539	129
34	38	1	0.666667	3	2	242.126	130
31	38	1	0.666667	3	2	225.343	131
31	38	1	0.666667	3	2	241.625	132
30	37	1	0.666667	3	2	233.921	133
30	38	1	0.666667	3	2	232.105	134
29	38	1	0.666667	3	2	230.405	135
29	38	1	0.666667	3	2	236.821	136
28	37	1	0.666667	3	2	249.403	137
28	37	1	0.666667	3	2	240.867	138
28	37	0.666667	0.666667	2	2	233.957	139
28	37	0.333333	0.666667	1	2	232.339	140
28	37	0.333333	0.666667	1	2	235.789	141
28	36	0.333333	0.666667	1	2	241.701	142
27	36	0.333333	0.666667	1	2	226.204	143
27	36	0.333333	0.666667	1	2	218.373	144
27	36	0.333333	0.666667	1	2	213.008	145
27	36	0.333333	0.666667	1	2	222.489	146
26	36	0	0.666667	0	2	231.165	147
26	36	0	0.666667	0	2	227.606	148
26	36	0	0.666667	0	2	207.585	149
26	36	0	0.666667	0	2	227.687	150
26	36	0	0.333333	0	1	222.111	151
26	36	0	0.333333	0	1	185.447	152
24	35	0	0.333333	0	1	203.9	153
23	33	0	0.333333	0	1	196.713	154
23	33	0	0.333333	0	1	207.262	155
23	32	0	0.333333	0	1	197.873	156
23	32	0	0.333333	0	1	198.36	157
20	32	0	0.333333	0	1	187.26	158
20	30	0	0	0	0	178.946	159
20	29	0	0	0	0	167.078	160
21	29	0	0	0	0	149.088	161
21	27	0	0	0	0	181.264	162
20	27	0	0	0	0	169.881	163
