unique_top_cov	unique_bot_cov	redundant_top_cov	redundant_bot_cov	raw_redundant_top_cov	raw_redundant_bot_cov	e_value	position
1	0	0	0	0	0	nan	1
1	0	0	0	0	0	-3.3358	2
2	0	0	0	0	0	-3.00506	3
2	0	0	0	0	0	0.182665	4
2	0	0	0	0	0	-0.344961	5
2	0	0	0	0	0	0.772758	6
3	0	0	0	0	0	-1.97154	7
3	0	0	0	0	0	1.38951	8
3	0	0	0	0	0	0.772758	9
3	0	0	0	0	0	-4.63803	10
3	0	0	0	0	0	-1.40661	11
3	0	0	0	0	0	4.12961	12
3	0	0	0	0	0	4.59894	13
3	0	0	0	0	0	-0.489097	14
3	0	0	0	0	0	4.29833	15
3	0	0	0	0	0	3.75714	16
3	0	0	0	0	0	4.33624	17
3	0	0	0	0	0	2.7084	18
3	0	0	0	0	0	4.14908	19
3	0	0	0	0	0	4.48462	20
3	0	0	0	0	0	4.12961	21
3	0	0	0	0	0	2.7084	22
3	0	0	0.333333	0	1	4.72675	23
3	1	0	0.333333	0	1	1.5199	24
5	2	0	0.333333	0	1	8.64075	25
5	2	0	0.333333	0	1	18.1174	26
6	2	0	0.333333	0	1	14.4451	27
6	2	0	0.333333	0	1	21.9283	28
6	3	0	0.333333	0	1	24.0102	29
6	3	0	0.333333	0	1	23.61	30
6	3	0	0.333333	0	1	19.8815	31
6	3	0	0.333333	0	1	28.1997	32
6	3	0	0.333333	0	1	22.8949	33
6	3	0	0.333333	0	1	25.6518	34
6	3	0	0.333333	0	1	25.2588	35
6	3	0	0.333333	0	1	27.8354	36
6	3	0	0.333333	0	1	27.9023	37
6	3	0	0.333333	0	1	29.3109	38
6	3	0	0.333333	0	1	26.8539	39
6	3	0	0.333333	0	1	27.9685	40
7	3	0	0.333333	0	1	29.5205	41
7	4	0	0.333333	0	1	31.8967	42
7	4	0	0.333333	0	1	31.2903	43
7	4	0	0.333333	0	1	34.5505	44
7	4	0	0.333333	0	1	35.1409	45
7	4	0	0.333333	0	1	29.2888	46
7	4	0	0.333333	0	1	34.4473	47
7	4	0	0.333333	0	1	30.4506	48
8	4	0	0.333333	0	1	33.9157	49
8	4	0	0.333333	0	1	36.857	50
8	4	0	0.333333	0	1	41.3259	51
8	4	0	0.333333	0	1	29.1811	52
8	4	0	0.333333	0	1	40.4101	53
8	4	0	0.333333	0	1	39.5997	54
8	5	0	0.333333	0	1	41.3751	55
8	5	0	0.333333	0	1	43.2134	56
8	5	0	0.333333	0	1	43.6951	57
8	5	0	0.333333	0	1	42.2283	58
9	5	0	0.333333	0	1	44.3134	59
9	5	0	0.333333	0	1	47.3201	60
10	5	0	0.333333	0	1	46.1074	61
10	5	0	0.333333	0	1	47.1496	62
10	5	0	0.333333	0	1	49.5687	63
10	5	0	0.333333	0	1	48.0932	64
10	5	0	0.333333	0	1	45.1997	65
10	5	0	0.333333	0	1	46.0503	66
10	5	0	0.333333	0	1	50.6957	67
10	5	0	0.333333	0	1	46.8844	68
10	5	0	0.333333	0	1	49.104	69
10	5	0	0.333333	0	1	47.4968	70
10	5	0	0.333333	0	1	51.9648	71
10	5	0	0.333333	0	1	51.0299	72
10	5	0	0.333333	0	1	50.6307	73
10	5	0	0.333333	0	1	51.3291	74
10	5	0	0	0	0	50.2111	75
10	5	0	0	0	0	50.062	76
10	5	0	0	0	0	51.3785	77
11	6	0	0	0	0	51.6288	78
11	6	0	0	0	0	48.9966	79
11	6	0	0	0	0	52.7119	80
11	6	0	0	0	0	48.168	81
11	6	0	0	0	0	52.6993	82
11	6	0	0	0	0	57.1567	83
10	6	0	0	0	0	39.3561	84
10	6	0	0	0	0	43.1633	85
10	6	0	0	0	0	54.3323	86
11	6	0	0	0	0	54.1347	87
11	7	0	0	0	0	53.8025	88
11	8	0	0	0	0	62.7437	89
11	8	0	0	0	0	60.2838	90
11	8	0	0	0	0	58.4377	91
11	8	0	0	0	0	67.4922	92
11	8	0	0	0	0	55.6151	93
11	7	0	0	0	0	60.6615	94
11	7	0	0	0	0	55.4655	95
11	6	0	0	0	0	57.1195	96
10	6	0	0	0	0	55.1137	97
10	6	0	0	0	0	54.6883	98
10	6	0	0	0	0	52.4629	99
10	6	0	0	0	0	57.0095	100
10	6	0	0	0	0	51.5353	101
10	6	0	0	0	0	51.2749	102
10	6	0	0	0	0	43.4922	103
10	6	0	0	0	0	50.4957	104
11	6	0	0	0	0	43.3329	105
10	5	0	0	0	0	40.1445	106
10	6	0	0	0	0	41.9357	107
9	6	0	0	0	0	41.8449	108
9	6	0	0	0	0	38.3381	109
9	7	0	0	0	0	44.4875	110
9	7	0	0	0	0	42.0194	111
9	7	0	0	0	0	37.3526	112
9	7	0	0	0	0	43.0176	113
8	7	0	0	0	0	38.5746	114
8	7	0	0	0	0	49.1773	115
7	7	0	0	0	0	39.5145	116
7	7	0	0	0	0	49.364	117
7	7	0	0	0	0	45.6283	118
7	7	0	0	0	0	49.3851	119
7	7	0	0	0	0	44.3632	120
7	7	0	0	0	0	46.7978	121
7	7	0	0	0	0	46.7371	122
7	7	0	0	0	0	41.7735	123
7	7	0	0	0	0	41.8892	124
7	7	0	0	0	0	48.6331	125
7	7	0	0	0	0	44.1617	126
7	6	0	0	0	0	41.7353	127
9	6	0	0	0	0	36.974	128
10	6	0	0	0	0	47.5451	129
10	6	0	0	0	0	51.1764	130
10	6	0	0	0	0	51.881	131
10	6	0	0	0	0	53.5898	132
10	6	0	0	0	0	54.5741	133
10	6	0	0	0	0	47.4703	134
11	6	0	0	0	0	39.8246	135
10	6	0	0	0	0	31.9389	136
10	6	0	0	0	0	53.3892	137
10	6	0	0	0	0	50.4466	138
10	7	0	0	0	0	51.2096	139
11	7	0	0	0	0	46.5624	140
12	7	0	0	0	0	58.4107	141
12	6	0	0	0	0	50.8729	142
12	6	0	0	0	0	52.2548	143
14	6	0	0	0	0	54.5114	144
14	6	0	0	0	0	56.8348	145
14	6	0	0	0	0	59.1688	146
14	6	0	0	0	0	70.7982	147
14	6	0	0	0	0	63.8241	148
15	6	0	0	0	0	69.0546	149
15	7	0	0	0	0	66.7804	150
15	7	0	0	0	0	72.9935	151
15	7	0	0	0	0	74.68	152
14	7	0	0	0	0	70.5493	153
14	7	0	0	0	0	70.3557	154
14	7	0	0	0	0	65.2391	155
13	7	0	0	0	0	69.6715	156
13	7	0	0	0	0	63.2826	157
13	7	0	0	0	0	69.2801	158
13	8	0	0	0	0	63.9641	159
13	8	0	0	0	0	60.2313	160
13	8	0	0	0	0	72.2781	161
13	8	0	0	0	0	67.2932	162
13	8	0	0	0	0	73.8269	163
13	8	0	0	0	0	72.3531	164
13	8	0	0	0	0	60.6866	165
13	9	0	0	0	0	72.985	166
13	9	0	0	0	0	76.1295	167
13	9	0	0	0	0	67.0183	168
13	9	0	0	0	0	74.102	169
13	9	0	0	0	0	74.1124	170
13	11	0	0	0	0	72.8968	171
13	11	0	0	0	0	83.3462	172
13	11	0	0	0	0	86.1896	173
13	11	0	0	0	0	84.7561	174
13	10	0	0	0	0	82.1345	175
13	11	0	0	0	0	76.7646	176
13	11	0	0	0	0	77.8783	177
13	11	0	0	0	0	77.5085	178
13	11	0	0	0	0	83.3575	179
14	11	0	0	0	0	85.3841	180
14	12	0	0	0	0	89.5649	181
14	12	0	0	0	0	82.5338	182
14	12	0	0	0	0	87.497	183
15	12	0	0	0	0	80.6008	184
15	12	0	0	0	0	95.5951	185
15	12	0	0	0	0	97.6673	186
16	12	0	0	0	0	91.2973	187
16	12	0	0	0	0	97.3403	188
16	12	0	0	0	0	98.1686	189
16	11	0	0	0	0	91.6909	190
16	11	0	0	0	0	95.549	191
16	11	0	0	0	0	90.6537	192
18	12	0	0	0	0	87.7084	193
18	12	0	0	0	0	97.2964	194
18	12	0	0	0	0	96.9904	195
18	12	0	0	0	0	102.798	196
18	12	0	0	0	0	110.081	197
18	12	0	0	0	0	98.9957	198
18	12	0	0	0	0	102.067	199
18	12	0	0	0	0	107.382	200
18	12	0	0	0	0	106.505	201
18	12	0	0	0	0	105.792	202
18	14	0	0	0	0	110.825	203
18	14	0	0	0	0	100.805	204
19	14	0	0	0	0	108.409	205
19	13	0	0	0	0	113.312	206
19	13	0	0	0	0	105.903	207
19	13	0	0	0	0	110.928	208
19	13	0	0	0	0	108.338	209
19	13	0	0	0	0	103.626	210
18	13	0	0	0	0	100.526	211
19	13	0	0	0	0	108.275	212
19	14	0	0	0	0	103.982	213
20	13	0	0	0	0	115.801	214
20	13	0	0	0	0	118.188	215
21	13	0	0	0	0	70.2626	216
21	13	0	0	0	0	104.781	217
21	13	0	0	0	0	110.68	218
21	12	0	0	0	0	112.824	219
23	12	0	0	0	0	103.838	220
23	12	0	0	0	0	109.189	221
23	12	0	0	0	0	108.577	222
22	12	0	0	0	0	108.686	223
22	12	0	0	0	0	113.826	224
22	12	0	0	0	0	111.198	225
22	12	0	0	0	0	102.155	226
22	12	0	0	0	0	114.824	227
21	12	0	0	0	0	104.855	228
21	13	0	0	0	0	108.696	229
21	13	0	0	0	0	109.599	230
21	13	0	0	0	0	117.978	231
21	12	0	0	0	0	106.375	232
21	12	0	0	0	0	121.556	233
21	12	0	0	0	0	113.586	234
21	12	0	0	0	0	114.05	235
21	11	0	0	0	0	106.184	236
21	11	0	0	0	0	113.301	237
20	11	0	0	0	0	106.361	238
20	11	0	0	0	0	107.5	239
20	10	0	0	0	0	107.094	240
20	10	0	0	0	0	91.3885	241
20	9	0	0	0	0	99.3935	242
20	10	0	0	0	0	99.3266	243
20	10	0	0	0	0	110.795	244
20	10	0	0	0	0	95.5648	245
20	10	0	0	0	0	109.311	246
20	10	0	0	0	0	102.461	247
20	10	0	0	0	0	110.175	248
20	10	0	0	0	0	95.7124	249
20	10	0	0	0	0	102.845	250
20	10	0	0	0	0	105.051	251
20	10	0	0	0	0	99.5379	252
20	10	0	0	0	0	99.1222	253
19	10	0	0	0	0	94.9915	254
19	10	0	0	0	0	103.724	255
19	10	0	0	0	0	98.4532	256
18	9	0	0	0	0	93.0536	257
18	10	0	0	0	0	92.1507	258
18	10	0	0	0	0	95.3609	259
18	10	0	0	0	0	97.2142	260
18	10	0	0	0	0	94.5115	261
18	10	0	0	0	0	95.1944	262
18	10	0	0	0	0	99.6229	263
18	10	0	0	0	0	101.43	264
18	10	0	0	0	0	84.5263	265
18	10	0	0	0	0	85.0325	266
16	8	0	0	0	0	65.4822	267
15	8	0	0	0	0	80.0237	268
15	8	0	0	0	0	82.7244	269
15	8	0	0	0	0	75.2105	270
15	9	0	0	0	0	74.2112	271
15	9	0	0	0	0	86.5212	272
15	9	0	0	0	0	79.2811	273
15	9	0	0	0	0	78.8955	274
15	9	0	0	0	0	71.4773	275
15	9	0	0	0	0	74.0344	276
15	9	0	0	0	0	54.7276	277
10	9	0	0	0	0	58.8682	278
8	9	0	0	0	0	56.8047	279
8	9	0	0	0	0	54.6077	280
8	9	0	0	0	0	56.656	281
8	9	0	0	0	0	48.7829	282
8	9	0	0	0	0	56.7801	283
8	9	0	0	0	0	51.4411	284
7	9	0	0	0	0	49.3997	285
7	9	0	0	0	0	47.0835	286
7	9	0	0	0	0	46.0545	287
7	9	0	0	0	0	50.1232	288
7	8	0	0	0	0	43.667	289
7	8	0	0	0	0	47.279	290
7	8	0	0	0	0	49.0795	291
7	8	0	0	0	0	45.959	292
7	8	0	0	0	0	46.248	293
7	8	0	0	0	0	48.7129	294
7	8	0	0	0	0	46.7054	295
8	8	0	0	0	0	45.4222	296
8	8	0	0	0	0	43.8568	297
8	8	0	0	0	0	43.731	298
7	8	0	0	0	0	46.2512	299
7	8	0	0	0	0	49.9174	300
7	8	0	0	0	0	43.8319	301
7	8	0	0	0	0	49.9617	302
7	8	0	0	0	0	45.838	303
8	8	0	0	0	0	49.8409	304
8	8	0	0	0	0	50.8734	305
8	8	0	0	0	0	51.5583	306
8	8	0	0	0	0	41.5845	307
7	7	0	0	0	0	44.4005	308
7	7	0	0	0	0	44.316	309
7	7	0	0	0	0	43.0605	310
8	7	0	0	0	0	43.5326	311
8	7	0	0	0	0	37.6959	312
8	7	0	0	0	0	40.6941	313
8	7	0	0	0	0	38.6614	314
8	7	0	0	0	0	44.7169	315
8	7	0	0	0	0	43.4819	316
8	7	0	0	0	0	44.674	317
7	7	0	0	0	0	43.7337	318
7	7	0	0	0	0	37.7613	319
7	7	0	0	0	0	38.4159	320
7	7	0	0	0	0	33.3984	321
7	7	0	0	0	0	37.8872	322
7	6	0	0	0	0	41.1114	323
7	6	0	0	0	0	35.5483	324
7	6	0	0	0	0	40.1836	325
7	6	0	0	0	0	40.5156	326
7	6	0	0	0	0	39.5557	327
7	6	0	0	0	0	32.9742	328
7	6	0	0	0	0	37.6146	329
7	6	0.333333	0	1	0	40.1328	330
7	6	0.333333	0	1	0	31.4965	331
7	6	0.333333	0	1	0	34.2894	332
7	5	0.333333	0.666667	1	2	32.1521	333
7	5	0.333333	0.666667	1	2	34.1418	334
7	5	0.333333	0.666667	1	2	35.2647	335
7	5	0.333333	0.666667	1	2	37.2142	336
7	5	0.333333	0.666667	1	2	31.4719	337
5	5	0.333333	0.666667	1	2	28.5643	338
5	5	0.333333	0.666667	1	2	29.577	339
5	5	0.333333	0.666667	1	2	26.6747	340
5	4	0.333333	0.666667	1	2	25.8995	341
5	4	0.333333	0.666667	1	2	11.6555	342
4	2	0.333333	0.666667	1	2	16.3603	343
4	2	0.333333	0.666667	1	2	17.0871	344
4	2	0.333333	0.666667	1	2	10.5221	345
4	2	0.333333	0.666667	1	2	16.5915	346
4	2	0.333333	0.666667	1	2	16.6769	347
4	2	0.333333	0.666667	1	2	16.1686	348
4	2	0.333333	1	1	3	10.4982	349
4	2	0.333333	1	1	3	12.3782	350
4	2	0.333333	1	1	3	12.4055	351
4	2	0.333333	1	1	3	12.4055	352
3	2	0.333333	1	1	3	10.8019	353
3	2	0.333333	1	1	3	12.3592	354
3	2	0.333333	1	1	3	7.04622	355
2	2	0.333333	1	1	3	7.72268	356
2	2	0.333333	1	1	3	8.70817	357
2	2	0.333333	1	1	3	6.85238	358
2	2	0.333333	1	1	3	8.42613	359
2	2	0.333333	1	1	3	4.6599	360
2	1	0.333333	1	1	3	4.63012	361
2	1	0.333333	1	1	3	3.28345	362
2	1	0.333333	1	1	3	2.08628	363
2	1	0.333333	1	1	3	0.974498	364
2	1	0.333333	1	1	3	1.42156	365
1	1	0.333333	1	1	3	0.698889	366
1	1	0.333333	1	1	3	0.974498	367
1	1	0.333333	1	1	3	0.952766	368
1	1	0.333333	1	1	3	0.952766	369
1	1	0.333333	0.666667	1	2	0.698889	370
1	1	0.333333	0.666667	1	2	0.974498	371
1	1	0.333333	0.666667	1	2	0.952766	372
1	1	0.333333	0.666667	1	2	1.42156	373
1	1	0.333333	0.666667	1	2	-1.29065	374
1	1	0.333333	0.666667	1	2	-1.21324	375
1	1	0.333333	0.666667	1	2	0.740556	376
1	1	0.333333	0.666667	1	2	0.952766	377
1	1	0.333333	0.666667	1	2	0.952766	378
1	1	0.333333	0.666667	1	2	-1.29065	379
1	1	0.333333	0.666667	1	2	1.42156	380
1	1	0.333333	0.666667	1	2	0.952766	381
1	1	0.333333	0.666667	1	2	0.740556	382
1	1	0	0.666667	0	2	0.489465	383
1	1	0	0.666667	0	2	0.740556	384
1	1	0	0.666667	0	2	0.378243	385
1	1	0	0.666667	0	2	0.952766	386
1	1	0	0.666667	0	2	0.974498	387
1	1	0	0.666667	0	2	0.698889	388
1	1	0	0.333333	0	1	0.698889	389
1	1	0	0.333333	0	1	0.952766	390
1	1	0	0.333333	0	1	0.952766	391
1	1	0	0.333333	0	1	0.817938	392
1	1	0	0.333333	0	1	0.605383	393
1	1	0	0.333333	0	1	0.974498	394
1	1	0	0.333333	0	1	0.952766	395
1	1	0	0	0	0	-1.29065	396
1	1	0	0	0	0	0.740556	397
1	1	0	0	0	0	nan	398
