unique_top_cov	unique_bot_cov	redundant_top_cov	redundant_bot_cov	raw_redundant_top_cov	raw_redundant_bot_cov	e_value	position
8	9	0	0	0	0	46.3545	1
9	9	0	0	0	0	59.2048	2
10	10	0	0	0	0	54.4534	3
11	10	0	0	0	0	67.4682	4
11	11	0.333333	0	1	0	60.376	5
11	11	0.333333	0.333333	1	1	62.5001	6
11	12	0.333333	0.333333	1	1	73.7988	7
11	12	0.333333	0.333333	1	1	75.8475	8
11	13	0.333333	0.333333	1	1	76.1468	9
11	13	0.333333	0.333333	1	1	81.1802	10
11	13	0.333333	0.333333	1	1	87.3421	11
11	13	0.333333	0.333333	1	1	77.6849	12
10	13	0.333333	0.333333	1	1	82.3036	13
10	13	0.333333	0.333333	1	1	82.3036	14
10	16	0.333333	0.666667	1	2	78.5765	15
12	16	0.333333	0.666667	1	2	78.2363	16
12	22	0.333333	0.666667	1	2	102.924	17
13	23	0.333333	0.666667	1	2	112.851	18
13	23	0.333333	0.666667	1	2	112.08	19
13	24	0.333333	0.666667	1	2	108.136	20
14	24	0.333333	0.666667	1	2	121.091	21
14	24	0.333333	0.666667	1	2	124.511	22
15	24	0.333333	0.666667	1	2	113.408	23
15	24	0.333333	0.666667	1	2	137.415	24
15	24	0.333333	0.666667	1	2	144.796	25
17	24	0.333333	0.666667	1	2	144.173	26
17	23	0.333333	0.666667	1	2	138.482	27
17	23	0.333333	0.666667	1	2	136.619	28
17	23	0.333333	0.666667	1	2	147.039	29
17	24	0.333333	0.666667	1	2	151.522	30
17	24	0.333333	0.666667	1	2	125.999	31
17	25	0.333333	0.666667	1	2	144.078	32
17	25	0.333333	0.666667	1	2	151.909	33
17	30	0.333333	1.33333	1	4	154.269	34
17	30	0.333333	1.33333	1	4	138.02	35
19	30	0.333333	1.33333	1	4	173.77	36
19	30	0.333333	1.33333	1	4	166.21	37
21	31	0.333333	1.33333	1	4	174.088	38
22	32	0.333333	1.33333	1	4	163.191	39
24	32	0.333333	1.33333	1	4	194.971	40
23	34	0.333333	1.33333	1	4	202.627	41
23	34	0	1.33333	0	4	200.268	42
23	33	0	1.33333	0	4	200.554	43
24	33	0	1.33333	0	4	187.882	44
25	35	0	1.33333	0	4	203.022	45
25	35	0	1.33333	0	4	202.96	46
25	35	0	1.33333	0	4	224.457	47
25	35	0	1.33333	0	4	197.225	48
25	37	0	1.33333	0	4	209.164	49
25	36	0	1.33333	0	4	217.19	50
28	36	0	1.33333	0	4	218.443	51
28	36	0	1.33333	0	4	243.04	52
28	36	0	1.33333	0	4	219.62	53
28	36	0	1.33333	0	4	221.499	54
30	36	0	1.33333	0	4	238.565	55
32	36	0	1.33333	0	4	236.714	56
32	37	0	1.33333	0	4	242.517	57
34	38	0	1.33333	0	4	244.49	58
34	38	0	1.33333	0	4	263.813	59
34	38	0	1.33333	0	4	231.13	60
35	40	0	1.33333	0	4	266.43	61
35	40	0	1.33333	0	4	256.944	62
35	40	0	1.33333	0	4	254.904	63
35	41	0	1.33333	0	4	271.904	64
35	41	0	1.33333	0	4	271.788	65
35	41	0	1.33333	0	4	257.735	66
36	40	0	1	0	3	278.307	67
38	40	0	1	0	3	294.42	68
41	41	0	1	0	3	274.694	69
41	41	0	1	0	3	269.411	70
42	42	0	1	0	3	290.806	71
44	42	0	1	0	3	318.208	72
45	42	0	1	0	3	303.018	73
48	41	0	0.666667	0	2	305.306	74
49	41	0	0.333333	0	1	263.93	75
49	42	0	0.333333	0	1	328.74	76
50	43	0	0.333333	0	1	335.06	77
50	44	0	0	0	0	283.187	78
50	44	0	0	0	0	326.106	79
52	44	0	0	0	0	326.703	80
52	44	0	0	0	0	316.148	81
54	44	0	0	0	0	339.543	82
55	44	0	0	0	0	329.474	83
55	44	0	0	0	0	359.546	84
56	49	0	0	0	0	367.265	85
55	50	0	0	0	0	398.925	86
55	50	0	0	0	0	365.641	87
57	50	0	0	0	0	335.801	88
57	50	0	0	0	0	364.37	89
58	51	0	0	0	0	399.38	90
57	51	0	0	0	0	395.67	91
57	52	0	0	0	0	372.03	92
58	52	0	0	0	0	400.305	93
57	52	0	0	0	0	382.531	94
58	55	0	0	0	0	399.303	95
56	56	0	0	0	0	415.885	96
55	56	0	0	0	0	391.926	97
57	56	0	0	0	0	385.04	98
57	57	0	0	0	0	359.037	99
57	57	0	0	0	0	368.839	100
59	57	0	0	0	0	376.451	101
60	57	0	0	0	0	400.385	102
60	57	0	0	0	0	376.051	103
59	56	0	0	0	0	370.25	104
56	56	0	0	0	0	348.79	105
56	57	0	0	0	0	393.005	106
56	57	0	0	0	0	439.385	107
56	57	0	0	0	0	386.954	108
57	57	0	0	0	0	383.649	109
58	58	0	0	0	0	409.363	110
60	58	0	0	0	0	433.303	111
60	58	0	0	0	0	405.161	112
61	57	0	0	0	0	403.802	113
61	57	0	0	0	0	423.737	114
59	57	0	0	0	0	432.235	115
58	57	0	0	0	0	391.799	116
60	56	0	0	0	0	412.903	117
60	55	0	0	0	0	380.12	118
60	55	0	0	0	0	416.844	119
59	55	0	0	0	0	395.1	120
58	54	0	0	0	0	398.968	121
58	54	0	0	0	0	399.078	122
58	55	0	0	0	0	405.797	123
59	55	0	0	0	0	410.147	124
59	55	0	0	0	0	415.135	125
59	53	0	0	0	0	403.423	126
59	53	0	0	0	0	403.278	127
60	53	0	0	0	0	386.602	128
60	51	0	0	0	0	392.766	129
59	51	0	0	0	0	398.503	130
59	55	0	0	0	0	396.335	131
61	54	0	0	0	0	406.408	132
61	54	0	0	0	0	415.582	133
62	54	0	0	0	0	380.434	134
65	52	0	0	0	0	367.574	135
65	50	0	0	0	0	351.986	136
66	52	0	0	0	0	419.601	137
68	52	0	0	0	0	423.809	138
70	53	0	0	0	0	407.295	139
70	52	0	0	0	0	412.281	140
70	53	0	0	0	0	445.522	141
70	53	0	0	0	0	461.965	142
71	53	0	0	0	0	442.294	143
71	54	0	0	0	0	441.194	144
72	57	0	0	0	0	480.055	145
72	57	0	0	0	0	476.226	146
72	58	0	0	0	0	491.365	147
71	58	0	0	0	0	439.233	148
70	58	0	0	0	0	452.287	149
70	59	0	0	0	0	459.82	150
70	58	0	0	0	0	463.467	151
71	59	0	0	0	0	482.728	152
70	59	0	0	0	0	451.152	153
66	59	0	0	0	0	457.155	154
66	59	0	0	0	0	437.873	155
65	58	0	0	0	0	444.299	156
65	59	0	0	0	0	456.188	157
64	58	0	0	0	0	425.586	158
63	57	0	0	0	0	432.616	159
64	59	0	0	0	0	422.321	160
64	59	0	0	0	0	448.1	161
64	59	0	0	0	0	454.703	162
63	58	0	0	0	0	441.828	163
63	57	0	0	0	0	420.96	164
63	57	0	0	0	0	438.097	165
62	57	0	0	0	0	419.7	166
62	57	0	0	0	0	397.368	167
62	58	0	0	0	0	423.157	168
59	59	0	0	0	0	378.14	169
59	60	0	0	0	0	420.121	170
56	59	0	0	0	0	393.729	171
56	64	0	0	0	0	396.896	172
54	63	0	0	0	0	419.377	173
54	67	0	0	0	0	418.994	174
53	67	0	0	0	0	442.894	175
49	67	0	0	0	0	413.791	176
50	69	0	0	0	0	412.259	177
50	69	0	0	0	0	419.052	178
50	74	0	0	0	0	440.174	179
50	73	0	0	0	0	414.867	180
47	74	0	0	0	0	396.363	181
47	78	0	0	0	0	388.599	182
44	78	0	0	0	0	407.754	183
44	76	0	0	0	0	407.156	184
44	75	0	0	0	0	426.027	185
43	74	0	0	0	0	411.503	186
43	74	0	0	0	0	436.272	187
40	73	0	0	0	0	405.389	188
41	71	0	0	0	0	381.158	189
40	72	0	0	0	0	408.043	190
40	70	0	0	0	0	410.442	191
40	70	0	0	0	0	419.686	192
40	69	0	0	0	0	332.263	193
40	68	0	0	0	0	408.104	194
40	68	0	0	0	0	332.503	195
40	71	0	0	0	0	406.082	196
40	70	0	0	0	0	397.308	197
40	71	0	0	0	0	380.115	198
39	71	0	0	0	0	402.076	199
39	70	0	0	0	0	395.632	200
40	69	0	0	0	0	382.868	201
40	68	0	0	0	0	412.088	202
40	68	0	0	0	0	353.732	203
40	68	0	0	0	0	370.766	204
38	68	0	0	0	0	405.9	205
36	68	0	0	0	0	375.965	206
36	69	0	0	0	0	378.314	207
36	68	0	0	0	0	334.22	208
36	68	0	0	0	0	338.038	209
37	69	0	0	0	0	329.737	210
31	68	0	0	0	0	377.104	211
30	70	0	0	0	0	336.9	212
30	81	0	0	0	0	355.129	213
30	81	0	0	0	0	410.555	214
30	81	0	0	0	0	382.812	215
30	81	0	0	0	0	403.428	216
30	81	0	0	0	0	380.799	217
30	80	0	0	0	0	420.436	218
31	79	0	0	0	0	391.639	219
31	82	0	0	0	0	381.303	220
31	82	0	0	0	0	430.408	221
29	82	0	0	0	0	397.918	222
29	82	0	0	0	0	412.462	223
29	82	0	0	0	0	400.001	224
29	85	0	0	0	0	388.204	225
30	85	0	0	0	0	383.946	226
30	85	0	0	0	0	408.258	227
30	84	0	0	0	0	401.201	228
29	84	0	0	0	0	385.996	229
27	84	0	0	0	0	382.501	230
27	85	0	0	0	0	406.868	231
28	83	0	0	0	0	339.899	232
28	83	0	0	0	0	366.54	233
26	82	0	0	0	0	345.772	234
26	81	0	0	0	0	350.449	235
26	82	0	0	0	0	356.067	236
26	82	0	0	0	0	376.999	237
26	80	0	0	0	0	337.624	238
25	79	0	0	0	0	348.263	239
24	77	0	0	0	0	344.278	240
25	76	0	0	0	0	351.473	241
26	76	0	0	0	0	347.048	242
27	75	0	0	0	0	361.573	243
28	75	0	0	0	0	366.007	244
28	72	0	0	0	0	386.142	245
28	72	0	0	0	0	337.304	246
28	72	0	0	0	0	341.888	247
28	73	0	0	0	0	359.894	248
30	73	0	0	0	0	366.192	249
30	72	0	0	0	0	351.09	250
30	72	0	0	0	0	364.901	251
30	72	0	0	0	0	341.096	252
31	76	0	0	0	0	347.225	253
31	76	0	0	0	0	340.788	254
31	76	0	0	0	0	368.392	255
31	76	0	0	0	0	332.705	256
33	76	0	0	0	0	328.732	257
32	75	0	0	0	0	333.916	258
30	75	0	0	0	0	346.886	259
30	73	0	0	0	0	357.549	260
30	72	0	0	0	0	331.097	261
29	72	0	0	0	0	332.759	262
29	70	0	0	0	0	328.023	263
29	69	0	0	0	0	270.886	264
30	68	0	0	0	0	338.161	265
30	68	0	0	0	0	322.292	266
31	66	0	0	0	0	332.223	267
32	63	0	0	0	0	258.838	268
36	60	0	0	0	0	295.061	269
36	60	0	0	0	0	289.67	270
36	60	0	0	0	0	366.743	271
36	60	0	0	0	0	354.815	272
36	60	0	0	0	0	345.665	273
36	60	0	0	0	0	349.778	274
36	59	0	0	0	0	347.03	275
36	58	0	0	0	0	319.575	276
37	59	0	0	0	0	343.3	277
36	55	0	0	0	0	293.403	278
36	56	0	0	0	0	339.53	279
36	56	0	0	0	0	328.657	280
36	55	0	0	0	0	330.166	281
36	55	0	0	0	0	327.178	282
36	54	0	0	0	0	324.017	283
36	54	0	0	0	0	300.941	284
36	53	0	0	0	0	270.129	285
37	61	0	0	0	0	320.097	286
37	62	0	0	0	0	285.915	287
35	62	0	0	0	0	324.203	288
35	62	0	0	0	0	314.913	289
34	63	0	0	0	0	145.765	290
35	63	0	0	0	0	330.57	291
37	61	0	0	0	0	293.535	292
38	61	0	0	0	0	338.384	293
38	60	0	0	0	0	335.48	294
39	57	0	0	0	0	298.313	295
38	56	0	0	0	0	301.661	296
38	55	0	0	0	0	333.919	297
38	57	0	0	0	0	307.239	298
38	57	0	0	0	0	295.121	299
39	57	0	0	0	0	297.224	300
39	57	0	0	0	0	342.218	301
38	56	0	0	0	0	315.697	302
38	56	0	0	0	0	321.196	303
38	56	0	0	0	0	330.372	304
38	57	0	0	0	0	333.838	305
38	57	0	0	0	0	347.817	306
37	59	0	0	0	0	342.711	307
37	63	0	0	0	0	328.459	308
37	63	0	0	0	0	288.683	309
38	65	0	0	0	0	363.334	310
38	65	0	0	0	0	368.864	311
38	67	0	0	0	0	371.251	312
38	68	0	0	0	0	391.922	313
37	68	0	0	0	0	371.074	314
37	66	0	0	0	0	346.197	315
37	66	0	0	0	0	378.313	316
34	72	0	0	0	0	326.927	317
34	79	0	0	0	0	359.684	318
33	80	0	0	0	0	356.849	319
33	86	0	0	0	0	373.522	320
31	85	0	0	0	0	345.651	321
31	84	0	0	0	0	248.811	322
33	86	0	0	0	0	409.664	323
33	82	0	0	0	0	392.051	324
32	82	0	0	0	0	415.51	325
30	81	0	0	0	0	411.964	326
27	84	0	0	0	0	397.877	327
27	84	0	0	0	0	381.649	328
23	84	0	0	0	0	410.158	329
23	85	0	0	0	0	360.333	330
21	84	0	0	0	0	356.48	331
21	82	0	0	0	0	364.904	332
23	81	0	0	0	0	381.455	333
23	79	0	0	0	0	351.765	334
22	79	0	0	0	0	352.166	335
20	79	0	0	0	0	345.349	336
21	79	0	0	0	0	364.953	337
19	79	0	0	0	0	348.7	338
23	80	0	0	0	0	327.289	339
24	80	0	0	0	0	368.298	340
25	79	0	0	0	0	367.345	341
26	84	0	0	0	0	307.483	342
26	85	0	0	0	0	353.285	343
27	84	0	0	0	0	409.099	344
27	84	0	0	0	0	396.761	345
27	84	0	0	0	0	397.379	346
28	84	0	0	0	0	397.091	347
28	83	0	0	0	0	423.814	348
31	82	0	0	0	0	389.516	349
33	82	0	0	0	0	419.115	350
32	83	0	0	0	0	419.308	351
32	83	0	0	0	0	407.709	352
32	82	0	0	0	0	401.524	353
33	82	0	0	0	0	416.274	354
33	82	0	0	0	0	426.939	355
34	81	0	0	0	0	381.077	356
34	81	0	0	0	0	401.517	357
38	81	0	0	0	0	437.833	358
38	80	0	0	0	0	425.27	359
38	80	0	0	0	0	427.942	360
38	80	0	0	0	0	442.276	361
40	80	0	0	0	0	415.516	362
41	77	0	0	0	0	402.425	363
40	78	0	0	0	0	412.949	364
40	78	0	0	0	0	444.025	365
40	78	0	0	0	0	416.123	366
40	79	0	0	0	0	403.479	367
42	79	0	0	0	0	447.653	368
42	80	0	0	0	0	422.861	369
42	78	0	0	0	0	429.428	370
42	78	0	0	0	0	432.336	371
43	76	0	0	0	0	443.33	372
43	75	0	0	0	0	403.224	373
44	75	0	0	0	0	412.036	374
44	73	0	0	0	0	404.696	375
44	74	0	0	0	0	433.37	376
44	73	0	0	0	0	390.731	377
43	74	0	0	0	0	406.005	378
44	78	0	0	0	0	412.768	379
44	81	0	0	0	0	422.347	380
44	81	0	0	0	0	398.117	381
45	81	0	0	0	0	394.905	382
45	81	0	0	0	0	409.868	383
46	80	0	0	0	0	418.712	384
45	80	0	0	0	0	426.618	385
46	80	0	0	0	0	394.708	386
45	80	0	0	0	0	433.401	387
44	80	0	0	0	0	455.686	388
44	79	0	0	0	0	443.941	389
42	79	0	0	0	0	436.983	390
42	79	0	0	0	0	457.408	391
42	79	0	0	0	0	437.981	392
44	79	0	0	0	0	436.757	393
44	79	0	0	0	0	472.156	394
45	78	0	0	0	0	417.655	395
46	78	0	0	0	0	450.577	396
46	78	0	0	0	0	445.91	397
46	78	0	0	0	0	419.922	398
46	77	0	0	0	0	419.983	399
46	76	0	0	0	0	413.11	400
46	76	0	0	0	0	424.735	401
46	75	0	0	0	0	411.725	402
46	71	0	0	0	0	430.702	403
45	71	0	0	0	0	366.167	404
45	70	0	0	0	0	390.686	405
45	70	0	0	0	0	425.568	406
45	70	0	0	0	0	337.797	407
46	69	0	0	0	0	409.048	408
46	69	0	0	0	0	378.344	409
49	76	0	0	0	0	409.081	410
49	75	0	0	0	0	379.643	411
50	77	0	0	0	0	385.455	412
50	76	0	0	0	0	379.429	413
51	77	0	0	0	0	429.654	414
52	76	0	0	0	0	457.635	415
51	75	0	0	0	0	442.781	416
51	74	0	0	0	0	472.849	417
50	74	0	0	0	0	390.453	418
43	74	0	0	0	0	427.669	419
45	75	0	0	0	0	414.473	420
44	75	0	0	0	0	406.448	421
44	75	0	0	0	0	398.197	422
46	75	0	0	0	0	423.319	423
47	75	0	0	0	0	434.441	424
47	75	0	0	0	0	414.652	425
48	80	0	0	0	0	430.665	426
47	77	0	0	0	0	438.5	427
47	79	0	0	0	0	457.569	428
47	77	0	0	0	0	430.356	429
45	76	0	0	0	0	383.518	430
45	76	0	0	0	0	406.19	431
44	74	0	0	0	0	396.257	432
45	70	0	0	0	0	347.322	433
48	70	0	0	0	0	397.437	434
47	69	0	0	0	0	391.756	435
49	65	0	0	0	0	402.985	436
50	63	0	0	0	0	387.634	437
53	62	0	0	0	0	433.325	438
53	62	0	0	0	0	428.525	439
54	62	0	0	0	0	376.361	440
54	62	0	0	0	0	420.494	441
56	63	0	0	0	0	409.997	442
57	61	0	0	0	0	360.198	443
57	61	0	0	0	0	434.588	444
57	60	0	0	0	0	422.968	445
58	60	0	0	0	0	430.305	446
60	60	0	0	0	0	409.896	447
60	60	0	0	0	0	416.721	448
63	59	0	0	0	0	433.042	449
65	58	0	0	0	0	436.3	450
64	56	0	0	0	0	415.897	451
63	56	0	0	0	0	446.449	452
63	55	0	0	0	0	354.168	453
64	55	0	0	0	0	418.38	454
67	55	0	0	0	0	381.466	455
64	54	0	0	0	0	413.472	456
65	55	0	0	0	0	413.735	457
67	55	0	0	0	0	403.944	458
67	54	0	0	0	0	397.607	459
67	55	0	0	0	0	450.612	460
69	55	0	0	0	0	415.456	461
71	53	0	0	0	0	419.246	462
71	52	0	0	0	0	391.197	463
71	51	0	0	0	0	381.426	464
72	50	0	0	0	0	391.978	465
72	50	0	0	0	0	401.647	466
72	46	0	0	0	0	429.535	467
72	44	0	0	0	0	376.727	468
72	44	0	0	0	0	406.439	469
72	42	0	0	0	0	409.006	470
72	40	0	0	0	0	379.783	471
73	40	0	0	0	0	359.972	472
74	40	0	0	0	0	429.901	473
74	40	0	0	0	0	396.576	474
75	44	0	0	0	0	408.65	475
75	43	0	0	0	0	426.839	476
76	43	0	0	0	0	415.242	477
76	43	0	0	0	0	409.057	478
75	41	0	0	0	0	386.185	479
73	48	0	0	0	0	395.784	480
72	52	0	0	0	0	389.236	481
71	52	0	0	0	0	459.445	482
70	52	0	0	0	0	430.004	483
69	54	0	0	0	0	436.671	484
69	54	0	0	0	0	434.199	485
70	52	0	0	0	0	423.649	486
70	52	0	0	0	0	447.849	487
70	52	0	0	0	0	415.259	488
68	51	0	0	0	0	429.617	489
65	51	0	0	0	0	406.299	490
65	52	0	0	0	0	437.764	491
65	50	0	0	0	0	407.81	492
66	50	0	0	0	0	434.958	493
66	49	0	0	0	0	408.589	494
66	49	0	0	0	0	414.308	495
67	48	0	0	0	0	428.463	496
66	48	0	0	0	0	412.398	497
66	47	0	0	0	0	438.86	498
65	47	0	0	0	0	361.026	499
64	46	0	0	0	0	410.771	500
64	46	0	0	0	0	399.338	501
63	47	0	0	0	0	422.867	502
63	50	0	0	0	0	382.894	503
63	51	0	0	0	0	395.929	504
61	52	0	0	0	0	398.834	505
62	53	0	0	0	0	420.005	506
63	53	0	0	0	0	389.005	507
64	55	0	0	0	0	426.853	508
63	56	0	0	0	0	369.708	509
62	56	0	0	0	0	373.538	510
63	56	0	0	0	0	436.364	511
60	56	0	0	0	0	420.464	512
59	56	0	0	0	0	394.614	513
59	57	0	0	0	0	436.151	514
59	58	0	0	0	0	413.012	515
61	57	0	0	0	0	393.235	516
61	57	0	0	0	0	410.623	517
56	56	0	0	0	0	407.673	518
56	55	0	0	0	0	396.39	519
51	53	0	0	0	0	333.454	520
53	53	0	0	0	0	383.711	521
53	53	0	0	0	0	378.016	522
53	53	0	0	0	0	381.666	523
53	53	0	0	0	0	390.268	524
53	53	0	0	0	0	399.539	525
52	52	0	0	0	0	356.344	526
52	52	0	0	0	0	349.11	527
51	52	0	0	0	0	365.018	528
51	49	0	0	0	0	381.788	529
52	50	0	0	0	0	373.566	530
52	49	0	0	0	0	327.974	531
52	49	0	0	0	0	394.918	532
52	49	0	0	0	0	367.966	533
52	49	0	0	0	0	359.893	534
52	49	0	0	0	0	345.459	535
54	49	0	0	0	0	354.389	536
54	49	0	0	0	0	384.976	537
52	48	0	0	0	0	357.632	538
54	48	0	0	0	0	333.315	539
54	49	0	0	0	0	364.305	540
53	49	0	0	0	0	365.705	541
54	47	0	0	0	0	357.869	542
55	47	0	0	0	0	371.49	543
56	48	0	0	0	0	367.062	544
56	47	0	0	0	0	370.222	545
55	47	0	0	0	0	362.062	546
55	46	0	0	0	0	351.815	547
55	46	0	0	0	0	368.275	548
54	46	0	0	0	0	383.93	549
54	46	0	0	0	0	103.27	550
54	46	0	0	0	0	367.66	551
54	46	0	0	0	0	375.709	552
54	47	0	0	0	0	366.985	553
54	46	0	0	0	0	338.608	554
54	45	0	0	0	0	363.188	555
56	44	0	0	0	0	338.165	556
56	44	0	0	0	0	350.639	557
56	42	0	0	0	0	349.035	558
56	41	0	0	0	0	352.864	559
56	40	0	0	0	0	350.069	560
56	40	0	0	0	0	347.619	561
51	38	0	0	0	0	302.862	562
52	43	0	0	0	0	288.036	563
51	44	0	0	0	0	342.962	564
48	44	0	0	0	0	340.812	565
48	44	0	0	0	0	333.213	566
48	44	0	0	0	0	355.992	567
48	44	0	0	0	0	306.561	568
48	44	0	0	0	0	306.11	569
46	44	0	0	0	0	271.638	570
46	43	0	0	0	0	338.558	571
44	43	0	0	0	0	335.932	572
44	45	0	0	0	0	335.969	573
45	45	0	0	0	0	297.721	574
46	46	0	0	0	0	331.85	575
45	46	0	0	0	0	309.515	576
46	49	0	0	0	0	342.128	577
46	49	0	0	0	0	359.482	578
46	49	0	0	0	0	337.621	579
47	49	0	0	0	0	343.274	580
47	49	0	0	0	0	342.605	581
47	51	0	0	0	0	357.986	582
46	51	0	0	0	0	349.662	583
45	52	0	0	0	0	284.459	584
45	52	0	0	0	0	306.313	585
38	50	0	0	0	0	282.693	586
31	50	0	0	0	0	280.722	587
31	51	0	0	0	0	301.218	588
31	50	0	0	0	0	283.438	589
32	50	0	0	0	0	298.364	590
29	51	0	0	0	0	271.136	591
30	51	0	0	0	0	294.129	592
30	51	0	0	0	0	243.001	593
30	51	0	0	0	0	280.758	594
31	51	0	0	0	0	266.866	595
32	49	0	0	0	0	265.032	596
28	48	0	0	0	0	257.487	597
28	47	0	0	0	0	265.234	598
28	45	0	0	0	0	237.437	599
28	45	0	0	0	0	244.744	600
28	45	0	0	0	0	242.418	601
28	43	0	0	0	0	235.024	602
29	42	0	0	0	0	244.696	603
30	45	0	0	0	0	234.156	604
30	46	0	0	0	0	241.667	605
29	46	0	0	0	0	232.529	606
25	45	0	0	0	0	228.277	607
27	46	0	0	0	0	258.464	608
29	47	0	0	0	0	243.049	609
29	46	0	0	0	0	251.913	610
32	45	0	0	0	0	286.522	611
32	45	0	0	0	0	277.576	612
33	45	0	0	0	0	269.335	613
33	45	0	0	0	0	279.806	614
34	45	0	0	0	0	257.038	615
34	44	0	0	0	0	286.588	616
34	45	0	0	0	0	275.58	617
33	44	0	0	0	0	261.82	618
33	43	0	0	0	0	257.198	619
32	44	0	0	0	0	256.955	620
32	47	0	0	0	0	258.117	621
32	47	0	0	0	0	273.143	622
32	47	0	0	0	0	302.505	623
32	47	0	0	0	0	266.293	624
31	45	0	0	0	0	263.681	625
34	46	0	0	0	0	275.617	626
31	46	0	0	0	0	266.546	627
32	46	0	0	0	0	263.071	628
31	46	0	0	0	0	256.718	629
33	43	0	0	0	0	274.483	630
34	41	0	0	0	0	243.594	631
34	41	0	0	0	0	202.192	632
37	41	0	0	0	0	281.012	633
36	41	0	0	0	0	277.851	634
36	41	0	0	0	0	281.388	635
37	42	0	0	0	0	285.399	636
37	42	0	0	0	0	292.698	637
37	43	0	0	0	0	293.128	638
37	44	0	0	0	0	280.635	639
37	44	0	0	0	0	309.835	640
38	43	0	0	0	0	278.928	641
39	43	0	0	0	0	277.876	642
39	43	0	0	0	0	277.298	643
37	42	0	0	0	0	297.319	644
37	42	0	0	0	0	304.583	645
37	43	0	0	0	0	269.11	646
37	43	0	0	0	0	263.547	647
37	44	0	0	0	0	272.651	648
37	44	0	0	0	0	273.691	649
38	43	0	0	0	0	306.211	650
38	44	0	0	0	0	285.433	651
38	44	0	0	0	0	280.756	652
39	42	0	0	0	0	296.716	653
39	41	0	0	0	0	293.786	654
39	41	0	0	0	0	276.669	655
40	41	0	0	0	0	273.046	656
41	41	0	0	0	0	301.894	657
41	46	0	0	0	0	301.029	658
41	45	0	0	0	0	269.61	659
43	46	0	0	0	0	295.088	660
44	46	0	0	0	0	317.104	661
47	46	0	0	0	0	295.342	662
48	45	0	0	0	0	336.655	663
49	45	0	0	0	0	334.508	664
47	44	0	0	0	0	313.057	665
47	45	0	0	0	0	340.179	666
46	45	0	0	0	0	317.465	667
47	45	0	0	0	0	340.526	668
47	45	0	0	0	0	320.963	669
48	45	0	0	0	0	319.95	670
48	45	0	0	0	0	320.212	671
49	45	0	0	0	0	337.789	672
46	45	0	0	0	0	284.304	673
47	45	0	0	0	0	329.406	674
48	45	0	0	0	0	333.079	675
49	45	0	0	0	0	316.761	676
51	45	0	0	0	0	339.98	677
51	45	0	0	0	0	345.342	678
50	45	0	0	0	0	340.835	679
50	44	0	0	0	0	343.553	680
50	45	0	0	0	0	324.668	681
50	45	0	0	0	0	342.425	682
50	45	0	0	0	0	358.583	683
50	45	0	0	0	0	342.837	684
50	45	0	0	0	0	357.84	685
49	44	0	0	0	0	318.174	686
49	41	0	0	0	0	307.305	687
49	41	0	0	0	0	297.82	688
49	41	0	0	0	0	344.243	689
50	41	0	0	0	0	341.167	690
51	41	0	0	0	0	325.399	691
50	42	0	0	0	0	230.314	692
50	42	0	0	0	0	346.399	693
50	44	0	0	0	0	303.252	694
50	43	0	0	0	0	357.804	695
51	43	0	0	0	0	328.874	696
52	48	0	0	0	0	344.093	697
52	48	0	0	0	0	358.982	698
52	47	0	0	0	0	348.106	699
53	47	0	0	0	0	330.992	700
46	46	0	0	0	0	323.867	701
46	46	0	0	0	0	342.221	702
46	45	0	0	0	0	331.606	703
46	45	0	0	0	0	344.263	704
45	45	0	0	0	0	336.251	705
43	47	0	0	0	0	339.82	706
44	47	0	0	0	0	297.439	707
45	47	0	0	0	0	302.112	708
45	47	0	0	0	0	327.373	709
45	47	0	0	0	0	322.256	710
45	47	0	0	0	0	355.759	711
45	47	0	0	0	0	317.926	712
45	43	0	0	0	0	319.987	713
45	43	0	0	0	0	293.755	714
43	42	0	0	0	0	284.774	715
43	43	0	0	0	0	292.902	716
43	42	0	0	0	0	321.935	717
43	41	0	0	0	0	319.19	718
42	41	0	0	0	0	256.778	719
39	41	0	0	0	0	300.447	720
40	41	0	0	0	0	288.811	721
39	39	0	0	0	0	262.512	722
41	38	0	0	0	0	269.876	723
42	37	0	0	0	0	299.559	724
42	36	0	0	0	0	243.347	725
42	38	0	0	0	0	290.028	726
42	36	0	0	0	0	278.79	727
41	36	0	0	0	0	278.34	728
41	36	0	0	0	0	248.546	729
41	36	0	0	0	0	262.437	730
41	36	0	0	0	0	250.232	731
42	35	0	0	0	0	233.516	732
42	34	0	0	0	0	291.095	733
42	34	0	0	0	0	290.607	734
41	34	0	0	0	0	268.831	735
41	34	0	0	0	0	279.28	736
39	34	0	0	0	0	279.54	737
39	33	0	0	0	0	239.511	738
38	33	0	0	0	0	260.699	739
37	35	0	0	0	0	242.379	740
37	35	0	0	0	0	231.137	741
37	36	0	0	0	0	275.127	742
37	36	0	0	0	0	254.526	743
37	37	0	0	0	0	243.972	744
37	38	0	0	0	0	224.451	745
37	37	0	0	0	0	223.018	746
35	37	0	0	0	0	234.618	747
27	42	0	0	0	0	207.061	748
27	44	0	0	0	0	220.732	749
27	44	0	0	0	0	270.122	750
28	44	0	0	0	0	268.4	751
28	43	0	0	0	0	240.635	752
27	42	0	0	0	0	258.117	753
27	41	0	0	0	0	248.163	754
27	42	0	0	0	0	247.522	755
26	42	0	0	0	0	250.456	756
25	41	0	0	0	0	206.102	757
25	41	0	0	0	0	231.037	758
25	40	0	0	0	0	250.414	759
25	40	0	0	0	0	224.517	760
26	40	0	0	0	0	238.545	761
26	40	0	0	0	0	254.197	762
26	40	0	0	0	0	233.712	763
27	40	0	0	0	0	233.679	764
28	40	0	0	0	0	253.06	765
28	41	0	0	0	0	230.821	766
30	42	0	0	0	0	262.602	767
31	42	0	0	0	0	252.791	768
31	41	0	0	0	0	245.591	769
30	41	0	0	0	0	226.599	770
28	39	0	0	0	0	219.151	771
27	40	0	0	0	0	238.601	772
27	40	0	0	0	0	200.409	773
28	41	0	0	0	0	239.864	774
27	41	0	0	0	0	245.078	775
28	46	0	0	0	0	258.115	776
28	46	0	0	0	0	244.619	777
28	49	0	0	0	0	260.021	778
29	50	0	0	0	0	251.635	779
23	51	0	0	0	0	221.387	780
24	50	0	0	0	0	227.826	781
21	48	0	0	0	0	214.63	782
22	47	0	0	0	0	231.507	783
22	47	0	0	0	0	225.975	784
22	44	0	0	0	0	146.625	785
22	44	0	0	0	0	215.33	786
21	44	0	0	0	0	208.575	787
20	45	0	0	0	0	209.666	788
21	41	0	0	0	0	159.2	789
21	41	0	0	0	0	148.136	790
22	41	0	0	0	0	216.572	791
22	42	0	0	0	0	209.28	792
22	43	0	0	0	0	214.234	793
23	43	0	0	0	0	187.492	794
24	43	0	0	0	0	253.576	795
26	43	0	0	0	0	234.211	796
26	43	0	0	0	0	234.185	797
26	43	0	0	0	0	243.956	798
26	43	0	0	0	0	258.491	799
27	44	0	0	0	0	256.783	800
27	44	0	0	0	0	233.087	801
25	44	0	0	0	0	238.811	802
26	44	0	0	0	0	255.848	803
27	43	0	0	0	0	245.282	804
27	44	0	0	0	0	238.601	805
27	44	0	0	0	0	231.992	806
28	42	0	0	0	0	231.306	807
29	41	0	0	0	0	263.138	808
29	41	0	0	0	0	231.917	809
31	41	0	0	0	0	269.319	810
31	41	0	0	0	0	239.677	811
32	41	0	0	0	0	279.159	812
32	43	0	0	0	0	276.402	813
32	42	0	0	0	0	278.597	814
32	46	0	0	0	0	279.843	815
32	46	0	0	0	0	286.355	816
32	46	0	0	0	0	250.175	817
32	48	0	0	0	0	284.135	818
32	49	0	0	0	0	265.089	819
32	49	0	0	0	0	260.521	820
32	49	0	0	0	0	313.006	821
33	49	0	0	0	0	291.21	822
33	49	0	0	0	0	302.443	823
31	48	0	0	0	0	279.165	824
33	48	0	0	0	0	300.504	825
33	48	0	0	0	0	287.803	826
33	50	0	0	0	0	296.169	827
32	50	0	0	0	0	265.598	828
30	50	0	0	0	0	276.222	829
30	50	0	0	0	0	288.912	830
30	49	0	0	0	0	283.73	831
28	50	0	0	0	0	283.259	832
29	50	0	0	0	0	282.836	833
30	48	0	0	0	0	277.678	834
30	49	0	0	0	0	289.308	835
30	49	0	0	0	0	251.872	836
30	50	0	0	0	0	286.807	837
30	50	0	0	0	0	287.291	838
30	50	0	0	0	0	277.549	839
31	50	0	0	0	0	292.062	840
31	50	0	0	0	0	302.022	841
31	50	0	0	0	0	303.737	842
31	50	0	0	0	0	290.355	843
31	49	0	0	0	0	272.546	844
31	49	0	0	0	0	293.956	845
31	49	0	0	0	0	285.221	846
31	46	0	0	0	0	291.301	847
31	48	0	0	0	0	249.704	848
31	49	0	0	0	0	226.925	849
32	50	0	0	0	0	298.774	850
33	50	0	0	0	0	305.646	851
33	50	0	0	0	0	297.305	852
33	48	0	0	0	0	298.419	853
33	48	0	0	0	0	297.432	854
33	49	0	0	0	0	293.937	855
33	50	0	0	0	0	305.075	856
31	50	0	0	0	0	280.081	857
31	51	0	0	0	0	288.292	858
32	53	0	0	0	0	297.871	859
32	53	0	0	0	0	317.277	860
32	52	0	0	0	0	322.364	861
32	52	0	0	0	0	299.139	862
32	52	0	0	0	0	317.05	863
33	52	0	0	0	0	323.161	864
33	52	0	0	0	0	248.672	865
35	52	0	0	0	0	277.986	866
34	52	0	0	0	0	302.021	867
34	52	0	0	0	0	268.427	868
35	53	0	0	0	0	302.293	869
33	52	0	0	0	0	289.774	870
34	52	0	0	0	0	295.796	871
34	52	0	0	0	0	302.455	872
34	51	0	0	0	0	304.465	873
34	48	0	0	0	0	280.961	874
35	48	0	0	0	0	284.546	875
35	49	0	0	0	0	294.914	876
35	49	0	0	0	0	305.377	877
33	49	0	0	0	0	293.17	878
33	51	0	0	0	0	314.071	879
33	52	0	0	0	0	308.922	880
33	52	0	0	0	0	284.258	881
33	52	0	0	0	0	297.35	882
33	51	0	0	0	0	312.28	883
33	51	0	0	0	0	297.112	884
33	50	0	0	0	0	298.059	885
33	50	0	0	0	0	298.454	886
33	50	0	0	0	0	294.964	887
32	50	0	0	0	0	291.958	888
32	47	0	0	0	0	270.105	889
33	50	0	0	0	0	276.616	890
33	50	0	0	0	0	309.704	891
33	50	0	0	0	0	290.764	892
34	50	0	0	0	0	295.514	893
33	50	0	0	0	0	265.506	894
33	51	0	0	0	0	306.643	895
33	51	0	0	0	0	303.579	896
33	53	0	0	0	0	297.254	897
33	53	0	0	0	0	309.961	898
28	52	0	0	0	0	276.549	899
29	52	0	0	0	0	292	900
28	51	0	0	0	0	272.066	901
28	51	0	0	0	0	255.775	902
28	51	0	0	0	0	294.148	903
28	51	0	0	0	0	263.244	904
28	52	0	0	0	0	270.694	905
28	52	0	0	0	0	271.884	906
29	52	0	0	0	0	272.919	907
28	53	0	0	0	0	272.046	908
28	53	0	0	0	0	271.026	909
28	53	0	0	0	0	298.376	910
28	53	0	0	0	0	296.418	911
27	52	0	0	0	0	281.15	912
27	53	0	0	0	0	302.326	913
27	55	0	0	0	0	306.613	914
27	55	0	0	0	0	270.688	915
25	54	0	0	0	0	274.039	916
25	55	0	0	0	0	280.156	917
25	54	0	0	0	0	225.268	918
26	52	0	0	0	0	278.508	919
26	51	0	0	0	0	273.37	920
26	50	0	0	0	0	249.752	921
26	50	0	0	0	0	258.023	922
25	51	0	0	0	0	257.396	923
25	55	0	0	0	0	293.783	924
25	55	0	0	0	0	256.149	925
24	52	0	0	0	0	235.903	926
25	52	0	0	0	0	259.452	927
25	49	0	0	0	0	276.984	928
25	49	0	0	0	0	266.234	929
25	49	0	0	0	0	223.085	930
23	51	0	0	0	0	259.438	931
23	52	0	0	0	0	246.644	932
15	51	0	0	0	0	222.821	933
18	51	0	0	0	0	247.073	934
17	50	0	0	0	0	239.548	935
17	51	0	0	0	0	246.012	936
17	52	0	0	0	0	246.946	937
17	52	0	0	0	0	225.024	938
17	51	0	0	0	0	247.651	939
17	51	0	0	0	0	233.793	940
18	52	0	0	0	0	243.645	941
18	51	0	0	0	0	201.96	942
18	51	0	0	0	0	234.672	943
18	50	0	0	0	0	171.038	944
16	49	0	0	0	0	233.111	945
17	47	0	0	0	0	215.474	946
18	47	0	0	0	0	215.128	947
18	47	0	0	0	0	222.569	948
16	44	0	0	0	0	153.715	949
16	40	0	0	0	0	194.891	950
17	42	0	0	0	0	165.347	951
17	42	0	0	0	0	211.172	952
17	42	0	0	0	0	217.383	953
17	42	0	0	0	0	222.539	954
18	41	0	0	0	0	189.458	955
19	41	0	0	0	0	192.29	956
19	40	0	0	0	0	189.529	957
18	40	0	0	0	0	214.342	958
18	40	0	0	0	0	220.172	959
18	39	0	0	0	0	198.932	960
18	38	0	0	0	0	204.304	961
18	37	0	0	0	0	167.553	962
18	38	0	0	0	0	199.646	963
18	36	0	0	0	0	171.48	964
19	36	0	0	0	0	173.43	965
19	35	0	0	0	0	150.976	966
18	35	0	0	0	0	199.575	967
18	34	0	0	0	0	183.342	968
18	34	0	0	0	0	181.41	969
17	33	0	0	0	0	181.278	970
19	33	0	0	0	0	191.028	971
19	33	0	0	0	0	171.511	972
19	34	0	0	0	0	159.23	973
19	34	0	0	0	0	169.969	974
18	34	0	0	0	0	189.29	975
19	34	0	0	0	0	188.468	976
19	34	0	0	0	0	188.465	977
20	33	0	0	0	0	175.815	978
20	33	0	0	0	0	165.795	979
20	33	0	0	0	0	153.514	980
21	33	0	0	0	0	170.273	981
21	33	0	0	0	0	164.314	982
21	33	0	0	0	0	174.522	983
22	33	0	0	0	0	170.279	984
22	31	0	0	0	0	163.607	985
22	31	0	0	0	0	181.78	986
22	31	0	0	0	0	175.882	987
22	32	0	0	0	0	165.588	988
22	30	0	0	0	0	191.212	989
22	30	0	0	0	0	176.092	990
21	30	0	0	0	0	169.056	991
23	28	0	0	0	0	180.086	992
23	29	0	0	0	0	183.164	993
23	29	0	0	0	0	182.381	994
23	30	0	0	0	0	184.669	995
23	30	0	0	0	0	203.698	996
23	30	0	0	0	0	156.77	997
23	30	0	0	0	0	186.523	998
22	29	0	0	0	0	181.18	999
22	31	0	0	0	0	188.999	1000
22	31	0	0	0	0	167.142	1001
22	30	0	0	0	0	159.59	1002
22	31	0	0	0	0	189.667	1003
21	31	0	0	0	0	171.003	1004
20	31	0	0	0	0	168.298	1005
21	32	0	0	0	0	184.749	1006
23	34	0	0	0	0	177.643	1007
23	35	0	0	0	0	180.766	1008
24	33	0	0	0	0	162.082	1009
25	32	0	0	0	0	205.444	1010
25	32	0	0	0	0	188.393	1011
24	31	0	0	0	0	187.518	1012
24	31	0	0	0	0	187.951	1013
24	32	0	0	0	0	178.774	1014
24	33	0	0	0	0	192.86	1015
25	36	0	0	0	0	192.243	1016
21	36	0	0	0	0	189.692	1017
22	36	0	0	0	0	204.992	1018
22	35	0	0	0	0	203.693	1019
22	35	0	0	0	0	216.253	1020
22	35	0	0	0	0	198.764	1021
23	35	0	0	0	0	219.225	1022
23	35	0	0	0	0	170.364	1023
24	35	0	0	0	0	189.547	1024
27	33	0	0	0	0	207.171	1025
28	33	0	0	0	0	222.23	1026
31	32	0	0	0	0	209.628	1027
31	32	0	0	0	0	206.597	1028
34	31	0	0	0	0	207.922	1029
35	32	0	0	0	0	243.483	1030
35	31	0	0	0	0	233.48	1031
36	32	0	0	0	0	236.579	1032
37	32	0	0	0	0	225.562	1033
38	29	0	0	0	0	189.374	1034
38	28	0	0	0	0	198.308	1035
38	28	0	0	0	0	243.503	1036
38	28	0	0	0	0	226.444	1037
38	28	0	0	0	0	239.022	1038
40	28	0	0	0	0	237.147	1039
40	28	0	0	0	0	244.599	1040
40	29	0	0	0	0	246.075	1041
40	27	0	0	0	0	226.203	1042
40	28	0	0	0	0	248.124	1043
41	27	0	0	0	0	189.991	1044
42	27	0	0	0	0	254.761	1045
43	27	0	0	0	0	238.487	1046
43	26	0	0	0	0	195.204	1047
43	26	0	0	0	0	255.459	1048
44	26	0	0	0	0	255.92	1049
47	26	0	0	0	0	229.461	1050
49	27	0	0	0	0	270.634	1051
50	27	0	0	0	0	286.372	1052
50	27	0	0	0	0	273.48	1053
49	27	0	0	0	0	259.909	1054
50	26	0	0	0	0	246.445	1055
50	26	0	0	0	0	268.775	1056
50	26	0	0	0	0	269.197	1057
50	26	0	0	0	0	232.943	1058
50	26	0	0	0	0	290.253	1059
50	27	0	0	0	0	275.224	1060
50	27	0	0	0	0	294.768	1061
50	27	0	0	0	0	270.178	1062
50	27	0	0	0	0	287.938	1063
51	28	0	0	0	0	279.569	1064
51	28	0	0	0	0	268.243	1065
51	28	0	0	0	0	277.376	1066
51	28	0	0	0	0	258.577	1067
51	28	0	0	0	0	271.791	1068
50	28	0	0	0	0	250.65	1069
50	27	0	0	0	0	274.44	1070
49	28	0	0	0	0	275.476	1071
48	28	0	0	0	0	251.759	1072
48	28	0	0	0	0	275.025	1073
48	28	0	0	0	0	264.704	1074
48	28	0	0	0	0	268.184	1075
49	32	0	0	0	0	284.41	1076
49	31	0	0	0	0	266.397	1077
49	31	0	0	0	0	280.959	1078
49	32	0	0	0	0	284.157	1079
49	32	0	0	0	0	290.455	1080
48	33	0	0	0	0	265.495	1081
48	33	0	0	0	0	277.092	1082
47	33	0	0	0	0	268.637	1083
47	33	0	0	0	0	289.822	1084
45	33	0	0	0	0	282.627	1085
45	33	0	0	0	0	272.5	1086
45	32	0	0	0	0	255.881	1087
45	31	0	0	0	0	283.2	1088
46	31	0	0	0	0	244.461	1089
45	31	0	0	0	0	275.844	1090
45	31	0	0	0	0	294.042	1091
45	31	0	0	0	0	270.892	1092
45	29	0	0	0	0	280.169	1093
45	27	0	0	0	0	220.686	1094
45	28	0	0	0	0	219.768	1095
46	28	0	0	0	0	274.815	1096
46	28	0	0	0	0	269.633	1097
47	28	0	0	0	0	273.986	1098
47	28	0	0	0	0	275.228	1099
46	27	0	0	0	0	250.279	1100
46	28	0	0	0	0	267.972	1101
46	28	0	0	0	0	250.692	1102
46	31	0	0	0	0	277.802	1103
46	30	0	0	0	0	265.151	1104
45	37	0	0	0	0	259.851	1105
46	38	0	0	0	0	312.999	1106
46	38	0	0	0	0	295.332	1107
46	38	0	0	0	0	294.837	1108
46	38	0	0	0	0	312.728	1109
45	39	0	0	0	0	311.516	1110
44	39	0	0	0	0	285.001	1111
37	39	0	0	0	0	278.558	1112
38	40	0	0	0	0	288.671	1113
37	40	0	0	0	0	243.21	1114
37	40	0	0	0	0	277.664	1115
38	40	0	0	0	0	284.804	1116
38	41	0	0	0	0	283.213	1117
38	40	0	0	0	0	285.595	1118
37	38	0	0	0	0	243.345	1119
39	38	0	0	0	0	258.035	1120
39	38	0	0	0	0	282.125	1121
40	38	0	0	0	0	285.871	1122
40	38	0	0	0	0	269.687	1123
39	38	0	0	0	0	258.532	1124
38	39	0	0	0	0	270.764	1125
38	40	0	0	0	0	268.707	1126
37	38	0	0	0	0	242.761	1127
37	39	0	0	0	0	271.43	1128
37	39	0	0	0	0	263.71	1129
37	39	0	0	0	0	282.784	1130
37	39	0	0	0	0	257.778	1131
37	40	0	0	0	0	252.141	1132
37	45	0	0	0	0	288.452	1133
36	46	0	0	0	0	281.111	1134
37	61	0	0	0	0	264.527	1135
37	61	0	0	0	0	297.597	1136
37	61	0	0	0	0	295.128	1137
38	61	0	0	0	0	337.584	1138
38	60	0	0	0	0	345.863	1139
38	60	0	0	0	0	311.593	1140
38	60	0	0	0	0	322.304	1141
30	60	0	0	0	0	296.203	1142
30	61	0	0	0	0	328.665	1143
28	61	0	0	0	0	312.539	1144
29	61	0	0	0	0	342.006	1145
30	61	0	0	0	0	331.389	1146
30	61	0	0	0	0	322.438	1147
30	61	0	0	0	0	328.64	1148
30	61	0	0	0	0	323.026	1149
30	60	0	0	0	0	316.597	1150
29	60	0	0	0	0	325.539	1151
28	60	0	0	0	0	317.745	1152
28	60	0	0	0	0	341.005	1153
28	61	0	0	0	0	341.577	1154
28	61	0	0	0	0	305.013	1155
27	61	0	0	0	0	331.808	1156
26	60	0	0	0	0	275.254	1157
26	58	0	0	0	0	327.812	1158
26	58	0	0	0	0	305.14	1159
26	58	0	0	0	0	316.598	1160
26	58	0	0	0	0	323.224	1161
26	59	0	0	0	0	286.689	1162
28	59	0	0	0	0	315.727	1163
27	60	0	0	0	0	323.242	1164
27	60	0	0	0	0	300.669	1165
29	60	0	0	0	0	330.732	1166
28	59	0	0	0	0	296.732	1167
28	59	0	0	0	0	333.569	1168
28	58	0	0	0	0	254.308	1169
28	58	0	0	0	0	317.485	1170
28	58	0	0	0	0	260.364	1171
28	58	0	0	0	0	313.931	1172
27	56	0	0	0	0	295.861	1173
28	56	0	0	0	0	293.958	1174
27	56	0	0	0	0	280.67	1175
27	55	0	0	0	0	271.548	1176
27	55	0	0	0	0	286.249	1177
27	52	0	0	0	0	274.398	1178
27	52	0	0	0	0	303.195	1179
27	53	0	0	0	0	259.841	1180
28	53	0	0	0	0	263.988	1181
28	49	0	0	0	0	266.712	1182
27	49	0	0	0	0	248.296	1183
27	49	0	0	0	0	258.87	1184
27	49	0	0	0	0	286.056	1185
27	50	0	0	0	0	274.735	1186
27	50	0	0	0	0	241.218	1187
27	50	0	0	0	0	285.34	1188
27	50	0	0	0	0	278.37	1189
27	50	0	0	0	0	261.258	1190
28	52	0	0	0	0	277.517	1191
28	53	0	0	0	0	293.385	1192
28	54	0	0	0	0	293.966	1193
29	54	0	0	0	0	293.575	1194
29	51	0	0	0	0	275.096	1195
29	50	0	0	0	0	277.435	1196
29	49	0	0	0	0	260.058	1197
29	52	0	0	0	0	259.08	1198
29	54	0	0	0	0	278.613	1199
25	54	0	0	0	0	281.473	1200
25	54	0	0	0	0	273.129	1201
26	54	0	0	0	0	278.158	1202
27	56	0	0	0	0	273.841	1203
27	56	0	0	0	0	268.519	1204
26	57	0	0	0	0	275.346	1205
27	57	0	0	0	0	306.835	1206
28	57	0	0	0	0	282.251	1207
28	57	0	0	0	0	298.581	1208
27	56	0	0	0	0	277.746	1209
27	55	0	0	0	0	264.267	1210
27	57	0	0	0	0	298.462	1211
27	57	0	0	0	0	315.5	1212
27	56	0	0	0	0	291.123	1213
27	56	0	0	0	0	309.467	1214
27	55	0	0	0	0	269.478	1215
27	56	0	0	0	0	305.857	1216
28	57	0	0	0	0	310.211	1217
28	57	0	0	0	0	275.48	1218
28	56	0	0	0	0	279.708	1219
28	56	0	0	0	0	273.523	1220
30	55	0	0	0	0	317.224	1221
30	55	0	0	0	0	280.395	1222
30	57	0	0	0	0	318.992	1223
30	56	0	0	0	0	296.496	1224
31	56	0	0	0	0	285.77	1225
32	55	0	0	0	0	284.295	1226
34	55	0	0	0	0	295.296	1227
34	55	0	0	0	0	342.022	1228
34	55	0	0	0	0	319.083	1229
34	54	0	0	0	0	302.566	1230
34	57	0	0	0	0	332.717	1231
34	57	0	0	0	0	297.503	1232
35	57	0	0	0	0	324.102	1233
35	64	0	0	0	0	325.852	1234
36	64	0	0	0	0	327.358	1235
37	67	0	0	0	0	357.233	1236
37	66	0	0	0	0	341.645	1237
37	66	0	0	0	0	369.747	1238
37	67	0	0	0	0	376.483	1239
37	67	0	0	0	0	371.348	1240
36	68	0	0	0	0	357.338	1241
35	68	0	0	0	0	372.721	1242
34	65	0	0	0	0	312.862	1243
34	65	0	0	0	0	374.118	1244
34	64	0	0	0	0	357.021	1245
34	64	0	0	0	0	370.196	1246
34	72	0	0	0	0	309.057	1247
34	72	0	0	0	0	323.339	1248
35	72	0	0	0	0	390.733	1249
35	72	0	0	0	0	371.657	1250
35	70	0	0	0	0	355.492	1251
35	70	0	0	0	0	363.898	1252
35	69	0	0	0	0	358.191	1253
35	70	0	0	0	0	351.001	1254
34	67	0	0	0	0	358.942	1255
27	66	0	0	0	0	347.493	1256
27	66	0	0	0	0	352.727	1257
27	64	0	0	0	0	308.38	1258
27	63	0	0	0	0	306.524	1259
27	63	0	0	0	0	346.395	1260
28	63	0	0	0	0	280.76	1261
28	62	0	0	0	0	304.299	1262
27	61	0	0	0	0	329.735	1263
25	61	0	0	0	0	329.229	1264
25	61	0	0	0	0	315.127	1265
25	60	0	0	0	0	307.312	1266
25	59	0	0	0	0	311.652	1267
24	59	0	0	0	0	279.548	1268
24	60	0	0	0	0	286.286	1269
23	60	0	0	0	0	311.516	1270
23	60	0	0	0	0	307.228	1271
22	60	0	0	0	0	286.29	1272
23	60	0	0	0	0	277.851	1273
23	60	0	0	0	0	285.749	1274
23	60	0	0	0	0	308.507	1275
23	67	0	0	0	0	307.034	1276
23	67	0	0	0	0	276.356	1277
22	68	0	0	0	0	327.552	1278
22	67	0	0	0	0	306.56	1279
22	67	0	0	0	0	291.855	1280
22	68	0	0	0	0	338.074	1281
22	67	0	0	0	0	304.364	1282
22	66	0	0	0	0	305.896	1283
22	66	0	0	0	0	305.378	1284
19	61	0	0	0	0	265.722	1285
20	61	0	0	0	0	304.605	1286
20	61	0	0	0	0	299.179	1287
20	62	0	0	0	0	300.683	1288
20	61	0	0	0	0	292.2	1289
20	61	0	0	0	0	282.184	1290
22	61	0	0	0	0	295.307	1291
22	61	0	0	0	0	294.288	1292
22	61	0	0	0	0	317.21	1293
23	61	0	0	0	0	296.734	1294
23	61	0	0	0	0	306.335	1295
23	61	0	0	0	0	318.302	1296
21	61	0	0	0	0	272.008	1297
21	62	0	0	0	0	309.087	1298
21	62	0	0	0	0	294.757	1299
21	62	0	0	0	0	311.223	1300
21	62	0	0	0	0	291.769	1301
20	63	0	0	0	0	291.294	1302
22	63	0	0	0	0	283.123	1303
22	63	0	0	0	0	312.942	1304
23	64	0	0	0	0	310.959	1305
23	63	0	0	0	0	299.074	1306
23	61	0	0	0	0	315.318	1307
23	61	0	0	0	0	303.314	1308
23	61	0	0	0	0	237.005	1309
23	62	0	0	0	0	298.577	1310
21	62	0	0	0	0	270.602	1311
24	61	0	0	0	0	310.589	1312
23	61	0	0	0	0	291.427	1313
23	61	0	0	0	0	325.715	1314
23	61	0	0	0	0	300.043	1315
22	61	0	0	0	0	295.548	1316
22	61	0	0	0	0	313.633	1317
23	61	0	0	0	0	284.843	1318
23	61	0	0	0	0	308.735	1319
23	61	0	0	0	0	279.348	1320
23	61	0	0	0	0	258.096	1321
23	61	0	0	0	0	253.833	1322
29	61	0	0	0	0	326.673	1323
29	61	0	0	0	0	305.783	1324
29	60	0	0	0	0	325.709	1325
29	58	0	0	0	0	318.265	1326
30	58	0	0	0	0	317.378	1327
30	57	0	0	0	0	327.408	1328
30	57	0	0	0	0	269.742	1329
31	56	0	0	0	0	301.697	1330
31	55	0	0	0	0	270.231	1331
31	54	0	0	0	0	293.713	1332
30	51	0	0	0	0	249.19	1333
30	50	0	0	0	0	255.684	1334
30	50	0	0	0	0	256.243	1335
31	49	0	0	0	0	297.152	1336
31	49	0	0	0	0	286.104	1337
30	49	0	0	0	0	280.975	1338
30	48	0	0	0	0	293.007	1339
30	48	0	0	0	0	245.183	1340
29	48	0	0	0	0	275.24	1341
29	47	0	0	0	0	258.489	1342
31	47	0	0	0	0	222.983	1343
31	49	0	0	0	0	276.563	1344
30	49	0	0	0	0	273.76	1345
30	49	0	0	0	0	287.579	1346
30	47	0	0	0	0	234.483	1347
30	46	0	0	0	0	240.507	1348
30	42	0	0	0	0	253.824	1349
30	42	0	0	0	0	279.654	1350
30	42	0	0	0	0	228.998	1351
30	42	0	0	0	0	266.245	1352
30	40	0	0	0	0	237.69	1353
31	39	0	0	0	0	235.347	1354
31	38	0	0	0	0	238.768	1355
31	41	0	0	0	0	255.976	1356
31	41	0	0	0	0	259.674	1357
30	41	0	0	0	0	207.935	1358
32	43	0	0	0	0	213.741	1359
33	43	0	0	0	0	225.857	1360
32	41	0	0	0	0	276.802	1361
33	41	0	0	0	0	274.892	1362
34	41	0	0	0	0	255.505	1363
33	41	0	0	0	0	269.557	1364
33	40	0	0	0	0	253.927	1365
33	40	0	0	0	0	273.74	1366
33	40	0	0	0	0	277.151	1367
32	40	0	0	0	0	256.467	1368
32	41	0	0	0	0	233.101	1369
32	42	0	0	0	0	274.353	1370
32	43	0	0	0	0	265.888	1371
32	42	0	0	0	0	276.171	1372
32	41	0	0	0	0	207.623	1373
32	40	0	0	0	0	265.348	1374
32	38	0	0	0	0	265.435	1375
33	38	0	0	0	0	207.031	1376
35	38	0	0	0	0	267.2	1377
35	38	0	0	0	0	258.839	1378
36	38	0	0	0	0	271.049	1379
37	37	0	0	0	0	254.349	1380
36	36	0	0	0	0	210.007	1381
37	36	0	0	0	0	259.282	1382
38	36	0	0	0	0	222.507	1383
39	35	0	0	0	0	250.69	1384
39	35	0	0	0	0	257.275	1385
39	33	0	0	0	0	251.998	1386
38	33	0	0	0	0	226.621	1387
36	31	0	0	0	0	226.074	1388
36	31	0	0	0	0	240.976	1389
36	31	0	0	0	0	238.752	1390
35	30	0	0	0	0	205.575	1391
38	30	0	0	0	0	230.438	1392
38	31	0	0	0	0	238.594	1393
37	36	0	0	0	0	232.819	1394
37	38	0	0	0	0	227.054	1395
38	35	0	0	0	0	197.834	1396
42	36	0	0	0	0	257.919	1397
42	36	0	0	0	0	257.774	1398
40	35	0	0	0	0	253.674	1399
40	34	0	0	0	0	239.37	1400
42	33	0	0	0	0	238.338	1401
43	34	0	0	0	0	275.173	1402
44	33	0	0	0	0	272.737	1403
41	32	0	0	0	0	226.166	1404
44	32	0	0	0	0	255.1	1405
44	31	0	0	0	0	243.427	1406
46	31	0	0	0	0	277.062	1407
46	30	0	0	0	0	269.5	1408
47	30	0	0	0	0	277.279	1409
47	30	0	0	0	0	194.58	1410
47	30	0	0	0	0	283.198	1411
48	29	0	0	0	0	215.105	1412
49	28	0	0	0	0	274.073	1413
49	28	0	0	0	0	256.932	1414
49	28	0	0	0	0	275.826	1415
49	28	0	0	0	0	283.957	1416
48	28	0	0	0	0	287.174	1417
48	28	0	0	0	0	254.857	1418
48	29	0	0	0	0	227.597	1419
48	29	0	0	0	0	277.932	1420
49	30	0	0	0	0	284.836	1421
49	30	0	0	0	0	280.605	1422
49	30	0	0	0	0	283.802	1423
48	30	0	0	0	0	267.545	1424
47	30	0	0	0	0	267.971	1425
48	29	0	0	0	0	241.524	1426
47	33	0	0	0	0	263.574	1427
47	34	0	0	0	0	284.742	1428
47	34	0	0	0	0	297.411	1429
48	34	0	0	0	0	281.507	1430
48	34	0	0	0	0	283.654	1431
48	33	0	0	0	0	268.258	1432
48	33	0	0	0	0	294.317	1433
46	33	0	0	0	0	272.672	1434
47	34	0	0	0	0	277.071	1435
46	32	0	0	0	0	278.286	1436
44	32	0	0	0	0	222.943	1437
45	32	0	0	0	0	235.134	1438
50	34	0	0	0	0	292.692	1439
50	34	0	0	0	0	287.63	1440
50	33	0	0	0	0	294.387	1441
51	34	0	0	0	0	291.455	1442
52	39	0	0	0	0	286.195	1443
51	39	0	0	0	0	296.549	1444
52	39	0	0	0	0	333.928	1445
52	39	0	0	0	0	328.814	1446
52	39	0	0	0	0	318.71	1447
53	39	0	0	0	0	349.086	1448
55	39	0	0	0	0	330.355	1449
56	39	0	0	0	0	309.615	1450
56	39	0	0	0	0	354.749	1451
56	38	0	0	0	0	353.492	1452
55	41	0	0	0	0	299.265	1453
55	42	0	0	0	0	352.084	1454
54	42	0	0	0	0	346.631	1455
56	42	0	0	0	0	338.128	1456
56	43	0	0	0	0	353.272	1457
56	43	0	0	0	0	334.802	1458
56	43	0	0	0	0	338.33	1459
56	42	0	0	0	0	344.168	1460
60	43	0	0	0	0	340.731	1461
59	43	0	0	0	0	375.91	1462
59	43	0	0	0	0	385.141	1463
60	42	0	0	0	0	319.601	1464
60	42	0	0	0	0	330.483	1465
63	42	0	0	0	0	367.679	1466
63	40	0	0	0	0	360.659	1467
63	40	0	0	0	0	375.46	1468
65	40	0	0	0	0	339.057	1469
65	40	0	0	0	0	373.816	1470
67	41	0	0	0	0	398.709	1471
67	40	0	0	0	0	407.656	1472
67	40	0	0	0	0	378.22	1473
68	40	0	0	0	0	332.1	1474
68	39	0	0	0	0	379.02	1475
68	39	0	0	0	0	382.815	1476
69	39	0	0	0	0	376.871	1477
69	39	0	0	0	0	385.92	1478
68	39	0	0	0	0	381.717	1479
66	40	0	0	0	0	397.977	1480
66	38	0	0	0	0	348.593	1481
68	38	0	0	0	0	389.732	1482
68	38	0	0	0	0	386.453	1483
68	41	0	0	0	0	370.466	1484
64	40	0	0	0	0	374.193	1485
64	42	0	0	0	0	390.998	1486
64	42	0	0	0	0	364.13	1487
64	45	0	0	0	0	377.92	1488
64	45	0	0	0	0	410.936	1489
65	46	0	0	0	0	417.012	1490
64	46	0	0	0	0	404.899	1491
64	46	0	0	0	0	349.928	1492
56	46	0	0	0	0	361.367	1493
56	46	0	0	0	0	377.217	1494
57	47	0	0	0	0	374.041	1495
56	46	0	0	0	0	385.016	1496
57	46	0	0	0	0	374.707	1497
57	46	0	0	0	0	342.294	1498
53	45	0	0	0	0	324.864	1499
54	46	0	0	0	0	365.35	1500
53	46	0	0	0	0	354.834	1501
53	48	0	0	0	0	342.451	1502
48	48	0	0	0	0	301.784	1503
48	47	0	0	0	0	343.253	1504
49	47	0	0	0	0	355.745	1505
49	47	0	0	0	0	355.154	1506
49	46	0	0	0	0	340.386	1507
50	46	0	0	0	0	309.933	1508
51	46	0	0	0	0	330.862	1509
52	47	0	0	0	0	354.492	1510
52	48	0	0	0	0	363.052	1511
52	47	0	0	0	0	332.2	1512
52	48	0	0	0	0	318.066	1513
53	48	0	0	0	0	335.066	1514
53	49	0	0	0	0	347.318	1515
53	49	0	0	0	0	379.351	1516
53	47	0	0	0	0	320.11	1517
54	49	0	0	0	0	381.18	1518
53	49	0	0	0	0	373.677	1519
53	50	0	0	0	0	331.897	1520
53	50	0	0	0	0	397.541	1521
54	50	0	0	0	0	377.24	1522
54	51	0	0	0	0	388.537	1523
54	51	0	0	0	0	365.283	1524
54	51	0	0	0	0	396.446	1525
53	52	0	0	0	0	370.424	1526
49	51	0	0	0	0	373.699	1527
49	53	0	0	0	0	387.941	1528
49	54	0	0	0	0	364.951	1529
49	54	0	0	0	0	379.051	1530
49	54	0	0	0	0	377.631	1531
49	54	0	0	0	0	390.488	1532
49	55	0	0	0	0	376.69	1533
50	54	0	0	0	0	368.127	1534
44	54	0	0	0	0	350.589	1535
44	54	0	0	0	0	362.538	1536
44	54	0	0	0	0	359.248	1537
44	57	0	0	0	0	376.426	1538
44	57	0	0	0	0	362.585	1539
44	57	0	0	0	0	354.486	1540
43	55	0	0	0	0	334.876	1541
42	53	0	0	0	0	335.296	1542
42	53	0	0	0	0	338.75	1543
42	54	0	0	0	0	343.496	1544
40	53	0	0	0	0	326.899	1545
40	53	0	0	0	0	301.856	1546
31	49	0	0	0	0	274.097	1547
31	48	0	0	0	0	272.501	1548
31	48	0	0	0	0	261.557	1549
31	46	0	0	0	0	281.704	1550
31	46	0	0	0	0	267.193	1551
30	45	0	0	0	0	262.429	1552
30	44	0	0	0	0	257.072	1553
30	44	0	0	0	0	272.219	1554
30	42	0	0	0	0	244.237	1555
30	41	0	0	0	0	248.183	1556
30	41	0	0	0	0	262.168	1557
29	41	0	0	0	0	246.437	1558
29	45	0	0	0	0	262.719	1559
30	45	0	0	0	0	262.026	1560
30	44	0	0	0	0	245.355	1561
31	44	0	0	0	0	248.725	1562
30	44	0	0	0	0	258.685	1563
30	44	0	0	0	0	243.448	1564
30	44	0	0	0	0	264.589	1565
30	44	0	0	0	0	278.403	1566
28	44	0	0	0	0	252.053	1567
23	44	0	0	0	0	227.381	1568
24	44	0	0	0	0	246.099	1569
24	44	0	0	0	0	207.947	1570
25	44	0	0	0	0	251.424	1571
25	44	0	0	0	0	246.44	1572
25	44	0	0	0	0	227.453	1573
27	44	0	0	0	0	245.553	1574
27	44	0	0	0	0	224.608	1575
28	44	0	0	0	0	240.858	1576
28	43	0	0	0	0	247.211	1577
28	43	0	0	0	0	233.684	1578
28	43	0	0	0	0	254.112	1579
28	43	0	0	0	0	261.353	1580
28	42	0	0	0	0	234.585	1581
28	42	0	0	0	0	235.782	1582
27	42	0	0	0	0	219.307	1583
28	41	0	0	0	0	229.398	1584
26	40	0	0	0	0	215.553	1585
26	39	0	0	0	0	217.312	1586
26	39	0	0	0	0	232.639	1587
25	38	0	0	0	0	204.157	1588
25	38	0	0	0	0	221.273	1589
24	38	0	0	0	0	201.659	1590
24	38	0	0	0	0	199.344	1591
24	38	0	0	0	0	194.701	1592
24	33	0	0	0	0	208.113	1593
23	31	0	0	0	0	27.8075	1594
24	32	0	0	0	0	202.898	1595
25	32	0	0	0	0	186.584	1596
27	32	0	0	0	0	200.792	1597
28	30	0	0	0	0	202.499	1598
29	30	0	0	0	0	201.053	1599
29	30	0	0	0	0	209.846	1600
29	29	0	0	0	0	184.315	1601
30	28	0	0	0	0	178.236	1602
30	26	0	0	0	0	189.121	1603
29	24	0	0	0	0	161.843	1604
29	24	0	0	0	0	200.81	1605
29	24	0	0	0	0	172.241	1606
29	21	0	0	0	0	131.504	1607
30	11	0	0	0	0	123.272	1608
32	11	0	0	0	0	133.987	1609
32	8	0	0	0	0	132.192	1610
33	8	0	0	0	0	121.443	1611
34	7	0	0	0	0	132.566	1612
35	6	0	0	0	0	129.134	1613
36	5	0	0	0	0	142.069	1614
36	4	0	0	0	0	139.908	1615
36	4	0	0	0	0	148.061	1616
36	4	0	0	0	0	125.928	1617
36	4	0	0	0	0	151.89	1618
36	4	0	0	0	0	139.004	1619
36	6	0	0	0	0	142.91	1620
36	6	0	0	0	0	155.472	1621
36	6	0	0	0	0	143.758	1622
36	5	0	0	0	0	143.595	1623
36	5	0	0	0	0	136.631	1624
36	4	0	0	0	0	142.186	1625
37	4	0	0	0	0	122.405	1626
37	4	0	0	0	0	126.923	1627
37	4	0	0	0	0	127.111	1628
33	4	0	0	0	0	114.787	1629
33	5	0	0	0	0	131.59	1630
33	5	0	0	0	0	143.974	1631
33	5	0	0	0	0	143.242	1632
33	5	0	0	0	0	127.925	1633
33	5	0	0	0	0	143.546	1634
33	5	0	0	0	0	129.292	1635
33	5	0	0	0	0	127.587	1636
33	5	0	0	0	0	125.081	1637
33	5	0	0	0	0	131.878	1638
33	5	0	0	0	0	128.811	1639
32	5	0	0	0	0	126.267	1640
32	8	0	0	0	0	132.331	1641
33	8	0	0	0	0	120.935	1642
33	8	0	0	0	0	140.49	1643
33	8	0	0	0	0	133.49	1644
32	8	0	0	0	0	130.712	1645
33	10	0	0	0	0	130.517	1646
31	10	0	0	0	0	131.255	1647
31	9	0	0	0	0	140.325	1648
31	9	0	0	0	0	143.974	1649
30	9	0	0	0	0	111.072	1650
33	9	0	0	0	0	140.848	1651
32	9	0	0	0	0	148.73	1652
32	9	0	0	0	0	152.37	1653
32	10	0	0	0	0	147.793	1654
31	10	0	0	0	0	155.379	1655
31	10	0	0	0	0	126.564	1656
31	10	0	0	0	0	135.394	1657
31	11	0	0	0	0	147.722	1658
30	11	0	0	0	0	151.055	1659
30	11	0	0	0	0	148.477	1660
30	11	0	0	0	0	155.204	1661
30	11	0	0	0	0	146.431	1662
30	13	0	0	0	0	142.108	1663
30	13	0	0	0	0	134.028	1664
30	13	0	0	0	0	156.176	1665
30	13	0	0	0	0	163.574	1666
30	14	0	0	0	0	156.753	1667
30	12	0	0	0	0	145.007	1668
31	12	0	0	0	0	159.966	1669
31	12	0	0	0	0	153.475	1670
31	12	0	0	0	0	159.687	1671
31	13	0	0	0	0	143.538	1672
32	14	0	0	0	0	167	1673
32	14	0	0	0	0	150.474	1674
32	14	0	0	0	0	155.065	1675
31	14	0	0	0	0	158.254	1676
31	18	0	0	0	0	162.976	1677
30	18	0	0	0	0	146.433	1678
30	18	0	0	0	0	177.683	1679
29	18	0	0	0	0	163.392	1680
29	20	0	0	0	0	164.204	1681
27	20	0	0	0	0	177.459	1682
28	20	0	0	0	0	165.639	1683
27	21	0	0	0	0	158.214	1684
28	22	0	0	0	0	162.714	1685
26	22	0	0	0	0	170.485	1686
26	23	0	0	0	0	172.722	1687
26	23	0	0	0	0	163.443	1688
26	29	0	0	0	0	168.488	1689
25	31	0	0	0	0	184.364	1690
25	31	0	0	0	0	186.394	1691
26	31	0	0	0	0	203.534	1692
25	31	0	0	0	0	192.841	1693
25	32	0	0	0	0	191.388	1694
25	32	0	0	0	0	202.813	1695
24	33	0	0	0	0	186.793	1696
24	33	0	0	0	0	188.021	1697
17	33	0	0	0	0	157.612	1698
21	33	0	0	0	0	191.005	1699
21	33	0	0	0	0	167.249	1700
21	33	0	0	0	0	186.051	1701
21	33	0	0	0	0	181.109	1702
21	33	0	0	0	0	188.157	1703
21	34	0	0	0	0	168.856	1704
24	34	0	0	0	0	187.537	1705
24	34	0	0	0	0	187.52	1706
24	35	0	0	0	0	204.446	1707
25	35	0	0	0	0	176.142	1708
26	35	0	0	0	0	201.246	1709
27	35	0	0	0	0	226.037	1710
27	35	0	0	0	0	202.582	1711
30	37	0	0	0	0	227.856	1712
32	37	0	0	0	0	196.061	1713
33	36	0	0	0	0	231.584	1714
33	36	0	0	0	0	262.65	1715
33	37	0	0	0	0	223.459	1716
34	37	0	0	0	0	244.35	1717
34	37	0	0	0	0	240.103	1718
32	37	0	0	0	0	236.947	1719
32	36	0	0	0	0	251.201	1720
33	36	0	0	0	0	249.573	1721
33	36	0	0	0	0	226.338	1722
29	36	0	0	0	0	196.043	1723
30	36	0	0	0	0	239.694	1724
29	36	0	0	0	0	228.453	1725
29	37	0	0	0	0	241.998	1726
29	37	0	0	0	0	230.03	1727
29	37	0	0	0	0	241.502	1728
30	37	0	0	0	0	247.323	1729
30	37	0	0	0	0	231.355	1730
30	37	0	0	0	0	243.371	1731
29	37	0	0	0	0	228.988	1732
29	37	0	0	0	0	217.804	1733
29	36	0	0	0	0	213.482	1734
29	36	0	0	0	0	243.849	1735
29	35	0	0	0	0	197.938	1736
30	36	0	0	0	0	242.154	1737
31	36	0	0	0	0	242.085	1738
31	36	0	0	0	0	231.172	1739
31	36	0	0	0	0	232.225	1740
31	36	0	0	0	0	229.054	1741
31	36	0	0	0	0	221.981	1742
31	36	0	0	0	0	231.136	1743
31	36	0	0	0	0	229.806	1744
31	37	0	0	0	0	253.507	1745
31	37	0	0	0	0	223.825	1746
31	36	0	0	0	0	222.793	1747
32	36	0	0	0	0	249.5	1748
32	36	0	0	0	0	243.732	1749
31	35	0	0	0	0	242.278	1750
31	35	0	0	0	0	238.38	1751
31	35	0	0	0	0	232.228	1752
31	35	0	0	0	0	241.142	1753
30	34	0	0	0	0	215.188	1754
30	33	0	0	0	0	213.488	1755
32	33	0	0	0	0	237.002	1756
32	33	0	0	0	0	232.81	1757
32	33	0	0	0	0	233.822	1758
32	33	0	0	0	0	229.063	1759
32	32	0	0	0	0	215.479	1760
32	31	0	0	0	0	222.712	1761
32	30	0	0	0	0	208.422	1762
33	30	0	0	0	0	172.769	1763
33	36	0	0	0	0	197.244	1764
29	36	0	0	0	0	178.079	1765
28	36	0	0	0	0	219.802	1766
29	36	0	0	0	0	222.378	1767
28	36	0	0	0	0	223.483	1768
28	36	0	0	0	0	214.348	1769
28	36	0	0	0	0	218.202	1770
28	35	0	0	0	0	202.694	1771
23	35	0	0	0	0	173.134	1772
22	36	0	0	0	0	191.622	1773
23	35	0	0	0	0	190.2	1774
23	34	0	0	0	0	169.511	1775
23	34	0	0	0	0	213.618	1776
23	36	0	0	0	0	210.237	1777
23	36	0	0	0	0	212.565	1778
24	36	0	0	0	0	204.127	1779
24	34	0	0	0	0	208.042	1780
25	33	0	0	0	0	183.827	1781
26	32	0	0	0	0	204.084	1782
25	32	0	0	0	0	177.089	1783
25	31	0	0	0	0	173.921	1784
26	32	0	0	0	0	198.055	1785
26	32	0	0	0	0	160.827	1786
26	31	0	0	0	0	205.854	1787
27	31	0	0	0	0	211.68	1788
29	31	0	0	0	0	199.631	1789
28	32	0	0	0	0	212.252	1790
28	32	0	0	0	0	208.908	1791
29	31	0	0	0	0	205.557	1792
30	32	0	0	0	0	229.635	1793
30	32	0	0	0	0	195.59	1794
30	36	0	0	0	0	224.465	1795
31	36	0	0	0	0	236.074	1796
31	36	0	0	0	0	215.901	1797
31	36	0	0	0	0	237.188	1798
30	36	0	0	0	0	230.785	1799
32	37	0	0	0	0	255.397	1800
32	37	0	0	0	0	238.969	1801
32	37	0	0	0	0	240.099	1802
33	37	0	0	0	0	232.35	1803
31	37	0	0	0	0	232.749	1804
32	36	0	0	0	0	227.524	1805
32	34	0	0	0	0	194.119	1806
32	34	0	0	0	0	255.011	1807
32	34	0	0	0	0	244.206	1808
32	34	0	0	0	0	247.368	1809
32	32	0	0	0	0	214.465	1810
32	32	0	0	0	0	240.938	1811
32	32	0	0	0	0	233.494	1812
32	32	0	0	0	0	225.973	1813
31	30	0	0	0	0	184.1	1814
30	30	0	0	0	0	198.619	1815
31	28	0	0	0	0	198.741	1816
30	28	0	0	0	0	209.711	1817
30	27	0	0	0	0	204.295	1818
31	26	0	0	0	0	207.076	1819
31	26	0	0	0	0	196.753	1820
31	26	0	0	0	0	195.766	1821
31	24	0	0	0	0	172.668	1822
31	24	0	0	0	0	185.474	1823
31	23	0	0	0	0	161.263	1824
31	23	0	0	0	0	187.211	1825
32	23	0	0	0	0	163.646	1826
32	23	0	0	0	0	187.099	1827
31	23	0	0	0	0	165.848	1828
32	22	0	0	0	0	193.349	1829
32	22	0	0	0	0	192.654	1830
32	22	0	0	0	0	159.835	1831
33	22	0	0	0	0	207.281	1832
33	22	0	0	0	0	182.42	1833
33	22	0	0	0	0	207.507	1834
33	22	0	0	0	0	196.015	1835
33	23	0	0	0	0	202.826	1836
33	21	0	0	0	0	207.094	1837
33	21	0	0	0	0	190.238	1838
33	20	0	0	0	0	195.877	1839
33	20	0	0	0	0	177.535	1840
33	20	0	0	0	0	161.961	1841
33	22	0	0	0	0	200.193	1842
32	22	0	0	0	0	191.36	1843
32	22	0	0	0	0	208.898	1844
34	22	0	0	0	0	190.526	1845
35	22	0	0	0	0	199.954	1846
35	22	0	0	0	0	189.716	1847
35	22	0	0	0	0	208.181	1848
35	21	0	0	0	0	201.98	1849
33	21	0	0	0	0	177.095	1850
32	23	0	0	0	0	194.973	1851
32	23	0	0	0	0	197.353	1852
32	24	0	0	0	0	187.959	1853
33	27	0	0	0	0	210.347	1854
33	27	0	0	0	0	201.083	1855
33	27	0	0	0	0	195.019	1856
33	27	0	0	0	0	204.786	1857
31	27	0	0	0	0	195.81	1858
31	27	0	0	0	0	191.888	1859
28	27	0	0	0	0	188.084	1860
24	27	0	0	0	0	188.386	1861
24	29	0	0	0	0	191.39	1862
23	29	0	0	0	0	195.596	1863
22	29	0	0	0	0	168.795	1864
22	29	0	0	0	0	185.402	1865
22	28	0	0	0	0	146.272	1866
23	28	0	0	0	0	186.848	1867
23	28	0	0	0	0	195.321	1868
23	28	0	0	0	0	186.808	1869
23	28	0	0	0	0	176.1	1870
21	28	0	0	0	0	165.367	1871
21	28	0	0	0	0	185.52	1872
21	28	0	0	0	0	171.615	1873
21	28	0	0	0	0	167.046	1874
20	27	0	0	0	0	174.045	1875
21	26	0	0	0	0	164.049	1876
21	26	0	0	0	0	168.248	1877
21	25	0	0	0	0	138.436	1878
21	25	0	0	0	0	175.527	1879
21	25	0	0	0	0	167.35	1880
21	24	0	0	0	0	129.476	1881
23	23	0	0	0	0	166.026	1882
23	23	0	0	0	0	164.281	1883
23	23	0	0	0	0	155.158	1884
23	23	0	0	0	0	144.084	1885
22	24	0	0	0	0	152.029	1886
22	25	0	0	0	0	154.379	1887
21	25	0	0	0	0	121.55	1888
21	25	0	0	0	0	144.309	1889
21	24	0	0	0	0	150.177	1890
22	24	0	0	0	0	127.457	1891
24	24	0	0	0	0	132.028	1892
24	22	0	0	0	0	125.08	1893
26	21	0	0	0	0	131.68	1894
26	21	0	0	0	0	136.922	1895
21	21	0	0	0	0	130.107	1896
21	21	0	0	0	0	139.391	1897
22	21	0	0	0	0	138.598	1898
22	22	0	0	0	0	156.641	1899
22	22	0	0	0	0	160.222	1900
21	22	0	0	0	0	114.625	1901
21	21	0	0	0	0	142.575	1902
21	21	0	0	0	0	141.12	1903
21	21	0	0	0	0	144.438	1904
21	19	0	0	0	0	146.026	1905
20	19	0	0	0	0	125.47	1906
21	19	0	0	0	0	120.496	1907
22	18	0	0	0	0	134.289	1908
21	18	0	0	0	0	135.938	1909
22	18	0	0	0	0	143.85	1910
22	18	0	0	0	0	148.067	1911
23	18	0	0	0	0	138.418	1912
23	17	0	0	0	0	122.55	1913
23	16	0	0	0	0	133.097	1914
23	16	0	0	0	0	140.397	1915
24	15	0	0	0	0	142.764	1916
24	15	0	0	0	0	132.531	1917
25	16	0	0	0	0	122.337	1918
25	16	0	0	0	0	147.585	1919
25	17	0	0	0	0	128.059	1920
26	15	0	0	0	0	143.317	1921
26	16	0	0	0	0	140.848	1922
26	17	0	0	0	0	134.733	1923
25	17	0	0	0	0	155.812	1924
26	17	0	0	0	0	155.318	1925
26	16	0	0	0	0	122.681	1926
26	16	0	0	0	0	121.926	1927
27	17	0	0	0	0	155.605	1928
27	18	0	0	0	0	158.539	1929
27	18	0	0	0	0	160.105	1930
27	19	0	0	0	0	163.14	1931
27	19	0	0	0	0	162.339	1932
27	19	0	0	0	0	161.03	1933
27	20	0	0	0	0	173.105	1934
27	20	0	0	0	0	162.503	1935
27	20	0	0	0	0	169.963	1936
27	20	0	0	0	0	159.984	1937
27	20	0	0	0	0	146.724	1938
28	20	0	0	0	0	167.963	1939
26	20	0	0	0	0	159.998	1940
26	20	0	0	0	0	168.665	1941
25	20	0	0	0	0	166.547	1942
27	20	0	0	0	0	161.099	1943
27	20	0	0	0	0	163.013	1944
27	20	0	0	0	0	166.12	1945
27	20	0	0	0	0	180.241	1946
27	20	0	0	0	0	180.905	1947
27	20	0	0	0	0	149.533	1948
28	21	0	0	0	0	169.31	1949
28	22	0	0	0	0	161.1	1950
28	29	0	0	0	0	192.612	1951
28	29	0	0	0	0	196.677	1952
28	28	0	0	0	0	182.045	1953
28	28	0	0	0	0	195.974	1954
29	28	0	0	0	0	184.999	1955
29	28	0	0	0	0	176.834	1956
29	28	0	0	0	0	205.238	1957
27	28	0	0	0	0	203.056	1958
29	35	0	0	0	0	203.975	1959
28	35	0	0	0	0	204.804	1960
28	35	0	0	0	0	226.073	1961
28	35	0	0	0	0	223.61	1962
28	34	0	0	0	0	209.062	1963
28	33	0	0	0	0	204.293	1964
28	32	0	0	0	0	210.966	1965
29	32	0	0	0	0	222.1	1966
29	34	0	0	0	0	227.051	1967
28	34	0	0	0	0	201.991	1968
25	34	0	0	0	0	208.425	1969
25	34	0	0	0	0	219.805	1970
25	34	0	0	0	0	208.608	1971
25	32	0	0	0	0	217.474	1972
25	32	0	0	0	0	192.07	1973
24	32	0	0	0	0	189.896	1974
24	32	0	0	0	0	202.029	1975
25	32	0	0	0	0	191.962	1976
25	32	0	0	0	0	204.561	1977
26	32	0	0	0	0	211.404	1978
26	32	0	0	0	0	195.611	1979
27	32	0	0	0	0	202.141	1980
27	32	0	0	0	0	192.217	1981
27	32	0	0	0	0	217.011	1982
27	32	0	0	0	0	186.142	1983
27	31	0	0	0	0	218.554	1984
27	31	0	0	0	0	209.506	1985
27	34	0	0	0	0	214.474	1986
27	34	0	0	0	0	217.752	1987
27	34	0	0	0	0	206.244	1988
27	34	0	0	0	0	219.463	1989
27	34	0	0	0	0	215.889	1990
27	33	0	0	0	0	221.829	1991
27	32	0	0	0	0	175.538	1992
27	31	0	0	0	0	189.815	1993
30	31	0	0	0	0	216.645	1994
30	31	0	0	0	0	218.296	1995
30	31	0	0	0	0	232.57	1996
30	31	0	0	0	0	177.616	1997
31	31	0	0	0	0	216.949	1998
31	31	0	0	0	0	217.857	1999
29	31	0	0	0	0	207.707	2000
30	32	0	0	0	0	219.91	2001
30	33	0	0	0	0	225.551	2002
30	31	0	0	0	0	204.286	2003
31	30	0	0	0	0	226.382	2004
31	30	0	0	0	0	229.831	2005
31	29	0	0	0	0	212.957	2006
31	29	0	0	0	0	207.468	2007
31	29	0	0	0	0	201.971	2008
31	29	0	0	0	0	231.612	2009
34	29	0	0	0	0	228.678	2010
34	29	0	0	0	0	233.888	2011
34	29	0	0	0	0	234.481	2012
35	28	0	0	0	0	199.55	2013
35	27	0	0	0	0	220.775	2014
35	27	0	0	0	0	195.035	2015
35	27	0	0	0	0	236.4	2016
35	28	0	0	0	0	230.466	2017
35	26	0	0	0	0	218.809	2018
35	28	0	0	0	0	196.47	2019
35	28	0	0	0	0	205.438	2020
35	28	0	0	0	0	216.569	2021
34	29	0	0	0	0	222.922	2022
34	28	0	0	0	0	207.933	2023
36	27	0	0	0	0	223.374	2024
36	27	0	0	0	0	239.887	2025
35	27	0	0	0	0	206.009	2026
34	27	0	0	0	0	234.511	2027
34	27	0	0	0	0	213.882	2028
34	40	0	0	0	0	222.171	2029
34	39	0	0	0	0	227.707	2030
34	40	0	0	0	0	257.35	2031
33	40	0	0	0	0	237.417	2032
34	41	0	0	0	0	252.635	2033
34	40	0	0	0	0	242.624	2034
34	40	0	0	0	0	236.553	2035
33	40	0	0	0	0	276.664	2036
32	40	0	0	0	0	262.444	2037
30	40	0	0	0	0	235.737	2038
31	40	0	0	0	0	250.224	2039
31	40	0	0	0	0	233.169	2040
31	40	0	0	0	0	258.999	2041
29	40	0	0	0	0	213.471	2042
29	40	0	0	0	0	259.234	2043
28	40	0	0	0	0	232.898	2044
31	40	0	0	0	0	261.582	2045
32	40	0	0	0	0	259.719	2046
33	40	0	0	0	0	262.219	2047
33	41	0	0	0	0	238.968	2048
33	40	0	0	0	0	282.331	2049
33	40	0	0	0	0	263.628	2050
33	40	0	0	0	0	259.852	2051
33	40	0	0	0	0	261.048	2052
34	47	0	0	0	0	247.906	2053
34	47	0	0	0	0	303.16	2054
34	47	0	0	0	0	284.059	2055
35	47	0	0	0	0	276.274	2056
35	44	0	0	0	0	279.807	2057
36	45	0	0	0	0	292.784	2058
36	45	0	0	0	0	282.061	2059
37	47	0	0	0	0	269.926	2060
37	48	0	0	0	0	302.15	2061
35	48	0	0	0	0	297.599	2062
35	48	0	0	0	0	286.435	2063
35	49	0	0	0	0	308.558	2064
36	49	0	0	0	0	271.904	2065
36	49	0	0	0	0	303.957	2066
36	48	0	0	0	0	296.224	2067
36	47	0	0	0	0	290.498	2068
36	47	0	0	0	0	314.232	2069
36	45	0	0	0	0	255.348	2070
35	45	0	0	0	0	291.98	2071
35	45	0	0	0	0	307.229	2072
35	44	0	0	0	0	305.625	2073
36	44	0	0	0	0	283.758	2074
36	45	0	0	0	0	304.412	2075
38	45	0	0	0	0	300.348	2076
37	45	0	0	0	0	247.456	2077
35	45	0	0	0	0	286.27	2078
35	44	0	0	0	0	276.17	2079
36	44	0	0	0	0	299.325	2080
36	44	0	0	0	0	288.628	2081
35	43	0	0	0	0	270.955	2082
37	43	0	0	0	0	273.147	2083
37	44	0	0	0	0	287.09	2084
37	44	0	0	0	0	287.467	2085
38	42	0	0	0	0	276.121	2086
39	42	0	0	0	0	302.318	2087
39	42	0	0	0	0	287.746	2088
39	42	0	0	0	0	296.131	2089
39	44	0	0	0	0	302.028	2090
39	43	0	0	0	0	282.14	2091
40	44	0	0	0	0	305.566	2092
39	43	0	0	0	0	318.139	2093
39	45	0	0	0	0	314.241	2094
39	45	0	0	0	0	302.634	2095
39	46	0	0	0	0	289.951	2096
39	46	0	0	0	0	294.214	2097
39	46	0	0	0	0	317.338	2098
40	45	0	0	0	0	266.217	2099
40	45	0	0	0	0	314.103	2100
40	44	0	0	0	0	287.37	2101
40	44	0	0	0	0	302.194	2102
38	44	0	0	0	0	299.27	2103
38	43	0	0	0	0	308.316	2104
38	42	0	0	0	0	258.044	2105
39	42	0	0	0	0	287.449	2106
39	42	0	0	0	0	304.658	2107
40	41	0	0	0	0	281.514	2108
40	48	0	0	0	0	306.791	2109
40	48	0	0	0	0	332.738	2110
39	48	0	0	0	0	291.606	2111
39	51	0	0	0	0	287.732	2112
39	51	0	0	0	0	317.061	2113
39	52	0	0	0	0	323.412	2114
39	52	0	0	0	0	344.191	2115
38	52	0	0	0	0	337.449	2116
38	53	0	0	0	0	337.444	2117
37	53	0	0	0	0	327.388	2118
36	53	0	0	0	0	318.668	2119
36	53	0	0	0	0	333.429	2120
36	53	0	0	0	0	334.826	2121
36	54	0	0	0	0	334.385	2122
35	55	0	0	0	0	308.755	2123
35	54	0	0	0	0	346.581	2124
35	55	0	0	0	0	319.889	2125
35	56	0	0	0	0	319.005	2126
35	57	0	0	0	0	323.981	2127
35	57	0	0	0	0	306.8	2128
35	57	0	0	0	0	331.511	2129
35	58	0	0	0	0	351.757	2130
35	57	0	0	0	0	319.491	2131
35	57	0	0	0	0	315.506	2132
35	57	0	0	0	0	321.768	2133
36	57	0	0	0	0	327.416	2134
37	57	0	0	0	0	313.354	2135
38	55	0	0	0	0	341.676	2136
38	55	0	0	0	0	341.207	2137
38	55	0	0	0	0	350.948	2138
38	55	0	0	0	0	346.406	2139
38	55	0	0	0	0	307.194	2140
38	55	0	0	0	0	326.516	2141
39	55	0	0	0	0	325.589	2142
38	55	0	0	0	0	360.237	2143
38	55	0	0	0	0	347.084	2144
37	55	0	0	0	0	328.174	2145
36	55	0	0	0	0	310.285	2146
37	59	0	0	0	0	348.932	2147
37	63	0	0	0	0	328.596	2148
37	62	0	0	0	0	360.727	2149
37	62	0	0	0	0	358.953	2150
36	63	0	0	0	0	332.925	2151
34	66	0	0	0	0	364.027	2152
34	66	0	0	0	0	365.435	2153
35	64	0	0	0	0	364.14	2154
36	64	0	0	0	0	267.098	2155
35	64	0	0	0	0	265.522	2156
35	65	0	0	0	0	286.887	2157
35	66	0	0	0	0	285.042	2158
34	66	0	0	0	0	248.948	2159
29	65	0	0	0	0	272.373	2160
22	65	0	0	0	0	283.884	2161
22	62	0	0	0	0	284.62	2162
23	59	0	0	0	0	257.602	2163
24	59	0	0	0	0	312.332	2164
26	58	0	0	0	0	296.925	2165
25	57	0	0	0	0	300.946	2166
25	56	0	0	0	0	255.633	2167
25	55	0	0	0	0	267.742	2168
26	53	0	0	0	0	277.451	2169
26	52	0	0	0	0	293.165	2170
26	51	0	0	0	0	264.13	2171
27	51	0	0	0	0	256.865	2172
27	51	0	0	0	0	250.212	2173
27	52	0	0	0	0	297.299	2174
27	52	0	0	0	0	293.331	2175
25	52	0	0	0	0	248.788	2176
26	52	0	0	0	0	287.219	2177
26	52	0	0	0	0	258.165	2178
26	51	0	0	0	0	293.805	2179
26	51	0	0	0	0	291.483	2180
26	51	0	0	0	0	288.878	2181
26	51	0	0	0	0	284.445	2182
26	51	0	0	0	0	271.947	2183
26	54	0	0	0	0	275.376	2184
27	54	0	0	0	0	301.865	2185
27	54	0	0	0	0	302.276	2186
27	53	0	0	0	0	262.723	2187
27	53	0	0	0	0	282.511	2188
27	52	0	0	0	0	287.327	2189
27	52	0	0	0	0	295.052	2190
28	52	0	0	0	0	298.232	2191
28	51	0	0	0	0	269.405	2192
28	51	0	0	0	0	275.936	2193
28	50	0	0	0	0	284.019	2194
27	49	0	0	0	0	277.962	2195
27	49	0	0	0	0	283.561	2196
27	50	0	0	0	0	275.092	2197
27	50	0	0	0	0	270.345	2198
27	50	0	0	0	0	259.243	2199
27	49	0	0	0	0	266.318	2200
27	48	0	0	0	0	240.305	2201
27	48	0	0	0	0	273.6	2202
27	46	0	0	0	0	271.649	2203
27	46	0	0	0	0	215.509	2204
27	47	0	0	0	0	265.774	2205
29	47	0	0	0	0	275.221	2206
29	47	0	0	0	0	275.482	2207
29	52	0	0	0	0	261.751	2208
29	52	0	0	0	0	239.808	2209
29	50	0	0	0	0	248.552	2210
28	51	0	0	0	0	252.284	2211
25	51	0	0	0	0	241.526	2212
26	50	0	0	0	0	226.574	2213
27	53	0	0	0	0	260.269	2214
25	52	0	0	0	0	253.644	2215
24	52	0	0	0	0	276.07	2216
23	52	0	0	0	0	269.289	2217
24	52	0	0	0	0	256.361	2218
24	51	0	0	0	0	282.698	2219
24	50	0	0	0	0	275.608	2220
24	49	0	0	0	0	251.019	2221
22	49	0	0	0	0	261.18	2222
22	49	0	0	0	0	235.923	2223
22	49	0	0	0	0	263.164	2224
22	48	0	0	0	0	235.691	2225
22	47	0	0	0	0	243.307	2226
26	47	0	0	0	0	258.507	2227
26	47	0	0	0	0	252.2	2228
26	46	0	0	0	0	265.533	2229
25	45	0	0	0	0	225.513	2230
24	46	0	0	0	0	223.366	2231
24	46	0	0	0	0	247.374	2232
26	44	0	0	0	0	259.319	2233
27	44	0	0	0	0	245.078	2234
27	43	0	0	0	0	237.445	2235
27	43	0	0	0	0	215.846	2236
27	41	0	0	0	0	216.02	2237
26	40	0	0	0	0	214.023	2238
25	40	0	0	0	0	203.856	2239
24	39	0	0	0	0	217.746	2240
24	39	0	0	0	0	178.22	2241
24	38	0	0	0	0	200.233	2242
24	38	0	0	0	0	211.11	2243
24	38	0	0	0	0	213.759	2244
24	38	0	0	0	0	196.061	2245
24	37	0	0	0	0	218.838	2246
24	37	0	0	0	0	206.187	2247
24	36	0	0	0	0	216.376	2248
24	36	0	0	0	0	182.108	2249
24	35	0	0	0	0	206.446	2250
24	35	0	0	0	0	224.181	2251
26	35	0	0	0	0	218.707	2252
26	34	0	0	0	0	164.951	2253
26	34	0	0	0	0	202.822	2254
27	35	0	0	0	0	193.513	2255
27	34	0	0	0	0	163.361	2256
27	35	0	0	0	0	187.941	2257
28	35	0	0	0	0	201.486	2258
29	31	0	0	0	0	182.296	2259
29	31	0	0	0	0	184.191	2260
29	31	0	0	0	0	199.183	2261
29	27	0	0	0	0	184.912	2262
29	27	0	0	0	0	190.577	2263
24	27	0	0	0	0	182.127	2264
25	28	0	0	0	0	181.464	2265
25	30	0	0	0	0	167.312	2266
27	30	0	0	0	0	184.411	2267
27	30	0	0	0	0	158.802	2268
28	30	0	0	0	0	200.226	2269
28	30	0	0	0	0	187.395	2270
28	29	0	0	0	0	130.828	2271
30	29	0	0	0	0	210.537	2272
30	29	0	0	0	0	217.053	2273
30	29	0	0	0	0	204.748	2274
30	27	0	0	0	0	212.087	2275
30	27	0	0	0	0	218.97	2276
30	27	0	0	0	0	200.084	2277
30	26	0	0	0	0	196.636	2278
30	25	0	0	0	0	213.199	2279
30	25	0	0	0	0	166.73	2280
30	25	0	0	0	0	175.096	2281
30	25	0	0	0	0	196.091	2282
31	25	0	0	0	0	207.454	2283
31	25	0	0	0	0	188.5	2284
31	25	0	0	0	0	205.676	2285
30	24	0	0	0	0	181.565	2286
31	26	0	0	0	0	185.193	2287
32	26	0	0	0	0	189.378	2288
32	26	0	0	0	0	194.477	2289
32	26	0	0	0	0	189.469	2290
31	26	0	0	0	0	197.32	2291
33	24	0	0	0	0	189.379	2292
33	24	0	0	0	0	202.805	2293
33	24	0	0	0	0	146.878	2294
33	24	0	0	0	0	185.806	2295
33	23	0	0	0	0	194.697	2296
34	22	0	0	0	0	189.102	2297
34	21	0	0	0	0	200.112	2298
33	20	0	0	0	0	157.642	2299
35	21	0	0	0	0	199.082	2300
35	21	0	0	0	0	200	2301
36	21	0	0	0	0	171.682	2302
36	22	0	0	0	0	201.369	2303
37	23	0	0	0	0	195.313	2304
37	23	0	0	0	0	198.021	2305
36	22	0	0	0	0	196.539	2306
36	22	0	0	0	0	205.664	2307
36	22	0	0	0	0	213.131	2308
36	21	0	0	0	0	188.445	2309
36	21	0	0	0	0	194.749	2310
38	21	0	0	0	0	183.463	2311
39	21	0	0	0	0	223.029	2312
40	20	0	0	0	0	216.194	2313
40	20	0	0	0	0	220.355	2314
40	19	0	0	0	0	190.796	2315
40	19	0	0	0	0	214.375	2316
40	19	0	0	0	0	210.756	2317
40	20	0	0	0	0	223.31	2318
40	21	0	0	0	0	191.908	2319
40	22	0	0	0	0	222.131	2320
40	22	0	0	0	0	173.905	2321
40	23	0	0	0	0	215.852	2322
41	23	0	0	0	0	208.199	2323
41	23	0	0	0	0	201.445	2324
42	23	0	0	0	0	205.891	2325
42	23	0	0	0	0	236.822	2326
42	23	0	0	0	0	231.586	2327
40	23	0	0	0	0	164.072	2328
39	23	0	0	0	0	200.947	2329
39	22	0	0	0	0	218.344	2330
39	23	0	0	0	0	220.431	2331
39	23	0	0	0	0	217.339	2332
39	21	0	0	0	0	199.496	2333
39	21	0	0	0	0	227.675	2334
39	21	0	0	0	0	198.466	2335
39	19	0	0	0	0	215.45	2336
39	19	0	0	0	0	195.574	2337
40	19	0	0	0	0	204.349	2338
40	19	0	0	0	0	199.676	2339
39	20	0	0	0	0	204.236	2340
39	21	0	0	0	0	204.804	2341
39	20	0	0	0	0	153.721	2342
39	20	0	0	0	0	183.356	2343
40	19	0	0	0	0	199.456	2344
40	18	0	0	0	0	203.818	2345
40	17	0	0	0	0	198.576	2346
40	17	0	0	0	0	196.843	2347
40	17	0	0	0	0	203.9	2348
39	17	0	0	0	0	181.638	2349
41	19	0	0	0	0	202.878	2350
41	19	0	0	0	0	191.402	2351
41	26	0	0	0	0	187.19	2352
42	26	0	0	0	0	190.546	2353
44	26	0	0	0	0	195.703	2354
44	26	0	0	0	0	188.395	2355
44	26	0	0	0	0	193.326	2356
44	27	0	0	0	0	225.437	2357
44	27	0	0	0	0	234.933	2358
40	27	0	0	0	0	213.532	2359
40	28	0	0	0	0	234.058	2360
36	28	0	0	0	0	188.328	2361
36	28	0	0	0	0	223.849	2362
36	28	0	0	0	0	201.617	2363
35	28	0	0	0	0	219.899	2364
35	28	0	0	0	0	216.623	2365
35	28	0	0	0	0	212.62	2366
34	32	0	0	0	0	227.319	2367
35	34	0	0	0	0	212.033	2368
34	34	0	0	0	0	251.845	2369
35	34	0	0	0	0	242.128	2370
35	33	0	0	0	0	238.184	2371
35	33	0	0	0	0	242.005	2372
36	33	0	0	0	0	234.142	2373
37	33	0	0	0	0	242.001	2374
36	33	0	0	0	0	222.202	2375
36	34	0	0	0	0	243.452	2376
33	33	0	0	0	0	240.383	2377
33	33	0	0	0	0	255.232	2378
34	33	0	0	0	0	255.254	2379
34	33	0	0	0	0	221.377	2380
34	33	0	0	0	0	222.528	2381
36	33	0	0	0	0	254.361	2382
36	33	0	0	0	0	243.4	2383
36	33	0	0	0	0	267.121	2384
36	33	0	0	0	0	231.995	2385
37	32	0	0	0	0	256.958	2386
37	32	0	0	0	0	262.096	2387
38	32	0	0	0	0	264.305	2388
38	32	0	0	0	0	243.27	2389
38	32	0	0	0	0	255.268	2390
38	32	0	0	0	0	234.581	2391
38	35	0	0	0	0	266.581	2392
37	35	0	0	0	0	266.688	2393
37	35	0	0	0	0	253.403	2394
37	35	0	0	0	0	254.619	2395
37	35	0	0	0	0	270.793	2396
37	35	0	0	0	0	251.432	2397
37	37	0	0	0	0	245.703	2398
37	36	0	0	0	0	246.394	2399
35	36	0	0	0	0	197.717	2400
31	35	0	0	0	0	234.566	2401
31	33	0	0	0	0	244.304	2402
32	33	0	0	0	0	209.324	2403
32	33	0	0	0	0	234.554	2404
33	33	0	0	0	0	243.512	2405
33	33	0	0	0	0	209.627	2406
31	33	0	0	0	0	218.957	2407
30	33	0	0	0	0	239.652	2408
30	33	0	0	0	0	227.698	2409
30	33	0	0	0	0	195.843	2410
30	34	0	0	0	0	224.462	2411
31	34	0	0	0	0	236.852	2412
32	34	0	0	0	0	227.303	2413
32	32	0	0	0	0	210.379	2414
32	31	0	0	0	0	226.699	2415
32	31	0	0	0	0	219.02	2416
32	29	0	0	0	0	195.4	2417
34	29	0	0	0	0	223.099	2418
34	28	0	0	0	0	210.361	2419
35	28	0	0	0	0	228.207	2420
36	28	0	0	0	0	223.004	2421
36	28	0	0	0	0	246.7	2422
36	28	0	0	0	0	219.768	2423
38	28	0	0	0	0	233.338	2424
38	28	0	0	0	0	231.865	2425
39	28	0	0	0	0	253.361	2426
39	28	0	0	0	0	223.34	2427
41	28	0	0	0	0	252.572	2428
39	29	0	0	0	0	221.924	2429
39	29	0	0	0	0	232.66	2430
42	30	0	0	0	0	243.824	2431
43	30	0	0	0	0	252.985	2432
43	29	0	0	0	0	263.288	2433
43	28	0	0	0	0	269.919	2434
42	28	0	0	0	0	210.186	2435
43	28	0	0	0	0	262.049	2436
43	28	0	0	0	0	267.794	2437
43	28	0	0	0	0	216.584	2438
45	28	0	0	0	0	223.422	2439
48	26	0	0	0	0	255.991	2440
47	26	0	0	0	0	253.608	2441
46	27	0	0	0	0	275.227	2442
47	27	0	0	0	0	278.693	2443
48	26	0	0	0	0	252.462	2444
49	26	0	0	0	0	234.135	2445
49	26	0	0	0	0	267.346	2446
49	26	0	0	0	0	277.688	2447
50	26	0	0	0	0	270.674	2448
49	26	0	0	0	0	270.747	2449
49	26	0	0	0	0	259.114	2450
49	25	0	0	0	0	268.55	2451
49	24	0	0	0	0	268.295	2452
49	25	0	0	0	0	273.672	2453
48	25	0	0	0	0	268.498	2454
48	24	0	0	0	0	252.695	2455
48	24	0	0	0	0	246.073	2456
48	24	0	0	0	0	278.683	2457
48	25	0	0	0	0	260.211	2458
48	25	0	0	0	0	273.444	2459
48	25	0	0	0	0	204.036	2460
49	24	0	0	0	0	276.079	2461
50	23	0	0	0	0	237.947	2462
50	24	0	0	0	0	248.4	2463
51	24	0	0	0	0	280.158	2464
51	26	0	0	0	0	263.753	2465
51	27	0	0	0	0	259.442	2466
49	26	0	0	0	0	264.372	2467
50	24	0	0	0	0	273.6	2468
50	24	0	0	0	0	240.799	2469
49	22	0	0	0	0	232.373	2470
49	22	0	0	0	0	225.015	2471
47	21	0	0	0	0	218.46	2472
47	21	0	0	0	0	255.687	2473
45	21	0	0	0	0	251.367	2474
44	21	0	0	0	0	237.485	2475
44	21	0	0	0	0	228.157	2476
44	21	0	0	0	0	233.541	2477
44	21	0	0	0	0	224.352	2478
44	21	0	0	0	0	215.269	2479
41	20	0	0	0	0	214.296	2480
41	20	0	0	0	0	215.308	2481
41	20	0	0	0	0	212.232	2482
41	20	0	0	0	0	214.364	2483
40	19	0	0	0	0	223.526	2484
40	19	0	0	0	0	218.286	2485
40	20	0	0	0	0	197.251	2486
39	19	0	0	0	0	209.235	2487
39	19	0	0	0	0	197.385	2488
39	19	0	0	0	0	210.366	2489
36	19	0	0	0	0	185.702	2490
36	19	0	0	0	0	201.267	2491
36	19	0	0	0	0	205.144	2492
36	19	0	0	0	0	207.797	2493
36	19	0	0	0	0	164.437	2494
35	19	0	0	0	0	176.672	2495
33	20	0	0	0	0	185.17	2496
33	20	0	0	0	0	141.626	2497
34	20	0	0	0	0	156.019	2498
32	20	0	0	0	0	143.694	2499
23	19	0	0	0	0	139.036	2500
23	19	0	0	0	0	134.955	2501
23	17	0	0	0	0	143.23	2502
23	17	0	0	0	0	136.475	2503
24	16	0	0	0	0	132.01	2504
24	15	0	0	0	0	116.908	2505
24	14	0	0	0	0	114.462	2506
25	14	0	0	0	0	130.128	2507
24	15	0	0	0	0	118.628	2508
23	15	0	0	0	0	132.219	2509
23	14	0	0	0	0	105.481	2510
23	13	0	0	0	0	110.949	2511
25	12	0	0	0	0	123.68	2512
24	12	0	0	0	0	113.9	2513
24	12	0	0	0	0	125.09	2514
24	12	0	0	0	0	111.085	2515
25	12	0	0	0	0	123.456	2516
27	12	0	0	0	0	136.336	2517
27	13	0	0	0	0	144.629	2518
27	13	0	0	0	0	124.395	2519
28	13	0	0	0	0	146.019	2520
28	13	0	0	0	0	139.575	2521
28	13	0	0	0	0	152.987	2522
28	13	0	0	0	0	150.793	2523
28	13	0	0	0	0	143.816	2524
28	12	0	0	0	0	140.847	2525
29	13	0	0	0	0	148.556	2526
29	15	0	0	0	0	150.975	2527
30	15	0	0	0	0	137.897	2528
32	14	0	0	0	0	149.93	2529
32	14	0	0	0	0	146.068	2530
33	14	0	0	0	0	167.922	2531
33	14	0	0	0	0	167.751	2532
33	14	0	0	0	0	169.617	2533
33	12	0	0	0	0	125.466	2534
28	13	0	0	0	0	147.557	2535
27	13	0	0	0	0	148.157	2536
27	13	0	0	0	0	129.81	2537
27	13	0	0	0	0	151.946	2538
27	13	0	0	0	0	151.755	2539
27	14	0	0	0	0	137.407	2540
27	14	0	0	0	0	133.37	2541
27	14	0	0	0	0	151.656	2542
27	14	0	0	0	0	130.571	2543
25	14	0	0	0	0	144.77	2544
24	14	0	0	0	0	139.394	2545
24	15	0	0	0	0	144.447	2546
24	15	0	0	0	0	144.117	2547
24	14	0	0	0	0	117.493	2548
25	14	0	0	0	0	140.911	2549
25	15	0	0	0	0	121.142	2550
25	15	0	0	0	0	139.961	2551
25	15	0	0	0	0	141.596	2552
25	14	0	0	0	0	139.385	2553
25	14	0	0	0	0	143.929	2554
24	14	0	0	0	0	116.564	2555
24	14	0	0	0	0	126.069	2556
24	14	0	0	0	0	120.151	2557
21	13	0	0	0	0	114.559	2558
20	12	0	0	0	0	108.247	2559
19	12	0	0	0	0	112.541	2560
19	12	0	0	0	0	113.278	2561
20	12	0	0	0	0	110.665	2562
19	12	0	0	0	0	113.136	2563
19	12	0	0	0	0	103.583	2564
16	12	0	0	0	0	78.5578	2565
15	13	0	0	0	0	101.283	2566
15	14	0	0	0	0	89.6939	2567
15	14	0	0	0	0	100.609	2568
15	14	0	0	0	0	105.25	2569
14	14	0	0	0	0	77.3232	2570
13	14	0	0	0	0	96.6077	2571
13	14	0	0	0	0	101.22	2572
13	15	0	0	0	0	97.5819	2573
13	15	0	0	0	0	85.7004	2574
14	16	0	0	0	0	100.303	2575
14	16	0	0	0	0	98.5651	2576
13	16	0	0	0	0	95.2837	2577
13	16	0	0	0	0	87.6882	2578
13	16	0	0	0	0	100.063	2579
14	17	0	0	0	0	101.155	2580
14	17	0	0	0	0	101.253	2581
13	17	0	0	0	0	100.249	2582
12	17	0	0	0	0	83.5647	2583
16	17	0	0	0	0	96.8202	2584
18	17	0	0	0	0	111.598	2585
19	16	0	0	0	0	109.937	2586
19	16	0	0	0	0	112.313	2587
17	16	0	0	0	0	106.394	2588
14	16	0	0	0	0	95.2719	2589
15	16	0	0	0	0	108.181	2590
15	16	0	0	0	0	86.3994	2591
15	16	0	0	0	0	90.8409	2592
17	15	0	0	0	0	105.951	2593
18	15	0	0	0	0	114.421	2594
18	15	0	0	0	0	118.177	2595
20	15	0	0	0	0	118.558	2596
21	19	0	0	0	0	118.953	2597
21	18	0	0	0	0	124.943	2598
21	18	0	0	0	0	135.357	2599
21	19	0	0	0	0	137.375	2600
21	19	0	0	0	0	134.138	2601
21	19	0	0	0	0	132.392	2602
21	17	0	0	0	0	122.395	2603
21	17	0	0	0	0	138.012	2604
22	16	0	0	0	0	126.014	2605
21	16	0	0	0	0	137.315	2606
21	17	0	0	0	0	140.515	2607
21	17	0	0	0	0	122.602	2608
22	17	0	0	0	0	123.4	2609
22	17	0	0	0	0	140.522	2610
22	17	0	0	0	0	137.927	2611
22	17	0	0	0	0	138.115	2612
22	17	0	0	0	0	140.65	2613
21	17	0	0	0	0	96.8382	2614
21	17	0	0	0	0	135.411	2615
21	17	0	0	0	0	143.49	2616
21	17	0	0	0	0	118.809	2617
21	17	0	0	0	0	143.763	2618
21	17	0	0	0	0	134.066	2619
21	19	0	0	0	0	144.96	2620
21	19	0	0	0	0	113.085	2621
21	19	0	0	0	0	112.708	2622
21	19	0	0	0	0	146.521	2623
21	18	0	0	0	0	132.504	2624
22	18	0	0	0	0	148.209	2625
22	18	0	0	0	0	120.942	2626
21	18	0	0	0	0	122.636	2627
22	18	0	0	0	0	140.115	2628
21	18	0	0	0	0	141.302	2629
21	20	0	0	0	0	111.829	2630
22	20	0	0	0	0	140.668	2631
23	20	0	0	0	0	140.976	2632
23	19	0	0	0	0	126.48	2633
27	19	0	0	0	0	143.859	2634
27	19	0	0	0	0	129.081	2635
27	19	0	0	0	0	152.351	2636
27	18	0	0	0	0	121.804	2637
27	18	0	0	0	0	149.517	2638
25	18	0	0	0	0	142.59	2639
25	20	0	0	0	0	152.406	2640
24	20	0	0	0	0	139.902	2641
25	20	0	0	0	0	108.705	2642
25	21	0	0	0	0	149.165	2643
23	21	0	0	0	0	145.998	2644
24	22	0	0	0	0	159.816	2645
24	22	0	0	0	0	138.785	2646
24	22	0	0	0	0	162.024	2647
24	22	0	0	0	0	156.961	2648
24	22	0	0	0	0	163.048	2649
24	22	0	0	0	0	165.672	2650
24	22	0	0	0	0	156.51	2651
24	22	0	0	0	0	154.895	2652
25	22	0	0	0	0	154.455	2653
24	22	0	0	0	0	165.78	2654
25	22	0	0	0	0	167.868	2655
26	22	0	0	0	0	127.85	2656
26	22	0	0	0	0	172.116	2657
26	21	0	0	0	0	166.833	2658
26	22	0	0	0	0	118.175	2659
27	22	0	0	0	0	166.023	2660
27	22	0	0	0	0	170.197	2661
27	22	0	0	0	0	167.566	2662
26	22	0	0	0	0	170.098	2663
26	21	0	0	0	0	173.936	2664
26	20	0	0	0	0	138.352	2665
28	20	0	0	0	0	166.798	2666
28	20	0	0	0	0	164.711	2667
31	19	0	0	0	0	178.985	2668
31	19	0	0	0	0	174.045	2669
31	18	0	0	0	0	176.472	2670
31	19	0	0	0	0	162.629	2671
31	19	0	0	0	0	164.986	2672
31	19	0	0	0	0	178.029	2673
31	19	0	0	0	0	174.407	2674
31	20	0	0	0	0	188.787	2675
31	20	0	0	0	0	171.891	2676
33	20	0	0	0	0	184.423	2677
33	20	0	0	0	0	173.449	2678
34	20	0	0	0	0	184.172	2679
34	22	0	0	0	0	185.19	2680
34	21	0	0	0	0	163.722	2681
34	21	0	0	0	0	192.115	2682
34	21	0	0	0	0	211.589	2683
34	21	0	0	0	0	173.125	2684
34	25	0	0	0	0	209.897	2685
34	25	0	0	0	0	182.999	2686
37	27	0	0	0	0	198.707	2687
37	26	0	0	0	0	195.632	2688
37	24	0	0	0	0	204.93	2689
38	24	0	0	0	0	203.184	2690
39	24	0	0	0	0	218.493	2691
41	28	0	0	0	0	230.058	2692
41	28	0	0	0	0	217.884	2693
40	27	0	0	0	0	210.551	2694
39	26	0	0	0	0	228.821	2695
37	25	0	0	0	0	214.989	2696
36	25	0	0	0	0	199.274	2697
39	25	0	0	0	0	220.388	2698
40	24	0	0	0	0	188.925	2699
40	23	0	0	0	0	218.309	2700
40	22	0	0	0	0	232.374	2701
40	22	0	0	0	0	208.414	2702
41	23	0	0	0	0	225.847	2703
39	23	0	0	0	0	231.476	2704
39	24	0	0	0	0	224.619	2705
39	24	0	0	0	0	233.928	2706
40	24	0	0	0	0	237.918	2707
40	24	0	0	0	0	229.378	2708
39	24	0	0	0	0	183.416	2709
39	25	0	0	0	0	233.528	2710
39	26	0	0	0	0	243.431	2711
39	26	0	0	0	0	219.009	2712
39	27	0	0	0	0	247.526	2713
38	27	0	0	0	0	233.841	2714
37	30	0	0	0	0	226.368	2715
39	30	0	0	0	0	237.87	2716
39	33	0	0	0	0	252.729	2717
39	33	0	0	0	0	246.531	2718
36	33	0	0	0	0	223.098	2719
37	34	0	0	0	0	263.438	2720
37	33	0	0	0	0	249.538	2721
37	34	0	0	0	0	260.816	2722
38	36	0	0	0	0	262.985	2723
37	36	0	0	0	0	235.418	2724
38	37	0	0	0	0	264.134	2725
38	37	0	0	0	0	241.387	2726
37	37	0	0	0	0	257.348	2727
37	38	0	0	0	0	279.463	2728
37	38	0	0	0	0	277.361	2729
36	38	0	0	0	0	255.98	2730
35	37	0	0	0	0	275.635	2731
34	37	0	0	0	0	232.542	2732
35	37	0	0	0	0	242.136	2733
35	38	0	0	0	0	279.351	2734
35	38	0	0	0	0	249.123	2735
35	38	0	0	0	0	279.1	2736
35	38	0	0	0	0	277.335	2737
36	38	0	0	0	0	217.942	2738
38	38	0	0	0	0	282.719	2739
38	38	0	0	0	0	274.217	2740
38	38	0	0	0	0	293.859	2741
38	38	0	0	0	0	250.455	2742
38	38	0	0	0	0	251.509	2743
38	41	0	0	0	0	293.374	2744
38	42	0	0	0	0	296.67	2745
38	46	0	0	0	0	292.31	2746
37	48	0	0	0	0	315.66	2747
37	48	0	0	0	0	304.223	2748
37	49	0	0	0	0	310.032	2749
37	49	0	0	0	0	315.111	2750
37	50	0	0	0	0	325.879	2751
38	51	0	0	0	0	331.067	2752
37	50	0	0	0	0	283.927	2753
37	52	0	0	0	0	313.488	2754
35	53	0	0	0	0	325.953	2755
35	54	0	0	0	0	325.911	2756
35	54	0	0	0	0	294.483	2757
35	55	0	0	0	0	322.985	2758
35	57	0	0	0	0	326.956	2759
34	57	0	0	0	0	332.721	2760
34	56	0	0	0	0	305.983	2761
34	59	0	0	0	0	301.5	2762
32	59	0	0	0	0	288.826	2763
33	63	0	0	0	0	305.648	2764
32	63	0	0	0	0	285.616	2765
32	63	0	0	0	0	314.513	2766
27	63	0	0	0	0	272.778	2767
27	62	0	0	0	0	299.272	2768
28	62	0	0	0	0	332.373	2769
28	61	0	0	0	0	275.196	2770
27	62	0	0	0	0	322.825	2771
26	62	0	0	0	0	330.883	2772
26	68	0	0	0	0	309.929	2773
26	69	0	0	0	0	341.872	2774
26	69	0	0	0	0	344.612	2775
27	69	0	0	0	0	343.531	2776
27	69	0	0	0	0	346.992	2777
27	69	0	0	0	0	351.949	2778
29	72	0	0	0	0	368.514	2779
28	72	0	0	0	0	352.079	2780
28	72	0	0	0	0	381.307	2781
29	70	0	0	0	0	370.096	2782
30	70	0	0	0	0	343.623	2783
31	70	0	0	0	0	365.225	2784
30	67	0	0	0	0	322.198	2785
30	66	0	0	0	0	332.885	2786
29	66	0	0	0	0	312.325	2787
27	66	0	0	0	0	359.55	2788
27	71	0	0	0	0	341.707	2789
26	70	0	0	0	0	317.345	2790
26	70	0	0	0	0	341.602	2791
27	70	0	0	0	0	355.257	2792
27	69	0	0	0	0	341.303	2793
27	68	0	0	0	0	345.229	2794
27	68	0	0	0	0	318.64	2795
29	71	0	0	0	0	355.293	2796
29	72	0	0	0	0	365.344	2797
29	70	0	0	0	0	347.098	2798
27	70	0	0	0	0	341.433	2799
27	70	0	0	0	0	356.391	2800
27	67	0	0	0	0	295.408	2801
27	66	0	0	0	0	289.421	2802
27	67	0	0	0	0	361.274	2803
27	67	0	0	0	0	328.521	2804
26	68	0	0	0	0	320.466	2805
26	67	0	0	0	0	320.771	2806
26	67	0	0	0	0	325.38	2807
26	66	0	0	0	0	309.275	2808
26	69	0	0	0	0	308.253	2809
26	65	0	0	0	0	327.557	2810
26	65	0	0	0	0	334.754	2811
27	65	0	0	0	0	324.003	2812
27	66	0	0	0	0	324.418	2813
28	66	0	0	0	0	359.543	2814
28	67	0	0	0	0	329.072	2815
28	67	0	0	0	0	342.054	2816
28	67	0	0	0	0	349.497	2817
28	69	0	0	0	0	335.673	2818
28	68	0	0	0	0	356.585	2819
28	68	0	0	0	0	319.646	2820
28	70	0	0	0	0	331.582	2821
28	70	0	0	0	0	333.213	2822
30	70	0	0	0	0	359.754	2823
30	70	0	0	0	0	362.894	2824
30	70	0	0	0	0	341.347	2825
30	66	0	0	0	0	353.735	2826
29	66	0	0	0	0	319.33	2827
29	65	0	0	0	0	303.811	2828
29	64	0	0	0	0	346.282	2829
30	62	0	0	0	0	329.194	2830
31	63	0	0	0	0	332.879	2831
31	64	0	0	0	0	360.088	2832
31	64	0	0	0	0	356.241	2833
31	68	0	0	0	0	354.827	2834
32	68	0	0	0	0	317.279	2835
32	68	0	0	0	0	337.627	2836
31	69	0	0	0	0	338.666	2837
31	69	0	0	0	0	342.082	2838
31	69	0	0	0	0	347.859	2839
31	68	0	0	0	0	354.01	2840
31	68	0	0	0	0	362.257	2841
28	67	0	0	0	0	313.278	2842
28	67	0	0	0	0	336.842	2843
28	67	0	0	0	0	354.201	2844
30	69	0	0	0	0	343.323	2845
30	70	0	0	0	0	338.227	2846
31	69	0	0	0	0	334.041	2847
31	70	0	0	0	0	359.888	2848
31	70	0	0	0	0	360	2849
31	69	0	0	0	0	352.606	2850
31	69	0	0	0	0	352.617	2851
31	70	0	0	0	0	358.963	2852
31	72	0	0	0	0	309.714	2853
28	71	0	0	0	0	306.991	2854
28	71	0	0	0	0	340.275	2855
28	71	0	0	0	0	320.097	2856
29	71	0	0	0	0	318.593	2857
31	70	0	0	0	0	355.655	2858
29	70	0	0	0	0	341.766	2859
29	76	0	0	0	0	373.586	2860
30	79	0	0	0	0	361.467	2861
29	78	0	0	0	0	347.477	2862
31	82	0	0	0	0	360.365	2863
31	82	0	0	0	0	382.293	2864
31	81	0	0	0	0	395.176	2865
32	80	0	0	0	0	386.457	2866
31	78	0	0	0	0	387.976	2867
31	79	0	0	0	0	396.206	2868
28	79	0	0	0	0	397.818	2869
27	79	0	0	0	0	345.008	2870
28	78	0	0	0	0	333.457	2871
33	77	0	0	0	0	380.435	2872
37	76	0	0	0	0	412.11	2873
38	76	0	0	0	0	390.159	2874
39	75	0	0	0	0	407.515	2875
40	76	0	0	0	0	415.002	2876
39	75	0	0	0	0	363.278	2877
39	73	0	0	0	0	407.219	2878
39	71	0	0	0	0	415.614	2879
39	71	0	0	0	0	376.506	2880
40	70	0	0	0	0	369.387	2881
41	71	0	0	0	0	408.029	2882
42	70	0	0	0	0	397.69	2883
42	67	0	0	0	0	389.993	2884
42	67	0	0	0	0	350.884	2885
43	68	0	0	0	0	400.335	2886
43	68	0	0	0	0	403.519	2887
44	68	0	0	0	0	357.89	2888
48	68	0	0	0	0	421.524	2889
50	68	0	0	0	0	390.199	2890
50	71	0	0	0	0	426.389	2891
50	71	0	0	0	0	429.489	2892
49	71	0	0	0	0	408.871	2893
51	70	0	0	0	0	425.874	2894
51	70	0	0	0	0	369.791	2895
51	69	0	0	0	0	424.433	2896
51	67	0	0	0	0	424.678	2897
51	67	0	0	0	0	383.604	2898
51	67	0	0	0	0	446.637	2899
51	66	0	0	0	0	431.873	2900
49	65	0	0	0	0	393.379	2901
50	69	0	0	0	0	418.615	2902
50	69	0	0	0	0	387.168	2903
50	69	0	0	0	0	424.819	2904
53	69	0	0	0	0	440.2	2905
53	69	0	0	0	0	424.489	2906
54	71	0	0	0	0	383.719	2907
53	70	0	0	0	0	423.242	2908
54	69	0	0	0	0	441.879	2909
54	70	0	0	0	0	463.297	2910
51	70	0	0	0	0	422.424	2911
50	69	0	0	0	0	422.516	2912
50	69	0	0	0	0	386.866	2913
50	68	0	0	0	0	415.998	2914
50	68	0	0	0	0	419.121	2915
51	68	0	0	0	0	420.609	2916
52	70	0	0	0	0	394.544	2917
53	70	0	0	0	0	398.845	2918
53	70	0	0	0	0	423.497	2919
53	70	0	0	0	0	436.399	2920
54	69	0	0	0	0	414.525	2921
54	69	0	0	0	0	432.89	2922
54	71	0	0	0	0	469.397	2923
54	71	0	0	0	0	419.894	2924
54	70	0	0	0	0	470.562	2925
53	70	0	0	0	0	432.623	2926
53	70	0	0	0	0	431.815	2927
53	70	0	0	0	0	446.242	2928
54	68	0	0	0	0	430.979	2929
54	68	0	0	0	0	445.599	2930
54	68	0	0	0	0	465.679	2931
52	68	0	0	0	0	428.636	2932
51	71	0	0	0	0	402.433	2933
51	71	0	0	0	0	412.822	2934
51	72	0	0	0	0	402.907	2935
50	71	0	0	0	0	403.851	2936
50	71	0	0	0	0	395.85	2937
50	70	0	0	0	0	411.222	2938
51	70	0	0	0	0	398.671	2939
50	68	0	0	0	0	399.125	2940
50	69	0	0	0	0	439.491	2941
50	67	0	0	0	0	361.245	2942
50	67	0	0	0	0	402.075	2943
51	67	0	0	0	0	414.816	2944
51	66	0	0	0	0	399.935	2945
52	66	0	0	0	0	445.999	2946
52	66	0	0	0	0	418.789	2947
52	66	0	0	0	0	443.898	2948
52	66	0	0	0	0	404.552	2949
52	65	0	0	0	0	381.889	2950
52	64	0	0	0	0	425.437	2951
53	64	0	0	0	0	432.903	2952
53	64	0	0	0	0	404.881	2953
54	63	0	0	0	0	415.61	2954
54	64	0	0	0	0	375.951	2955
57	64	0	0	0	0	370.268	2956
58	66	0	0	0	0	434.197	2957
61	66	0	0	0	0	471.061	2958
60	65	0	0	0	0	417.665	2959
60	66	0	0	0	0	469.851	2960
60	66	0	0	0	0	455.062	2961
60	66	0	0	0	0	440.656	2962
60	66	0	0	0	0	404.002	2963
60	66	0	0	0	0	401.817	2964
60	66	0	0	0	0	432.552	2965
62	66	0	0	0	0	431.147	2966
60	66	0	0	0	0	408.213	2967
60	65	0	0	0	0	419.82	2968
60	64	0	0	0	0	418.341	2969
60	66	0	0	0	0	447.783	2970
63	66	0	0	0	0	395.658	2971
62	73	0	0	0	0	468.503	2972
61	73	0	0	0	0	485.172	2973
62	74	0	0	0	0	499.147	2974
62	73	0	0	0	0	459.972	2975
62	71	0	0	0	0	465.217	2976
63	72	0	0	0	0	516.081	2977
62	72	0	0	0	0	455.593	2978
59	72	0	0	0	0	464.159	2979
60	72	0	0	0	0	459.474	2980
58	73	0	0	0	0	457.695	2981
59	73	0	0	0	0	491.374	2982
59	73	0	0	0	0	450.988	2983
59	70	0	0	0	0	462.728	2984
58	71	0	0	0	0	460.854	2985
59	75	0	0	0	0	487.913	2986
59	75	0	0	0	0	472.938	2987
59	76	0	0	0	0	473.042	2988
59	76	0	0	0	0	476.834	2989
60	77	0	0	0	0	462.545	2990
61	77	0	0	0	0	461.135	2991
58	77	0	0	0	0	105.285	2992
56	79	0	0	0	0	320.679	2993
56	80	0	0	0	0	454.64	2994
54	81	0	0	0	0	461.571	2995
54	80	0	0	0	0	492.611	2996
54	80	0	0	0	0	484.081	2997
54	81	0	0	0	0	443.93	2998
54	82	0	0	0	0	480.61	2999
55	82	0	0	0	0	512.685	3000
56	82	0	0	0	0	476.74	3001
56	84	0	0	0	0	486.029	3002
56	84	0	0	0	0	488.571	3003
57	85	0	0	0	0	496.325	3004
56	85	0	0	0	0	538.508	3005
56	86	0	0	0	0	503.384	3006
56	86	0	0	0	0	520.707	3007
54	86	0	0	0	0	507.728	3008
54	84	0	0	0	0	500.821	3009
54	79	0	0	0	0	498.652	3010
53	76	0	0	0	0	445.366	3011
53	77	0	0	0	0	500.169	3012
54	76	0	0	0	0	449.947	3013
55	76	0	0	0	0	465.613	3014
55	76	0.5	0	1	0	459.68	3015
57	78	0.5	0	1	0	469.699	3016
57	79	0.5	0	1	0	458.011	3017
55	79	0.5	0	1	0	460.89	3018
55	80	0.5	0	1	0	509.726	3019
54	80	0.5	0	1	0	488.061	3020
51	80	0.5	0	1	0	442.774	3021
50	80	0.5	0	1	0	434.145	3022
46	81	0.5	0	1	0	467.367	3023
46	81	0.5	0	1	0	468.293	3024
44	80	0.5	0	1	0	418.668	3025
46	85	0.5	0	1	0	465.437	3026
46	85	0.5	0	1	0	461.351	3027
46	85	0.5	0	1	0	445.023	3028
49	84	0.5	0	1	0	480.333	3029
49	81	0.5	0	1	0	392.764	3030
52	85	0.5	0	1	0	482.873	3031
53	84	0.5	0	1	0	399.446	3032
53	85	0.5	0	1	0	490.887	3033
53	84	0.5	0	1	0	515.94	3034
52	84	0.5	0	1	0	487.303	3035
54	83	0.5	0	1	0	518.254	3036
53	83	0.5	0	1	0	480.235	3037
53	82	0.5	0	1	0	475.6	3038
53	84	0.5	0	1	0	479.395	3039
52	85	0.5	0	1	0	482.129	3040
51	84	0.5	0	1	0	487.594	3041
48	82	0.5	0	1	0	425.11	3042
48	81	0.5	0	1	0	453.413	3043
48	82	0.5	0	1	0	498.015	3044
43	79	0.5	0	1	0	466.213	3045
36	79	0.5	0	1	0	418.578	3046
37	79	0.5	0	1	0	438.836	3047
37	77	0.5	0	1	0	381.021	3048
38	77	0.5	0	1	0	376.775	3049
38	77	0.5	0	1	0	433.948	3050
37	76	0.5	0	1	0	387.41	3051
37	76	0.5	0	1	0	433.057	3052
37	76	0.5	0	1	0	412.859	3053
37	77	0.5	0	1	0	440.974	3054
36	77	0.5	0	1	0	384.814	3055
35	78	0.5	0	1	0	397.255	3056
35	77	0.5	0	1	0	426.092	3057
35	77	0.5	0	1	0	388.727	3058
36	76	0.5	0	1	0	400.606	3059
36	74	0.5	0	1	0	408.703	3060
36	74	0.5	0	1	0	379.858	3061
37	74	0.5	0	1	0	426.229	3062
37	74	0.5	0	1	0	422.585	3063
37	74	0.5	0	1	0	383.079	3064
37	80	0.5	0	1	0	409.984	3065
35	80	0.5	0	1	0	387.527	3066
36	79	0.5	0	1	0	383.601	3067
36	78	0.5	0	1	0	400.663	3068
35	77	0.5	0	1	0	393.069	3069
36	77	0.5	0	1	0	428.566	3070
34	75	0.5	0	1	0	408.146	3071
34	75	0.5	0	1	0	411.89	3072
33	74	0.5	0	1	0	379.719	3073
34	74	0.5	0	1	0	387.82	3074
34	72	0.5	0	1	0	396.127	3075
34	71	0.5	0	1	0	382.141	3076
35	71	0.5	0	1	0	341.52	3077
36	71	0.5	0	1	0	392.061	3078
36	71	0.5	0	1	0	399.628	3079
36	70	0.5	0	1	0	374.304	3080
35	70	0.5	0	1	0	381.715	3081
36	70	0.5	0	1	0	403.069	3082
36	69	0.5	0	1	0	344.219	3083
36	69	0.5	0	1	0	358.421	3084
36	66	0.5	0	1	0	388.426	3085
36	66	0.5	0	1	0	345.991	3086
36	66	0.5	0	1	0	338.166	3087
36	65	0	0	0	0	395.319	3088
36	65	0	0	0	0	365.666	3089
36	65	0	0	0	0	359.751	3090
