unique_top_cov	unique_bot_cov	redundant_top_cov	redundant_bot_cov	raw_redundant_top_cov	raw_redundant_bot_cov	e_value	position
0	1	0	0	0	0	nan	1
0	1	0	0	0	0	-4.44569	2
0	3	0	0	0	0	-4.44569	3
0	3	0	0	0	0	0.715352	4
0	3	0	0	0	0	2.6597	5
0	3	0	0	0	0	2.6597	6
0	4	0	0	0	0	2.85104	7
0	4	0	0	0	0	7.07644	8
0	4	0	0	0	0	7.39307	9
0	4	0	0	0	0	4.68568	10
0	4	0	0	0	0	7.46005	11
0	4	0	0	0	0	7.20502	12
0	4	0	0	0	0	6.90678	13
0	4	0	0	0	0	7.412	14
0	4	0	0	0	0	7.89783	15
0	4	0	0	0	0	7.11632	16
0	4	0	0	0	0	7.412	17
0	4	0	0	0	0	7.412	18
1	4	0	0	0	0	7.27488	19
2	5	0	0	0	0	11.8908	20
2	5	0	0	0	0	16.6165	21
2	5	0	0	0	0	18.8315	22
2	5	0	0	0	0	16.6297	23
2	5	0	0	0	0	16.34	24
2	5	0	0	0	0	15.8267	25
2	5	0	0	0	0	15.8177	26
2	5	0	0	0	0	18.9441	27
2	5	0	0	0	0	19.9295	28
2	5	0	0	0	0	18.8207	29
2	5	0	0	0	0	19.6863	30
2	5	0	0	0	0	16.2843	31
2	5	0	0	0	0	19.1688	32
3	5	0	0	0	0	18.4553	33
3	5	0	0	0	0	23.5912	34
3	5	0	0	0	0	22.719	35
3	5	0	0	0	0	22.1022	36
3	5	0	0	0	0	18.6349	37
3	5	0	0	0	0	22.7456	38
3	5	0	0	0	0	22.719	39
3	5	0	0	0	0	23.4235	40
3	6	0	0	0	0	20.4895	41
3	8	0	0	0	0	21.1897	42
3	8	0	0	0	0	34.0826	43
3	8	0	0	0	0	33.6182	44
3	8	0	0	0	0	34.6035	45
3	8	0	0	0	0	30.1382	46
3	8	0	0	0	0	35.6679	47
3	8	0	0	0	0	33.4449	48
3	8	0	0	0	0	33.4528	49
3	8	0	0	0	0	32.9156	50
3	8	0	0	0	0	35.3583	51
3	8	0	0	0	0	34.4441	52
3	8	0	0	0	0	26.1404	53
3	8	0	0	0	0	34.7208	54
3	8	0	0	0	0	31.7352	55
4	8	0	0	0	0	33.3991	56
4	8	0	0	0	0	30.9453	57
4	8	0	0	0	0	35.6634	58
6	8	0	0	0	0	37.7491	59
6	8	0	0	0	0	40.91	60
6	8	0	0	0	0	39.7319	61
6	8	0	0	0	0	42.9145	62
6	8	0	0	0	0	46.6343	63
6	8	0	0	0	0	42.0024	64
6	8	0	0	0	0	40.3005	65
7	8	0	0	0	0	46.8951	66
7	8	0	0	0	0	49.2187	67
7	8	0	0	0	0	49.3196	68
7	8	0	0	0	0	44.854	69
8	8	0	0	0	0	44.464	70
9	8	0	0	0	0	46.6332	71
9	8	0	0	0	0	48.2695	72
9	8	0	0	0	0	52.1898	73
9	8	0	0	0	0	47.0355	74
10	8	0	0	0	0	50.9404	75
10	8	0	0	0	0	47.1354	76
10	8	0	0	0	0	50.4629	77
10	8	0	0	0	0	49.4786	78
10	8	0	0	0	0	56.5863	79
10	9	0	0	0	0	55.4949	80
10	10	0	0	0	0	57.0103	81
9	10	0	0	0	0	49.4488	82
9	10	0	0	0	0	46.589	83
9	10	0	0	0	0	49.4943	84
9	9	0	0	0	0	47.7029	85
9	9	0	0	0	0	53.5881	86
10	9	0	0	0	0	50.3908	87
10	9	0	0	0	0	50.8527	88
10	9	0	0	0	0	52.4226	89
10	12	0	0	0	0	57.5791	90
10	11	0	0	0	0	48.2781	91
10	11	0	0	0	0	49.3811	92
10	11	0	0	0	0	52.6139	93
11	10	0	0	0	0	48.6898	94
11	10	0	0	0	0	48.9008	95
11	10	0	0	0	0	57.4163	96
11	10	0	0	0	0	47.2624	97
11	10	0	0	0	0	51.1963	98
11	10	0	0	0	0	52.9753	99
11	10	0	0	0	0	71.5543	100
11	10	0	0	0	0	70.2146	101
11	10	0	0	0	0	74.1712	102
11	10	0	0	0	0	66.6058	103
11	10	0	0	0	0	60.8545	104
11	10	0	0	0	0	77.0959	105
11	10	0	0	0	0	71.4993	106
11	10	0	0	0	0	70.7697	107
11	10	0	0	0	0	73.0234	108
11	10	0	0	0	0	66.9797	109
11	10	0	0	0	0	67.7977	110
10	10	0	0	0	0	67.8379	111
10	10	0	0	0	0	69.3136	112
11	11	0	0	0	0	64.9781	113
11	11	0	0	0	0	74.6634	114
11	11	0	0	0	0	76.5731	115
11	11	0	0	0	0	77.8065	116
11	11	0	0	0	0	71.2417	117
11	11	0	0	0	0	72.4763	118
11	11	0	0	0	0	75.1626	119
11	11	0	0	0	0	75.9222	120
11	11	0	0	0	0	79.6757	121
11	11	0	0	0	0	69.7354	122
11	11	0	0	0	0	69.8921	123
11	11	0	0	0	0	72.6486	124
11	11	0	0	0	0	62.6077	125
11	11	0	0	0	0	62.9361	126
11	11	0	0	0	0	61.0009	127
11	11	0	0	0	0	59.7289	128
11	10	0	0	0	0	60.5971	129
10	10	0	0	0	0	62.0236	130
10	8	0	0	0	0	57.3568	131
10	8	0	0	0	0	62.8918	132
10	8	0	0	0	0	59.7718	133
10	8	0	0	0	0	60.447	134
10	8	0	0	0	0	61.486	135
10	8	0	0	0	0	52.8453	136
10	8	0	0	0	0	55.6376	137
10	9	0	0	0	0	62.7969	138
10	9	0	0	0	0	46.8766	139
10	10	0	0	0	0	69.0537	140
10	10	0	0	0	0	70.3578	141
11	10	0	0	0	0	69.3099	142
11	10	0	0	0	0	68.481	143
11	10	0	0	0	0	74.5668	144
12	10	0	0	0	0	77.3037	145
12	10	0	0	0	0	72.4106	146
12	9	0	0	0	0	68.0028	147
12	9	0	0	0	0	74.434	148
12	9	0	0	0	0	68.6438	149
12	9	0	0	0	0	60.482	150
12	9	0	0	0	0	73.1689	151
12	9	0	0	0	0	69.5359	152
12	14	0	0	0	0	71.9631	153
12	14	0	0	0	0	86.2439	154
12	14	0	0	0	0	96.3285	155
12	14	0	0	0	0	85.9637	156
12	13	0	0	0	0	78.8071	157
13	13	0	0	0	0	85.1073	158
13	13	0	0	0	0	82.2076	159
13	13	0	0	0	0	95.8139	160
13	13	0	0	0	0	85.5135	161
11	12	0	0	0	0	79.1117	162
11	12	0	0	0	0	79.5936	163
11	12	0	0	0	0	74.8187	164
12	12	0	0	0	0	83.6025	165
12	12	0	0	0	0	79.5002	166
14	12	0	0	0	0	79.9153	167
14	12	0	0	0	0	76.1159	168
14	12	0	0	0	0	85.8565	169
13	12	0	0	0	0	79.3956	170
13	12	0	0	0	0	82.8406	171
13	12	0	0	0	0	84.7071	172
13	12	0	0	0	0	74.8885	173
13	13	0	0	0	0	90.8368	174
14	13	0	0	0	0	91.8889	175
14	13	0	0	0	0	87.8535	176
14	13	0	0	0	0	89.4242	177
14	13	0	0	0	0	85.6024	178
14	13	0	0	0	0	86.3145	179
14	13	0	0	0	0	94.709	180
14	13	0	0	0	0	90.2779	181
14	13	0	0	0	0	90.0004	182
14	13	0	0	0	0	82.0715	183
14	13	0	0	0	0	92.3908	184
14	13	0	0	0	0	79.4426	185
15	13	0	0	0	0	98.508	186
15	13	0	0	0	0	86.7548	187
15	13	0	0	0	0	96.4379	188
15	13	0	0	0	0	91.341	189
15	13	0	0	0	0	94.896	190
15	13	0	0	0	0	76.7913	191
15	12	0	0	0	0	100.843	192
15	12	0	0	0	0	92.5351	193
15	11	0	0	0	0	80.0827	194
15	11	0	0	0	0	88.184	195
15	11	0	0	0	0	76.1519	196
15	11	0	0	0	0	88.9804	197
13	11	0	0	0	0	83.3385	198
13	11	0	0	0	0	87.6929	199
13	11	0	0	0	0	79.1999	200
13	11	0	0	0	0	78.2686	201
13	11	0	0	0	0	71.533	202
12	11	0	0	0	0	78.9764	203
12	11	0	0	0	0	73.8226	204
12	11	0	0	0	0	75.9556	205
11	11	0	0	0	0	70.7909	206
11	11	0	0	0	0	65.2127	207
11	11	0	0	0	0	75.8239	208
11	11	0	0	0	0	72.1949	209
11	11	0	0	0	0	78.4918	210
11	11	0	0	0	0	72.5823	211
11	11	0	0	0	0	71.8319	212
11	11	0	0	0	0	74.5032	213
11	10	0	0	0	0	65.7508	214
11	10	0	0	0	0	61.3342	215
11	11	0	0	0	0	70.0614	216
11	11	0	0	0	0	77.1522	217
11	11	0	0	0	0	75.3639	218
11	11	0	0	0	0	70.8428	219
12	11	0	0	0	0	73.2952	220
12	11	0	0	0	0	70.7702	221
12	11	0	0	0	0	76.6136	222
12	11	0	0	0	0	80.7144	223
12	11	0	0	0	0	74.7541	224
11	11	0	0	0	0	75.7906	225
11	11	0	0	0	0	74.1713	226
11	11	0	0	0	0	60.2089	227
11	11	0	0	0	0	66.6095	228
11	11	0	0	0	0	67.8941	229
11	10	0	0	0	0	70.7215	230
11	10	0	0	0	0	69.7844	231
11	10	0	0	0	0	67.871	232
11	10	0	0	0	0	58.0622	233
11	10	0	0	0	0	71.4536	234
11	10	0	0	0	0	62.4776	235
12	10	0	0	0	0	71.7272	236
11	10	0	0	0	0	64.3966	237
11	10	0	0	0	0	69.4835	238
11	10	0	0	0	0	57.2069	239
11	9	0	0	0	0	62.5379	240
11	9	0	0	0	0	60.5146	241
12	8	0	0	0	0	54.8541	242
12	7	0	0	0	0	59.2115	243
12	7	0	0	0	0	52.7352	244
12	7	0	0	0	0	57.4684	245
12	7	0	0	0	0	59.1548	246
12	7	0	0	0	0	57.5817	247
12	6	0	0	0	0	59.1398	248
12	6	0	0	0	0	57.0272	249
12	6	0	0	0	0	61.7394	250
12	6	0	0	0	0	61.0822	251
12	6	0	0	0	0	53.113	252
13	6	0	0	0	0	56.0858	253
13	6	0	0	0	0	65.1186	254
13	7	0	0	0	0	57.8408	255
13	6	0	0	0	0	60.6795	256
13	6	0	0	0	0	63.5406	257
13	6	0	0	0	0	62.6675	258
13	6	0	0	0	0	62.6866	259
13	6	0	0	0	0	65.4263	260
13	6	0	0	0	0	64.2174	261
13	6	0	0	0	0	58.9321	262
13	6	0	0	0	0	68.3446	263
13	6	0	0	0	0	66.3792	264
13	6	0	0	0	0	63.0896	265
13	6	0	0	0	0	67.1851	266
13	6	0	0	0	0	57.823	267
13	6	0	0	0	0	63.7475	268
13	6	0	0	0	0	66.8008	269
13	6	0	0	0	0	59.2185	270
13	6	0	0	0	0	61.0823	271
13	6	0	0	0	0	60.6668	272
13	6	0	0	0	0	58.9446	273
13	6	0	0	0	0	63.5022	274
13	7	0	0	0	0	65.4636	275
13	8	0	0	0	0	65.9864	276
13	7	0	0	0	0	66.8844	277
13	8	0	0	0	0	69.9691	278
13	8	0	0	0	0	68.7372	279
13	8	0	0	0	0	70.0023	280
13	9	0	0	0	0	68.6213	281
13	9	0	0	0	0	72.3568	282
13	9	0	0	0	0	80.2048	283
13	9	0	0	0	0	69.6338	284
13	9	0	0	0	0	69.6712	285
13	9	0	0	0	0	71.4639	286
12	9	0	0	0	0	68.8648	287
12	9	0	0	0	0	69.3882	288
12	9	0	0	0	0	69.5854	289
12	8	0	0	0	0	65.2797	290
12	8	0	0	0	0	66.1191	291
11	8	0	0	0	0	60.1029	292
11	8	0	0	0	0	55.4462	293
11	8	0	0	0	0	53.5298	294
12	8	0	0	0	0	56.9261	295
12	8	0	0	0	0	54.976	296
12	8	0	0	0	0	55.8429	297
12	8	0	0	0	0	47.2286	298
12	8	0	0	0	0	51.1961	299
12	8	0	0	0	0	55.3895	300
12	8	0	0	0	0	57.5415	301
13	8	0	0	0	0	55.321	302
13	5	0	0	0	0	52.0642	303
14	5	0	0	0	0	55.1182	304
14	5	0	0	0	0	57.6479	305
14	6	0	0	0	0	59.8708	306
15	7	0	0	0	0	66.4048	307
14	8	0	0	0	0	62.9374	308
14	8	0	0	0	0	77.7055	309
14	8	0	0	0	0	74.3316	310
14	8	0	0	0	0	76.7201	311
14	8	0	0	0	0	70.2887	312
14	8	0	0	0	0	68.6128	313
15	8	0	0	0	0	61.7681	314
12	8	0	0	0	0	59.8362	315
12	8	0	0	0	0	62.2983	316
11	8	0	0	0	0	52.6959	317
11	8	0	0	0	0	62.8027	318
11	8	0	0	0	0	52.1356	319
11	8	0	0	0	0	64.1999	320
11	8	0	0	0	0	66.7387	321
11	8	0	0	0	0	65.0885	322
11	8	0	0	0	0	62.1535	323
11	8	0	0	0	0	67.8478	324
11	8	0	0	0	0	58.8975	325
12	8	0	0	0	0	62.6481	326
12	8	0	0	0	0	67.1466	327
12	8	0	0	0	0	71.5738	328
12	8	0	0	0	0	57.9043	329
12	7	0	0	0	0	56.586	330
12	7	0	0	0	0	61.5476	331
12	7	0	0	0	0	63.6582	332
12	7	0	0	0	0	59.5097	333
12	7	0	0	0	0	57.601	334
12	6	0	0	0	0	59.2403	335
11	6	0	0	0	0	59.013	336
11	6	0	0	0	0	51.8441	337
11	6	0	0	0	0	58.4603	338
12	6	0	0	0	0	57.9236	339
12	6	0	0	0	0	61.2629	340
12	6	0	0	0	0	57.2151	341
12	6	0	0	0	0	64.9792	342
12	6	0	0	0	0	60.6811	343
12	6	0	0	0	0	58.901	344
12	6	0	0	0	0	63.0687	345
12	6	0	0	0	0	62.5152	346
12	6	0	0	0	0	61.0102	347
13	6	0	0	0	0	58.4601	348
13	6	0	0	0	0	57.9025	349
14	6	0	0	0	0	55.3916	350
15	5	0	0	0	0	58.2253	351
15	5	0	0	0	0	54.4995	352
15	5	0	0	0	0	52.3776	353
15	5	0	0	0	0	49.0997	354
15	5	0	0	0	0	53.1537	355
15	5	0	0	0	0	64.5169	356
15	4	0	0	0	0	63.4839	357
15	4	0	0	0	0	62.8647	358
16	4	0	0	0	0	55.0637	359
16	3	0	0	0	0	57.8383	360
16	4	0	0	0	0	68.3919	361
16	4	0	0	0	0	70.5363	362
16	4	0	0	0	0	64.1897	363
16	4	0	0	0	0	65.4734	364
16	4	0	0	0	0	66.0175	365
16	5	0	0	0	0	60.6143	366
16	5	0	0	0	0	61.0676	367
16	5	0	0	0	0	65.3342	368
15	5	0	0	0	0	60.1105	369
13	5	0	0	0	0	60.7154	370
14	5	0	0	0	0	58.7588	371
14	5	0	0	0	0	53.4533	372
14	5	0	0	0	0	60.2111	373
14	5	0	0	0	0	59.8119	374
14	5	0	0	0	0	50.1165	375
14	5	0	0	0	0	54.8383	376
14	5	0	0	0	0	56.214	377
14	5	0	0	0	0	58.8942	378
14	5	0	0	0	0	55.4705	379
12	5	0	0	0	0	61.1613	380
12	5	0	0	0	0	59.0126	381
12	5	0	0	0	0	51.2792	382
12	5	0	0	0	0	58.552	383
13	5	0	0	0	0	58.4296	384
14	5	0	0	0	0	55.7498	385
14	6	0	0	0	0	66.5551	386
14	7	0	0	0	0	63.9968	387
14	7	0	0	0	0	58.2962	388
14	7	0	0	0	0	65.6413	389
15	7	0	0	0	0	66.7579	390
16	7	0	0	0	0	77.5055	391
16	7	0	0	0	0	71.3981	392
16	7	0	0	0	0	84.2433	393
16	7	0	0	0	0	70.2389	394
15	7	0	0	0	0	72.7845	395
15	7	0	0	0	0	68.2761	396
15	7	0	0	0	0	81.4265	397
15	7	0	0	0	0	76.4546	398
15	7	0	0	0	0	72.2879	399
15	7	0	0	0	0	78.0178	400
15	7	0	0	0	0	65.0575	401
15	7	0	0	0	0	78.1795	402
15	7	0	0	0	0	75.6057	403
15	7	0	0	0	0	74.6718	404
15	7	0	0	0	0	67.8032	405
15	7	0	0	0	0	78.4732	406
15	7	0	0	0	0	75.8105	407
15	7	0	0	0	0	74.4251	408
15	7	0	0	0	0	69.8536	409
15	7	0	0	0	0	77.5335	410
14	7	0	0	0	0	67.5352	411
14	7	0	0	0	0	64.0565	412
14	7	0	0	0	0	74.2482	413
14	7	0	0	0	0	74.5323	414
15	7	0	0	0	0	76.8395	415
15	7	0	0	0	0	69.9658	416
15	7	0	0	0	0	73.7013	417
15	7	0	0	0	0	78.2339	418
15	7	0	0	0	0	74.6549	419
15	7	0	0	0	0	76.1223	420
15	7	0	0	0	0	72.254	421
15	7	0	0	0	0	78.9254	422
15	7	0	0	0	0	55.9699	423
14	7	0	0	0	0	71.4611	424
14	7	0	0	0	0	74.5043	425
14	7	0	0	0	0	73.8767	426
14	7	0	0	0	0	73.2375	427
14	7	0	0	0	0	74.7956	428
14	7	0	0	0	0	69.8376	429
14	7	0	0	0	0	71.2863	430
14	7	0	0	0	0	71.8997	431
14	7	0	0	0	0	55.5944	432
14	7	0	0	0	0	74.515	433
14	7	0	0	0	0	71.2628	434
14	7	0	0	0	0	74.8186	435
14	7	0	0	0	0	67.0144	436
15	7	0	0	0	0	70.2507	437
15	7	0	0	0	0	63.2642	438
15	7	0	0	0	0	57.3548	439
15	7	0	0	0	0	73.1185	440
15	7	0	0	0	0	72.8419	441
15	7	0	0	0	0	67.438	442
15	7	0	0	0	0	72.9306	443
14	7	0	0	0	0	69.1347	444
13	7	0	0	0	0	62.6016	445
12	7	0	0	0	0	64.9993	446
12	8	0	0	0	0	60.4509	447
13	8	0	0	0	0	61.8321	448
13	8	0	0	0	0	60.7102	449
13	8	0	0	0	0	64.3466	450
13	11	0	0	0	0	62.7444	451
13	11	0	0	0	0	59.3079	452
13	11	0	0	0	0	75.5991	453
12	11	0	0	0	0	76.5595	454
12	11	0	0	0	0	66.0625	455
12	10	0	0	0	0	65.4128	456
10	9	0	0	0	0	60.7192	457
10	9	0	0	0	0	56.4128	458
10	9	0	0	0	0	62.6642	459
9	9	0	0	0	0	60.3435	460
9	9	0	0	0	0	57.7613	461
9	9	0	0	0	0	63.9694	462
9	9	0	0	0	0	61.8083	463
10	9	0	0	0	0	59.832	464
10	9	0	0	0	0	64.72	465
10	10	0	0	0	0	63.1939	466
10	9	0	0	0	0	66.7481	467
11	9	0	0	0	0	54.5364	468
11	9	0	0	0	0	73.2182	469
11	9	0	0	0	0	62.3357	470
11	9	0	0	0	0	63.8653	471
11	9	0	0	0	0	72.7656	472
11	9	0	0	0	0	69.1958	473
11	9	0	0	0	0	66.5968	474
11	9	0	0	0	0	66.8468	475
11	9	0	0	0	0	68.1401	476
11	9	0	0	0	0	61.1118	477
11	9	0	0	0	0	69.6124	478
12	8	0	0	0	0	68.5664	479
12	8	0	0	0	0	64.9481	480
12	8	0	0	0	0	61.3088	481
12	8	0	0	0	0	66.7112	482
12	8	0	0	0	0	57.3734	483
12	8	0	0	0	0	67.6999	484
12	8	0	0	0	0	65.4191	485
12	8	0	0	0	0	73.0807	486
13	8	0	0	0	0	67.6323	487
13	8	0	0	0	0	67.6323	488
13	9	0	0	0	0	75.5536	489
13	9	0	0	0	0	78.8067	490
13	12	0	0	0	0	70.4457	491
13	12	0	0	0	0	73.4946	492
13	12	0	0	0	0	74.2851	493
13	12	0	0	0	0	76.3052	494
13	12	0	0	0	0	84.1306	495
13	12	0	0	0	0	85.1466	496
13	12	0	0	0	0	87.4014	497
12	12	0	0	0	0	82.9941	498
13	12	0	0	0	0	79.7734	499
12	12	0	0	0	0	79.1558	500
12	12	0	0	0	0	81.5044	501
12	13	0	0	0	0	76.4353	502
12	12	0	0	0	0	81.8619	503
12	12	0	0	0	0	69.8396	504
12	12	0	0	0	0	70.8123	505
12	12	0	0	0	0	66.8795	506
12	12	0	0	0	0	71.216	507
12	12	0	0	0	0	71.2169	508
9	12	0	0	0	0	63.0711	509
9	12	0	0	0	0	76.3317	510
9	12	0	0	0	0	72.8554	511
9	13	0	0	0	0	74.0063	512
9	13	0	0	0	0	74.5443	513
9	13	0	0	0	0	52.7348	514
9	13	0	0	0	0	51.6903	515
9	12	0	0	0	0	57.4506	516
9	12	0	0	0	0	53.66	517
9	12	0	0	0	0	53.5273	518
9	11	0	0	0	0	54.526	519
9	11	0	0	0	0	55.1839	520
5	11	0	0	0	0	48.3323	521
5	12	0	0	0	0	56.6603	522
5	12	0	0	0	0	54.1235	523
5	12	0	0	0	0	53.8301	524
5	12	0	0	0	0	56.2315	525
5	12	0	0	0	0	61.2261	526
5	12	0	0	0	0	49.6189	527
5	11	0	0	0	0	50.1053	528
5	11	0	0	0	0	54.0912	529
5	11	0	0	0	0	47.6943	530
5	11	0	0	0	0	57.5922	531
5	11	0	0	0	0	48.6997	532
6	11	0	0	0	0	48.0868	533
5	11	0	0	0	0	55.2587	534
5	12	0	0	0	0	51.2179	535
5	12	0	0	0	0	45.87	536
5	12	0	0	0	0	52.447	537
5	12	0	0	0	0	52.2376	538
5	12	0	0	0	0	58.0879	539
6	12	0	0	0	0	59.2718	540
6	13	0	0	0	0	65.0697	541
6	13	0	0	0	0	57.8785	542
6	13	0	0	0	0	62.6457	543
6	13	0	0	0	0	56.8241	544
6	12	0	0	0	0	49.0711	545
6	12	0	0	0	0	60.1269	546
6	12	0	0	0	0	57.4559	547
6	12	0	0	0	0	64.7309	548
6	12	0	0	0	0	64.1753	549
6	12	0	0	0	0	64.5765	550
6	12	0	0	0	0	61.7896	551
6	12	0	0	0	0	60.7887	552
6	12	0	0	0	0	65.0895	553
6	12	0	0	0	0	56.4352	554
6	13	0	0	0	0	59.5402	555
7	13	0	0	0	0	68.7003	556
8	13	0	0	0	0	68.4021	557
9	13	0	0	0	0	65.7705	558
9	13	0	0	0	0	63.7505	559
11	13	0	0	0	0	80.9911	560
12	13	0	0	0	0	76.6212	561
12	13	0	0	0	0	77.9961	562
12	12	0	0	0	0	84.4119	563
12	12	0	0	0	0	78.3287	564
12	12	0	0	0	0	82.6335	565
13	12	0	0	0	0	77.0989	566
13	12	0	0	0	0	78.5656	567
13	12	0	0	0	0	82.4005	568
13	12	0	0	0	0	84.2432	569
13	12	0	0	0	0	71.2657	570
14	12	0	0	0	0	77.4794	571
14	14	0	0	0	0	92.8427	572
14	14	0	0	0	0	96.8529	573
14	14	0	0	0	0	87.92	574
14	14	0	0	0	0	91.7353	575
14	14	0	0	0	0	96.3684	576
14	14	0	0	0	0	88.827	577
14	14	0	0	0	0	97.9376	578
14	14	0	0	0	0	88.35	579
14	14	0	0	0	0	90.4445	580
14	14	0	0	0	0	99.0561	581
14	14	0	0	0	0	95.7148	582
14	14	0	0	0	0	96.0645	583
14	14	0	0	0	0	93.9872	584
15	15	0	0	0	0	92.9268	585
15	15	0	0	0	0	87.4046	586
14	15	0	0	0	0	97.6551	587
14	15	0	0	0	0	95.0585	588
14	15	0	0	0	0	89.15	589
15	15	0	0	0	0	98.9937	590
16	14	0	0	0	0	95.1254	591
16	14	0	0	0	0	89.3186	592
16	14	0	0	0	0	97.4145	593
16	14	0	0	0	0	102.503	594
16	14	0	0	0	0	98.0231	595
16	14	0	0	0	0	101.262	596
16	13	0	0	0	0	103.049	597
16	13	0	0	0	0	96.4604	598
16	14	0	0	0	0	93.3127	599
16	13	0	0	0	0	85.2249	600
16	12	0	0	0	0	94.9921	601
16	12	0	0	0	0	100.216	602
16	12	0	0	0	0	98.1074	603
16	12	0	0	0	0	92.9283	604
16	12	0	0	0	0	96.8522	605
16	12	0	0	0	0	101.351	606
17	12	0	0	0	0	95.0319	607
17	12	0	0	0	0	94.054	608
17	12	0	0	0	0	104.627	609
17	12	0	0	0	0	101.649	610
17	12	0	0	0	0	103.344	611
17	12	0	0	0	0	98.4493	612
17	12	0	0	0	0	98.8161	613
17	12	0	0	0	0	88.9899	614
15	12	0	0	0	0	90.3138	615
15	11	0	0	0	0	91.7668	616
15	11	0	0	0	0	87.6792	617
15	11	0	0	0	0	90.8699	618
15	11	0	0	0	0	86.5722	619
15	11	0	0	0	0	87.7515	620
15	11	0	0	0	0	86.4711	621
15	11	0	0	0	0	77.5952	622
15	10	0	0	0	0	87.0717	623
15	10	0	0	0	0	76.8452	624
16	10	0	0	0	0	78.623	625
17	10	0	0	0	0	87.3959	626
17	10	0	0	0	0	92.2858	627
17	10	0	0	0	0	97.7568	628
17	10	0	0	0	0	84.1934	629
17	9	0	0	0	0	83.6331	630
17	9	0	0	0	0	92.8987	631
17	9	0	0	0	0	91.8512	632
17	9	0	0	0	0	91.3633	633
17	9	0	0	0	0	92.0483	634
17	9	0	0	0	0	89.361	635
17	9	0	0	0	0	84.021	636
17	9	0	0	0	0	90.7073	637
17	9	0	0	0	0	83.9335	638
17	9	0	0	0	0	89.3808	639
17	9	0	0	0	0	88.3839	640
17	8	0	0	0	0	83.6473	641
17	8	0	0	0	0	88.8577	642
17	9	0	0	0	0	84.7197	643
18	9	0	0	0	0	83.441	644
17	9	0	0	0	0	83.4914	645
18	9	0	0	0	0	84.7529	646
18	9	0	0	0	0	83.7859	647
18	9	0	0	0	0	87.2046	648
18	9	0	0	0	0	94.9708	649
18	9	0	0	0	0	90.2368	650
18	9	0	0	0	0	95.9079	651
18	9	0	0	0	0	78.1585	652
18	9	0	0	0	0	89.509	653
18	9	0	0	0	0	96.7313	654
18	9	0	0	0	0	85.3104	655
19	9	0	0	0	0	95.04	656
19	9	0	0	0	0	96.097	657
19	9	0	0	0	0	91.8491	658
19	9	0	0	0	0	94.9891	659
19	9	0	0	0	0	96.8372	660
19	9	0	0	0	0	104.048	661
19	9	0	0	0	0	93.8559	662
19	9	0	0	0	0	99.6307	663
19	9	0	0	0	0	89.4721	664
19	9	0	0	0	0	97.0469	665
19	9	0	0	0	0	102.542	666
20	9	0	0	0	0	101.628	667
20	10	0	0	0	0	103.862	668
20	10	0	0	0	0	104.552	669
20	10	0	0	0	0	96.2011	670
20	10	0	0	0	0	105.502	671
20	9	0	0	0	0	96.926	672
20	9	0	0	0	0	103.319	673
20	10	0	0	0	0	90.4276	674
19	10	0	0	0	0	97.2347	675
20	10	0	0	0	0	105.346	676
20	10	0	0	0	0	100.981	677
20	10	0	0	0	0	102.76	678
20	10	0	0	0	0	98.0841	679
20	10	0	0	0	0	102.173	680
20	9	0	0	0	0	96.1763	681
20	9	0	0	0	0	96.7119	682
20	9	0	0	0	0	105.29	683
20	9	0	0	0	0	102.757	684
20	9	0	0	0	0	105.8	685
20	9	0	0	0	0	101.879	686
20	9	0	0	0	0	100.373	687
20	9	0	0	0	0	105.638	688
20	11	0	0	0	0	102.867	689
20	10	0	0	0	0	97.8533	690
20	9	0	0	0	0	100.414	691
20	9	0	0	0	0	95.82	692
20	9	0	0	0	0	98.9273	693
21	9	0	0	0	0	89.5161	694
21	8	0	0	0	0	88.2427	695
16	8	0	0	0	0	84.226	696
16	8	0	0	0	0	88.9073	697
16	8	0	0	0	0	84.4727	698
16	8	0	0	0	0	86.7726	699
16	8	0	0	0	0	88.4712	700
16	8	0	0	0	0	86.0643	701
16	8	0	0	0	0	87.2128	702
16	8	0	0	0	0	80.6998	703
16	8	0	0	0	0	82.4875	704
16	8	0	0	0	0	71.0555	705
16	8	0	0	0	0	41.838	706
15	8	0	0	0	0	42.3624	707
15	8	0	0	0	0	42.9927	708
15	8	0	0	0	0	37.9756	709
11	8	0	0	0	0	41.3845	710
7	8	0	0	0	0	42.3187	711
6	8	0	0	0	0	46.5549	712
6	8	0	0	0	0	40.0671	713
6	8	0	0	0	0	47.8906	714
6	8	0	0	0	0	44.7438	715
6	8	0	0	0	0	43.4508	716
6	8	0	0	0	0	37.5819	717
6	10	0	0	0	0	44.0239	718
6	10	0	0	0	0	53.6786	719
6	10	0	0	0	0	49.4153	720
6	10	0	0	0	0	42.297	721
6	8	0	0	0	0	46.6921	722
6	8	0	0	0	0	44.379	723
6	8	0	0	0	0	43.9214	724
6	8	0	0	0	0	47.5135	725
6	8	0	0	0	0	47.8126	726
6	8	0	0	0	0	38.7331	727
6	8	0	0	0	0	48.7119	728
6	8	0	0	0	0	45.949	729
6	8	0	0	0	0	47.1573	730
6	8	0	0	0	0	47.4292	731
6	8	0	0	0	0	49.3602	732
6	8	0	0	0	0	42.4475	733
6	8	0	0	0	0	47.5135	734
6	8	0	0	0	0	38.3764	735
6	8	0	0	0	0	39.6871	736
6	7	0	0	0	0	25.6895	737
6	7	0	0	0	0	30.4689	738
6	7	0	0	0	0	25.5155	739
6	7	0	0	0	0	30.4779	740
4	7	0	0	0	0	31.5549	741
4	6	0	0	0	0	32.1589	742
4	6	0	0	0	0	27.8132	743
4	6	0	0	0	0	31.0655	744
4	6	0	0	0	0	22.5245	745
4	6	0	0	0	0	33.3003	746
4	6	0	0	0	0	31.2474	747
4	6	0	0	0	0	26.3626	748
4	6	0	0	0	0	32.0438	749
4	6	0	0	0	0	31.7094	750
4	6	0	0	0	0	26.5756	751
4	6	0	0	0	0	31.513	752
4	6	0	0	0	0	30.4511	753
4	6	0	0	0	0	33.3654	754
5	6	0	0	0	0	29.303	755
5	6	0	0	0	0	37.3519	756
5	6	0	0	0	0	32.1523	757
5	6	0	0	0	0	33.2606	758
5	6	0	0	0	0	35.7558	759
5	7	0	0	0	0	35.4862	760
5	7	0	0	0	0	37.1663	761
5	8	0	0	0	0	41.3984	762
5	8	0	0	0	0	40.0813	763
5	8	0	0	0	0	38.408	764
5	8	0	0	0	0	43.5357	765
5	8	0	0	0	0	44.2061	766
5	8	0	0	0	0	39.6447	767
5	8	0	0	0	0	43.6329	768
5	8	0	0	0	0	42.9874	769
5	8	0	0	0	0	43.6329	770
5	9	0	0	0	0	43.6026	771
5	9	0	0	0	0	43.4934	772
5	9	0	0	0	0	47.3281	773
5	9	0	0	0	0	39.6645	774
5	9	0	0	0	0	44.7322	775
5	9	0	0	0	0	46.1478	776
5	9	0	0	0	0	45.6646	777
5	9	0	0	0	0	45.7413	778
5	9	0	0	0	0	44.8664	779
5	9	0	0	0	0	44.3369	780
5	8	0	0	0	0	43.7732	781
5	8	0	0	0	0	43.6079	782
5	8	0	0	0	0	45.2229	783
5	8	0	0	0	0	43.6026	784
5	8	0	0	0	0	43.5145	785
5	8	0	0	0	0	41.7786	786
5	8	0	0	0	0	34.6566	787
5	8	0	0	0	0	45.4614	788
5	8	0	0	0	0	42.3624	789
5	8	0	0	0	0	45.2746	790
5	8	0	0	0	0	38.8622	791
5	8	0	0	0	0	32.4386	792
5	7	0	0	0	0	38.65	793
5	7	0	0	0	0	31.8264	794
5	7	0	0	0	0	38.874	795
5	7	0	0	0	0	38.3598	796
5	7	0	0	0	0	40.5259	797
5	7	0	0	0	0	35.6688	798
5	7	0	0	0	0	41.1198	799
5	7	0	0	0	0	40.888	800
5	7	0	0	0	0	34.5278	801
5	7	0	0	0	0	38.1766	802
5	8	0	0	0	0	37.8518	803
5	8	0	0	0	0	44.7442	804
5	8	0	0	0	0	37.2428	805
4	8	0	0	0	0	29.4658	806
4	8	0	0	0	0	32.7431	807
4	8	0	0	0	0	38.1926	808
4	8	0	0	0	0	35.8925	809
4	8	0	0	0	0	31.8096	810
4	8	0	0	0	0	31.4626	811
2	8	0	0	0	0	28.9652	812
2	8	0	0	0	0	30.0555	813
2	8	0	0	0	0	18.01	814
2	8	0	0	0	0	30.9967	815
2	8	0	0	0	0	30.7184	816
2	8	0	0	0	0	30.7628	817
2	8	0	0	0	0	26.7341	818
3	9	0	0	0	0	29.2129	819
3	8	0	0	0	0	29.8513	820
3	8	0	0	0	0	34.023	821
4	8	0	0	0	0	36.3762	822
4	8	0	0	0	0	37.5944	823
4	7	0	0	0	0	32.1373	824
4	7	0	0	0	0	36.7444	825
4	7	0	0	0	0	32.6271	826
5	7	0	0	0	0	35.6753	827
5	7	0	0	0	0	35.7499	828
5	7	0	0	0	0	33.805	829
5	7	0	0	0	0	30.6876	830
5	7	0	0	0	0	39.2694	831
5	7	0	0	0	0	36.1917	832
5	7	0	0	0	0	37.2655	833
5	7	0	0	0	0	29.5307	834
5	8	0	0	0	0	35.0659	835
5	9	0	0	0	0	43.4087	836
5	9	0	0	0	0	41.2695	837
5	9	0	0	0	0	32.2792	838
5	8	0	0	0	0	26.8623	839
5	8	0	0	0	0	35.4551	840
5	8	0	0	0	0	33.6825	841
6	7	0	0	0	0	35.3996	842
6	7	0	0	0	0	36.9871	843
5	7	0	0	0	0	32.0115	844
5	7	0	0	0	0	35.3753	845
5	7	0	0	0	0	26.2087	846
5	7	0	0	0	0	37.8518	847
5	7	0	0	0	0	41.3271	848
5	7	0	0	0	0	34.9855	849
5	7	0	0	0	0	38.4423	850
5	7	0	0	0	0	41.3444	851
5	7	0	0	0	0	39.6845	852
5	7	0	0	0	0	33.3848	853
5	7	0	0	0	0	35.7249	854
5	7	0	0	0	0	39.0971	855
5	7	0	0	0	0	38.5276	856
5	7	0	0	0	0	34.4273	857
5	7	0	0	0	0	41.2884	858
5	7	0	0	0	0	40.9099	859
5	7	0	0	0	0	38.0579	860
5	7	0	0	0	0	40.5472	861
6	7	0	0	0	0	38.0573	862
6	7	0	0	0	0	34.9303	863
6	7	0	0	0	0	38.2622	864
6	7	0	0	0	0	39.435	865
6	7	0	0	0	0	39.8503	866
6	8	0	0	0	0	35.1597	867
6	6	0	0	0	0	38.7641	868
6	6	0	0	0	0	36.6005	869
6	6	0	0	0	0	39.2499	870
6	6	0	0	0	0	36.2299	871
6	6	0	0	0	0	37.869	872
6	6	0	0	0	0	33.8967	873
6	6	0	0	0	0	35.8609	874
6	6	0	0	0	0	41.3011	875
6	6	0	0	0	0	39.2052	876
6	6	0	0	0	0	39.6374	877
6	6	0	0	0	0	37.0174	878
6	6	0	0	0	0	41.5141	879
6	7	0	0	0	0	39.7944	880
6	8	0	0	0	0	37.869	881
6	9	0	0	0	0	39.7944	882
6	9	0	0	0	0	50.6084	883
6	9	0	0	0	0	48.7881	884
6	9	0	0	0	0	49.098	885
6	9	0	0	0	0	42.0831	886
6	9	0	0	0	0	43.2056	887
6	9	0	0	0	0	53.4351	888
6	9	0	0	0	0	49.3086	889
6	9	0	0	0	0	53.1	890
6	9	0	0	0	0	38.6248	891
6	9	0	0	0	0	51.2028	892
6	9	0	0	0	0	49.2776	893
6	9	0	0	0	0	49.9991	894
6	9	0	0	0	0	45.3591	895
6	9	0	0	0	0	52.4319	896
6	9	0	0	0	0	51.3733	897
6	9	0	0	0	0	49.0493	898
6	9	0	0	0	0	50.7297	899
6	9	0	0	0	0	51.7416	900
6	9	0	0	0	0	44.2686	901
6	9	0	0	0	0	39.2911	902
6	9	0	0	0	0	41.1468	903
6	9	0	0	0	0	37.4587	904
4	9	0	0	0	0	36.3824	905
4	8	0	0	0	0	41.3517	906
4	8	0	0	0	0	36.8531	907
4	8	0	0	0	0	39.8594	908
4	8	0	0	0	0	35.3389	909
4	7	0	0	0	0	35.2874	910
4	7	0	0	0	0	37.4768	911
4	7	0	0	0	0	32.901	912
4	7	0	0	0	0	36.3348	913
4	7	0	0	0	0	27.0057	914
4	7	0	0	0	0	34.5504	915
4	8	0	0	0	0	35.8108	916
6	8	0	0	0	0	35.8593	917
6	8	0	0	0	0	49.5755	918
6	8	0	0	0	0	42.36	919
6	8	0	0	0	0	42.5027	920
6	9	0	0	0	0	47.5135	921
6	10	0	0	0	0	45.3415	922
6	10	0	0	0	0	45.3577	923
6	10	0	0	0	0	46.6891	924
6	10	0	0	0	0	54.9257	925
6	10	0	0	0	0	49.6898	926
6	10	0	0	0	0	53.0752	927
6	10	0	0	0	0	56.9714	928
6	10	0	0	0	0	57.5362	929
6	10	0	0	0	0	51.8489	930
6	10	0	0	0	0	53.2667	931
6	10	0	0	0	0	56.5796	932
6	10	0	0	0	0	51.1295	933
6	10	0	0	0	0	54.1763	934
6	10	0	0	0	0	54.4986	935
7	10	0	0	0	0	46.0389	936
7	10	0	0	0	0	55.3454	937
7	10	0	0	0	0	54.2177	938
7	10	0	0	0	0	58.4057	939
7	10	0	0	0	0	56.4781	940
7	10	0	0	0	0	57.5031	941
7	10	0	0	0	0	56.7979	942
7	10	0	0	0	0	52.4066	943
6	10	0	0	0	0	53.19	944
6	11	0	0	0	0	55.3394	945
6	11	0	0	0	0	53.006	946
6	11	0	0	0	0	53.6997	947
6	11	0	0	0	0	53.1613	948
6	11	0	0	0	0	43.0737	949
6	10	0	0	0	0	48.6329	950
5	10	0	0	0	0	52.7611	951
6	10	0	0	0	0	48.0092	952
6	10	0	0	0	0	43.0871	953
6	10	0	0	0	0	47.174	954
6	11	0	0	0	0	44.9444	955
6	10	0	0	0	0	53.136	956
6	10	0	0	0	0	52.4629	957
6	10	0	0	0	0	54.9546	958
6	10	0	0	0	0	47.7719	959
6	10	0	0	0	0	50.066	960
6	11	0	0	0	0	47.5825	961
6	10	0	0	0	0	50.3477	962
6	10	0	0	0	0	43.1453	963
6	10	0	0	0	0	55.9855	964
6	10	0	0	0	0	53.8186	965
6	10	0	0	0	0	47.1171	966
6	9	0	0	0	0	46.4705	967
7	9	0	0	0	0	43.7282	968
7	9	0	0	0	0	45.2229	969
7	8	0	0	0	0	39.7123	970
7	8	0	0	0	0	39.2888	971
7	8	0	0	0	0	41.3517	972
7	8	0	0	0	0	39.5207	973
6	8	0	0	0	0	42.0192	974
6	8	0	0	0	0	40.8853	975
5	8	0	0	0	0	32.0324	976
5	7	0	0	0	0	37.8257	977
5	7	0	0	0	0	41.2134	978
5	7	0	0	0	0	39.756	979
5	7	0	0	0	0	41.3852	980
5	7	0	0	0	0	39.3336	981
5	7	0	0	0	0	40.2737	982
5	7	0	0	0	0	37.3388	983
5	9	0	0	0	0	38.4534	984
5	9	0	0	0	0	39.6997	985
6	9	0	0	0	0	40.8626	986
6	9	0	0	0	0	50.3007	987
7	9	0	0	0	0	49.5375	988
7	9	0	0	0	0	47.4957	989
7	9	0	0	0	0	50.4697	990
7	9	0	0	0	0	55.1963	991
7	9	0	0	0	0	53.5784	992
7	9	0	0	0	0	46.4389	993
7	8	0	0	0	0	46.3837	994
7	8	0	0	0	0	49.7018	995
7	8	0	0	0	0	52.0325	996
7	8	0	0	0	0	40.5176	997
7	8	0	0	0	0	46.3995	998
7	8	0	0	0	0	52.6252	999
7	8	0	0	0	0	53.0846	1000
7	8	0	0	0	0	45.7259	1001
8	8	0	0	0	0	39.8237	1002
9	8	0	0	0	0	50.9213	1003
9	8	0	0	0	0	53.0233	1004
9	9	0	0	0	0	46.5422	1005
10	9	0	0	0	0	51.4181	1006
10	9	0	0	0	0	64.1996	1007
10	9	0	0	0	0	56.0072	1008
10	9	0	0	0	0	53.1591	1009
10	8	0	0	0	0	54.5892	1010
10	8	0	0	0	0	53.0869	1011
9	8	0	0	0	0	45.6935	1012
9	8	0	0	0	0	56.7783	1013
9	8	0	0	0	0	54.7214	1014
9	8	0	0	0	0	47.6863	1015
9	8	0	0	0	0	46.4555	1016
9	8	0	0	0	0	57.2555	1017
9	8	0	0	0	0	53.0869	1018
9	8	0	0	0	0	49.1387	1019
9	9	0	0	0	0	57.0304	1020
10	9	0	0	0	0	51.751	1021
10	9	0	0	0	0	48.6416	1022
10	8	0	0	0	0	55.0097	1023
10	8	0	0	0	0	54.4165	1024
10	8	0	0	0	0	62.8023	1025
10	8	0	0	0	0	57.7584	1026
10	8	0	0	0	0	59.7289	1027
10	8	0	0	0	0	63.4209	1028
10	8	0	0	0	0	62.9922	1029
10	9	0	0	0	0	62.8223	1030
10	9	0	0	0	0	61.6574	1031
10	9	0	0	0	0	58.9991	1032
10	10	0	0	0	0	65.0443	1033
10	10	0	0	0	0	66.8282	1034
10	10	0	0	0	0	65.7771	1035
10	10	0	0	0	0	60.4736	1036
10	10	0	0	0	0	59.502	1037
10	10	0	0	0	0	69.4014	1038
10	10	0	0	0	0	62.486	1039
10	10	0	0	0	0	63.96	1040
10	10	0	0	0	0	69.5103	1041
10	10	0	0	0	0	65.6308	1042
10	10	0	0	0	0	70.6007	1043
10	10	0	0	0	0	64.9064	1044
10	11	0	0	0	0	67.166	1045
10	11	0	0	0	0	64.6253	1046
10	11	0	0	0	0	68.8319	1047
10	11	0	0	0	0	68.3699	1048
10	11	0	0	0	0	69.72	1049
9	11	0	0	0	0	60.3336	1050
9	11	0	0	0	0	71.59	1051
9	11	0	0	0	0	67.3893	1052
9	11	0	0	0	0	70.1217	1053
9	11	0	0	0	0	67.3832	1054
9	11	0	0	0	0	69.1153	1055
9	11	0	0	0	0	61.7458	1056
9	11	0	0	0	0	73.4886	1057
9	11	0	0	0	0	59.7055	1058
9	11	0	0	0	0	66.8509	1059
9	12	0	0	0	0	68.3425	1060
9	13	0	0	0	0	55.0714	1061
9	13	0	0	0	0	65.3372	1062
9	13	0	0	0	0	62.1456	1063
9	13	0	0	0	0	59.9489	1064
9	13	0	0	0	0	57.7419	1065
9	12	0	0	0	0	65.4612	1066
8	12	0	0	0	0	67.2948	1067
8	12	0	0	0	0	64.7913	1068
7	12	0	0	0	0	57.3834	1069
7	12	0	0	0	0	47.2081	1070
7	11	0	0	0	0	46.271	1071
7	9	0	0	0	0	46.0637	1072
6	9	0	0	0	0	47.4897	1073
6	10	0	0	0	0	51.0586	1074
6	11	0	0	0	0	52.4949	1075
6	11	0	0	0	0	51.8489	1076
6	11	0	0	0	0	55.3099	1077
6	12	0	0	0	0	48.6334	1078
6	12	0	0	0	0	52.5498	1079
6	12	0	0	0	0	49.8014	1080
6	12	0	0	0	0	57.4211	1081
5	12	0	0	0	0	46.79	1082
4	12	0	0	0	0	46.6633	1083
4	12	0	0	0	0	57.5965	1084
4	12	0	0	0	0	50.926	1085
4	12	0	0	0	0	52.6885	1086
4	11	0	0	0	0	52.6126	1087
4	11	0	0	0	0	50.2227	1088
4	11	0	0	0	0	49.6438	1089
4	11	0	0	0	0	48.0868	1090
4	11	0	0	0	0	50.1779	1091
4	11	0	0	0	0	51.406	1092
4	11	0	0	0	0	47.0033	1093
3	11	0	0	0	0	45.6293	1094
3	12	0	0	0	0	49.1921	1095
3	12	0	0	0	0	46.8229	1096
3	13	0	0	0	0	45.7045	1097
3	13	0	0	0	0	48.6643	1098
3	13	0	0	0	0	46.8984	1099
3	13	0	0	0	0	46.9932	1100
3	13	0	0	0	0	49.291	1101
3	13	0	0	0	0	45.0695	1102
3	15	0	0	0	0	56.4628	1103
3	15	0	0	0	0	61.6448	1104
3	15	0	0	0	0	58.6493	1105
3	15	0	0	0	0	60.2038	1106
3	15	0	0	0	0	62.0001	1107
3	15	0	0	0	0	62.3092	1108
3	16	0	0	0	0	65.0342	1109
3	16	0	0	0	0	49.2116	1110
3	16	0	0	0	0	61.2424	1111
3	16	0	0	0	0	68.1292	1112
3	16	0	0	0	0	62.5661	1113
3	16	0	0	0	0	68.0206	1114
3	16	0	0	0	0	63.7698	1115
3	16	0	0	0	0	56.9691	1116
3	16	0	0	0	0	56.7809	1117
2	16	0	0	0	0	59.5793	1118
2	16	0	0	0	0	62.2836	1119
2	16	0	0	0	0	62.072	1120
2	16	0	0	0	0	56.8074	1121
2	16	0	0	0	0	62.6764	1122
2	17	0	0	0	0	60.9172	1123
2	16	0	0	0	0	61.3412	1124
2	16	0	0	0	0	58.9869	1125
2	16	0	0	0	0	59.6187	1126
2	16	0	0	0	0	57.4799	1127
2	16	0	0	0	0	63.0676	1128
2	16	0	0	0	0	62.4934	1129
2	16	0	0	0	0	59.2961	1130
2	16	0	0	0	0	59.8971	1131
2	15	0	0	0	0	50.4136	1132
1	15	0	0	0	0	50.0866	1133
1	14	0	0	0	0	52.7928	1134
1	14	0	0	0	0	49.2761	1135
2	14	0	0	0	0	51.5617	1136
2	14	0	0	0	0	50.189	1137
2	14	0	0	0	0	51.5617	1138
2	14	0	0	0	0	54.9858	1139
2	14	0	0	0	0	52.9205	1140
2	14	0	0	0	0	54.6932	1141
2	14	0	0	0	0	54.9162	1142
3	14	0	0	0	0	52.9205	1143
3	14	0	0	0	0	53.9582	1144
3	14	0	0	0	0	60.7642	1145
3	14	0	0	0	0	49.4532	1146
3	14	0	0	0	0	58.282	1147
3	14	0	0	0	0	54.1856	1148
3	14	0	0	0	0	57.4775	1149
4	14	0	0	0	0	57.0069	1150
4	14	0	0	0	0	56.3093	1151
4	14	0	0	0	0	58.2686	1152
3	14	0	0	0	0	50.6155	1153
3	15	0	0	0	0	47.572	1154
3	15	0	0	0	0	59.5802	1155
3	15	0	0	0	0	58.3443	1156
3	15	0	0	0	0	59.4956	1157
3	15	0	0	0	0	57.8059	1158
3	15	0	0	0	0	53.99	1159
4	14	0	0	0	0	51.1533	1160
4	14	0	0	0	0	59.602	1161
4	14	0	0	0	0	55.923	1162
4	14	0	0	0	0	46.9516	1163
4	14	0	0	0	0	59.4072	1164
5	14	0	0	0	0	53.4474	1165
5	14	0	0	0	0	56.3374	1166
5	14	0	0	0	0	59.8542	1167
6	14	0	0	0	0	52.8849	1168
6	16	0	0	0	0	52.1638	1169
6	16	0	0	0	0	53.0287	1170
6	16	0	0	0	0	53.3088	1171
6	16	0	0	0	0	56.7508	1172
6	16	0	0	0	0	52.0032	1173
6	15	0	0	0	0	43.5252	1174
6	15	0	0	0	0	53.4308	1175
6	15	0	0	0	0	50.533	1176
6	15	0	0	0	0	73.1041	1177
6	15	0	0	0	0	71.6387	1178
6	15	0	0	0	0	70.9383	1179
6	15	0	0	0	0	75.6453	1180
6	15	0	0	0	0	66.3388	1181
6	15	0	0	0	0	77.3343	1182
6	15	0	0	0	0	74.7798	1183
6	16	0	0	0	0	67.2649	1184
6	17	0	0	0	0	74.8157	1185
6	17	0	0	0	0	66.8865	1186
6	17	0	0	0	0	70.6017	1187
6	17	0	0	0	0	73.9367	1188
9	18	0	0	0	0	84.1617	1189
9	18	0	0	0	0	87.4262	1190
9	19	0	0	0	0	94.3591	1191
9	19	0	0	0	0	104.774	1192
9	19	0	0	0	0	86.5147	1193
10	20	0	0	0	0	93.8351	1194
10	20	0	0	0	0	99.3538	1195
10	20	0	0	0	0	97.0923	1196
10	19	0	0	0	0	86.0317	1197
10	18	0	0	0	0	89.6027	1198
10	18	0	0	0	0	95.8309	1199
10	18	0	0	0	0	94.6859	1200
10	17	0	0	0	0	80.1688	1201
10	16	0	0	0	0	85.8607	1202
10	16	0	0	0	0	88.8921	1203
9	16	0	0	0	0	79.9209	1204
9	16	0	0	0	0	88.5913	1205
9	17	0	0	0	0	86.7236	1206
9	17	0	0	0	0	86.2083	1207
9	17	0	0	0	0	86.6859	1208
9	17	0	0	0	0	93.1684	1209
9	17	0	0	0	0	94.3831	1210
9	17	0	0	0	0	90.1356	1211
9	16	0	0	0	0	88.5913	1212
9	16	0	0	0	0	85.9788	1213
9	17	0	0	0	0	86.5728	1214
9	17	0	0	0	0	89.4532	1215
9	17	0	0	0	0	88.6001	1216
9	16	0	0	0	0	79.2637	1217
9	16	0	0	0	0	75.0363	1218
10	16	0	0	0	0	79.7252	1219
10	16	0	0	0	0	79.2377	1220
10	16	0	0	0	0	78.7661	1221
10	16	0	0	0	0	78.6547	1222
9	15	0	0	0	0	72.6825	1223
10	15	0	0	0	0	71.0202	1224
10	15	0	0	0	0	87.4523	1225
10	15	0	0	0	0	85.708	1226
10	15	0	0	0	0	84.5722	1227
10	15	0	0	0	0	81.5056	1228
10	15	0	0	0	0	81.622	1229
10	15	0	0	0	0	84.4163	1230
11	15	0	0	0	0	84.2786	1231
11	15	0	0	0	0	90.0286	1232
11	15	0	0	0	0	82.8367	1233
11	15	0	0	0	0	76.6987	1234
12	15	0	0	0	0	71.7514	1235
12	15	0	0	0	0	87.1365	1236
13	15	0	0	0	0	92.451	1237
13	15	0	0	0	0	92.3575	1238
13	14	0	0	0	0	91.2528	1239
13	15	0	0	0	0	101.08	1240
13	15	0	0	0	0	94.3374	1241
13	15	0	0	0	0	99.047	1242
13	16	0	0	0	0	102.039	1243
13	16	0	0	0	0	92.9677	1244
13	14	0	0	0	0	89.6994	1245
13	14	0	0	0	0	98.5897	1246
13	14	0	0	0	0	85.8673	1247
14	14	0	0	0	0	96.7324	1248
14	14	0	0	0	0	94.2561	1249
14	13	0	0	0	0	94.3399	1250
14	13	0	0	0	0	94.3454	1251
14	13	0	0	0	0	93.6968	1252
14	13	0	0	0	0	86.2892	1253
14	13	0	0	0	0	96.6314	1254
14	13	0	0	0	0	84.1763	1255
15	14	0	0	0	0	94.3671	1256
15	15	0	0	0	0	107.113	1257
16	15	0	0	0	0	92.0472	1258
16	15	0	0	0	0	92.3838	1259
15	16	0	0	0	0	100.01	1260
15	16	0	0	0	0	105.539	1261
15	16	0	0	0	0	107.394	1262
16	16	0	0	0	0	103.274	1263
16	16	0	0	0	0	118.224	1264
16	16	0	0	0	0	99.9073	1265
16	17	0	0	0	0	110.598	1266
16	17	0	0	0	0	116.781	1267
14	17	0	0	0	0	104.77	1268
14	17	0	0	0	0	116.34	1269
14	17	0	0	0	0	103.245	1270
14	17	0	0	0	0	93.8308	1271
14	17	0	0	0	0	110.41	1272
14	17	0	0	0	0	116.495	1273
14	17	0	0	0	0	108.455	1274
16	17	0	0	0	0	103.206	1275
16	17	0	0	0	0	106.802	1276
16	17	0	0	0	0	114.99	1277
16	17	0	0	0	0	114.931	1278
16	17	0	0	0	0	114.479	1279
16	17	0	0	0	0	109.114	1280
16	16	0	0	0	0	106.007	1281
16	15	0	0	0	0	95.4411	1282
16	15	0	0	0	0	109.687	1283
16	15	0	0	0	0	107.159	1284
16	15	0	0	0	0	105.627	1285
16	15	0	0	0	0	104.869	1286
16	15	0	0	0	0	114.537	1287
16	15	0	0	0	0	102.396	1288
16	15	0	0	0	0	107.373	1289
16	15	0	0	0	0	97.0672	1290
16	15	0	0	0	0	111.852	1291
16	15	0	0	0	0	111.147	1292
16	15	0	0	0	0	92.8123	1293
16	15	0	0	0	0	104.925	1294
16	15	0	0	0	0	113.646	1295
16	15	0	0	0	0	101.519	1296
17	15	0	0	0	0	112.326	1297
17	15	0	0	0	0	94.9386	1298
17	15	0	0	0	0	109.311	1299
17	16	0	0	0	0	106.506	1300
17	16	0	0	0	0	111.626	1301
17	16	0	0	0	0	99.8256	1302
17	16	0	0	0	0	102.696	1303
18	15	0	0	0	0	105.365	1304
18	14	0	0	0	0	112.401	1305
18	15	0	0	0	0	118.126	1306
18	15	0	0	0	0	116.051	1307
18	15	0	0	0	0	111.932	1308
18	15	0	0	0	0	111.898	1309
18	15	0	0	0	0	111.046	1310
18	15	0	0	0	0	116.283	1311
18	16	0	0	0	0	118.671	1312
18	16	0	0	0	0	108.854	1313
18	16	0	0	0	0	127.88	1314
18	16	0	0	0	0	123.895	1315
18	16	0	0	0	0	120.898	1316
18	16	0	0	0	0	116.851	1317
18	16	0	0	0	0	117.665	1318
18	16	0	0	0	0	119.415	1319
18	16	0	0	0	0	121.324	1320
19	16	0	0	0	0	119.902	1321
19	16	0	0	0	0	118.133	1322
19	16	0	0	0	0	113.072	1323
19	16	0	0	0	0	116.039	1324
19	14	0	0	0	0	111.251	1325
19	14	0	0	0	0	101.945	1326
19	13	0	0	0	0	120.16	1327
19	13	0	0	0	0	104.169	1328
19	15	0	0	0	0	102.844	1329
19	17	0	0	0	0	118.841	1330
19	17	0	0	0	0	126.588	1331
19	17	0	0	0	0	117.801	1332
19	17	0	0	0	0	113.462	1333
19	17	0	0	0	0	109.24	1334
16	16	0	0	0	0	112.71	1335
16	16	0	0	0	0	110.749	1336
16	16	0	0	0	0	114.488	1337
16	16	0	0	0	0	86.6669	1338
13	15	0	0	0	0	101.537	1339
14	15	0	0	0	0	96.031	1340
14	14	0	0	0	0	81.3505	1341
14	14	0	0	0	0	96.2403	1342
14	14	0	0	0	0	92.3816	1343
13	14	0	0	0	0	90.6612	1344
12	15	0	0	0	0	83.9013	1345
12	15	0	0	0	0	87.39	1346
12	15	0	0	0	0	84.7229	1347
12	15	0	0	0	0	93.6703	1348
11	15	0	0	0	0	91.1637	1349
11	15	0	0	0	0	93.4851	1350
10	15	0	0	0	0	85.0718	1351
10	18	0	0	0	0	77.7025	1352
10	18	0	0	0	0	78.3955	1353
10	18	0	0	0	0	72.1799	1354
10	17	0	0	0	0	82.1171	1355
10	16	0	0	0	0	90.9159	1356
9	17	0	0	0	0	89.6051	1357
9	17	0	0	0	0	92.485	1358
9	17	0	0	0	0	87.4789	1359
9	17	0	0	0	0	97.2817	1360
9	17	0	0	0	0	93.5731	1361
9	17	0	0	0	0	90.7628	1362
9	17	0	0	0	0	88.8005	1363
9	17	0	0	0	0	85.701	1364
9	17	0	0	0	0	91.3787	1365
9	17	0	0	0	0	85.4804	1366
8	17	0	0	0	0	84.878	1367
8	17	0	0	0	0	91.513	1368
8	17	0	0	0	0	89.1811	1369
8	17	0	0	0	0	86.5828	1370
8	17	0	0	0	0	93.4992	1371
9	17	0	0	0	0	85.9411	1372
9	17	0	0	0	0	89.4356	1373
8	17	0	0	0	0	88.9758	1374
8	16	0	0	0	0	74.7064	1375
8	16	0	0	0	0	77.6309	1376
8	16	0	0	0	0	79.1676	1377
8	16	0	0	0	0	81.8059	1378
8	16	0	0	0	0	75.9736	1379
8	15	0	0	0	0	79.8569	1380
8	15	0	0	0	0	79.9035	1381
8	15	0	0	0	0	83.8336	1382
8	15	0	0	0	0	75.6215	1383
8	16	0	0	0	0	75.6359	1384
8	16	0	0	0	0	87.2643	1385
8	17	0	0	0	0	88.5446	1386
8	17	0	0	0	0	75.235	1387
8	17	0	0	0	0	75.6055	1388
8	18	0	0	0	0	79.2154	1389
7	18	0	0	0	0	78.1263	1390
7	18	0	0	0	0	76.2674	1391
7	18	0	0	0	0	78.7101	1392
11	17	0	0	0	0	88.6557	1393
11	17	0	0	0	0	89.0078	1394
11	17	0	0	0	0	99.2568	1395
11	16	0	0	0	0	88.6898	1396
11	16	0	0	0	0	80.9358	1397
11	16	0	0	0	0	80.851	1398
11	16	0	0	0	0	86.5869	1399
11	16	0	0	0	0	84.6767	1400
11	16	0	0	0	0	83.1537	1401
10	17	0	0	0	0	89.0504	1402
9	17	0	0	0	0	69.3785	1403
9	17	0	0	0	0	71.0176	1404
9	17	0	0	0	0	79.7262	1405
9	17	0	0	0	0	89.5335	1406
9	16	0	0	0	0	86.4001	1407
9	17	0	0	0	0	87.6029	1408
9	17	0	0	0	0	92.5794	1409
9	17	0	0	0	0	88.6814	1410
9	17	0	0	0	0	91.8662	1411
9	17	0	0	0	0	89.3323	1412
9	17	0	0	0	0	82.1839	1413
9	17	0	0	0	0	88.666	1414
9	17	0	0	0	0	87.1841	1415
10	18	0	0	0	0	79.1337	1416
10	19	0	0	0	0	90.1408	1417
10	20	0	0	0	0	104.01	1418
10	20	0	0	0	0	104.183	1419
11	20	0	0	0	0	101.431	1420
11	20	0	0	0	0	97.9701	1421
13	20	0	0	0	0	103.166	1422
13	20	0	0	0	0	96.744	1423
13	20	0	0	0	0	105.774	1424
12	20	0	0	0	0	106.576	1425
12	20	0	0	0	0	108.515	1426
11	20	0	0	0	0	111.565	1427
11	20	0	0	0	0	91.3112	1428
11	19	0	0	0	0	76.4274	1429
11	19	0	0	0	0	94.615	1430
11	17	0	0	0	0	92.3858	1431
11	18	0	0	0	0	97.8888	1432
11	18	0	0	0	0	99.8602	1433
11	18	0	0	0	0	100.553	1434
11	18	0	0	0	0	99.0091	1435
11	18	0	0	0	0	91.3568	1436
11	18	0	0	0	0	98.9512	1437
11	18	0	0	0	0	103.864	1438
11	18	0	0	0	0	96.3005	1439
12	18	0	0	0	0	104.302	1440
12	18	0	0	0	0	98.005	1441
12	18	0	0	0	0	95.3145	1442
12	18	0	0	0	0	95.2087	1443
11	18	0	0	0	0	102.064	1444
11	17	0	0	0	0	92.5177	1445
11	17	0	0	0	0	98.3909	1446
11	17	0	0	0	0	85.8478	1447
11	17	0	0	0	0	94.1428	1448
11	17	0	0	0	0	96.9908	1449
11	16	0	0	0	0	89.6544	1450
12	16	0	0	0	0	91.3279	1451
12	16	0	0	0	0	91.1431	1452
12	16	0	0	0	0	90.8016	1453
12	16	0	0	0	0	87.929	1454
12	16	0	0	0	0	94.1487	1455
12	16	0	0	0	0	100.384	1456
13	16	0	0	0	0	94.5386	1457
13	16	0	0	0	0	76.9946	1458
13	15	0	0	0	0	80.8855	1459
14	15	0	0	0	0	100.033	1460
14	14	0	0	0	0	90.5829	1461
14	14	0	0	0	0	91.8471	1462
14	14	0	0	0	0	91.9972	1463
15	14	0	0	0	0	87.8733	1464
15	14	0	0	0	0	96.3661	1465
15	14	0	0	0	0	80.7286	1466
15	14	0	0	0	0	93.4824	1467
16	14	0	0	0	0	95.2043	1468
16	14	0	0	0	0	100.866	1469
16	14	0	0	0	0	102.103	1470
16	14	0	0	0	0	98.5703	1471
16	14	0	0	0	0	101.249	1472
16	14	0	0	0	0	103.026	1473
17	14	0	0	0	0	96.9599	1474
18	14	0	0	0	0	95.0401	1475
18	14	0	0	0	0	107.296	1476
18	12	0	0	0	0	104.071	1477
18	12	0	0	0	0	93.3453	1478
18	10	0	0	0	0	93.7132	1479
17	9	0	0	0	0	88.9265	1480
17	9	0	0	0	0	87.4182	1481
18	9	0	0	0	0	85.4645	1482
17	9	0	0	0	0	90.6479	1483
17	9	0	0	0	0	84.2534	1484
17	9	0	0	0	0	90.0668	1485
18	9	0	0	0	0	83.623	1486
18	9	0	0	0	0	93.4785	1487
18	9	0	0	0	0	91.2202	1488
18	10	0	0	0	0	88.8661	1489
17	9	0	0	0	0	92.1548	1490
17	9	0	0	0	0	87.682	1491
17	9	0	0	0	0	91.6791	1492
17	9	0	0	0	0	79.8542	1493
18	9	0	0	0	0	78.7038	1494
17	8	0	0	0	0	84.5009	1495
17	8	0	0	0	0	81.5697	1496
17	8	0	0	0	0	88.6407	1497
17	8	0	0	0	0	83.6178	1498
17	8	0	0	0	0	75.0231	1499
17	8	0	0	0	0	84.5022	1500
17	8	0	0	0	0	84.5419	1501
17	8	0	0	0	0	80.1464	1502
17	8	0	0	0	0	77.2652	1503
17	8	0	0	0	0	67.7023	1504
17	8	0	0	0	0	90.3737	1505
17	8	0	0	0	0	85.9886	1506
17	7	0	0	0	0	78.3731	1507
17	7	0	0	0	0	85.953	1508
17	7	0	0	0	0	80.6288	1509
17	7	0	0	0	0	83.6379	1510
17	7	0	0	0	0	81.3072	1511
17	7	0	0	0	0	78.8082	1512
17	7	0	0	0	0	82.5136	1513
17	7	0	0	0	0	79.7621	1514
18	7	0	0	0	0	81.2912	1515
18	7	0	0	0	0	92.7056	1516
18	8	0	0	0	0	84.2581	1517
18	8	0	0	0	0	90.5996	1518
18	8	0	0	0	0	82.2404	1519
18	8	0	0	0	0	90.9184	1520
19	8	0	0	0	0	86.4214	1521
19	8	0	0	0	0	97.2111	1522
19	8	0	0	0	0	78.1522	1523
18	8	0	0	0	0	86.7295	1524
18	7	0	0	0	0	88.0717	1525
18	7	0	0	0	0	84.603	1526
18	7	0	0	0	0	90.2613	1527
18	7	0	0	0	0	84.4221	1528
18	7	0	0	0	0	87.7317	1529
18	7	0	0	0	0	81.9082	1530
18	7	0	0	0	0	87.0727	1531
18	7	0	0	0	0	88.1162	1532
18	6	0	0	0	0	79.2878	1533
18	8	0	0	0	0	85.1242	1534
18	8	0	0	0	0	86.4216	1535
18	8	0	0	0	0	93.0158	1536
18	8	0	0	0	0	89.8638	1537
19	8	0	0	0	0	78.6917	1538
19	8	0	0	0	0	85.5639	1539
19	8	0	0	0	0	84.6728	1540
19	8	0	0	0	0	80.5005	1541
19	8	0	0	0	0	73.3255	1542
13	8	0	0	0	0	69.4441	1543
14	7	0	0	0	0	68.8246	1544
14	7	0	0	0	0	68.3468	1545
14	7	0	0	0	0	62.1171	1546
14	7	0	0	0	0	67.3449	1547
14	7	0	0	0	0	71.711	1548
14	7	0	0	0	0	73.6456	1549
14	7	0	0	0	0	71.3958	1550
13	7	0	0	0	0	66.9388	1551
13	7	0	0	0	0	63.2862	1552
13	7	0	0	0	0	60.1862	1553
13	7	0	0	0	0	63.784	1554
15	7	0	0	0	0	67.0988	1555
15	7	0	0	0	0	60.9952	1556
15	7	0	0	0	0	80.0562	1557
15	7	0	0	0	0	72.9123	1558
15	7	0	0	0	0	74.0686	1559
15	7	0	0	0	0	73.4371	1560
15	7	0	0	0	0	71.6346	1561
16	6	0	0	0	0	71.4651	1562
16	6	0	0	0	0	78.0114	1563
17	6	0	0	0	0	65.0974	1564
17	6	0	0	0	0	64.1306	1565
18	4	0	0	0	0	57.3562	1566
18	4	0	0	0	0	64.4486	1567
19	3	0	0	0	0	69.4902	1568
19	3	0	0	0	0	67.3417	1569
19	3	0	0	0	0	62.5344	1570
18	3	0	0	0	0	56.0642	1571
18	3	0	0	0	0	58.475	1572
17	3	0	0	0	0	58.3659	1573
15	3	0	0	0	0	59.1789	1574
15	3	0	0	0	0	58.9236	1575
15	3	0	0	0	0	59.8344	1576
15	3	0	0	0	0	64.7483	1577
16	3	0	0	0	0	62.6799	1578
16	3	0	0	0	0	59.6177	1579
16	3	0	0	0	0	50.9524	1580
16	3	0	0	0	0	66.1084	1581
16	3	0	0	0	0	60.9813	1582
16	2	0	0	0	0	64.256	1583
16	2	0	0	0	0	55.1915	1584
16	2	0	0	0	0	60.8689	1585
15	2	0	0	0	0	51.9367	1586
15	2	0	0	0	0	60.6636	1587
15	2	0	0	0	0	59.1529	1588
15	2	0	0	0	0	55.6868	1589
14	2	0	0	0	0	46.5286	1590
14	2	0	0	0	0	48.8744	1591
14	2	0	0	0	0	50.6343	1592
14	2	0	0	0	0	52.4343	1593
14	2	0	0	0	0	52.6314	1594
14	2	0	0	0	0	48.529	1595
13	2	0	0	0	0	44.3987	1596
13	2	0	0	0	0	43.8263	1597
13	2	0	0	0	0	43.8773	1598
13	2	0	0	0	0	37.2718	1599
13	2	0	0	0	0	45.3654	1600
12	2	0	0	0	0	47.2902	1601
12	3	0	0	0	0	37.59	1602
13	3	0	0	0	0	47.6232	1603
13	3	0	0	0	0	53.4401	1604
13	3	0	0	0	0	56.9437	1605
13	3	0	0	0	0	55.9933	1606
13	3	0	0	0	0	48.9179	1607
13	3	0	0	0	0	46.7208	1608
13	3	0	0	0	0	55.4683	1609
13	3	0	0	0	0	54.3596	1610
13	3	0	0	0	0	54.414	1611
13	3	0	0	0	0	44.9193	1612
13	3	0	0	0	0	34.9638	1613
13	4	0	0	0	0	47.046	1614
13	4	0	0	0	0	47.0033	1615
13	4	0	0	0	0	41.1593	1616
13	4	0	0	0	0	40.3613	1617
11	4	0	0	0	0	44.1821	1618
11	4	0	0	0	0	45.2457	1619
11	4	0	0	0	0	46.3203	1620
11	4	0	0	0	0	40.386	1621
11	4	0	0	0	0	48.2866	1622
10	4	0	0	0	0	48.6439	1623
10	4	0	0	0	0	47.3666	1624
10	4	0	0	0	0	39.9172	1625
10	4	0	0	0	0	40.7428	1626
11	4	0	0	0	0	42.3696	1627
11	4	0	0	0	0	41.7366	1628
11	4	0	0	0	0	49.1405	1629
11	4	0	0	0	0	50.0275	1630
11	4	0	0	0	0	47.7665	1631
12	4	0	0	0	0	40.9411	1632
12	4	0	0	0	0	45.647	1633
12	4	0	0	0	0	46.4622	1634
11	4	0	0	0	0	49.6692	1635
12	4	0	0	0	0	50.0275	1636
12	5	0	0	0	0	48.0868	1637
12	5	0	0	0	0	52.558	1638
12	6	0	0	0	0	49.1711	1639
12	6	0	0	0	0	50.1829	1640
13	6	0	0	0	0	56.2537	1641
13	6	0	0	0	0	63.5493	1642
13	6	0	0	0	0	65.7273	1643
13	6	0	0	0	0	65.502	1644
13	6	0	0	0	0	61.5365	1645
12	6	0	0	0	0	59.0501	1646
12	6	0	0	0	0	64.3307	1647
13	6	0	0	0	0	57.5332	1648
13	6	0	0	0	0	62.1847	1649
14	6	0	0	0	0	64.7082	1650
14	6	0	0	0	0	70.4119	1651
14	6	0	0	0	0	66.6481	1652
15	6	0	0	0	0	66.3944	1653
15	6	0	0	0	0	70.6165	1654
15	6	0	0	0	0	67.7287	1655
15	7	0	0	0	0	68.5108	1656
15	7	0	0	0	0	71.7268	1657
15	7	0	0	0	0	72.9761	1658
15	7	0	0	0	0	76.2551	1659
17	7	0	0	0	0	70.6751	1660
17	7	0	0	0	0	81.7115	1661
17	7	0	0	0	0	74.2186	1662
17	7	0	0	0	0	75.2028	1663
17	7	0	0	0	0	76.9987	1664
16	7	0	0	0	0	76.8129	1665
17	7	0	0	0	0	76.523	1666
17	7	0	0	0	0	74.1959	1667
17	7	0	0	0	0	74.9085	1668
17	6	0	0	0	0	64.865	1669
17	6	0	0	0	0	74.6995	1670
17	7	0	0	0	0	71.0279	1671
17	7	0	0	0	0	80.9971	1672
17	7	0	0	0	0	82.3436	1673
17	7	0	0	0	0	69.9134	1674
16	7	0	0	0	0	70.9632	1675
16	6	0	0	0	0	69.2389	1676
15	6	0	0	0	0	71.797	1677
15	6	0	0	0	0	70.1117	1678
15	6	0	0	0	0	54.6715	1679
15	6	0	0	0	0	67.1599	1680
15	7	0	0	0	0	69.0191	1681
15	7	0	0	0	0	62.1669	1682
16	7	0	0	0	0	64.8255	1683
16	6	0	0	0	0	62.6551	1684
16	6	0	0	0	0	61.262	1685
16	6	0	0	0	0	59.2306	1686
16	6	0	0	0	0	76.0229	1687
16	6	0	0	0	0	65.0201	1688
16	6	0	0	0	0	72.9631	1689
16	6	0	0	0	0	77.989	1690
16	6	0	0	0	0	69.1675	1691
16	6	0	0	0	0	76.4223	1692
16	6	0	0	0	0	72.2871	1693
15	6	0	0	0	0	64.4066	1694
15	7	0	0	0	0	61.5019	1695
15	7	0	0	0	0	79.0249	1696
15	7	0	0	0	0	75.6624	1697
15	7	0	0	0	0	76.132	1698
15	7	0	0	0	0	67.9171	1699
15	7	0	0	0	0	74.1351	1700
15	7	0	0	0	0	75.0286	1701
15	7	0	0	0	0	73.2029	1702
15	7	0	0	0	0	61.8788	1703
14	7	0	0	0	0	58.7927	1704
12	7	0	0	0	0	66.567	1705
12	8	0	0	0	0	60.789	1706
12	8	0	0	0	0	60.585	1707
12	8	0	0	0	0	61.0612	1708
12	8	0	0	0	0	57.9705	1709
13	8	0	0	0	0	67.3115	1710
13	8	0	0	0	0	68.2027	1711
13	8	0	0	0	0	72.0595	1712
13	8	0	0	0	0	69.2987	1713
13	8	0	0	0	0	65.4231	1714
12	8	0	0	0	0	72.4247	1715
12	8	0	0	0	0	68.2412	1716
12	8	0	0	0	0	66.9678	1717
12	8	0	0	0	0	64.3397	1718
12	8	0	0	0	0	65.2973	1719
11	8	0	0	0	0	59.7423	1720
11	8	0	0	0	0	62.9086	1721
11	8	0	0	0	0	62.7383	1722
11	8	0	0	0	0	62.23	1723
11	8	0	0	0	0	66.0236	1724
11	8	0	0	0	0	64.2724	1725
11	8	0	0	0	0	58.4561	1726
11	8	0	0	0	0	63.7064	1727
11	8	0	0	0	0	57.0491	1728
11	9	0	0	0	0	56.698	1729
11	9	0	0	0	0	58.8908	1730
11	9	0	0	0	0	55.2813	1731
10	8	0	0	0	0	61.5939	1732
10	8	0	0	0	0	52.5144	1733
10	7	0	0	0	0	58.9089	1734
10	7	0	0	0	0	57.6554	1735
10	7	0	0	0	0	54.9175	1736
10	7	0	0	0	0	60.2463	1737
10	7	0	0	0	0	55.1504	1738
10	7	0	0	0	0	58.3535	1739
10	7	0	0	0	0	55.1563	1740
10	7	0	0	0	0	61.5111	1741
10	7	0	0	0	0	57.7129	1742
10	7	0	0	0	0	59.7085	1743
10	7	0	0	0	0	51.7981	1744
10	7	0	0	0	0	60.7281	1745
10	7	0	0	0	0	59.3457	1746
10	7	0	0	0	0	50.2365	1747
10	7	0	0	0	0	54.4606	1748
10	7	0	0	0	0	58.8054	1749
10	7	0	0	0	0	55.9988	1750
10	7	0	0	0	0	53.7251	1751
10	6	0	0	0	0	55.1593	1752
10	6	0	0	0	0	52.625	1753
10	6	0	0	0	0	49.8149	1754
10	6	0	0	0	0	52.4692	1755
10	7	0	0	0	0	55.4662	1756
11	7	0	0	0	0	50.3849	1757
11	7	0	0	0	0	48.8933	1758
11	7	0	0	0	0	59.9362	1759
12	7	0	0	0	0	59.3286	1760
14	7	0	0	0	0	56.6087	1761
14	7	0	0	0	0	64.7349	1762
15	7	0	0	0	0	55.921	1763
15	7	0	0	0	0	77.4668	1764
15	7	0	0	0	0	73.599	1765
15	7	0	0	0	0	70.4825	1766
15	8	0	0	0	0	77.2806	1767
15	8	0	0	0	0	83.0419	1768
15	8	0	0	0	0	71.16	1769
16	9	0	0	0	0	83.877	1770
16	9	0	0	0	0	84.1642	1771
16	10	0	0	0	0	86.3302	1772
16	10	0	0	0	0	88.8607	1773
16	10	0	0	0	0	79.1151	1774
16	10	0	0	0	0	80.0112	1775
16	10	0	0	0	0	81.8488	1776
14	10	0	0	0	0	75.5242	1777
14	10	0	0	0	0	75.5807	1778
13	11	0	0	0	0	80.2474	1779
13	11	0	0	0	0	83.0584	1780
13	11	0	0	0	0	77.5469	1781
13	11	0	0	0	0	82.0501	1782
14	11	0	0	0	0	72.9535	1783
14	11	0	0	0	0	74.7903	1784
14	10	0	0	0	0	73.5512	1785
13	10	0	0	0	0	84.0725	1786
14	10	0	0	0	0	78.8602	1787
14	10	0	0	0	0	80.6617	1788
14	10	0	0	0	0	81.5752	1789
15	10	0	0	0	0	81.289	1790
15	10	0	0	0	0	85.1741	1791
15	10	0	0	0	0	75.4862	1792
15	10	0	0	0	0	83.9589	1793
15	10	0	0	0	0	83.4605	1794
15	10	0	0	0	0	84.1601	1795
15	10	0	0	0	0	86.4	1796
15	10	0	0	0	0	87.8351	1797
15	10	0	0	0	0	67.4892	1798
16	10	0	0	0	0	74.4816	1799
15	10	0	0	0	0	61.9412	1800
15	10	0	0	0	0	69.3625	1801
15	10	0	0	0	0	74.9331	1802
14	10	0	0	0	0	74.248	1803
14	10	0	0	0	0	72.7606	1804
14	9	0	0	0	0	74.5837	1805
14	8	0	0	0	0	73.0404	1806
14	7	0	0	0	0	68.2525	1807
15	7	0	0	0	0	70.375	1808
15	7	0	0	0	0	70.5798	1809
14	7	0	0	0	0	72.2506	1810
14	7	0	0	0	0	67.7914	1811
14	7	0	0	0	0	72.8294	1812
14	7	0	0	0	0	72.5361	1813
15	7	0	0	0	0	59.3128	1814
15	7	0	0	0	0	62.8329	1815
13	6	0	0	0	0	60.491	1816
13	6	0	0	0	0	62.7637	1817
13	6	0	0	0	0	55.1208	1818
13	6	0	0	0	0	61.0949	1819
13	6	0	0	0	0	59.7844	1820
14	6	0	0	0	0	62.3499	1821
14	6	0	0	0	0	61.0933	1822
14	6	0	0	0	0	62.5152	1823
13	6	0	0	0	0	61.446	1824
13	6	0	0	0	0	57.7495	1825
13	6	0	0	0	0	61.9466	1826
13	6	0	0	0	0	61.622	1827
13	6	0	0	0	0	66.3177	1828
13	6	0	0	0	0	63.122	1829
13	7	0	0	0	0	60.3332	1830
12	6	0	0	0	0	60.4909	1831
12	7	0	0	0	0	65.2076	1832
12	7	0	0	0	0	61.2169	1833
12	7	0	0	0	0	60.6556	1834
12	7	0	0	0	0	62.6293	1835
12	7	0	0	0	0	60.3002	1836
12	7	0	0	0	0	59.9509	1837
11	7	0	0	0	0	63.805	1838
11	7	0	0	0	0	60.4869	1839
10	7	0	0	0	0	52.807	1840
10	7	0	0	0	0	59.4606	1841
10	7	0	0	0	0	57.8065	1842
10	7	0	0	0	0	56.508	1843
10	7	0	0	0	0	61.3409	1844
10	7	0	0	0	0	55.4154	1845
10	7	0	0	0	0	54.6836	1846
10	7	0	0	0	0	58.2081	1847
10	7	0	0	0	0	61.5111	1848
10	7	0	0	0	0	46.0289	1849
10	7	0	0	0	0	57.9171	1850
10	7	0	0	0	0	58.8216	1851
11	7	0	0	0	0	54.1302	1852
11	7	0	0	0	0	47.5278	1853
11	7	0	0	0	0	61.0075	1854
11	7	0	0	0	0	57.0007	1855
11	7	0	0	0	0	61.188	1856
11	7	0	0	0	0	56.9357	1857
11	7	0	0	0	0	55.671	1858
11	7	0	0	0	0	58.164	1859
10	7	0	0	0	0	51.6156	1860
10	7	0	0	0	0	58.4111	1861
10	7	0	0	0	0	58.0592	1862
10	7	0	0	0	0	56.3434	1863
10	7	0	0	0	0	50.0749	1864
9	7	0	0	0	0	50.7726	1865
9	6	0	0	0	0	50.7823	1866
10	6	0	0	0	0	50.2913	1867
10	6	0	0	0	0	55.1376	1868
10	6	0	0	0	0	51.6686	1869
10	6	0	0	0	0	52.5394	1870
11	6	0	0	0	0	52.5394	1871
11	6	0	0	0	0	49.6722	1872
11	6	0	0	0	0	49.2407	1873
11	6	0	0	0	0	53.1337	1874
11	6	0	0	0	0	54.1763	1875
11	6	0	0	0	0	55.2746	1876
11	6	0	0	0	0	51.053	1877
11	6	0	0	0	0	55.1575	1878
11	6	0	0	0	0	52.5964	1879
12	6	0	0	0	0	49.8939	1880
12	6	0	0	0	0	51.0971	1881
12	7	0	0	0	0	54.812	1882
12	7	0	0	0	0	54.0299	1883
12	7	0	0	0	0	52.6601	1884
12	7	0	0	0	0	53.6301	1885
12	7	0	0	0	0	62.3889	1886
12	7	0	0	0	0	65.2246	1887
12	7	0	0	0	0	62.845	1888
12	7	0	0	0	0	64.7058	1889
12	7	0	0	0	0	61.3392	1890
12	7	0	0	0	0	65.0432	1891
12	7	0	0	0	0	64.8654	1892
12	7	0	0	0	0	57.5609	1893
12	7	0	0	0	0	63.0844	1894
12	7	0	0	0	0	63.4914	1895
12	7	0	0	0	0	60.6015	1896
11	7	0	0	0	0	54.858	1897
10	8	0	0	0	0	47.2315	1898
10	8	0	0	0	0	53.2472	1899
11	8	0	0	0	0	63.411	1900
11	8	0	0	0	0	65.03	1901
11	8	0	0	0	0	61.2201	1902
11	8	0	0	0	0	65.0292	1903
11	8	0	0	0	0	59.5335	1904
11	8	0	0	0	0	57.2858	1905
11	8	0	0	0	0	58.9372	1906
9	8	0	0	0	0	50.3931	1907
9	8	0	0	0	0	51.4961	1908
9	8	0	0	0	0	51.8205	1909
10	8	0	0	0	0	55.2905	1910
10	8	0	0	0	0	54.9033	1911
10	8	0	0	0	0	54.6085	1912
9	9	0	0	0	0	53.6154	1913
8	10	0	0	0	0	60.7035	1914
8	11	0	0	0	0	49.9289	1915
8	11	0	0	0	0	54.1271	1916
8	10	0	0	0	0	54.1635	1917
8	10	0	0	0	0	52.9932	1918
8	10	0	0	0	0	52.31	1919
8	9	0	0	0	0	51.567	1920
8	9	0	0	0	0	57.3616	1921
8	8	0	0	0	0	54.2101	1922
8	8	0	0	0	0	50.8167	1923
8	8	0	0	0	0	53.0183	1924
8	8	0	0	0	0	55.0047	1925
8	8	0	0	0	0	53.4431	1926
7	8	0	0	0	0	51.3678	1927
7	8	0	0	0	0	44.2144	1928
7	7	0	0	0	0	46.6747	1929
7	8	0	0	0	0	43.2439	1930
8	8	0	0	0	0	44.3654	1931
8	8	0	0	0	0	49.0933	1932
8	8	0	0	0	0	53.9961	1933
8	8	0	0	0	0	52.0256	1934
8	8	0	0	0	0	55.2566	1935
8	8	0	0	0	0	47.9841	1936
8	8	0	0	0	0	55.2607	1937
8	8	0	0	0	0	54.3238	1938
9	8	0	0	0	0	53.0416	1939
9	8	0	0	0	0	44.888	1940
9	8	0	0	0	0	52.9987	1941
8	8	0	0	0	0	52.3431	1942
8	8	0	0	0	0	51.9126	1943
8	8	0	0	0	0	55.2566	1944
8	8	0	0	0	0	53.9253	1945
8	8	0	0	0	0	51.7555	1946
8	8	0	0	0	0	54.4631	1947
8	8	0	0	0	0	51.3743	1948
8	8	0	0	0	0	48.7477	1949
8	9	0	0	0	0	51.3743	1950
8	9	0	0	0	0	47.6358	1951
8	9	0	0	0	0	47.3688	1952
8	8	0	0	0	0	50.4381	1953
9	8	0	0	0	0	49.1586	1954
9	7	0	0	0	0	51.0844	1955
9	7	0	0	0	0	46.7568	1956
9	7	0	0	0	0	44.8231	1957
9	7	0	0	0	0	48.4872	1958
9	7	0	0	0	0	46.011	1959
9	7	0	0	0	0	54.3906	1960
9	7	0	0	0	0	42.0707	1961
8	7	0	0	0	0	48.6302	1962
8	7	0	0	0	0	53.3711	1963
8	7	0	0	0	0	50.2163	1964
8	7	0	0	0	0	50.1776	1965
8	7	0	0	0	0	47.4626	1966
8	6	0	0	0	0	47.4897	1967
8	6	0	0	0	0	44.5596	1968
8	6	0	0	0	0	40.4449	1969
8	6	0	0	0	0	47.2488	1970
8	6	0	0	0	0	49.2765	1971
8	6	0	0	0	0	45.9655	1972
8	6	0	0	0	0	49.3093	1973
8	6	0	0	0	0	42.8736	1974
8	6	0	0	0	0	35.9728	1975
8	6	0	0	0	0	45.7953	1976
8	7	0	0	0	0	47.644	1977
8	7	0	0	0	0	49.6624	1978
9	7	0	0	0	0	43.081	1979
9	7	0	0	0	0	54.9454	1980
9	7	0	0	0	0	49.0256	1981
9	8	0	0	0	0	46.5256	1982
9	8	0	0	0	0	51.3764	1983
9	8	0	0	0	0	49.6757	1984
10	8	0	0	0	0	55.0142	1985
10	8	0	0	0	0	58.1369	1986
10	8	0	0	0	0	62.3098	1987
11	8	0	0	0	0	62.7407	1988
11	8	0	0	0	0	47.3037	1989
11	8	0	0	0	0	66.1139	1990
11	8	0	0	0	0	68.6761	1991
11	8	0	0	0	0	60.0307	1992
11	8	0	0	0	0	67.6188	1993
11	8	0	0	0	0	66.1996	1994
11	8	0	0	0	0	68.163	1995
11	8	0	0	0	0	41.1615	1996
11	8	0	0	0	0	41.0091	1997
11	8	0	0	0	0	44.6085	1998
10	8	0	0	0	0	42.8366	1999
10	8	0	0	0	0	39.0467	2000
9	8	0	0	0	0	43.2402	2001
6	8	0	0	0	0	42.894	2002
6	8	0	0	0	0	37.9038	2003
6	8	0	0	0	0	38.3309	2004
6	8	0	0	0	0	43.4814	2005
6	8	0	0	0	0	43.7324	2006
7	8	0	0	0	0	42.2283	2007
7	8	0	0	0	0	52.455	2008
7	8	0	0	0	0	51.0844	2009
7	8	0	0	0	0	42.5296	2010
7	8	0	0	0	0	50.4211	2011
7	8	0	0	0	0	47.9608	2012
7	8	0	0	0	0	49.72	2013
7	8	0	0	0	0	46.3211	2014
7	8	0	0	0	0	51.1017	2015
7	8	0	0	0	0	45.4078	2016
6	8	0	0	0	0	43.2746	2017
6	8	0	0	0	0	48.6285	2018
6	8	0	0	0	0	47.4235	2019
6	8	0	0	0	0	39.372	2020
6	8	0	0	0	0	44.5913	2021
6	8	0	0	0	0	45.6049	2022
6	8	0	0	0	0	42.7	2023
6	8	0	0	0	0	39.3038	2024
6	8	0	0	0	0	39.7105	2025
6	8	0	0	0	0	44.2982	2026
6	8	0	0	0	0	47.256	2027
6	8	0	0	0	0	44.8322	2028
6	8	0	0	0	0	36.503	2029
5	8	0	0	0	0	39.7536	2030
5	9	0	0	0	0	38.7267	2031
5	8	0	0	0	0	43.6016	2032
5	8	0	0	0	0	36.6402	2033
5	7	0	0	0	0	35.8521	2034
5	7	0	0	0	0	34.6115	2035
5	7	0	0	0	0	39.9138	2036
5	7	0	0	0	0	41.2587	2037
5	7	0	0	0	0	38.9087	2038
5	7	0	0	0	0	34.5208	2039
4	7	0	0	0	0	33.7935	2040
4	7	0	0	0	0	33.8547	2041
4	7	0	0	0	0	35.8176	2042
4	7	0	0	0	0	36.002	2043
4	7	0	0	0	0	34.5675	2044
4	8	0	0	0	0	35.7837	2045
4	9	0	0	0	0	37.3605	2046
4	9	0	0	0	0	35.5079	2047
4	9	0	0	0	0	42.3437	2048
4	10	0	0	0	0	39.1816	2049
4	10	0	0	0	0	41.797	2050
4	10	0	0	0	0	48.6595	2051
4	10	0	0	0	0	42.6338	2052
4	10	0	0	0	0	44.472	2053
4	10	0	0	0	0	47.4027	2054
4	10	0	0	0	0	44.472	2055
4	10	0	0	0	0	46.3324	2056
4	10	0	0	0	0	42.8689	2057
4	10	0	0	0	0	30.914	2058
4	10	0	0	0	0	48.5849	2059
4	10	0	0	0	0	47.0144	2060
4	11	0	0	0	0	47.1584	2061
4	11	0	0	0	0	44.2224	2062
4	11	0	0	0	0	45.647	2063
4	11	0	0	0	0	47.5495	2064
4	11	0	0	0	0	49.8954	2065
4	11	0	0	0	0	51.4736	2066
4	11	0	0	0	0	41.8961	2067
4	11	0	0	0	0	47.2385	2068
4	11	0	0	0	0	49.932	2069
4	12	0	0	0	0	44.9565	2070
4	12	0	0	0	0	47.0584	2071
4	12	0	0	0	0	48.0868	2072
4	12	0	0	0	0	51.9265	2073
5	12	0	0	0	0	53.5427	2074
5	12	0	0	0	0	55.8973	2075
5	12	0	0	0	0	50.3146	2076
4	12	0	0	0	0	54.7262	2077
4	12	0	0	0	0	48.3112	2078
4	12	0	0	0	0	45.24	2079
4	11	0	0	0	0	48.3366	2080
4	11	0	0	0	0	51.2596	2081
4	11	0	0	0	0	45.8743	2082
4	11	0	0	0	0	44.0475	2083
4	10	0	0	0	0	39.1517	2084
4	11	0	0	0	0	39.193	2085
4	11	0	0	0	0	29.7255	2086
4	11	0	0	0	0	33.5724	2087
4	11	0	0	0	0	32.8143	2088
3	11	0	0	0	0	32.4213	2089
3	11	0	0	0	0	32.5612	2090
3	11	0	0	0	0	23.693	2091
3	10	0	0	0	0	33.425	2092
4	10	0	0	0	0	45.0395	2093
4	11	0	0	0	0	49.0013	2094
4	12	0	0	0	0	45.8679	2095
4	12	0	0	0	0	54.7262	2096
4	12	0	0	0	0	46.9661	2097
4	12	0	0	0	0	55.1152	2098
6	12	0	0	0	0	53.412	2099
6	12	0	0	0	0	51.8976	2100
6	12	0	0	0	0	50.9295	2101
6	12	0	0	0	0	55.4334	2102
6	12	0	0	0	0	46.7563	2103
6	12	0	0	0	0	58.8642	2104
6	12	0	0	0	0	60.0146	2105
6	12	0	0	0	0	60.8699	2106
6	12	0	0	0	0	58.3902	2107
6	12	0	0	0	0	61.4814	2108
7	12	0	0	0	0	52.169	2109
7	12	0	0	0	0	62.3252	2110
7	12	0	0	0	0	62.0341	2111
7	12	0	0	0	0	62.9163	2112
7	12	0	0	0	0	68.2054	2113
7	12	0	0	0	0	67.4649	2114
7	12	0	0	0	0	62.0579	2115
7	12	0	0	0	0	65.0459	2116
7	13	0	0	0	0	66.0287	2117
7	13	0	0	0	0	63.8571	2118
7	13	0	0	0	0	61.4596	2119
7	13	0	0	0	0	66.3056	2120
8	13	0	0	0	0	69.4867	2121
8	13	0	0	0	0	76.0761	2122
8	13	0	0	0	0	73.2072	2123
8	13	0	0	0	0	72.0453	2124
8	13	0	0	0	0	64.998	2125
8	14	0	0	0	0	74.1367	2126
8	15	0	0	0	0	77.473	2127
8	15	0	0	0	0	63.493	2128
8	15	0	0	0	0	77.3431	2129
8	15	0	0	0	0	80.0201	2130
8	15	0	0	0	0	74.4411	2131
8	13	0	0	0	0	70.9051	2132
8	13	0	0	0	0	72.0679	2133
8	13	0	0	0	0	67.9291	2134
8	13	0	0	0	0	77.1418	2135
8	13	0	0	0	0	65.6782	2136
8	13	0	0	0	0	65.2854	2137
8	13	0	0	0	0	66.351	2138
8	13	0	0	0	0	71.2467	2139
8	13	0	0	0	0	69.5853	2140
8	13	0	0	0	0	70.9001	2141
8	13	0	0	0	0	71.209	2142
8	13	0	0	0	0	68.7624	2143
8	13	0	0	0	0	67.463	2144
8	13	0	0	0	0	59.5467	2145
8	13	0	0	0	0	72.3198	2146
8	14	0	0	0	0	54.6621	2147
8	14	0	0	0	0	70.2848	2148
8	14	0	0	0	0	65.0164	2149
8	14	0	0	0	0	71.3667	2150
8	14	0	0	0	0	64.6245	2151
8	14	0	0	0	0	73.9009	2152
8	14	0	0	0	0	73.0052	2153
8	14	0	0	0	0	77.9768	2154
8	14	0	0	0	0	77.1519	2155
8	16	0	0	0	0	71.1434	2156
7	16	0	0	0	0	65.877	2157
7	16	0	0	0	0	74.4274	2158
7	17	0	0	0	0	78.5169	2159
7	17	0	0	0	0	77.9921	2160
7	17	0	0	0	0	85.2628	2161
7	17	0	0	0	0	84.7531	2162
7	17	0	0	0	0	78.0492	2163
7	17	0	0	0	0	74.5357	2164
7	18	0	0	0	0	85.306	2165
7	18	0	0	0	0	87.8429	2166
7	18	0	0	0	0	82.6975	2167
7	18	0	0	0	0	88.3679	2168
7	18	0	0	0	0	89.8887	2169
7	18	0	0	0	0	79.1313	2170
7	18	0	0	0	0	85.5867	2171
7	18	0	0	0	0	87.7208	2172
7	18	0	0	0	0	84.5464	2173
7	18	0	0	0	0	85.9695	2174
6	18	0	0	0	0	86.0299	2175
6	18	0	0	0	0	84.5734	2176
6	18	0	0	0	0	85.0055	2177
6	18	0	0	0	0	85.0621	2178
6	18	0	0	0	0	85.6177	2179
6	18	0	0	0	0	78.161	2180
6	17	0	0	0	0	75.7408	2181
6	17	0	0	0	0	74.5415	2182
6	17	0	0	0	0	73.4367	2183
6	17	0	0	0	0	80.1691	2184
7	17	0	0	0	0	64.2936	2185
7	16	0	0	0	0	80.6867	2186
7	16	0	0	0	0	74.6431	2187
7	16	0	0	0	0	82.5129	2188
7	16	0	0	0	0	66.3999	2189
7	16	0	0	0	0	72.5206	2190
8	17	0	0	0	0	80.247	2191
8	17	0	0	0	0	74.3583	2192
8	14	0	0	0	0	71.747	2193
8	14	0	0	0	0	75.0666	2194
8	15	0	0	0	0	78.3501	2195
8	15	0	0	0	0	80.7609	2196
8	15	0	0	0	0	77.6856	2197
8	15	0	0	0	0	80.6002	2198
8	16	0	0	0	0	79.7036	2199
8	16	0	0	0	0	79.6763	2200
8	16	0	0	0	0	84.669	2201
7	16	0	0	0	0	80.0492	2202
7	16	0	0	0	0	82.2081	2203
7	16	0	0	0	0	73.0258	2204
7	16	0	0	0	0	72.7325	2205
7	17	0	0	0	0	81.444	2206
7	17	0	0	0	0	74.3032	2207
7	17	0	0	0	0	76.2137	2208
7	17	0	0	0	0	77.9075	2209
7	17	0	0	0	0	79.527	2210
7	16	0	0	0	0	79.5765	2211
7	16	0	0	0	0	81.3343	2212
7	16	0	0	0	0	76.9977	2213
7	15	0	0	0	0	76.8995	2214
7	14	0	0	0	0	57.503	2215
7	14	0	0	0	0	63.4478	2216
7	14	0	0	0	0	66.798	2217
7	14	0	0	0	0	66.0577	2218
7	14	0	0	0	0	67.893	2219
7	13	0	0	0	0	73.5018	2220
7	13	0	0	0	0	59.2865	2221
7	13	0	0	0	0	63.5416	2222
8	13	0	0	0	0	60.4366	2223
7	13	0	0	0	0	66.5506	2224
7	13	0	0	0	0	66.6476	2225
7	13	0	0	0	0	68.5724	2226
7	13	0	0	0	0	69.2223	2227
7	13	0	0	0	0	65.9934	2228
7	13	0	0	0	0	67.7988	2229
7	13	0	0	0	0	64.5746	2230
7	13	0	0	0	0	68.7844	2231
7	13	0	0	0	0	60.8017	2232
7	13	0	0	0	0	64.3083	2233
8	15	0	0	0	0	58.8967	2234
8	14	0	0	0	0	60.2554	2235
8	14	0	0	0	0	63.9042	2236
8	13	0	0	0	0	64.1326	2237
8	13	0	0	0	0	59.5417	2238
8	13	0	0	0	0	66.2573	2239
9	17	0	0	0	0	69.6853	2240
9	17	0	0	0	0	90.1554	2241
9	17	0	0	0	0	80.2286	2242
8	17	0	0	0	0	81.9435	2243
8	17	0	0	0	0	71.1733	2244
8	16	0	0	0	0	76.1275	2245
8	16	0	0	0	0	85.694	2246
8	16	0	0	0	0	83.3325	2247
8	17	0	0	0	0	70.3462	2248
5	17	0	0	0	0	72.1977	2249
5	16	0	0	0	0	74.3792	2250
5	16	0	0	0	0	70.7184	2251
5	16	0	0	0	0	74.0772	2252
5	16	0	0	0	0	72.0981	2253
5	16	0	0	0	0	76.5169	2254
5	16	0	0	0	0	76.2674	2255
5	16	0	0	0	0	71.2891	2256
5	16	0	0	0	0	74.2241	2257
5	16	0	0	0	0	70.0802	2258
5	16	0	0	0	0	70.1377	2259
5	17	0	0	0	0	77.5272	2260
5	17	0	0	0	0	77.3121	2261
6	17	0	0	0	0	77.4094	2262
6	17	0	0	0	0	78.4562	2263
6	17	0	0	0	0	78.0371	2264
6	17	0	0	0	0	80.7085	2265
6	17	0	0	0	0	68.0212	2266
6	17	0	0	0	0	68.306	2267
7	16	0	0	0	0	72.3835	2268
7	16	0	0	0	0	69.8045	2269
7	15	0	0	0	0	75.0309	2270
7	14	0	0	0	0	67.9873	2271
7	14	0	0	0	0	70.5885	2272
6	14	0	0	0	0	70.0547	2273
6	14	0	0	0	0	67.3753	2274
6	14	0	0	0	0	61.5253	2275
6	14	0	0	0	0	64.6851	2276
6	14	0	0	0	0	61.4377	2277
6	14	0	0	0	0	72.7909	2278
6	14	0	0	0	0	67.658	2279
6	14	0	0	0	0	70.2696	2280
6	14	0	0	0	0	69.5921	2281
6	14	0	0	0	0	64.7115	2282
6	13	0	0	0	0	65.0329	2283
6	14	0	0	0	0	64.7659	2284
6	14	0	0	0	0	70.6344	2285
7	14	0	0	0	0	72.8489	2286
7	14	0	0	0	0	69.5534	2287
7	14	0	0	0	0	73.6431	2288
7	14	0	0	0	0	71.455	2289
7	14	0	0	0	0	73.0025	2290
7	14	0	0	0	0	73.1036	2291
7	14	0	0	0	0	73.4347	2292
7	14	0	0	0	0	73.734	2293
7	14	0	0	0	0	70.2481	2294
7	14	0	0	0	0	68.7137	2295
7	15	0	0	0	0	68.4929	2296
7	14	0	0	0	0	71.9092	2297
7	14	0	0	0	0	71.0093	2298
7	14	0	0	0	0	72.1312	2299
7	14	0	0	0	0	74.4949	2300
7	14	0	0	0	0	65.5171	2301
7	14	0	0	0	0	72.984	2302
7	14	0	0	0	0	68.5354	2303
7	14	0	0	0	0	77.185	2304
7	14	0	0	0	0	68.7844	2305
7	13	0	0	0	0	61.8699	2306
7	14	0	0	0	0	69.2134	2307
7	15	0	0	0	0	74.685	2308
7	15	0	0	0	0	79.3048	2309
7	15	0	0	0	0	75.1291	2310
7	15	0	0	0	0	76.9063	2311
7	15	0	0	0	0	77.885	2312
7	18	0	0	0	0	76.9218	2313
7	18	0	0	0	0	81.1416	2314
7	17	0	0	0	0	83.9643	2315
7	17	0	0	0	0	83.3916	2316
7	17	0	0	0	0	87.3388	2317
7	17	0	0	0	0	80.8965	2318
7	17	0	0	0	0	88.0465	2319
7	17	0	0	0	0	88.3865	2320
7	17	0	0	0	0	81.2411	2321
7	17	0	0	0	0	83.2367	2322
7	17	0	0	0	0	81.1092	2323
7	17	0	0	0	0	89.0134	2324
7	17	0	0	0	0	85.847	2325
7	17	0	0	0	0	80.7225	2326
7	17	0	0	0	0	79.9725	2327
9	18	0	0	0	0	88.8303	2328
9	18	0	0	0	0	92.8392	2329
9	18	0	0	0	0	97.2276	2330
9	18	0	0	0	0	88.0115	2331
9	18	0	0	0	0	91.1896	2332
8	18	0	0	0	0	91.2515	2333
8	18	0	0	0	0	85.365	2334
7	18	0	0	0	0	86.4402	2335
7	19	0	0	0	0	90.2741	2336
7	19	0	0	0	0	82.4871	2337
7	19	0	0	0	0	73.8954	2338
7	19	0	0	0	0	81.1748	2339
7	19	0	0	0	0	90.2218	2340
7	18	0	0	0	0	87.7785	2341
7	18	0	0	0	0	89.3996	2342
7	19	0	0	0	0	87.0821	2343
7	19	0	0	0	0	85.0168	2344
7	20	0	0	0	0	88.0372	2345
7	20	0	0	0	0	83.925	2346
7	20	0	0	0	0	90.4631	2347
7	20	0	0	0	0	88.2314	2348
7	20	0	0	0	0	93.4401	2349
7	20	0	0	0	0	95.7214	2350
7	20	0	0	0	0	95.7505	2351
7	20	0	0	0	0	94.9733	2352
7	20	0	0	0	0	93.4847	2353
7	20	0	0	0	0	93.0971	2354
7	20	0	0	0	0	90.1033	2355
7	20	0	0	0	0	87.2154	2356
7	21	0	0	0	0	91.9179	2357
7	21	0	0	0	0	93.9882	2358
7	21	0	0	0	0	95.4555	2359
7	21	0	0	0	0	87.1037	2360
7	22	0	0	0	0	90.6355	2361
7	21	0	0	0	0	81.2941	2362
7	21	0	0	0	0	96.2923	2363
7	21	0	0	0	0	87.7173	2364
7	21	0	0	0	0	96.083	2365
6	21	0	0	0	0	86.8849	2366
6	21	0	0	0	0	84.9142	2367
6	22	0	0	0	0	94.9268	2368
6	21	0	0	0	0	85.0223	2369
7	21	0	0	0	0	92.5917	2370
7	21	0	0	0	0	103.905	2371
7	21	0	0	0	0	92.6021	2372
7	21	0	0	0	0	95.8804	2373
7	21	0	0	0	0	93.7348	2374
8	21	0	0	0	0	104.573	2375
9	22	0	0	0	0	98.9676	2376
9	22	0	0	0	0	100.494	2377
10	22	0	0	0	0	106.429	2378
10	23	0	0	0	0	100.873	2379
10	23	0	0	0	0	107.652	2380
10	23	0	0	0	0	95.9923	2381
10	23	0	0	0	0	102.004	2382
10	23	0	0	0	0	101.127	2383
9	21	0	0	0	0	97.4782	2384
9	22	0	0	0	0	95.0208	2385
9	22	0	0	0	0	102.904	2386
9	22	0	0	0	0	108.781	2387
9	22	0	0	0	0	92.9344	2388
8	22	0	0	0	0	88.1356	2389
8	18	0	0	0	0	91.7174	2390
8	18	0	0	0	0	92.7339	2391
8	18	0	0	0	0	90.1697	2392
8	18	0	0	0	0	78.6414	2393
8	19	0	0	0	0	86.5113	2394
8	20	0	0	0	0	93.4582	2395
8	20	0	0	0	0	80.0883	2396
8	20	0	0	0	0	85.8311	2397
7	19	0	0	0	0	92.1014	2398
7	19	0	0	0	0	96.2738	2399
7	19	0	0	0	0	87.8513	2400
7	19	0	0	0	0	92.0614	2401
7	19	0	0	0	0	85.3153	2402
7	18	0	0	0	0	85.0555	2403
7	18	0	0	0	0	84.4225	2404
7	18	0	0	0	0	81.8681	2405
7	18	0	0	0	0	84.8851	2406
7	18	0	0	0	0	89.1535	2407
7	17	0	0	0	0	67.3049	2408
7	17	0	0	0	0	78.7918	2409
7	17	0	0	0	0	87.5506	2410
7	17	0	0	0	0	81.0265	2411
7	16	0	0	0	0	73.0088	2412
7	16	0	0	0	0	76.9111	2413
7	16	0	0	0	0	78.3856	2414
7	16	0	0	0	0	78.7495	2415
7	16	0	0	0	0	77.3147	2416
7	16	0	0	0	0	76.2785	2417
7	16	0	0	0	0	67.21	2418
7	15	0	0	0	0	66.9085	2419
7	15	0	0	0	0	60.5656	2420
8	14	0	0	0	0	72.7333	2421
8	14	0	0	0	0	66.276	2422
8	14	0	0	0	0	72.9208	2423
8	13	0	0	0	0	67.5409	2424
8	13	0	0	0	0	67.2948	2425
8	12	0	0	0	0	65.4815	2426
8	12	0	0	0	0	69.9145	2427
8	12	0	0	0	0	70.7708	2428
8	12	0	0	0	0	68.5382	2429
8	12	0	0	0	0	68.862	2430
9	12	0	0	0	0	59.9778	2431
9	11	0	0	0	0	61.5145	2432
9	11	0	0	0	0	51.4913	2433
10	11	0	0	0	0	68.1566	2434
10	10	0	0	0	0	66.7437	2435
10	11	0	0	0	0	68.2888	2436
10	11	0	0	0	0	72.8488	2437
10	11	0	0	0	0	57.1404	2438
10	11	0	0	0	0	72.799	2439
11	11	0	0	0	0	66.6353	2440
11	11	0	0	0	0	67.4393	2441
11	12	0	0	0	0	71.6355	2442
11	12	0	0	0	0	64.2774	2443
11	13	0	0	0	0	73.6405	2444
11	12	0	0	0	0	73.2237	2445
11	10	0	0	0	0	71.03	2446
11	11	0	0	0	0	69.7744	2447
11	11	0	0	0	0	79.4261	2448
11	11	0	0	0	0	70.9336	2449
11	11	0	0	0	0	71.0517	2450
11	11	0	0	0	0	69.4497	2451
11	11	0	0	0	0	78.6543	2452
11	11	0	0	0	0	71.4862	2453
11	11	0	0	0	0	70.8623	2454
11	11	0	0	0	0	68.4659	2455
10	11	0	0	0	0	72.3594	2456
10	11	0	0	0	0	68.8904	2457
10	10	0	0	0	0	59.7358	2458
10	10	0	0	0	0	66.1209	2459
10	10	0	0	0	0	66.9219	2460
10	10	0	0	0	0	72.4028	2461
10	10	0	0	0	0	66.7609	2462
10	10	0	0	0	0	69.3019	2463
10	9	0	0	0	0	65.4613	2464
10	9	0	0	0	0	66.762	2465
10	9	0	0	0	0	63.4375	2466
10	9	0	0	0	0	68.9466	2467
10	9	0	0	0	0	62.3488	2468
10	10	0	0	0	0	56.8208	2469
10	10	0	0	0	0	62.9924	2470
9	10	0	0	0	0	57.3126	2471
9	10	0	0	0	0	58.1873	2472
9	10	0	0	0	0	60.0713	2473
9	11	0	0	0	0	58.7234	2474
9	10	0	0	0	0	59.6573	2475
10	10	0	0	0	0	50.9285	2476
10	10	0	0	0	0	61.4382	2477
9	10	0	0	0	0	58.6248	2478
9	10	0	0	0	0	61.1348	2479
9	10	0	0	0	0	43.1669	2480
9	10	0	0	0	0	62.5084	2481
9	10	0	0	0	0	67.0501	2482
10	10	0	0	0	0	66.7594	2483
10	10	0	0	0	0	58.1797	2484
10	10	0	0	0	0	60.8606	2485
9	10	0	0	0	0	66.0259	2486
10	10	0	0	0	0	62.6667	2487
10	10	0	0	0	0	55.7643	2488
10	10	0	0	0	0	70.7752	2489
10	10	0	0	0	0	70.1449	2490
10	10	0	0	0	0	66.2711	2491
11	10	0	0	0	0	60.7917	2492
11	10	0	0	0	0	72.0841	2493
12	10	0	0	0	0	69.4108	2494
12	10	0	0	0	0	68.5073	2495
12	10	0	0	0	0	72.1306	2496
12	9	0	0	0	0	70.5224	2497
12	9	0	0	0	0	67.6926	2498
12	9	0	0	0	0	73.583	2499
12	9	0	0	0	0	67.4241	2500
12	9	0	0	0	0	71.175	2501
12	9	0	0	0	0	72.2969	2502
12	9	0	0	0	0	70.2292	2503
13	8	0	0	0	0	61.5687	2504
13	8	0	0	0	0	67.8243	2505
13	8	0	0	0	0	69.1459	2506
13	8	0	0	0	0	71.7172	2507
13	8	0	0	0	0	74.295	2508
13	8	0	0	0	0	72.0679	2509
13	8	0	0	0	0	69.8842	2510
13	9	0	0	0	0	72.9806	2511
13	9	0	0	0	0	75.9097	2512
13	9	0	0	0	0	75.382	2513
13	10	0	0	0	0	70.6167	2514
13	9	0	0	0	0	75.781	2515
13	9	0	0	0	0	69.2777	2516
14	9	0	0	0	0	68.801	2517
14	8	0	0	0	0	76.144	2518
16	8	0	0	0	0	66.9995	2519
15	8	0	0	0	0	68.6755	2520
16	8	0	0	0	0	70.4176	2521
16	8	0	0	0	0	68.8929	2522
16	8	0	0	0	0	66.4952	2523
16	8	0	0	0	0	73.1927	2524
15	8	0	0	0	0	74.0652	2525
16	8	0	0	0	0	75.3498	2526
16	8	0	0	0	0	74.8771	2527
16	8	0	0	0	0	60.0772	2528
16	8	0	0	0	0	72.764	2529
16	8	0	0	0	0	85.8701	2530
16	8	0	0	0	0	83.421	2531
16	8	0	0	0	0	79.3771	2532
16	8	0	0	0	0	83.2069	2533
16	8	0	0	0	0	77.6139	2534
16	7	0	0	0	0	61.2128	2535
16	7	0	0	0	0	69.9454	2536
16	7	0	0	0	0	71.2309	2537
14	7	0	0	0	0	69.1419	2538
14	7	0	0	0	0	73.353	2539
14	7	0	0	0	0	63.1436	2540
14	8	0	0	0	0	72.7719	2541
14	8	0	0	0	0	76.6024	2542
14	8	0	0	0	0	72.0062	2543
15	8	0	0	0	0	75.6965	2544
15	9	0	0	0	0	81.9122	2545
16	9	0	0	0	0	84.3039	2546
16	9	0	0	0	0	75.9476	2547
16	9	0	0	0	0	80.7466	2548
16	9	0	0	0	0	86.4087	2549
16	9	0	0	0	0	84.6884	2550
17	9	0	0	0	0	78.9111	2551
17	9	0	0	0	0	92.8462	2552
17	9	0	0	0	0	86.1235	2553
18	8	0	0	0	0	82.8956	2554
17	8	0	0	0	0	83.3982	2555
17	8	0	0	0	0	83.1225	2556
17	8	0	0	0	0	82.9478	2557
17	8	0	0	0	0	82.067	2558
17	8	0	0	0	0	86.5359	2559
17	8	0	0	0	0	83.9158	2560
17	8	0	0	0	0	84.8697	2561
16	8	0	0	0	0	73.6629	2562
15	8	0	0	0	0	78.4105	2563
15	8	0	0	0	0	80.1318	2564
15	8	0	0	0	0	75.4389	2565
15	8	0	0	0	0	68.0833	2566
15	9	0	0	0	0	71.3678	2567
15	12	0	0	0	0	78.9555	2568
14	12	0	0	0	0	69.6959	2569
15	12	0	0	0	0	76.3121	2570
15	12	0	0	0	0	74.8192	2571
15	11	0	0	0	0	74.9569	2572
13	11	0	0	0	0	72.8152	2573
13	11	0	0	0	0	80.9114	2574
13	11	0	0	0	0	72.2119	2575
13	11	0	0	0	0	72.44	2576
13	11	0	0	0	0	74.7364	2577
12	10	0	0	0	0	65.1746	2578
12	10	0	0	0	0	63.0345	2579
12	10	0	0	0	0	77.4386	2580
12	10	0	0	0	0	71.2253	2581
12	10	0	0	0	0	71.8621	2582
14	10	0	0	0	0	71.7932	2583
14	10	0	0	0	0	63.8766	2584
14	9	0	0	0	0	76.8017	2585
15	9	0	0	0	0	69.6315	2586
18	9	0	0	0	0	71.5307	2587
18	10	0	0	0	0	75.1964	2588
18	10	0	0	0	0	81.1899	2589
18	10	0	0	0	0	87.2821	2590
18	10	0	0	0	0	94.2539	2591
18	10	0	0	0	0	89.9579	2592
18	10	0	0	0	0	88.9043	2593
18	9	0	0	0	0	89.866	2594
18	9	0	0	0	0	90.7407	2595
17	9	0	0	0	0	86.8236	2596
17	9	0	0	0	0	81.2482	2597
17	9	0	0	0	0	88.6452	2598
17	9	0	0	0	0	94.6646	2599
17	9	0	0	0	0	96.53	2600
17	9	0	0	0	0	88.2094	2601
17	9	0	0	0	0	85.7549	2602
17	9	0	0	0	0	94.1068	2603
17	9	0	0	0	0	94.709	2604
17	9	0	0	0	0	73.7453	2605
17	9	0	0	0	0	92.4811	2606
17	9	0	0	0	0	91.2296	2607
17	9	0	0	0	0	91.5947	2608
17	9	0	0	0	0	82.4717	2609
17	8	0	0	0	0	81.9441	2610
18	8	0	0	0	0	86.0011	2611
18	8	0	0	0	0	79.4578	2612
19	7	0	0	0	0	80.5707	2613
21	7	0	0	0	0	96.0515	2614
21	7	0	0	0	0	88.8397	2615
21	7	0	0	0	0	102.125	2616
21	7	0	0	0	0	100.842	2617
21	7	0	0	0	0	92.4012	2618
22	7	0	0	0	0	93.0114	2619
22	7	0	0	0	0	94.7379	2620
22	8	0	0	0	0	100.013	2621
23	8	0	0	0	0	91.0438	2622
23	8	0	0	0	0	106.836	2623
23	8	0	0	0	0	105.262	2624
23	8	0	0	0	0	100.545	2625
23	7	0	0	0	0	100.75	2626
23	7	0	0	0	0	99.3804	2627
23	7	0	0	0	0	101.097	2628
23	8	0	0	0	0	105.834	2629
23	7	0	0	0	0	106.999	2630
23	7	0	0	0	0	99.3804	2631
23	7	0	0	0	0	103.79	2632
23	7	0	0	0	0	112.466	2633
23	7	0	0	0	0	102.826	2634
23	7	0	0	0	0	107.86	2635
23	7	0	0	0	0	106.186	2636
23	8	0	0	0	0	98.151	2637
23	8	0	0	0	0	98.391	2638
23	8	0	0	0	0	106.62	2639
23	8	0	0	0	0	104.646	2640
23	8	0	0	0	0	103.888	2641
22	8	0	0	0	0	101.407	2642
22	8	0	0	0	0	108.04	2643
22	8	0	0	0	0	111.799	2644
22	8	0	0	0	0	111.369	2645
22	8	0	0	0	0	112.744	2646
22	8	0	0	0	0	101.682	2647
22	8	0	0	0	0	109.063	2648
22	8	0	0	0	0	109.037	2649
22	8	0	0	0	0	104.379	2650
22	8	0	0	0	0	105.36	2651
22	8	0	0	0	0	99.8378	2652
22	8	0	0	0	0	109.317	2653
21	8	0	0	0	0	100.853	2654
21	8	0	0	0	0	95.8102	2655
21	8	0	0	0	0	95.7608	2656
21	8	0	0	0	0	104.035	2657
21	8	0	0	0	0	102.926	2658
21	8	0	0	0	0	100.831	2659
21	8	0	0	0	0	103.505	2660
21	8	0	0	0	0	103.955	2661
22	8	0	0	0	0	102.515	2662
22	9	0	0	0	0	92.1705	2663
22	9	0	0	0	0	99.443	2664
22	9	0	0	0	0	104.772	2665
21	9	0	0	0	0	93.0003	2666
21	9	0	0	0	0	101.206	2667
21	9	0	0	0	0	102.31	2668
20	9	0	0	0	0	87.7486	2669
20	12	0	0	0	0	85.9283	2670
20	12	0	0	0	0	86.5698	2671
20	15	0	0	0	0	79.1958	2672
19	15	0	0	0	0	89.1167	2673
19	15	0	0	0	0	88.0905	2674
19	16	0	0	0	0	82.2856	2675
18	16	0	0	0	0	84.0517	2676
18	16	0	0	0	0	85.43	2677
18	16	0	0	0	0	79.8513	2678
16	16	0	0	0	0	99.1246	2679
16	16	0	0	0	0	116.323	2680
15	16	0	0	0	0	111.398	2681
15	16	0	0	0	0	107.046	2682
15	16	0	0	0	0	117.137	2683
15	16	0	0	0	0	85.8991	2684
15	16	0	0	0	0	91.3169	2685
15	15	0	0	0	0	95.9885	2686
14	15	0	0	0	0	92.2058	2687
13	15	0	0	0	0	87.5873	2688
12	15	0	0	0	0	91.1287	2689
12	15	0	0	0	0	97.5498	2690
12	15	0	0	0	0	96.9555	2691
11	15	0	0	0	0	85.5145	2692
11	15	0	0	0	0	82.3273	2693
11	15	0	0	0	0	76.0678	2694
11	14	0	0	0	0	79.6587	2695
12	13	0	0	0	0	84.9638	2696
12	13	0	0	0	0	76.4795	2697
13	13	0	0	0	0	92.7557	2698
13	13	0	0	0	0	88.2887	2699
13	15	0	0	0	0	87.7694	2700
13	15	0	0	0	0	88.2105	2701
13	16	0	0	0	0	81.5231	2702
13	16	0	0	0	0	91.5885	2703
13	16	0	0	0	0	90.0713	2704
13	16	0	0	0	0	78.2414	2705
13	16	0	0	0	0	91.3523	2706
13	16	0	0	0	0	88.507	2707
13	16	0	0	0	0	108.826	2708
14	16	0	0	0	0	99.425	2709
14	15	0	0	0	0	95.9018	2710
14	15	0	0	0	0	98.3694	2711
15	15	0	0	0	0	101.122	2712
15	15	0	0	0	0	112.977	2713
15	15	0	0	0	0	84.881	2714
15	15	0	0	0	0	91.7174	2715
14	15	0	0	0	0	93.8885	2716
14	15	0	0	0	0	88.9499	2717
14	13	0	0	0	0	85.324	2718
14	13	0	0	0	0	91.5511	2719
13	13	0	0	0	0	88.3346	2720
13	13	0	0	0	0	88.2009	2721
13	13	0	0	0	0	88.5785	2722
13	13	0	0	0	0	79.1102	2723
13	13	0	0	0	0	92.0903	2724
13	14	0	0	0	0	83.3435	2725
13	14	0	0	0	0	82.7335	2726
12	15	0	0	0	0	80.2591	2727
12	17	0	0	0	0	90.3787	2728
12	17	0	0	0	0	94.2566	2729
12	17	0	0	0	0	92.4541	2730
13	17	0	0	0	0	95.1569	2731
13	17	0	0	0	0	94.6206	2732
12	18	0	0	0	0	85.9193	2733
12	18	0	0	0	0	93.1686	2734
12	18	0	0	0	0	106.979	2735
12	18	0	0	0	0	85.5833	2736
9	18	0	0	0	0	96.3562	2737
9	18	0	0	0	0	91.4171	2738
9	17	0	0	0	0	92.4783	2739
9	17	0	0	0	0	87.0878	2740
9	17	0	0	0	0	94.0933	2741
9	17	0	0	0	0	82.9884	2742
9	17	0	0	0	0	73.3147	2743
9	17	0	0	0	0	95.9235	2744
9	17	0	0	0	0	87.3893	2745
9	17	0	0	0	0	83.3151	2746
9	17	0	0	0	0	89.2665	2747
9	17	0	0	0	0	75.6696	2748
9	18	0	0	0	0	94.8797	2749
9	18	0	0	0	0	80.536	2750
9	19	0	0	0	0	98.5629	2751
9	19	0	0	0	0	88.885	2752
9	21	0	0	0	0	98.8681	2753
9	21	0	0	0	0	86.9406	2754
9	22	0	0	0	0	112.12	2755
9	22	0	0	0	0	105.73	2756
9	22	0	0	0	0	112.545	2757
9	22	0	0	0	0	106.195	2758
11	22	0	0	0	0	110.235	2759
11	23	0	0	0	0	112.64	2760
11	23	0	0	0	0	120.865	2761
11	23	0	0	0	0	121.237	2762
11	23	0	0	0	0	113.055	2763
9	23	0	0	0	0	107.895	2764
9	23	0	0	0	0	116.791	2765
9	23	0	0	0	0	95.4138	2766
9	23	0	0	0	0	99.2492	2767
9	22	0	0	0	0	101.636	2768
9	22	0	0	0	0	95.6844	2769
10	21	0	0	0	0	102.852	2770
10	21	0	0	0	0	104.126	2771
10	21	0	0	0	0	116.144	2772
10	21	0	0	0	0	102.821	2773
10	21	0	0	0	0	106.193	2774
10	21	0	0	0	0	105.47	2775
10	21	0	0	0	0	103	2776
12	21	0	0	0	0	108.181	2777
12	21	0	0	0	0	119.943	2778
12	21	0	0	0	0	114.778	2779
12	21	0	0	0	0	125.062	2780
12	21	0	0	0	0	117.537	2781
12	20	0	0	0	0	113.672	2782
12	20	0	0	0	0	105.526	2783
12	20	0	0	0	0	109.791	2784
12	20	0	0	0	0	112.827	2785
12	20	0	0	0	0	118.786	2786
12	20	0	0	0	0	112.714	2787
12	20	0	0	0	0	100.692	2788
12	20	0	0	0	0	105.123	2789
12	20	0	0	0	0	100.876	2790
13	20	0	0	0	0	101.212	2791
13	20	0	0	0	0	110.064	2792
13	20	0	0	0	0	107.008	2793
14	20	0	0	0	0	102.609	2794
13	20	0	0	0	0	95.787	2795
13	20	0	0	0	0	102.06	2796
13	19	0	0	0	0	110.864	2797
13	19	0	0	0	0	103.324	2798
13	20	0	0	0	0	103.973	2799
13	18	0	0	0	0	98.1299	2800
13	18	0	0	0	0	104.896	2801
13	19	0	0	0	0	100.998	2802
13	19	0	0	0	0	103.762	2803
14	19	0	0	0	0	101.697	2804
14	17	0	0	0	0	93.1826	2805
13	17	0	0	0	0	92.8024	2806
13	17	0	0	0	0	98.3972	2807
12	17	0	0	0	0	100.993	2808
13	17	0	0	0	0	97.8424	2809
13	17	0	0	0	0	88.9183	2810
12	17	0	0	0	0	93.1209	2811
12	16	0	0	0	0	88.0852	2812
12	15	0	0	0	0	86.1018	2813
12	15	0	0	0	0	95.0284	2814
12	15	0	0	0	0	91.2018	2815
12	16	0	0	0	0	91.4519	2816
12	18	0	0	0	0	92.8474	2817
12	17	0	0	0	0	91.0406	2818
12	20	0	0	0	0	86.9388	2819
12	19	0	0	0	0	88.2484	2820
12	19	0	0	0	0	78.9425	2821
12	18	0	0	0	0	91.5924	2822
12	18	0	0	0	0	88.3252	2823
12	18	0	0	0	0	102.931	2824
11	18	0	0	0	0	98.6919	2825
11	18	0	0	0	0	100.187	2826
11	18	0	0	0	0	105.234	2827
11	18	0	0	0	0	98.7856	2828
11	18	0	0	0	0	100.942	2829
11	18	0	0	0	0	97.6115	2830
11	18	0	0	0	0	86.3826	2831
11	18	0	0	0	0	89.9158	2832
11	18	0	0	0	0	107.522	2833
11	18	0	0	0	0	101.872	2834
11	18	0	0	0	0	102.46	2835
11	18	0	0	0	0	102.4	2836
12	18	0	0	0	0	104.899	2837
13	18	0	0	0	0	107.954	2838
13	18	0	0	0	0	95.8972	2839
13	18	0	0	0	0	106.211	2840
13	18	0	0	0	0	104.111	2841
14	18	0	0	0	0	104.642	2842
14	18	0	0	0	0	96.8201	2843
14	18	0	0	0	0	106.17	2844
14	18	0	0	0	0	107.869	2845
14	18	0	0	0	0	108.614	2846
14	17	0	0	0	0	103.318	2847
14	17	0	0	0	0	106.223	2848
14	17	0	0	0	0	100.983	2849
14	16	0	0	0	0	102.295	2850
13	16	0	0	0	0	103.506	2851
13	15	0	0	0	0	94.3454	2852
13	15	0	0	0	0	89.7545	2853
13	14	0	0	0	0	96.2745	2854
13	14	0	0	0	0	88.256	2855
13	14	0	0	0	0	85.7341	2856
13	14	0	0	0	0	86.3095	2857
13	14	0	0	0	0	92.258	2858
12	14	0	0	0	0	82.8211	2859
12	13	0	0	0	0	73.5088	2860
12	13	0	0	0	0	82.9895	2861
12	13	0	0	0	0	89.8029	2862
12	13	0	0	0	0	83.0189	2863
12	13	0	0	0	0	80.7318	2864
12	13	0	0	0	0	92.987	2865
12	14	0	0	0	0	85.4702	2866
12	14	0	0	0	0	88.3027	2867
12	14	0	0	0	0	87.7501	2868
12	14	0	0	0	0	93.3711	2869
12	14	0	0	0	0	93.5555	2870
12	14	0	0	0	0	86.4259	2871
12	14	0	0	0	0	83.2454	2872
12	14	0	0	0	0	82.9977	2873
12	13	0	0	0	0	70.2047	2874
12	13	0	0	0	0	73.1527	2875
13	13	0	0	0	0	81.2651	2876
13	13	0	0	0	0	86.38	2877
13	12	0	0	0	0	78.8318	2878
14	12	0	0	0	0	86.1384	2879
14	12	0	0	0	0	85.0801	2880
14	13	0	0	0	0	84.1082	2881
14	13	0	0	0	0	73.641	2882
14	12	0	0	0	0	82.3722	2883
14	13	0	0	0	0	82.5615	2884
14	12	0	0	0	0	82.0252	2885
15	12	0	0	0	0	76.4484	2886
15	12	0	0	0	0	84.3426	2887
15	12	0	0	0	0	85.5657	2888
15	11	0	0	0	0	84.9805	2889
15	11	0	0	0	0	89.293	2890
15	11	0	0	0	0	87.3199	2891
15	11	0	0	0	0	93.1083	2892
14	11	0	0	0	0	81.4206	2893
15	11	0	0	0	0	85.013	2894
16	11	0	0	0	0	86.9676	2895
16	11	0	0	0	0	78.511	2896
16	11	0	0	0	0	85.9135	2897
16	11	0	0	0	0	83.6819	2898
16	11	0	0	0	0	76.3896	2899
16	11	0	0	0	0	73.3782	2900
16	11	0	0	0	0	82.795	2901
15	11	0	0	0	0	79.4375	2902
15	10	0	0	0	0	78.0393	2903
14	10	0	0	0	0	81.8488	2904
14	10	0	0	0	0	75.3685	2905
14	10	0	0	0	0	79.0519	2906
14	10	0	0	0	0	80.8019	2907
14	10	0	0	0	0	77.0174	2908
12	10	0	0	0	0	74.435	2909
12	10	0	0	0	0	74.975	2910
12	10	0	0	0	0	64.6471	2911
12	10	0	0	0	0	76.985	2912
12	10	0	0	0	0	77.2428	2913
14	10	0	0	0	0	75.0875	2914
14	10	0	0	0	0	68.3954	2915
14	10	0	0	0	0	78.5325	2916
14	10	0	0	0	0	83.115	2917
14	10	0	0	0	0	74.7554	2918
14	10	0	0	0	0	64.7153	2919
16	9	0	0	0	0	76.9977	2920
17	9	0	0	0	0	82.5664	2921
17	9	0	0	0	0	75.5167	2922
17	8	0	0	0	0	76.7562	2923
17	8	0	0	0	0	83.2341	2924
17	8	0	0	0	0	77.4593	2925
19	8	0	0	0	0	86.7562	2926
19	8	0	0	0	0	88.3865	2927
19	8	0	0	0	0	94.7336	2928
19	8	0	0	0	0	88.6673	2929
19	8	0	0	0	0	89.9707	2930
19	8	0	0	0	0	91.3381	2931
19	8	0	0	0	0	97.3382	2932
19	8	0	0	0	0	89.8271	2933
19	8	0	0	0	0	86.0762	2934
19	9	0	0	0	0	91.6224	2935
19	8	0	0	0	0	86.9355	2936
19	8	0	0	0	0	84.3411	2937
19	8	0	0	0	0	86.0878	2938
19	7	0	0	0	0	91.3219	2939
19	7	0	0	0	0	83.5403	2940
18	7	0	0	0	0	76.709	2941
18	8	0	0	0	0	87.2017	2942
18	8	0	0	0	0	88.0707	2943
17	8	0	0	0	0	76.2992	2944
17	8	0	0	0	0	80.5104	2945
17	8	0	0	0	0	83.1421	2946
17	8	0	0	0	0	77.816	2947
17	8	0	0	0	0	78.0878	2948
17	8	0	0	0	0	84.3396	2949
17	8	0	0	0	0	84.1927	2950
15	8	0	0	0	0	79.5429	2951
15	8	0	0	0	0	74.7463	2952
15	8	0	0	0	0	66.2664	2953
15	8	0	0	0	0	77.9003	2954
15	8	0	0	0	0	74.5429	2955
15	8	0	0	0	0	78.9623	2956
15	8	0	0	0	0	78.6231	2957
16	8	0	0	0	0	85.0911	2958
16	8	0	0	0	0	86.1738	2959
16	8	0	0	0	0	78.5695	2960
16	8	0	0	0	0	84.8232	2961
16	8	0	0	0	0	81.1059	2962
16	8	0	0	0	0	83.4386	2963
16	8	0	0	0	0	83.5743	2964
16	8	0	0	0	0	78.8215	2965
16	8	0	0	0	0	76.2305	2966
15	7	0	0	0	0	75.6057	2967
15	8	0	0	0	0	73.62	2968
15	7	0	0	0	0	72.4919	2969
16	7	0	0	0	0	74.1021	2970
16	7	0	0	0	0	73.7341	2971
16	7	0	0	0	0	69.8511	2972
16	7	0	0	0	0	82.4813	2973
16	7	0	0	0	0	80.7864	2974
16	7	0	0	0	0	76.1876	2975
16	7	0	0	0	0	78.6687	2976
16	7	0	0	0	0	64.7735	2977
16	6	0	0	0	0	70.823	2978
16	7	0	0	0	0	72.4792	2979
16	7	0	0	0	0	70.3149	2980
17	7	0	0	0	0	65.8193	2981
17	7	0	0	0	0	61.6716	2982
17	7	0	0	0	0	76.0696	2983
17	7	0	0	0	0	78.8217	2984
17	7	0	0	0	0	77.5485	2985
16	7	0	0	0	0	62.7702	2986
15	7	0	0	0	0	73.0153	2987
13	7	0	0	0	0	66.9729	2988
13	7	0	0	0	0	67.7593	2989
13	7	0	0	0	0	67.2345	2990
13	7	0	0	0	0	65.7502	2991
13	7	0	0	0	0	64.0307	2992
13	7	0	0	0	0	64.0683	2993
13	8	0	0	0	0	62.8132	2994
13	8	0	0	0	0	57.0209	2995
13	8	0	0	0	0	65.8883	2996
15	7	0	0	0	0	66.2853	2997
15	7	0	0	0	0	78.529	2998
15	7	0	0	0	0	75.7682	2999
15	7	0	0	0	0	78.9609	3000
15	7	0	0	0	0	73.5749	3001
15	7	0	0	0	0	63.4183	3002
15	7	0	0	0	0	78.5221	3003
15	8	0	0	0	0	79.2497	3004
15	8	0	0	0	0	63.4191	3005
15	8	0	0	0	0	63.6713	3006
15	8	0	0	0	0	75.7464	3007
15	8	0	0	0	0	81.8216	3008
15	8	0	0	0	0	81.4929	3009
15	8	0	0	0	0	83.7117	3010
15	8	0	0	0	0	80.4339	3011
15	8	0	0	0	0	75.0045	3012
15	8	0	0	0	0	85.2366	3013
15	8	0	0	0	0	80.5603	3014
15	8	0	0	0	0	72.8067	3015
15	8	0	0	0	0	73.8191	3016
15	8	0	0	0	0	67.6636	3017
15	10	0	0	0	0	83.4377	3018
15	10	0	0	0	0	82.6644	3019
15	10	0	0	0	0	82.6319	3020
16	10	0	0	0	0	87.4907	3021
16	10	0	0	0	0	85.448	3022
16	10	0	0	0	0	86.2579	3023
14	10	0	0	0	0	85.1012	3024
14	10	0	0	0	0	67.9462	3025
14	10	0	0	0	0	69.7572	3026
13	10	0	0	0	0	84.1811	3027
14	11	0	0	0	0	71.7719	3028
13	11	0	0	0	0	86.6799	3029
13	11	0	0	0	0	79.6961	3030
13	11	0	0	0	0	82.8459	3031
13	11	0	0	0	0	86.2092	3032
13	11	0	0	0	0	77.5499	3033
13	10	0	0	0	0	72.1076	3034
13	10	0	0	0	0	68.9987	3035
10	9	0	0	0	0	66.814	3036
11	9	0	0	0	0	57.6726	3037
11	9	0	0	0	0	68.7998	3038
11	9	0	0	0	0	69.2655	3039
11	9	0	0	0	0	57.2875	3040
11	9	0	0	0	0	69.3612	3041
11	9	0	0	0	0	65.148	3042
11	9	0	0	0	0	69.5302	3043
11	9	0	0	0	0	64.6387	3044
11	9	0	0	0	0	68.4015	3045
11	9	0	0	0	0	70.2525	3046
11	9	0	0	0	0	69.779	3047
11	9	0	0	0	0	66.2618	3048
11	9	0	0	0	0	64.7348	3049
11	9	0	0	0	0	68.5044	3050
11	9	0	0	0	0	62.9511	3051
11	10	0	0	0	0	66.6408	3052
11	10	0	0	0	0	67.731	3053
11	10	0	0	0	0	72.0405	3054
11	10	0	0	0	0	68.3999	3055
12	9	0	0	0	0	54.3387	3056
12	10	0	0	0	0	62.4526	3057
12	9	0	0	0	0	66.9044	3058
13	9	0	0	0	0	71.7139	3059
13	9	0	0	0	0	71.4193	3060
12	9	0	0	0	0	64.5675	3061
12	9	0	0	0	0	70.1769	3062
12	9	0	0	0	0	64.5571	3063
12	9	0	0	0	0	74.379	3064
12	9	0	0	0	0	66.8755	3065
12	9	0	0	0	0	65.5934	3066
12	9	0	0	0	0	69.779	3067
12	9	0	0	0	0	62.8501	3068
12	10	0	0	0	0	62.282	3069
12	10	0	0	0	0	66.2876	3070
11	10	0	0	0	0	67.4377	3071
10	10	0	0	0	0	52.0033	3072
11	11	0	0	0	0	62.8793	3073
10	11	0	0	0	0	55.8285	3074
10	12	0	0	0	0	74.1733	3075
10	12	0	0	0	0	68.1253	3076
10	12	0	0	0	0	75.7131	3077
10	12	0	0	0	0	74.9365	3078
9	12	0	0	0	0	66.9748	3079
10	12	0	0	0	0	63.7324	3080
10	12	0	0	0	0	72.8081	3081
9	12	0	0	0	0	71.4631	3082
9	12	0	0	0	0	65.8498	3083
7	12	0	0	0	0	62.9036	3084
8	12	0	0	0	0	60.5357	3085
8	12	0	0	0	0	62.8738	3086
8	12	0	0	0	0	62.4327	3087
8	11	0	0	0	0	56.821	3088
6	11	0	0	0	0	58.5331	3089
6	11	0	0	0	0	49.6492	3090
6	11	0	0	0	0	56.8348	3091
6	11	0	0	0	0	58.9224	3092
6	11	0	0	0	0	55.047	3093
6	11	0	0	0	0	53.3733	3094
6	11	0	0	0	0	50.383	3095
6	11	0	0	0	0	54.0285	3096
6	11	0	0	0	0	52.9917	3097
6	10	0	0	0	0	54.6372	3098
6	10	0	0	0	0	56.2316	3099
7	10	0	0	0	0	45.3923	3100
7	10	0	0	0	0	49.7678	3101
7	10	0	0	0	0	53.597	3102
7	10	0	0	0	0	58.7698	3103
7	10	0	0	0	0	57.2662	3104
7	10	0	0	0	0	49.3435	3105
7	10	0	0	0	0	47.7291	3106
7	10	0	0	0	0	61.3894	3107
7	10	0	0	0	0	55.9834	3108
7	10	0	0	0	0	59.0435	3109
7	10	0	0	0	0	53.7749	3110
8	10	0	0	0	0	57.8783	3111
8	10	0	0	0	0	59.1746	3112
8	10	0	0	0	0	53.8669	3113
8	10	0	0	0	0	57.0497	3114
8	10	0	0	0	0	57.6182	3115
8	10	0	0	0	0	58.9247	3116
8	10	0	0	0	0	62.0367	3117
8	10	0	0	0	0	56.6163	3118
8	10	0	0	0	0	53.8882	3119
8	10	0	0	0	0	57.2545	3120
9	10	0	0	0	0	56.3423	3121
8	10	0	0	0	0	58.248	3122
8	10	0	0	0	0	60.4586	3123
8	10	0	0	0	0	65.2116	3124
8	10	0	0	0	0	61.3847	3125
8	10	0	0	0	0	61.9243	3126
8	10	0	0	0	0	58.3671	3127
9	11	0	0	0	0	50.756	3128
9	11	0	0	0	0	64.0182	3129
10	12	0	0	0	0	61.5453	3130
10	11	0	0	0	0	66.0739	3131
10	11	0	0	0	0	65.9057	3132
10	11	0	0	0	0	66.0385	3133
11	11	0	0	0	0	63.3159	3134
11	11	0	0	0	0	58.2677	3135
11	11	0	0	0	0	64.9619	3136
11	10	0	0	0	0	66.7464	3137
11	10	0	0	0	0	59.7296	3138
11	10	0	0	0	0	59.0474	3139
10	8	0	0	0	0	60.3598	3140
10	8	0	0	0	0	58.4814	3141
10	8	0	0	0	0	57.7143	3142
10	8	0	0	0	0	63.0845	3143
10	10	0	0	0	0	59.7289	3144
10	10	0	0	0	0	51.9559	3145
10	10	0	0	0	0	57.3018	3146
10	10	0	0	0	0	69.8709	3147
10	10	0	0	0	0	61.4317	3148
10	10	0	0	0	0	56.1042	3149
11	10	0	0	0	0	71.0094	3150
11	10	0	0	0	0	67.1371	3151
11	10	0	0	0	0	71.9876	3152
11	10	0	0	0	0	67.1548	3153
11	10	0	0	0	0	71.5497	3154
12	10	0	0	0	0	63.7473	3155
13	10	0	0	0	0	73.8513	3156
13	11	0	0	0	0	77.6565	3157
13	11	0	0	0	0	59.3961	3158
13	11	0	0	0	0	77.2725	3159
13	11	0	0	0	0	80.0868	3160
13	11	0	0	0	0	84.5255	3161
13	11	0	0	0	0	73.0322	3162
14	11	0	0	0	0	78.7986	3163
12	11	0	0	0	0	63.5665	3164
12	11	0	0	0	0	78.5732	3165
12	11	0	0	0	0	68.7554	3166
12	10	0	0	0	0	66.8332	3167
12	9	0	0	0	0	64.6395	3168
12	8	0	0	0	0	66.5546	3169
12	8	0	0	0	0	57.5785	3170
11	8	0	0	0	0	66.0113	3171
11	8	0	0	0	0	58.8045	3172
12	8	0	0	0	0	67.6887	3173
12	8	0	0	0	0	69.5594	3174
12	9	0	0	0	0	63.8868	3175
12	9	0	0	0	0	61.5439	3176
12	9	0	0	0	0	66.7759	3177
12	8	0	0	0	0	64.2749	3178
12	8	0	0	0	0	63.0356	3179
12	8	0	0	0	0	61.293	3180
12	10	0	0	0	0	62.1786	3181
12	10	0	0	0	0	77.983	3182
12	10	0	0	0	0	72.9208	3183
12	10	0	0	0	0	70.1037	3184
12	10	0	0	0	0	71.1375	3185
12	10	0	0	0	0	79.4945	3186
12	10	0	0	0	0	79.0518	3187
12	10	0	0	0	0	73.659	3188
12	10	0	0	0	0	69.0894	3189
12	10	0	0	0	0	75.9156	3190
12	10	0	0	0	0	71.8775	3191
12	10	0	0	0	0	67.7535	3192
12	11	0	0	0	0	74.9357	3193
12	12	0	0	0	0	63.9706	3194
12	12	0	0	0	0	73.6336	3195
12	12	0	0	0	0	84.2476	3196
12	12	0	0	0	0	77.6183	3197
12	12	0	0	0	0	82.0317	3198
12	12	0	0	0	0	81.2271	3199
12	12	0	0	0	0	69.386	3200
12	12	0	0	0	0	81.7761	3201
11	12	0	0	0	0	72.9302	3202
11	12	0	0	0	0	82.9745	3203
11	12	0	0	0	0	82.7971	3204
11	12	0	0	0	0	78.5544	3205
11	12	0	0	0	0	81.199	3206
11	11	0	0	0	0	78.4062	3207
11	11	0	0	0	0	71.1859	3208
11	11	0	0	0	0	65.9328	3209
10	13	0	0	0	0	76.5982	3210
10	14	0	0	0	0	76.6931	3211
10	14	0	0	0	0	76.3277	3212
10	14	0	0	0	0	79.4501	3213
10	14	0	0	0	0	83.2643	3214
10	15	0	0	0	0	80.4208	3215
10	15	0	0	0	0	92.444	3216
10	15	0	0	0	0	81.3499	3217
10	16	0	0	0	0	90.4639	3218
10	16	0	0	0	0	93.0015	3219
10	16	0	0	0	0	85.9243	3220
10	16	0	0	0	0	90.8162	3221
10	16	0	0	0	0	88.7471	3222
10	16	0	0	0	0	83.8648	3223
10	16	0	0	0	0	81.6791	3224
10	16	0	0	0	0	88.4418	3225
9	16	0	0	0	0	55.1637	3226
5	16	0	0	0	0	76.941	3227
5	16	0	0	0	0	76.983	3228
5	16	0	0	0	0	75.2564	3229
5	16	0	0	0	0	62.4702	3230
5	16	0	0	0	0	70.6167	3231
5	16	0	0	0	0	76.3735	3232
5	16	0	0	0	0	75.6603	3233
5	16	0	0	0	0	64.4737	3234
5	16	0	0	0	0	61.9172	3235
5	15	0	0	0	0	65.4481	3236
5	14	0	0	0	0	62.0722	3237
5	14	0	0	0	0	68.1494	3238
5	14	0	0	0	0	59.0845	3239
5	14	0	0	0	0	67.614	3240
5	14	0	0	0	0	62.9907	3241
5	13	0	0	0	0	57.8619	3242
5	13	0	0	0	0	46.0177	3243
5	13	0	0	0	0	60.8034	3244
5	13	0	0	0	0	65.2141	3245
5	13	0	0	0	0	59.8242	3246
6	13	0	0	0	0	57.1914	3247
6	13	0	0	0	0	66.3427	3248
6	14	0	0	0	0	65.7782	3249
6	14	0	0	0	0	64.1899	3250
6	14	0	0	0	0	66.6321	3251
6	15	0	0	0	0	70.9733	3252
6	15	0	0	0	0	71.2556	3253
6	15	0	0	0	0	63.0377	3254
6	15	0	0	0	0	66.1921	3255
6	15	0	0	0	0	61.4268	3256
6	15	0	0	0	0	67.2008	3257
5	15	0	0	0	0	68.3841	3258
5	15	0	0	0	0	65.8696	3259
5	15	0	0	0	0	61.7514	3260
3	15	0	0	0	0	51.8504	3261
3	15	0	0	0	0	60.0862	3262
3	15	0	0	0	0	58.6686	3263
3	15	0	0	0	0	62.102	3264
3	15	0	0	0	0	50.5937	3265
3	15	0	0	0	0	62.0022	3266
4	15	0	0	0	0	59.7982	3267
4	15	0	0	0	0	56.2768	3268
4	15	0	0	0	0	69.1165	3269
4	15	0	0	0	0	58.6891	3270
4	15	0	0	0	0	59.2479	3271
4	15	0	0	0	0	57.085	3272
4	15	0	0	0	0	64.6279	3273
4	15	0	0	0	0	64.7652	3274
4	15	0	0	0	0	59.4787	3275
4	16	0	0	0	0	55.9008	3276
4	16	0	0	0	0	59.5181	3277
4	16	0	0	0	0	67.1943	3278
4	16	0	0	0	0	65.858	3279
4	16	0	0	0	0	66.4953	3280
4	16	0	0	0	0	64.053	3281
4	16	0	0	0	0	59.2199	3282
4	15	0	0	0	0	53.5187	3283
4	15	0	0	0	0	68.6995	3284
4	15	0	0	0	0	61.1375	3285
4	17	0	0	0	0	51.642	3286
4	17	0	0	0	0	64.5668	3287
4	18	0	0	0	0	66.0035	3288
4	18	0	0	0	0	68.2249	3289
4	18	0	0	0	0	70.3195	3290
4	18	0	0	0	0	70.8192	3291
4	18	0	0	0	0	65.8761	3292
4	18	0	0	0	0	70.1527	3293
4	17	0	0	0	0	65.8922	3294
4	17	0	0	0	0	62.0445	3295
4	17	0	0	0	0	65.5086	3296
4	17	0	0	0	0	68.9519	3297
4	17	0	0	0	0	63.4025	3298
4	19	0	0	0	0	64.49	3299
4	19	0	0	0	0	69.8415	3300
4	19	0	0	0	0	71.5933	3301
4	19	0	0	0	0	63.8371	3302
5	19	0	0	0	0	65.1053	3303
5	19	0	0	0	0	74.7441	3304
5	19	0	0	0	0	85.1329	3305
5	19	0	0	0	0	84.376	3306
5	18	0	0	0	0	63.4716	3307
5	18	0	0	0	0	76.1123	3308
5	17	0	0	0	0	72.4346	3309
5	17	0	0	0	0	71.66	3310
5	17	0	0	0	0	73.3381	3311
5	17	0	0	0	0	74.4452	3312
4	17	0	0	0	0	75.3683	3313
4	17	0	0	0	0	71.7709	3314
4	18	0	0	0	0	70.656	3315
4	18	0	0	0	0	76.1905	3316
4	18	0	0	0	0	71.489	3317
4	18	0	0	0	0	63.4557	3318
4	18	0	0	0	0	67.8686	3319
4	17	0	0	0	0	64.2765	3320
4	16	0	0	0	0	62.9159	3321
4	16	0	0	0	0	64.9832	3322
3	16	0	0	0	0	60.0144	3323
3	16	0	0	0	0	64.757	3324
3	15	0	0	0	0	51.4285	3325
3	15	0	0	0	0	56.7883	3326
3	15	0	0	0	0	63.6175	3327
3	15	0	0	0	0	53.446	3328
3	15	0	0	0	0	54.2603	3329
3	14	0	0	0	0	55.3445	3330
3	14	0	0	0	0	56.9959	3331
3	14	0	0	0	0	55.7346	3332
3	14	0	0	0	0	57.8769	3333
3	14	0	0	0	0	51.0311	3334
3	14	0	0	0	0	52.9537	3335
3	14	0	0	0	0	55.528	3336
3	14	0	0	0	0	54.3982	3337
3	14	0	0	0	0	46.3719	3338
3	14	0	0	0	0	56.5722	3339
3	14	0	0	0	0	47.664	3340
3	14	0	0	0	0	57.3262	3341
3	14	0	0	0	0	53.2196	3342
3	13	0	0	0	0	51.8668	3343
3	13	0	0	0	0	51.4167	3344
4	13	0	0	0	0	52.1345	3345
4	13	0	0	0	0	47.0731	3346
4	13	0	0	0	0	56.0505	3347
4	13	0	0	0	0	55.3467	3348
5	13	0	0	0	0	48.2545	3349
5	13	0	0	0	0	54.8101	3350
5	13	0	0	0	0	53.8938	3351
5	13	0	0	0	0	49.226	3352
6	13	0	0	0	0	63.0784	3353
6	13	0	0	0	0	60.507	3354
6	13	0	0	0	0	59.6831	3355
6	13	0	0	0	0	54.3451	3356
6	12	0	0	0	0	57.7918	3357
6	12	0	0	0	0	48.0595	3358
6	12	0	0	0	0	53.5139	3359
6	11	0	0	0	0	54.954	3360
6	10	0	0	0	0	44.3228	3361
6	10	0	0	0	0	44.4243	3362
6	10	0	0	0	0	52.5769	3363
6	10	0	0	0	0	52.4327	3364
6	10	0	0	0	0	54.1134	3365
6	10	0	0	0	0	52.3687	3366
6	10	0	0	0	0	42.4877	3367
6	9	0	0	0	0	45.8877	3368
6	9	0	0	0	0	44.6554	3369
6	9	0	0	0	0	48.9872	3370
7	9	0	0	0	0	50.5874	3371
7	9	0	0	0	0	50.7192	3372
7	9	0	0	0	0	44.6064	3373
7	9	0	0	0	0	52.371	3374
8	9	0	0	0	0	46.6747	3375
8	9	0	0	0	0	43.0748	3376
8	9	0	0	0	0	47.5328	3377
8	8	0	0	0	0	48.5908	3378
8	8	0	0	0	0	46.7513	3379
8	8	0	0	0	0	41.7289	3380
8	8	0	0	0	0	41.9316	3381
8	8	0	0	0	0	46.2437	3382
8	8	0	0	0	0	50.5413	3383
8	9	0	0	0	0	54.1067	3384
8	9	0	0	0	0	48.7162	3385
6	9	0	0	0	0	47.9391	3386
6	9	0	0	0	0	42.7103	3387
6	10	0	0	0	0	46.4832	3388
6	10	0	0	0	0	52.6808	3389
6	10	0	0	0	0	57.3104	3390
6	10	0	0	0	0	49.2821	3391
6	11	0	0	0	0	44.0436	3392
6	11	0	0	0	0	53.6815	3393
6	11	0	0	0	0	49.4285	3394
5	10	0	0	0	0	49.0286	3395
5	10	0	0	0	0	36.167	3396
4	10	0	0	0	0	31.0491	3397
4	9	0	0	0	0	38.215	3398
5	8	0	0	0	0	35.9781	3399
5	8	0	0	0	0	38.5557	3400
5	8	0	0	0	0	43.2848	3401
5	8	0	0	0	0	41.197	3402
5	8	0	0	0	0	41.8404	3403
5	8	0	0	0	0	42.0549	3404
5	8	0	0	0	0	39.9177	3405
5	8	0	0	0	0	38.0718	3406
5	8	0	0	0	0	44.5532	3407
5	8	0	0	0	0	39.6243	3408
5	9	0	0	0	0	37.356	3409
5	9	0	0	0	0	36.824	3410
5	9	0	0	0	0	42.5235	3411
5	9	0	0	0	0	43.567	3412
5	9	0	0	0	0	37.0382	3413
5	9	0	0	0	0	38.8964	3414
5	9	0	0	0	0	33.4671	3415
3	9	0	0	0	0	34.433	3416
3	9	0	0	0	0	35.8459	3417
2	9	0	0	0	0	19.0846	3418
2	9	0	0	0	0	32.9587	3419
2	9	0	0	0	0	26.5904	3420
2	9	0	0	0	0	34.8703	3421
2	9	0	0	0	0	35.5037	3422
2	9	0	0	0	0	36.0158	3423
2	9	0	0	0	0	35.838	3424
2	9	0	0	0	0	32.7836	3425
2	9	0	0	0	0	30.5684	3426
2	9	0	0	0	0	32.8937	3427
2	9	0	0	0	0	33.1846	3428
2	9	0	0	0	0	35.3428	3429
2	9	0	0	0	0	32.7747	3430
2	9	0	0	0	0	30.0797	3431
2	9	0	0	0	0	28.2149	3432
2	9	0	0	0	0	28.0544	3433
2	9	0	0	0	0	27.0861	3434
2	9	0	0	0	0	28.0257	3435
2	7	0	0	0	0	17.4039	3436
2	7	0	0	0	0	21.0709	3437
2	7	0	0	0	0	28.337	3438
2	7	0	0	0	0	25.524	3439
2	7	0	0	0	0	25.8949	3440
2	7	0	0	0	0	21.6698	3441
2	7	0	0	0	0	23.2984	3442
2	6	0	0	0	0	16.0465	3443
2	6	0	0	0	0	22.9471	3444
2	6	0	0	0	0	22.4668	3445
2	6	0	0	0	0	18.7917	3446
2	6	0	0	0	0	23.5308	3447
2	6	0	0	0	0	18.1056	3448
2	5	0	0	0	0	20.8994	3449
2	5	0.333333	0	1	0	14.3763	3450
2	5	0.333333	0	1	0	20.5138	3451
2	5	0.333333	0	1	0	20.1115	3452
2	5	0.333333	0	1	0	20.1115	3453
2	5	0.333333	0	1	0	18.0991	3454
2	5	0.333333	0	1	0	18.0561	3455
2	5	0.333333	0	1	0	17.3733	3456
2	5	0.333333	0	1	0	21.2065	3457
2	5	0.333333	0	1	0	19.9354	3458
2	5	0.333333	0	1	0	10.1701	3459
2	5	0.333333	0	1	0	10.6102	3460
2	4	0.333333	0	1	0	12.6802	3461
2	3	0.333333	0	1	0	12.2103	3462
2	3	0.333333	0	1	0	12.8782	3463
2	3	0.333333	0	1	0	10.8949	3464
2	3	0.333333	0	1	0	12.7374	3465
2	3	0.333333	0	1	0	7.94051	3466
2	3	0.333333	0	1	0	13.2828	3467
2	3	0.333333	0	1	0	9.95203	3468
2	3	0.333333	0	1	0	12.4971	3469
2	3	0.333333	0	1	0	12.5448	3470
2	3	0.333333	0	1	0	13.2657	3471
2	3	0.333333	0	1	0	12.7374	3472
2	3	0.333333	0	1	0	12.5275	3473
2	3	0.333333	0	1	0	11.693	3474
2	3	0.333333	0	1	0	10.0253	3475
2	3	0.333333	0	1	0	9.00591	3476
2	3	0.333333	0	1	0	11.8626	3477
2	3	0.333333	0	1	0	10.7841	3478
2	3	0.333333	0	1	0	8.72464	3479
1	3	0.333333	0	1	0	8.64075	3480
1	3	0.333333	0	1	0	4.84557	3481
1	2	0.333333	0	1	0	4.06794	3482
1	2	0.333333	0	1	0	2.25401	3483
1	2	0.333333	0	1	0	5.00022	3484
1	2	0.333333	0	1	0	4.89074	3485
1	2	0.333333	0	1	0	4.89074	3486
1	2	0	0	0	0	4.56741	3487
1	2	0	0	0	0	2.68683	3488
1	2	0	0	0	0	5.46187	3489
1	2	0	0	0	0	4.20244	3490
1	2	0	0	0	0	4.6599	3491
1	2	0	0	0	0	5.01777	3492
1	2	0	0	0	0	-0.579465	3493
1	2	0	0	0	0	0.667627	3494
0	2	0	0	0	0	nan	3495
0	2	0	0	0	0	nan	3496
