unique_top_cov	unique_bot_cov	redundant_top_cov	redundant_bot_cov	raw_redundant_top_cov	raw_redundant_bot_cov	e_value	position
1	3	0	0	0	0	nan	1
1	4	0	0	0	0	nan	2
1	4	0	0	0	0	9.3154	3
1	5	0	0	0	0	11.9178	4
1	5	0	0	0	0	12.5771	5
1	5	0	0	0	0	12.4658	6
1	5	0	0	0	0	13.4546	7
1	5	0	0	0	0	12.7233	8
1	5	0	0	0	0	12.5918	9
1	5	0	0	0	0	15.123	10
1	5	0	0	0	0	16.3681	11
1	5	0	0	0	0	16.3939	12
1	5	0	0	0	0	15.591	13
1	6	0	0	0	0	16.6282	14
1	6	0	0	0	0	19.8064	15
1	6	0	0	0	0	18.1034	16
1	6	0	0	0	0	17.2193	17
1	7	0	0	0	0	21.3428	18
1	7	0	0	0	0	19.0102	19
1	7	0	0	0	0	20.2484	20
1	8	0	0	0	0	20.5142	21
1	8	0	0	0	0	23.7359	22
1	10	0	0	0	0	21.844	23
1	10	0	0	0	0	22.3408	24
1	10	0	0	0	0	22.3435	25
1	11	0	0	0	0	36.0604	26
1	11	0	0	0	0	36.4895	27
1	12	0	0	0	0	39.9508	28
1	12	0	0	0	0	43.174	29
1	12	0	0	0	0	41.3839	30
1	12	0	0	0	0	45.1045	31
1	12	0	0	0	0	43.0763	32
1	12	0	0	0	0	45.155	33
1	12	0	0	0	0	45.8787	34
1	12	0	0	0	0	43.3063	35
1	12	0	0	0	0	45.155	36
1	12	0	0	0	0	41.6516	37
1	12	0	0	0	0	45.2519	38
1	12	0	0	0	0	42.16	39
1	12	0	0	0	0	44.5667	40
1	13	0	0	0	0	45.2039	41
1	13	0	0	0	0	49.6683	42
1	13	0	0	0	0	44.3931	43
1	13	0	0	0	0	45.5935	44
1	13	0	0	0	0	47.2703	45
2	13	0	0	0	0	48.9408	46
2	13	0	0	0	0	48.7252	47
3	13	0	0	0	0	47.5241	48
4	13	0	0	0	0	51.1083	49
4	13	0	0	0	0	48.8431	50
4	13	0	0	0	0	51.0901	51
4	13	0	0	0	0	61.0411	52
4	13	0	0	0	0	61.0354	53
4	13	0	0	0	0	51.6064	54
4	13	0	0	0	0	60.6279	55
4	13	0	0	0	0	61.2545	56
4	13	0	0	0	0	58.1384	57
4	13	0	0	0	0	61.4651	58
4	13	0	0	0	0	58.5007	59
4	13	0	0	0	0	59.0352	60
4	13	0	0	0	0	56.0932	61
4	13	0	0	0	0	52.387	62
4	13	0	0	0	0	57.1452	63
4	13	0	0	0	0	60.0554	64
4	13	0	0	0	0	56.0466	65
4	13	0	0	0	0	57.4914	66
4	13	0	0	0	0	55.8899	67
4	13	0	0	0	0	57.5557	68
4	15	0	0	0	0	60.7098	69
4	16	0	0	0	0	66.6174	70
4	16	0	0	0	0	67.3231	71
4	16	0	0	0	0	69.486	72
4	17	0	0	0	0	72.4908	73
4	17	0	0	0	0	66.5484	74
4	17	0	0	0	0	69.2087	75
4	19	0	0	0	0	74.6985	76
4	19	0	0	0	0	68.1046	77
4	19	0	0	0	0	75.3638	78
4	19	0	0	0	0	76.8369	79
4	19	0	0	0	0	75.2677	80
4	19	0	0	0	0	76.5431	81
4	21	0	0	0	0	78.4324	82
4	21	0	0	0	0	75.9678	83
4	21	0	0	0	0	81.9857	84
4	21	0	0	0	0	75.8842	85
4	21	0	0	0	0	82.7663	86
3	21	0	0	0	0	82.1577	87
3	21	0	0	0	0	76.3191	88
3	21	0	0	0	0	69.4668	89
2	22	0	0	0	0	81.7055	90
2	22	0	0	0	0	79.8205	91
2	22	0	0	0	0	82.0148	92
2	22	0	0	0	0	78.0819	93
2	22	0	0	0	0	82.342	94
2	22	0	0	0	0	81.2206	95
2	22	0	0	0	0	83.1843	96
2	22	0	0	0	0	86.4128	97
2	22	0	0	0	0	80.995	98
2	22	0	0	0	0	79.8649	99
2	22	0	0	0	0	86.4712	100
2	22	0	0	0	0	82.2631	101
3	22	0	0	0	0	80.5445	102
3	22	0	0	0	0	92.2234	103
3	22	0	0	0	0	81.4982	104
3	21	0	0	0	0	79.3213	105
3	21	0	0	0	0	77.7272	106
3	21	0	0	0	0	86.5374	107
3	22	0	0	0	0	84.4108	108
4	21	0	0	0	0	78.2709	109
4	21	0	0	0	0	77.7193	110
4	20	0	0	0	0	78.2044	111
4	20	0	0	0	0	82.1795	112
4	20	0	0	0	0	78.2541	113
5	23	0	0	0	0	84.3433	114
5	23	0	0	0	0	98.9999	115
5	23	0	0	0	0	84.6771	116
5	23	0	0	0	0	90.063	117
5	23	0	0	0	0	81.5428	118
6	25	0	0	0	0	91.0168	119
6	25	0	0	0	0	87.3062	120
6	24	0	0	0	0	94.3458	121
6	24	0	0	0	0	105.58	122
6	24	0	0	0	0	102.423	123
6	24	0	0	0	0	105.592	124
6	24	0	0	0	0	102.327	125
6	23	0	0	0	0	99.8981	126
6	23	0	0	0	0	95.4447	127
7	22	0	0	0	0	87.0713	128
8	22	0	0	0	0	98.7865	129
8	22	0	0	0	0	100.157	130
8	21	0	0	0	0	100.805	131
8	21	0	0	0	0	97.1992	132
8	21	0	0	0	0	90.4193	133
8	21	0	0	0	0	99.4338	134
7	21	0	0	0	0	92.5286	135
7	21	0	0	0	0	103.484	136
7	21	0	0	0	0	85.0601	137
7	21	0	0	0	0	87.9485	138
7	21	0	0	0	0	78.9028	139
7	20	0	0	0	0	95.8573	140
7	20	0	0	0	0	88.6377	141
7	19	0	0	0	0	86.1872	142
8	19	0	0	0	0	88.4997	143
8	19	0	0	0	0	87.3107	144
8	19	0	0	0	0	87.1803	145
8	18	0	0	0	0	82.8979	146
8	18	0	0	0	0	89.7967	147
7	18	0	0	0	0	90.3131	148
7	18	0	0	0	0	89.571	149
7	18	0	0	0	0	89.7668	150
7	18	0	0	0	0	73.5965	151
7	18	0	0	0	0	84.2776	152
7	18	0	0	0	0	80.7864	153
7	18	0	0	0	0	83.9992	154
7	18	0	0	0	0	78.488	155
7	16	0	0	0	0	75.3619	156
7	16	0	0	0	0	69.4608	157
7	15	0	0	0	0	59.941	158
7	15	0	0	0	0	72.5217	159
7	15	0	0	0	0	78.7926	160
7	15	0	0	0	0	61.25	161
7	15	0	0	0	0	65.3672	162
7	15	0	0	0	0	69.3388	163
7	15	0	0	0	0	76.8118	164
7	15	0	0	0	0	74.4192	165
7	15	0	0	0	0	69.4479	166
7	14	0	0	0	0	71.7752	167
7	14	0	0	0	0	70.5784	168
7	14	0	0	0	0	76.0643	169
7	14	0	0	0	0	68.0558	170
10	14	0	0	0	0	69.7336	171
10	14	0	0	0	0	67.6699	172
11	14	0	0	0	0	74.373	173
11	14	0	0	0	0	87.474	174
11	15	0	0	0	0	81.8549	175
12	15	0	0	0	0	86.08	176
12	15	0	0	0	0	85.0787	177
12	15	0	0	0	0	87.6584	178
13	15	0	0	0	0	91.4599	179
13	16	0	0	0	0	95.3513	180
13	16	0	0	0	0	100.702	181
13	16	0	0	0	0	93.0919	182
13	16	0	0	0	0	94.3306	183
13	16	0	0	0	0	93.7887	184
13	16	0	0	0	0	94.4742	185
13	16	0	0	0	0	86.4053	186
13	16	0	0	0	0	96.6684	187
13	16	0	0	0	0	96.728	188
12	16	0	0	0	0	91.9115	189
11	16	0	0	0	0	87.76	190
11	17	0	0	0	0	87.9284	191
12	18	0	0	0	0	83.1715	192
12	19	0	0	0	0	83.5179	193
12	19	0	0	0	0	93.1746	194
12	20	0	0	0	0	86.6742	195
12	20	0	0	0	0	104.786	196
12	20	0	0	0	0	96.1416	197
12	20	0	0	0	0	108.975	198
12	20	0	0	0	0	110.029	199
12	20	0	0	0	0	112.344	200
12	20	0	0	0	0	100.047	201
12	19	0	0	0	0	111.707	202
12	19	0	0	0	0	115.3	203
13	19	0	0	0	0	107.709	204
13	19	0	0	0	0	107.515	205
13	20	0	0	0	0	104.388	206
13	20	0	0	0	0	118.8	207
13	20	0	0	0	0	113.001	208
13	20	0	0	0	0	109.823	209
13	20	0	0	0	0	107.927	210
13	19	0	0	0	0	109.814	211
13	18	0	0	0	0	106.524	212
13	18	0	0	0	0	111.555	213
13	20	0	0	0	0	106.827	214
13	20	0	0	0	0	102.144	215
13	19	0	0	0	0	106.994	216
13	19	0	0	0	0	107.132	217
13	19	0	0	0	0	105.435	218
13	18	0	0	0	0	103.636	219
13	17	0	0	0	0	105.178	220
13	17	0	0	0	0	110.139	221
13	17	0	0	0	0	98.006	222
13	16	0	0	0	0	101.059	223
13	16	0	0	0	0	98.0335	224
13	16	0	0	0	0	94.9137	225
13	16	0	0	0	0	95.6325	226
12	17	0	0	0	0	99.5125	227
12	17	0	0	0	0	97.7094	228
12	17	0	0	0	0	94.2265	229
12	17	0	0	0	0	97.2858	230
12	16	0	0	0	0	97.7741	231
12	15	0	0	0	0	98.5016	232
12	16	0	0	0	0	85.9803	233
12	15	0	0	0	0	70.8808	234
12	16	0	0	0	0	89.7284	235
12	16	0	0	0	0	94.841	236
12	16	0	0	0	0	101.305	237
12	16	0	0	0	0	89.8094	238
12	16	0	0	0	0	90.2445	239
12	15	0	0	0	0	97.8124	240
12	15	0	0	0	0	92.4767	241
12	14	0	0	0	0	88.1052	242
12	15	0	0	0	0	89.9629	243
12	16	0	0	0	0	95.3627	244
12	16	0	0	0	0	99.93	245
12	16	0	0	0	0	90.3709	246
12	16	0	0	0	0	91.9264	247
12	16	0	0	0	0	90.6546	248
12	16	0	0	0	0	96.7554	249
11	16	0	0	0	0	90.2534	250
11	17	0	0	0	0	95.4759	251
11	17	0	0	0	0	100.836	252
11	17	0	0	0	0	104.515	253
11	17	0	0	0	0	91.7777	254
11	17	0	0	0	0	100.981	255
11	17	0	0	0	0	86.9571	256
11	17	0	0	0	0	97.1402	257
11	16	0	0	0	0	96.7075	258
11	16	0	0	0	0	94.1048	259
11	15	0	0	0	0	87.3109	260
11	15	0	0	0	0	93.9398	261
11	15	0	0	0	0	83.1497	262
11	15	0	0	0	0	82.5937	263
11	14	0	0	0	0	80.9593	264
11	13	0	0	0	0	86.1236	265
12	13	0	0	0	0	81.4861	266
13	13	0	0	0	0	82.6864	267
13	14	0	0	0	0	92.7544	268
13	14	0	0	0	0	86.7201	269
13	15	0	0	0	0	91.3141	270
13	16	0	0	0	0	86.8554	271
14	16	0	0	0	0	100.72	272
15	16	0	0	0	0	104.691	273
15	16	0	0	0	0	108.585	274
15	16	0	0	0	0	104.626	275
15	16	0	0	0	0	113.474	276
15	16	0	0	0	0	102.115	277
14	16	0	0	0	0	95.3889	278
13	16	0	0	0	0	95.738	279
13	16	0	0	0	0	108.455	280
13	16	0	0	0	0	105.861	281
13	16	0	0	0	0	96.5626	282
13	16	0	0	0	0	108.732	283
13	17	0	0	0	0	107.557	284
13	17	0	0	0	0	99.6461	285
13	17	0	0	0	0	104.225	286
13	17	0	0	0	0	112.475	287
13	17	0	0	0	0	106.983	288
13	17	0	0	0	0	99.2365	289
13	17	0	0	0	0	104.088	290
15	17	0	0	0	0	105.645	291
15	19	0	0	0	0	108.068	292
14	19	0	0	0	0	105.6	293
14	19	0	0	0	0	108.024	294
14	19	0	0	0	0	105.41	295
14	19	0	0	0	0	107.676	296
14	20	0	0	0	0	114.682	297
14	24	0	0	0	0	128.412	298
14	24	0	0	0	0	128.354	299
14	24	0	0	0	0	119.224	300
14	24	0	0	0	0	125.713	301
14	24	0	0	0	0	132.109	302
14	24	0	0	0	0	131.174	303
14	23	0	0	0	0	134.081	304
14	23	0	0	0	0	140.033	305
14	23	0	0	0	0	120.727	306
14	26	0	0	0	0	132.331	307
14	26	0	0	0	0	142.646	308
14	26	0	0	0	0	143.885	309
14	26	0	0	0	0	135.112	310
14	26	0	0	0	0	146.369	311
14	28	0	0	0	0	133.102	312
14	29	0	0	0	0	150.458	313
14	29	0	0	0	0	162.629	314
14	29	0	0	0	0	155.565	315
14	29	0	0	0	0	151.705	316
14	29	0	0	0	0	155.315	317
14	29	0	0	0	0	153.152	318
14	29	0	0	0	0	154.475	319
14	29	0	0	0	0	150.003	320
12	29	0	0	0	0	145.569	321
12	29	0	0	0	0	134.447	322
10	27	0	0	0	0	127.31	323
10	27	0	0	0	0	132.283	324
10	26	0	0	0	0	134.975	325
10	26	0	0	0	0	127.135	326
10	26	0	0	0	0	116.811	327
10	26	0	0	0	0	119.997	328
9	26	0	0	0	0	132.181	329
9	26	0	0	0	0	130.651	330
9	26	0	0	0	0	115.945	331
9	26	0	0	0	0	120.646	332
9	27	0	0	0	0	131.645	333
9	27	0	0	0	0	112.476	334
9	27	0	0	0	0	111.093	335
9	27	0	0	0	0	126.934	336
8	27	0	0	0	0	124.89	337
8	28	0	0	0	0	132.261	338
9	28	0	0	0	0	117.185	339
9	28	0	0	0	0	127.395	340
9	26	0	0	0	0	124.399	341
8	26	0	0	0	0	115.733	342
8	25	0	0	0	0	104.83	343
8	25	0	0	0	0	101.167	344
7	25	0	0	0	0	116.797	345
7	25	0	0	0	0	119.394	346
7	25	0	0	0	0	107.911	347
7	25	0	0	0	0	109.521	348
8	25	0	0	0	0	102.205	349
8	25	0	0	0	0	108.257	350
8	25	0	0	0	0	102.315	351
8	25	0	0	0	0	108.2	352
8	25	0	0	0	0	109.519	353
7	25	0	0	0	0	108.433	354
7	25	0	0	0	0	104.751	355
7	24	0	0	0	0	109.606	356
7	24	0	0	0	0	110.345	357
7	24	0	0	0	0	88.2992	358
7	24	0	0	0	0	94.9457	359
7	24	0	0	0	0	92.8323	360
7	23	0	0	0	0	96.0778	361
7	22	0	0	0	0	94.4403	362
7	22	0	0	0	0	91.0329	363
7	21	0	0	0	0	99.0577	364
7	21	0	0	0	0	93.9421	365
7	21	0	0	0	0	87.6357	366
7	20	0	0	0	0	98.0744	367
7	20	0	0	0	0	95.6867	368
7	20	0	0	0	0	100.455	369
7	20	0	0	0	0	88.3299	370
7	20	0	0	0	0	92.4293	371
7	19	0	0	0	0	87.2755	372
7	19	0	0	0	0	90.7096	373
7	19	0	0	0	0	86.0723	374
8	19	0	0	0	0	82.9413	375
8	19	0	0	0	0	84.7893	376
8	19	0	0	0	0	85.7632	377
8	19	0	0	0	0	92.7333	378
9	20	0	0	0	0	100.325	379
9	20	0	0	0	0	97.2473	380
9	19	0	0	0	0	92.292	381
9	19	0	0	0	0	92.4967	382
9	19	0	0	0	0	96.4939	383
9	19	0	0	0	0	95.9563	384
9	19	0	0	0	0	99.9355	385
8	19	0	0	0	0	90.1345	386
8	19	0	0	0	0	89.832	387
8	19	0	0	0	0	81.8191	388
7	18	0	0	0	0	87.6475	389
7	18	0	0	0	0	84.9519	390
7	18	0	0	0	0	79.6004	391
7	17	0	0	0	0	85.2521	392
7	17	0	0	0	0	75.0912	393
7	17	0	0	0	0	78.1473	394
7	17	0	0	0	0	82.578	395
7	17	0	0	0	0	85.8906	396
7	17	0	0	0	0	75.2146	397
8	17	0	0	0	0	78.5416	398
8	17	0	0	0	0	78.7353	399
8	17	0	0	0	0	77.984	400
8	17	0	0	0	0	76.5592	401
8	17	0	0	0	0	82.3534	402
8	17	0	0	0	0	92.9483	403
8	17	0	0	0	0	73.2511	404
8	17	0	0	0	0	78.7661	405
8	17	0	0	0	0	79.2465	406
8	15	0	0	0	0	73.4082	407
8	14	0	0	0	0	66.9838	408
8	14	0	0	0	0	74.7843	409
8	14	0	0	0	0	81.3981	410
8	14	0	0	0	0	73.9754	411
8	14	0	0	0	0	69.135	412
9	14	0	0	0	0	62.8506	413
9	14	0	0	0	0	74.5701	414
9	13	0	0	0	0	67.0242	415
8	13	0	0	0	0	67.4934	416
8	13	0	0	0	0	68.831	417
7	13	0	0	0	0	70.5629	418
7	13	0	0	0	0	67.3332	419
7	13	0	0	0	0	66.472	420
7	12	0	0	0	0	63.7631	421
7	11	0	0	0	0	58.6767	422
7	12	0	0	0	0	59.1331	423
7	12	0	0	0	0	57.3292	424
7	12	0	0	0	0	60.8735	425
7	12	0	0	0	0	64.256	426
7	12	0	0	0	0	62.9194	427
7	12	0	0	0	0	61.7895	428
7	12	0	0	0	0	63.4464	429
7	12	0	0	0	0	58.3245	430
7	12	0	0	0	0	61.1383	431
7	17	0	0	0	0	59.3041	432
6	19	0	0	0	0	67.9328	433
6	18	0	0	0	0	77.9457	434
6	18	0	0	0	0	80.1361	435
6	18	0	0	0	0	72.7547	436
6	19	0	0	0	0	82.2132	437
6	19	0	0	0	0	86.2265	438
7	19	0	0	0	0	76.5737	439
7	19	0	0	0	0	75.5547	440
5	19	0	0	0	0	76.2477	441
6	18	0	0	0	0	73.5235	442
6	18	0	0	0	0	77.9355	443
6	18	0	0	0	0	74.5994	444
6	18	0	0	0	0	76.6155	445
6	18	0	0	0	0	70.0269	446
6	19	0	0	0	0	75.2232	447
6	18	0	0	0	0	76.3198	448
5	18	0	0	0	0	75.0255	449
5	18	0	0	0	0	71.9957	450
5	18	0	0	0	0	83.5074	451
5	18	0	0	0	0	84.0361	452
5	18	0	0	0	0	77.6705	453
5	18	0	0	0	0	72.0481	454
5	18	0	0	0	0	80.7853	455
5	18	0	0	0	0	80.262	456
6	18	0	0	0	0	80.4305	457
6	18	0	0	0	0	76.1392	458
6	18	0	0	0	0	73.1906	459
6	18	0	0	0	0	81.1595	460
6	18	0	0	0	0	70.3293	461
6	16	0	0	0	0	70.4199	462
6	15	0	0	0	0	74.1301	463
6	15	0	0	0	0	70.7258	464
6	15	0	0	0	0	70.1024	465
6	15	0	0	0	0	72.5201	466
6	15	0	0	0	0	75.6044	467
6	16	0	0	0	0	71.3678	468
6	16	0	0	0	0	67.6026	469
6	16	0	0	0	0	59.8555	470
6	16	0	0	0	0	68.0447	471
6	15	0	0	0	0	71.6575	472
6	15	0	0	0	0	73.007	473
6	15	0	0	0	0	73.5515	474
6	15	0	0	0	0	67.481	475
6	15	0	0	0	0	71.8738	476
6	15	0	0	0	0	63.2932	477
6	15	0	0	0	0	76.0841	478
6	15	0	0	0	0	71.1167	479
6	15	0	0	0	0	68.16	480
6	15	0	0	0	0	69.2443	481
6	15	0	0	0	0	71.6333	482
6	14	0	0	0	0	58.3705	483
6	14	0	0	0	0	55.8935	484
6	14	0	0	0	0	66.6561	485
5	14	0	0	0	0	59.4578	486
5	14	0	0	0	0	60.7498	487
5	13	0	0	0	0	59.2027	488
6	16	0	0	0	0	55.6975	489
6	16	0	0	0	0	58.6831	490
6	16	0	0	0	0	56.0784	491
6	16	0	0	0	0	50.3484	492
7	15	0	0	0	0	64.5704	493
7	14	0	0	0	0	64.1325	494
7	14	0	0	0	0	74.9872	495
7	14	0	0	0	0	72.3203	496
8	14	0	0	0	0	63.1271	497
8	14	0	0	0	0	62.5534	498
8	14	0	0	0	0	68.8511	499
8	14	0	0	0	0	59.8664	500
6	14	0	0	0	0	63.6603	501
6	14	0	0	0	0	69.1326	502
6	13	0	0	0	0	62.8161	503
6	14	0	0	0	0	67.7333	504
6	14	0	0	0	0	52.9505	505
6	15	0	0	0	0	69.6037	506
7	15	0	0	0	0	71.4402	507
7	15	0	0	0	0	44.9152	508
7	11	0	0	0	0	25.7393	509
7	11	0	0	0	0	47.2424	510
7	8	0	0	0	0	43.7716	511
7	8	0	0	0	0	44.8318	512
7	7	0	0	0	0	32.4674	513
7	7	0	0	0	0	43.3119	514
7	7	0	0	0	0	46.8731	515
7	7	0	0	0	0	43.1019	516
7	8	0	0	0	0	39.4523	517
7	8	0	0	0	0	44.5197	518
7	8	0	0	0	0	47.4693	519
7	8	0	0	0	0	40.073	520
7	7	0	0	0	0	38.2456	521
7	7	0	0	0	0	45.561	522
8	7	0	0	0	0	45.9987	523
8	7	0	0	0	0	43.6305	524
9	6	0	0	0	0	47.0508	525
9	6	0	0	0	0	48.7031	526
11	7	0	0	0	0	38.0473	527
11	7	0	0	0	0	38.9861	528
12	6	0	0	0	0	50.2905	529
12	6	0	0	0	0	59.1376	530
13	6	0	0	0	0	60.8987	531
13	6	0	0	0	0	60.2971	532
13	6	0	0	0	0	60.8207	533
13	6	0	0	0	0	64.5422	534
13	6	0	0	0	0	65.0432	535
13	6	0	0	0	0	56.1028	536
14	5	0	0	0	0	57.2219	537
14	5	0	0	0	0	62.8733	538
14	5	0	0	0	0	61.1274	539
14	5	0	0	0	0	65.2392	540
14	5	0	0	0	0	63.8254	541
14	5	0	0	0	0	54.006	542
14	5	0	0	0	0	64.8703	543
14	5	0	0	0	0	64.8222	544
14	6	0	0	0	0	68.6538	545
14	6	0	0	0	0	60.6262	546
14	6	0	0	0	0	72.1549	547
14	6	0	0	0	0	67.1628	548
14	6	0	0	0	0	63.5366	549
14	6	0	0	0	0	61.5695	550
14	6	0	0	0	0	61.072	551
15	6	0	0	0	0	72.3572	552
15	6	0	0	0	0	73.5412	553
15	7	0	0	0	0	70.1714	554
16	7	0	0	0	0	77.6638	555
17	8	0	0	0	0	72.8721	556
17	8	0	0	0	0	80.9507	557
17	8	0	0	0	0	83.3218	558
17	8	0	0	0	0	83.3981	559
17	8	0	0	0	0	81.377	560
17	8	0	0	0	0	89.0128	561
17	8	0	0	0	0	79.3761	562
16	8	0	0	0	0	82.6626	563
16	8	0	0	0	0	89.5198	564
16	8	0	0	0	0	70.2746	565
16	8	0	0	0	0	86.3857	566
16	8	0	0	0	0	77.582	567
16	8	0	0	0	0	83.5978	568
16	8	0	0	0	0	82.5997	569
16	9	0	0	0	0	89.0086	570
16	9	0	0	0	0	80.7152	571
16	9	0	0	0	0	86.5794	572
16	9	0	0	0	0	75.2985	573
16	9	0	0	0	0	82.3322	574
16	10	0	0	0	0	88.427	575
16	10	0	0	0	0	84.7794	576
16	10	0	0	0	0	87.7992	577
16	10	0	0	0	0	96.2828	578
16	10	0	0	0	0	85.0689	579
16	10	0	0	0	0	87.7736	580
16	10	0	0	0	0	91.8128	581
16	9	0	0	0	0	83.223	582
16	10	0	0	0	0	91.8092	583
16	10	0	0	0	0	86.3046	584
16	12	0	0	0	0	85.7649	585
16	13	0	0	0	0	96.2647	586
16	13	0	0	0	0	101.2	587
16	13	0	0	0	0	99.9148	588
16	13	0	0	0	0	97.1017	589
16	13	0	0	0	0	87.8156	590
16	13	0	0	0	0	91.563	591
13	13	0	0	0	0	91.3966	592
13	13	0	0	0	0	96.9983	593
13	13	0	0	0	0	87.6404	594
13	13	0	0	0	0	85.878	595
11	13	0	0	0	0	75.2043	596
11	13	0	0	0	0	82.7117	597
11	13	0	0	0	0	82.2027	598
11	13	0	0	0	0	84.6257	599
11	13	0	0	0	0	78.6721	600
11	13	0	0	0	0	80.8117	601
11	13	0	0	0	0	79.893	602
11	13	0	0	0	0	83.5716	603
11	13	0	0	0	0	80.9819	604
11	13	0	0	0	0	86.2005	605
11	13	0	0	0	0	83.0561	606
10	13	0	0	0	0	82.3669	607
10	13	0	0	0	0	84.7092	608
10	13	0	0	0	0	72.5777	609
10	13	0	0	0	0	76.5655	610
10	13	0	0	0	0	78.3878	611
11	13	0	0	0	0	75.5876	612
11	13	0	0	0	0	87.7789	613
12	13	0	0	0	0	86.6139	614
12	13	0	0	0	0	85.626	615
12	13	0	0	0	0	82.6784	616
12	13	0	0	0	0	85.5127	617
12	13	0	0	0	0	86.8565	618
12	13	0	0	0	0	83.6232	619
12	13	0	0	0	0	88.2859	620
12	14	0	0	0	0	93.176	621
12	14	0	0	0	0	92.5501	622
12	14	0	0	0	0	86.8039	623
12	14	0	0	0	0	92.618	624
12	14	0	0	0	0	91.0866	625
12	14	0	0	0	0	93.9854	626
12	14	0	0	0	0	90.3658	627
12	14	0	0	0	0	95.2653	628
12	14	0	0	0	0	87.586	629
10	14	0	0	0	0	85.2646	630
12	14	0	0	0	0	88.6476	631
12	14	0	0	0	0	83.2158	632
12	14	0	0	0	0	70.7381	633
12	14	0	0	0	0	78.9725	634
12	14	0	0	0	0	85.0548	635
12	14	0	0	0	0	85.9718	636
12	14	0	0	0	0	72.5294	637
12	14	0	0	0	0	79.9013	638
13	13	0	0	0	0	84.5524	639
12	14	0	0	0	0	69.45	640
12	14	0	0	0	0	74.1338	641
12	14	0	0	0	0	66.7287	642
13	14	0	0	0	0	67.1929	643
10	14	0	0	0	0	60.5482	644
10	14	0	0	0	0	69.6626	645
10	14	0	0	0	0	70.6817	646
10	14	0	0	0	0	72.9227	647
10	14	0	0	0	0	72.7371	648
10	14	0	0	0	0	70.4424	649
10	13	0	0	0	0	64.1532	650
10	13	0	0	0	0	72.7848	651
10	13	0	0	0	0	66.1062	652
9	13	0	0	0	0	64.2318	653
9	13	0	0	0	0	70.5999	654
8	13	0	0	0	0	71.97	655
8	13	0	0	0	0	63.505	656
8	13	0	0	0	0	62.4625	657
8	13	0	0	0	0	66.1589	658
8	13	0	0	0	0	64.1583	659
8	13	0	0	0	0	70.4523	660
8	13	0	0	0	0	69.3272	661
9	13	0	0	0	0	70.8076	662
9	13	0	0	0	0	66.7753	663
9	14	0	0	0	0	66.6422	664
9	14	0	0	0	0	64.5689	665
9	14	0	0	0	0	66.9195	666
9	14	0	0	0	0	66.4498	667
9	13	0	0	0	0	65.9533	668
9	13	0	0	0	0	66.1006	669
9	13	0	0	0	0	62.6443	670
9	12	0	0	0	0	71.4144	671
10	12	0	0	0	0	70.545	672
10	12	0	0	0	0	58.835	673
10	12	0	0	0	0	74.5618	674
10	12	0	0	0	0	75.9857	675
11	12	0	0	0	0	74.7576	676
11	12	0	0	0	0	73.7434	677
11	12	0	0	0	0	77.7737	678
11	12	0	0	0	0	80.3132	679
11	12	0	0	0	0	74.7219	680
11	12	0	0	0	0	82.3165	681
11	12	0	0	0	0	72.7084	682
11	12	0	0	0	0	73.2912	683
11	12	0	0	0	0	71.3392	684
11	11	0	0	0	0	66.6538	685
11	10	0	0	0	0	68.9256	686
11	10	0	0	0	0	66.2393	687
11	10	0	0	0	0	67.1974	688
10	10	0	0	0	0	64.8905	689
10	10	0	0	0	0	62.4923	690
10	10	0	0	0	0	68.3051	691
10	10	0	0	0	0	68.171	692
10	10	0	0	0	0	63.8349	693
11	10	0	0	0	0	58.1219	694
11	9	0	0	0	0	66.9186	695
12	9	0	0	0	0	65.5776	696
12	9	0	0	0	0	62.5168	697
12	9	0	0	0	0	68.5125	698
12	9	0	0	0	0	70.7113	699
12	9	0	0	0	0	68.6419	700
12	9	0	0	0	0	60.5265	701
12	9	0	0	0	0	71.942	702
12	9	0	0	0	0	66.412	703
12	9	0	0	0	0	63.467	704
12	9	0	0	0	0	63.9748	705
11	8	0	0	0	0	62.092	706
12	8	0	0	0	0	59.4816	707
12	8	0	0	0	0	60.9539	708
12	8	0	0	0	0	62.5489	709
12	8	0	0	0	0	62.9252	710
12	8	0	0	0	0	59.873	711
12	7	0	0	0	0	61.293	712
12	7	0	0	0	0	50.1592	713
12	6	0	0	0	0	52.0551	714
12	5	0	0	0	0	54.3328	715
12	5	0	0	0	0	55.0481	716
12	5	0	0	0	0	49.4846	717
12	5	0	0	0	0	49.6614	718
12	5	0	0	0	0	56.994	719
13	4	0	0	0	0	56.8547	720
13	4	0	0	0	0	57.8798	721
13	4	0	0	0	0	55.6517	722
14	4	0	0	0	0	56.9959	723
15	3	0	0	0	0	57.7988	724
15	3	0	0	0	0	55.5965	725
15	3	0	0	0	0	60.1971	726
15	3	0	0	0	0	51.0409	727
15	3	0	0	0	0	56.7699	728
15	3	0	0	0	0	59.3119	729
15	3	0	0	0	0	59.6177	730
15	3	0	0	0	0	64.8989	731
15	3	0	0	0	0	60.7684	732
15	3	0	0	0	0	57.5288	733
15	3	0	0	0	0	56.0012	734
15	3	0	0	0	0	62.0961	735
15	3	0	0	0	0	62.2686	736
15	3	0	0	0	0	62.4448	737
15	3	0	0	0	0	57.7508	738
15	3	0	0	0	0	64.6971	739
15	3	0	0	0	0	62.6149	740
15	3	0	0	0	0	58.0276	741
15	3	0	0	0	0	57.3572	742
16	3	0	0	0	0	54.5183	743
16	3	0	0	0	0	66.5556	744
16	3	0	0	0	0	66.4357	745
17	3	0	0	0	0	68.9222	746
17	3	0	0	0	0	70.4123	747
17	3	0	0	0	0	67.6861	748
17	3	0	0	0	0	61.9906	749
17	2	0	0	0	0	59.9818	750
17	2	0	0	0	0	66.5309	751
18	2	0	0	0	0	62.6938	752
18	2	0	0	0	0	68.5228	753
18	2	0	0	0	0	60.9372	754
18	2	0	0	0	0	68.3651	755
18	2	0	0	0	0	68.2284	756
18	2	0	0	0	0	67.9535	757
18	2	0	0	0	0	57.4845	758
18	2	0	0	0	0	65.472	759
18	2	0	0	0	0	65.6429	760
18	2	0	0	0	0	55.6146	761
15	2	0	0	0	0	55.8158	762
15	2	0	0	0	0	50.0936	763
15	2	0	0	0	0	55.7186	764
15	2	0	0	0	0	60.0727	765
15	2	0	0	0	0	57.7631	766
15	2	0	0	0	0	54.7641	767
15	2	0	0	0	0	58.9912	768
15	2	0	0	0	0	54.7921	769
15	2	0	0	0	0	52.5163	770
15	1	0	0	0	0	46.5878	771
15	3	0	0	0	0	56.7395	772
15	3	0	0	0	0	49.0112	773
15	4	0	0	0	0	56.5579	774
15	5	0	0	0	0	41.3912	775
16	5	0	0	0	0	45.7268	776
17	6	0	0	0	0	43.9134	777
16	6	0	0	0	0	38.7611	778
16	6	0	0	0	0	45.0525	779
16	6	0	0	0	0	41.7615	780
13	6	0	0	0	0	51.08	781
13	6	0	0	0	0	55.4777	782
12	6	0	0	0	0	52.0621	783
11	6	0	0	0	0	58.0423	784
11	6	0	0	0	0	57.4866	785
11	6	0	0	0	0	53.1952	786
11	6	0	0	0	0	55.8327	787
11	6	0	0	0	0	51.9976	788
11	6	0	0	0	0	57.5749	789
11	6	0	0	0	0	50.7064	790
11	7	0	0	0	0	59.1548	791
11	7	0	0	0	0	65.2141	792
11	7	0	0	0	0	57.8552	793
11	7	0	0	0	0	53.4274	794
11	7	0	0	0	0	59.8637	795
11	7	0	0	0	0	52.2161	796
11	7	0	0	0	0	65.4926	797
11	7	0	0	0	0	57.7462	798
11	7	0	0	0	0	58.9402	799
11	7	0	0	0	0	50.581	800
11	6	0	0	0	0	48.3439	801
11	6	0	0	0	0	60.0112	802
11	6	0	0	0	0	50.7485	803
11	6	0	0	0	0	57.0095	804
11	6	0	0	0	0	55.0389	805
11	6	0	0	0	0	49.2076	806
10	6	0	0	0	0	45.1705	807
10	6	0	0	0	0	45.144	808
10	6	0	0	0	0	48.8803	809
10	6	0	0	0	0	46.0628	810
9	6	0	0	0	0	45.2882	811
8	6	0	0	0	0	42.5578	812
8	6	0	0	0	0	48.7199	813
8	6	0	0	0	0	45.8346	814
8	6	0	0	0	0	42.9749	815
8	6	0	0	0	0	47.5135	816
8	6	0	0	0	0	45.6099	817
8	6	0	0	0	0	42.534	818
8	6	0	0	0	0	42.3835	819
8	6	0	0	0	0	45.6099	820
8	6	0	0	0	0	45.1705	821
8	6	0	0	0	0	47.2423	822
8	6	0	0	0	0	47.4924	823
8	6	0	0	0	0	46.8566	824
8	6	0	0	0	0	41.2461	825
8	6	0	0	0	0	46.0424	826
8	6	0	0	0	0	41.125	827
8	5	0	0	0	0	39.0861	828
8	5	0	0	0	0	39.1788	829
8	5	0	0	0	0	38.3851	830
8	4	0	0	0	0	36.5074	831
8	4	0	0	0	0	34.4804	832
8	4	0	0	0	0	35.2576	833
8	4	0	0	0	0	39.4577	834
8	4	0	0	0	0	37.0851	835
8	4	0	0	0	0	41.4938	836
8	4	0	0	0	0	35.8585	837
8	4	0	0	0	0	33.8728	838
8	4	0	0	0	0	28.6824	839
8	4	0	0	0	0	33.1179	840
8	5	0	0	0	0	34.3998	841
8	5	0	0	0	0	35.2733	842
8	5	0	0	0	0	31.7243	843
6	5	0	0	0	0	27.8832	844
6	5	0	0	0	0	25.4286	845
6	5	0	0	0	0	27.9083	846
6	5	0	0	0	0	28.1283	847
6	5	0	0	0	0	28.1391	848
5	5	0	0	0	0	28.1391	849
5	5	0	0	0	0	27.4125	850
5	5	0	0	0	0	31.8435	851
5	5	0	0	0	0	32.1117	852
5	5	0	0	0	0	30.7651	853
5	5	0	0	0	0	27.8069	854
5	5	0	0	0	0	32.5648	855
5	5	0	0	0	0	30.0091	856
5	5	0	0	0	0	33.4542	857
5	5	0	0	0	0	27.7894	858
5	5	0	0	0	0	31.7852	859
5	5	0	0	0	0	28.6811	860
5	7	0	0	0	0	31.9984	861
5	7	0	0	0	0	34.4086	862
5	7	0	0	0	0	41.3852	863
5	7	0	0	0	0	38.5804	864
5	7	0	0	0	0	36.0253	865
5	7	0	0	0	0	39.7954	866
5	7	0	0	0	0	32.9036	867
5	7	0	0	0	0	39.2695	868
5	7	0	0	0	0	39.7493	869
5	7	0	0	0	0	37.3711	870
5	7	0	0	0	0	39.7848	871
5	7	0	0	0	0	39.6204	872
5	7	0	0	0	0	40.888	873
5	7	0	0	0	0	37.8176	874
5	7	0	0	0	0	41.3444	875
5	7	0	0	0	0	38.2622	876
5	7	0	0	0	0	36.7139	877
4	7	0	0	0	0	32.5865	878
4	7	0	0	0	0	35.935	879
4	7	0	0	0	0	33.9382	880
4	7	0	0	0	0	29.1628	881
4	7	0	0	0	0	34.1811	882
4	7	0	0	0	0	30.7779	883
4	7	0	0	0	0	37.3605	884
4	7	0	0	0	0	37.5432	885
5	7	0	0	0	0	35.214	886
5	9	0	0	0	0	40.888	887
5	9	0	0	0	0	45.76	888
5	15	0	0	0	0	47.3994	889
5	15	0	0	0	0	43.3231	890
5	15	0	0	0	0	35.6212	891
5	15	0	0	0	0	49.6274	892
5	15	0	0	0	0	55.4449	893
5	15	0	0	0	0	54.1885	894
5	15	0	0	0	0	56.8697	895
2	15	0	0	0	0	58.1403	896
3	15	0	0	0	0	58.7941	897
3	15	0	0	0	0	54.1009	898
3	15	0	0	0	0	59.0294	899
3	15	0	0	0	0	52.8396	900
3	15	0	0	0	0	56.8137	901
3	15	0	0	0	0	57.3744	902
3	15	0	0	0	0	62.5799	903
3	16	0	0	0	0	54.2124	904
3	16	0	0	0	0	62.5025	905
3	16	0	0	0	0	60.0781	906
3	15	0	0	0	0	52.1997	907
3	15	0	0	0	0	51.7272	908
3	15	0	0	0	0	59.2741	909
3	14	0	0	0	0	55.7533	910
3	14	0	0	0	0	57.2877	911
4	14	0	0	0	0	43.8599	912
4	14	0	0	0	0	63.7859	913
4	14	0	0	0	0	60.5798	914
4	16	0	0	0	0	59.9721	915
4	16	0	0	0	0	62.4427	916
4	16	0	0	0	0	57.9426	917
4	16	0	0	0	0	61.7903	918
4	16	0	0	0	0	66.1806	919
4	16	0	0	0	0	59.5128	920
4	16	0	0	0	0	60.2383	921
4	15	0	0	0	0	65.9919	922
4	15	0	0	0	0	66.6191	923
4	15	0	0	0	0	62.7028	924
4	15	0	0	0	0	61.0402	925
4	14	0	0	0	0	60.1007	926
4	14	0	0	0	0	64.2602	927
4	14	0	0	0	0	62.5817	928
4	14	0	0	0	0	61.4772	929
4	14	0	0	0	0	63.1878	930
4	14	0	0	0	0	60.0628	931
4	14	0	0	0	0	61.3333	932
4	14	0	0	0	0	61.9553	933
4	14	0	0	0	0	58.2149	934
4	14	0	0	0	0	60.5231	935
4	14	0	0	0	0	58.4249	936
4	14	0	0	0	0	63.0673	937
4	14	0	0	0	0	55.0313	938
3	14	0	0	0	0	48.7997	939
3	14	0	0	0	0	54.8937	940
3	13	0	0	0	0	53.125	941
3	13	0	0	0	0	56.9978	942
3	13	0	0	0	0	52.3936	943
3	13	0	0	0	0	54.5371	944
3	13	0	0	0	0	55.2456	945
3	16	0	0	0	0	54.8143	946
3	16	0	0	0	0	55.1675	947
3	16	0	0	0	0	53.2077	948
3	17	0	0	0	0	51.1559	949
3	17	0	0	0	0	63.4874	950
3	17	0	0	0	0	66.6142	951
3	17	0	0	0	0	64.5948	952
3	17	0	0	0	0	69.3945	953
3	19	0	0	0	0	70.6213	954
3	19	0	0	0	0	66.0206	955
3	19	0	0	0	0	71.1036	956
3	19	0	0	0	0	66.5075	957
3	19	0	0	0	0	74.8105	958
3	19	0	0	0	0	74.2367	959
3	19	0	0	0	0	80.5871	960
4	19	0	0	0	0	69.9996	961
4	18	0	0	0	0	76.6052	962
4	18	0	0	0	0	69.7616	963
4	19	0	0	0	0	74.4215	964
4	19	0	0	0	0	74.3637	965
4	19	0	0	0	0	71.9195	966
4	19	0	0	0	0	75.4293	967
4	19	0	0	0	0	73.2859	968
4	19	0	0	0	0	82.6356	969
4	19	0	0	0	0	82.0492	970
4	19	0	0	0	0	80.6343	971
4	19	0	0	0	0	73.0278	972
4	19	0	0	0	0	73.2861	973
4	19	0	0	0	0	69.7724	974
4	19	0	0	0	0	74.8321	975
4	17	0	0	0	0	68.3319	976
4	18	0	0	0	0	68.2745	977
5	18	0	0	0	0	68.0637	978
5	18	0	0	0	0	75.7913	979
5	18	0	0	0	0	73.5443	980
5	18	0	0	0	0	65.8813	981
5	18	0	0	0	0	59.4783	982
5	18	0	0	0	0	53.5788	983
5	19	0	0	0	0	69.7452	984
5	19	0	0	0	0	70.3325	985
4	19	0	0	0	0	71.867	986
5	19	0	0	0	0	71.445	987
5	19	0	0	0	0	73.1733	988
7	19	0	0	0	0	81.9932	989
7	19	0	0	0	0	76.077	990
7	19	0	0	0	0	84.3931	991
7	19	0	0	0	0	93.2522	992
7	19	0	0	0	0	85.6909	993
7	19	0	0	0	0	83.2036	994
7	19	0	0	0	0	92.0543	995
7	19	0	0	0	0	84.0679	996
7	19	0	0	0	0	70.4648	997
7	18	0	0	0	0	86.5469	998
7	18	0	0	0	0	82.5677	999
7	19	0	0	0	0	73.9465	1000
7	17	0	0	0	0	80.9606	1001
7	17	0	0	0	0	88.5182	1002
7	17	0	0	0	0	70.6016	1003
7	17	0	0	0	0	72.2882	1004
7	17	0	0	0	0	77.5305	1005
7	19	0	0	0	0	78.0637	1006
7	19	0	0	0	0	79.9087	1007
8	19	0	0	0	0	73.0866	1008
8	19	0	0	0	0	87.1416	1009
8	19	0	0	0	0	75.6853	1010
8	17	0	0	0	0	81.9392	1011
9	16	0	0	0	0	77.1255	1012
9	16	0	0	0	0	88.2559	1013
9	16	0	0	0	0	88.0427	1014
9	16	0	0	0	0	87.6748	1015
10	16	0	0	0	0	88.0215	1016
10	17	0	0	0	0	88.7387	1017
10	17	0	0	0	0	78.4169	1018
10	17	0	0	0	0	88.4102	1019
10	17	0	0	0	0	91.677	1020
10	17	0	0	0	0	96.0853	1021
10	17	0	0	0	0	91.3148	1022
10	17	0	0	0	0	91.4756	1023
10	17	0	0	0	0	88.7074	1024
10	17	0	0	0	0	91.7008	1025
10	18	0	0	0	0	91.9838	1026
10	19	0	0	0	0	93.8743	1027
10	20	0	0	0	0	93.8345	1028
10	20	0	0	0	0	93.5718	1029
10	21	0	0	0	0	89.7751	1030
9	21	0	0	0	0	102.451	1031
9	21	0	0	0	0	101.431	1032
9	21	0	0	0	0	98.3971	1033
9	21	0	0	0	0	105.31	1034
9	21	0	0	0	0	94.6398	1035
9	21	0	0	0	0	94.0011	1036
9	20	0	0	0	0	88.5817	1037
10	20	0	0	0	0	85.8258	1038
9	17	0	0	0	0	75.3702	1039
9	17	0	0	0	0	95.2962	1040
10	17	0	0	0	0	94.1526	1041
10	17	0	0	0	0	98.0675	1042
10	17	0	0	0	0	95.2926	1043
10	17	0	0	0	0	89.064	1044
11	17	0	0	0	0	92.7689	1045
11	17	0	0	0	0	101.3	1046
10	17	0	0	0	0	94.1803	1047
10	17	0	0	0	0	89.6276	1048
10	16	0	0	0	0	87.0926	1049
11	16	0	0	0	0	86.5093	1050
11	16	0	0	0	0	86.0157	1051
11	16	0	0	0	0	84.8635	1052
11	16	0	0	0	0	88.0631	1053
11	14	0	0	0	0	85.864	1054
11	14	0	0	0	0	90.0742	1055
11	14	0	0	0	0	88.5286	1056
11	14	0	0	0	0	85.6791	1057
11	14	0	0	0	0	87.37	1058
11	14	0	0	0	0	82.7168	1059
11	14	0	0	0	0	87.0617	1060
11	14	0	0	0	0	92.0047	1061
11	14	0	0	0	0	85.5106	1062
11	14	0	0	0	0	83.8722	1063
11	14	0	0	0	0	86.5569	1064
11	14	0	0	0	0	74.6204	1065
11	14	0	0	0	0	82.9811	1066
11	14	0	0	0	0	87.0395	1067
11	15	0	0	0	0	90.6943	1068
11	15	0	0	0	0	90.884	1069
11	15	0	0	0	0	91.2908	1070
11	15	0	0	0	0	91.3689	1071
11	15	0	0	0	0	88.3221	1072
11	15	0	0	0	0	92.7123	1073
11	16	0	0	0	0	80.1515	1074
11	17	0	0	0	0	95.1727	1075
11	17	0	0	0	0	89.5563	1076
11	17	0	0	0	0	88.4886	1077
11	17	0	0	0	0	78.8539	1078
11	16	0	0	0	0	83.0406	1079
11	16	0	0	0	0	89.3446	1080
11	16	0	0	0	0	87.2733	1081
11	16	0	0	0	0	92.4847	1082
11	16	0	0	0	0	97.0101	1083
11	16	0	0	0	0	89.1597	1084
11	16	0	0	0	0	89.3283	1085
11	16	0	0	0	0	87.5951	1086
11	18	0	0	0	0	76.458	1087
12	18	0	0	0	0	85.8701	1088
9	17	0	0	0	0	76.0487	1089
9	16	0	0	0	0	80.4147	1090
8	16	0	0	0	0	80.6204	1091
8	16	0	0	0	0	83.2083	1092
8	16	0	0	0	0	72.736	1093
9	15	0	0	0	0	72.5785	1094
9	15	0	0	0	0	71.0251	1095
8	15	0	0	0	0	72.7431	1096
8	14	0	0	0	0	75.6172	1097
8	14	0	0	0	0	74.2398	1098
8	14	0	0	0	0	63.0594	1099
8	14	0	0	0	0	72.3941	1100
8	14	0	0	0	0	72.8735	1101
8	14	0	0	0	0	78.5149	1102
8	14	0	0	0	0	67.9475	1103
9	13	0	0	0	0	70.7056	1104
9	13	0	0	0	0	76.0457	1105
9	13	0	0	0	0	65.1138	1106
9	12	0	0	0	0	68.108	1107
10	12	0	0	0	0	73.883	1108
10	12	0	0	0	0	72.391	1109
11	12	0	0	0	0	71.7891	1110
11	11	0	0	0	0	65.3174	1111
11	11	0	0	0	0	74.5363	1112
11	11	0	0	0	0	74.6448	1113
11	11	0	0	0	0	70.9116	1114
12	10	0	0	0	0	71.7586	1115
12	10	0	0	0	0	77.4792	1116
12	10	0	0	0	0	65.4222	1117
12	10	0	0	0	0	69.8614	1118
12	10	0	0	0	0	71.3362	1119
12	9	0	0	0	0	58.2987	1120
12	8	0	0	0	0	67.8575	1121
12	8	0	0	0	0	66.8323	1122
12	8	0	0	0	0	67.9033	1123
12	8	0	0	0	0	55.1256	1124
12	9	0	0	0	0	49.5344	1125
11	9	0	0	0	0	57.2199	1126
11	8	0	0	0	0	59.8616	1127
11	8	0	0	0	0	58.604	1128
11	8	0	0	0	0	60.889	1129
10	8	0	0	0	0	60.5038	1130
11	8	0	0	0	0	58.6127	1131
11	8	0	0	0	0	58.2746	1132
12	8	0	0	0	0	59.0515	1133
12	8	0	0	0	0	55.5825	1134
12	8	0	0	0	0	72.1401	1135
12	8	0	0	0	0	67.8276	1136
13	8	0	0	0	0	66.4529	1137
13	8	0	0	0	0	70.7294	1138
14	8	0	0	0	0	68.2529	1139
14	8	0	0	0	0	79.4132	1140
14	8	0	0	0	0	69.1472	1141
14	8	0	0	0	0	63.4463	1142
13	7	0	0	0	0	63.4639	1143
13	7	0	0	0	0	58.8729	1144
13	7	0	0	0	0	67.6253	1145
13	7	0	0	0	0	66.2237	1146
13	7	0	0	0	0	63.3509	1147
12	7	0	0	0	0	66.6798	1148
12	7	0	0	0	0	63.0493	1149
11	7	0	0	0	0	56.868	1150
11	7	0	0	0	0	51.719	1151
11	7	0	0	0	0	53.3201	1152
11	7	0	0	0	0	59.2924	1153
11	7	0	0	0	0	57.1843	1154
11	7	0	0	0	0	52.7979	1155
12	7	0	0	0	0	55.5438	1156
12	7	0	0	0	0	58.8495	1157
12	7	0	0	0	0	62.7444	1158
12	7	0	0	0	0	52.7905	1159
12	7	0	0	0	0	63.6906	1160
12	7	0	0	0	0	66.4703	1161
12	7	0	0	0	0	66.6153	1162
12	7	0	0	0	0	63.447	1163
12	7	0	0	0	0	53.0935	1164
12	7	0	0	0	0	59.9128	1165
12	7	0	0	0	0	60.9671	1166
12	6	0	0	0	0	49.3785	1167
12	6	0	0	0	0	60.3278	1168
12	6	0	0	0	0	59.3608	1169
12	6	0	0	0	0	56.4543	1170
11	6	0	0	0	0	55.9536	1171
11	6	0	0	0	0	52.9485	1172
11	6	0	0	0	0	53.1754	1173
11	6	0	0	0	0	58.778	1174
11	6	0	0	0	0	55.006	1175
11	5	0	0	0	0	53.0391	1176
12	5	0	0	0	0	46.479	1177
12	5	0	0	0	0	54.1531	1178
12	5	0	0	0	0	48.4972	1179
11	4	0	0	0	0	45.1768	1180
11	4	0	0	0	0	43.1196	1181
10	4	0	0	0	0	36.4462	1182
11	5	0	0	0	0	45.0525	1183
11	5	0	0	0	0	46.0234	1184
11	5	0	0	0	0	54.7539	1185
11	6	0	0	0	0	49.478	1186
11	6	0	0	0	0	52.447	1187
11	6	0	0	0	0	54.3966	1188
11	6	0	0	0	0	50.6613	1189
11	6	0	0	0	0	52.4183	1190
11	6	0	0	0	0	57.3059	1191
11	8	0	0	0	0	55.658	1192
11	9	0	0	0	0	63.819	1193
11	9	0	0	0	0	67.6975	1194
11	9	0	0	0	0	68.5017	1195
11	9	0	0	0	0	63.4715	1196
11	9	0	0	0	0	70.0438	1197
11	9	0	0	0	0	72.0086	1198
11	9	0	0	0	0	73.1867	1199
11	9	0	0	0	0	62.1823	1200
11	9	0	0	0	0	67.1856	1201
11	9	0	0	0	0	67.9622	1202
11	9	0	0	0	0	62.7214	1203
11	9	0	0	0	0	58.9089	1204
11	9	0	0	0	0	55.0815	1205
11	8	0	0	0	0	57.4362	1206
12	8	0	0	0	0	53.3677	1207
12	7	0	0	0	0	61.4767	1208
12	7	0	0	0	0	64.8061	1209
12	7	0	0	0	0	59.4086	1210
12	6	0	0	0	0	64.3633	1211
12	6	0	0	0	0	58.8334	1212
13	7	0	0	0	0	61.3668	1213
13	7	0	0	0	0	69.4768	1214
13	7	0	0	0	0	68.3084	1215
13	7	0	0	0	0	71.0279	1216
13	7	0	0	0	0	63.8942	1217
13	7	0	0	0	0	66.3537	1218
13	7	0	0	0	0	67.9724	1219
13	7	0	0	0	0	65.5208	1220
14	7	0	0	0	0	65.8075	1221
14	7	0	0	0	0	66.0385	1222
14	7	0	0	0	0	71.0202	1223
13	7	0	0	0	0	61.3665	1224
11	7	0	0	0	0	63.0175	1225
11	7	0	0	0	0	56.091	1226
11	7	0	0	0	0	59.1823	1227
10	7	0	0	0	0	46.4503	1228
10	7	0	0	0	0	60.7442	1229
10	7	0	0	0	0	51.1028	1230
10	8	0	0	0	0	60.0639	1231
10	8	0	0	0	0	60.8446	1232
10	8	0	0	0	0	55.4311	1233
10	8	0	0	0	0	59.2893	1234
10	8	0	0	0	0	60.4261	1235
10	9	0	0	0	0	60.1357	1236
10	8	0	0	0	0	58.0942	1237
10	8	0	0	0	0	50.0246	1238
10	8	0	0	0	0	63.0282	1239
10	8	0	0	0	0	56.0244	1240
10	8	0	0	0	0	65.5335	1241
10	8	0	0	0	0	58.8433	1242
10	8	0	0	0	0	56.6714	1243
10	8	0	0	0	0	61.2122	1244
11	10	0	0	0	0	55.312	1245
11	10	0	0	0	0	62.9585	1246
11	10	0	0	0	0	69.1175	1247
11	10	0	0	0	0	61.8821	1248
11	10	0	0	0	0	72.0354	1249
11	10	0	0	0	0	71.0015	1250
12	10	0	0	0	0	71.9483	1251
13	11	0	0	0	0	77.637	1252
13	11	0	0	0	0	73.5671	1253
11	11	0	0	0	0	75.7438	1254
11	11	0	0	0	0	78.7704	1255
11	11	0	0	0	0	77.0262	1256
11	12	0	0	0	0	72.7609	1257
12	13	0	0	0	0	74.2573	1258
12	12	0	0	0	0	76.2055	1259
12	12	0	0	0	0	73.0512	1260
12	12	0	0	0	0	80.8745	1261
12	12	0	0	0	0	78.2861	1262
13	12	0	0	0	0	82.9386	1263
13	12	0	0	0	0	78.2005	1264
13	12	0	0	0	0	80.6735	1265
11	12	0	0	0	0	84.8812	1266
12	12	0	0	0	0	74.3114	1267
12	12	0	0	0	0	80.0158	1268
12	12	0	0	0	0	78.0588	1269
12	12	0	0	0	0	79.9435	1270
12	12	0	0	0	0	76.0693	1271
13	12	0	0	0	0	76.3753	1272
13	12	0	0	0	0	82.1238	1273
12	12	0	0	0	0	78.481	1274
12	12	0	0	0	0	84.2104	1275
12	12	0	0	0	0	72.3459	1276
12	13	0	0	0	0	79.3268	1277
12	13	0	0	0	0	85.8505	1278
12	15	0	0	0	0	82.405	1279
12	15	0	0	0	0	83.1704	1280
12	15	0	0	0	0	86.9731	1281
12	15	0	0	0	0	88.1947	1282
12	14	0	0	0	0	90.5185	1283
12	14	0	0	0	0	92.5767	1284
12	14	0	0	0	0	87.23	1285
12	14	0	0	0	0	86.146	1286
12	14	0	0	0	0	85.445	1287
12	14	0	0	0	0	92.3932	1288
12	14	0	0	0	0	93.9075	1289
12	14	0	0	0	0	90.5737	1290
12	14	0	0	0	0	86.7239	1291
12	14	0	0	0	0	92.8695	1292
12	14	0	0	0	0	90.4095	1293
13	14	0	0	0	0	94.229	1294
13	14	0	0	0	0	89.5184	1295
13	14	0	0	0	0	83.7077	1296
13	15	0	0	0	0	87.9463	1297
13	15	0	0	0	0	86.1166	1298
13	16	0	0	0	0	96.4035	1299
13	16	0	0	0	0	87.0714	1300
13	16	0	0	0	0	98.0846	1301
13	16	0	0	0	0	98.7012	1302
13	16	0	0	0	0	102.848	1303
14	16	0	0	0	0	96.4408	1304
12	17	0	0	0	0	98.7216	1305
13	17	0	0	0	0	96.1745	1306
12	17	0	0	0	0	102.375	1307
12	18	0	0	0	0	107.578	1308
12	18	0	0	0	0	102.977	1309
12	18	0	0	0	0	104.519	1310
12	18	0	0	0	0	102.382	1311
12	18	0	0	0	0	101.434	1312
12	18	0	0	0	0	101.459	1313
11	18	0	0	0	0	102.197	1314
11	18	0	0	0	0	99.1754	1315
11	17	0	0	0	0	102.885	1316
11	17	0	0	0	0	90.0732	1317
11	17	0	0	0	0	86.3101	1318
10	17	0	0	0	0	92.6897	1319
10	17	0	0	0	0	93.8756	1320
10	17	0	0	0	0	88.9804	1321
10	17	0	0	0	0	93.4279	1322
11	17	0	0	0	0	95.9065	1323
11	17	0	0	0	0	97.9534	1324
11	17	0	0	0	0	91.7351	1325
11	17	0	0	0	0	89.3166	1326
11	17	0	0	0	0	86.797	1327
11	16	0	0	0	0	87.8633	1328
11	16	0	0	0	0	90.0358	1329
11	15	0	0	0	0	96.7553	1330
11	15	0	0	0	0	83.1193	1331
10	15	0	0	0	0	76.7034	1332
10	14	0	0	0	0	80.487	1333
10	14	0	0	0	0	83.8019	1334
10	14	0	0	0	0	77.0932	1335
10	13	0	0	0	0	78.3878	1336
10	13	0	0	0	0	71.5645	1337
10	13	0	0	0	0	77.0615	1338
10	13	0	0	0	0	77.5341	1339
10	13	0	0	0	0	84.4718	1340
10	13	0	0	0	0	75.3681	1341
10	13	0	0	0	0	71.077	1342
10	13	0	0	0	0	82.4372	1343
10	13	0	0	0	0	77.9394	1344
10	13	0	0	0	0	75.035	1345
10	12	0	0	0	0	79.9307	1346
11	12	0	0	0	0	66.4696	1347
10	12	0	0	0	0	68.1956	1348
10	12	0	0	0	0	74.7103	1349
10	12	0	0	0	0	78.1962	1350
10	12	0	0	0	0	73.9944	1351
10	12	0	0	0	0	68.2997	1352
10	12	0	0	0	0	76.785	1353
10	12	0	0	0	0	76.1417	1354
10	12	0	0	0	0	76.2654	1355
11	12	0	0	0	0	74.7725	1356
12	12	0	0	0	0	74.798	1357
12	12	0	0	0	0	74.9563	1358
13	12	0	0	0	0	85.6694	1359
13	12	0	0	0	0	84.6537	1360
13	12	0	0	0	0	80.9058	1361
13	12	0	0	0	0	84.6158	1362
13	11	0	0	0	0	78.9802	1363
13	11	0	0	0	0	84.6527	1364
13	11	0	0	0	0	84.1749	1365
13	11	0	0	0	0	82.0371	1366
13	11	0	0	0	0	83.6637	1367
13	11	0	0	0	0	80.3307	1368
13	11	0	0	0	0	75.1455	1369
13	10	0	0	0	0	81.2424	1370
13	10	0	0	0	0	77.2741	1371
13	10	0	0	0	0	79.6616	1372
14	10	0	0	0	0	78.1736	1373
14	10	0	0	0	0	81.1516	1374
14	10	0	0	0	0	86.7629	1375
14	10	0	0	0	0	78.6573	1376
14	10	0	0	0	0	88.8579	1377
14	10	0	0	0	0	82.4021	1378
14	10	0	0	0	0	76.9483	1379
14	9	0	0	0	0	77.3346	1380
14	9	0	0	0	0	67.7336	1381
14	9	0	0	0	0	67.3744	1382
14	9	0	0	0	0	73.7818	1383
14	9	0	0	0	0	68.7386	1384
14	9	0	0	0	0	72.1379	1385
14	9	0	0	0	0	72.2669	1386
14	9	0	0	0	0	71.6487	1387
14	13	0	0	0	0	72.6272	1388
14	15	0	0	0	0	70.0916	1389
14	15	0	0	0	0	72.6182	1390
13	15	0	0	0	0	72.054	1391
13	15	0	0	0	0	87.9126	1392
13	16	0	0	0	0	93.0552	1393
13	18	0	0	0	0	82.4345	1394
11	17	0	0	0	0	82.1359	1395
11	17	0	0	0	0	84.2989	1396
8	17	0	0	0	0	70.6864	1397
8	17	0	0	0	0	81.238	1398
8	17	0	0	0	0	79.0771	1399
8	17	0	0	0	0	84.398	1400
8	17	0	0	0	0	84.2324	1401
7	17	0	0	0	0	77.3635	1402
7	17	0	0	0	0	84.2918	1403
9	17	0	0	0	0	85.3144	1404
9	17	0	0	0	0	85.6937	1405
9	17	0	0	0	0	80.0077	1406
9	17	0	0	0	0	81.1322	1407
8	16	0	0	0	0	85.7795	1408
8	16	0	0	0	0	76.5269	1409
8	16	0	0	0	0	74.2074	1410
8	16	0	0	0	0	82.1396	1411
8	15	0	0	0	0	79.8228	1412
8	15	0	0	0	0	84.539	1413
8	15	0	0	0	0	78.9223	1414
8	15	0	0	0	0	76.5642	1415
8	15	0	0	0	0	79.6192	1416
8	15	0	0	0	0	79.7682	1417
8	15	0	0	0	0	75.0175	1418
8	15	0	0	0	0	77.5708	1419
8	16	0	0	0	0	77.731	1420
9	16	0	0	0	0	84.1697	1421
9	16	0	0	0	0	79.5101	1422
9	16	0	0	0	0	80.5395	1423
9	16	0	0	0	0	86.1784	1424
9	16	0	0	0	0	84.6442	1425
10	16	0	0	0	0	85.8736	1426
10	16	0	0	0	0	72.5548	1427
10	16	0	0	0	0	87.6335	1428
10	15	0	0	0	0	90.0985	1429
11	15	0	0	0	0	83.6307	1430
12	14	0	0	0	0	83.0713	1431
12	17	0	0	0	0	87.8309	1432
12	17	0	0	0	0	85.9748	1433
12	17	0	0	0	0	98.4665	1434
12	17	0	0	0	0	89.2282	1435
12	17	0	0	0	0	95.9089	1436
12	17	0	0	0	0	102.058	1437
12	16	0	0	0	0	97.0223	1438
11	16	0	0	0	0	93.5086	1439
11	16	0	0	0	0	89.9722	1440
11	16	0	0	0	0	93.1005	1441
11	15	0	0	0	0	94.1859	1442
12	15	0	0	0	0	87.2501	1443
12	15	0	0	0	0	91.8535	1444
13	15	0	0	0	0	93.0167	1445
13	15	0	0	0	0	92.2921	1446
13	16	0	0	0	0	90.4287	1447
13	16	0	0	0	0	86.1838	1448
14	16	0	0	0	0	103.885	1449
14	16	0	0	0	0	97.6364	1450
14	16	0	0	0	0	108.667	1451
14	16	0	0	0	0	109.573	1452
14	16	0	0	0	0	107.976	1453
14	16	0	0	0	0	104.386	1454
14	16	0	0	0	0	104.52	1455
14	16	0	0	0	0	93.6917	1456
14	16	0	0	0	0	99.9828	1457
14	15	0	0	0	0	101.786	1458
13	15	0	0	0	0	99.0602	1459
13	15	0	0	0	0	89.9241	1460
14	15	0	0	0	0	102.932	1461
14	15	0	0	0	0	104.289	1462
14	15	0	0	0	0	90.4582	1463
14	15	0	0	0	0	96.2301	1464
14	15	0	0	0	0	101.322	1465
14	15	0	0	0	0	90.3712	1466
14	15	0	0	0	0	96.6573	1467
14	15	0	0	0	0	99.8198	1468
14	15	0	0	0	0	93.3362	1469
13	15	0	0	0	0	87.4674	1470
13	16	0	0	0	0	87.0903	1471
13	15	0	0	0	0	93.5428	1472
13	15	0	0	0	0	95.7575	1473
13	15	0	0	0	0	97.6574	1474
13	15	0	0	0	0	98.3914	1475
13	15	0	0	0	0	93.1891	1476
14	15	0	0	0	0	94.6996	1477
15	15	0	0	0	0	100.285	1478
15	15	0	0	0	0	97.9752	1479
15	15	0	0	0	0	99.0362	1480
15	15	0	0	0	0	105.965	1481
15	15	0	0	0	0	96.3669	1482
15	15	0	0	0	0	95.3331	1483
14	15	0	0	0	0	96.8838	1484
14	15	0	0	0	0	92.3277	1485
14	14	0	0	0	0	97.9882	1486
14	14	0	0	0	0	94.2234	1487
14	13	0	0	0	0	97.3558	1488
14	13	0	0	0	0	96.6854	1489
14	13	0	0	0	0	93.7523	1490
14	13	0	0	0	0	87.2849	1491
14	13	0	0	0	0	91.9749	1492
14	13	0	0	0	0	100.737	1493
14	13	0	0	0	0	87.0005	1494
12	13	0	0	0	0	87.6923	1495
12	13	0	0	0	0	78.9006	1496
11	13	0	0	0	0	78.3403	1497
14	15	0	0	0	0	86.1958	1498
14	15	0	0	0	0	93.8855	1499
14	14	0	0	0	0	96.5681	1500
14	13	0	0	0	0	84.8589	1501
13	14	0	0	0	0	86.5546	1502
13	14	0	0	0	0	82.6773	1503
13	14	0	0	0	0	70.4005	1504
13	14	0	0	0	0	91.4657	1505
13	14	0	0	0	0	81.8378	1506
12	15	0	0	0	0	87.4769	1507
11	15	0	0	0	0	81.2859	1508
11	15	0	0	0	0	78.7516	1509
11	14	0	0	0	0	81.5973	1510
11	14	0	0	0	0	85.0393	1511
11	15	0	0	0	0	89.267	1512
12	15	0	0	0	0	90.4394	1513
12	15	0	0	0	0	92.3682	1514
12	15	0	0	0	0	95.0573	1515
12	15	0	0	0	0	93.4946	1516
12	15	0	0	0	0	95.1438	1517
12	15	0	0	0	0	88.376	1518
12	16	0	0	0	0	82.0758	1519
12	16	0	0	0	0	72.0529	1520
12	16	0	0	0	0	87.3182	1521
12	16	0	0	0	0	91.5615	1522
11	17	0	0	0	0	86.3273	1523
11	16	0	0	0	0	87.3427	1524
11	16	0	0	0	0	91.962	1525
11	16	0	0	0	0	88.3888	1526
11	16	0	0	0	0	86.9202	1527
10	17	0	0	0	0	83.5562	1528
11	17	0	0	0	0	94.9636	1529
11	17	0	0	0	0	91.2101	1530
11	17	0	0	0	0	92.7789	1531
11	17	0	0	0	0	92.9384	1532
11	17	0	0	0	0	83.7717	1533
11	16	0	0	0	0	92.0911	1534
11	16	0	0	0	0	88.7562	1535
11	16	0	0	0	0	94.7794	1536
11	16	0	0	0	0	83.728	1537
11	14	0	0	0	0	83.9321	1538
11	13	0	0	0	0	70.5208	1539
11	13	0	0	0	0	78.5594	1540
10	13	0	0	0	0	79.9991	1541
10	13	0	0	0	0	83.3937	1542
11	13	0	0	0	0	74.949	1543
11	12	0	0	0	0	85.0844	1544
11	12	0	0	0	0	77.5252	1545
11	12	0	0	0	0	79.1522	1546
11	13	0	0	0	0	77.8904	1547
11	13	0	0	0	0	81.9147	1548
11	13	0	0	0	0	82.2753	1549
10	13	0	0	0	0	80.098	1550
10	13	0	0	0	0	79.3241	1551
10	13	0	0	0	0	78.1014	1552
10	13	0	0	0	0	80.2661	1553
10	13	0	0	0	0	74.714	1554
10	13	0	0	0	0	73.8432	1555
9	12	0	0	0	0	70.1383	1556
9	12	0	0	0	0	74.189	1557
10	12	0	0	0	0	70.8276	1558
10	12	0	0	0	0	65.8242	1559
10	11	0	0	0	0	66.2786	1560
10	11	0	0	0	0	71.7185	1561
10	11	0	0	0	0	68.56	1562
10	11	0	0	0	0	73.4093	1563
11	11	0	0	0	0	73.3194	1564
11	11	0	0	0	0	66.8782	1565
11	11	0	0	0	0	68.1911	1566
11	11	0	0	0	0	62.015	1567
11	11	0	0	0	0	70.143	1568
11	11	0	0	0	0	75.7438	1569
11	11	0	0	0	0	69.2931	1570
10	10	0	0	0	0	65.4006	1571
9	10	0	0	0	0	64.7306	1572
9	10	0	0	0	0	64.2676	1573
9	10	0	0	0	0	62.9568	1574
9	10	0	0	0	0	69.0922	1575
9	10	0	0	0	0	63.9424	1576
9	10	0	0	0	0	64.5489	1577
9	10	0	0	0	0	54.1284	1578
9	10	0	0	0	0	62.0109	1579
9	10	0	0	0	0	63.0282	1580
9	10	0	0	0	0	61.7617	1581
9	10	0	0	0	0	62.946	1582
9	10	0	0	0	0	64.1802	1583
9	10	0	0	0	0	58.2546	1584
9	10	0	0	0	0	55.8292	1585
9	10	0	0	0	0	61.5409	1586
9	10	0	0	0	0	58.9005	1587
9	10	0	0	0	0	62.4551	1588
9	10	0	0	0	0	60.0231	1589
9	10	0	0	0	0	59.3639	1590
9	10	0	0	0	0	61.2474	1591
9	10	0	0	0	0	53.7626	1592
9	10	0	0	0	0	66.9279	1593
9	10	0	0	0	0	58.3431	1594
9	10	0	0	0	0	61.9721	1595
10	10	0	0	0	0	56.6396	1596
10	10	0	0	0	0	60.8508	1597
10	10	0	0	0	0	66.9784	1598
10	10	0	0	0	0	54.7076	1599
10	9	0	0	0	0	60.5505	1600
10	9	0	0	0	0	67.5722	1601
10	9	0	0	0	0	66.684	1602
10	9	0	0	0	0	62.7643	1603
10	9	0	0	0	0	56.4728	1604
10	9	0	0	0	0	65.6599	1605
10	9	0	0	0	0	61.486	1606
10	9	0	0	0	0	59.7843	1607
10	8	0	0	0	0	53.3113	1608
10	8	0	0	0	0	56.1368	1609
10	7	0	0	0	0	55.6023	1610
9	7	0	0	0	0	43.7599	1611
9	7	0	0	0	0	55.1963	1612
9	7	0	0	0	0	53.4254	1613
9	7	0	0	0	0	45.5808	1614
9	7	0	0	0	0	55.1963	1615
9	7	0	0	0	0	51.3846	1616
9	7	0	0	0	0	48.8859	1617
8	7	0	0	0	0	51.3315	1618
8	7	0	0	0	0	51.3378	1619
8	7	0	0	0	0	53.2493	1620
8	7	0	0	0	0	51.0098	1621
8	7	0	0	0	0	53.252	1622
8	7	0	0	0	0	49.9992	1623
8	7	0	0	0	0	44.903	1624
8	8	0	0	0	0	51.0392	1625
8	8	0	0	0	0	50.1239	1626
8	8	0	0	0	0	54.7121	1627
8	8	0	0	0	0	54.1271	1628
8	8	0	0	0	0	51.9592	1629
8	8	0	0	0	0	51.487	1630
8	8	0	0	0	0	51.7877	1631
8	8	0	0	0	0	53.7865	1632
8	9	0	0	0	0	57.0278	1633
8	9	0	0	0	0	56.7497	1634
8	9	0	0	0	0	54.0583	1635
7	9	0	0	0	0	53.9029	1636
7	9	0	0	0	0	51.4095	1637
7	9	0	0	0	0	52.103	1638
7	10	0	0	0	0	56.5517	1639
7	10	0	0	0	0	56.4112	1640
7	10	0	0	0	0	53.0869	1641
7	9	0	0	0	0	53.6373	1642
7	9	0	0	0	0	52.9624	1643
7	10	0	0	0	0	48.1306	1644
7	10	0	0	0	0	52.3439	1645
7	10	0	0	0	0	41.514	1646
7	10	0	0	0	0	42.5963	1647
4	9	0	0	0	0	39.8228	1648
4	9	0	0	0	0	38.3999	1649
4	9	0	0	0	0	43.2404	1650
4	9	0	0	0	0	42.8007	1651
4	9	0	0	0	0	40.9883	1652
5	8	0	0	0	0	39.7203	1653
5	8	0	0	0	0	39.2449	1654
5	8	0	0	0	0	39.3884	1655
5	8	0	0	0	0	37.5016	1656
7	7	0	0	0	0	34.3354	1657
7	7	0	0	0	0	37.1885	1658
7	7	0	0	0	0	35.3301	1659
7	7	0	0	0	0	33.4088	1660
7	7	0	0	0	0	33.5028	1661
7	7	0	0	0	0	32.9971	1662
6	7	0	0	0	0	41.3086	1663
6	7	0	0	0	0	41.6489	1664
6	7	0	0	0	0	35.601	1665
6	6	0	0	0	0	38.7091	1666
6	6	0	0	0	0	37.1293	1667
6	6	0	0	0	0	35.7015	1668
6	5	0	0	0	0	33.2148	1669
6	5	0	0	0	0	34.9276	1670
6	5	0	0	0	0	35.1399	1671
6	5	0	0	0	0	30.4567	1672
6	5	0	0	0	0	35.4056	1673
6	5	0	0	0	0	36.532	1674
6	5	0	0	0	0	35.878	1675
6	5	0	0	0	0	35.878	1676
6	5	0	0	0	0	34.4581	1677
6	5	0	0	0	0	35.2924	1678
6	5	0	0	0	0	33.7582	1679
6	5	0	0	0	0	35.7558	1680
6	5	0	0	0	0	35.6721	1681
6	5	0	0	0	0	23.0131	1682
6	5	0	0	0	0	37.4881	1683
6	5	0	0	0	0	35.878	1684
6	6	0	0	0	0	32.3825	1685
6	6	0	0	0	0	35.8526	1686
6	6	0	0	0	0	35.8982	1687
7	6	0	0	0	0	33.239	1688
7	6	0	0	0	0	42.2141	1689
7	6	0	0	0	0	42.7179	1690
7	6	0	0	0	0	43.5774	1691
7	6	0	0	0	0	35.8929	1692
7	6	0	0	0	0	45.3493	1693
7	6	0	0	0	0	39.7411	1694
7	6	0	0	0	0	42.5113	1695
7	6	0	0	0	0	40.5522	1696
7	6	0	0	0	0	45.4883	1697
7	6	0	0	0	0	37.8176	1698
7	5	0	0	0	0	37.3126	1699
7	5	0	0	0	0	33.2936	1700
8	5	0	0	0	0	31.9975	1701
8	5	0	0	0	0	27.7445	1702
8	5	0	0	0	0	30.9482	1703
8	5	0	0	0	0	31.3368	1704
8	5	0	0	0	0	31.8585	1705
7	5	0	0	0	0	32.7973	1706
7	5	0	0	0	0	39.1561	1707
8	5	0	0	0	0	34.5829	1708
8	5	0	0	0	0	40.3881	1709
8	5	0	0	0	0	44.8664	1710
8	5	0	0	0	0	43.3056	1711
8	5	0	0	0	0	45.431	1712
8	5	0	0	0	0	40.4671	1713
8	5	0	0	0	0	43.1797	1714
8	5	0	0	0	0	38.7473	1715
8	5	0	0	0	0	39.5286	1716
8	5	0	0	0	0	34.8448	1717
8	5	0	0	0	0	40.5363	1718
8	6	0	0	0	0	41.9236	1719
8	6	0	0	0	0	44.6468	1720
8	6	0	0	0	0	44.5736	1721
8	6	0	0	0	0	46.8422	1722
8	7	0	0	0	0	46.1949	1723
8	7	0	0	0	0	52.3487	1724
8	7	0	0	0	0	49.113	1725
8	8	0	0	0	0	48.9871	1726
8	8	0	0	0	0	51.1017	1727
8	10	0	0	0	0	53.3218	1728
7	10	0	0	0	0	57.4553	1729
7	10	0	0	0	0	56.5936	1730
7	10	0	0	0	0	58.0126	1731
7	10	0	0	0	0	57.4087	1732
7	10	0	0	0	0	56.4027	1733
7	10	0	0	0	0	60.1261	1734
7	10	0	0	0	0	58.8323	1735
7	10	0	0	0	0	56.8008	1736
7	10	0	0	0	0	55.5401	1737
7	10	0	0	0	0	56.5444	1738
7	14	0	0	0	0	59.4606	1739
7	14	0	0	0	0	65.5174	1740
7	14	0	0	0	0	70.1508	1741
7	14	0	0	0	0	67.1586	1742
8	14	0	0	0	0	65.7301	1743
9	14	0	0	0	0	48.3001	1744
9	15	0	0	0	0	75.0309	1745
9	15	0	0	0	0	71.5421	1746
9	16	0	0	0	0	68.0633	1747
8	16	0	0	0	0	68.0298	1748
8	16	0	0	0	0	76.743	1749
8	15	0	0	0	0	75.2074	1750
7	15	0	0	0	0	75.3948	1751
7	15	0	0	0	0	73.5197	1752
7	15	0	0	0	0	64.8713	1753
7	15	0	0	0	0	81.2233	1754
7	15	0	0	0	0	79.9419	1755
7	15	0	0	0	0	75.1273	1756
7	15	0	0	0	0	80.4729	1757
7	15	0	0	0	0	76.8954	1758
7	15	0	0	0	0	78.194	1759
7	15	0	0	0	0	78.194	1760
7	15	0	0	0	0	76.2494	1761
7	15	0	0	0	0	70.901	1762
7	15	0	0	0	0	80.9224	1763
7	15	0	0	0	0	81.4508	1764
7	15	0	0	0	0	69.9087	1765
7	15	0	0	0	0	69.6071	1766
7	15	0	0	0	0	75.6523	1767
7	15	0	0	0	0	77.1608	1768
7	15	0	0	0	0	76.8297	1769
7	15	0	0	0	0	73.1185	1770
7	15	0	0	0	0	75.0487	1771
7	15	0	0	0	0	78.7926	1772
7	15	0	0	0	0	78.3549	1773
7	15	0	0	0	0	70.768	1774
7	14	0	0	0	0	69.251	1775
7	14	0	0	0	0	68.7951	1776
7	14	0	0	0	0	63.0219	1777
7	14	0	0	0	0	66.7443	1778
7	14	0	0	0	0	64.5153	1779
6	14	0	0	0	0	66.9197	1780
6	14	0	0	0	0	68.5649	1781
6	13	0	0	0	0	59.9218	1782
6	13	0	0	0	0	58.3143	1783
6	13	0	0	0	0	62.8437	1784
6	14	0	0	0	0	61.5365	1785
6	14	0	0	0	0	55.1501	1786
6	14	0	0	0	0	62.6549	1787
6	14	0	0	0	0	61.6157	1788
6	13	0	0	0	0	61.0795	1789
6	14	0	0	0	0	66.0892	1790
7	14	0	0	0	0	65.7426	1791
7	14	0	0	0	0	71.499	1792
7	14	0	0	0	0	76.3058	1793
7	14	0	0	0	0	72.4951	1794
7	14	0	0	0	0	76.9407	1795
7	14	0	0	0	0	67.9739	1796
7	14	0	0	0	0	72.736	1797
7	16	0	0	0	0	74.4955	1798
7	16	0	0	0	0	71.5679	1799
7	16	0	0	0	0	70.1757	1800
7	16	0	0	0	0	81.4515	1801
7	16	0	0	0	0	71.1825	1802
8	16	0	0	0	0	78.4818	1803
8	16	0	0	0	0	74.7212	1804
8	16	0	0	0	0	77.9899	1805
8	16	0	0	0	0	79.7646	1806
6	16	0	0	0	0	72.6845	1807
7	16	0	0	0	0	72.3939	1808
7	16	0	0	0	0	78.2475	1809
7	16	0	0	0	0	71.6198	1810
7	16	0	0	0	0	80.8676	1811
7	16	0	0	0	0	79.309	1812
7	16	0	0	0	0	78.1754	1813
8	16	0	0	0	0	77.2053	1814
8	17	0	0	0	0	84.2808	1815
8	17	0	0	0	0	87.5783	1816
8	17	0	0	0	0	88.0324	1817
8	17	0	0	0	0	82.1106	1818
8	17	0	0	0	0	75.8649	1819
8	17	0	0	0	0	77.0863	1820
8	17	0	0	0	0	81.0691	1821
8	16	0	0	0	0	72.0727	1822
7	16	0	0	0	0	81.5578	1823
7	16	0	0	0	0	75.8203	1824
7	17	0	0	0	0	76.0465	1825
7	17	0	0	0	0	70.9733	1826
7	17	0	0	0	0	65.7215	1827
7	17	0	0	0	0	75.0502	1828
7	17	0	0	0	0	84.647	1829
7	17	0	0	0	0	73.7043	1830
7	17	0	0	0	0	83.6185	1831
7	17	0	0	0	0	82.0643	1832
7	17	0	0	0	0	78.6477	1833
7	18	0	0	0	0	75.6057	1834
7	16	0	0	0	0	81.5281	1835
7	17	0	0	0	0	75.5779	1836
7	17	0	0	0	0	74.3093	1837
6	17	0	0	0	0	70.2543	1838
6	18	0	0	0	0	79.6054	1839
7	18	0	0	0	0	84.0551	1840
7	18	0	0	0	0	75.5029	1841
7	18	0	0	0	0	80.6452	1842
7	18	0	0	0	0	77.1846	1843
7	18	0	0	0	0	92.5176	1844
7	18	0	0	0	0	82.6106	1845
8	18	0	0	0	0	81.1571	1846
8	18	0	0	0	0	86.8846	1847
8	18	0	0	0	0	86.9071	1848
8	18	0	0	0	0	89.1934	1849
8	18	0	0	0	0	88.2696	1850
8	18	0	0	0	0	77.9952	1851
8	18	0	0	0	0	77.3798	1852
8	18	0	0	0	0	85.2985	1853
8	16	0	0	0	0	76.0364	1854
8	16	0	0	0	0	77.1958	1855
8	16	0	0	0	0	75.6316	1856
8	16	0	0	0	0	74.1903	1857
8	15	0	0	0	0	76.0788	1858
8	15	0	0	0	0	77.5619	1859
9	15	0	0	0	0	80.2023	1860
9	15	0	0	0	0	74.806	1861
9	15	0	0	0	0	80.6555	1862
9	15	0	0	0	0	78.9328	1863
9	15	0	0	0	0	83.7296	1864
9	15	0	0	0	0	83.4036	1865
9	15	0	0	0	0	78.9715	1866
9	15	0	0	0	0	83.2037	1867
9	15	0	0	0	0	72.9191	1868
9	15	0	0	0	0	83.6728	1869
9	15	0	0	0	0	84.5061	1870
9	15	0	0	0	0	79.9345	1871
9	15	0	0	0	0	71.4053	1872
9	15	0	0	0	0	74.3726	1873
9	15	0	0	0	0	76.6116	1874
9	15	0	0	0	0	77.7685	1875
9	13	0	0	0	0	72.9845	1876
9	13	0	0	0	0	71.8972	1877
9	13	0	0	0	0	62.6156	1878
9	13	0	0	0	0	62.7773	1879
10	12	0	0	0	0	71.6339	1880
10	12	0	0	0	0	74.3324	1881
10	13	0	0	0	0	79.0985	1882
10	13	0	0	0	0	76.9267	1883
10	13	0	0	0	0	75.7008	1884
11	14	0	0	0	0	82.4416	1885
12	14	0	0	0	0	81.338	1886
13	14	0	0	0	0	86.947	1887
13	14	0	0	0	0	79.1829	1888
13	12	0	0	0	0	82.1362	1889
13	12	0	0	0	0	83.2237	1890
13	12	0	0	0	0	76.1076	1891
13	12	0	0	0	0	80.3089	1892
12	12	0	0	0	0	77.1497	1893
11	12	0	0	0	0	69.3976	1894
12	11	0	0	0	0	72.4926	1895
12	11	0	0	0	0	73.1098	1896
12	10	0	0	0	0	70.7105	1897
12	9	0	0	0	0	68.6816	1898
13	9	0	0	0	0	72.0295	1899
13	9	0	0	0	0	70.61	1900
12	9	0	0	0	0	63.4253	1901
12	9	0	0	0	0	72.899	1902
12	9	0	0	0	0	62.0246	1903
12	9	0	0	0	0	68.0428	1904
12	9	0	0	0	0	65.4593	1905
12	9	0	0	0	0	59.7461	1906
11	9	0	0	0	0	66.022	1907
11	9	0	0	0	0	60.726	1908
11	9	0	0	0	0	61.0276	1909
11	8	0	0	0	0	65.8431	1910
12	8	0	0	0	0	61.8545	1911
12	8	0	0	0	0	61.0673	1912
12	8	0	0	0	0	55.2304	1913
13	8	0	0	0	0	59.3797	1914
13	8	0	0	0	0	67.3194	1915
13	8	0	0	0	0	58.2322	1916
13	8	0	0	0	0	62.2098	1917
13	7	0	0	0	0	62.9664	1918
13	8	0	0	0	0	65.5881	1919
13	8	0	0	0	0	73.1895	1920
13	9	0	0	0	0	69.1025	1921
13	9	0	0	0	0	71.5385	1922
14	9	0	0	0	0	69.2474	1923
14	9	0	0	0	0	73.2695	1924
14	9	0	0	0	0	74.0724	1925
14	9	0	0	0	0	75.3396	1926
14	9	0	0	0	0	72.4625	1927
13	9	0	0	0	0	74.6439	1928
13	9	0	0	0	0	68.638	1929
13	9	0	0	0	0	67.3059	1930
13	9	0	0	0	0	71.6354	1931
12	9	0	0	0	0	63.1495	1932
12	9	0	0	0	0	73.1042	1933
12	9	0	0	0	0	66.818	1934
12	9	0	0	0	0	59.2305	1935
12	11	0	0	0	0	71.5998	1936
12	11	0	0	0	0	78.1998	1937
13	11	0	0	0	0	79.3024	1938
13	12	0	0	0	0	80.3159	1939
14	12	0	0	0	0	73.917	1940
14	12	0	0	0	0	78.1753	1941
14	12	0	0	0	0	88.5681	1942
14	12	0	0	0	0	88.45	1943
14	12	0	0	0	0	81.2133	1944
13	12	0	0	0	0	72.2903	1945
13	12	0	0	0	0	76.2311	1946
13	12	0	0	0	0	66.4299	1947
13	10	0	0	0	0	76.8941	1948
12	10	0	0	0	0	72.0527	1949
11	10	0	0	0	0	67.4895	1950
12	10	0	0	0	0	74.4909	1951
12	10	0	0	0	0	68.6365	1952
12	10	0	0	0	0	75.8822	1953
12	10	0	0	0	0	71.73	1954
12	10	0	0	0	0	78.2683	1955
12	10	0	0	0	0	77.7146	1956
12	10	0	0	0	0	75.5672	1957
13	10	0	0	0	0	71.6979	1958
13	11	0	0	0	0	74.7028	1959
13	11	0	0	0	0	85.0359	1960
13	11	0	0	0	0	84.2801	1961
13	11	0	0	0	0	76.0683	1962
13	11	0	0	0	0	74.5863	1963
13	11	0	0	0	0	75.215	1964
13	10	0	0	0	0	82.2627	1965
13	10	0	0	0	0	80.264	1966
13	10	0	0	0	0	80.469	1967
13	10	0	0	0	0	76.2544	1968
13	11	0	0	0	0	77.2002	1969
13	12	0	0	0	0	74.3975	1970
13	12	0	0	0	0	69.5315	1971
12	12	0	0	0	0	83.9319	1972
12	12	0	0	0	0	84.5365	1973
12	13	0	0	0	0	79.8082	1974
12	13	0	0	0	0	88.4966	1975
12	13	0	0	0	0	87.7646	1976
12	13	0	0	0	0	88.6756	1977
11	13	0	0	0	0	76.954	1978
11	13	0	0	0	0	83.3321	1979
12	13	0	0	0	0	75.5861	1980
12	13	0	0	0	0	82.0676	1981
12	12	0	0	0	0	86.032	1982
12	12	0	0	0	0	83.4637	1983
12	12	0	0	0	0	82.8513	1984
12	12	0	0	0	0	86.2287	1985
12	12	0	0	0	0	77.159	1986
13	12	0	0	0	0	82.5365	1987
13	12	0	0	0	0	83.8957	1988
12	11	0	0	0	0	84.088	1989
12	11	0	0	0	0	77.9217	1990
12	11	0	0	0	0	83.7917	1991
13	11	0	0	0	0	80.5095	1992
13	13	0	0	0	0	78.7581	1993
13	13	0	0	0	0	70.825	1994
13	13	0	0	0	0	79.4851	1995
13	13	0	0	0	0	86.8804	1996
13	13	0	0	0	0	92.3306	1997
13	13	0	0	0	0	90.9629	1998
13	13	0	0	0	0	91.0384	1999
13	13	0	0	0	0	92.083	2000
13	13	0	0	0	0	91.5924	2001
13	13	0	0	0	0	86.0829	2002
12	13	0	0	0	0	82.1897	2003
12	14	0	0	0	0	79.8633	2004
12	14	0	0	0	0	84.4668	2005
12	14	0	0	0	0	79.6243	2006
12	14	0	0	0	0	79.9509	2007
12	14	0	0	0	0	89.9444	2008
12	14	0	0	0	0	85.8891	2009
12	14	0	0	0	0	76.6922	2010
12	13	0	0	0	0	77.8277	2011
12	13	0	0	0	0	88.8045	2012
11	14	0	0	0	0	86.2198	2013
11	14	0	0	0	0	82.5114	2014
11	14	0	0	0	0	86.1305	2015
11	14	0	0	0	0	82.5463	2016
11	14	0	0	0	0	80.8708	2017
11	14	0	0	0	0	92.4498	2018
11	14	0	0	0	0	80.157	2019
11	14	0	0	0	0	84.3836	2020
11	14	0	0	0	0	92.8438	2021
11	14	0	0	0	0	87.9224	2022
11	14	0	0	0	0	75.2589	2023
11	14	0	0	0	0	80.3914	2024
11	14	0	0	0	0	88.4447	2025
12	14	0	0	0	0	86.2462	2026
13	14	0	0	0	0	79.4127	2027
12	14	0	0	0	0	85.7009	2028
12	14	0	0	0	0	90.5421	2029
12	14	0	0	0	0	86.0256	2030
12	14	0	0	0	0	88.9108	2031
13	14	0	0	0	0	87.5811	2032
13	14	0	0	0	0	99.1139	2033
13	14	0	0	0	0	92.6891	2034
13	14	0	0	0	0	88.8684	2035
12	14	0	0	0	0	87.8784	2036
13	14	0	0	0	0	87.2717	2037
13	14	0	0	0	0	87.4678	2038
13	14	0	0	0	0	96.4219	2039
13	14	0	0	0	0	95.9933	2040
13	14	0	0	0	0	92.4839	2041
13	14	0	0	0	0	88.7237	2042
13	14	0	0	0	0	91.9947	2043
13	14	0	0	0	0	96.8581	2044
13	14	0	0	0	0	91.8425	2045
13	14	0	0	0	0	86.8771	2046
13	14	0	0	0	0	87.5472	2047
13	13	0	0	0	0	88.6204	2048
13	13	0	0	0	0	85.5883	2049
13	13	0	0	0	0	81.0468	2050
13	13	0	0	0	0	89.969	2051
13	13	0	0	0	0	83.8464	2052
13	13	0	0	0	0	87.9074	2053
13	13	0	0	0	0	89.6172	2054
13	13	0	0	0	0	93.0277	2055
13	13	0	0	0	0	88.2401	2056
13	13	0	0	0	0	91.4767	2057
13	13	0	0	0	0	80.683	2058
14	13	0	0	0	0	85.7219	2059
14	13	0	0	0	0	76.5245	2060
14	13	0	0	0	0	81.3254	2061
14	12	0	0	0	0	74.9953	2062
14	12	0	0	0	0	85.8969	2063
14	12	0	0	0	0	91.1964	2064
14	12	0	0	0	0	89.4876	2065
14	12	0	0	0	0	91.2794	2066
14	12	0	0	0	0	84.3426	2067
14	12	0	0	0	0	86.7968	2068
14	12	0	0	0	0	83.3096	2069
15	12	0	0	0	0	80.9533	2070
17	11	0	0	0	0	76.5444	2071
17	11	0	0	0	0	83.9447	2072
16	11	0	0	0	0	84.346	2073
16	11	0	0	0	0	88.9716	2074
16	11	0	0	0	0	90.591	2075
16	11	0	0	0	0	89.4059	2076
16	12	0	0	0	0	91.9958	2077
16	12	0	0	0	0	80.1325	2078
16	11	0	0	0	0	83.6052	2079
16	11	0	0	0	0	71.5322	2080
18	11	0	0	0	0	93.5232	2081
18	11	0	0	0	0	101.697	2082
18	12	0	0	0	0	103.148	2083
18	12	0	0	0	0	101.509	2084
18	12	0	0	0	0	85.0095	2085
18	11	0	0	0	0	89.8009	2086
18	11	0	0	0	0	75.4816	2087
16	11	0	0	0	0	88.4069	2088
16	11	0	0	0	0	84.5051	2089
16	11	0	0	0	0	87.4892	2090
16	11	0	0	0	0	88.037	2091
15	11	0	0	0	0	87.6861	2092
15	11	0	0	0	0	88.9957	2093
16	11	0	0	0	0	86.7233	2094
16	11	0	0	0	0	86.3969	2095
16	11	0	0	0	0	92.8902	2096
16	11	0	0	0	0	93.7005	2097
16	11	0	0	0	0	81.0098	2098
16	12	0	0	0	0	83.4702	2099
16	11	0	0	0	0	84.1804	2100
16	11	0	0	0	0	92.675	2101
16	11	0	0	0	0	84.5808	2102
17	11	0	0	0	0	84.8108	2103
17	11	0	0	0	0	98.337	2104
17	11	0	0	0	0	91.6512	2105
17	11	0	0	0	0	83.7948	2106
17	11	0	0	0	0	92.3132	2107
17	10	0	0	0	0	87.1038	2108
17	9	0	0	0	0	93.8193	2109
17	9	0	0	0	0	92.7839	2110
17	9	0	0	0	0	87.1749	2111
17	9	0	0	0	0	92.5376	2112
17	9	0	0	0	0	90.8785	2113
17	9	0	0	0	0	90.4072	2114
17	9	0	0	0	0	94.0467	2115
17	9	0	0	0	0	96.9786	2116
17	9	0	0	0	0	83.0405	2117
17	9	0	0	0	0	87.9345	2118
17	8	0	0	0	0	83.6007	2119
17	8	0	0	0	0	89.8631	2120
17	9	0	0	0	0	86.7889	2121
17	9	0	0	0	0	89.7862	2122
18	10	0	0	0	0	84.4995	2123
18	10	0	0	0	0	81.4819	2124
18	10	0	0	0	0	99.7853	2125
18	10	0	0	0	0	101.519	2126
18	10	0	0	0	0	99.447	2127
18	10	0	0	0	0	99.9852	2128
18	11	0	0	0	0	101.445	2129
17	11	0	0	0	0	90.6189	2130
17	11	0	0	0	0	96.7901	2131
17	11	0	0	0	0	93.6362	2132
17	11	0	0	0	0	93.5254	2133
17	11	0	0	0	0	96.7182	2134
17	13	0	0	0	0	81.7357	2135
17	13	0	0	0	0	97.5182	2136
16	13	0	0	0	0	101.915	2137
16	13	0	0	0	0	97.3698	2138
16	13	0	0	0	0	91.9406	2139
16	13	0	0	0	0	92.4003	2140
16	13	0	0	0	0	96.089	2141
15	13	0	0	0	0	93.1951	2142
15	11	0	0	0	0	88.136	2143
16	11	0	0	0	0	96.4956	2144
16	12	0	0	0	0	96.1318	2145
16	12	0	0	0	0	95.1344	2146
16	12	0	0	0	0	99.699	2147
16	12	0	0	0	0	99.5816	2148
16	12	0	0	0	0	99.8741	2149
16	12	0	0	0	0	90.6384	2150
16	12	0	0	0	0	92.5395	2151
16	12	0	0	0	0	95.914	2152
16	11	0	0	0	0	92.4443	2153
16	11	0	0	0	0	97.6491	2154
16	11	0	0	0	0	94.3354	2155
16	12	0	0	0	0	84.4544	2156
16	12	0	0	0	0	90.3488	2157
16	12	0	0	0	0	92.4443	2158
16	11	0	0	0	0	94.2896	2159
15	11	0	0	0	0	92.4284	2160
14	11	0	0	0	0	90.0381	2161
14	11	0	0	0	0	92.5152	2162
14	12	0	0	0	0	82.6429	2163
14	12	0	0	0	0	97.1901	2164
15	12	0	0	0	0	90.918	2165
15	13	0	0	0	0	96.1723	2166
16	14	0	0	0	0	99.436	2167
16	15	0	0	0	0	104.831	2168
16	15	0	0	0	0	101.284	2169
16	15	0	0	0	0	107.686	2170
16	15	0	0	0	0	103.616	2171
17	15	0	0	0	0	106.44	2172
17	15	0	0	0	0	111.333	2173
17	15	0	0	0	0	101.484	2174
17	18	0	0	0	0	103.953	2175
16	17	0	0	0	0	96.0016	2176
13	18	0	0	0	0	101.159	2177
13	18	0	0	0	0	98.1533	2178
13	19	0	0	0	0	95.5912	2179
13	19	0	0	0	0	98.5021	2180
13	19	0	0	0	0	79.6852	2181
11	19	0	0	0	0	85.8198	2182
11	19	0	0	0	0	91.8357	2183
11	19	0	0	0	0	88.5686	2184
7	19	0	0	0	0	81.7934	2185
7	19	0	0	0	0	93.6131	2186
7	19	0	0	0	0	86.319	2187
7	19	0	0	0	0	86.7252	2188
7	19	0	0	0	0	88.8227	2189
7	19	0	0	0	0	94.0629	2190
7	19	0	0	0	0	90.1487	2191
7	19	0	0	0	0	91.5149	2192
6	19	0	0	0	0	78.6583	2193
6	19	0	0	0	0	83.7767	2194
6	18	0	0	0	0	74.402	2195
5	17	0	0	0	0	72.9707	2196
5	17	0	0	0	0	80.8084	2197
5	17	0	0	0	0	74.1957	2198
5	17	0	0	0	0	72.4346	2199
5	17	0	0	0	0	78.106	2200
5	17	0	0	0	0	75.9852	2201
5	17	0	0	0	0	78.1703	2202
5	17	0	0	0	0	73.0348	2203
5	17	0	0	0	0	76.1757	2204
5	17	0	0	0	0	73.1163	2205
5	17	0	0	0	0	75.1929	2206
5	17	0	0	0	0	75.9509	2207
5	17	0	0	0	0	78.3656	2208
5	17	0	0	0	0	72.4091	2209
7	17	0	0	0	0	76.9958	2210
7	17	0	0	0	0	82.9435	2211
7	18	0	0	0	0	84.3462	2212
7	18	0	0	0	0	75.2569	2213
7	18	0	0	0	0	84.0334	2214
7	18	0	0	0	0	70.0997	2215
7	18	0	0	0	0	72.4314	2216
7	18	0	0	0	0	77.1284	2217
7	17	0	0	0	0	75.6756	2218
6	17	0	0	0	0	66.5151	2219
8	17	0	0	0	0	74.8458	2220
7	17	0	0	0	0	73.4558	2221
7	17	0	0	0	0	69.7712	2222
7	17	0	0	0	0	80.8568	2223
7	18	0	0	0	0	77.1414	2224
7	18	0	0	0	0	82.8698	2225
7	18	0	0	0	0	73.7043	2226
8	17	0	0	0	0	72.8818	2227
8	16	0	0	0	0	76.2749	2228
8	16	0	0	0	0	81.2273	2229
8	16	0	0	0	0	82.6309	2230
8	16	0	0	0	0	75.0602	2231
8	16	0	0	0	0	80.3595	2232
8	15	0	0	0	0	80.5837	2233
8	15	0	0	0	0	75.7614	2234
8	15	0	0	0	0	61.3138	2235
8	16	0	0	0	0	75.1989	2236
8	15	0	0	0	0	74.0094	2237
8	15	0	0	0	0	65.1704	2238
8	15	0	0	0	0	66.4293	2239
8	15	0	0	0	0	79.9024	2240
8	15	0	0	0	0	78.8845	2241
8	15	0	0	0	0	80.2043	2242
8	16	0	0	0	0	77.0544	2243
8	17	0	0	0	0	76.0078	2244
8	17	0	0	0	0	77.7983	2245
7	17	0	0	0	0	80.4309	2246
7	17	0	0	0	0	77.0455	2247
7	17	0	0	0	0	82.0946	2248
7	17	0	0	0	0	78.557	2249
7	17	0	0	0	0	79.6983	2250
7	17	0	0	0	0	83.9273	2251
7	18	0	0	0	0	76.4801	2252
7	18	0	0	0	0	79.5765	2253
8	17	0	0	0	0	73.9326	2254
8	17	0	0	0	0	66.0362	2255
8	16	0	0	0	0	72.8721	2256
8	15	0	0	0	0	75.3255	2257
8	14	0	0	0	0	75.9281	2258
8	14	0	0	0	0	76.8165	2259
8	14	0	0	0	0	71.8681	2260
8	14	0	0	0	0	75.1597	2261
8	13	0	0	0	0	70.388	2262
8	13	0	0	0	0	73.4883	2263
8	13	0	0	0	0	70.7531	2264
9	13	0	0	0	0	74.9045	2265
9	13	0	0	0	0	72.2727	2266
8	14	0	0	0	0	70.7056	2267
8	14	0	0	0	0	73.9733	2268
8	14	0	0	0	0	71.469	2269
8	14	0	0	0	0	75.6184	2270
8	14	0	0	0	0	70.2239	2271
8	14	0	0	0	0	74.6107	2272
9	13	0	0	0	0	65.1996	2273
9	13	0	0	0	0	66.7132	2274
9	13	0	0	0	0	71.6652	2275
9	13	0	0	0	0	77.5395	2276
9	13	0	0	0	0	77.2407	2277
10	13	0	0	0	0	68.7431	2278
10	13	0	0	0	0	74.7525	2279
10	13	0	0	0	0	77.3905	2280
10	13	0	0	0	0	80.6487	2281
10	13	0	0	0	0	79.4998	2282
10	13	0	0	0	0	77.3992	2283
10	13	0	0	0	0	75.1599	2284
10	12	0	0	0	0	77.2886	2285
10	12	0	0	0	0	78.5159	2286
10	12	0	0	0	0	71.6316	2287
10	12	0	0	0	0	70.292	2288
10	12	0	0	0	0	74.5882	2289
10	12	0	0	0	0	77.1563	2290
11	12	0	0	0	0	71.2796	2291
11	12	0	0	0	0	68.0371	2292
11	12	0	0	0	0	74.5668	2293
11	11	0	0	0	0	77.354	2294
12	11	0	0	0	0	69.8461	2295
12	11	0	0	0	0	72.0313	2296
12	11	0	0	0	0	76.6522	2297
12	11	0	0	0	0	76.9691	2298
12	11	0	0	0	0	75.8562	2299
12	11	0	0	0	0	82.3652	2300
12	11	0	0	0	0	81.4039	2301
12	12	0	0	0	0	80.1656	2302
11	12	0	0	0	0	76.3844	2303
11	12	0	0	0	0	76.3759	2304
11	12	0	0	0	0	69.3073	2305
11	11	0	0	0	0	76.6005	2306
11	11	0	0	0	0	74.3541	2307
11	11	0	0	0	0	73.897	2308
11	11	0	0	0	0	72.9227	2309
11	11	0	0	0	0	73.6847	2310
11	11	0	0	0	0	73.463	2311
11	11	0	0	0	0	75.5331	2312
11	11	0	0	0	0	65.1641	2313
11	12	0	0	0	0	66.0991	2314
11	13	0	0	0	0	73.0287	2315
12	13	0	0	0	0	67.66	2316
11	13	0	0	0	0	82.5349	2317
11	13	0	0	0	0	79.4683	2318
11	13	0	0	0	0	81.2492	2319
11	14	0	0	0	0	82.0798	2320
11	14	0	0	0	0	73.1464	2321
11	14	0	0	0	0	89.8476	2322
11	14	0	0	0	0	74.798	2323
11	14	0	0	0	0	82.3273	2324
11	12	0	0	0	0	82.8311	2325
11	12	0	0	0	0	75.8027	2326
11	11	0	0	0	0	67.7405	2327
11	11	0	0	0	0	71.9217	2328
11	10	0	0	0	0	74.5537	2329
11	10	0	0	0	0	74.5139	2330
11	10	0	0	0	0	71.7921	2331
11	11	0	0	0	0	73.1994	2332
11	11	0	0	0	0	73.2101	2333
11	11	0	0	0	0	74.3043	2334
11	11	0	0	0	0	72.2499	2335
11	11	0	0	0	0	73.8501	2336
11	11	0	0	0	0	73.3616	2337
11	10	0	0	0	0	71.7921	2338
11	10	0	0	0	0	63.7541	2339
12	10	0	0	0	0	77.24	2340
12	10	0	0	0	0	75.55	2341
12	10	0	0	0	0	73.8501	2342
12	10	0	0	0	0	69.6618	2343
12	10	0	0	0	0	74.2312	2344
11	10	0	0	0	0	71.7185	2345
11	10	0	0	0	0	74.0505	2346
12	10	0	0	0	0	69.7033	2347
12	10	0	0	0	0	70.0478	2348
12	10	0	0	0	0	70.66	2349
12	10	0	0	0	0	69.3097	2350
12	11	0	0	0	0	72.4611	2351
12	11	0	0	0	0	66.2779	2352
12	11	0	0	0	0	73.8935	2353
12	11	0	0	0	0	80.346	2354
12	11	0	0	0	0	74.9262	2355
12	15	0	0	0	0	76.0014	2356
12	16	0	0	0	0	93.8444	2357
12	16	0	0	0	0	86.8395	2358
12	16	0	0	0	0	84.1168	2359
9	16	0	0	0	0	88.0752	2360
9	16	0	0	0	0	82.888	2361
9	16	0	0	0	0	89.9409	2362
9	17	0	0	0	0	88.5913	2363
9	18	0	0	0	0	92.621	2364
9	18	0	0	0	0	89.2643	2365
10	18	0	0	0	0	90.3519	2366
10	18	0	0	0	0	88.0412	2367
10	17	0	0	0	0	87.0092	2368
10	18	0	0	0	0	98.3394	2369
10	18	0	0	0	0	92.773	2370
10	18	0	0	0	0	94.6572	2371
10	18	0	0	0	0	92.3754	2372
10	18	0	0	0	0	93.2409	2373
10	17	0	0	0	0	89.1399	2374
11	18	0	0	0	0	97.5386	2375
11	18	0	0	0	0	103.594	2376
10	18	0	0	0	0	103.64	2377
10	18	0	0	0	0	104.744	2378
10	18	0	0	0	0	98.0097	2379
10	18	0	0	0	0	99.6953	2380
10	18	0	0	0	0	100.62	2381
10	18	0	0	0	0	96.6731	2382
10	18	0	0	0	0	96.2625	2383
10	18	0	0	0	0	88.6438	2384
10	18	0	0	0	0	96.9312	2385
10	19	0	0	0	0	97.7618	2386
10	19	0	0	0	0	104.903	2387
10	19	0	0	0	0	94.4289	2388
10	19	0	0	0	0	97.8714	2389
11	19	0	0	0	0	102.157	2390
11	19	0	0	0	0	98.8965	2391
11	19	0	0	0	0	104.018	2392
11	18	0	0	0	0	108.247	2393
11	19	0	0	0	0	105.476	2394
11	20	0	0	0	0	101.746	2395
11	20	0	0	0	0	108.714	2396
11	21	0	0	0	0	104.158	2397
11	21	0	0	0	0	110.02	2398
11	20	0	0	0	0	111.363	2399
11	20	0	0	0	0	107.196	2400
11	20	0	0	0	0	104.114	2401
11	20	0	0	0	0	114.048	2402
11	20	0	0	0	0	108.835	2403
10	19	0	0	0	0	101.561	2404
10	19	0	0	0	0	93.2717	2405
9	19	0	0	0	0	91.065	2406
9	19	0	0	0	0	95.4502	2407
9	19	0	0	0	0	90.0967	2408
9	19	0	0	0	0	103.624	2409
9	19	0	0	0	0	77.9266	2410
9	17	0	0	0	0	80.1701	2411
9	17	0	0	0	0	91.4724	2412
9	16	0	0	0	0	85.1203	2413
9	17	0	0	0	0	87.9129	2414
9	17	0	0	0	0	85.8942	2415
9	17	0	0	0	0	83.4374	2416
9	16	0	0	0	0	85.2012	2417
8	16	0	0	0	0	81.377	2418
8	16	0	0	0	0	79.9969	2419
8	16	0	0	0	0	89.2096	2420
8	16	0	0	0	0	84.3882	2421
9	16	0	0	0	0	78.6705	2422
8	16	0	0	0	0	84.7197	2423
8	16	0	0	0	0	65.8376	2424
8	17	0	0	0	0	87.7465	2425
8	17	0	0	0	0	82.8176	2426
8	18	0	0	0	0	76.6694	2427
8	18	0	0	0	0	82.5104	2428
8	18	0	0	0	0	92.2108	2429
8	18	0	0	0	0	86.515	2430
8	19	0	0	0	0	89.0453	2431
8	19	0	0	0	0	92.108	2432
8	19	0	0	0	0	91.8013	2433
8	18	0	0	0	0	89.2234	2434
8	18	0	0	0	0	84.9615	2435
8	20	0	0	0	0	84.2815	2436
8	20	0	0	0	0	86.0302	2437
8	20	0	0	0	0	82.129	2438
8	20	0	0	0	0	82.7018	2439
7	20	0	0	0	0	91.0292	2440
7	21	0	0	0	0	100.701	2441
7	21	0	0	0	0	95.2707	2442
7	21	0	0	0	0	99.5257	2443
7	21	0	0	0	0	92.337	2444
7	21	0	0	0	0	97.0139	2445
7	21	0	0	0	0	104.577	2446
7	21	0	0	0	0	91.5028	2447
7	21	0	0	0	0	92.5672	2448
7	23	0	0	0	0	105.313	2449
7	23	0	0	0	0	101.149	2450
7	23	0	0	0	0	105.172	2451
7	22	0	0	0	0	107.226	2452
8	22	0	0	0	0	88.5135	2453
8	22	0	0	0	0	90.2259	2454
8	22	0	0	0	0	107.648	2455
8	22	0	0	0	0	95.7799	2456
8	21	0	0	0	0	87.7902	2457
7	20	0	0	0	0	89.6262	2458
7	19	0	0	0	0	83.8148	2459
7	19	0	0	0	0	87.5357	2460
7	19	0	0	0	0	92.6839	2461
7	18	0	0	0	0	80.4937	2462
7	18	0	0	0	0	78.6406	2463
7	18	0	0	0	0	88.5003	2464
7	19	0	0	0	0	87.4956	2465
7	19	0	0	0	0	85.013	2466
7	18	0	0	0	0	87.8645	2467
8	18	0	0	0	0	91.3694	2468
9	18	0	0	0	0	93.1386	2469
9	19	0	0	0	0	100.689	2470
9	19	0	0	0	0	89.6148	2471
9	19	0	0	0	0	96.5854	2472
9	19	0	0	0	0	100.275	2473
8	19	0	0	0	0	86.7993	2474
8	19	0	0	0	0	96.0685	2475
8	19	0	0	0	0	89.9616	2476
8	19	0	0	0	0	93.4388	2477
8	19	0	0	0	0	89.4545	2478
7	19	0	0	0	0	87.5835	2479
7	19	0	0	0	0	91.5863	2480
7	19	0	0	0	0	77.1154	2481
7	19	0	0	0	0	83.9262	2482
7	19	0	0	0	0	97.0289	2483
10	19	0	0	0	0	91.2309	2484
10	21	0	0	0	0	95.7544	2485
10	22	0	0	0	0	104.195	2486
10	22	0	0	0	0	108.433	2487
10	22	0	0	0	0	106.264	2488
10	25	0	0	0	0	106.63	2489
10	25	0	0	0	0	111.221	2490
10	25	0	0	0	0	120.289	2491
10	25	0	0	0	0	116.583	2492
10	25	0	0	0	0	109.359	2493
10	25	0	0	0	0	119.812	2494
10	25	0	0	0	0	114.172	2495
10	25	0	0	0	0	111.403	2496
9	25	0	0	0	0	116.826	2497
8	25	0	0	0	0	117.235	2498
8	25	0	0	0	0	108.631	2499
8	25	0	0	0	0	107.653	2500
8	24	0	0	0	0	107.672	2501
8	23	0	0	0	0	99.6395	2502
9	23	0	0	0	0	115.527	2503
9	23	0	0	0	0	103.795	2504
9	23	0	0	0	0	107.106	2505
9	21	0	0	0	0	102.945	2506
9	21	0	0	0	0	101.552	2507
9	21	0	0	0	0	105.428	2508
10	21	0	0	0	0	105.206	2509
10	21	0	0	0	0	101.886	2510
10	21	0	0	0	0	97.5833	2511
10	21	0	0	0	0	99.5605	2512
10	21	0	0	0	0	98.1224	2513
9	21	0	0	0	0	78.1798	2514
9	23	0	0	0	0	91.8325	2515
8	23	0	0	0	0	88.5833	2516
8	23	0	0	0	0	91.9257	2517
8	23	0	0	0	0	87.5814	2518
8	23	0	0	0	0	93.1433	2519
8	23	0	0	0	0	92.7214	2520
8	23	0	0	0	0	100.619	2521
8	24	0	0	0	0	112.412	2522
8	24	0	0	0	0	110.952	2523
8	23	0	0	0	0	104.252	2524
8	22	0	0	0	0	93.9887	2525
8	21	0	0	0	0	99.1289	2526
8	21	0	0	0	0	95.57	2527
8	21	0	0	0	0	100.005	2528
8	21	0	0	0	0	100.368	2529
8	21	0	0	0	0	92.6949	2530
8	21	0	0	0	0	100.792	2531
8	21	0	0	0	0	107.275	2532
8	21	0	0	0	0	99.3802	2533
10	21	0	0	0	0	96.6816	2534
10	21	0	0	0	0	100.879	2535
10	20	0	0	0	0	108.861	2536
10	20	0	0	0	0	103.295	2537
10	19	0	0	0	0	96.213	2538
10	19	0	0	0	0	95.5046	2539
10	18	0	0	0	0	89.2549	2540
10	17	0	0	0	0	90.3285	2541
10	17	0	0	0	0	82.0979	2542
10	17	0	0	0	0	85.5572	2543
10	17	0	0	0	0	89.7087	2544
10	17	0	0	0	0	90.5072	2545
10	17	0	0	0	0	85.8488	2546
10	17	0	0	0	0	81.5078	2547
10	17	0	0	0	0	84.1622	2548
10	18	0	0	0	0	93.2698	2549
10	17	0	0	0	0	86.0842	2550
10	16	0	0	0	0	79.5575	2551
10	16	0	0	0	0	87.4675	2552
11	17	0	0	0	0	88.1776	2553
11	18	0	0	0	0	100.792	2554
11	18	0	0	0	0	91.1927	2555
11	18	0	0	0	0	95.2529	2556
11	18	0	0	0	0	97.7067	2557
11	18	0	0	0	0	108.418	2558
12	18	0	0	0	0	101.823	2559
13	18	0	0	0	0	92.2706	2560
14	18	0	0	0	0	107.466	2561
14	18	0	0	0	0	106.256	2562
13	18	0	0	0	0	104.61	2563
14	18	0	0	0	0	108.515	2564
14	18	0	0	0	0	108.906	2565
14	18	0	0	0	0	106.073	2566
14	18	0	0	0	0	107.42	2567
14	19	0	0	0	0	110.389	2568
14	19	0	0	0	0	106.123	2569
14	19	0	0	0	0	108.612	2570
14	19	0	0	0	0	111.723	2571
13	19	0	0	0	0	108.446	2572
13	20	0	0	0	0	110.177	2573
14	20	0	0	0	0	113.866	2574
14	20	0	0	0	0	126.655	2575
14	20	0	0	0	0	104.444	2576
14	20	0	0	0	0	114.131	2577
14	19	0	0	0	0	109.839	2578
14	19	0	0	0	0	115.156	2579
14	19	0	0	0	0	108.005	2580
14	19	0	0	0	0	114.195	2581
14	19	0	0	0	0	119.204	2582
14	19	0	0	0	0	100.263	2583
14	18	0	0	0	0	105.08	2584
15	18	0	0	0	0	106.936	2585
15	17	0	0	0	0	99.5845	2586
15	17	0	0	0	0	109.153	2587
15	17	0	0	0	0	110.734	2588
15	17	0	0	0	0	91.6911	2589
15	18	0	0	0	0	112.085	2590
15	17	0	0	0	0	109.585	2591
15	17	0	0	0	0	118.097	2592
15	17	0	0	0	0	103.423	2593
15	17	0	0	0	0	114.455	2594
15	17	0	0	0	0	114.778	2595
15	17	0	0	0	0	109.528	2596
15	17	0	0	0	0	115.933	2597
15	18	0	0	0	0	113.805	2598
15	18	0	0	0	0	113.643	2599
15	18	0	0	0	0	117.678	2600
15	18	0	0	0	0	110.395	2601
15	18	0	0	0	0	116.88	2602
15	18	0	0	0	0	120.964	2603
15	18	0	0	0	0	113.092	2604
15	18	0	0	0	0	106.617	2605
15	18	0	0	0	0	97.0929	2606
15	18	0	0	0	0	122.981	2607
15	18	0	0	0	0	114.683	2608
15	18	0	0	0	0	112.917	2609
15	18	0	0	0	0	113.968	2610
15	18	0	0	0	0	113.838	2611
15	18	0	0	0	0	124.304	2612
15	18	0	0	0	0	115.74	2613
15	18	0	0	0	0	102.224	2614
15	18	0	0	0	0	122.825	2615
16	18	0	0	0	0	120.669	2616
16	18	0	0	0	0	109.107	2617
16	18	0	0	0	0	116.615	2618
16	18	0	0	0	0	125.221	2619
16	18	0	0	0	0	117.562	2620
16	18	0	0	0	0	118	2621
16	18	0	0	0	0	112.123	2622
16	17	0	0	0	0	109.136	2623
16	17	0	0	0	0	105.211	2624
16	18	0	0	0	0	116.877	2625
16	18	0	0	0	0	112.116	2626
17	18	0	0	0	0	111.16	2627
17	18	0	0	0	0	100.854	2628
17	18	0	0	0	0	119.637	2629
17	18	0	0	0	0	116.687	2630
17	17	0	0	0	0	116.935	2631
17	17	0	0	0	0	117.712	2632
17	17	0	0	0	0	106.906	2633
14	17	0	0	0	0	95.736	2634
15	15	0	0	0	0	107.423	2635
15	15	0	0	0	0	85.2639	2636
16	15	0	0	0	0	106.15	2637
16	15	0	0	0	0	102.291	2638
16	14	0	0	0	0	99.9885	2639
17	14	0	0	0	0	92.5116	2640
17	14	0	0	0	0	110.511	2641
16	14	0	0	0	0	102.318	2642
16	14	0	0	0	0	92.4821	2643
16	13	0	0	0	0	101.333	2644
16	13	0	0	0	0	100.473	2645
16	13	0	0	0	0	96.3902	2646
16	13	0	0	0	0	104.317	2647
17	13	0	0	0	0	96.3021	2648
16	13	0	0	0	0	98.2194	2649
17	13	0	0	0	0	104.93	2650
17	13	0	0	0	0	104.996	2651
16	13	0	0	0	0	101.846	2652
16	13	0	0	0	0	98.9888	2653
16	13	0	0	0	0	94.2132	2654
16	13	0	0	0	0	96.9978	2655
16	13	0	0	0	0	99.745	2656
16	13	0	0	0	0	100.672	2657
16	13	0	0	0	0	94.4647	2658
15	13	0	0	0	0	93.3213	2659
15	14	0	0	0	0	93.68	2660
14	14	0	0	0	0	87.9477	2661
14	14	0	0	0	0	96.1575	2662
14	13	0	0	0	0	88.0199	2663
14	13	0	0	0	0	85.1497	2664
14	12	0	0	0	0	81.9169	2665
14	12	0	0	0	0	88.4416	2666
15	11	0	0	0	0	77.2781	2667
15	11	0	0	0	0	84.7702	2668
16	11	0	0	0	0	82.7575	2669
16	11	0	0	0	0	76.0079	2670
16	11	0	0	0	0	77.285	2671
16	10	0	0	0	0	93.4932	2672
16	10	0	0	0	0	84.8033	2673
16	10	0	0	0	0	91.62	2674
16	11	0	0	0	0	89.562	2675
16	11	0	0	0	0	98.2875	2676
17	12	0	0	0	0	91.0623	2677
17	14	0	0	0	0	107.079	2678
17	14	0	0	0	0	99.7135	2679
17	14	0	0	0	0	104.672	2680
17	14	0	0	0	0	103.192	2681
17	14	0	0	0	0	105.494	2682
17	14	0	0	0	0	100.337	2683
13	14	0	0	0	0	91.9864	2684
13	14	0	0	0	0	90.0249	2685
13	14	0	0	0	0	96.5095	2686
14	15	0	0	0	0	95.5646	2687
14	15	0	0	0	0	103.685	2688
14	15	0	0	0	0	99.0182	2689
14	15	0	0	0	0	104.258	2690
14	15	0	0	0	0	100.93	2691
14	14	0	0	0	0	96.1208	2692
14	14	0	0	0	0	94.4083	2693
14	14	0	0	0	0	90.6818	2694
14	14	0	0	0	0	100.061	2695
14	14	0	0	0	0	98.4309	2696
14	14	0	0	0	0	93.9823	2697
14	14	0	0	0	0	90.7414	2698
14	13	0	0	0	0	90.1012	2699
14	13	0	0	0	0	89.3724	2700
14	13	0	0	0	0	98.0009	2701
14	13	0	0	0	0	96.3939	2702
13	13	0	0	0	0	83.106	2703
13	12	0	0	0	0	82.38	2704
13	12	0	0	0	0	89.5371	2705
13	12	0	0	0	0	85.9958	2706
13	12	0	0	0	0	85.463	2707
13	12	0	0	0	0	83.3349	2708
12	12	0	0	0	0	68.7484	2709
12	12	0	0	0	0	76.4142	2710
13	12	0	0	0	0	77.3933	2711
13	11	0	0	0	0	75.3989	2712
13	12	0	0	0	0	78.78	2713
12	12	0	0	0	0	81.9362	2714
12	12	0	0	0	0	81.5578	2715
12	12	0	0	0	0	81.9495	2716
12	12	0	0	0	0	79.3201	2717
12	11	0	0	0	0	80.789	2718
12	12	0	0	0	0	76.2227	2719
12	12	0	0	0	0	81.3673	2720
12	12	0	0	0	0	82.9551	2721
12	12	0	0	0	0	80.7185	2722
13	11	0	0	0	0	75.564	2723
13	11	0	0	0	0	76.1891	2724
13	11	0	0	0	0	79.7808	2725
13	11	0	0	0	0	76.9356	2726
12	11	0	0	0	0	77.1415	2727
12	11	0	0	0	0	84.1714	2728
12	11	0	0	0	0	71.368	2729
12	11	0	0	0	0	75.2234	2730
12	11	0	0	0	0	71.6113	2731
12	11	0	0	0	0	76.2654	2732
12	11	0	0	0	0	69.3553	2733
12	11	0	0	0	0	77.6306	2734
12	10	0	0	0	0	67.65	2735
12	10	0	0	0	0	77.9011	2736
12	10	0	0	0	0	75.2689	2737
12	10	0	0	0	0	67.3437	2738
11	10	0	0	0	0	73.3452	2739
11	10	0	0	0	0	66.121	2740
11	10	0	0	0	0	71.089	2741
11	10	0	0	0	0	74.4911	2742
11	10	0	0	0	0	74.2806	2743
11	10	0	0	0	0	74.4259	2744
11	10	0	0	0	0	72.9901	2745
11	10	0	0	0	0	55.0172	2746
11	10	0	0	0	0	69.303	2747
11	9	0	0	0	0	63.0762	2748
11	9	0	0	0	0	66.1852	2749
11	9	0	0	0	0	70.6154	2750
11	9	0	0	0	0	70.5868	2751
11	9	0	0	0	0	69.4723	2752
11	9	0	0	0	0	68.6449	2753
11	9	0	0	0	0	68.9057	2754
13	11	0	0	0	0	71.7237	2755
13	11	0	0	0	0	70.171	2756
13	11	0	0	0	0	71.1056	2757
13	11	0	0	0	0	69.6865	2758
13	11	0	0	0	0	74.7894	2759
13	11	0	0	0	0	78.8718	2760
13	12	0	0	0	0	81.8013	2761
13	12	0	0	0	0	79.8854	2762
13	12	0	0	0	0	89.985	2763
13	12	0	0	0	0	84.3864	2764
13	12	0	0	0	0	81.129	2765
13	13	0	0	0	0	82.0104	2766
13	13	0	0	0	0	73.1391	2767
14	13	0	0	0	0	81.1474	2768
15	12	0	0	0	0	84.6517	2769
15	12	0	0	0	0	80.0352	2770
15	12	0	0	0	0	91.5751	2771
15	12	0	0	0	0	84.124	2772
15	13	0	0	0	0	96.48	2773
15	13	0	0	0	0	98.4875	2774
15	13	0	0	0	0	96.7402	2775
16	14	0	0	0	0	87.5157	2776
15	13	0	0	0	0	90.979	2777
15	14	0	0	0	0	95.052	2778
15	14	0	0	0	0	91.24	2779
15	14	0	0	0	0	88.5024	2780
14	14	0	0	0	0	98.7766	2781
15	14	0	0	0	0	85.2472	2782
15	14	0	0	0	0	93.7495	2783
16	14	0	0	0	0	90.6596	2784
15	14	0	0	0	0	91.6786	2785
15	14	0	0	0	0	104.06	2786
14	14	0	0	0	0	91.3276	2787
14	14	0	0	0	0	96.3671	2788
14	14	0	0	0	0	90.1909	2789
14	14	0	0	0	0	101.286	2790
14	15	0	0	0	0	90.6659	2791
14	15	0	0	0	0	85.0978	2792
14	15	0	0	0	0	94.7177	2793
14	15	0	0	0	0	108.971	2794
15	15	0	0	0	0	100.621	2795
15	15	0	0	0	0	106.961	2796
15	15	0	0	0	0	94.3257	2797
15	15	0	0	0	0	102.354	2798
15	15	0	0	0	0	106.559	2799
14	15	0	0	0	0	91.4231	2800
14	15	0	0	0	0	99.5648	2801
14	15	0	0	0	0	95.7832	2802
14	15	0	0	0	0	96.3189	2803
14	15	0	0	0	0	96.4535	2804
14	15	0	0	0	0	98.0398	2805
14	15	0	0	0	0	96.3387	2806
14	15	0	0	0	0	98.7066	2807
14	15	0	0	0	0	101.321	2808
14	15	0	0	0	0	97.6852	2809
14	15	0	0	0	0	101.85	2810
14	16	0	0	0	0	105.022	2811
14	16	0	0	0	0	99.3567	2812
14	16	0	0	0	0	93.4948	2813
14	16	0	0	0	0	92.7053	2814
14	16	0	0	0	0	83.9637	2815
14	16	0	0	0	0	91.6373	2816
14	16	0	0	0	0	97.159	2817
14	16	0	0	0	0	98.9616	2818
12	16	0	0	0	0	90.2461	2819
12	16	0	0	0	0	97.0167	2820
12	16	0	0	0	0	92.2156	2821
12	16	0	0	0	0	96.0388	2822
12	16	0	0	0	0	94.2601	2823
12	15	0	0	0	0	78.1962	2824
12	12	0	0	0	0	78.4767	2825
12	12	0	0	0	0	65.3641	2826
9	12	0	0	0	0	63.6317	2827
9	10	0	0	0	0	59.1302	2828
8	10	0	0	0	0	57.1362	2829
8	10	0	0	0	0	56.5155	2830
8	10	0	0	0	0	57.4614	2831
8	10	0	0	0	0	56.8784	2832
8	10	0	0	0	0	55.2158	2833
8	10	0	0	0	0	60.5617	2834
7	10	0	0	0	0	52.2154	2835
7	10	0	0	0	0	50.7407	2836
7	10	0	0	0	0	46.5594	2837
7	10	0	0	0	0	51.7807	2838
7	9	0	0	0	0	43.4817	2839
7	9	0	0	0	0	50.7047	2840
7	8	0	0	0	0	38.8966	2841
7	8	0	0	0	0	46.3804	2842
7	7	0	0	0	0	42.4492	2843
7	7	0	0	0	0	45.3361	2844
7	7	0	0	0	0	48.8159	2845
7	7	0	0	0	0	42.4384	2846
7	6	0	0	0	0	41.3743	2847
7	6	0	0	0	0	41.8317	2848
7	6	0	0	0	0	43.9717	2849
7	6	0	0	0	0	39.8518	2850
8	6	0	0	0	0	38.5979	2851
8	6	0	0	0	0	36.5019	2852
8	6	0	0	0	0	39.5483	2853
8	6	0	0	0	0	35.331	2854
8	5	0	0	0	0	38.0163	2855
8	5	0	0	0	0	42.909	2856
8	5	0	0	0	0	34.5667	2857
7	5	0	0	0	0	31.875	2858
7	5	0	0	0	0	32.3554	2859
7	5	0	0	0	0	35.3457	2860
7	5	0	0	0	0	35.3506	2861
7	5	0	0	0	0	35.9581	2862
7	5	0	0	0	0	39.2239	2863
7	5	0	0	0	0	36.8716	2864
7	5	0	0	0	0	34.2045	2865
7	5	0	0	0	0	39.3191	2866
7	5	0	0	0	0	37.2485	2867
7	5	0	0	0	0	39.2771	2868
7	5	0	0	0	0	36.9668	2869
7	5	0	0	0	0	33.0658	2870
7	5	0	0	0	0	40.8333	2871
7	5	0	0	0	0	40.1169	2872
7	5	0	0	0	0	40.2295	2873
7	5	0	0	0	0	34.9091	2874
7	5	0	0	0	0	32.9648	2875
7	5	0	0	0	0	31.4444	2876
7	5	0	0	0	0	31.473	2877
7	5	0	0	0	0	33.099	2878
7	4	0	0	0	0	31.4398	2879
7	4	0	0	0	0	31.4444	2880
7	3	0	0	0	0	24.723	2881
7	3	0	0	0	0	31.0477	2882
7	3	0	0	0	0	31.495	2883
7	3	0	0	0	0	30.5567	2884
7	3	0	0	0	0	31.473	2885
7	3	0	0	0	0	31.2104	2886
7	3	0	0	0	0	31.7999	2887
7	3	0	0	0	0	32.6885	2888
7	3	0	0	0	0	28.2638	2889
7	3	0	0	0	0	31.6473	2890
7	3	0	0	0	0	32.7845	2891
7	3	0	0	0	0	24.9705	2892
7	3	0	0	0	0	26.8309	2893
7	3	0	0	0	0	24.1952	2894
7	3	0	0	0	0	23.7621	2895
6	3	0	0	0	0	23.1279	2896
5	3	0	0	0	0	23.4131	2897
5	3	0	0	0	0	22.2168	2898
5	3	0	0	0	0	24.1443	2899
5	3	0	0	0	0	21.5908	2900
5	3	0	0	0	0	23.3086	2901
5	3	0	0	0	0	24.8952	2902
5	3	0	0	0	0	21.3981	2903
5	3	0	0	0	0	19.9544	2904
4	3	0	0	0	0	19.4552	2905
4	3	0	0	0	0	15.7846	2906
4	3	0	0	0	0	16.0701	2907
3	3	0	0	0	0	16.4443	2908
3	3	0	0	0	0	16.7878	2909
3	3	0	0	0	0	15.2887	2910
3	3	0	0	0	0	13.1586	2911
3	3	0	0	0	0	8.85588	2912
3	3	0	0	0	0	13.8998	2913
3	3	0	0	0	0	14.6067	2914
3	3	0	0	0	0	14.6772	2915
3	3	0	0	0	0	7.79188	2916
3	3	0	0	0	0	9.03875	2917
2	3	0	0	0	0	7.83491	2918
1	3	0	0	0	0	7.963	2919
1	3	0	0	0	0	7.87071	2920
1	3	0	0	0	0	7.06437	2921
1	3	0	0	0	0	7.45223	2922
1	3	0	0	0	0	5.33317	2923
1	3	0	0	0	0	8.75263	2924
1	3	0	0	0	0	2.09456	2925
1	2	0	0	0	0	1.16113	2926
1	1	0	0	0	0	-3.15881	2927
1	1	0	0	0	0	-3.15881	2928
1	1	0	0	0	0	-3.15881	2929
1	1	0	0	0	0	-3.32106	2930
1	1	0	0	0	0	-3.32106	2931
0	1	0	0	0	0	-3.02035	2932
0	1	0	0	0	0	-3.15881	2933
0	1	0	0	0	0	-5.19134	2934
0	1	0	0	0	0	-3.02035	2935
0	1	0	0	0	0	-3.01355	2936
0	1	0	0	0	0	-4.83344	2937
0	1	0	0	0	0	-3.32106	2938
0	1	0	0	0	0	-3.19076	2939
0	1	0	0	0	0	-3.19076	2940
0	1	0	0	0	0	-3.02035	2941
0	1	0	0	0	0	nan	2942
0	0	0	0	0	0	nan	2943
0	0	0	0	0	0	nan	2944
0	0	0	0	0	0	nan	2945
0	0	0	0	0	0	nan	2946
0	0	0	0	0	0	nan	2947
0	0	0	0	0	0	nan	2948
0	0	0	0	0	0	nan	2949
0	0	0	0	0	0	nan	2950
