seq_id	position	insert_position	reference_base	major_base	minor_base	major_frequency	major_top_strand	major_bot_strand	minor_top_strand	minor_bot_strand	major_quals	minor_quals	
NODE_11_length_69729_cov_9.996167	117	0	T	T	C	0.6875	7	4	1	4	14,36,36,36,36,14,36,36,27,21,32	36,36,32,36,36	
NODE_11_length_69729_cov_9.996167	123	0	T	T	C	0.666667	4	6	3	2	32,36,36,36,32,36,21,36,36,36	36,36,36,36,14	
NODE_11_length_69729_cov_9.996167	132	0	C	C	T	0.727273	8	8	4	2	27,32,36,36,36,36,36,36,32,36,36,36,36,36,32,32	36,36,32,36,32,36	
NODE_11_length_69729_cov_9.996167	153	0	C	C	T	0.642857	5	4	2	3	36,27,36,14,36,36,36,36,36	36,36,36,36,36	
NODE_11_length_69729_cov_9.996167	159	0	C	C	T	0.545455	3	3	4	1	36,14,36,32,36,27	36,32,36,36,36	
NODE_11_length_69729_cov_9.996167	3984	0	C	C	T	0.5	10	2	5	7	27,27,36,32,36,36,36,36,36,36,36,36	36,32,36,36,27,27,14,36,32,36,32,27	
NODE_11_length_69729_cov_9.996167	4002	0	T	C	T	0.535714	8	7	9	4	36,36,36,36,36,36,32,36,36,36,32,32,32,36,36	14,32,36,36,27,36,27,36,36,36,36,36,32	
NODE_11_length_69729_cov_9.996167	4015	0	A	G	A	0.615385	8	8	6	4	36,36,36,36,36,27,27,36,36,36,36,36,36,36,36,36	32,32,36,36,32,36,36,27,36,14	
NODE_11_length_69729_cov_9.996167	4020	0	C	T	C	0.666667	9	9	6	3	36,36,36,36,36,21,36,36,32,36,36,14,14,36,36,36,32,32	32,36,36,21,36,36,36,36,36	
NODE_11_length_69729_cov_9.996167	4026	0	A	T	A	0.72	9	9	4	3	36,36,32,36,36,32,36,32,36,36,32,32,36,36,36,36,36,36	32,36,36,27,36,36,36	
NODE_13_length_61789_cov_10.268327	4	0	T	C	T	0.764706	2	11	0	4	36,36,14,32,32,36,14,36,14,32,36,21,32	36,36,36,36	
NODE_13_length_61789_cov_10.268327	38	0	G	G	A	0.571429	4	4	2	4	36,36,32,36,32,36,32,36	32,21,36,36,36,36	
NODE_13_length_61789_cov_10.268327	39	0	G	G	A	0.615385	4	4	2	3	36,36,36,36,36,36,32,36	36,36,36,21,36	
NODE_16_length_53370_cov_9.797347	46205	0	G	T	G	0.678571	11	8	3	6	36,36,36,36,27,14,36,36,32,36,36,36,21,36,32,27,36,14,36	36,27,36,36,32,36,36,32,36	
NODE_17_length_53225_cov_9.831847	9696	0	T	T	C	0.5	5	3	7	1	36,36,36,14,36,14,36,36	36,36,32,14,36,14,36,36	
NODE_17_length_53225_cov_9.831847	9706	0	T	C	T	0.529412	7	2	3	5	36,14,32,27,14,14,36,32,21	36,14,36,14,32,36,36,14	
NODE_17_length_53225_cov_9.831847	19189	0	A	A	G	0.73913	9	8	2	4	14,32,36,36,36,27,36,36,36,36,14,27,36,27,36,36,27	36,32,32,14,36,36	
NODE_17_length_53225_cov_9.831847	19207	0	A	A	G	0.75	10	8	2	4	32,36,36,36,36,36,36,36,32,27,14,32,36,36,36,27,36,36	36,21,32,36,36,36	
NODE_19_length_49564_cov_8.904581	16828	0	T	C	T	0.666667	6	0	3	0	32,32,36,36,36,36	14,14,14	
NODE_19_length_49564_cov_8.904581	18243	0	T	T	C	0.653846	6	11	4	5	36,32,36,36,14,14,36,36,32,14,36,14,32,36,36,14,36	14,36,36,36,36,36,36,14,36	
NODE_19_length_49564_cov_8.904581	49373	0	G	G	A	0.689655	9	11	6	3	36,36,36,36,32,36,36,32,36,32,32,21,32,14,36,36,36,36,36,36	32,36,36,36,36,32,14,21,27	
NODE_19_length_49564_cov_8.904581	49383	0	T	T	C	0.625	9	11	8	4	32,36,36,36,36,36,32,36,36,36,36,36,36,14,36,36,36,36,36,36	36,36,36,36,36,36,36,36,36,36,36,36	
NODE_19_length_49564_cov_8.904581	49469	0	A	A	.	0.689655	7	13	5	4	36,36,36,36,36,36,36,32,36,36,14,36,14,32,32,36,14,32,36,36	14,32,27,36,36,32,14,36,21	
NODE_19_length_49564_cov_8.904581	49475	1	.	.	T	0.875	10	18	0	4	27,36,27,27,32,14,32,14,36,36,36,36,36,36,36,27,36,36,36,32,36,36,36,36,27,36,32,32	36,36,36,36	
NODE_19_length_49564_cov_8.904581	49476	1	.	.	T	0.818182	7	20	3	3	27,27,36,32,14,36,36,36,32,32,36,27,36,14,14,36,36,36,36,36,14,36,32,36,32,14,32	36,36,36,32,36,36	
NODE_21_length_47455_cov_9.245050	913	0	T	T	A	0.678571	8	11	3	6	21,36,36,32,36,36,32,36,36,36,36,14,36,36,36,36,36,36,32	32,36,36,36,36,36,36,36,36	
NODE_23_length_38242_cov_8.817136	38185	0	A	A	T	0.545455	6	6	2	8	36,14,36,32,36,36,14,14,36,36,32,32	14,36,14,36,36,36,36,36,36,14	
NODE_2_length_261439_cov_10.498405	183454	0	C	C	T	0.825	16	17	4	3	36,27,36,32,36,32,36,36,36,36,27,36,36,36,36,32,36,36,36,36,36,36,36,36,36,32,36,36,36,36,32,36,27	14,36,32,14,36,36,36	
NODE_2_length_261439_cov_10.498405	183474	0	A	A	G	0.820513	10	22	4	3	36,36,14,32,36,36,36,36,27,36,36,36,36,36,14,36,14,36,36,36,14,14,32,36,32,36,21,32,21,36,32,27	36,36,14,14,27,36,36	
NODE_2_length_261439_cov_10.498405	183535	0	T	T	C	0.571429	9	11	5	10	32,14,36,36,36,32,36,36,36,36,36,36,36,36,36,14,36,32,36,14	36,36,36,36,36,14,36,36,36,36,36,36,36,36,36	
NODE_2_length_261439_cov_10.498405	183545	0	T	T	C	0.575758	8	11	5	9	36,32,32,32,14,36,36,36,36,36,36,32,32,36,36,14,36,36,21	36,36,32,36,36,32,36,14,36,14,14,36,36,14	
NODE_2_length_261439_cov_10.498405	183548	0	T	T	G	0.606061	9	11	4	9	14,36,36,36,14,14,36,36,36,36,36,36,36,36,36,36,14,36,32,36	36,36,36,36,32,36,36,36,14,36,14,36,36	
NODE_2_length_261439_cov_10.498405	183550	0	G	G	A	0.59375	8	11	4	9	36,32,36,32,36,27,36,32,36,32,36,36,36,36,36,36,36,36,36	14,36,14,32,32,14,36,36,27,14,14,36,36	
NODE_2_length_261439_cov_10.498405	183554	0	T	C	T	0.53125	6	11	7	8	36,36,36,36,36,36,36,14,27,36,32,36,32,36,14,14,36	14,36,36,36,36,14,32,32,36,14,14,21,36,14,36	
NODE_2_length_261439_cov_10.498405	183563	0	A	T	A	0.53125	7	10	4	11	36,36,36,36,14,36,14,27,14,14,36,32,32,36,36,32,32	14,14,14,32,36,36,36,36,36,36,14,27,36,14,27	
NODE_30_length_22830_cov_8.619962	86	0	A	A	T	0.68	7	10	2	6	36,36,36,36,36,36,36,32,27,36,36,36,21,36,36,14,32	36,36,36,36,36,36,14,36	
NODE_31_length_21151_cov_19.362247	105	0	A	G	A	0.521739	17	7	14	8	36,36,36,32,36,36,36,14,36,36,36,36,36,36,36,36,36,36,36,36,36,36,32,32	36,36,36,36,32,36,36,32,36,32,36,36,32,36,36,36,36,36,36,36,36,36	
NODE_31_length_21151_cov_19.362247	117	0	T	T	C	0.510638	14	10	17	6	36,36,36,32,36,32,32,36,36,36,32,32,36,36,36,36,14,36,14,36,36,36,27,36	32,36,27,32,36,32,32,36,36,32,27,36,36,36,32,36,36,27,36,36,36,32,36	
NODE_31_length_21151_cov_19.362247	132	0	A	A	G	0.553191	14	12	16	5	36,36,32,36,36,14,32,36,36,36,36,36,32,36,36,14,32,21,32,36,36,27,36,27,36,36	36,36,32,32,36,32,14,36,36,32,14,32,36,36,36,36,36,36,36,36,36	
NODE_31_length_21151_cov_19.362247	7553	0	T	T	G	0.659574	13	18	11	5	32,27,36,36,32,36,36,36,36,36,36,36,32,36,36,36,36,36,32,32,36,36,36,36,36,36,36,14,36,36,36	32,32,32,36,36,36,36,36,36,36,36,36,36,36,36,36	
NODE_31_length_21151_cov_19.362247	9850	0	C	C	T	0.622222	14	14	8	9	36,36,36,36,36,32,14,36,36,32,36,36,36,21,36,14,36,36,27,36,27,36,36,21,27,36,36,21	36,36,36,14,36,36,36,36,36,36,36,36,14,36,14,36,36	
NODE_35_length_19845_cov_8.356081	18161	0	A	A	.	0.666667	9	7	4	4	36,36,36,14,36,14,36,36,36,32,36,36,36,36,36,36	32,32,36,36,36,32,27,36	
NODE_35_length_19845_cov_8.356081	18163	0	T	T	C	0.666667	9	7	4	4	36,36,36,32,32,36,36,36,32,36,27,36,21,36,36,14	32,32,36,36,36,32,36,14	
NODE_37_length_16637_cov_8.574034	77	0	T	T	C	0.642857	4	5	4	1	32,36,36,14,36,14,32,32,36	36,36,36,36,36	
NODE_47_length_3280_cov_8.366219	114	0	T	T	.	0.8	9	11	0	5	36,36,36,36,36,27,36,36,36,36,36,36,36,36,14,36,36,32,27,36	36,36,36,36,32	
NODE_48_length_3090_cov_27.958181	290	0	C	C	A	0.714286	40	25	18	8	14,32,32,36,36,32,32,14,36,27,32,36,36,32,36,36,36,36,32,36,36,27,36,36,36,36,36,32,36,36,36,36,32,36,36,32,36,36,36,36,36,36,36,14,36,36,36,36,36,36,32,32,36,36,36,32,36,36,36,36,32,36,32,32,21	36,32,36,14,36,36,14,36,36,36,14,36,36,36,36,36,36,36,36,36,36,36,36,32,36,32	
NODE_48_length_3090_cov_27.958181	309	0	T	T	C	0.905263	53	33	5	4	32,36,32,36,36,27,36,36,36,36,36,32,27,32,32,36,36,32,36,36,32,36,36,32,14,36,36,36,36,36,32,27,36,36,36,14,36,36,36,36,32,36,27,36,36,36,36,36,36,36,14,14,36,36,36,27,32,32,36,32,32,36,36,36,36,36,36,36,36,36,36,36,32,14,36,32,14,36,36,36,36,32,21,32,32,32	32,27,36,36,36,36,14,36,36	
NODE_48_length_3090_cov_27.958181	322	0	A	A	G	0.8	65	23	15	7	32,36,36,36,32,32,32,36,36,36,32,36,32,36,36,36,27,36,32,36,36,36,36,36,36,32,36,36,36,36,36,36,36,32,32,36,36,36,36,36,36,36,36,36,36,32,36,36,36,36,14,32,36,36,36,36,36,36,36,36,36,36,36,36,36,36,36,36,36,27,21,32,36,36,36,36,32,32,32,32,32,32,32,32,32,32,32,32	32,36,32,36,36,36,36,36,36,36,27,36,36,36,36,36,36,36,27,36,32,32	
NODE_48_length_3090_cov_27.958181	550	0	G	G	A	0.636364	28	35	17	19	32,36,36,32,36,36,36,36,36,36,36,36,36,32,36,36,36,36,36,36,36,36,32,36,14,36,36,27,36,36,14,36,36,36,14,32,36,36,32,32,36,36,36,36,36,36,32,36,14,36,36,32,32,36,32,27,36,21,32,32,32,36,36	14,36,36,36,36,36,36,36,36,36,36,36,36,36,36,36,27,36,36,36,36,36,14,36,36,36,36,36,36,36,36,36,36,14,27,32	
NODE_48_length_3090_cov_27.958181	1410	0	C	C	T	0.837838	27	35	2	10	32,27,32,36,27,36,36,36,36,36,36,36,32,36,36,36,27,36,36,36,36,36,36,36,36,36,36,32,36,36,36,36,36,36,32,36,27,36,36,36,36,36,36,32,36,36,36,36,36,36,36,32,27,36,36,32,36,32,36,32,36,32	36,36,32,32,36,14,36,36,36,36,14,32	
NODE_48_length_3090_cov_27.958181	1594	0	A	A	T	0.592593	18	14	13	9	14,14,32,36,36,36,32,36,36,36,36,36,36,36,36,36,32,32,14,14,36,36,36,36,36,36,32,36,36,36,32,32	32,36,36,36,36,32,36,36,36,36,32,36,36,21,36,36,36,32,36,36,32,27	
NODE_48_length_3090_cov_27.958181	2271	0	G	G	A	0.803571	27	18	2	9	32,27,36,36,32,27,36,36,36,36,36,32,36,36,36,27,36,36,36,36,32,36,36,36,36,36,36,32,36,36,36,36,36,32,36,36,36,36,32,36,32,36,36,32,36	36,14,36,36,36,36,36,36,36,36,36	
NODE_48_length_3090_cov_27.958181	2992	0	T	T	A	0.609375	41	37	33	17	36,36,36,32,36,36,32,36,21,36,36,36,36,36,36,36,36,36,36,36,36,32,36,27,14,36,21,36,36,36,36,36,36,36,36,36,14,14,36,36,36,36,32,21,36,36,32,36,36,36,36,36,36,36,36,32,36,36,36,36,36,36,36,32,36,36,21,36,36,36,32,36,36,32,32,36,36,32	36,36,36,36,36,36,36,36,36,36,36,36,14,14,14,36,36,36,36,36,14,32,27,36,36,36,36,32,36,36,36,36,36,36,36,14,36,36,36,36,36,36,36,36,36,27,36,36,36,32	
NODE_48_length_3090_cov_27.958181	2993	0	T	T	C	0.835938	63	44	11	10	32,32,32,36,14,32,32,36,32,32,32,36,36,36,36,36,36,32,36,36,36,36,14,32,32,36,36,14,36,32,36,36,36,36,36,36,36,36,36,36,36,21,36,36,36,36,36,32,36,36,36,36,36,36,36,36,36,36,36,14,36,36,36,36,36,36,36,21,36,36,36,36,36,36,36,36,36,36,36,36,36,36,36,36,36,36,36,36,36,36,21,36,36,32,36,36,36,36,36,36,36,36,36,36,36,36,36	36,36,36,36,36,36,32,36,36,36,36,36,36,27,36,36,36,36,27,36,36	
NODE_54_length_1659_cov_29.332491	17	0	G	G	T	0.865672	33	25	1	8	32,27,14,27,27,36,36,32,36,32,32,27,36,36,32,32,36,14,36,36,36,36,36,32,36,36,36,36,36,36,36,36,36,36,32,36,36,32,36,14,36,36,32,36,36,36,27,36,36,32,27,32,32,36,32,21,36,36	36,36,36,36,27,36,36,14,36	
NODE_54_length_1659_cov_29.332491	18	0	A	A	C	0.867647	34	25	1	8	36,36,36,32,36,36,36,36,36,36,36,36,32,36,32,32,32,36,32,27,36,36,36,36,36,36,36,36,36,36,36,32,36,36,36,36,36,27,36,14,36,36,36,14,36,36,36,14,36,32,36,27,32,36,36,32,32,32,36	36,36,36,36,21,36,36,32,36	
NODE_54_length_1659_cov_29.332491	321	0	G	G	A	0.908046	30	49	4	4	27,36,36,27,32,32,32,36,36,36,36,36,36,32,36,36,32,36,36,36,36,36,32,36,36,36,36,36,36,36,27,36,36,36,36,36,36,32,32,32,14,36,36,36,27,36,36,36,21,36,36,36,36,36,36,36,36,36,36,36,36,32,36,36,27,36,14,36,36,36,36,32,32,36,14,27,36,32,36	36,36,36,36,36,36,36,36	
NODE_54_length_1659_cov_29.332491	561	0	G	G	A	0.745455	33	8	5	9	36,36,36,32,36,36,36,36,32,14,36,36,32,36,36,27,36,14,21,36,36,36,14,36,36,36,36,36,32,36,36,36,36,36,36,36,36,14,36,36,36	36,36,36,36,32,36,36,36,36,32,32,36,32,27	
NODE_54_length_1659_cov_29.332491	566	0	G	G	A	0.838235	31	26	8	3	36,36,36,32,36,14,36,36,32,32,36,36,36,32,36,32,36,36,36,36,32,21,36,14,32,36,32,36,36,14,36,14,36,36,36,36,36,36,27,36,36,32,36,32,32,36,27,32,36,36,27,36,32,36,36,36,36	36,32,32,36,36,36,36,36,36,32,36	
NODE_54_length_1659_cov_29.332491	1174	0	C	C	T	0.822785	38	27	10	4	36,36,36,36,36,36,36,36,36,36,27,36,32,14,36,36,36,36,36,36,36,36,36,36,36,14,36,36,36,36,14,36,36,36,36,36,14,36,14,36,36,36,36,36,32,36,36,36,36,36,14,36,36,36,36,36,36,32,36,32,36,32,36,36,36	27,36,36,32,32,36,32,36,36,36,14,36,32,32	
NODE_54_length_1659_cov_29.332491	1389	0	C	C	T	0.795181	35	31	8	9	36,36,36,21,36,36,32,36,36,36,27,32,36,36,36,36,36,36,36,32,36,36,32,27,32,32,27,36,36,36,32,36,36,27,36,36,36,36,36,36,32,36,36,32,32,36,36,36,36,36,36,36,36,36,36,36,36,32,36,36,36,36,36,32,36,36	36,36,36,36,36,36,36,36,36,36,36,36,32,36,36,36,32	
NODE_5_length_154083_cov_9.025505	88219	0	A	A	.	0.636364	2	5	4	0	32,36,27,36,36,14,32	36,36,36,36	
NODE_5_length_154083_cov_9.025505	102869	0	G	G	C	0.761905	9	7	4	1	36,36,36,36,36,36,36,32,36,36,36,36,36,36,32,36	36,32,36,36,32	
NODE_5_length_154083_cov_9.025505	102872	0	G	G	C	0.761905	9	7	4	1	32,36,32,36,36,36,36,36,36,36,36,36,36,36,36,32	36,36,36,36,36	
NODE_5_length_154083_cov_9.025505	137197	0	G	A	C	0.954545	12	9	1	0	36,27,36,32,32,36,36,36,36,14,32,36,36,14,32,36,32,27,36,36,32	14	
NODE_60_length_682_cov_6.588430	105	0	T	C	T	0.56	4	10	4	7	36,27,36,36,36,32,36,36,27,36,36,36,27,36	32,36,36,36,36,32,32,14,36,36,36	
NODE_60_length_682_cov_6.588430	117	0	C	T	C	0.666667	3	11	3	4	32,36,32,36,36,36,36,36,36,36,36,36,36,36	36,36,36,36,36,36,27	
NODE_60_length_682_cov_6.588430	126	0	T	C	T	0.565217	4	9	5	5	36,36,36,36,36,36,36,36,36,36,36,36,36	36,36,32,36,36,36,36,32,36,36	
NODE_60_length_682_cov_6.588430	156	0	T	C	T	0.666667	4	8	3	3	32,36,32,36,32,36,36,32,32,36,36,36	36,36,36,36,36,36	
NODE_60_length_682_cov_6.588430	159	0	T	C	T	0.65	4	9	3	4	32,32,36,36,27,36,36,36,36,36,36,36,36	14,36,36,36,32,36,36	
NODE_60_length_682_cov_6.588430	355	0	T	G	T	0.529412	5	4	6	2	36,36,36,36,36,36,36,32,36	32,36,36,14,36,36,36,36	
NODE_60_length_682_cov_6.588430	381	0	T	C	T	0.565217	7	6	6	4	32,36,36,32,36,36,36,36,32,36,36,32,27	36,32,36,36,36,32,32,14,36,36	
NODE_60_length_682_cov_6.588430	384	0	T	A	T	0.565217	7	6	6	4	36,36,36,36,36,36,36,36,36,36,36,32,32	27,27,14,32,36,36,36,36,36,36	
NODE_60_length_682_cov_6.588430	402	0	A	A	G	0.5	7	5	5	7	32,32,36,14,36,36,36,21,27,36,32,36	36,36,14,36,36,36,36,36,27,36,36,32	
NODE_60_length_682_cov_6.588430	429	0	G	A	G	0.592593	12	4	8	3	36,36,36,32,36,36,36,32,36,36,32,36,36,36,36,32	36,36,36,32,36,36,36,32,36,36,36	
NODE_60_length_682_cov_6.588430	487	0	C	C	A	0.575	18	5	13	4	14,36,36,36,36,36,32,36,36,36,32,36,36,36,27,36,36,36,36,36,36,36,36	36,36,36,36,36,36,36,14,36,36,32,36,36,36,36,36,14	
NODE_60_length_682_cov_6.588430	490	0	A	A	G	0.6	18	6	13	3	36,36,36,36,36,36,36,36,36,32,36,36,32,36,36,36,36,36,36,36,36,36,21,14	36,36,36,36,14,32,36,36,14,36,36,36,36,27,36,36	
NODE_60_length_682_cov_6.588430	491	0	A	A	C	0.6	18	6	13	3	36,32,36,32,36,36,36,36,14,36,36,36,14,36,36,36,36,27,36,36,36,36,36,14	32,36,36,36,36,32,32,36,21,36,36,27,36,14,36,36	
NODE_60_length_682_cov_6.588430	587	0	C	T	C	0.566667	10	7	8	5	36,36,36,32,36,36,36,36,36,36,36,36,36,32,36,36,36	32,36,36,36,36,32,36,32,27,36,36,36,32	
NODE_61_length_570_cov_15.713996	234	0	A	A	G	0.526316	3	7	2	7	36,36,32,14,36,36,36,36,36,36	36,36,32,27,36,32,36,36,32	
NODE_61_length_570_cov_15.713996	260	0	G	G	A	0.571429	3	17	4	11	32,36,36,36,36,32,32,36,36,32,21,27,36,36,36,36,27,27,21,32	14,14,36,36,36,36,32,14,36,36,36,36,36,36,36	
NODE_61_length_570_cov_15.713996	326	0	C	A	C	0.516129	9	7	4	11	32,36,36,36,36,36,36,36,36,36,36,36,36,32,36,36	32,32,36,36,32,36,36,32,36,36,32,36,36,36,32	
NODE_61_length_570_cov_15.713996	425	0	T	T	C	0.583333	5	16	7	8	36,32,27,32,36,36,36,32,36,36,14,36,36,36,36,36,36,36,36,36,36	27,32,36,36,36,36,36,36,36,36,21,32,36,32,36	
NODE_61_length_570_cov_15.713996	452	0	T	T	C	0.527778	4	15	6	11	27,32,36,36,36,36,36,36,32,36,36,36,36,36,32,36,27,14,36	32,32,36,36,36,36,36,27,36,32,36,36,36,36,36,32,32	
NODE_61_length_570_cov_15.713996	464	0	C	T	C	0.514286	6	12	2	15	32,36,14,36,36,32,27,36,36,36,36,32,32,32,36,36,36,36	36,36,32,36,36,36,36,36,27,36,36,36,32,36,36,36,36	
NODE_61_length_570_cov_15.713996	497	0	G	T	G	0.608696	4	10	1	8	32,36,36,36,36,32,36,36,21,36,14,32,36,36	36,32,36,36,36,36,36,36,14	
NODE_61_length_570_cov_15.713996	499	0	G	A	G	0.608696	4	10	1	8	36,36,36,36,36,32,36,36,36,36,32,36,32,32	36,32,36,32,36,36,36,36,36	
NODE_63_length_498_cov_23.161520	144	0	C	C	T	0.648148	17	18	8	11	32,36,32,32,32,36,36,36,36,36,36,36,36,32,36,36,36,32,36,36,32,36,36,36,36,36,36,36,36,32,36,36,36,36,32	36,36,36,32,14,32,36,36,36,36,32,36,14,36,32,36,36,36,36	
NODE_63_length_498_cov_23.161520	160	0	A	A	G	0.596774	19	18	12	13	32,27,27,32,36,36,36,36,36,36,36,36,36,36,36,36,36,36,36,36,32,36,36,36,36,36,32,32,36,36,36,36,14,14,36,36,36	21,36,36,32,36,32,36,36,36,36,36,32,36,32,36,36,36,36,32,32,36,36,36,36,36	
NODE_63_length_498_cov_23.161520	202	0	G	G	A	0.523077	13	21	13	18	36,36,36,36,36,36,32,32,36,36,32,36,36,36,27,36,36,27,36,36,14,32,36,32,21,32,36,36,36,36,36,36,36,36	36,36,36,32,36,36,36,14,36,14,14,36,36,32,36,36,14,32,36,32,36,36,36,36,36,36,36,27,36,14,14	
NODE_63_length_498_cov_23.161520	223	0	A	C	A	0.571429	14	22	13	14	36,14,36,36,27,36,36,32,27,36,36,36,36,36,36,36,32,36,36,36,36,36,27,36,36,36,36,36,32,36,36,36,27,32,36,36	14,32,32,36,32,36,36,36,36,36,36,14,32,36,36,32,36,36,27,36,36,14,36,36,36,14,36	
NODE_63_length_498_cov_23.161520	362	0	A	A	G	0.568182	10	15	9	10	36,36,36,36,36,36,14,36,32,36,36,36,36,32,36,27,32,36,14,14,36,36,36,32,27	32,36,36,36,36,36,36,36,14,27,36,36,36,36,27,36,36,36,32	
NODE_69_length_380_cov_15.752475	291	0	C	C	T	0.512821	12	8	5	14	32,32,32,32,36,36,36,32,36,36,36,36,36,36,14,36,36,36,36,14	36,21,36,36,36,32,36,36,32,21,36,36,14,14,36,36,36,32,36	
NODE_69_length_380_cov_15.752475	303	0	T	T	C	0.529412	12	6	6	10	36,36,36,36,36,36,32,36,36,36,36,32,36,36,36,36,32,36	36,36,27,36,36,36,36,36,36,36,36,21,36,36,36,36	
NODE_72_length_372_cov_26.274576	312	0	G	G	T	0.65	4	9	3	4	27,36,36,36,36,21,36,36,36,36,36,36,36	36,36,36,36,32,36,36	
NODE_72_length_372_cov_26.274576	313	0	A	A	C	0.6	3	9	4	4	32,36,36,36,36,36,32,36,14,36,36,36	14,36,36,32,32,36,32,36	
NODE_73_length_329_cov_9.464286	24	0	C	C	T	0.647059	22	22	9	15	27,36,36,36,36,32,36,36,36,36,36,36,27,36,36,27,36,36,36,32,36,36,36,36,36,36,36,36,36,36,36,32,36,36,36,36,32,36,36,36,36,36,36,36	36,36,32,36,32,27,36,36,36,36,36,32,36,36,36,32,27,36,36,36,36,32,36,36	
NODE_73_length_329_cov_9.464286	109	0	C	C	T	0.833333	16	14	1	5	36,32,36,36,36,36,32,36,36,14,36,36,36,32,32,36,36,36,36,32,36,14,36,36,32,36,36,36,32,32	36,36,36,36,14,36	
NODE_73_length_329_cov_9.464286	164	1	.	.	A	0.722222	5	8	2	3	36,14,36,32,36,36,27,32,32,32,14,14,36	36,36,32,36,36	
NODE_73_length_329_cov_9.464286	252	0	A	A	T	0.736842	5	9	4	1	36,36,14,36,36,32,36,36,14,32,27,36,27,27	36,32,36,36,36	
NODE_73_length_329_cov_9.464286	260	0	A	A	G	0.722222	4	9	4	1	32,14,32,36,36,14,36,36,36,32,14,14,32	32,36,36,36,36	
NODE_74_length_328_cov_17.721116	80	0	A	A	T	0.555556	12	8	5	11	36,36,36,36,32,36,36,36,36,36,36,36,36,32,36,36,36,36,36,32	36,36,36,36,36,36,36,36,36,36,36,36,32,36,14,36	
NODE_74_length_328_cov_17.721116	89	0	T	T	C	0.585366	16	8	5	12	36,36,36,27,36,32,36,36,36,36,36,32,14,27,36,36,36,36,36,36,36,14,32,32	36,36,36,36,36,36,32,36,32,14,14,36,36,32,14,36,36	
NODE_74_length_328_cov_17.721116	100	0	C	C	A	0.636364	17	11	6	10	36,36,36,14,36,36,32,32,36,36,36,36,32,36,36,36,36,36,36,36,36,36,36,32,36,32,36,36	36,36,36,36,32,36,32,14,36,36,14,32,27,36,36,36	
NODE_74_length_328_cov_17.721116	104	0	G	G	A	0.613636	17	10	6	11	36,36,36,36,36,32,32,14,36,36,36,36,32,36,36,36,36,36,36,32,36,36,32,36,32,36,32	36,36,36,36,36,36,36,36,36,36,36,36,36,36,36,36,36	
NODE_74_length_328_cov_17.721116	116	0	T	T	C	0.586957	16	11	7	12	36,36,32,14,32,36,36,36,36,36,36,32,36,32,36,36,36,27,32,32,32,36,36,27,36,14,36	36,36,36,36,36,36,36,36,32,36,36,36,36,32,32,36,36,32,32	
NODE_74_length_328_cov_17.721116	119	0	C	C	T	0.608696	18	10	7	11	36,36,36,36,36,36,32,36,36,32,36,36,36,36,36,32,36,36,27,36,32,36,36,36,32,32,36,36	36,36,36,36,36,32,36,36,27,36,36,36,36,36,36,36,36,36	
NODE_74_length_328_cov_17.721116	125	0	C	C	T	0.530612	16	10	10	13	36,32,32,27,36,36,36,36,32,32,36,27,32,36,36,36,36,36,14,36,32,36,32,36,36,36	14,36,36,14,36,27,36,36,14,14,36,36,32,32,21,36,36,36,14,36,36,36,14	
NODE_74_length_328_cov_17.721116	143	0	C	C	T	0.557692	16	13	12	11	32,36,36,36,36,36,32,36,36,27,32,36,36,36,32,36,36,36,32,36,36,36,36,36,36,36,32,32,36	32,32,14,36,36,36,14,36,36,32,36,36,36,32,36,36,36,32,36,36,36,14,36	
NODE_74_length_328_cov_17.721116	162	0	T	T	C	0.54	15	12	11	12	36,36,36,36,36,36,36,36,36,27,36,36,36,36,36,36,36,36,36,36,36,36,36,36,36,32,36	36,36,32,36,36,36,36,32,36,27,36,14,36,32,36,36,32,36,36,32,36,32,14	
NODE_74_length_328_cov_17.721116	174	0	C	A	C	0.537037	17	12	16	9	36,36,36,36,32,14,36,36,36,27,14,36,14,14,36,36,14,36,32,14,36,36,36,36,36,27,27,36,14	32,36,32,36,36,32,14,32,32,36,36,36,36,14,32,27,36,36,36,36,32,36,36,14,32	
NODE_74_length_328_cov_17.721116	176	0	A	G	A	0.519231	16	11	16	9	36,36,36,36,36,36,36,36,14,36,32,32,36,36,27,21,14,36,36,32,36,36,36,36,27,27,32	36,36,27,36,32,32,36,32,27,36,32,36,32,36,32,32,36,32,32,36,32,36,36,36,32	
NODE_74_length_328_cov_17.721116	182	0	T	C	T	0.538462	19	9	15	9	32,36,27,36,27,36,36,36,36,32,32,36,36,36,36,32,32,36,36,36,36,27,27,36,36,36,32,14	36,36,36,36,36,36,36,14,32,36,14,36,36,32,14,36,21,36,36,14,36,36,32,32	
NODE_74_length_328_cov_17.721116	203	0	A	G	A	0.617021	21	8	11	7	32,32,36,36,36,36,32,36,32,14,36,36,36,32,36,36,36,36,32,32,36,36,32,32,36,32,36,14,32	32,14,27,36,32,36,36,32,27,27,36,36,14,36,36,36,36,36	
NODE_75_length_275_cov_18.767677	90	0	C	T	C	0.555556	9	11	8	8	14,32,32,27,36,14,36,14,32,36,36,36,36,14,36,36,36,36,36,36	36,36,36,36,36,36,36,36,32,36,36,36,32,36,36,36	
NODE_75_length_275_cov_18.767677	119	0	A	G	A	0.571429	12	12	9	9	36,36,36,14,36,36,36,32,36,36,36,36,36,36,36,36,36,36,36,36,36,36,27,32	36,36,36,36,36,36,14,14,36,36,36,36,36,36,36,36,32,36	
NODE_75_length_275_cov_18.767677	126	0	C	T	C	0.622222	12	16	8	9	36,36,36,14,32,36,36,32,36,36,36,36,36,36,36,36,36,36,36,36,36,32,32,36,36,36,36,36	36,36,36,36,27,36,32,36,27,36,36,36,36,32,36,32,27	
NODE_75_length_275_cov_18.767677	131	0	A	G	A	0.66	14	19	8	9	32,36,36,36,36,36,36,21,36,36,36,36,36,36,36,21,36,36,36,36,36,32,36,36,36,32,36,32,36,36,32,36,32	36,36,36,36,36,36,36,36,36,36,36,36,14,32,32,36,36	
NODE_75_length_275_cov_18.767677	153	0	T	C	T	0.622642	14	19	9	11	36,36,14,36,36,36,36,36,36,32,36,36,36,36,36,32,36,36,36,36,36,32,36,36,36,27,36,36,27,32,32,36,32	36,14,36,36,36,36,36,36,32,36,36,36,32,27,36,36,36,36,36,36	
NODE_75_length_275_cov_18.767677	176	0	C	T	C	0.673469	16	17	6	10	36,36,36,36,36,36,36,36,14,36,36,36,36,36,32,36,36,32,36,36,36,36,36,36,36,36,14,36,36,32,36,36,36	32,14,36,36,27,36,36,36,36,36,36,36,36,32,36,36	
NODE_80_length_230_cov_10.947712	198	0	G	G	A	0.885246	27	27	3	4	36,32,32,36,32,36,36,32,36,36,36,36,36,36,36,36,36,32,32,36,36,32,36,14,36,36,36,36,36,36,36,36,36,36,36,32,36,36,36,36,36,36,14,36,36,21,36,21,36,36,36,36,36,36	36,36,36,32,36,36,36	
NODE_82_length_209_cov_36.643939	102	0	C	C	T	0.830508	21	28	4	6	36,36,14,36,36,32,36,36,36,36,36,36,36,36,36,36,14,36,36,32,36,14,32,36,36,27,36,14,14,36,36,36,36,32,32,36,36,36,36,36,36,36,36,36,36,36,32,36,36	36,36,36,36,36,36,36,36,36,36	
NODE_83_length_194_cov_13.239316	34	0	T	T	.	0.571429	4	4	1	5	36,36,36,32,36,36,36,36	27,36,36,32,32,32	
NODE_83_length_194_cov_13.239316	44	0	T	T	A	0.611111	6	5	2	5	36,36,36,36,36,36,36,36,36,32,36	36,36,36,27,36,36,36	
NODE_83_length_194_cov_13.239316	51	0	T	.	T	0.555556	4	6	4	4	36,14,32,36,36,36,21,32,36,36	36,32,36,32,36,14,36,32	
NODE_83_length_194_cov_13.239316	78	0	A	A	.	0.791667	8	11	4	1	36,14,27,36,36,36,32,14,36,36,27,36,36,32,36,36,32,36,27	36,14,36,32,36	
NODE_9_length_88928_cov_9.019752	86135	0	C	C	A	0.8125	12	14	6	0	36,32,36,36,36,36,36,36,36,32,36,32,36,36,36,36,36,32,36,36,36,36,32,32,32,32	36,36,36,36,36,36	
