unique_top_cov	unique_bot_cov	redundant_top_cov	redundant_bot_cov	raw_redundant_top_cov	raw_redundant_bot_cov	e_value	position
4	0	0	0	0	0	nan	1
4	0	0	0	0	0	nan	2
4	0	0.142857	0	1	0	nan	3
4	0	0.142857	0	1	0	nan	4
4	0	0.142857	0	1	0	nan	5
4	0	0.285714	0	2	0	nan	6
4	0	0.428571	0	3	0	nan	7
4	0	0.428571	0	3	0	nan	8
4	0	0.428571	0	3	0	nan	9
4	0	0.428571	0.142857	3	1	6.71837	10
4	0	0.428571	0.142857	3	1	8.5211	11
4	0	0.428571	0.142857	3	1	7.10986	12
4	1	0.571429	0.142857	4	1	9.41601	13
4	1	0.571429	0.142857	4	1	8.67172	14
4	1	0.571429	0.142857	4	1	8.72372	15
4	1	0.571429	0.142857	4	1	5.44284	16
4	1	0.571429	0.142857	4	1	11.5496	17
4	1	0.571429	0.142857	4	1	12.4658	18
4	1	0.571429	0.142857	4	1	11.675	19
4	1	0.571429	0.142857	4	1	9.0471	20
4	1	0.571429	0.142857	4	1	13.2925	21
4	1	0.571429	0.142857	4	1	9.91869	22
4	1	0.571429	0.142857	4	1	4.72718	23
5	1	0.571429	0.142857	4	1	12.7067	24
5	1	0.571429	0.142857	4	1	16.5058	25
5	1	0.571429	0.142857	4	1	16.3688	26
5	1	0.571429	0.285714	4	2	16.3688	27
5	1	0.714286	0.285714	5	2	16.0163	28
5	1	0.714286	0.285714	5	2	14.0953	29
5	1	0.714286	0.285714	5	2	11.1867	30
5	1	0.714286	0.285714	5	2	15.9784	31
5	1	0.714286	0.285714	5	2	16.449	32
5	1	0.714286	0.285714	5	2	16.1296	33
5	1	0.714286	0.285714	5	2	16.3688	34
5	1	0.714286	0.285714	5	2	16.1265	35
5	1	0.714286	0.285714	5	2	16.3681	36
5	1	0.714286	0.285714	5	2	15.8931	37
5	1	0.714286	0.285714	5	2	16.413	38
5	1	0.714286	0.285714	5	2	14.0953	39
5	1	0.714286	0.285714	5	2	17.3452	40
5	1	0.714286	0.285714	5	2	13.5743	41
5	1	0.714286	0.285714	5	2	11.7393	42
5	1	0.714286	0.285714	5	2	14.0102	43
5	1	0.714286	0.285714	5	2	16.3681	44
5	1	0.714286	0.285714	5	2	15.9784	45
5	3	0.714286	0.285714	5	2	15.9784	46
5	3	0.714286	0.285714	5	2	18.1281	47
5	3	0.714286	0.285714	5	2	18.1281	48
5	3	0.714286	0.285714	5	2	19.8247	49
5	3	0.714286	0.285714	5	2	20.7773	50
5	3	0.714286	0.285714	5	2	24.2153	51
5	3	0.714286	0.142857	5	1	21.3908	52
5	4	0.714286	0.142857	5	1	22.3532	53
5	4	0.714286	0.142857	5	1	25.6203	54
5	4	0.571429	0.142857	4	1	28.6413	55
6	4	0.571429	0.142857	4	1	26.2662	56
6	4	0.428571	0.142857	3	1	24.7687	57
6	4	0.428571	0.142857	3	1	28.8241	58
6	4	0.428571	0.142857	3	1	29.2695	59
6	4	0.428571	0.142857	3	1	21.8273	60
6	4	0.428571	0.142857	3	1	27.8573	61
6	4	0.428571	0.142857	3	1	29.7934	62
6	4	0.428571	0.142857	3	1	30.9965	63
6	5	0.428571	0.142857	3	1	28.6969	64
6	5	0.428571	0.142857	3	1	30.2666	65
6	5	0.285714	0.142857	2	1	35.0284	66
6	5	0.285714	0.142857	2	1	32.3081	67
6	5	0.285714	0.142857	2	1	28.8892	68
6	5	0.285714	0.142857	2	1	35.9081	69
6	5	0.285714	0.142857	2	1	37.2798	70
7	5	0.142857	0	1	0	34.9819	71
7	5	0.142857	0	1	0	35.1121	72
7	5	0.142857	0	1	0	32.2564	73
7	5	0.142857	0	1	0	31.0887	74
7	5	0.142857	0	1	0	38.8674	75
7	5	0	0	0	0	40.5295	76
7	5	0	0	0	0	39.8348	77
7	6	0	0	0	0	40.5644	78
8	6	0	0	0	0	38.3922	79
8	6	0	0	0	0	44.4661	80
8	6	0	0	0	0	47.1141	81
8	6	0	0	0	0	47.1141	82
8	6	0	0	0	0	42.3225	83
8	6	0	0	0	0	39.2062	84
8	6	0	0	0	0	46.0713	85
8	6	0	0	0	0	45.4883	86
7	6	0	0	0	0	40.5522	87
7	6	0	0	0	0	45.2005	88
7	6	0	0	0	0	41.0543	89
7	10	0	0	0	0	38.1414	90
7	10	0	0	0	0	58.2247	91
7	10	0	0	0	0	58.1449	92
7	10	0	0	0	0	52.8689	93
7	10	0	0	0	0	53.0246	94
7	11	0	0	0	0	56.4217	95
7	11	0	0	0	0	56.6498	96
7	11	0	0	0	0	52.6405	97
7	11	0	0	0	0	63.7021	98
7	11	0	0	0	0	56.9075	99
7	11	0	0	0	0	65.1395	100
7	11	0	0	0	0	65.3143	101
7	11	0	0	0	0	48.9551	102
7	11	0	0	0	0	62.3641	103
7	11	0	0	0	0	64.052	104
7	11	0	0	0	0	53.8189	105
7	11	0	0	0	0	62.004	106
7	11	0	0	0	0	64.9419	107
7	11	0	0	0	0	63.8509	108
7	11	0	0	0	0	60.4855	109
7	11	0	0	0	0	63.8881	110
7	11	0	0	0	0	52.9181	111
7	11	0	0	0	0	65.4867	112
7	11	0	0	0	0	61.1348	113
7	10	0	0	0	0	42.8004	114
7	10	0	0	0	0	38.4466	115
7	10	0	0	0	0	52.9671	116
5	10	0	0	0	0	53.1446	117
6	10	0	0	0	0	53.1894	118
6	10	0	0	0	0	39.6521	119
6	10	0	0	0	0	55.2608	120
6	10	0	0	0	0	52.6135	121
6	10	0	0	0	0	57.3413	122
6	10	0	0	0	0	53.1535	123
6	10	0	0	0	0	56.9084	124
6	10	0	0	0	0	56.4885	125
6	10	0	0	0	0	45.92	126
6	10	0	0	0	0	53.1344	127
6	10	0	0	0	0	51.3293	128
6	10	0	0	0	0	49.3503	129
6	10	0	0	0	0	41.3929	130
3	10	0	0	0	0	37.5432	131
4	10	0	0	0	0	44.4391	132
4	10	0	0	0	0	44.7371	133
4	10	0	0	0	0	42.4792	134
4	10	0	0	0	0	35.5288	135
4	10	0	0	0	0	48.4418	136
4	10	0	0	0	0	49.2484	137
4	10	0	0	0	0	46.9686	138
4	10	0	0	0	0	43.3819	139
4	10	0	0	0	0	43.1493	140
4	10	0	0	0	0	39.9793	141
4	10	0	0	0	0	41.8242	142
4	10	0	0	0	0	45.9445	143
4	10	0	0	0	0	42.8667	144
4	10	0	0	0	0	49.2981	145
4	10	0	0	0	0	41.3361	146
4	10	0	0	0	0	44.5481	147
3	10	0	0	0	0	43.4426	148
3	10	0	0	0	0	44.4791	149
3	10	0	0	0	0	43.8703	150
3	10	0	0	0	0	30.6429	151
3	10	0	0	0	0	35.7806	152
3	10	0	0	0	0	34.2507	153
3	9	0	0	0	0	38.2814	154
3	9	0	0	0	0	38.0257	155
3	9	0	0	0	0	41.2378	156
3	9	0	0	0	0	28.1566	157
3	9	0	0	0	0	35.2978	158
3	9	0	0	0	0	33.0583	159
3	8	0	0	0	0	35.8804	160
3	8	0	0	0	0	36.9687	161
3	8	0	0	0	0	28.4301	162
3	8	0	0	0	0	34.3571	163
3	8	0	0	0	0	33.6878	164
3	8	0	0	0	0	32.3509	165
3	8	0	0	0	0	34.8933	166
3	9	0	0	0	0	32.9535	167
3	9	0	0	0	0	35.4222	168
3	9	0	0	0	0	39.6066	169
3	9	0	0	0	0	33.1522	170
3	9	0	0	0	0	27.4897	171
3	8	0	0	0	0	22.8637	172
3	9	0	0	0	0	31.1405	173
3	9	0	0	0	0	14.1168	174
3	8	0	0	0	0	33.6736	175
3	8	0	0	0	0	36.9496	176
3	8	0	0	0	0	37.3702	177
3	8	0	0	0	0	31.4238	178
3	8	0	0	0	0	30.0977	179
3	8	0	0	0	0	35.8184	180
3	8	0	0	0	0	33.8158	181
3	8	0	0	0	0	31.7947	182
3	8	0	0	0	0	32.8232	183
3	8	0	0	0	0	35.6684	184
3	8	0	0	0	0	33.0157	185
3	8	0	0	0	0	33.1959	186
2	8	0	0	0	0	31.2216	187
3	8	0	0	0	0	28.9033	188
3	8	0	0	0	0	21.8457	189
3	8	0	0	0	0	25.3802	190
3	8	0	0	0	0	30.0017	191
3	7	0	0	0	0	31.7314	192
3	7	0	0	0	0	27.2066	193
3	7	0	0	0	0	31.0955	194
3	7	0	0	0	0	30.8827	195
3	7	0	0	0	0	27.7654	196
3	7	0	0	0	0	28.5878	197
3	7	0	0	0	0	32.1968	198
3	7	0	0	0	0	27.8158	199
3	7	0	0	0	0	27.5588	200
3	6	0	0	0	0	24.6024	201
3	6	0	0	0	0	25.2022	202
3	5	0	0	0	0	25.1616	203
3	5	0	0	0	0	24.2153	204
3	5	0	0	0	0	20.5884	205
3	5	0	0	0	0	20.8884	206
3	5	0	0	0	0	25.1806	207
3	5	0	0	0	0	25.1806	208
3	5	0	0	0	0	19.8296	209
3	5	0	0	0	0	20.4715	210
3	5	0	0	0	0	23.8525	211
3	6	0	0	0	0	23.8238	212
3	6	0	0	0	0	27.3061	213
3	6	0	0	0	0	27.1307	214
3	6	0	0	0	0	27.8158	215
3	6	0	0	0	0	25.6441	216
3	6	0	0	0	0	27.1025	217
3	6	0	0	0	0	26.2584	218
3	6	0	0	0	0	23.8062	219
3	6	0	0	0	0	23.343	220
2	6	0	0	0	0	21.2822	221
2	6	0	0	0	0	22.2094	222
2	6	0	0	0	0	20.7039	223
2	6	0	0	0	0	21.5936	224
2	6	0	0	0	0	20.879	225
2	6	0	0	0	0	20.0596	226
3	8	0	0	0	0	16.9128	227
3	7	0	0	0	0	22.944	228
3	6	0	0	0	0	27.5017	229
3	8	0	0	0	0	26.7822	230
3	8	0	0	0	0	34.2206	231
3	8	0	0	0	0	34.6073	232
3	8	0	0	0	0	35.5416	233
3	8	0	0	0	0	35.2226	234
3	8	0	0	0	0	31.8789	235
3	8	0	0	0	0	30.891	236
3	8	0	0	0	0	35.6493	237
3	8	0	0	0	0	29.634	238
3	9	0	0	0	0	31.555	239
3	8	0	0	0	0	22.255	240
3	9	0	0	0	0	27.8706	241
3	9	0	0	0	0	32.4098	242
3	8	0	0	0	0	35.3797	243
3	8	0	0	0	0	33.6465	244
3	8	0	0	0	0	29.6997	245
3	8	0	0.5	0	1	35.6987	246
3	8	0	0.5	0	1	33.9381	247
4	9	0	0.5	0	1	33.5671	248
4	9	0	0.5	0	1	37.1379	249
3	9	0	0.5	0	1	36.6507	250
3	9	0	0.5	0	1	36.5353	251
3	9	0	0.5	0	1	37.9031	252
3	9	0	0.5	0	1	37.3989	253
3	9	0	0.5	0	1	37.8305	254
3	9	0	0.5	0	1	34.9866	255
3	9	0	0.5	0	1	35.8481	256
3	9	0	0.5	0	1	34.8109	257
3	9	0	0.5	0	1	36.5009	258
3	9	0	0.5	0	1	33.5105	259
3	9	0	0.5	0	1	34.1763	260
3	9	0	0.5	0	1	34.9965	261
3	9	0	0.5	0	1	32.3482	262
3	9	0	0.5	0	1	31.1935	263
3	8	0	0.5	0	1	27.3277	264
3	8	0	0.5	0	1	29.6046	265
3	8	0	0.5	0	1	30.9284	266
3	8	0	0.5	0	1	34.8181	267
4	8	0	0.5	0	1	33.1628	268
4	8	0	0.5	0	1	33.6778	269
4	9	0	0.5	0	1	35.2771	270
4	9	0	0.5	0	1	38.0936	271
4	9	0	0.5	0	1	37.6799	272
4	8	0	0.5	0	1	38.8654	273
4	8	0	0.5	0	1	37.0146	274
5	8	0	0.5	0	1	39.2955	275
5	8	0	0.5	0	1	37.7597	276
5	8	0	0.5	0	1	43.9897	277
5	8	0	0.5	0	1	37.1801	278
5	8	0	0.5	0	1	43.0815	279
5	8	0	0.5	0	1	37.0836	280
6	8	0	0.5	0	1	41.2456	281
6	8	0	0.5	0	1	38.5886	282
6	8	0	0.5	0	1	48.5762	283
7	8	0	0.5	0	1	45.5582	284
7	8	0	0.5	0	1	37.6575	285
7	8	0	0.5	0	1	48.9608	286
7	8	0	0.5	0	1	46.8752	287
7	8	0	0	0	0	41.4717	288
7	8	0	0	0	0	44.9109	289
7	8	0	0	0	0	48.2183	290
7	7	0	0	0	0	45.8896	291
7	7	0	0	0	0	47.1484	292
7	7	0	0	0	0	34.9467	293
7	6	0	0	0	0	31.9817	294
6	6	0	0	0	0	28.0504	295
6	6	0	0	0	0	31.8484	296
6	6	0	0	0	0	30.9771	297
6	6	0	0	0	0	30.382	298
6	4	0	0	0	0	30.9501	299
6	4	0	0	0	0	30.3387	300
6	4	0	0	0	0	30.3387	301
6	4	0	0	0	0	31.7949	302
6	4	0	0	0	0	30.7813	303
6	4	0	0	0	0	27.8609	304
6	4	0	0	0	0	28.5956	305
6	4	0	0	0	0	30.382	306
7	4	0	0	0	0	30.5294	307
7	4	0	0	0	0	32.4141	308
7	4	0	0	0	0	34.9105	309
7	4	0	0	0	0	36.2804	310
7	4	0	0	0	0	36.2895	311
7	4	0	0	0	0	33.028	312
7	5	0	0	0	0	36.9732	313
7	5	0	0	0	0	35.8526	314
6	5	0	0	0	0	32.2484	315
6	5	0	0	0	0	32.7777	316
6	6	0	0	0	0	33.2737	317
6	6	0	0	0	0	37.7222	318
6	6	0	0	0	0	35.7272	319
6	5	0	0	0	0	32.6762	320
6	5	0	0	0	0	30.0637	321
6	5	0	0	0	0	31.9984	322
6	5	0	0	0	0	32.4364	323
6	5	0	0	0	0	27.8554	324
6	5	0	0	0	0	35.894	325
6	5	0	0	0	0	28.3674	326
6	6	0	0	0	0	36.9892	327
6	6	0	0	0	0	31.0717	328
6	6	0	0	0	0	37.3519	329
6	9	0	0	0	0	39.7951	330
6	9	0	0	0	0	51.2946	331
6	9	0	0	0	0	51.3956	332
6	9	0	0	0	0	51.2607	333
6	9	0	0	0	0	44.4838	334
6	9	0	0	0	0	52.1514	335
6	9	0	0	0	0	51.5905	336
6	9	0	0	0	0	47.4464	337
5	9	0	0	0	0	49.232	338
5	9	0	0	0	0	47.5088	339
5	9	0	0	0	0	40.2234	340
5	9	0	0	0	0	46.9258	341
5	9	0	0	0	0	49.232	342
5	9	0	0	0	0	49.2987	343
5	9	0	0	0	0	46.2821	344
5	9	0	0	0	0	44.5867	345
5	9	0	0	0	0	49.3045	346
5	9	0	0	0	0	45.738	347
5	9	0	0	0	0	44.6944	348
5	9	0	0	0	0	48.6711	349
5	9	0	0	0	0	48.0004	350
5	9	0	0	0	0	45.2443	351
5	9	0	0	0	0	47.526	352
5	9	0	0	0	0	41.009	353
5	9	0	0	0	0	46.6322	354
5	9	0	0	0	0	47.3611	355
5	9	0	0	0	0	47.1788	356
5	9	0	0	0	0	34.305	357
4	9	0	0	0	0	39.6134	358
3	9	0	0	0	0	40.2195	359
3	9	0	0	0	0	38.0261	360
3	9	0	0	0	0	33.9441	361
3	9	0	0	0	0	32.5713	362
3	9	0	0	0	0	33.4194	363
2	10	0	0	0	0	35.4387	364
3	10	0	0	0	0	34.0242	365
3	10	0	0	0	0	36.7564	366
2	10	0	0	0	0	35.4526	367
2	10	0	0	0	0	39.6358	368
3	10	0	0	0	0	35.7754	369
3	10	0	0	0	0	32.918	370
3	10	0	0	0	0	24.3915	371
3	10	0	0	0	0	40.0139	372
4	11	0	0	0	0	41.4564	373
4	11	0	0	0	0	51.2426	374
4	11	0	0	0	0	45.6196	375
4	10	0	0	0	0	43.5754	376
4	9	0	0	0	0	35.9679	377
4	9	0	0	0	0	42.4116	378
4	9	0	0	0	0	43.2492	379
4	9	0	0	0	0	39.3105	380
4	9	0	0	0	0	35.7111	381
4	9	0	0	0	0	37.113	382
5	9	0	0	0	0	35.6346	383
5	9	0	0	0	0	35.8243	384
5	9	0	0	0	0	36.748	385
5	9	0	0	0	0	38.0541	386
5	9	0	0	0	0	35.8243	387
5	9	0	0	0	0	38.0541	388
5	9	0	0	0	0	38.1625	389
6	10	0	0	0	0	33.8889	390
6	9	0	0	0	0	37.2786	391
6	8	0	0	0	0	36.4045	392
6	8	0	0	0	0	42.2438	393
6	8	0	0	0	0	44.1021	394
6	8	0	0	0	0	43.7716	395
6	8	0	0	0	0	42.2945	396
6	8	0	0	0	0	43.01	397
6	8	0	0	0	0	40.0155	398
6	8	0	0	0	0	41.4428	399
6	8	0	0	0	0	45.2735	400
6	8	0	0	0	0	42.7936	401
6	8	0	0	0	0	44.4134	402
6	8	0	0	0	0	42.8141	403
6	8	0	0	0	0	44.1964	404
6	9	0	0	0	0	42.3779	405
6	9	0	0	0	0	49.7424	406
6	10	0	0	0	0	45.3837	407
6	10	0	0	0	0	47.4045	408
7	10	0	0	0	0	48.7397	409
7	10	0	0	0	0	49.9124	410
7	10	0	0	0	0	49.1528	411
7	10	0	0	0	0	50.2195	412
7	10	0	0	0	0	50.1124	413
7	10	0	0	0	0	46.0151	414
7	10	0	0	0	0	45.5524	415
7	10	0	0	0	0	44.1947	416
7	11	0	0	0	0	54.7555	417
7	11	0	0	0	0	43.6377	418
7	12	0	0	0	0	52.1777	419
7	11	0	0	0	0	55.749	420
7	11	0	0	0	0	53.7278	421
7	11	0	0	0	0	57.8951	422
7	11	0	0	0	0	54.7123	423
7	11	0	0.5	0	1	53.472	424
8	11	0	0.5	0	1	53.5629	425
8	11	0	0.5	0	1	55.6519	426
8	10	0	0.5	0	1	41.6076	427
5	9	0	0.5	0	1	34.7991	428
5	9	0	0.5	0	1	47.0888	429
5	9	0	0.5	0	1	29.0088	430
5	9	0	0.5	0	1	43.7834	431
5	9	0	0.5	0	1	42.5383	432
5	8	0	0.5	0	1	39.9853	433
6	8	0	0.5	0	1	36.9508	434
6	8	0	0.5	0	1	26.0435	435
6	8	0	0.5	0	1	30.7228	436
5	8	0	0.5	0	1	31.3424	437
5	8	0	0.5	0	1	31.5808	438
5	8	0	0.5	0	1	31.2267	439
5	8	0	0.5	0	1	31.855	440
5	8	0	0.5	0	1	33.4306	441
5	7	0	0.5	0	1	25.24	442
5	6	0	0.5	0	1	30.2874	443
5	5	0	0.5	0	1	25.8943	444
5	5	0	0.5	0	1	29.1692	445
5	5	0	0.5	0	1	29.8666	446
5	5	0	0.5	0	1	28.7364	447
5	5	0	0.5	0	1	31.6871	448
5	5	0	0.5	0	1	32.2887	449
5	5	0	0.5	0	1	26.5598	450
5	5	0	0.5	0	1	31.3515	451
5	5	0	0.5	0	1	29.4369	452
5	6	0	0.5	0	1	28.2555	453
5	6	0	0.5	0	1	28.8704	454
5	6	0	0.5	0	1	37.3519	455
5	6	0	0.5	0	1	31.4905	456
6	6	0	0.5	0	1	32.1057	457
6	6	0	0.5	0	1	36.9237	458
7	6	0	0.5	0	1	33.369	459
7	6	0	0.5	0	1	31.2797	460
7	6	0	0.5	0	1	45.4391	461
7	6	0	0.5	0	1	43.1388	462
7	6	0	0.5	0	1	39.0467	463
7	6	0	0.5	0	1	43.9432	464
7	6	0	0.5	0	1	39.5136	465
7	6	0	0	0	0	38.7558	466
7	5	0	0	0	0	38.0681	467
7	5	0	0	0	0	39.2695	468
7	5	0	0	0	0	40.1903	469
7	5	0	0	0	0	37.2087	470
7	5	0	0	0	0	37.3388	471
7	5	0	0	0	0	39.435	472
7	5	0	0	0	0	33.8809	473
7	5	0	0	0	0	32.9271	474
7	5	0	0	0	0	31.0236	475
7	5	0	0	0	0	35.0429	476
7	4	0	0	0	0	33.9162	477
7	5	0	0	0	0	32.2249	478
7	5	0	0	0	0	41.5705	479
7	5	0	0	0	0	41.6208	480
7	5	0	0	0	0	33.6114	481
7	5	0	0	0	0	41.1198	482
7	5	0	0	0	0	38.8447	483
8	5	0	0	0	0	41.2389	484
8	5	0	0	0	0	41.3852	485
8	5	0	0	0	0	38.3841	486
8	5	0	0	0	0	41.1875	487
8	5	0	0	0	0	38.6926	488
10	5	0	0	0	0	34.5761	489
10	5	0	0	0	0	50.2261	490
10	5	0	0	0	0	47.9378	491
10	5	0	0	0	0	45.1213	492
10	5	0	0	0	0	52.6197	493
10	5	0	0	0	0	45.0036	494
9	5	0	0	0	0	39.5132	495
10	5	0	0	0	0	47.3211	496
10	5	0	0	0	0	47.4607	497
11	5	0	0	0	0	45.7141	498
11	5	0	0	0	0	41.5648	499
10	4	0	0	0	0	39.1746	500
10	4	0	0	0	0	48.9169	501
10	4	0	0	0	0	48.0047	502
10	4	0	0	0	0	41.7471	503
10	4	0	0	0	0	44.6527	504
10	4	0	0	0	0	45.2609	505
11	5	0	0	0	0	41.8874	506
11	5	0	0	0	0	54.0308	507
11	5	0	0	0	0	51.9065	508
11	5	0	0	0	0	53.9551	509
11	5	0	0	0	0	51.2504	510
11	5	0	0	0	0	49.041	511
11	5	0	0	0	0	53.5075	512
10	5	0	0	0	0	51.5386	513
10	5	0	0	0	0	28.0228	514
9	5	0	0	0	0	30.2856	515
9	5	0	0	0	0	40.6594	516
9	5	0	0	0	0	43.6329	517
9	5	0	0	0	0	48.7215	518
9	5	0	0	0	0	48.2502	519
9	5	0	0	0	0	41.8725	520
9	5	0	0	0	0	43.5483	521
9	4	0	0	0	0	39.4429	522
9	4	0	0	0	0	44.2147	523
9	4	0	0	0	0	42.5437	524
9	4	0	0	0	0	36.6279	525
10	4	0	0	0	0	42.6998	526
10	4	0	0	0	0	41.268	527
10	4	0	0	0	0	47.4004	528
10	4	0	0	0	0	47.7359	529
10	4	0	0	0	0	48.3302	530
10	4	0	0	0	0	35.7472	531
10	4	0	0	0	0	43.5221	532
11	4	0	0	0	0	39.1195	533
11	4	0	0	0	0	46.6711	534
11	4	0	0	0	0	45.5541	535
10	4	0	0	0	0	37.6691	536
9	4	0	0	0	0	45.2719	537
9	4	0	0	0	0	38.5114	538
9	4	0	0	0	0	43.7154	539
9	4	0	0	0	0	42.6408	540
9	4	0	0	0	0	37.4597	541
9	4	0	0	0	0	43.7894	542
9	4	0	0	0	0	37.8835	543
9	4	0	0	0	0	37.6213	544
9	4	0	0	0	0	40.475	545
9	4	0	0	0	0	36.1171	546
9	4	0	0	0	0	37.3935	547
9	4	0	0	0	0	39.089	548
9	4	0	0	0	0	37.8386	549
9	4	0	0	0	0	41.122	550
9	3	0	0	0	0	41.0448	551
9	3	0	0	0	0	35.6045	552
9	3	0	0	0	0	33.9044	553
9	3	0	0	0	0	36.3977	554
9	3	0	0	0	0	38.7132	555
9	3	0	0	0	0	35.5126	556
9	3	0	0	0	0	29.9858	557
7	3	0	0	0	0	29.8442	558
7	3	0	0	0	0	30.2542	559
7	3	0	0	0	0	33.4074	560
7	3	0	0	0	0	23.5244	561
7	3	0	0	0	0	32.8539	562
7	3	0	0	0	0	24.0783	563
7	3	0	0	0	0	26.4731	564
7	3	0	0	0	0	28.0912	565
7	3	0	0	0	0	32.2028	566
7	3	0	0	0	0	26.5582	567
6	3	0	0	0	0	25.6667	568
6	2	0	0	0	0	21.4088	569
6	2	0	0	0	0	24.1579	570
6	2	0	0	0	0	21.4068	571
6	2	0	0	0	0	24.0102	572
6	2	0	0	0	0	25.4422	573
6	2	0	0	0	0	25.0679	574
6	2	0	0	0	0	21.8611	575
6	2	0	0	0	0	20.2489	576
6	2	0	0	0	0	24.218	577
6	2	0	0	0	0	20.764	578
6	2	0	0	0	0	24.1579	579
6	2	0	0	0	0	23.8183	580
6	2	0	0	0	0	23.1213	581
6	2	0	0	0	0	21.0277	582
6	1	0	0	0	0	20.2614	583
6	1	0	0	0	0	19.4955	584
6	1	0	0	0	0	12.6086	585
5	0	0	0	0	0	13.658	586
5	0	0	0	0	0	12.5463	587
5	0	0.5	0	1	0	12.2385	588
5	0	0.5	0.5	1	1	13.658	589
5	0	0.5	0.5	1	1	13.658	590
5	0	0.5	0.5	1	1	12.5463	591
5	0	0.5	0.5	1	1	13.658	592
5	0	0.5	0.5	1	1	5.16423	593
5	0	0.5	0.5	1	1	13.2881	594
5	0	0.5	0.5	1	1	10.0342	595
5	0	0.5	0.5	1	1	12.0182	596
5	0	0.5	0.5	1	1	12.4333	597
5	0	0.5	0.5	1	1	9.60537	598
4	0	0.5	0.5	1	1	8.85565	599
4	0	0.5	0.5	1	1	9.41601	600
4	0	0.5	0.5	1	1	9.24422	601
4	0	0.5	0.5	1	1	9.60537	602
4	0	0.5	0.5	1	1	8.67172	603
4	0	0.5	0.5	1	1	7.65965	604
4	0	0.5	0.5	1	1	8.18669	605
4	0	0.5	0.5	1	1	3.77899	606
4	0	0.5	0.5	1	1	5.15054	607
3	0	0.5	0.5	1	1	4.93456	608
3	0	0.5	0.5	1	1	4.93456	609
3	0	0.5	0.5	1	1	0.10031	610
3	1	0.5	0.5	1	1	5.41786	611
3	1	0.5	0.5	1	1	5.41786	612
3	1	0.5	0.5	1	1	9.28388	613
3	1	0.5	0.5	1	1	9.1592	614
3	1	0.5	0.5	1	1	7.71737	615
3	1	0.5	0.5	1	1	7.62905	616
3	1	0.5	0.5	1	1	7.89358	617
3	1	0.5	0.5	1	1	9.5618	618
3	1	0.5	0.5	1	1	9.4666	619
3	1	0.5	0.5	1	1	8.64075	620
3	1	0.5	0.5	1	1	8.55269	621
3	1	0.5	0.5	1	1	8.64075	622
3	1	0.5	0.5	1	1	8.55269	623
3	1	0.5	0.5	1	1	9.15886	624
3	1	0.5	0.5	1	1	5.46187	625
3	1	0.5	0	1	0	5.46187	626
2	1	0.5	0	1	0	5.46187	627
2	1	0.5	0	1	0	4.63012	628
2	1	0	0	0	0	4.69561	629
2	1	0	0	0	0	-3.00506	630
2	2	0	0	0	0	-3.19151	631
2	2	0	0	0	0	-2.95504	632
1	2	0	0	0	0	-3.00506	633
1	2	0	0	0	0	-2.95504	634
1	2	0	0	0	0	-2.95504	635
1	2	0	0	0	0	-3.00506	636
1	2	0	0	0	0	-2.95504	637
1	2	0	0	0	0	-2.95504	638
3	4	0	0	0	0	19.3054	639
3	4	0	0	0	0	21.5229	640
3	4	0	0	0	0	21.0707	641
3	4	0	0	0	0	18.7012	642
3	4	0	0	0	0	21.0428	643
3	5	0	0	0	0	20.9394	644
3	5	0	0	0	0	17.2393	645
3	5	0	0	0	0	21.3586	646
3	5	0	0	0	0	24.6133	647
3	5	0	0	0	0	21.3908	648
3	5	0	0	0	0	21.4469	649
3	5	0	0	0	0	21.4671	650
3	5	0	0	0	0	21.3324	651
2	5	0	0	0	0	20.4099	652
2	6	0	0	0	0	16.7035	653
2	6	0	0	0	0	20.1352	654
1	6	0	0	0	0	20.2614	655
1	6	0	0	0	0	18.8911	656
1	6	0	0	0	0	21.3428	657
1	6	0	0	0	0	15.8818	658
1	6	0	0	0	0	7.78124	659
1	6	0	0	0	0	21.4891	660
1	6	0	0	0	0	20.8695	661
1	6	0	0	0	0	21.5678	662
1	6	0	0	0	0	20.2983	663
1	6	0	0	0	0	19.0022	664
1	6	0	0	0	0	19.7603	665
2	6	0	0	0	0	18.5626	666
2	6	0	0	0	0	19.5612	667
2	6	0	0	0	0	19.2787	668
2	6	0	0	0	0	24.1189	669
2	6	0	0	0	0	23.4144	670
2	6	0	0	0	0	23.9579	671
2	6	0	0	0	0	25.3816	672
2	6	0	0	0	0	25.1591	673
2	6	0	0	0	0	16.433	674
2	6	0	0	0	0	11.1138	675
2	6	0	0	0	0	20.5112	676
2	6	0	0	0	0	17.4634	677
2	5	0	0	0	0	16.1055	678
2	5	0	0	0	0	13.2636	679
2	5	0	0	0	0	4.72718	680
2	4	0	0	0	0	12.2325	681
1	4	0	0	0	0	8.55437	682
1	4	0	0	0	0	13.2925	683
1	4	0	0	0	0	12.6395	684
1	4	0	0	0	0	9.1592	685
1	3	0	0	0	0	8.31316	686
1	3	0	0	0	0	8.55269	687
1	5	0	0	0	0	7.63022	688
1	5	0	0	0	0	8.57554	689
1	8	0	0	0	0	8.58218	690
2	8	0	0	0	0	2.23253	691
2	8	0	0	0	0	22.1004	692
2	7	0	0	0	0	23.2742	693
2	7	0	0	0	0	18.147	694
2	7	0	0	0	0	29.3289	695
2	7	0	0	0	0	27.1131	696
2	7	0	0	0	0	25.507	697
2	7	0	0	0	0	29.6988	698
2	8	0	0	0	0	24.1799	699
2	7	0	0	0	0	23.9153	700
2	7	0	0	0	0	25.5182	701
2	7	0	0	0	0	20.884	702
2	7	0	0	0	0	25.2014	703
2	6	0	0	0	0	24.3324	704
2	6	0	0	0	0	19.8015	705
2	6	0	0	0	0	22.8043	706
2	6	0	0	0	0	21.4628	707
3	6	0	0	0	0	25.4422	708
3	6	0	0	0	0	21.7392	709
3	6	0	0	0	0	25.5828	710
3	6	0	0	0	0	25.3816	711
3	6	0	0	0	0	23.2971	712
3	6	0	0	0	0	25.2014	713
3	6	0	0	0	0	26.4459	714
3	6	0	0	0	0	20.9565	715
3	6	0	0	0	0	14.2853	716
3	6	0	0	0	0	27.1459	717
3	6	0	0	0	0	27.1703	718
3	6	0	0	0	0	27.9329	719
3	6	0	0	0	0	29.3647	720
3	6	0	0	0	0	28.8063	721
3	6	0	0	0	0	28.672	722
4	6	0	0	0	0	29.4729	723
4	6	0	0	0	0	33.0921	724
4	6	0	0	0	0	28.1391	725
4	5	0	0	0	0	29.4179	726
4	5	0	0	0	0	20.9104	727
4	5	0	0	0	0	28.1643	728
4	5	0	0	0	0	28.7176	729
4	5	0	0	0	0	27.072	730
4	5	0	0	0	0	27.9412	731
4	5	0	0	0	0	27.5292	732
4	5	0	0	0	0	23.0541	733
4	5	0	0	0	0	29.4699	734
4	5	0	0	0	0	28.8517	735
4	5	0	0	0	0	25.3422	736
4	5	0	0	0	0	21.0786	737
4	5	0	0	0	0	25.5549	738
4	5	0	0	0	0	24.6348	739
4	5	0	0	0	0	23.4128	740
4	4	0	0	0	0	22.0398	741
4	4	0	0	0	0	22.9942	742
4	4	0	0	0	0	22.0977	743
4	4	0	0	0	0	25.5549	744
4	4	0	0	0	0	25.4271	745
4	4	0	0	0	0	16.2723	746
4	4	0	0	0	0	19.0403	747
4	4	0	0	0	0	22.489	748
4	4	0	0	0	0	24.8277	749
4	4	0	0	0	0	25.1391	750
4	4	0	0	0	0	21.8949	751
4	4	0	0	0	0	20.2969	752
4	4	0	0	0	0	19.8135	753
4	4	0	0	0	0	21.2503	754
4	4	0	0	0	0	25.0815	755
4	4	0	0	0	0	24.9648	756
4	4	0	0	0	0	23.4046	757
4	4	0	0	0	0	25.2967	758
4	4	0	0	0	0	20.6365	759
4	4	0	0	0	0	23.87	760
4	4	0	0	0	0	23.0994	761
4	4	0	0	0	0	23.4448	762
4	4	0	0	0	0	25.4855	763
4	4	0	0	0	0	18.1078	764
4	4	0	0	0	0	23.0866	765
4	4	0	0	0	0	24.25	766
4	4	0	0	0	0	24.25	767
4	4	0	0	0	0	24.6351	768
4	4	0	0	0	0	20.5109	769
4	4	0	0	0	0	19.8135	770
4	4	0	0	0	0	24.0449	771
4	4	0	0	0	0	25.1951	772
4	4	0	0	0	0	22.9942	773
4	4	0	0	0	0	19.3679	774
4	4	0	0	0	0	23.5224	775
4	4	0	0	0	0	20.1718	776
4	4	0	0	0	0	20.8489	777
4	4	0	0	0	0	20.8953	778
4	4	0	0	0	0	17.4281	779
3	3	0	0	0	0	16.4333	780
3	3	0	0	0	0	14.1216	781
3	3	0	0	0	0	11.7067	782
3	3	0	0	0	0	17.3508	783
3	3	0	0	0	0	12.149	784
3	3	0	0	0	0	11.7183	785
3	3	0	0	0	0	12.5063	786
2	3	0	0	0	0	12.7374	787
2	3	0	0	0	0	9.67617	788
2	3	0	0	0	0	12.5448	789
2	3	0	0	0	0	10.6634	790
2	3	0	0	0	0	10.5893	791
2	3	0	0	0	0	12.2103	792
2	3	0	0	0	0	10.6102	793
2	3	0	0	0	0	12.6802	794
2	3	0	0	0	0	10.6821	795
2	3	0	0	0	0	10.1701	796
2	3	0	0	0	0	12.6364	797
2	3	0	0	0	0	12.5448	798
2	3	0	0	0	0	12.5448	799
2	3	0	0	0	0	12.6364	800
2	3	0	0	0	0	12.5448	801
2	3	0	0	0	0	10.6821	802
2	3	0	0	0	0	10.6821	803
2	3	0	0	0	0	12.1271	804
2	3	0	0	0	0	13.5076	805
2	3	0	0	0	0	13.3557	806
2	3	0	0	0	0	12.4435	807
2	3	0	0	0	0	13.3557	808
2	3	0	0	0	0	12.3828	809
2	3	0	0	0	0	13.5076	810
2	3	0	0	0	0	10.2279	811
2	3	0	0	0	0	13.3557	812
2	3	0	0	0	0	13.3557	813
2	3	0	0	0	0	10.0535	814
2	3	0	0	0	0	12.1481	815
2	3	0	0	0	0	11.2903	816
2	3	0	0	0	0	8.76934	817
2	2	0	0	0	0	8.76934	818
2	2	0	0	0	0	7.35923	819
2	2	0	0	0	0	7.57262	820
2	2	0	0	0	0	5.2721	821
2	2	0	0	0	0	7.09667	822
2	2	0	0	0	0	2.74518	823
2	2	0	0	0	0	nan	824
