unique_top_cov	unique_bot_cov	redundant_top_cov	redundant_bot_cov	raw_redundant_top_cov	raw_redundant_bot_cov	e_value	position
32	31	0	0	0	0	224.954	1
32	33	0	0	0	0	234.206	2
32	34	0	0	0	0	242.31	3
32	34	0	0	0	0	224.916	4
33	34	0	0	0	0	231.423	5
33	34	0	0	0	0	235.647	6
33	32	0	0	0	0	228.046	7
33	33	0	0	0	0	241.306	8
33	32	0	0	0	0	223.389	9
33	31	0	0	0	0	228.576	10
33	33	0	0	0	0	227.416	11
33	33	0	0	0	0	251.065	12
33	33	0	0	0	0	236.637	13
34	33	0	0	0	0	234.756	14
34	34	0	0	0	0	259.584	15
34	34	0	0	0	0	243.06	16
34	35	0	0	0	0	175.615	17
34	36	0	0	0	0	175.023	18
33	36	0	0	0	0	244.925	19
33	36	0	0	0	0	252.876	20
33	36	0	0	0	0	230.371	21
33	37	0	0	0	0	235.165	22
33	37	0	0	0	0	270.966	23
33	37	0	0	0	0	247.993	24
33	37	0	0	0	0	249.602	25
35	38	0	0	0	0	253.627	26
35	36	0	0	0	0	228.55	27
34	37	0	0	0	0	246.832	28
34	37	0	0	0	0	267.63	29
34	39	0	0	0	0	265.664	30
37	39	0	0	0	0	281.436	31
38	39	0	0	0	0	274.422	32
38	40	0	0	0	0	267.646	33
38	40	0	0	0	0	267.065	34
39	39	0	0	0	0	280.162	35
40	39	0	0	0	0	278.041	36
39	40	0	0.333333	0	1	268.986	37
40	40	0.666667	0.333333	2	1	269.09	38
40	40	0.666667	0.333333	2	1	298.151	39
40	38	0.666667	0.333333	2	1	280.404	40
41	40	0.666667	0.333333	2	1	279.488	41
41	40	0.666667	0.333333	2	1	261.855	42
42	39	0.666667	0.333333	2	1	274.297	43
43	41	0.666667	0.333333	2	1	305.304	44
43	41	0.666667	0.333333	2	1	296.807	45
43	41	0.666667	0.333333	2	1	282.298	46
42	41	0.666667	0.333333	2	1	267.209	47
45	41	0.666667	0.333333	2	1	294.319	48
46	41	0.666667	0.333333	2	1	297.034	49
46	41	0.666667	0.333333	2	1	289.815	50
46	41	0.666667	0.333333	2	1	303.648	51
47	41	0.666667	0.333333	2	1	310.154	52
47	41	0.666667	0.333333	2	1	267.086	53
48	41	0.666667	0.333333	2	1	319.43	54
48	41	0.666667	0.333333	2	1	316.134	55
48	41	0.666667	0.333333	2	1	309.469	56
49	41	0.666667	0.333333	2	1	332.55	57
49	40	0.666667	0.333333	2	1	304.839	58
50	41	0.666667	0.333333	2	1	299.451	59
50	41	0.666667	0.333333	2	1	339.443	60
51	41	0.666667	0.333333	2	1	324.103	61
53	41	0.666667	0.333333	2	1	344.484	62
54	41	0.666667	0.333333	2	1	339.395	63
54	41	0.666667	0.333333	2	1	357.46	64
55	41	0.666667	0.333333	2	1	292.83	65
56	45	0.666667	0.333333	2	1	353.885	66
57	43	0.666667	0.333333	2	1	355.74	67
57	44	0.666667	0.333333	2	1	347.72	68
57	45	0.666667	0.333333	2	1	349.076	69
58	45	0.666667	0.333333	2	1	374.639	70
58	45	0.666667	0.333333	2	1	371.696	71
59	45	0.666667	0.333333	2	1	372.778	72
57	45	0.666667	0.333333	2	1	348.898	73
57	45	0.666667	0.333333	2	1	360.149	74
57	43	0.333333	0	1	0	336.002	75
57	46	0.333333	0	1	0	363.645	76
59	46	0	0	0	0	379.429	77
59	46	0	0	0	0	382.816	78
59	46	0	0	0	0	387.137	79
59	46	0	0	0	0	372.207	80
59	45	0	0	0	0	348.812	81
58	45	0	0	0	0	384.819	82
59	45	0	0	0	0	382.951	83
59	45	0	0	0	0	361.802	84
59	45	0	0	0	0	362.973	85
58	45	0	0	0	0	376.247	86
56	43	0	0	0	0	345.494	87
58	43	0	0	0	0	357.43	88
59	43	0	0	0	0	339.872	89
60	41	0	0	0	0	380.088	90
61	42	0	0	0	0	374.922	91
61	43	0	0	0	0	318.719	92
61	43	0	0	0	0	381.42	93
60	41	0	0	0	0	358.752	94
58	41	0	0	0	0	346.569	95
59	41	0	0	0	0	353.007	96
59	41	0	0	0	0	292.634	97
60	42	0	0	0	0	358.239	98
62	42	0	0	0	0	342.308	99
61	42	0	0	0	0	334.675	100
60	40	0	0	0	0	335.237	101
60	38	0	0	0	0	332.697	102
60	38	0	0	0	0	342.891	103
60	38	0	0	0	0	341.933	104
60	41	0	0	0	0	371.65	105
60	40	0	0	0	0	351.448	106
60	41	0	0	0	0	340.385	107
60	41	0	0	0	0	362.249	108
60	41	0	0	0	0	346.995	109
60	40	0	0	0	0	364.176	110
59	39	0	0	0	0	332.113	111
58	38	0	0	0	0	341.786	112
59	38	0	0	0	0	325.521	113
59	37	0	0	0	0	335.869	114
56	37	0	0	0	0	297.375	115
57	38	0	0	0	0	341.054	116
57	38	0	0	0	0	355.555	117
57	39	0	0	0	0	338.529	118
57	40	0	0	0	0	331.753	119
57	40	0	0	0	0	362.758	120
57	40	0	0	0	0	352.426	121
57	41	0	0	0	0	290.604	122
57	40	0	0	0	0	346.115	123
54	38	0	0	0	0	331.882	124
54	37	0	0	0	0	317.339	125
56	37	0	0	0	0	350.4	126
56	37	0	0	0	0	312.6	127
56	37	0	0	0	0	322.97	128
56	36	0	0	0	0	352.688	129
56	36	0	0	0	0	353.265	130
55	36	0	0	0	0	314.698	131
55	39	0	0	0	0	333.406	132
54	39	0	0	0	0	331.538	133
53	39	0	0	0	0	323.823	134
53	39	0	0	0	0	304.943	135
53	39	0	0	0	0	288.089	136
52	39	0	0	0	0	291.521	137
49	38	0	0	0	0	294.223	138
49	41	0	0	0	0	300.631	139
49	41	0	0	0	0	288.66	140
48	37	0	0	0	0	267.063	141
49	37	0	0	0	0	297.733	142
49	36	0	0	0	0	301.9	143
50	36	0	0	0	0	327.105	144
51	36	0	0	0	0	304.099	145
50	36	0	0	0	0	313.006	146
50	35	0	0	0	0	307.996	147
49	34	0	0	0	0	250.825	148
49	34	0	0	0	0	303.53	149
49	34	0	0	0	0	310.791	150
49	34	0	0	0	0	300.612	151
48	34	0	0	0	0	305.4	152
48	34	0	0	0	0	310.009	153
46	34	0	0	0	0	233.685	154
46	33	0	0	0	0	261.806	155
48	33	0	0	0	0	294.702	156
49	32	0	0	0	0	300.969	157
48	32	0	0	0	0	307.166	158
48	32	0	0	0	0	288.244	159
48	32	0	0	0	0	252.515	160
47	32	0	0	0	0	285.177	161
47	31	0	0	0	0	227.788	162
45	31	0	0	0	0	267.353	163
44	30	0	0	0	0	249.915	164
43	30	0	0	0	0	278.555	165
42	30	0	0	0	0	252.626	166
44	29	0	0	0	0	242.044	167
44	27	0	0	0	0	232.235	168
45	28	0	0	0	0	261.53	169
43	28	0	0	0	0	239.826	170
43	28	0	0	0	0	260.324	171
43	27	0	0	0	0	233.991	172
43	27	0	0	0	0	253.117	173
43	26	0	0	0	0	252.832	174
43	27	0	0	0	0	194.783	175
44	27	0	0	0	0	237.622	176
44	27	0	0	0	0	249.346	177
42	27	0	0	0	0	197.238	178
45	28	0	0	0	0	245.52	179
44	27	0	0	0	0	213.677	180
44	27	0	0	0	0	253.141	181
44	27	0	0	0	0	218.767	182
45	26	0	0	0	0	270.482	183
45	26	0	0	0	0	250.075	184
44	26	0	0	0	0	262.2	185
46	26	0	0	0	0	256.443	186
46	26	0	0	0	0	268.594	187
47	26	0	0	0	0	256.33	188
47	28	0	0	0	0	244.579	189
46	28	0	0	0	0	198.245	190
46	34	0	0	0	0	262.002	191
46	34	0	0	0	0	229.24	192
50	38	0	0	0	0	258.482	193
50	36	0	0	0	0	222.613	194
52	35	0	0	0	0	293.753	195
52	35	0	0	0	0	322.952	196
52	34	0	0	0	0	278.654	197
49	34	0	0	0	0	277.247	198
49	34	0	0	0	0	294.103	199
47	35	0	0	0	0	260.347	200
47	35	0	0	0	0	277.522	201
43	35	0	0	0	0	279.675	202
44	35	0	0	0	0	273.447	203
44	35	0	0	0	0	268.38	204
45	35	0	0	0	0	264.582	205
45	33	0	0	0	0	261.187	206
45	32	0	0	0	0	271.87	207
45	32	0	0	0	0	266.302	208
45	33	0	0	0	0	296.188	209
45	33	0	0	0	0	288.846	210
46	34	0	0	0	0	275.519	211
46	34	0	0	0	0	280.169	212
46	34	0	0	0	0	275.339	213
47	34	0	0	0	0	282.384	214
47	35	0	0	0	0	289.327	215
47	34	0	0	0	0	275.581	216
48	37	0	0	0	0	283.79	217
48	36	0	0	0	0	298.305	218
49	36	0	0	0	0	311.347	219
49	35	0	0	0	0	296.459	220
49	36	0	0	0	0	298.041	221
49	37	0	0	0	0	320.776	222
51	37	0	0	0	0	320.84	223
50	37	0	0	0	0	286.722	224
51	37	0	0	0	0	297.746	225
51	36	0	0	0	0	320.169	226
51	37	0	0	0	0	326.463	227
50	37	0	0	0	0	300.569	228
52	38	0	0	0	0	321.392	229
53	38	0	0	0	0	302.635	230
54	38	0	0	0	0	313.557	231
54	38	0	0	0	0	337.8	232
53	38	0	0	0	0	328.433	233
53	37	0	0	0	0	311.919	234
53	37	0	0	0	0	328.959	235
54	35	0	0	0	0	311.01	236
54	33	0	0	0	0	295.628	237
51	32	0	0	0	0	281.554	238
52	32	0	0	0	0	310.24	239
51	32	0	0	0	0	283.779	240
50	31	0	0	0	0	312.023	241
50	31	0	0	0	0	279.666	242
49	32	0	0	0	0	259.901	243
49	32	0	0	0	0	291.611	244
49	32	0	0	0	0	295.178	245
48	32	0	0	0	0	283.625	246
48	31	0	0	0	0	269.034	247
49	33	0	0	0	0	263.454	248
49	33	0	0	0	0	275.134	249
50	33	0	0	0	0	302.625	250
50	33	0	0	0	0	301.605	251
49	34	0	0	0	0	284.961	252
49	34	0	0	0	0	308.85	253
49	33	0	0	0	0	315.79	254
50	33	0	0	0	0	279.801	255
51	33	0	0	0	0	269.409	256
50	33	0	0	0	0	318.725	257
51	35	0	0	0	0	305.026	258
51	35	0	0	0	0	313.124	259
51	35	0	0	0	0	325.266	260
51	35	0	0	0	0	298.206	261
49	35	0	0	0	0	303.575	262
48	35	0	0	0	0	308.681	263
48	35	0	0	0	0	268.126	264
49	34	0	0	0	0	312.186	265
50	36	0	0	0	0	296.303	266
47	36	0	0	0	0	287.397	267
48	35	0	0	0	0	315.435	268
48	35	0	0	0	0	263.806	269
49	35	0	0	0	0	262.703	270
51	37	0	0	0	0	313.38	271
52	37	0	0	0	0	327.567	272
52	36	0	0	0	0	310.329	273
52	35	0	0	0	0	328.467	274
52	34	0	0	0	0	283.184	275
52	36	0	0	0	0	321.329	276
52	35	0	0	0	0	314.036	277
52	36	0	0	0	0	316.706	278
53	37	0	0	0	0	342.077	279
54	37	0	0	0	0	292.226	280
54	37	0	0	0	0	296.227	281
55	36	0	0	0	0	315.482	282
56	36	0	0	0	0	338.695	283
54	36	0	0	0	0	318.081	284
52	36	0	0	0	0	327.292	285
53	36	0	0	0	0	302.342	286
53	35	0	0	0	0	296.59	287
53	34	0	0	0	0	328.115	288
51	34	0	0	0	0	314.158	289
51	34	0	0	0	0	322.474	290
53	34	0	0	0	0	288.16	291
54	34	0	0	0	0	320.078	292
54	32	0	0	0	0	286.765	293
54	32	0	0	0	0	296.537	294
54	32	0	0	0	0	327.532	295
53	32	0	0	0	0	312.63	296
53	34	0	0	0	0	297.824	297
53	34	0	0	0	0	329.698	298
53	34	0	0	0	0	322.444	299
53	34	0	0	0	0	317.253	300
53	34	0	0	0	0	317.484	301
54	34	0	0	0	0	311.359	302
54	34	0	0	0	0	308.036	303
53	34	0	0	0	0	310.906	304
53	34	0	0	0	0	310.919	305
49	34	0	0	0	0	307.13	306
51	34	0	0	0	0	311.915	307
52	34	0	0	0	0	279.198	308
52	35	0	0	0	0	306.842	309
51	35	0	0	0	0	309.644	310
52	35	0	0	0	0	332.109	311
52	35	0	0	0	0	337.642	312
52	35	0	0	0	0	285.087	313
52	34	0	0	0	0	300.462	314
54	34	0	0	0	0	330.74	315
54	35	0	0	0	0	291.156	316
54	35	0	0	0	0	342.264	317
54	35	0	0	0	0	336.251	318
53	35	0	0	0	0	298.571	319
54	35	0	0	0	0	322.309	320
54	35	0	0	0	0	274.176	321
54	35	0	0	0	0	330.021	322
54	34	0	0	0	0	327.908	323
54	34	0	0	0	0	335.956	324
54	33	0	0	0	0	258.402	325
54	32	0	0	0	0	294.522	326
54	32	0	0	0	0	276.375	327
56	32	0	0	0	0	323.685	328
56	31	0	0	0	0	321.113	329
57	31	0	0	0	0	335.594	330
57	31	0	0	0	0	293.08	331
59	33	0	0	0	0	330.926	332
59	32	0	0	0	0	324.244	333
60	33	0	0	0	0	304.697	334
61	33	0	0	0	0	325.774	335
58	35	0	0	0	0	326.77	336
59	36	0	0	0	0	320.595	337
59	36	0	0	0	0	333.037	338
61	37	0	0	0	0	366.015	339
61	37	0	0	0	0	343.675	340
60	35	0	0	0	0	340.187	341
60	35	0	0	0	0	314.314	342
54	33	0	0	0	0	310.164	343
55	36	0	0	0	0	315.04	344
52	36	0	0	0	0	303.381	345
52	36	0	0	0	0	313.242	346
52	34	0	0	0	0	298.249	347
48	34	0	0	0	0	293.674	348
48	35	0	0	0	0	284.228	349
48	35	0	0	0	0	285.175	350
48	33	0	0	0	0	292.352	351
47	33	0	0	0	0	281.3	352
45	33	0	0	0	0	286.491	353
45	33	0	0	0	0	283.522	354
41	33	0	0	0	0	266.526	355
41	34	0	0	0	0	257.034	356
41	35	0	0	0	0	283.761	357
42	34	0	0	0	0	260.421	358
40	35	0	0	0	0	222.37	359
40	35	0	0	0	0	255.943	360
42	34	0	0	0	0	217.23	361
42	34	0	0	0	0	261.53	362
41	34	0	0	0	0	235.064	363
39	34	0	0	0	0	263.518	364
39	36	0	0	0	0	274.404	365
39	36	0	0	0	0	256.752	366
39	35	0	0	0	0	259.899	367
38	35	0	0	0	0	246.199	368
34	34	0	0	0	0	241.825	369
34	34	0	0	0	0	233.177	370
34	34	0	0	0	0	231.048	371
34	35	0	0	0	0	253.041	372
34	35	0	0	0	0	260.293	373
34	35	0	0	0	0	250.426	374
34	35	0	0	0	0	254.535	375
35	35	0	0	0	0	226.926	376
34	35	0	0	0	0	220.71	377
34	33	0	0	0	0	226.724	378
33	34	0	0	0	0	231.158	379
32	34	0	0	0	0	235.196	380
31	35	0	0	0	0	242.628	381
32	34	0	0	0	0	241.75	382
32	34	0	0	0	0	222.083	383
33	34	0	0	0	0	213.553	384
33	34	0	0	0	0	228.278	385
33	33	0	0	0	0	221.223	386
34	32	0	0	0	0	210.663	387
33	33	0	0	0	0	235.493	388
35	33	0	0	0	0	215.94	389
34	33	0	0	0	0	204.682	390
35	32	0	0	0	0	243.526	391
35	32	0	0	0	0	240.822	392
35	31	0	0	0	0	243.796	393
35	31	0	0	0	0	221.987	394
35	32	0	0	0	0	248.391	395
35	32	0	0	0	0	242.526	396
34	32	0	0	0	0	205.639	397
34	32	0	0	0	0	237.983	398
34	33	0	0	0	0	214.107	399
34	32	0	0	0	0	229.887	400
34	32	0	0	0	0	229.484	401
33	32	0	0	0	0	222.119	402
33	32	0	0	0	0	228.793	403
33	32	0	0	0	0	231.04	404
33	30	0	0	0	0	201.983	405
33	31	0	0	0	0	221.069	406
33	31	0	0	0	0	212.034	407
31	29	0	0	0	0	215.151	408
31	29	0	0	0	0	183.88	409
31	29	0	0	0	0	198.278	410
31	28	0	0	0	0	189.065	411
31	28	0	0	0	0	188.928	412
31	28	0	0	0	0	192.71	413
30	28	0	0	0	0	190.622	414
28	26	0	0	0	0	184.722	415
28	25	0	0	0	0	195.267	416
28	25	0	0	0	0	168.892	417
28	25	0	0	0	0	180.909	418
29	25	0	0	0	0	189.695	419
29	25	0	0	0	0	192.23	420
29	24	0	0	0	0	177.291	421
30	24	0	0	0	0	185.561	422
30	23	0	0	0	0	142.886	423
30	22	0	0	0	0	184.006	424
30	22	0	0	0	0	175.656	425
29	21	0	0	0	0	181.869	426
29	21	0	0	0	0	176.792	427
29	21	0	0	0	0	176.416	428
26	21	0	0	0	0	159.854	429
26	21	0	0	0	0	175.742	430
26	22	0	0	0	0	151.082	431
26	22	0	0	0	0	173.18	432
26	20	0	0	0	0	154.716	433
25	24	0	0	0	0	141.225	434
25	24	0	0	0	0	181.388	435
25	23	0	0	0	0	168.68	436
25	23	0	0	0	0	171.759	437
25	23	0	0	0	0	136.033	438
25	23	0	0	0	0	149.044	439
25	22	0	0	0	0	125.613	440
25	21	0	0	0	0	146.138	441
19	21	0	0	0	0	127.347	442
19	21	0	0	0	0	143.512	443
19	20	0	0	0	0	138.811	444
19	20	0	0	0	0	145.314	445
19	20	0	0	0	0	143.256	446
19	19	0	0	0	0	135.272	447
19	21	0	0	0	0	123.807	448
19	24	0	0	0	0	152.426	449
19	24	0	0	0	0	130.433	450
19	23	0	0	0	0	129.771	451
14	23	0	0	0	0	119.659	452
14	23	0	0	0	0	122.005	453
15	23	0	0	0	0	128.005	454
16	23	0	0	0	0	132.709	455
15	23	0	0	0	0	115.699	456
15	23	0	0	0	0	125.15	457
15	23	0	0	0	0	131.746	458
15	23	0	0	0	0	133.837	459
14	24	0	0	0	0	139.615	460
14	24	0	0	0	0	128.797	461
14	24	0	0	0	0	118.117	462
14	24	0	0	0	0	143.496	463
14	24	0	0	0	0	134.672	464
14	24	0	0	0	0	138.916	465
14	24	0	0	0	0	122.111	466
14	26	0	0	0	0	140.282	467
14	27	0	0	0	0	128.355	468
10	27	0	0	0	0	125.992	469
10	27	0	0	0	0	127.146	470
10	27	0	0	0	0	132.638	471
10	27	0	0	0	0	129.788	472
10	28	0	0	0	0	127.921	473
10	28	0	0	0	0	124.94	474
10	28	0	0	0	0	124.348	475
9	27	0	0	0	0	108.809	476
9	27	0	0	0	0	122.727	477
9	27	0	0	0	0	131.574	478
9	27	0	0	0	0	122.347	479
9	27	0	0	0	0	125.616	480
9	26	0	0	0	0	128.809	481
9	26	0	0	0	0	110.419	482
9	25	0	0	0	0	118.942	483
9	24	0	0	0	0	123.113	484
9	25	0	0	0	0	103.428	485
9	24	0	0	0	0	110.359	486
11	24	0	0	0	0	124.928	487
12	24	0	0	0	0	127.454	488
12	24	0	0	0	0	125.833	489
12	24	0	0	0	0	125.184	490
12	24	0	0	0	0	130.261	491
13	25	0	0	0	0	99.6633	492
13	24	0	0	0	0	127.135	493
12	23	0	0	0	0	123.602	494
12	26	0	0	0	0	115.891	495
12	26	0	0	0	0	118.963	496
12	26	0	0	0	0	98.1365	497
12	26	0	0	0	0	134.886	498
11	26	0	0	0	0	130.456	499
12	26	0	0	0	0	131.956	500
13	25	0	0	0	0	130.572	501
13	26	0	0	0	0	117.065	502
13	27	0	0	0	0	147.693	503
13	27	0	0	0	0	142.434	504
13	27	0	0	0	0	130.423	505
14	29	0	0	0	0	153.532	506
14	29	0	0	0	0	141.718	507
14	29	0	0	0	0	140.925	508
14	29	0	0	0	0	129.371	509
14	30	0	0	0	0	155.705	510
14	30	0	0	0	0	155.97	511
14	29	0	0	0	0	126.603	512
14	29	0	0	0	0	157.641	513
14	29	0	0	0	0	134.297	514
14	29	0	0	0	0	155.04	515
14	29	0	0	0	0	156.319	516
14	30	0	0	0	0	134.3	517
14	30	0	0	0	0	168.164	518
14	30	0	0	0	0	163.359	519
14	30	0	0	0	0	149.319	520
15	30	0	0	0	0	139.165	521
15	29	0	0	0	0	117.712	522
15	29	0	0	0	0	141.246	523
14	28	0	0	0	0	137.09	524
15	27	0	0	0	0	115.659	525
15	27	0	0	0	0	140.741	526
15	26	0	0	0	0	138.694	527
15	31	0	0	0	0	138.595	528
15	32	0	0	0	0	170.976	529
15	32	0	0	0	0	170.555	530
15	32	0	0	0	0	152.813	531
15	32	0	0	0	0	162.139	532
16	32	0	0	0	0	171.864	533
16	30	0	0	0	0	168.637	534
16	30	0	0	0	0	106.699	535
16	31	0	0	0	0	164.605	536
15	30	0	0	0	0	165.457	537
15	32	0	0	0	0	109.399	538
16	34	0	0	0	0	164.354	539
16	35	0	0	0	0	162.546	540
16	34	0	0	0	0	174.413	541
16	36	0	0	0	0	182.247	542
16	36	0	0	0	0	186.789	543
17	36	0	0	0	0	200.303	544
17	37	0	0	0	0	174.002	545
17	38	0	0	0	0	204.541	546
17	38	0	0	0	0	194.613	547
17	38	0	0	0	0	190.766	548
17	38	0	0	0	0	190.902	549
18	38	0	0	0	0	207.594	550
17	38	0	0	0	0	185.306	551
19	38	0	0	0	0	186.325	552
19	39	0	0	0	0	192.688	553
19	40	0	0	0	0	194.799	554
20	40	0	0	0	0	205.504	555
20	39	0	0	0	0	198.229	556
20	39	0	0	0	0	209.709	557
20	39	0	0	0	0	195.575	558
19	39	0	0	0	0	184.205	559
22	39	0	0	0	0	205.216	560
24	39	0	0	0	0	98.3488	561
26	40	0	0	0	0	210.246	562
24	40	0	0	0	0	209.856	563
27	39	0	0	0	0	224.291	564
29	39	0	0	0	0	208.758	565
31	39	0	0	0	0	173.241	566
32	42	0	0	0	0	253.059	567
32	42	0	0	0	0	273.043	568
29	42	0	0	0	0	228.333	569
30	42	0	0	0	0	270.869	570
30	42	0	0	0	0	253.968	571
30	45	0	0	0	0	253.245	572
31	48	0	0	0	0	250.827	573
32	52	0	0	0	0	262.981	574
32	52	0	0	0	0	253.139	575
32	52	0	0	0	0	269.37	576
33	51	0	0	0	0	255.574	577
33	51	0	0	0	0	280.339	578
34	51	0	0	0	0	302.429	579
35	50	0	0	0	0	285.257	580
33	48	0	0	0	0	303.9	581
33	48	0	0	0	0	271.867	582
33	50	0	0	0	0	280.128	583
33	49	0	0	0	0	314.218	584
33	49	0	0	0	0	279.117	585
33	47	0	0	0	0	282.5	586
33	46	0	0	0	0	283.454	587
33	46	0	0	0	0	282.031	588
33	46	0	0	0	0	280.02	589
34	45	0	0	0	0	263.05	590
34	43	0	0	0	0	273.432	591
33	42	0	0	0	0	254.4	592
30	43	0	0	0	0	239.649	593
30	42	0	0	0	0	274.361	594
30	42	0	0	0	0	233.934	595
32	42	0	0	0	0	255.679	596
32	41	0	0	0	0	257.268	597
32	41	0	0	0	0	267.053	598
32	41	0	0	0	0	274.136	599
31	41	0	0	0	0	247.064	600
31	41	0	0	0	0	231.66	601
30	41	0	0	0	0	249.616	602
32	41	0	0	0	0	249.605	603
33	41	0	0	0	0	266.651	604
34	41	0	0	0	0	273.665	605
34	39	0	0	0	0	244.317	606
34	39	0	0	0	0	241.201	607
34	39	0	0	0	0	262.629	608
34	36	0	0	0	0	254.202	609
34	36	0	0	0	0	266.339	610
35	36	0	0	0	0	190.274	611
34	35	0	0	0	0	188.569	612
34	34	0	0	0	0	236.283	613
33	33	0	0	0	0	219.221	614
36	33	0	0	0	0	201.79	615
36	30	0	0	0	0	212.582	616
36	29	0	0	0	0	231.245	617
36	28	0	0	0	0	238.834	618
36	28	0	0	0	0	233.692	619
37	28	0	0	0	0	192.491	620
39	27	0	0	0	0	218.71	621
41	27	0	0	0	0	238.047	622
41	27	0	0	0	0	246.484	623
41	26	0	0	0	0	220.814	624
41	26	0	0	0	0	223.242	625
42	26	0	0	0	0	245.813	626
42	29	0	0	0	0	250.372	627
43	29	0	0	0	0	253.291	628
46	29	0	0	0	0	249.695	629
47	30	0	0	0	0	255.3	630
49	30	0	0	0	0	261.55	631
49	28	0	0	0	0	262.675	632
49	28	0	0	0	0	253.903	633
49	27	0	0	0	0	226.734	634
48	26	0	0	0	0	264.37	635
45	26	0	0	0	0	255.831	636
44	25	0	0	0	0	236.935	637
47	25	0	0	0	0	258.757	638
47	26	0	0	0	0	222.446	639
47	26	0	0	0	0	249.694	640
47	28	0	0	0	0	260.381	641
46	28	0	0	0	0	281.217	642
46	28	0	0	0	0	245.475	643
44	28	0	0	0	0	247.988	644
44	28	0	0	0	0	247.491	645
43	28	0	0	0	0	220.276	646
43	28	0	0	0	0	248.989	647
40	28	0	0	0	0	240.826	648
40	27	0	0	0	0	256.974	649
40	27	0	0	0	0	246.181	650
39	26	0	0	0	0	191.009	651
40	26	0	0	0	0	211.345	652
40	27	0	0	0	0	229.265	653
41	27	0	0	0	0	216.861	654
41	27	0	0	0	0	239.119	655
41	27	0	0	0	0	250.003	656
40	27	0	0	0	0	225.925	657
40	27	0	0	0	0	234.037	658
39	27	0	0	0	0	242.875	659
38	27	0	0	0	0	214.226	660
38	26	0	0	0	0	233.265	661
38	27	0	0	0	0	224.999	662
38	27	0	0	0	0	218.725	663
40	26	0	0	0	0	222.78	664
42	27	0	0	0	0	233.816	665
43	26	0	0	0	0	201.471	666
46	26	0	0	0	0	259.176	667
47	26	0	0	0	0	247.1	668
48	25	0	0	0	0	237.733	669
48	25	0	0	0	0	253.454	670
48	25	0	0	0	0	274.072	671
49	25	0	0	0	0	249.976	672
49	25	0	0	0	0	278.767	673
49	25	0	0	0	0	259.455	674
49	25	0	0	0	0	266.257	675
49	25	0	0	0	0	259.386	676
50	25	0	0	0	0	270.059	677
50	25	0	0	0	0	265.603	678
50	25	0	0	0	0	292.395	679
50	26	0	0	0	0	231.397	680
51	25	0	0	0	0	242.103	681
53	25	0	0	0	0	249.658	682
56	25	0	0	0	0	295.042	683
56	24	0	0	0	0	275.007	684
57	23	0	0	0	0	260.502	685
58	23	0	0	0	0	282.944	686
55	23	0	0	0	0	289.296	687
55	23	0	0	0	0	262.999	688
54	23	0	0	0	0	276.863	689
54	22	0	0	0	0	277.885	690
55	22	0	0	0	0	279.946	691
54	22	0	0	0	0	263.484	692
54	23	0	0	0	0	279.813	693
55	23	0	0	0	0	228.084	694
56	23	0	0	0	0	293.338	695
56	22	0	0	0	0	294.336	696
57	22	0	0	0	0	276.573	697
57	22	0	0	0	0	275.535	698
57	24	0	0	0	0	302.994	699
57	24	0	0	0	0	291.652	700
58	26	0	0	0	0	297.509	701
57	26	0	0	0	0	280.26	702
57	26	0	0	0	0	291.091	703
58	25	0	0	0	0	297.464	704
59	23	0	0	0	0	270.095	705
61	23	0	0	0	0	296.819	706
62	23	0	0	0	0	295.703	707
62	23	0	0	0	0	312.818	708
61	23	0	0	0	0	301.762	709
59	23	0	0	0	0	305.968	710
57	24	0	0	0	0	286.422	711
57	24	0	0	0	0	299.392	712
56	24	0	0	0	0	260.259	713
56	25	0	0	0	0	277.975	714
56	25	0	0	0	0	309.392	715
57	25	0	0	0	0	272.798	716
60	25	0	0	0	0	292.916	717
60	25	0	0	0	0	300.588	718
60	25	0	0	0	0	303.078	719
61	25	0	0	0	0	292.202	720
61	25	0	0	0	0	312.302	721
60	23	0	0	0	0	302.916	722
58	23	0	0	0	0	303.786	723
57	23	0	0	0	0	218.949	724
58	22	0	0	0	0	271.093	725
58	21	0	0	0	0	278.254	726
58	21	0	0	0	0	277.061	727
58	21	0	0	0	0	295.459	728
56	21	0	0	0	0	258.232	729
56	21	0	0	0	0	277.583	730
58	21	0	0	0	0	289.289	731
57	21	0	0	0	0	258.717	732
57	21	0	0	0	0	285.319	733
58	21	0	0	0	0	288.382	734
60	21	0	0	0	0	260.459	735
62	21	0	0	0	0	299.716	736
60	21	0	0	0	0	294.154	737
61	21	0	0	0	0	275.757	738
61	21	0	0	0	0	268.308	739
60	20	0	0	0	0	264.465	740
61	20	0	0	0	0	256.902	741
54	20	0	0	0	0	256.079	742
54	20	0	0	0	0	252.232	743
54	19	0	0	0	0	255.942	744
53	19	0	0	0	0	238.485	745
53	19	0	0	0	0	254.765	746
54	16	0	0	0	0	236.944	747
54	15	0	0	0	0	234.319	748
54	15	0	0	0	0	216.913	749
54	15	0	0	0	0	262.14	750
54	16	0	0	0	0	262.439	751
54	19	0	0	0	0	260.014	752
54	19	0	0	0	0	262.982	753
54	18	0	0	0	0	262.65	754
54	18	0	0	0	0	259.424	755
54	17	0	0	0	0	255.89	756
54	17	0	0	0	0	213.617	757
54	19	0	0	0	0	245.995	758
51	20	0	0	0	0	222.137	759
51	22	0	0	0	0	245.868	760
48	21	0	0	0	0	252.995	761
48	21	0	0	0	0	233.276	762
48	21	0	0	0	0	234.946	763
48	21	0	0	0	0	252.082	764
48	21	0	0	0	0	266.659	765
49	21	0	0	0	0	234.335	766
47	21	0	0	0	0	236.493	767
43	20	0	0	0	0	217.959	768
42	21	0	0	0	0	231.106	769
42	21	0	0	0	0	212.753	770
43	21	0	0	0	0	215.448	771
43	21	0	0	0	0	244.649	772
44	21	0	0	0	0	248.814	773
44	21	0	0	0	0	208.777	774
45	21	0	0	0	0	221.951	775
45	21	0	0	0	0	240.217	776
47	21	0	0	0	0	231.198	777
47	21	0	0	0	0	250.019	778
46	22	0	0	0	0	251.878	779
46	21	0	0	0	0	234.519	780
47	21	0	0	0	0	253.007	781
47	21	0	0	0	0	248.657	782
47	21	0	0	0	0	214.951	783
48	21	0	0	0	0	228.635	784
50	21	0	0	0	0	254.625	785
50	21	0	0	0	0	251.917	786
50	23	0	0	0	0	267.022	787
50	23	0	0	0	0	262.7	788
50	23	0	0	0	0	261.047	789
50	22	0	0	0	0	270.722	790
50	22	0	0	0	0	269.023	791
50	22	0	0	0	0	251.141	792
50	23	0	0	0	0	250.857	793
49	23	0	0	0	0	241.306	794
49	24	0	0	0	0	251.618	795
44	24	0	0	0	0	226.348	796
44	31	0	0	0	0	238.71	797
44	31	0	0	0	0	239.803	798
44	31	0	0	0	0	280.618	799
45	32	0	0	0	0	262.658	800
45	32	0	0	0	0	252.098	801
41	32	0	0	0	0	231.9	802
39	31	0	0	0	0	254.323	803
38	31	0	0	0	0	228.418	804
38	29	0	0	0	0	231.156	805
34	29	0	0	0	0	229.323	806
34	30	0	0	0	0	233.092	807
33	30	0	0	0	0	213.404	808
34	30	0	0	0	0	224.08	809
35	30	0	0	0	0	212.924	810
37	30	0	0	0	0	236.915	811
37	29	0	0	0	0	219.09	812
35	28	0	0	0	0	218.61	813
37	28	0	0	0	0	210.582	814
36	28	0	0	0	0	212.741	815
35	28	0	0	0	0	216.793	816
35	28	0	0	0	0	216.519	817
35	28	0	0	0	0	200.8	818
37	28	0	0	0	0	222.664	819
38	28	0	0	0	0	237.308	820
37	30	0	0	0	0	244.388	821
36	29	0	0	0	0	228.934	822
36	29	0	0	0	0	226.859	823
36	30	0	0	0	0	225.701	824
37	30	0	0	0	0	241.086	825
38	30	0	0	0	0	241.086	826
38	30	0	0	0	0	254.402	827
38	30	0	0	0	0	229.198	828
39	32	0	0	0	0	258.502	829
39	31	0	0	0	0	225.451	830
39	31	0	0	0	0	239.407	831
40	31	0	0	0	0	266.449	832
39	31	0	0	0	0	250.742	833
39	30	0	0	0	0	254.361	834
40	29	0	0	0	0	251.177	835
40	29	0	0	0	0	254.926	836
40	28	0	0	0	0	218.141	837
43	30	0	0	0	0	260.45	838
43	30	0	0	0	0	256.266	839
44	32	0	0	0	0	276.767	840
44	32	0	0	0	0	266.493	841
45	32	0	0	0	0	277.834	842
46	32	0	0	0	0	276.091	843
48	32	0	0	0	0	289.81	844
47	32	0	0	0	0	286.219	845
48	32	0	0	0	0	298.927	846
46	32	0	0	0	0	264.399	847
46	33	0	0	0	0	286.005	848
46	31	0	0	0	0	278.572	849
45	31	0	0	0	0	268.594	850
45	32	0	0	0	0	287.322	851
45	32	0	0	0	0	278.867	852
45	32	0	0	0	0	257.688	853
45	32	0	0	0	0	258.643	854
44	33	0	0	0	0	272.589	855
41	32	0	0	0	0	212.868	856
40	31	0	0	0	0	248.594	857
40	32	0	0	0	0	256.796	858
41	32	0	0	0	0	274.004	859
41	32	0	0	0	0	274.865	860
41	32	0	0	0	0	247.738	861
41	32	0	0	0	0	244.313	862
43	32	0	0	0	0	262.02	863
43	32	0	0	0	0	273.282	864
43	32	0	0	0	0	271.802	865
43	32	0	0	0	0	286.008	866
42	32	0	0	0	0	248.075	867
42	32	0	0	0	0	285.213	868
43	32	0	0	0	0	262.245	869
43	32	0	0	0	0	269.565	870
43	32	0	0	0	0	272.494	871
43	30	0	0	0	0	225.223	872
43	30	0	0	0	0	276.653	873
43	30	0	0	0	0	209.323	874
43	30	0	0	0	0	241.656	875
43	31	0	0	0	0	261.668	876
43	35	0	0	0	0	262.858	877
43	36	0	0	0	0	252.653	878
43	37	0	0	0	0	271.232	879
43	37	0	0	0	0	261.691	880
43	37	0	0	0	0	244.554	881
43	37	0	0	0	0	259.338	882
42	36	0	0	0	0	253.768	883
40	37	0	0	0	0	231.509	884
38	37	0	0	0	0	242.382	885
31	37	0	0	0	0	234.558	886
31	37	0	0	0	0	249.27	887
31	38	0	0	0	0	240.933	888
31	38	0	0	0	0	248.855	889
31	37	0	0	0	0	234.7	890
31	37	0	0	0	0	238.655	891
32	37	0	0	0	0	245.047	892
31	35	0	0	0	0	237.873	893
32	41	0	0	0	0	216.739	894
32	40	0	0	0	0	234.663	895
32	40	0	0	0	0	232.209	896
32	40	0	0	0	0	251.856	897
32	40	0	0	0	0	216.947	898
32	40	0	0	0	0	264.001	899
32	40	0	0	0	0	266.707	900
33	40	0	0	0	0	262.037	901
33	40	0	0	0	0	263.136	902
32	40	0	0	0	0	250.994	903
32	41	0	0	0	0	237.964	904
32	41	0	0	0	0	254.62	905
30	40	0	0	0	0	232.594	906
31	40	0	0	0	0	255.531	907
31	41	0	0	0	0	251.5	908
31	41	0	0	0	0	251.754	909
32	40	0	0	0	0	246.639	910
34	40	0	0	0	0	253.498	911
33	40	0	0	0	0	259.098	912
32	40	0	0	0	0	230.843	913
32	40	0	0	0	0	254.422	914
33	40	0	0	0	0	267.799	915
34	39	0	0	0	0	268.206	916
34	39	0	0	0	0	263.826	917
34	39	0	0	0	0	240.84	918
35	39	0	0	0	0	272.618	919
35	39	0	0	0	0	251.243	920
35	45	0	0	0	0	244.95	921
35	45	0	0	0	0	257.599	922
35	44	0	0	0	0	276.763	923
35	44	0	0	0	0	271.881	924
33	43	0	0	0	0	252.854	925
33	45	0	0	0	0	271.659	926
33	44	0	0	0	0	264.766	927
33	43	0	0	0	0	248.492	928
34	43	0	0	0	0	274.676	929
34	43	0	0	0	0	258.004	930
34	43	0	0	0	0	281.93	931
33	43	0	0	0	0	280.18	932
33	42	0	0	0	0	228.511	933
34	40	0	0	0	0	276.963	934
33	40	0	0	0	0	255.706	935
33	40	0	0	0	0	273.132	936
33	40	0	0	0	0	248.584	937
33	39	0	0	0	0	258.442	938
33	39	0	0	0	0	273.646	939
33	39	0	0	0	0	228.666	940
33	39	0	0	0	0	247.383	941
33	38	0	0	0	0	259.694	942
33	37	0	0	0	0	260.256	943
33	37	0	0	0	0	259.368	944
34	36	0	0	0	0	251	945
34	36	0	0	0	0	242.885	946
35	35	0	0	0	0	267.283	947
35	35	0	0	0	0	236.719	948
35	35	0	0	0	0	238.711	949
35	35	0	0	0	0	254.892	950
36	35	0	0	0	0	252.653	951
37	35	0	0	0	0	250.792	952
37	32	0	0	0	0	248.746	953
37	31	0	0	0	0	223.21	954
39	31	0	0	0	0	242.992	955
39	30	0	0	0	0	259.682	956
39	31	0	0	0	0	217.053	957
38	30	0	0	0	0	236.675	958
37	29	0	0	0	0	220.565	959
36	28	0	0	0	0	223.499	960
35	28	0	0	0	0	215.261	961
33	28	0	0	0	0	206.74	962
33	28	0	0	0	0	219.98	963
33	25	0	0	0	0	184.483	964
34	25	0	0	0	0	208.492	965
35	24	0	0	0	0	195.596	966
35	25	0	0	0	0	197.771	967
36	25	0	0	0	0	171.179	968
33	25	0	0	0	0	169.032	969
34	24	0	0	0	0	200.867	970
33	22	0	0	0	0	177.161	971
37	23	0	0	0	0	204.502	972
38	23	0	0	0	0	220.108	973
40	23	0	0	0	0	215.246	974
41	23	0	0	0	0	221.72	975
40	22	0	0	0	0	199.308	976
42	22	0	0	0	0	205.095	977
42	21	0	0	0	0	187.123	978
44	21	0	0	0	0	181.737	979
46	20	0	0	0	0	231.949	980
48	19	0	0	0	0	201.979	981
48	18	0	0	0	0	229.469	982
48	18	0	0	0	0	225.874	983
49	17	0	0	0	0	227.273	984
50	17	0	0	0	0	201.535	985
50	18	0	0	0	0	222.711	986
50	16	0	0	0	0	217.168	987
51	16	0	0	0	0	236.251	988
53	16	0	0	0	0	239.716	989
52	16	0	0	0	0	235.825	990
53	16	0	0	0	0	236.139	991
53	16	0	0	0	0	219.008	992
53	16	0	0	0	0	261.64	993
52	16	0	0	0	0	236.481	994
54	16	0	0	0	0	248.009	995
55	16	0	0	0	0	238.31	996
55	17	0	0	0	0	234.204	997
55	16	0	0	0	0	236.958	998
55	16	0	0	0	0	232.517	999
54	16	0	0	0	0	222.08	1000
54	15	0	0	0	0	209.974	1001
56	15	0	0	0	0	246.87	1002
56	14	0	0	0	0	242.062	1003
56	14	0	0	0	0	250.855	1004
56	14	0	0	0	0	261.446	1005
56	14	0	0	0	0	254.055	1006
58	14	0	0	0	0	238.6	1007
60	14	0	0	0	0	235.451	1008
61	13	0	0	0	0	266.428	1009
61	13	0	0	0	0	257.368	1010
62	13	0	0	0	0	257.925	1011
62	13	0	0	0	0	258.886	1012
62	13	0	0	0	0	278.33	1013
63	13	0	0	0	0	224.598	1014
63	13	0	0	0	0	277.145	1015
63	13	0	0	0	0	236.083	1016
65	13	0	0	0	0	271.595	1017
66	13	0	0	0	0	280.313	1018
67	13	0	0	0	0	267.239	1019
67	13	0	0	0	0	293.84	1020
67	13	0	0	0	0	273.18	1021
67	13	0	0	0	0	275.47	1022
67	13	0	0	0	0	271.86	1023
64	16	0	0	0	0	272.24	1024
65	15	0	0	0	0	266.541	1025
66	15	0	0	0	0	270.392	1026
66	13	0	0	0	0	263.415	1027
66	13	0	0	0	0	264.911	1028
66	13	0	0	0	0	252.103	1029
66	13	0	0	0	0	264.089	1030
66	13	0	0	0	0	289.784	1031
66	13	0	0	0	0	292.032	1032
65	13	0	0	0	0	288.663	1033
65	14	0	0	0	0	290.315	1034
65	15	0	0	0	0	290.369	1035
65	15	0	0	0	0	262.839	1036
65	15	0	0	0	0	281.063	1037
66	14	0	0	0	0	263.783	1038
66	14	0	0	0	0	250.977	1039
66	14	0	0	0	0	296.524	1040
66	14	0	0	0	0	308.613	1041
67	14	0	0	0	0	299.562	1042
67	14	0	0	0	0	256.379	1043
66	13	0	0	0	0	272.892	1044
67	13	0	0	0	0	296.52	1045
67	13	0	0	0	0	297.053	1046
69	13	0	0	0	0	297.856	1047
69	11	0	0	0	0	270.441	1048
69	13	0	0	0	0	294.442	1049
70	13	0	0	0	0	286.963	1050
68	13	0	0	0	0	291.945	1051
68	18	0	0	0	0	266.778	1052
70	19	0	0	0	0	314.457	1053
70	20	0	0	0	0	325.926	1054
70	20	0	0	0	0	318.926	1055
71	20	0	0	0	0	301.868	1056
67	20	0	0	0	0	303.974	1057
65	20	0	0	0	0	301.412	1058
66	19	0	0	0	0	290.552	1059
66	19	0	0	0	0	290.895	1060
61	20	0	0	0	0	284.575	1061
61	20	0	0	0	0	274.342	1062
61	20	0	0	0	0	288.046	1063
61	20	0	0	0	0	274.278	1064
61	20	0	0	0	0	299.663	1065
60	20	0	0	0	0	309.015	1066
60	20	0	0	0	0	254.225	1067
61	20	0	0	0	0	298.03	1068
61	20	0	0	0	0	311.387	1069
61	20	0	0	0	0	255.398	1070
61	22	0	0	0	0	296.477	1071
61	23	0	0	0	0	306.737	1072
61	23	0	0	0	0	311.359	1073
61	21	0	0	0	0	278.249	1074
62	21	0	0	0	0	316.214	1075
63	23	0	0	0	0	310.061	1076
63	27	0	0	0	0	301.561	1077
63	27	0	0	0	0	316.545	1078
62	27	0	0	0	0	344.82	1079
63	27	0	0	0	0	291.131	1080
64	27	0	0	0	0	320.994	1081
63	27	0	0	0	0	325.895	1082
61	28	0	0	0	0	339.524	1083
61	28	0	0	0	0	324.893	1084
58	28	0	0	0	0	310.847	1085
57	28	0	0	0	0	313.234	1086
57	28	0	0	0	0	278.395	1087
57	28	0	0	0	0	319.261	1088
57	28	0	0	0	0	302.489	1089
58	28	0	0	0	0	317.901	1090
58	31	0	0	0	0	286.033	1091
58	31	0	0	0	0	316.522	1092
57	31	0	0	0	0	302.911	1093
57	31	0	0	0	0	335.751	1094
55	31	0	0	0	0	302.131	1095
55	32	0	0	0	0	324.335	1096
55	34	0	0	0	0	316.678	1097
55	34	0	0	0	0	304.744	1098
54	34	0	0	0	0	307.758	1099
51	34	0	0	0	0	312.933	1100
52	36	0	0	0	0	323.176	1101
52	35	0	0	0	0	318.282	1102
51	35	0	0	0	0	297.936	1103
51	34	0	0	0	0	300.971	1104
51	34	0	0	0	0	323.474	1105
51	34	0	0	0	0	325.545	1106
51	35	0	0	0	0	323.392	1107
50	34	0	0	0	0	277.392	1108
52	34	0	0	0	0	315.631	1109
53	34	0	0	0	0	301.318	1110
53	34	0	0	0	0	301.774	1111
53	35	0	0	0	0	336.002	1112
53	36	0	0	0	0	301.461	1113
49	36	0	0	0	0	285.762	1114
49	37	0	0	0	0	312.098	1115
45	37	0	0	0	0	272.809	1116
45	37	0	0	0	0	308.212	1117
45	37	0	0	0	0	306.681	1118
44	36	0	0	0	0	283.739	1119
45	38	0	0	0	0	301.175	1120
45	38	0	0	0	0	289.455	1121
46	38	0	0	0	0	312.961	1122
46	37	0	0	0	0	229.087	1123
46	44	0	0	0	0	245.866	1124
47	43	0	0	0	0	249.53	1125
47	43	0	0	0	0	263.073	1126
48	43	0	0	0	0	243.421	1127
48	43	0	0	0	0	246.959	1128
42	43	0	0	0	0	234.113	1129
42	46	0	0	0	0	246.348	1130
38	45	0	0	0	0	259.472	1131
40	51	0	0	0	0	274.215	1132
38	51	0	0	0	0	282.635	1133
37	52	0	0	0	0	313.905	1134
37	53	0	0	0	0	319.008	1135
37	53	0	0	0	0	320.924	1136
38	55	0	0	0	0	332.682	1137
37	55	0	0	0	0	298.856	1138
34	56	0	0	0	0	287.367	1139
33	56	0	0	0	0	320.296	1140
30	56	0	0	0	0	296.746	1141
30	57	0	0	0	0	308.283	1142
30	57	0	0	0	0	321.816	1143
30	58	0	0	0	0	320.658	1144
30	58	0	0	0	0	322.217	1145
29	59	0	0	0	0	307.377	1146
29	60	0	0	0	0	312.041	1147
30	59	0	0	0	0	314.565	1148
30	59	0	0	0	0	320.481	1149
30	59	0	0	0	0	323.137	1150
30	60	0	0	0	0	300.087	1151
31	60	0	0	0	0	338.691	1152
30	59	0	0	0	0	301.416	1153
30	60	0	0	0	0	333.582	1154
30	59	0	0	0	0	298.98	1155
30	59	0	0	0	0	333.003	1156
30	59	0	0	0	0	299.048	1157
29	58	0	0	0	0	290.047	1158
32	58	0	0	0	0	309.712	1159
32	58	0	0	0	0	315.267	1160
32	57	0	0	0	0	309.137	1161
35	56	0	0	0	0	329.218	1162
35	56	0	0	0	0	342.054	1163
35	56	0	0	0	0	296.069	1164
34	57	0	0	0	0	312.883	1165
35	57	0	0	0	0	332.2	1166
35	56	0	0	0	0	328.108	1167
35	56	0	0	0	0	314.527	1168
35	53	0	0	0	0	302.035	1169
35	53	0	0	0	0	320.283	1170
35	53	0	0	0	0	335.7	1171
35	53	0	0	0	0	260.388	1172
34	53	0	0	0	0	310.61	1173
34	52	0	0	0	0	196.799	1174
32	53	0	0	0	0	286.296	1175
33	55	0	0	0	0	282.805	1176
34	55	0	0	0	0	299.342	1177
34	55	0	0	0	0	296.342	1178
34	55	0	0	0	0	282.662	1179
35	55	0	0	0	0	284.37	1180
34	55	0	0	0	0	268.783	1181
33	55	0	0	0	0	315.204	1182
30	55	0	0	0	0	304.506	1183
31	55	0	0	0	0	299.377	1184
31	53	0	0	0	0	263.267	1185
32	53	0	0	0	0	284.273	1186
32	52	0	0	0	0	301.424	1187
33	51	0	0	0	0	292.585	1188
33	51	0	0	0	0	297.438	1189
33	53	0	0	0	0	298.448	1190
33	54	0	0	0	0	305.66	1191
35	54	0	0	0	0	303.472	1192
35	53	0	0	0	0	266.982	1193
35	53	0	0	0	0	313.797	1194
36	53	0	0	0	0	335.075	1195
36	52	0	0	0	0	330.196	1196
36	52	0	0	0	0	300.037	1197
37	52	0	0	0	0	320.823	1198
37	52	0	0	0	0	312.718	1199
39	52	0	0	0	0	317.706	1200
38	50	0	0	0	0	290.276	1201
41	49	0	0	0	0	309.712	1202
42	48	0	0	0	0	268.83	1203
42	47	0	0	0	0	314.869	1204
43	47	0	0	0	0	320.088	1205
43	47	0	0	0	0	331.501	1206
41	48	0	0	0	0	291.393	1207
40	47	0	0	0	0	291.055	1208
41	47	0	0	0	0	297.93	1209
42	47	0	0	0	0	317.683	1210
43	47	0	0	0	0	321.422	1211
43	47	0	0	0	0	313.478	1212
43	46	0	0	0	0	288.715	1213
43	44	0	0	0	0	307.001	1214
43	42	0	0	0	0	266.358	1215
43	42	0	0	0	0	284.346	1216
43	42	0	0	0	0	307.193	1217
43	42	0	0	0	0	310.7	1218
43	41	0	0	0	0	301.899	1219
45	41	0	0	0	0	308.478	1220
46	40	0	0	0	0	309.649	1221
46	39	0	0	0	0	295.21	1222
46	41	0	0	0	0	289.354	1223
46	41	0	0	0	0	305.802	1224
44	42	0	0	0	0	271.972	1225
44	42	0	0	0	0	285.725	1226
43	41	0	0	0	0	301.944	1227
44	42	0	0	0	0	288.305	1228
44	39	0	0	0	0	287.432	1229
44	38	0	0	0	0	298.11	1230
44	38	0	0	0	0	281.77	1231
44	38	0	0	0	0	271.442	1232
44	38	0	0	0	0	293.557	1233
44	37	0	0	0	0	281.902	1234
44	36	0	0	0	0	287.859	1235
44	35	0	0	0	0	295.01	1236
44	34	0	0	0	0	258.62	1237
45	34	0	0	0	0	303.318	1238
45	34	0	0	0	0	291.077	1239
47	34	0	0	0	0	288.662	1240
48	35	0	0	0	0	269.656	1241
47	34	0	0	0	0	296.013	1242
46	35	0	0	0	0	286.049	1243
47	35	0	0	0	0	293.058	1244
49	34	0	0	0	0	297.186	1245
49	33	0	0	0	0	269.739	1246
50	33	0	0	0	0	284.874	1247
50	33	0	0	0	0	295.458	1248
50	33	0	0	0	0	284.482	1249
48	34	0	0	0	0	293.252	1250
49	34	0	0	0	0	290.87	1251
45	34	0	0	0	0	237.579	1252
46	32	0	0	0	0	289.822	1253
45	32	0	0	0	0	269.299	1254
45	32	0	0	0	0	277.33	1255
45	32	0	0	0	0	279.094	1256
45	30	0	0	0	0	232.786	1257
45	30	0	0	0	0	262.272	1258
40	30	0	0	0	0	245.712	1259
38	30	0	0	0	0	239.266	1260
37	29	0	0	0	0	188.638	1261
37	29	0	0	0	0	236.533	1262
37	29	0	0	0	0	177.088	1263
37	31	0	0	0	0	222.357	1264
36	30	0	0	0	0	187.419	1265
38	30	0	0	0	0	219.251	1266
38	29	0	0	0	0	234.538	1267
39	31	0	0	0	0	248.19	1268
39	29	0	0	0	0	215.753	1269
39	30	0	0	0	0	236.053	1270
39	30	0	0	0	0	236.174	1271
39	28	0	0	0	0	237.008	1272
40	26	0	0	0	0	225.601	1273
42	26	0	0	0	0	220.305	1274
42	25	0	0	0	0	182.103	1275
42	23	0	0	0	0	213.452	1276
39	23	0	0	0	0	188.59	1277
39	23	0	0	0	0	215.016	1278
41	23	0	0	0	0	235.549	1279
41	22	0	0	0	0	231.755	1280
42	22	0	0	0	0	229.913	1281
42	21	0	0	0	0	238.937	1282
42	22	0	0	0	0	206.817	1283
42	22	0	0	0	0	207.409	1284
42	22	0	0	0	0	223.954	1285
44	20	0	0	0	0	208.859	1286
44	22	0	0	0	0	238.131	1287
44	23	0	0	0	0	238.827	1288
43	23	0	0	0	0	235.306	1289
42	23	0	0	0	0	222.229	1290
42	23	0	0	0	0	239.127	1291
42	23	0	0	0	0	221.939	1292
42	23	0	0	0	0	238.451	1293
42	22	0	0	0	0	215.685	1294
42	23	0	0	0	0	236.426	1295
40	23	0	0	0	0	223.349	1296
39	23	0	0	0	0	186.264	1297
42	23	0	0	0	0	239.072	1298
42	23	0	0	0	0	248.147	1299
42	25	0	0	0	0	244.612	1300
42	25	0	0	0	0	257.842	1301
42	25	0	0	0	0	231.365	1302
41	26	0	0	0	0	240.982	1303
42	26	0	0	0	0	233.057	1304
44	25	0	0	0	0	249.179	1305
44	25	0	0	0	0	247.574	1306
44	25	0	0	0	0	230.234	1307
44	26	0	0	0	0	203.062	1308
42	26	0	0	0	0	251.528	1309
41	26	0	0	0	0	252.868	1310
42	26	0	0	0	0	224.064	1311
42	26	0	0	0	0	226.497	1312
47	27	0	0	0	0	257.944	1313
47	27	0	0	0	0	262.065	1314
48	27	0	0	0	0	270.063	1315
48	28	0	0	0	0	256.803	1316
48	30	0	0	0	0	251.637	1317
48	29	0	0	0	0	267.513	1318
48	28	0	0	0	0	287.464	1319
48	28	0	0	0	0	252.665	1320
49	26	0	0	0	0	258.171	1321
47	25	0	0	0	0	246.587	1322
48	27	0	0	0	0	265.455	1323
48	26	0	0	0	0	271.003	1324
49	25	0	0	0	0	271.256	1325
49	24	0	0	0	0	271.662	1326
48	26	0	0	0	0	188.801	1327
49	26	0	0	0	0	222.053	1328
49	26	0	0	0	0	208.922	1329
50	26	0	0	0	0	229.025	1330
50	26	0	0	0	0	234.672	1331
46	25	0	0	0	0	225.767	1332
46	24	0	0	0	0	215.093	1333
46	23	0	0	0	0	204.305	1334
48	23	0	0	0	0	234.301	1335
49	23	0	0	0	0	235.304	1336
49	22	0	0	0	0	231.262	1337
49	21	0	0	0	0	231.473	1338
48	21	0	0	0	0	261.068	1339
48	21	0	0	0	0	229.562	1340
49	25	0	0	0	0	250.241	1341
49	25	0	0	0	0	270.091	1342
48	26	0	0	0	0	278.046	1343
48	26	0	0	0	0	261.114	1344
48	25	0	0	0	0	254.341	1345
47	26	0	0	0	0	235.185	1346
48	26	0	0	0	0	246.029	1347
49	26	0	0	0	0	261.111	1348
49	26	0	0	0	0	253.651	1349
44	26	0	0	0	0	222.649	1350
44	26	0	0	0	0	270.483	1351
44	26	0	0	0	0	263.082	1352
44	26	0	0	0	0	256.791	1353
44	26	0	0	0	0	260.42	1354
44	26	0	0	0	0	254.287	1355
44	26	0	0	0	0	270.684	1356
44	26	0	0	0	0	230.711	1357
44	26	0	0	0	0	227.823	1358
44	26	0	0	0	0	264.935	1359
44	25	0	0	0	0	266.083	1360
44	33	0	0	0	0	240.922	1361
44	40	0	0	0	0	265.795	1362
45	42	0	0	0	0	322.547	1363
45	42	0	0	0	0	292.11	1364
44	42	0	0	0	0	301.046	1365
44	42	0	0	0	0	299.072	1366
44	42	0	0	0	0	290.414	1367
45	42	0	0	0	0	316.74	1368
45	42	0	0	0	0	315.167	1369
39	42	0	0	0	0	285.816	1370
39	41	0	0	0	0	306.721	1371
39	41	0	0	0	0	260.811	1372
39	42	0	0	0	0	304.995	1373
39	42	0	0	0	0	287.213	1374
39	41	0	0	0	0	304.968	1375
39	43	0	0	0	0	304.296	1376
38	43	0	0	0	0	292.025	1377
38	43	0	0	0	0	292.394	1378
38	44	0	0	0	0	311.004	1379
39	44	0	0	0	0	278.22	1380
40	44	0	0	0	0	322.153	1381
40	44	0	0	0	0	311.928	1382
40	44	0	0	0	0	318.719	1383
40	45	0	0	0	0	269.45	1384
40	45	0	0	0	0	330.761	1385
40	45	0	0	0	0	304.514	1386
40	44	0	0	0	0	297.999	1387
40	43	0	0	0	0	309.453	1388
40	43	0	0	0	0	189.382	1389
40	43	0	0	0	0	303.293	1390
40	45	0	0	0	0	297.683	1391
39	43	0	0	0	0	273.008	1392
39	43	0	0	0	0	276.55	1393
40	43	0	0	0	0	275.437	1394
38	42	0	0	0	0	248.813	1395
38	43	0	0	0	0	310.176	1396
38	43	0	0	0	0	280.385	1397
38	42	0	0	0	0	268.094	1398
38	42	0	0	0	0	291.117	1399
33	42	0	0	0	0	270.981	1400
34	42	0	0	0	0	253.845	1401
33	42	0	0	0	0	264.201	1402
33	42	0	0	0	0	278.5	1403
33	42	0	0	0	0	279.324	1404
31	42	0	0	0	0	266.925	1405
31	44	0	0	0	0	271.227	1406
30	43	0	0	0	0	227.449	1407
30	45	0	0	0	0	223.956	1408
30	47	0	0	0	0	273.163	1409
29	48	0	0	0	0	237.672	1410
29	47	0	0	0	0	229.254	1411
30	46	0	0	0	0	236.733	1412
30	48	0	0	0	0	251.081	1413
32	48	0	0	0	0	233.172	1414
32	48	0	0	0	0	271.849	1415
33	48	0	0	0	0	261.241	1416
34	48	0	0	0	0	258.264	1417
34	46	0	0	0	0	274.854	1418
35	46	0	0	0	0	278.809	1419
36	46	0	0	0	0	302.343	1420
36	46	0	0	0	0	285.677	1421
37	45	0	0	0	0	315.886	1422
37	48	0	0	0	0	314.65	1423
37	49	0	0	0	0	292.166	1424
38	50	0	0	0	0	307.464	1425
39	50	0	0	0	0	317.491	1426
41	51	0	0	0	0	324.529	1427
41	50	0	0	0	0	325.29	1428
41	51	0	0	0	0	348.999	1429
41	51	0	0	0	0	333.247	1430
40	51	0	0	0	0	330.111	1431
40	51	0	0	0	0	341.292	1432
40	51	0	0	0	0	345.927	1433
40	51	0	0	0	0	335.805	1434
40	51	0	0	0	0	341.727	1435
40	49	0	0	0	0	283.045	1436
39	49	0	0	0	0	286.349	1437
39	47	0	0	0	0	308.713	1438
40	46	0	0	0	0	309.693	1439
41	45	0	0	0	0	299.672	1440
42	45	0	0	0	0	325.654	1441
42	45	0	0	0	0	326.486	1442
42	47	0	0	0	0	296.737	1443
42	48	0	0	0	0	304.695	1444
42	49	0	0	0	0	348.504	1445
44	49	0	0	0	0	309.802	1446
44	50	0	0	0	0	327.951	1447
44	51	0	0	0	0	312.494	1448
44	52	0	0	0	0	342.022	1449
44	51	0	0	0	0	324.027	1450
44	50	0	0	0	0	332.463	1451
44	49	0	0	0	0	343.07	1452
44	48	0	0	0	0	333.307	1453
44	51	0	0	0	0	353.956	1454
44	51	0	0	0	0	309.432	1455
44	60	0	0	0	0	337.865	1456
42	59	0	0	0	0	352.314	1457
41	58	0	0	0	0	340.672	1458
42	59	0	0	0	0	349.403	1459
42	60	0	0	0	0	287.447	1460
42	60	0	0	0	0	305.846	1461
42	60	0	0	0	0	325.494	1462
34	60	0	0	0	0	318.456	1463
35	60	0	0	0	0	302.719	1464
32	61	0	0	0	0	302.472	1465
32	62	0	0	0	0	321.608	1466
32	61	0	0	0	0	325.908	1467
33	61	0	0	0	0	278.662	1468
34	62	0	0	0	0	316.033	1469
34	61	0	0	0	0	324.642	1470
33	61	0	0	0	0	347.689	1471
34	61	0	0	0	0	345.058	1472
34	60	0	0	0	0	328.223	1473
34	60	0	0	0	0	311.522	1474
34	63	0	0	0	0	352.663	1475
35	63	0	0	0	0	363.827	1476
35	64	0	0	0	0	328.124	1477
34	64	0	0	0	0	367.087	1478
35	66	0	0	0	0	301.148	1479
37	65	0	0	0	0	332.904	1480
37	61	0	0	0	0	316.53	1481
39	61	0	0	0	0	371.643	1482
40	61	0	0	0	0	359.123	1483
40	61	0	0	0	0	347.338	1484
35	61	0	0	0	0	279.898	1485
35	62	0	0	0	0	360.249	1486
36	62	0	0	0	0	340.459	1487
35	62	0	0	0	0	345.944	1488
35	63	0	0	0	0	362.362	1489
35	63	0	0	0	0	315.926	1490
35	62	0	0	0	0	348.481	1491
35	61	0	0	0	0	326.698	1492
35	61	0	0	0	0	330.5	1493
39	61	0	0	0	0	329.872	1494
39	61	0	0	0	0	331.804	1495
39	59	0	0	0	0	346.166	1496
40	58	0	0	0	0	347.143	1497
40	55	0	0	0	0	337.232	1498
41	54	0	0	0	0	327.206	1499
41	54	0	0	0	0	293.086	1500
42	57	0	0	0	0	357.909	1501
43	57	0	0	0	0	322.24	1502
43	57	0	0	0	0	351.356	1503
42	57	0	0	0	0	338.702	1504
41	56	0	0	0	0	308.442	1505
42	56	0	0	0	0	329.877	1506
41	55	0	0	0	0	304.056	1507
42	58	0	0	0	0	343.831	1508
43	57	0	0	0	0	296.591	1509
40	56	0	0	0	0	310.926	1510
40	56	0	0	0	0	352.678	1511
42	55	0	0	0	0	339.091	1512
43	54	0	0	0	0	326.381	1513
43	54	0	0	0	0	315.077	1514
44	54	0	0	0	0	354.042	1515
45	54	0	0	0	0	358.475	1516
45	54	0	0	0	0	337.737	1517
45	54	0	0	0	0	343.085	1518
45	54	0	0	0	0	379.053	1519
46	54	0	0	0	0	346.096	1520
47	55	0	0	0	0	368.678	1521
48	55	0	0	0	0	362.809	1522
48	55	0	0	0	0	356.384	1523
48	55	0	0	0	0	379.829	1524
47	54	0	0	0	0	372.08	1525
47	53	0	0	0	0	373.719	1526
47	52	0	0	0	0	305.095	1527
48	52	0	0	0	0	311.65	1528
47	52	0	0	0	0	352.595	1529
47	52	0	0	0	0	369.666	1530
47	53	0	0	0	0	370.116	1531
47	53	0	0	0	0	320.464	1532
51	52	0	0	0	0	375.104	1533
53	52	0	0	0	0	388.695	1534
53	54	0	0	0	0	324.784	1535
54	54	0	0	0	0	395.898	1536
55	54	0	0	0	0	364.62	1537
56	54	0	0	0	0	365.666	1538
58	54	0	0	0	0	410.868	1539
58	54	0	0	0	0	411.581	1540
59	52	0	0	0	0	397.697	1541
59	51	0	0	0	0	366.843	1542
61	62	0	0	0	0	405.199	1543
60	63	0	0	0	0	422.363	1544
61	65	0	0	0	0	418.895	1545
60	64	0	0	0	0	420.828	1546
59	63	0	0	0	0	427.604	1547
59	63	0	0	0	0	421.316	1548
59	61	0	0	0	0	439.024	1549
60	61	0	0	0	0	420.928	1550
59	61	0	0	0	0	430.78	1551
57	61	0	0	0	0	382.234	1552
58	61	0	0	0	0	419.682	1553
56	62	0	0	0	0	416.694	1554
56	62	0	0	0	0	414.899	1555
56	60	0	0	0	0	408.758	1556
56	60	0	0	0	0	413.826	1557
56	60	0	0	0	0	407.543	1558
56	60	0	0	0	0	408.199	1559
56	58	0	0	0	0	394.435	1560
57	59	0	0	0	0	423.181	1561
58	60	0	0	0	0	413.684	1562
58	61	0	0	0	0	438.34	1563
59	62	0	0	0	0	358.233	1564
59	62	0	0	0	0	407.307	1565
60	61	0	0	0	0	434.111	1566
60	61	0	0	0	0	429.681	1567
61	62	0	0	0	0	427.56	1568
61	61	0	0	0	0	429.511	1569
60	61	0	0	0	0	428.739	1570
55	60	0	0	0	0	413.254	1571
56	60	0	0	0	0	405.285	1572
56	55	0	0	0	0	372.926	1573
56	56	0	0	0	0	410.299	1574
56	57	0	0	0	0	411.892	1575
56	57	0	0	0	0	403.447	1576
55	57	0	0	0	0	388.487	1577
57	59	0	0	0	0	410.248	1578
58	58	0	0	0	0	406.128	1579
59	58	0	0	0	0	386.155	1580
57	60	0	0	0	0	405.297	1581
58	61	0	0	0	0	434.187	1582
58	61	0	0	0	0	414.484	1583
59	60	0	0	0	0	394.322	1584
60	60	0	0.333333	0	1	388.114	1585
60	60	0	0.333333	0	1	438.195	1586
59	60	0	0.333333	0	1	418.993	1587
60	59	0	0.333333	0	1	454.015	1588
60	59	0	0.333333	0	1	418.585	1589
60	60	0	0.333333	0	1	416.694	1590
60	61	0	0.333333	0	1	433.02	1591
61	60	0	0.333333	0	1	439.43	1592
61	58	0	0.333333	0	1	421.715	1593
61	60	0	0.333333	0	1	433.747	1594
61	59	0	0.333333	0	1	426.632	1595
61	59	0	0.333333	0	1	418.99	1596
61	59	0	0.333333	0	1	423.689	1597
61	59	0	0.333333	0	1	430.158	1598
62	59	0	0.333333	0	1	438.83	1599
62	59	0	0.333333	0	1	412.492	1600
62	59	0	0.333333	0	1	425.607	1601
62	59	0	0.333333	0	1	422.285	1602
62	60	0	0.333333	0	1	435.831	1603
62	59	0	0.333333	0	1	425.255	1604
62	60	0	0.333333	0	1	420.183	1605
62	57	0	0.333333	0	1	428.746	1606
62	55	0	0.333333	0	1	388.351	1607
61	55	0	0.333333	0	1	400.807	1608
62	56	0	0.333333	0	1	395.46	1609
62	57	0	0.333333	0	1	448.507	1610
62	56	0	0.333333	0	1	422.786	1611
62	56	0	0.333333	0	1	393.439	1612
62	56	0	0.333333	0	1	403.334	1613
56	57	0	0.333333	0	1	395.999	1614
56	57	0	0.333333	0	1	431.923	1615
58	58	0	0.333333	0	1	436.578	1616
58	58	0	0.333333	0	1	398.335	1617
63	59	0	0.333333	0	1	429.477	1618
63	58	0	0.333333	0	1	437.743	1619
63	58	0	0.333333	0	1	433.608	1620
63	58	0	0.333333	0	1	399.678	1621
63	58	0	0.333333	0	1	392.581	1622
62	59	0	0.333333	0	1	402.224	1623
49	33	0	0	0	0	288.044	1624
50	33	0	0	0	0	302.842	1625
50	34	0	0	0	0	318.263	1626
51	35	0	0	0	0	297.671	1627
40	35	0	0	0	0	269.036	1628
40	35	0	0	0	0	259.061	1629
40	35	0	0	0	0	267.566	1630
40	35	0	0	0	0	266.635	1631
36	35	0	0	0	0	247.735	1632
34	35	0	0	0	0	250.251	1633
33	35	0	0	0	0	238.025	1634
33	34	0	0	0	0	248.592	1635
32	34	0	0	0	0	230.93	1636
30	35	0	0	0	0	218.316	1637
30	35	0	0	0	0	231.052	1638
31	35	0	0	0	0	249.587	1639
30	35	0	0	0	0	234.334	1640
31	36	0	0	0	0	227.355	1641
31	33	0	0	0	0	208.103	1642
32	33	0	0	0	0	236.587	1643
30	33	0	0	0	0	226.304	1644
29	33	0	0	0	0	210.007	1645
30	33	0	0	0	0	225.656	1646
31	32	0	0	0	0	216.226	1647
31	32	0	0	0	0	212.932	1648
31	33	0	0	0	0	237.793	1649
28	33	0	0	0	0	213.497	1650
27	32	0	0	0	0	214.801	1651
26	32	0	0	0	0	204.245	1652
25	32	0	0	0	0	205.377	1653
25	31	0	0	0	0	201.008	1654
24	31	0	0	0	0	190.39	1655
24	31	0	0	0	0	183.65	1656
24	31	0	0	0	0	192.447	1657
23	31	0	0	0	0	186.191	1658
23	31	0	0	0	0	196.649	1659
