unique_top_cov	unique_bot_cov	redundant_top_cov	redundant_bot_cov	raw_redundant_top_cov	raw_redundant_bot_cov	e_value	position
5	0	0	0	0	0	nan	1
5	0	0	0	0	0	nan	2
5	0	0	0	0	0	nan	3
5	2	0	0	0	0	7.1482	4
5	2	0	0	0	0	12.0842	5
5	2	0	0	0	0	14.6988	6
5	2	0	0	0	0	15.9084	7
5	2	0	0	0	0	17.3795	8
5	2	0	0	0	0	17.4255	9
5	2	0	0	0	0	17.3101	10
5	2	0	0	0	0	18.3488	11
5	4	0	0	0	0	18.5347	12
5	4	0	0	0	0	16.3044	13
5	4	0	0.333333	0	1	24.4214	14
5	4	0	0.333333	0	1	25.7416	15
5	4	0	0.333333	0	1	22.2758	16
5	4	0	0.333333	0	1	26.2436	17
5	4	0	0.333333	0	1	25.8301	18
5	4	0	0.333333	0	1	26.4044	19
5	4	0	0.333333	0	1	22.194	20
5	4	0	0.333333	0	1	26.3841	21
5	4	0	0.333333	0	1	26.6151	22
5	4	0	0.333333	0	1	25.4448	23
5	4	0	0.333333	0	1	24.275	24
5	4	0	0.333333	0	1	27.682	25
5	4	0	0.333333	0	1	26.2904	26
5	4	0	0.333333	0	1	25.9478	27
5	4	0	0.333333	0	1	25.8036	28
5	4	0	0.333333	0	1	26.2622	29
5	4	0	0.333333	0	1	21.5393	30
5	4	0	0.333333	0	1	24.3588	31
5	4	0	0.333333	0	1	26.6048	32
5	4	0	0.333333	0	1	26.5353	33
5	4	0	0.333333	0	1	26.3172	34
5	4	0	0.333333	0	1	27.6604	35
5	4	0	0.333333	0	1	27.8678	36
5	5	0	0.333333	0	1	27.5221	37
5	5	0	0.333333	0	1	27.8094	38
5	5	0	0.333333	0	1	22.7275	39
5	5	0	0.333333	0	1	28.5243	40
5	5	0	0.333333	0	1	28.2251	41
5	5	0	0.333333	0	1	30.5421	42
5	5	0	0.333333	0	1	29.3311	43
5	5	0	0.333333	0	1	27.6981	44
5	5	0	0.333333	0	1	30.4789	45
5	5	0	0.333333	0	1	31.9669	46
5	5	0	0.333333	0	1	30.1643	47
5	5	0	0.333333	0	1	28.3073	48
5	6	0	0.333333	0	1	30.2412	49
5	6	0	0.333333	0	1	30.5384	50
5	6	0	0.333333	0	1	30.5384	51
5	6	0	0.333333	0	1	34.1745	52
5	6	0	0.333333	0	1	33.7839	53
6	6	0	0.333333	0	1	32.1111	54
6	6	0	0.333333	0	1	33.9424	55
6	6	0	0.333333	0	1	34.2049	56
7	6	0	0.333333	0	1	34.3762	57
7	6	0	0.333333	0	1	43.1236	58
7	6	0	0.333333	0	1	42.1715	59
7	6	0	0.333333	0	1	41.1569	60
7	7	0	0.333333	0	1	43.7201	61
7	7	0	0.333333	0	1	44.7655	62
8	7	0	0.333333	0	1	45.5846	63
8	7	0	0.333333	0	1	42.4499	64
8	7	0	0	0	0	37.5269	65
8	7	0	0	0	0	51.8472	66
8	7	0	0	0	0	50.832	67
8	7	0	0	0	0	48.2418	68
8	7	0	0	0	0	45.9873	69
8	7	0	0	0	0	46.283	70
8	7	0	0	0	0	49.516	71
8	7	0	0	0	0	49.862	72
8	7	0	0	0	0	49.7934	73
8	7	0	0	0	0	46.0475	74
8	7	0	0	0	0	49.6021	75
8	7	0	0	0	0	47.0432	76
8	7	0	0	0	0	49.1776	77
8	7	0	0	0	0	50.7329	78
8	7	0	0	0	0	48.6418	79
8	7	0	0	0	0	49.7949	80
8	7	0	0	0	0	46.4289	81
8	7	0	0	0	0	49.8361	82
9	7	0	0	0	0	49.9096	83
9	7	0	0	0	0	49.8361	84
9	7	0	0	0	0	52.0358	85
9	7	0	0	0	0	55.773	86
10	7	0	0	0	0	52.8809	87
10	7	0	0	0	0	53.7091	88
10	8	0	0	0	0	50.459	89
10	8	0	0	0	0	60.9847	90
11	8	0	0	0	0	59.0824	91
11	8	0	0	0	0	57.836	92
11	8	0	0	0	0	65.8877	93
11	8	0	0	0	0	60.4287	94
11	8	0	0	0	0	58.8773	95
11	8	0	0	0	0	54.7212	96
11	8	0	0	0	0	61.4103	97
11	8	0	0	0	0	56.6001	98
11	8	0	0	0	0	66.2149	99
11	8	0	0	0	0	63.1951	100
11	9	0	0	0	0	64.275	101
11	9	0	0	0	0	60.0754	102
11	9	0	0	0	0	64.4364	103
11	9	0	0	0	0	62.7036	104
11	9	0	0	0	0	68.3105	105
11	9	0	0	0	0	66.805	106
11	9	0	0	0	0	66.3782	107
11	9	0	0	0	0	67.1985	108
11	9	0	0	0	0	67.5993	109
11	9	0	0	0	0	61.0384	110
12	9	0	0	0	0	68.215	111
12	9	0	0	0	0	57.7287	112
12	9	0	0	0	0	69.2276	113
12	9	0	0	0	0	71.7922	114
12	9	0	0	0	0	67.0236	115
12	9	0	0	0	0	74.6388	116
13	9	0	0	0	0	69.4859	117
13	10	0	0	0	0	74.4709	118
13	10	0	0	0	0	64.9021	119
11	11	0	0	0	0	70.4022	120
11	11	0	0	0	0	72.753	121
11	12	0	0	0	0	73.9855	122
11	12	0	0	0	0	79.1603	123
11	12	0	0	0	0	71.8503	124
11	12	0	0	0	0	78.5078	125
11	12	0	0	0	0	66.8423	126
13	12	0	0	0	0	74.9262	127
13	12	0	0	0	0	83.776	128
13	12	0	0	0	0	77.2158	129
13	12	0	0	0	0	73.6938	130
13	16	0	0	0	0	87.6808	131
13	16	0	0	0	0	94.371	132
14	16	0	0	0	0	91.0184	133
15	15	0	0	0	0	97.0887	134
15	15	0	0	0	0	104.781	135
16	15	0	0	0	0	105.328	136
16	15	0	0	0	0	100.096	137
15	15	0	0	0	0	96.0633	138
14	15	0	0	0	0	101.432	139
12	15	0	0	0	0	86.1767	140
12	15	0	0	0	0	90.109	141
12	15	0	0	0	0	90.5185	142
12	16	0	0	0	0	89.4783	143
12	15	0	0	0	0	92.1105	144
12	15	0	0	0	0	90.431	145
12	15	0	0	0	0	86.0084	146
12	15	0	0	0	0	86.4904	147
13	15	0	0	0	0	90.6085	148
13	15	0	0	0	0	90.0786	149
13	15	0	0	0	0	87.2782	150
13	15	0	0	0	0	92.7985	151
13	15	0	0	0	0	98.9531	152
13	15	0	0	0	0	104.93	153
14	15	0	0	0	0	89.763	154
14	15	0	0	0	0	91.6906	155
14	15	0	0	0	0	97.8403	156
16	15	0	0	0	0	98.3506	157
18	15	0	0	0	0	106.347	158
18	15	0	0	0	0	109.119	159
18	15	0	0	0	0	106.454	160
18	15	0	0	0	0	104.854	161
18	13	0	0	0	0	99.3717	162
18	13	0	0	0	0	108.482	163
18	12	0	0	0	0	100.263	164
18	12	0	0	0	0	106.509	165
18	13	0	0	0	0	99.799	166
18	13	0	0	0	0	100.725	167
18	14	0	0	0	0	98.3055	168
18	13	0	0	0	0	114.147	169
18	13	0	0	0	0	101.756	170
18	13	0	0	0	0	110.996	171
18	13	0	0	0	0	109.451	172
18	13	0	0	0	0	114.82	173
18	13	0	0	0	0	110.529	174
18	13	0	0	0	0	103.433	175
18	14	0	0	0	0	104.405	176
18	14	0	0	0	0	110.818	177
18	14	0	0	0	0	99.3149	178
18	14	0	0	0	0	113.209	179
18	14	0	0	0	0	109.262	180
18	14	0	0	0	0	111.428	181
18	14	0	0	0	0	109.095	182
18	14	0	0	0	0	109.592	183
18	14	0	0	0	0	106.747	184
18	15	0	0	0	0	114.268	185
18	15	0	0	0	0	122.757	186
18	15	0	0	0	0	107.575	187
18	14	0	0	0	0	111.07	188
18	14	0	0	0	0	108.727	189
18	14	0	0	0	0	115.571	190
18	14	0	0	0	0	112.598	191
18	14	0	0	0	0	114.472	192
18	14	0	0	0	0	105.004	193
18	14	0	0	0	0	121.135	194
18	14	0	0	0	0	114.292	195
18	14	0	0	0	0	116.003	196
18	14	0	0	0	0	118.341	197
18	14	0	0	0	0	110.044	198
18	14	0	0	0	0	109.258	199
18	14	0	0	0	0	103.985	200
18	14	0	0	0	0	111.198	201
18	14	0	0	0	0	116.888	202
18	14	0	0	0	0	106.819	203
18	14	0	0	0	0	116.599	204
18	14	0	0	0	0	108.515	205
18	14	0	0	0	0	99.7904	206
16	14	0	0	0	0	105.189	207
16	14	0	0	0	0	112.319	208
16	14	0	0	0	0	108.395	209
16	14	0	0	0	0	104.631	210
16	14	0	0	0	0	102.854	211
17	13	0	0	0	0	105.458	212
17	13	0	0	0	0	105.491	213
17	13	0	0	0	0	100.726	214
17	13	0	0	0	0	101.578	215
17	12	0	0	0	0	104.298	216
19	12	0	0	0	0	97.044	217
20	13	0	0	0	0	113.956	218
20	13	0	0	0	0	115.039	219
20	13	0	0	0	0	125.059	220
20	13	0	0	0	0	104.952	221
21	14	0	0	0	0	117.915	222
21	14	0	0	0	0	113.956	223
21	14	0	0	0	0	113.192	224
21	14	0	0	0	0	119.943	225
21	13	0	0	0	0	112.429	226
21	13	0	0	0	0	122.157	227
21	13	0	0	0	0	115.162	228
20	13	0	0	0	0	113.698	229
20	13	0	0	0	0	103.983	230
20	13	0	0	0	0	105.751	231
20	13	0	0	0	0	105.147	232
19	13	0	0	0	0	114.469	233
19	13	0	0	0	0	113.992	234
19	13	0	0	0	0	111.498	235
18	13	0	0	0	0	106.19	236
18	14	0	0	0	0	92.2305	237
18	15	0	0	0	0	96.192	238
18	15	0	0	0	0	87.7373	239
19	15	0	0	0	0	93.9764	240
17	15	0	0	0	0	97.0982	241
17	14	0	0	0	0	81.4572	242
18	14	0	0	0	0	98.912	243
19	15	0	0	0	0	109.442	244
19	15	0	0	0	0	117.408	245
20	15	0	0	0	0	118.677	246
20	15	0	0	0	0	101.451	247
18	17	0	0	0	0	114.671	248
18	17	0	0	0	0	107.848	249
18	17	0	0	0	0	112.941	250
18	16	0	0	0	0	122.925	251
18	16	0	0	0	0	123.991	252
18	15	0	0	0	0	120.65	253
18	15	0	0	0	0	116.99	254
18	15	0	0	0	0	115.796	255
20	15	0	0	0	0	119.67	256
20	15	0	0	0	0	113.725	257
20	15	0	0	0	0	109.274	258
21	15	0	0	0	0	121.017	259
22	15	0	0	0	0	132.449	260
22	15	0	0	0	0	126.598	261
22	14	0	0	0	0	127.85	262
22	13	0	0	0	0	122.485	263
22	13	0	0	0	0	122.099	264
22	13	0	0	0	0	117.439	265
22	14	0	0	0	0	132.163	266
22	14	0	0	0	0	128.304	267
22	14	0	0	0	0	127.138	268
22	14	0	0	0	0	116.577	269
23	14	0	0	0	0	109.71	270
22	14	0	0	0	0	115.684	271
22	14	0	0	0	0	116.748	272
21	14	0	0	0	0	121.303	273
21	14	0	0	0	0	122.629	274
21	14	0	0	0	0	114.231	275
21	14	0	0	0	0	121.252	276
21	14	0	0	0	0	125.238	277
22	14	0	0	0	0	119.349	278
22	14	0	0	0	0	120.28	279
22	14	0	0	0	0	112.019	280
22	13	0	0	0	0	118.667	281
22	12	0	0	0	0	117.034	282
21	12	0	0	0	0	116.986	283
21	12	0	0	0	0	110.13	284
21	12	0	0	0	0	104.784	285
20	12	0	0	0	0	115.1	286
20	12	0	0	0	0	105.962	287
19	12	0	0	0	0	107.1	288
19	12	0	0	0	0	112.503	289
19	13	0	0	0	0	107.366	290
19	13	0	0	0	0	109.701	291
19	13	0	0	0	0	114.277	292
19	13	0	0	0	0	117.01	293
20	12	0	0	0	0	86.9855	294
20	12	0	0	0	0	108.94	295
20	12	0	0	0	0	104.778	296
20	12	0	0	0	0	106.792	297
19	12	0	0	0	0	109.571	298
20	14	0	0	0	0	112.187	299
19	14	0	0	0	0	106.168	300
19	14	0	0	0	0	82.6044	301
19	14	0	0	0	0	88.199	302
19	13	0	0	0	0	80.8039	303
19	12	0	0	0	0	87.7286	304
19	12	0	0	0	0	86.7157	305
19	12	0	0	0	0	87.4877	306
17	12	0	0	0	0	81.7639	307
16	12	0	0	0	0	78.5229	308
16	12	0	0	0	0	87.8767	309
16	14	0	0	0	0	102.293	310
16	14	0	0	0	0	105.854	311
16	14	0	0	0	0	103.362	312
17	14	0	0	0	0	96.3989	313
17	14	0	0	0	0	91.2644	314
17	14	0	0	0	0	95.5197	315
17	13	0	0	0	0	104.857	316
17	13	0	0	0	0	104.051	317
17	13	0	0	0	0	97.2273	318
17	13	0	0	0	0	102.796	319
17	13	0	0	0	0	99.5568	320
17	13	0	0	0	0	101.028	321
17	13	0	0	0	0	104.306	322
17	13	0	0	0	0	110.544	323
17	13	0	0	0	0	108.385	324
17	13	0	0	0	0	103.812	325
17	14	0	0	0	0	90.6128	326
17	14	0	0	0	0	90.6677	327
17	15	0	0	0	0	97.5145	328
17	15	0	0	0	0	116.287	329
17	14	0	0	0	0	109.368	330
17	14	0	0	0	0	113.956	331
17	14	0	0	0	0	93.6673	332
17	14	0	0	0	0	95.7464	333
17	14	0	0	0	0	116.522	334
18	14	0	0	0	0	112.532	335
18	16	0	0	0	0	111.179	336
18	16	0	0	0	0	117.059	337
18	16	0	0	0	0	109.437	338
18	16	0	0	0	0	117.184	339
18	16	0	0	0	0	112.412	340
18	17	0	0	0	0	114.998	341
18	17	0	0	0	0	120.225	342
18	17	0	0	0	0	113.47	343
18	17	0	0	0	0	120.898	344
16	17	0	0	0	0	111.427	345
16	17	0	0	0	0	120.646	346
16	17	0	0	0	0	115.606	347
17	17	0	0	0	0	112.286	348
18	17	0	0	0	0	116.489	349
18	17	0	0	0	0	127.124	350
19	17	0	0	0	0	132.752	351
20	17	0	0	0	0	110.648	352
19	17	0	0	0	0	128.912	353
19	17	0	0	0	0	131.51	354
19	17	0	0	0	0	120.369	355
19	20	0	0	0	0	130.497	356
19	20	0	0	0	0	126.47	357
20	20	0	0	0	0	128.449	358
20	21	0	0	0	0	122.983	359
20	21	0	0	0	0	114.6	360
20	22	0	0	0	0	143.814	361
20	22	0	0	0	0	150.946	362
20	22	0	0	0	0	140.763	363
20	22	0	0	0	0	145.907	364
18	22	0	0	0	0	138.84	365
18	21	0	0	0	0	132.352	366
17	21	0	0	0	0	137.187	367
17	21	0	0	0	0	144.973	368
17	21	0	0	0	0	122.959	369
17	21	0	0	0	0	128.569	370
17	20	0	0	0	0	124.474	371
17	20	0	0	0	0	135.995	372
17	20	0	0	0	0	137.749	373
17	20	0	0	0	0	126.401	374
17	20	0	0	0	0	135.543	375
17	21	0	0	0	0	128.132	376
17	21	0	0	0	0	127.652	377
17	21	0	0	0	0	127.297	378
17	21	0	0	0	0	132.103	379
17	21	0	0	0	0	129.948	380
17	21	0	0	0	0	143.64	381
17	21	0	0	0	0	121.973	382
17	21	0	0	0	0	128.883	383
17	19	0	0	0	0	123.521	384
17	19	0	0	0	0	129.277	385
17	19	0	0	0	0	116.754	386
17	17	0	0	0	0	115.883	387
17	17	0	0	0	0	122.577	388
17	17	0	0	0	0	112.521	389
17	17	0	0	0	0	117.774	390
17	17	0	0	0	0	120.992	391
17	18	0	0	0	0	114.81	392
17	18	0	0	0	0	110.927	393
15	18	0	0	0	0	119.698	394
15	18	0	0	0	0	106.685	395
16	18	0	0	0	0	107.818	396
16	18	0	0	0	0	120.864	397
16	18	0	0	0	0	128.944	398
17	19	0	0	0	0	119.865	399
17	23	0	0	0	0	118.399	400
17	23	0	0	0	0	122.697	401
17	23	0	0	0	0	141.786	402
17	23	0	0	0	0	137.456	403
16	23	0	0	0	0	135.358	404
15	23	0	0	0	0	134.405	405
13	23	0	0	0	0	131.656	406
13	24	0	0	0	0	135.064	407
13	24	0	0	0	0	131.388	408
13	25	0	0	0	0	139.726	409
15	25	0	0	0	0	139.322	410
15	24	0	0	0	0	131.566	411
15	24	0	0	0	0	121.792	412
15	24	0	0	0	0	135.002	413
14	24	0	0	0	0	127.637	414
14	24	0	0	0	0	131.292	415
14	24	0	0	0	0	132.459	416
13	24	0	0	0	0	121.077	417
13	24	0	0	0	0	131.344	418
13	24	0	0	0	0	135.349	419
13	25	0	0	0	0	129.446	420
13	25	0	0	0	0	132.876	421
13	25	0	0	0	0	130.958	422
13	25	0	0	0	0	135.136	423
13	29	0	0	0	0	130.549	424
14	28	0	0	0	0	133.759	425
14	30	0	0	0	0	138.559	426
14	30	0	0	0	0	140.004	427
14	30	0	0	0	0	147.131	428
14	31	0	0	0	0	157.535	429
14	31	0	0	0	0	143.905	430
14	30	0	0	0	0	134.21	431
15	30	0	0	0	0	142.581	432
12	30	0	0	0	0	144.383	433
13	30	0	0	0	0	146.081	434
13	30	0	0	0	0	143.958	435
13	30	0	0	0	0	159.766	436
13	30	0	0	0	0	150.182	437
12	30	0	0	0	0	146.345	438
12	30	0	0	0	0	151.748	439
12	30	0	0	0	0	152.388	440
13	30	0	0	0	0	138.045	441
13	29	0	0	0	0	145.749	442
13	29	0	0	0	0	147.473	443
13	29	0	0	0	0	150.525	444
13	29	0	0	0	0	153.69	445
13	29	0	0	0	0	134.822	446
13	29	0	0	0	0	155.362	447
13	28	0	0	0	0	135.092	448
12	27	0	0	0	0	133.326	449
13	27	0	0	0	0	136.997	450
12	27	0	0	0	0	131.987	451
12	27	0	0	0	0	125.36	452
12	28	0	0	0	0	133.251	453
12	28	0	0	0	0	130.056	454
12	28	0	0	0	0	129.868	455
12	28	0	0	0	0	139.498	456
12	28	0	0	0	0	130.801	457
12	28	0	0	0	0	131.416	458
12	28	0	0	0	0	135.518	459
12	27	0	0	0	0	131.223	460
12	27	0	0	0	0	127.179	461
13	27	0	0	0	0	121.942	462
13	27	0	0	0	0	139.894	463
13	27	0	0	0	0	143.635	464
13	27	0	0	0	0	138.434	465
13	27	0	0	0	0	136.664	466
13	27	0	0	0	0	125.493	467
13	27	0	0	0	0	130.035	468
13	27	0	0	0	0	140.992	469
13	26	0	0	0	0	140.576	470
13	26	0	0	0	0	144.292	471
13	26	0	0	0	0	138.639	472
13	26	0	0	0	0	130.777	473
13	26	0	0	0	0	135.032	474
13	26	0	0	0	0	139.154	475
13	26	0	0	0	0	146.96	476
13	26	0	0	0	0	130.833	477
14	24	0	0	0	0	125.106	478
14	24	0	0	0	0	128.558	479
14	23	0	0	0	0	106.545	480
14	23	0	0	0	0	118.463	481
14	23	0	0	0	0	122.24	482
14	23	0	0	0	0	119.984	483
14	22	0	0	0	0	118.318	484
13	23	0	0	0	0	120.379	485
13	22	0	0	0	0	122.776	486
13	22	0	0	0	0	122.587	487
13	22	0	0	0	0	119.712	488
14	22	0	0	0	0	117.523	489
14	22	0	0	0	0	109.604	490
14	21	0	0	0	0	120.739	491
14	22	0	0	0	0	122.947	492
14	22	0	0	0	0	115.011	493
15	22	0	0	0	0	128.13	494
16	23	0	0	0	0	134.088	495
16	23	0	0	0	0	127.115	496
16	21	0	0	0	0	131.394	497
16	21	0	0	0	0	121.003	498
15	21	0	0	0	0	127.736	499
15	21	0	0	0	0	128.452	500
15	21	0	0	0	0	130.512	501
15	21	0	0	0	0	136.636	502
15	21	0	0	0	0	125.356	503
15	21	0	0	0	0	121.106	504
15	21	0	0	0	0	127.921	505
15	20	0	0	0	0	115.166	506
15	20	0	0	0	0	125.163	507
15	21	0	0	0	0	127.088	508
15	21	0	0	0	0	123.925	509
16	21	0	0	0	0	117.171	510
16	20	0	0	0	0	133.937	511
16	20	0	0	0	0	127.697	512
16	20	0	0	0	0	128.312	513
16	20	0	0	0	0	136.866	514
16	20	0	0	0	0	122.937	515
16	20	0	0	0	0	134.648	516
17	20	0	0	0	0	115.357	517
17	19	0	0	0	0	110.308	518
17	19	0	0	0	0	125.281	519
17	19	0	0	0	0	107.854	520
17	19	0	0	0	0	123.909	521
17	19	0	0	0	0	113.534	522
17	18	0	0	0	0	111.012	523
17	18	0	0	0	0	115.994	524
17	19	0	0	0	0	120.49	525
17	21	0	0	0	0	110.082	526
18	20	0	0	0	0	108.232	527
18	23	0	0	0	0	114.629	528
18	24	0	0	0	0	117.445	529
18	28	0	0	0	0	115.474	530
18	28	0	0	0	0	122.986	531
17	28	0	0	0	0	121.236	532
17	27	0	0	0	0	120.681	533
18	27	0	0	0	0	118.501	534
17	27	0	0	0	0	109.3	535
17	27	0	0	0	0	149.316	536
16	26	0	0	0	0	139.399	537
16	25	0	0	0	0	151.994	538
15	25	0	0	0	0	140.169	539
15	24	0	0	0	0	140.234	540
14	24	0	0	0	0	131.133	541
14	23	0	0	0	0	133.383	542
14	23	0	0	0	0	115.354	543
14	23	0	0	0	0	120.579	544
14	23	0	0	0	0	114.078	545
14	23	0	0	0	0	121.216	546
15	22	0	0	0	0	119.946	547
15	22	0	0	0	0	118.809	548
15	21	0	0	0	0	118.933	549
15	21	0	0	0	0	117.085	550
15	21	0	0	0	0	117.656	551
15	21	0	0	0	0	114.991	552
15	21	0	0	0	0	122.763	553
15	21	0	0	0	0	127.902	554
15	21	0	0	0	0	128.435	555
16	21	0	0	0	0	119.114	556
16	21	0	0	0	0	120.7	557
16	21	0	0	0	0	129.015	558
16	20	0	0	0	0	124.954	559
16	20	0	0	0	0	135.626	560
16	20	0	0	0	0	132.124	561
16	20	0	0	0	0	127.539	562
16	20	0	0	0	0	125.286	563
16	21	0	0	0	0	125.105	564
16	22	0	0	0	0	121.802	565
17	22	0	0	0	0	125.733	566
17	22	0	0	0	0	139.895	567
17	22	0	0	0	0	136.039	568
17	22	0	0	0	0	133.419	569
16	22	0	0	0	0	134.024	570
16	22	0	0	0	0	133.527	571
16	22	0	0	0	0	140.275	572
16	22	0	0	0	0	123.875	573
14	19	0	0	0	0	104.762	574
13	19	0	0	0	0	111.253	575
13	19	0	0	0	0	102.781	576
13	19	0	0	0	0	88.7194	577
13	20	0	0	0	0	112.919	578
13	20	0	0	0	0	109.66	579
13	20	0	0	0	0	95.8173	580
14	20	0	0	0	0	112.161	581
13	20	0	0	0	0	109.285	582
13	20	0	0	0	0	103.148	583
13	21	0	0	0	0	120.097	584
13	21	0	0	0	0	126.138	585
13	21	0	0	0	0	122.628	586
13	21	0	0	0	0	119.217	587
13	21	0	0	0	0	122.508	588
13	21	0	0	0	0	101.163	589
13	21	0	0	0	0	123.565	590
13	21	0	0	0	0	113.136	591
13	20	0	0	0	0	117.707	592
13	20	0	0	0	0	114.814	593
14	20	0	0	0	0	107.178	594
14	20	0	0	0	0	108.898	595
14	20	0	0	0	0	113.292	596
14	20	0	0	0	0	110.168	597
15	19	0	0	0	0	108.71	598
15	18	0	0	0	0	105.777	599
15	18	0	0	0	0	104.116	600
15	18	0	0	0	0	124.255	601
15	18	0	0	0	0	116.851	602
15	18	0	0	0	0	117.036	603
15	18	0	0	0	0	114.135	604
15	18	0	0	0	0	120.944	605
15	18	0	0	0	0	108.91	606
16	18	0	0	0	0	111.489	607
16	18	0	0	0	0	119.688	608
16	18	0	0	0	0	118.953	609
16	20	0	0	0	0	120.906	610
16	20	0	0	0	0	115.565	611
16	20	0	0	0	0	116.528	612
16	20	0	0	0	0	120.533	613
16	20	0	0	0	0	121.347	614
16	20	0	0	0	0	110.252	615
16	19	0	0	0	0	114.32	616
16	17	0	0	0	0	108.652	617
15	17	0	0	0	0	112.651	618
15	17	0	0	0	0	109.026	619
15	18	0	0	0	0	106.686	620
15	18	0	0	0	0	109.031	621
15	18	0	0	0	0	109.147	622
15	18	0	0	0	0	114.65	623
15	18	0	0	0	0	109.873	624
15	17	0	0	0	0	107.376	625
15	17	0	0	0	0	96.9527	626
15	17	0	0	0	0	86.1282	627
16	18	0	0	0	0	120.079	628
16	18	0	0	0	0	102.417	629
16	18	0	0	0	0	114.753	630
16	18	0	0	0	0	114.281	631
16	18	0	0	0	0	117.781	632
16	18	0	0	0	0	118.639	633
17	18	0	0	0	0	115.806	634
17	22	0	0	0	0	112.46	635
17	22	0	0	0	0	112.991	636
17	22	0	0	0	0	110.303	637
17	22	0	0	0	0	105.193	638
16	21	0	0	0	0	126.238	639
16	21	0	0	0	0	128.891	640
15	21	0	0	0	0	117.209	641
15	20	0	0	0	0	119.961	642
15	20	0	0	0	0	100.333	643
11	20	0	0	0	0	103.161	644
11	19	0	0	0	0	108.11	645
12	18	0	0	0	0	102.985	646
12	18	0	0	0	0	107.851	647
12	18	0	0	0	0	91.2432	648
12	18	0	0	0	0	108.551	649
12	18	0	0	0	0	106.905	650
13	18	0	0	0	0	99.3741	651
13	18	0	0	0	0	103.349	652
13	18	0	0	0	0	104.003	653
12	18	0	0	0	0	102.461	654
12	18	0	0	0	0	101.722	655
12	18	0	0	0	0	105.205	656
13	18	0	0	0	0	96.0767	657
13	17	0	0	0	0	102.299	658
13	17	0	0	0	0	100.903	659
13	17	0	0	0	0	103.606	660
13	17	0	0	0	0	94.1047	661
13	16	0	0	0	0	99.3214	662
13	16	0	0	0	0	97.1302	663
13	16	0	0	0	0	100.909	664
13	16	0	0	0	0	98.2756	665
13	16	0	0	0	0	98.1474	666
13	16	0	0	0	0	96.0797	667
13	16	0	0	0	0	99.2151	668
13	16	0	0	0	0	95.8813	669
13	16	0	0	0	0	100.876	670
13	15	0	0	0	0	94.0375	671
13	15	0	0	0	0	92.6786	672
14	15	0	0	0	0	96.86	673
14	15	0	0	0	0	91.3026	674
14	15	0	0	0	0	94.5626	675
14	13	0	0	0	0	95.6414	676
14	13	0	0	0	0	83.4634	677
14	13	0	0	0	0	99.1663	678
14	14	0	0	0	0	95.213	679
14	14	0	0	0	0	96.9163	680
15	14	0	0	0	0	94.7268	681
15	14	0	0	0	0	99.7063	682
15	14	0	0	0	0	94.1702	683
15	14	0	0	0	0	97.3914	684
15	14	0	0	0	0	102.377	685
15	14	0	0	0	0	104.061	686
15	14	0	0	0	0	98.8539	687
15	14	0	0	0	0	102.223	688
15	14	0	0	0	0	92.1838	689
15	16	0	0	0	0	88.5075	690
15	16	0	0	0	0	85.969	691
14	16	0	0	0	0	101.767	692
14	17	0	0	0	0	87.7751	693
14	18	0	0	0	0	90.9617	694
14	18	0	0	0	0	89.4562	695
14	18	0	0	0	0	82.6896	696
14	18	0	0	0	0	96.1338	697
14	18	0	0	0	0	92.2872	698
12	17	0	0	0	0	101.02	699
12	18	0	0	0	0	94.6347	700
11	18	0	0	0	0	98.2539	701
11	18	0	0	0	0	102.416	702
12	18	0	0	0	0	78.5953	703
11	17	0	0	0	0	83.3836	704
11	17	0	0	0	0	84.9914	705
10	17	0	0	0	0	78.3929	706
10	16	0	0	0	0	91.0196	707
10	16	0	0	0	0	90.0315	708
10	16	0	0	0	0	85.7984	709
10	16	0	0	0	0	80.4789	710
9	16	0	0	0	0	86.4001	711
9	16	0	0	0	0	88.9898	712
9	16	0	0	0	0	83.6161	713
9	15	0	0	0	0	84.4974	714
9	15	0	0	0	0	78.1644	715
8	15	0	0	0	0	79.5981	716
8	14	0	0	0	0	68.8365	717
8	14	0	0	0	0	75.1432	718
8	14	0	0	0	0	75.5411	719
8	14	0	0	0	0	80.6447	720
8	14	0	0	0	0	78.7629	721
8	14	0	0	0	0	76.1821	722
8	14	0	0	0	0	75.2552	723
7	14	0	0	0	0	65.8483	724
7	14	0	0	0	0	67.5891	725
7	14	0	0	0	0	63.8313	726
7	14	0	0	0	0	64.8702	727
7	12	0	0	0	0	65.1855	728
7	12	0	0	0	0	60.6228	729
7	12	0	0	0	0	55.175	730
6	12	0	0	0	0	51.5639	731
6	12	0	0	0	0	57.9122	732
7	12	0	0	0	0	56.9779	733
7	12	0	0	0	0	53.8978	734
7	12	0	0	0	0	60.635	735
7	12	0	0	0	0	59.0249	736
7	12	0	0	0	0	55.0705	737
7	12	0	0	0	0	47.5503	738
7	12	0	0	0	0	60.5675	739
7	12	0	0	0	0	66.6798	740
7	12	0	0	0	0	63.5792	741
7	12	0	0	0	0	59.7008	742
7	12	0	0	0	0	62.4769	743
6	12	0	0	0	0	57.1382	744
6	12	0	0	0	0	60.2896	745
6	12	0	0	0	0	48.2698	746
6	11	0	0	0	0	52.0848	747
6	11	0	0	0	0	55.0885	748
6	11	0	0	0	0	53.3471	749
6	11	0	0	0	0	51.6521	750
6	11	0	0	0	0	51.8529	751
6	11	0	0	0	0	52.5413	752
6	10	0	0	0	0	49.758	753
6	10	0	0	0	0	52.4456	754
6	10	0	0	0	0	48.169	755
7	10	0	0	0	0	49.0619	756
6	10	0	0	0	0	50.2248	757
6	10	0	0	0	0	54.9815	758
7	11	0	0	0	0	56.0119	759
7	11	0	0	0	0	57.1823	760
7	11	0	0	0	0	58.0104	761
7	11	0	0	0	0	52.3582	762
7	11	0	0	0	0	57.7552	763
7	11	0	0	0	0	60.3286	764
6	11	0	0	0	0	47.2257	765
6	11	0	0	0	0	50.5498	766
6	11	0	0	0	0	55.7008	767
6	11	0	0	0	0	53.7777	768
6	11	0	0	0	0	54.9036	769
6	11	0	0	0	0	56.9477	770
6	11	0	0	0	0	47.4549	771
6	9	0	0	0	0	47.9391	772
7	9	0	0	0	0	30.2232	773
7	7	0	0	0	0	46.2436	774
7	7	0	0	0	0	44.582	775
7	7	0	0	0	0	40.4988	776
7	7	0	0	0	0	43.6293	777
7	7	0	0	0	0	45.4957	778
7	7	0	0	0	0	36.2086	779
7	7	0	0	0	0	43.0244	780
7	7	0	0	0	0	45.2724	781
7	7	0	0	0	0	45.57	782
7	7	0	0	0	0	43.5858	783
7	7	0	0	0	0	42.7114	784
7	6	0	0	0	0	40.5041	785
8	6	0	0	0	0	43.6394	786
8	6	0	0	0	0	41.17	787
8	6	0	0	0	0	44.4688	788
8	6	0	0	0	0	46.0628	789
10	6	0	0	0	0	43.8599	790
11	6	0	0	0	0	50.2875	791
11	6	0	0	0	0	53.7544	792
11	6	0	0	0	0	59.2776	793
11	6	0	0	0	0	57.9595	794
11	6	0	0	0	0	58.0949	795
11	6	0	0	0	0	54.4862	796
11	6	0	0	0	0	56.96	797
11	6	0	0	0	0	53.2857	798
12	6	0	0	0	0	55.6826	799
12	6	0	0	0	0	55.4074	800
12	6	0	0	0	0	53.6792	801
12	6	0	0	0	0	61.3206	802
12	6	0	0	0	0	64.5003	803
12	6	0	0	0	0	58.3108	804
12	6	0	0	0	0	61.0172	805
13	6	0	0	0	0	64.579	806
13	6	0	0	0	0	59.4469	807
13	6	0	0	0	0	62.467	808
13	7	0	0	0	0	62.2736	809
13	7	0	0	0	0	51.5998	810
13	7	0	0	0	0	61.4101	811
13	7	0	0	0	0	68.0536	812
13	7	0	0	0	0	70.0023	813
13	7	0	0	0	0	63.5718	814
13	7	0	0	0	0	65.1002	815
13	7	0	0	0	0	59.6053	816
13	7	0	0	0	0	68.5376	817
13	7	0	0	0	0	66.5495	818
13	7	0	0	0	0	59.6849	819
13	7	0	0	0	0	59.6462	820
13	7	0	0	0	0	64.7079	821
13	7	0	0	0	0	66.5147	822
12	7	0	0	0	0	62.334	823
12	7	0	0	0	0	66.4115	824
12	7	0	0	0	0	62.1554	825
12	7	0	0	0	0	61.6716	826
12	7	0	0	0	0	65.0081	827
12	7	0	0	0	0	57.3112	828
12	7	0	0	0	0	54.2891	829
12	8	0	0	0	0	64.2655	830
11	8	0	0	0	0	65.327	831
12	8	0	0	0	0	66.581	832
13	8	0	0	0	0	58.7516	833
13	8	0	0	0	0	67.8234	834
13	8	0	0	0	0	68.4204	835
13	7	0	0	0	0	64.3225	836
13	7	0	0	0	0	65.1754	837
13	7	0	0	0	0	65.0423	838
13	7	0	0	0	0	51.2946	839
13	6	0	0	0	0	46.9234	840
10	6	0	0	0	0	48.1815	841
10	6	0	0	0	0	53.3758	842
10	6	0	0	0	0	46.7105	843
10	6	0	0	0	0	50.7927	844
11	6	0	0	0	0	54.2949	845
11	6	0	0	0	0	47.8996	846
11	6	0	0	0	0	52.4066	847
10	6	0	0	0	0	57.0389	848
11	6	0	0	0	0	48.7999	849
11	6	0	0	0	0	46.1977	850
11	6	0	0	0	0	58.6725	851
12	6	0	0	0	0	58.5266	852
12	6	0	0	0	0	56.5223	853
12	5	0	0	0	0	60.9234	854
12	5	0	0	0	0	59.133	855
12	5	0	0	0	0	46.6297	856
12	5	0	0	0	0	58.5773	857
12	5	0	0	0	0	58.8226	858
12	5	0	0	0	0	56.5878	859
12	5	0	0	0	0	51.2131	860
12	5	0	0	0	0	54.4995	861
12	5	0	0	0	0	58.0254	862
13	5	0	0	0	0	59.7959	863
13	5	0	0	0	0	62.8682	864
13	5	0	0	0	0	61.1169	865
14	5	0	0	0	0	55.2883	866
14	5	0	0	0	0	54.3119	867
14	5	0	0	0	0	59.4651	868
14	5	0	0	0	0	60.4392	869
14	5	0	0	0	0	53.5926	870
14	5	0	0	0	0	58.545	871
14	6	0	0	0	0	60.0058	872
14	6	0	0	0	0	54.7193	873
15	6	0	0	0	0	65.6368	874
16	6	0	0	0	0	70.0257	875
16	6	0	0	0	0	72.1574	876
16	7	0	0	0	0	65.2535	877
16	7	0	0	0	0	77.7148	878
16	7	0	0	0	0	70.5017	879
16	7	0	0	0	0	69.6375	880
16	7	0	0	0	0	70.6033	881
16	7	0	0	0	0	69.6623	882
16	6	0	0	0	0	72.3488	883
16	8	0	0	0	0	77.1285	884
15	8	0	0	0	0	69.5533	885
15	8	0	0	0	0	63.8769	886
15	8	0	0	0	0	75.4258	887
15	8	0	0	0	0	77.5766	888
15	8	0	0	0	0	79.3621	889
15	8	0	0	0	0	80.0693	890
15	9	0	0	0	0	80.5311	891
15	9	0	0	0	0	80.2629	892
15	9	0	0	0	0	81.7313	893
15	10	0	0	0	0	75.3054	894
14	10	0	0	0	0	81.3295	895
14	10	0	0	0	0	83.1652	896
14	11	0	0	0	0	82.4226	897
14	11	0	0	0	0	92.9867	898
14	11	0	0	0	0	76.331	899
14	11	0	0	0	0	83.7746	900
14	11	0	0	0	0	80.1489	901
14	11	0	0	0	0	88.0138	902
15	11	0	0	0	0	86.9473	903
16	11	0	0	0	0	89.471	904
16	11	0	0	0	0	90.4917	905
14	11	0	0	0	0	89.6913	906
14	11	0	0	0	0	81.4176	907
15	11	0	0	0	0	78.3646	908
15	10	0	0	0	0	78.9157	909
15	10	0	0	0	0	90.6268	910
15	10	0	0	0	0	84.035	911
15	10	0	0	0	0	87.2365	912
15	10	0	0	0	0	88.3653	913
14	10	0	0	0	0	84.0252	914
14	10	0	0	0	0	78.3081	915
14	10	0	0	0	0	79.9648	916
15	10	0	0	0	0	87.9498	917
15	11	0	0	0	0	79.8555	918
15	12	0	0	0	0	87.7924	919
15	12	0	0	0	0	81.9283	920
15	17	0	0	0	0	85.8277	921
15	17	0	0	0	0	104.532	922
15	17	0	0	0	0	114.129	923
15	17	0	0	0	0	113.231	924
15	17	0	0	0	0	107.393	925
15	16	0	0	0	0	103.655	926
15	16	0	0	0	0	105.874	927
13	16	0	0	0	0	94.9101	928
13	15	0	0	0	0	102.756	929
13	15	0	0	0	0	96.7976	930
13	15	0	0	0	0	99.4282	931
13	15	0	0	0	0	94.7391	932
13	15	0	0	0	0	104.765	933
13	15	0	0	0	0	90.1028	934
13	15	0	0	0	0	97.015	935
12	15	0	0	0	0	95.0123	936
12	15	0	0	0	0	91.9324	937
12	15	0	0	0	0	97.4162	938
12	15	0	0	0	0	93.3735	939
12	15	0	0	0	0	87.4778	940
12	15	0	0	0	0	99.7278	941
12	15	0	0	0	0	87.159	942
12	15	0	0	0	0	100.87	943
12	15	0	0	0	0	89.8353	944
12	15	0	0	0	0	101.114	945
12	15	0	0	0	0	97.4978	946
13	14	0	0	0	0	89.9328	947
13	14	0	0	0	0	85.4088	948
13	14	0	0	0	0	99.6601	949
14	14	0	0	0	0	98.813	950
14	14	0	0	0	0	98.901	951
14	14	0	0	0	0	99.501	952
14	14	0	0	0	0	102.916	953
14	14	0	0	0	0	97.3648	954
14	14	0	0	0	0	90.5616	955
14	14	0	0	0	0	101.06	956
15	14	0	0	0	0	99.1471	957
15	14	0	0	0	0	101.113	958
15	14	0	0	0	0	107.869	959
15	14	0	0	0	0	97.6917	960
15	14	0	0	0	0	87.5566	961
15	15	0	0	0	0	101.502	962
15	15	0	0	0	0	102.559	963
15	15	0	0	0	0	105.529	964
15	15	0	0	0	0	108.379	965
15	16	0	0	0	0	100.28	966
15	16	0	0	0	0	107.043	967
15	15	0	0	0	0	108.335	968
15	15	0	0	0	0	90.6444	969
14	15	0	0	0	0	93.9312	970
14	15	0	0	0	0	97.2544	971
14	15	0	0	0	0	89.4466	972
13	15	0	0	0	0	89.5172	973
13	17	0	0	0	0	91.8771	974
11	17	0	0	0	0	86.5628	975
11	17	0	0	0	0	98.3484	976
11	17	0	0	0	0	97.1929	977
11	17	0	0	0	0	100.434	978
11	17	0	0	0	0	102.066	979
11	17	0	0	0	0	77.1495	980
11	17	0	0	0	0	96.0589	981
11	17	0	0	0	0	100.85	982
11	17	0	0	0	0	95.7999	983
10	19	0	0	0	0	92.069	984
10	19	0	0	0	0	108.797	985
10	19	0	0	0	0	84.1866	986
10	19	0	0	0	0	83.22	987
10	19	0	0	0	0	78.8424	988
10	20	0	0	0	0	92.6067	989
10	20	0	0	0	0	91.9555	990
9	19	0	0	0	0	87.2604	991
9	19	0	0	0	0	91.5559	992
9	19	0	0	0	0	92.1039	993
9	19	0	0	0	0	100.111	994
8	19	0	0	0	0	80.8847	995
8	19	0	0	0	0	95.7856	996
8	19	0	0	0	0	94.4304	997
9	19	0	0	0	0	82.9087	998
9	19	0	0	0	0	79.4077	999
7	19	0	0	0	0	90.9244	1000
8	19	0	0	0	0	91.7632	1001
8	19	0	0	0	0	85.9301	1002
8	20	0	0	0	0	87.008	1003
9	20	0	0	0	0	91.5045	1004
9	20	0	0	0	0	90.0243	1005
9	19	0	0	0	0	89.0597	1006
9	18	0	0	0	0	89.9134	1007
10	18	0	0	0	0	86.4978	1008
10	17	0	0	0	0	99.5306	1009
11	17	0	0	0	0	92.9586	1010
11	17	0	0	0	0	88.0402	1011
12	16	0	0	0	0	100.377	1012
13	16	0	0	0	0	79.2047	1013
14	16	0	0	0	0	82.4547	1014
14	16	0	0	0	0	85.164	1015
15	16	0	0	0	0	100.151	1016
15	17	0	0	0	0	96.2341	1017
15	17	0	0	0	0	110.655	1018
15	17	0	0	0	0	104.879	1019
15	17	0	0	0	0	95.344	1020
15	17	0	0	0	0	107.378	1021
15	17	0	0	0	0	113.168	1022
15	17	0	0	0	0	96.8746	1023
15	16	0	0	0	0	106.99	1024
15	16	0	0	0	0	108.101	1025
15	16	0	0	0	0	100.526	1026
15	16	0	0	0	0	111.392	1027
15	17	0	0	0	0	109.311	1028
15	17	0	0	0	0	103.783	1029
15	17	0	0	0	0	107.426	1030
15	17	0	0	0	0	101.468	1031
15	17	0	0	0	0	104.36	1032
15	17	0	0	0	0	101.244	1033
16	16	0	0	0	0	102.305	1034
16	16	0	0	0	0	97.9126	1035
16	16	0	0	0	0	100.347	1036
16	15	0	0	0	0	95.3127	1037
16	15	0	0	0	0	105.189	1038
17	15	0	0	0	0	97.4657	1039
17	15	0	0	0	0	96.4331	1040
17	14	0	0	0	0	99.6076	1041
16	14	0	0	0	0	105.418	1042
16	14	0	0	0	0	100.955	1043
16	14	0	0	0	0	102.534	1044
16	14	0	0	0	0	101.808	1045
16	14	0	0	0	0	109.554	1046
16	14	0	0	0	0	108.28	1047
16	14	0	0	0	0	112.245	1048
16	14	0	0	0	0	97.6222	1049
16	14	0	0	0	0	98.8169	1050
17	14	0	0	0	0	95.2297	1051
17	14	0	0	0	0	91.4997	1052
17	14	0	0	0	0	97.0508	1053
16	13	0	0	0	0	108.394	1054
16	13	0	0	0	0	92.5258	1055
16	13	0	0	0	0	92.0531	1056
16	12	0	0	0	0	92.5113	1057
16	12	0	0	0	0	89.2464	1058
16	12	0	0	0	0	91.6976	1059
16	14	0	0	0	0	100.695	1060
18	14	0	0	0	0	100.311	1061
18	14	0	0	0	0	112.75	1062
18	14	0	0	0	0	107.753	1063
18	15	0	0	0	0	107.093	1064
18	15	0	0	0	0	119.527	1065
18	15	0	0	0	0	125.008	1066
18	15	0	0	0	0	106.231	1067
18	14	0	0	0	0	100.359	1068
17	13	0	0	0	0	99.5454	1069
18	13	0	0	0	0	112.936	1070
18	13	0	0	0	0	108.78	1071
18	13	0	0	0	0	103.044	1072
17	13	0	0	0	0	107.507	1073
17	13	0	0	0	0	105.404	1074
17	13	0	0	0	0	103.927	1075
17	13	0	0	0	0	98.0011	1076
17	13	0	0	0	0	103.134	1077
17	13	0	0	0	0	95.7	1078
17	13	0	0	0	0	110.438	1079
17	13	0	0	0	0	103.284	1080
17	13	0	0	0	0	113.14	1081
17	13	0	0	0	0	104.23	1082
17	13	0	0	0	0	93.5731	1083
17	13	0	0	0	0	108.656	1084
17	13	0	0	0	0	98.0015	1085
17	13	0	0	0	0	98.3716	1086
18	13	0	0	0	0	112.25	1087
18	13	0	0	0	0	107.299	1088
18	13	0	0	0	0	115.783	1089
18	13	0	0	0	0	111.937	1090
18	13	0	0	0	0	112.786	1091
18	14	0	0	0	0	107.534	1092
18	14	0	0	0	0	116.695	1093
18	14	0	0	0	0	108.499	1094
18	14	0	0	0	0	97.6193	1095
18	14	0	0	0	0	109.541	1096
17	14	0	0	0	0	96.5957	1097
17	15	0	0	0	0	92.5265	1098
17	15	0	0	0	0	107.601	1099
16	15	0	0	0	0	109.612	1100
16	15	0	0	0	0	106.414	1101
15	15	0	0	0	0	100.211	1102
15	15	0	0	0	0	108.119	1103
15	15	0	0	0	0	93.9471	1104
14	15	0	0	0	0	87.7678	1105
14	15	0	0	0	0	73.9613	1106
10	15	0	0	0	0	86.6472	1107
10	15	0	0	0	0	87.3332	1108
9	15	0	0	0	0	68.9749	1109
8	16	0	0	0	0	81.3167	1110
8	16	0	0	0	0	75.0966	1111
8	15	0	0	0	0	79.0593	1112
8	15	0	0	0	0	76.9699	1113
8	15	0	0	0	0	79.3626	1114
8	15	0	0	0	0	66.2334	1115
7	15	0	0	0	0	72.289	1116
7	15	0	0	0	0	68.1721	1117
7	15	0	0	0	0	69.4354	1118
7	15	0	0	0	0	72.8721	1119
7	15	0	0	0	0	72.5178	1120
7	15	0	0	0	0	73.2871	1121
7	16	0	0	0	0	62.5198	1122
7	16	0	0	0	0	81.1227	1123
7	16	0	0	0	0	79.8665	1124
7	16	0	0	0	0	75.7482	1125
7	16	0	0	0	0	77.0863	1126
7	17	0	0	0	0	83.071	1127
7	17	0	0	0	0	80.5864	1128
7	17	0	0	0	0	77.9455	1129
7	17	0	0	0	0	80.7761	1130
7	17	0	0	0	0	79.8236	1131
7	17	0	0	0	0	71.2636	1132
7	17	0	0	0	0	74.2875	1133
7	15	0	0	0	0	71.7882	1134
6	15	0	0	0	0	74.2252	1135
6	15	0	0	0	0	74.2903	1136
6	15	0	0	0	0	65.7765	1137
6	15	0	0	0	0	73.8191	1138
6	15	0	0	0	0	65.0871	1139
5	14	0	0	0	0	64.3879	1140
5	15	0	0	0	0	65.7247	1141
5	15	0	0	0	0	62.7553	1142
5	15	0	0	0	0	63.8283	1143
5	14	0	0	0	0	69.174	1144
5	14	0	0	0	0	59.7991	1145
5	15	0	0	0	0	59.5447	1146
5	15	0	0	0	0	64.71	1147
5	14	0	0	0	0	46.4072	1148
5	14	0	0	0	0	56.2977	1149
3	14	0	0	0	0	48.3736	1150
3	14	0	0	0	0	45.1092	1151
3	15	0	0	0	0	39.6969	1152
3	14	0	0	0	0	49.0735	1153
4	14	0	0	0	0	48.3322	1154
2	14	0	0	0	0	46.3472	1155
2	14	0	0	0	0	47.6726	1156
2	14	0	0	0	0	50.367	1157
2	14	0	0	0	0	51.9196	1158
2	14	0	0	0	0	54.2316	1159
2	14	0	0	0	0	57.1659	1160
2	14	0	0	0	0	53.7107	1161
2	14	0	0	0	0	56.4394	1162
2	14	0	0	0	0	48.6537	1163
2	15	0	0	0	0	51.4426	1164
3	15	0	0	0	0	51.2897	1165
3	15	0	0	0	0	41.7397	1166
3	15	0	0	0	0	46.5661	1167
3	15	0	0	0	0	51.7574	1168
3	15	0	0	0	0	43.8615	1169
3	15	0	0	0	0	48.7404	1170
3	14	0	0	0	0	59.628	1171
3	14	0	0	0	0	53.3335	1172
3	14	0	0	0	0	59.3374	1173
3	14	0	0	0	0	52.3549	1174
3	13	0	0	0	0	47.4315	1175
3	12	0	0	0	0	51.2032	1176
3	12	0	0	0	0	43.792	1177
3	12	0	0	0	0	37.8744	1178
3	12	0	0	0	0	35.8077	1179
3	11	0	0	0	0	45.2165	1180
3	10	0	0	0	0	43.1526	1181
3	10	0	0	0	0	32.6452	1182
3	10	0	0	0	0	43.8177	1183
4	10	0	0	0	0	36.3836	1184
4	10	0	0	0	0	42.7825	1185
7	10	0	0	0	0	44.6544	1186
7	10	0	0	0	0	44.4426	1187
7	10	0	0	0	0	31.9209	1188
9	10	0	0	0	0	55.3394	1189
8	10	0	0	0	0	54.553	1190
8	9	0	0	0	0	52.6026	1191
8	9	0	0	0	0	45.3145	1192
8	9	0	0	0	0	59.0674	1193
8	9	0	0	0	0	57.6294	1194
8	9	0	0	0	0	57.3847	1195
8	16	0	0	0	0	56.4658	1196
8	15	0	0	0	0	75.2461	1197
9	15	0	0	0	0	72.4692	1198
9	16	0	0	0	0	82.461	1199
9	16	0	0	0	0	83.085	1200
9	16	0	0	0	0	88.8064	1201
9	16	0	0	0	0	81.679	1202
9	16	0	0	0	0	83.4944	1203
8	16	0	0	0	0	79.4679	1204
8	15	0	0	0	0	82.2102	1205
8	16	0	0	0	0	80.6872	1206
8	16	0	0	0	0	75.5586	1207
8	16	0	0	0	0	82.6032	1208
8	16	0	0	0	0	78.396	1209
8	15	0	0	0	0	77.9003	1210
8	15	0	0	0	0	81.1483	1211
8	15	0	0	0	0	77.2468	1212
8	15	0	0	0	0	78.1806	1213
8	15	0	0	0	0	81.7943	1214
8	15	0	0	0	0	80.7663	1215
8	15	0	0	0	0	85.0499	1216
8	15	0	0	0	0	76.9275	1217
8	15	0	0	0	0	83.9285	1218
9	15	0	0	0	0	82.6215	1219
10	15	0	0	0	0	80.7774	1220
10	15	0	0	0	0	76.1715	1221
10	15	0	0	0	0	91.3338	1222
10	15	0	0	0	0	80.4516	1223
10	15	0	0	0	0	78.2763	1224
8	15	0	0	0	0	70.535	1225
8	14	0	0	0	0	80.0635	1226
8	14	0	0	0	0	77.9146	1227
9	14	0	0	0	0	80.3478	1228
9	14	0	0	0	0	71.9538	1229
9	14	0	0	0	0	73.3203	1230
8	14	0	0	0	0	75.2382	1231
8	14	0	0	0	0	78.691	1232
8	14	0	0	0	0	79.2366	1233
8	14	0	0	0	0	70.0582	1234
8	17	0	0	0	0	74.0128	1235
8	17	0	0	0	0	71.2812	1236
8	17	0	0	0	0	81.5037	1237
8	17	0	0	0	0	82.1749	1238
8	17	0	0	0	0	72.2082	1239
8	16	0	0	0	0	82.9101	1240
7	16	0	0	0	0	78.5779	1241
9	16	0	0	0	0	81.472	1242
9	18	0	0	0	0	82.4351	1243
9	18	0	0	0	0	91.4225	1244
9	18	0	0	0	0	96.9652	1245
9	18	0	0	0	0	87.3151	1246
9	19	0	0	0	0	93.4937	1247
9	19	0	0	0	0	88.9011	1248
9	19	0	0	0	0	86.1416	1249
9	19	0	0	0	0	89.1549	1250
9	19	0	0	0	0	76.4141	1251
9	19	0	0	0	0	88.0412	1252
9	19	0	0	0	0	87.164	1253
8	19	0	0	0	0	97.01	1254
8	20	0	0	0	0	98.6483	1255
8	20	0	0	0	0	88.8504	1256
8	20	0	0	0	0	86.6205	1257
8	20	0	0	0	0	92.4942	1258
8	20	0	0	0	0	97.3039	1259
8	20	0	0	0	0	102.722	1260
8	20	0	0	0	0	92.04	1261
8	20	0	0	0	0	87.5568	1262
8	20	0	0	0	0	94.8076	1263
9	20	0	0	0	0	87.8903	1264
9	20	0	0	0	0	95.3527	1265
8	20	0	0	0	0	88.1751	1266
8	20	0	0	0	0	101.533	1267
8	20	0	0	0	0	90.8434	1268
8	20	0	0	0	0	90.8618	1269
8	19	0	0	0	0	89.2041	1270
8	19	0	0	0	0	73.0983	1271
8	18	0	0	0	0	92.5064	1272
8	18	0	0	0	0	89.2613	1273
8	18	0	0	0	0	87.0623	1274
8	20	0	0	0	0	78.7732	1275
8	20	0	0	0	0	91.9567	1276
8	20	0	0	0	0	95.7754	1277
8	21	0	0	0	0	90.9525	1278
8	21	0	0	0	0	103.999	1279
8	21	0	0	0	0	104.008	1280
8	21	0	0	0	0	98.337	1281
8	21	0	0	0	0	101.832	1282
9	21	0	0	0	0	105.694	1283
9	21	0	0	0	0	97.8319	1284
9	21	0	0	0	0	103.853	1285
9	21	0	0	0	0	94.5323	1286
10	21	0	0	0	0	90.0908	1287
10	20	0	0	0	0	96.0794	1288
10	21	0	0	0	0	93.9209	1289
9	20	0	0	0	0	89.2981	1290
9	21	0	0	0	0	98.2627	1291
9	21	0	0	0	0	103.796	1292
9	21	0	0	0	0	99.9486	1293
10	20	0	0	0	0	100.367	1294
11	20	0	0	0	0	107.256	1295
11	19	0	0	0	0	100.75	1296
11	18	0	0	0	0	99.095	1297
11	18	0	0	0	0	102.113	1298
12	18	0	0	0	0	98.8425	1299
12	18	0	0	0	0	98.7244	1300
12	18	0	0	0	0	101.128	1301
13	18	0	0	0	0	94.4341	1302
13	18	0	0	0	0	109.549	1303
13	18	0	0	0	0	111.116	1304
13	18	0	0	0	0	117.258	1305
13	18	0	0	0	0	104.671	1306
13	17	0	0	0	0	96.6045	1307
13	17	0	0	0	0	99.8825	1308
13	17	0	0	0	0	104.969	1309
13	17	0	0	0	0	90.3377	1310
16	17	0	0	0	0	107.209	1311
16	17	0	0	0	0	103.476	1312
15	17	0	0	0	0	102.532	1313
15	17	0	0	0	0	104.813	1314
16	16	0	0	0	0	104.956	1315
16	16	0	0	0	0	108.758	1316
16	16	0	0	0	0	107.105	1317
16	16	0	0	0	0	108.574	1318
16	16	0	0	0	0	106.846	1319
16	16	0	0	0	0	115.161	1320
16	16	0	0	0	0	107.055	1321
16	16	0	0	0	0	111.647	1322
16	16	0	0	0	0	113.949	1323
16	16	0	0	0	0	107.006	1324
16	16	0	0	0	0	114.219	1325
16	16	0	0	0	0	112.656	1326
16	16	0	0	0	0	110.155	1327
16	16	0	0	0	0	106.102	1328
16	16	0	0	0	0	107.845	1329
16	16	0	0	0	0	108.758	1330
16	16	0	0	0	0	110.754	1331
16	16	0	0	0	0	95.8932	1332
17	17	0	0	0	0	98.1309	1333
16	17	0	0	0	0	113.588	1334
16	17	0	0	0	0	113.422	1335
16	17	0	0	0	0	100.316	1336
16	17	0	0	0	0	109.054	1337
17	17	0	0	0	0	114.18	1338
17	17	0	0	0	0	117.943	1339
17	17	0	0	0	0	98.9931	1340
17	17	0	0	0	0	93.2211	1341
17	17	0	0	0	0	101.719	1342
17	17	0	0	0	0	99.5135	1343
17	17	0	0	0	0	97.6679	1344
17	17	0	0	0	0	97.9893	1345
17	12	0	0	0	0	103.906	1346
17	12	0	0	0	0	99.9535	1347
17	12	0	0	0	0	97.91	1348
17	11	0	0	0	0	95.2857	1349
17	11	0	0	0	0	99.3848	1350
17	11	0	0	0	0	92.32	1351
17	11	0	0	0	0	100.468	1352
17	11	0	0	0	0	98.0254	1353
17	10	0	0	0	0	90.7959	1354
17	10	0	0	0	0	93.8056	1355
17	10	0	0	0	0	91.2536	1356
17	10	0	0	0	0	97.9963	1357
17	10	0	0	0	0	92.8156	1358
17	12	0	0	0	0	97.3327	1359
17	12	0	0	0	0	94.1947	1360
17	12	0	0	0	0	108.179	1361
17	12	0	0	0	0	101.359	1362
17	12	0	0	0	0	109.066	1363
18	12	0	0	0	0	102.415	1364
18	12	0	0	0	0	103.9	1365
18	12	0	0	0	0	100.832	1366
18	12	0	0	0	0	104.601	1367
18	13	0	0	0	0	96.3519	1368
17	13	0	0	0	0	103.556	1369
16	13	0	0	0	0	98.3701	1370
16	13	0	0	0	0	96.6876	1371
16	13	0	0	0	0	106.278	1372
16	13	0	0	0	0	84.4337	1373
16	13	0	0	0	0	87.9801	1374
16	12	0	0	0	0	82.9095	1375
15	12	0	0	0	0	90.7054	1376
15	13	0	0	0	0	88.4064	1377
14	13	0	0	0	0	87.5107	1378
14	13	0	0	0	0	88.9506	1379
14	13	0	0	0	0	91.1756	1380
14	14	0	0	0	0	79.5161	1381
14	18	0	0	0	0	96.8697	1382
14	17	0	0	0	0	104.842	1383
14	18	0	0	0	0	107.956	1384
14	19	0	0	0	0	103.677	1385
14	19	0	0	0	0	99.199	1386
15	19	0	0	0	0	102.948	1387
15	19	0	0	0	0	106.436	1388
14	18	0	0	0	0	102.642	1389
14	19	0	0	0	0	94.4212	1390
13	19	0	0	0	0	102.321	1391
11	20	0	0	0	0	97.8791	1392
11	21	0	0	0	0	100.022	1393
10	21	0	0	0	0	103.547	1394
10	22	0	0	0	0	111.965	1395
10	22	0	0	0	0	113.026	1396
10	21	0	0	0	0	110.859	1397
10	21	0	0	0	0	107.212	1398
9	21	0	0	0	0	107.145	1399
9	21	0	0	0	0	105.669	1400
9	21	0	0	0	0	107.433	1401
9	21	0	0	0	0	112.319	1402
9	21	0	0	0	0	91.7299	1403
9	20	0	0	0	0	103.263	1404
9	20	0	0	0	0	106.451	1405
9	20	0	0	0	0	98.0938	1406
10	20	0	0	0	0	106.481	1407
10	20	0	0	0	0	99.6184	1408
10	20	0	0	0	0	101.731	1409
10	20	0	0	0	0	103.543	1410
10	19	0	0	0	0	101.108	1411
10	18	0	0	0	0	98.2324	1412
10	18	0	0	0	0	101.108	1413
10	18	0	0	0	0	101.587	1414
10	18	0	0	0	0	99.63	1415
10	18	0	0	0	0	95.5389	1416
10	18	0	0	0	0	97.7748	1417
10	18	0	0	0	0	101.001	1418
9	18	0	0	0	0	86.6401	1419
8	18	0	0	0	0	88.1681	1420
9	18	0	0	0	0	93.2775	1421
9	18	0	0	0	0	89.3932	1422
9	18	0	0	0	0	81.3975	1423
9	18	0	0	0	0	97.385	1424
9	17	0	0	0	0	92.8702	1425
9	18	0	0	0	0	96.8674	1426
9	18	0	0	0	0	85.513	1427
9	18	0	0	0	0	92.2607	1428
9	18	0	0	0	0	95.5948	1429
9	18	0	0	0	0	90.3943	1430
9	18	0	0	0	0	90.0691	1431
9	18	0	0	0	0	87.1996	1432
9	18	0	0	0	0	93.6672	1433
9	17	0	0	0	0	91.0055	1434
10	17	0	0	0	0	91.8167	1435
10	17	0	0	0	0	84.7114	1436
8	17	0	0	0	0	76.3265	1437
8	17	0	0	0	0	77.5607	1438
8	16	0	0	0	0	85.8107	1439
8	16	0	0	0	0	84.001	1440
8	16	0	0	0	0	83.7851	1441
8	16	0	0	0	0	77.3377	1442
8	16	0	0	0	0	77.9528	1443
7	17	0	0	0	0	72.5498	1444
8	17	0	0	0	0	78.6829	1445
8	16	0	0	0	0	81.5498	1446
8	16	0	0	0	0	88.5025	1447
8	16	0	0	0	0	74.6431	1448
8	16	0	0	0	0	78.0657	1449
8	16	0	0	0	0	89.0838	1450
8	16	0	0	0	0	71.1276	1451
8	15	0	0	0	0	79.1683	1452
8	15	0	0	0	0	84.4978	1453
8	15	0	0	0	0	76.4463	1454
8	15	0	0	0	0	78.5946	1455
8	15	0	0	0	0	78.4569	1456
8	15	0	0	0	0	79.6893	1457
8	16	0	0	0	0	72.5342	1458
8	16	0	0	0	0	72.9612	1459
8	16	0	0	0	0	72.3898	1460
6	16	0	0	0	0	74.4093	1461
6	16	0	0	0	0	80.4069	1462
6	16	0	0	0	0	68.1828	1463
6	16	0	0	0	0	72.9768	1464
6	16	0	0	0	0	80.2379	1465
6	16	0	0	0	0	80.9993	1466
6	16	0	0	0	0	73.1496	1467
6	16	0	0	0	0	73.8304	1468
6	16	0	0	0	0	70.901	1469
6	15	0	0	0	0	71.2556	1470
6	15	0	0	0	0	69.1256	1471
6	15	0	0	0	0	67.6827	1472
6	15	0	0	0	0	70.7018	1473
6	15	0	0	0	0	61.403	1474
6	16	0	0	0	0	60.7938	1475
6	16	0	0	0	0	70.8633	1476
6	16	0	0	0	0	75.8832	1477
6	17	0	0	0	0	73.1944	1478
6	17	0	0	0	0	73.5023	1479
6	20	0	0	0	0	73.9769	1480
6	20	0	0	0	0	97.4465	1481
6	20	0	0	0	0	89.586	1482
6	20	0	0	0	0	90.1546	1483
6	20	0	0	0	0	79.1538	1484
6	20	0	0	0	0	93.6416	1485
6	20	0	0	0	0	85.6854	1486
6	20	0	0	0	0	97.5704	1487
6	20	0	0	0	0	90.6444	1488
6	20	0	0	0	0	91.7955	1489
5	20	0	0	0	0	85.128	1490
5	21	0	0	0	0	81.9317	1491
5	22	0	0	0	0	79.3685	1492
5	22	0	0	0	0	87.4249	1493
5	22	0	0	0	0	89.452	1494
5	22	0	0	0	0	66.8245	1495
5	22	0	0	0	0	81.7631	1496
5	22	0	0	0	0	80.7079	1497
5	22	0	0	0	0	89.4296	1498
5	21	0	0	0	0	90.3976	1499
6	21	0	0	0	0	87.4671	1500
8	21	0	0	0	0	85.2842	1501
7	21	0	0	0	0	83.3757	1502
7	21	0	0	0	0	90.7234	1503
6	21	0	0	0	0	90.2616	1504
6	21	0	0	0	0	93.5005	1505
6	21	0	0	0	0	88.2974	1506
6	21	0	0	0	0	95.0702	1507
6	21	0	0	0	0	92.0839	1508
6	21	0	0	0	0	89.6856	1509
6	21	0	0	0	0	93.34	1510
6	20	0	0	0	0	82.6212	1511
6	20	0	0	0	0	90.4818	1512
6	20	0	0	0	0	86.0834	1513
6	20	0	0	0	0	88.974	1514
6	20	0	0	0	0	90.4418	1515
6	20	0	0	0	0	74.348	1516
6	20	0	0	0	0	79.4516	1517
7	19	0	0	0	0	82.7784	1518
8	19	0	0	0	0	86.8874	1519
8	19	0	0	0	0	79.4821	1520
8	18	0	0	0	0	78.487	1521
8	18	0	0	0	0	79.0665	1522
8	18	0	0	0	0	83.8352	1523
8	18	0	0	0	0	85.4114	1524
9	18	0	0	0	0	50.9013	1525
9	18	0	0	0	0	51.3058	1526
9	18	0	0	0	0	48.4002	1527
9	17	0	0	0	0	47.0374	1528
9	17	0	0	0	0	45.9226	1529
9	18	0	0	0	0	53.1702	1530
9	19	0	0	0	0	50.7387	1531
10	15	0	0	0	0	49.4275	1532
10	15	0	0	0	0	45.982	1533
10	13	0	0	0	0	41.188	1534
10	10	0	0	0	0	46.3995	1535
10	11	0	0	0	0	52.1503	1536
9	11	0	0	0	0	62.6739	1537
9	11	0	0	0	0	66.1298	1538
9	11	0	0	0	0	68.7141	1539
9	11	0	0	0	0	57.0072	1540
8	11	0	0	0	0	66.2804	1541
8	11	0	0	0	0	62.8907	1542
8	11	0	0	0	0	63.0238	1543
8	10	0	0	0	0	51.4161	1544
8	9	0	0	0	0	55.1396	1545
8	9	0	0	0	0	52.327	1546
8	8	0	0	0	0	50.344	1547
8	9	0	0	0	0	54.9733	1548
8	9	0	0	0	0	54.6638	1549
8	9	0	0	0	0	48.3741	1550
9	9	0	0	0	0	50.89	1551
9	9	0	0	0	0	41.6316	1552
9	9	0	0	0	0	61.315	1553
9	9	0	0	0	0	56.5385	1554
9	9	0	0	0	0	49.4473	1555
9	9	0	0	0	0	59.1804	1556
9	9	0	0	0	0	59.8001	1557
9	9	0	0	0	0	57.3116	1558
9	8	0	0	0	0	58.348	1559
9	8	0	0	0	0	53.7533	1560
9	8	0	0	0	0	52.5451	1561
9	8	0	0	0	0	57.7183	1562
9	8	0	0	0	0	56.4463	1563
9	9	0	0	0	0	55.0455	1564
10	9	0	0	0	0	47.0466	1565
10	9	0	0	0	0	61.8665	1566
11	9	0	0	0	0	58.5044	1567
12	9	0	0	0	0	64.6662	1568
12	9	0	0	0	0	61.3625	1569
12	9	0	0	0	0	72.3066	1570
12	9	0	0	0	0	64.6409	1571
12	9	0	0	0	0	60.8438	1572
11	9	0	0	0	0	65.7543	1573
11	9	0	0	0	0	69.0561	1574
11	9	0	0	0	0	59.9153	1575
11	9	0	0	0	0	68.715	1576
11	9	0	0	0	0	68.6448	1577
11	9	0	0	0	0	59.8369	1578
11	9	0	0	0	0	66.1213	1579
11	9	0	0	0	0	67.7818	1580
11	9	0	0	0	0	58.7841	1581
11	9	0	0	0	0	70.8876	1582
11	9	0	0	0	0	53.0541	1583
11	9	0	0	0	0	61.4368	1584
11	9	0	0	0	0	70.5698	1585
11	9	0	0	0	0	66.3866	1586
11	8	0	0	0	0	64.4225	1587
11	8	0	0	0	0	59.9101	1588
11	7	0	0	0	0	58.3579	1589
11	7	0	0	0	0	50.1171	1590
11	7	0	0	0	0	53.0571	1591
11	8	0	0	0	0	59.3237	1592
11	8	0	0	0	0	51.7269	1593
11	8	0	0	0	0	57.8335	1594
10	8	0	0	0	0	62.8786	1595
10	8	0	0	0	0	59.9762	1596
10	8	0	0	0	0	59.5245	1597
10	8	0	0	0	0	63.7571	1598
11	8	0	0	0	0	56.2786	1599
11	8	0	0	0	0	58.8665	1600
12	7	0	0	0	0	58.2947	1601
12	8	0	0	0	0	62.7137	1602
12	8	0	0	0	0	60.5438	1603
12	8	0	0	0	0	62.0855	1604
12	8	0	0	0	0	61.6396	1605
11	8	0	0	0	0	61.4686	1606
11	8	0	0	0	0	62.4508	1607
11	8	0	0	0	0	61.4595	1608
11	8	0	0	0	0	64.4322	1609
11	8	0	0	0	0	49.7176	1610
11	8	0	0	0	0	65.3872	1611
11	8	0	0	0	0	56.5235	1612
11	8	0	0	0	0	62.6105	1613
11	8	0	0	0	0	66.7637	1614
11	8	0	0	0	0	61.6473	1615
11	8	0	0	0	0	66.6767	1616
11	8	0	0	0	0	66.4839	1617
11	8	0	0	0	0	50.9466	1618
11	8	0	0	0	0	63.643	1619
11	8	0	0	0	0	59.6131	1620
12	8	0	0	0	0	64.0106	1621
12	8	0	0	0	0	65.3751	1622
12	8	0	0	0	0	66.0217	1623
12	8	0	0	0	0	66.4135	1624
12	8	0	0	0	0	66.7496	1625
12	8	0	0	0	0	62.6016	1626
12	8	0	0	0	0	66.7094	1627
12	7	0	0	0	0	66.4703	1628
13	7	0	0	0	0	60.1416	1629
13	5	0	0	0	0	59.3996	1630
13	5	0	0	0	0	60.2697	1631
13	6	0	0	0	0	61.4256	1632
13	6	0	0	0	0	61.496	1633
13	6	0	0	0	0	62.7335	1634
13	6	0	0	0	0	63.0784	1635
13	6	0	0	0	0	64.9496	1636
13	6	0	0	0	0	65.1426	1637
13	6	0	0	0	0	53.7383	1638
13	6	0	0	0	0	66.2867	1639
13	6	0	0	0	0	57.5861	1640
13	6	0	0	0	0	61.2841	1641
11	6	0	0	0	0	61.188	1642
11	6	0	0	0	0	60.281	1643
11	6	0	0	0	0	60.3979	1644
11	7	0	0	0	0	61.5047	1645
11	7	0	0	0	0	58.7214	1646
11	7	0	0	0	0	57.3491	1647
12	7	0	0	0	0	55.9665	1648
12	6	0	0	0	0	54.8246	1649
12	6	0	0	0	0	58.48	1650
13	7	0	0	0	0	57.1933	1651
12	7	0	0	0	0	58.6748	1652
12	7	0	0	0	0	58.2004	1653
11	7	0	0	0	0	57.2394	1654
11	7	0	0	0	0	64.9188	1655
11	7	0	0	0	0	62.9527	1656
11	7	0	0	0	0	59.713	1657
11	7	0	0	0	0	54.8174	1658
10	8	0	0	0	0	55.0243	1659
10	8	0	0	0	0	55.5963	1660
11	11	0	0	0	0	48.0921	1661
10	11	0	0	0	0	51.3529	1662
10	11	0	0	0	0	55.3308	1663
9	11	0	0	0	0	44.7919	1664
9	11	0	0	0	0	65.5275	1665
9	11	0	0	0	0	66.1529	1666
9	11	0	0	0	0	70.2627	1667
9	11	0	0	0	0	59.4234	1668
9	14	0	0	0	0	61.5896	1669
9	14	0	0	0	0	73.6783	1670
9	14	0	0	0	0	76.3004	1671
9	14	0	0	0	0	76.514	1672
9	14	0	0	0	0	77.5283	1673
9	14	0	0	0	0	76.7436	1674
8	14	0	0	0	0	77.8732	1675
8	14	0	0	0	0	77.0819	1676
10	14	0	0	0	0	71.4009	1677
10	14	0	0	0	0	83.4812	1678
12	14	0	0	0	0	82.9792	1679
12	17	0	0	0	0	92.7403	1680
13	17	0	0	0	0	102.509	1681
13	17	0	0	0	0	90.5425	1682
13	16	0	0	0	0	99.9534	1683
13	16	0	0	0	0	99.9819	1684
14	16	0	0	0	0	99.8256	1685
14	16	0	0	0	0	105.825	1686
14	16	0	0	0	0	105.189	1687
14	17	0	0	0	0	110.409	1688
14	17	0	0	0	0	102.187	1689
14	17	0	0	0	0	108.229	1690
14	17	0	0	0	0	108.789	1691
15	17	0	0	0	0	104.228	1692
15	17	0	0	0	0	106.332	1693
15	17	0	0	0	0	111.26	1694
15	17	0	0	0	0	109.252	1695
14	17	0	0	0	0	104.846	1696
14	17	0	0	0	0	83.0333	1697
14	15	0	0	0	0	97.9128	1698
15	16	0	0	0	0	96.713	1699
15	16	0	0	0	0	92.1061	1700
14	16	0	0	0	0	94.3829	1701
14	16	0	0	0	0	99.1602	1702
14	15	0	0	0	0	90.2295	1703
14	15	0	0	0	0	102.138	1704
14	15	0	0	0	0	90.2616	1705
15	15	0	0	0	0	105.788	1706
15	15	0	0	0	0	103.14	1707
15	15	0	0	0	0	103.605	1708
15	15	0	0	0	0	109.319	1709
15	16	0	0	0	0	104.781	1710
15	16	0	0	0	0	108.571	1711
15	16	0	0	0	0	110.741	1712
15	16	0	0	0	0	100.788	1713
15	16	0	0	0	0	110.335	1714
16	16	0	0	0	0	113.908	1715
16	16	0	0	0	0	116.737	1716
17	16	0	0	0	0	100.828	1717
16	16	0	0	0	0	116.845	1718
16	16	0	0	0	0	106.637	1719
16	16	0	0	0	0	114.65	1720
16	16	0	0	0	0	116.289	1721
17	16	0	0	0	0	106.047	1722
17	16	0	0	0	0	117.1	1723
17	16	0	0	0	0	111.775	1724
17	16	0	0	0	0	116.543	1725
17	16	0	0	0	0	112.838	1726
17	16	0	0	0	0	113.074	1727
17	18	0	0	0	0	109.178	1728
17	18	0	0	0	0	116.954	1729
16	18	0	0	0	0	104.621	1730
17	18	0	0	0	0	116.962	1731
17	18	0	0	0	0	118.627	1732
17	18	0	0	0	0	103.8	1733
17	17	0	0	0	0	125.188	1734
18	17	0	0	0	0	122.698	1735
18	17	0	0	0	0	121.824	1736
18	17	0	0	0	0	120.133	1737
18	16	0	0	0	0	118.579	1738
18	16	0	0	0	0	107.168	1739
18	16	0	0	0	0	118.443	1740
18	16	0	0	0	0	110.733	1741
18	15	0	0	0	0	104.942	1742
18	15	0	0	0	0	116.705	1743
18	15	0	0	0	0	120.207	1744
18	15	0	0	0	0	115.297	1745
18	15	0	0	0	0	121.75	1746
18	15	0	0	0	0	106.832	1747
18	14	0	0	0	0	97.4532	1748
17	13	0	0	0	0	108.958	1749
17	13	0	0	0	0	86.7035	1750
17	13	0	0	0	0	90.1977	1751
17	10	0	0	0	0	84.039	1752
17	10	0	0	0	0	90.9874	1753
17	10	0	0	0	0	90.4215	1754
16	10	0	0	0	0	79.0267	1755
16	10	0	0	0	0	81.3739	1756
16	8	0	0	0	0	85.0019	1757
15	8	0	0	0	0	72.0363	1758
15	8	0	0	0	0	82.4033	1759
15	8	0	0	0	0	74.8167	1760
15	8	0	0	0	0	75.9437	1761
15	8	0	0	0	0	74.3104	1762
16	10	0	0	0	0	83.6234	1763
16	10	0	0	0	0	74.4828	1764
16	11	0	0	0	0	87.5849	1765
16	10	0	0	0	0	89.6433	1766
16	10	0	0	0	0	84.3028	1767
16	10	0	0	0	0	88.9577	1768
16	10	0	0	0	0	97.0342	1769
16	10	0	0	0	0	92.9835	1770
16	10	0	0	0	0	89.7067	1771
16	11	0	0	0	0	90.137	1772
16	11	0	0	0	0	77.4588	1773
16	11	0	0	0	0	90.1447	1774
15	11	0	0	0	0	77.3401	1775
14	12	0	0	0	0	82.385	1776
14	11	0	0	0	0	92.3484	1777
14	11	0	0	0	0	87.7609	1778
14	11	0	0	0	0	76.3266	1779
14	11	0	0	0	0	83.6289	1780
13	11	0	0	0	0	88.319	1781
13	11	0	0	0	0	78.8701	1782
13	11	0	0	0	0	77.6009	1783
14	11	0	0	0	0	87.5578	1784
14	11	0	0	0	0	88.8482	1785
14	11	0	0	0	0	82.9092	1786
14	14	0	0	0	0	88.1643	1787
14	13	0	0	0	0	94.4079	1788
14	13	0	0	0	0	91.633	1789
14	14	0	0	0	0	95.797	1790
14	14	0	0	0	0	95.1662	1791
14	14	0	0	0	0	91.1197	1792
14	15	0	0	0	0	94.6392	1793
14	15	0	0	0	0	98.7248	1794
14	15	0	0	0	0	108.956	1795
14	15	0	0	0	0	103.391	1796
14	15	0	0	0	0	98.4155	1797
14	15	0	0	0	0	105.558	1798
14	15	0	0	0	0	108.103	1799
14	15	0	0	0	0	94.6268	1800
14	15	0	0	0	0	93.977	1801
14	14	0	0	0	0	96.4163	1802
14	14	0	0	0	0	85.3834	1803
14	14	0	0	0	0	90.5045	1804
14	14	0	0	0	0	90.2594	1805
14	14	0	0	0	0	92.0075	1806
14	14	0	0	0	0	85.6458	1807
12	14	0	0	0	0	87.5599	1808
12	14	0	0	0	0	85.4839	1809
12	14	0	0	0	0	89.3985	1810
11	14	0	0	0	0	91.4626	1811
11	14	0	0	0	0	81.0007	1812
11	14	0	0	0	0	77.4997	1813
11	14	0	0	0	0	91.7703	1814
11	14	0	0	0	0	86.099	1815
11	15	0	0	0	0	92.9675	1816
11	15	0	0	0	0	89.8561	1817
11	15	0	0	0	0	81.4844	1818
12	12	0	0	0	0	82.327	1819
12	12	0	0	0	0	73.056	1820
12	12	0	0	0	0	75.9893	1821
12	15	0	0	0	0	86.8408	1822
12	15	0	0	0	0	89.8652	1823
12	16	0	0	0	0	83.2336	1824
12	16	0	0	0	0	86.8644	1825
12	16	0	0	0	0	85.1397	1826
12	16	0	0	0	0	88.1554	1827
12	17	0	0	0	0	76.9829	1828
11	17	0	0	0	0	81.0806	1829
11	17	0	0	0	0	83.0356	1830
9	18	0	0	0	0	97.7168	1831
9	18	0	0	0	0	92.0021	1832
9	18	0	0	0	0	95.7696	1833
9	18	0	0	0	0	85.929	1834
9	18	0	0	0	0	93.8667	1835
9	18	0	0	0	0	92.8154	1836
11	18	0	0	0	0	100.13	1837
11	18	0	0	0	0	96.1684	1838
11	18	0	0	0	0	91.6288	1839
11	18	0	0	0	0	97.7067	1840
11	19	0	0	0	0	102.001	1841
10	20	0	0	0	0	100.373	1842
10	20	0	0	0	0	110.204	1843
10	20	0	0	0	0	106.461	1844
10	20	0	0	0	0	102.744	1845
10	21	0	0	0	0	112.112	1846
10	21	0	0	0	0	100.389	1847
10	20	0	0	0	0	105.552	1848
10	19	0	0	0	0	101.02	1849
10	19	0	0	0	0	101.224	1850
11	19	0	0	0	0	103.091	1851
11	20	0	0	0	0	106.924	1852
11	20	0	0	0	0	115.016	1853
11	20	0	0	0	0	107.582	1854
11	20	0	0	0	0	112.682	1855
10	20	0	0	0	0	100.083	1856
10	20	0	0	0	0	92.2214	1857
11	20	0	0	0	0	106.295	1858
12	20	0	0	0	0	114.69	1859
12	20	0	0	0	0	106.401	1860
12	20	0	0	0	0	116.596	1861
12	20	0	0	0	0	96.4114	1862
13	20	0	0	0	0	112.72	1863
12	20	0	0	0	0	109.98	1864
12	20	0	0	0	0	114.179	1865
13	20	0	0	0	0	115.019	1866
13	20	0	0	0	0	112.171	1867
14	20	0	0	0	0	115.874	1868
14	20	0	0	0	0	108.659	1869
14	20	0	0	0	0	105.522	1870
13	20	0	0	0	0	107.325	1871
13	20	0	0	0	0	119.316	1872
13	20	0	0	0	0	112.084	1873
13	20	0	0	0	0	97.1631	1874
13	20	0	0	0	0	93.0151	1875
13	21	0	0	0	0	98.9596	1876
13	21	0	0	0	0	93.9853	1877
13	21	0	0	0	0	94.0774	1878
13	20	0	0	0	0	98.5199	1879
12	20	0	0	0	0	91.5492	1880
10	20	0	0	0	0	97.1374	1881
11	20	0	0	0	0	95.3901	1882
11	20	0	0	0	0	110.448	1883
11	20	0	0	0	0	112.062	1884
11	20	0	0	0	0	105.052	1885
11	20	0	0	0	0	108.045	1886
11	20	0	0	0	0	111.569	1887
11	20	0	0	0	0	104.634	1888
11	20	0	0	0	0	100.004	1889
11	20	0	0	0	0	107.724	1890
11	20	0	0	0	0	105.52	1891
11	20	0	0	0	0	105.641	1892
11	20	0	0	0	0	104.97	1893
11	20	0	0	0	0	107.537	1894
11	20	0	0	0	0	108.175	1895
11	20	0	0	0	0	95.5987	1896
12	20	0	0	0	0	116.344	1897
12	20	0	0	0	0	104.456	1898
12	20	0	0	0	0	109.981	1899
12	20	0	0	0	0	119.929	1900
12	20	0	0	0	0	102.559	1901
12	21	0	0	0	0	111.395	1902
12	21	0	0	0	0	112.625	1903
14	21	0	0	0	0	114.244	1904
14	20	0	0	0	0	117.686	1905
14	20	0	0	0	0	119.628	1906
14	20	0	0	0	0	109.448	1907
14	20	0	0	0	0	123.302	1908
15	20	0	0	0	0	115.506	1909
15	20	0	0	0	0	119.378	1910
15	20	0	0	0	0	119.927	1911
15	20	0	0	0	0	128.439	1912
15	19	0	0	0	0	114.522	1913
15	19	0	0	0	0	104.706	1914
16	17	0	0	0	0	114.581	1915
16	17	0	0	0	0	101.325	1916
16	17	0	0	0	0	95.6973	1917
16	17	0	0	0	0	97.4353	1918
15	17	0	0	0	0	95.9654	1919
16	18	0	0	0	0	95.0754	1920
16	18	0	0	0	0	106.051	1921
16	17	0	0	0	0	103.027	1922
16	17	0	0	0	0	99.332	1923
15	17	0	0	0	0	107.9	1924
15	17	0	0	0	0	101.227	1925
15	16	0	0	0	0	99.3657	1926
15	15	0	0	0	0	103.262	1927
15	15	0	0	0	0	99.9475	1928
17	15	0	0	0	0	99.2729	1929
17	16	0	0	0	0	103.237	1930
17	16	0	0	0	0	114.099	1931
17	16	0	0	0	0	110.998	1932
17	16	0	0	0	0	107.066	1933
17	16	0	0	0	0	106.394	1934
17	16	0	0	0	0	85.3772	1935
17	16	0	0	0	0	84.575	1936
17	13	0	0	0	0	85.5526	1937
14	12	0	0	0	0	80.3705	1938
14	13	0	0	0	0	80.5706	1939
14	12	0	0	0	0	87.8335	1940
14	13	0	0	0	0	89.1166	1941
14	13	0	0	0	0	76.8535	1942
14	12	0	0	0	0	83.9944	1943
14	12	0	0	0	0	87.7441	1944
13	11	0	0	0	0	77.5938	1945
14	11	0	0	0	0	85.1879	1946
15	11	0	0	0	0	84.2307	1947
15	11	0	0	0	0	84.0372	1948
16	11	0	0	0	0	93.5194	1949
16	11	0	0	0	0	88.9701	1950
16	11	0	0	0	0	84.1256	1951
16	13	0	0	0	0	82.9266	1952
16	13	0	0	0	0	92.2921	1953
16	12	0	0	0	0	94.1772	1954
16	12	0	0	0	0	91.1597	1955
16	12	0	0	0	0	88.3543	1956
17	12	0	0	0	0	92.1958	1957
17	12	0	0	0	0	87.781	1958
17	12	0	0	0	0	93.999	1959
17	12	0	0	0	0	108.266	1960
17	12	0	0	0	0	101.452	1961
17	12	0	0	0	0	91.7186	1962
17	12	0	0	0	0	94.1414	1963
17	12	0	0	0	0	100.075	1964
17	12	0	0	0	0	96.27	1965
17	11	0	0	0	0	102.129	1966
17	11	0	0	0	0	97.6724	1967
17	11	0	0	0	0	90.5823	1968
16	11	0	0	0	0	90.0781	1969
16	13	0	0	0	0	95.1382	1970
17	13	0	0	0	0	96.792	1971
17	12	0	0	0	0	98.6344	1972
17	12	0	0	0	0	99.658	1973
17	12	0	0	0	0	92.0966	1974
17	12	0	0	0	0	96.8688	1975
17	12	0	0	0	0	94.4867	1976
18	12	0	0	0	0	98.0011	1977
18	11	0	0	0	0	103.936	1978
18	10	0	0	0	0	100.77	1979
19	12	0	0	0	0	102.617	1980
19	12	0	0	0	0	105.485	1981
19	14	0	0	0	0	108.907	1982
19	14	0	0	0	0	114.444	1983
19	14	0	0	0	0	124.529	1984
20	14	0	0	0	0	115.566	1985
20	15	0	0	0	0	121.638	1986
20	15	0	0	0	0	119.673	1987
20	15	0	0	0	0	115.865	1988
19	15	0	0	0	0	111.113	1989
18	15	0	0	0	0	106.726	1990
17	15	0	0	0	0	113.686	1991
17	15	0	0	0	0	104.527	1992
17	15	0	0	0	0	104.468	1993
16	15	0	0	0	0	102.212	1994
16	15	0	0	0	0	105.659	1995
16	14	0	0	0	0	112.017	1996
16	14	0	0	0	0	104.67	1997
16	15	0	0	0	0	106.763	1998
16	17	0	0	0	0	98.7038	1999
16	18	0	0	0	0	111.854	2000
16	18	0	0	0	0	107.026	2001
16	19	0	0	0	0	123.205	2002
16	19	0	0	0	0	123.251	2003
16	19	0	0	0	0	113.773	2004
16	19	0	0	0	0	121.098	2005
16	19	0	0	0	0	119.927	2006
16	19	0	0	0	0	119.389	2007
15	19	0	0	0	0	128.515	2008
15	19	0	0	0	0	119.927	2009
15	19	0	0	0	0	120.628	2010
15	19	0	0	0	0	120.92	2011
15	19	0	0	0	0	114.658	2012
15	19	0	0	0	0	119.825	2013
16	19	0	0	0	0	110.382	2014
16	19	0	0	0	0	108.891	2015
16	19	0	0	0	0	124.524	2016
16	19	0	0	0	0	127.882	2017
16	19	0	0	0	0	121.615	2018
17	19	0	0	0	0	119.602	2019
17	19	0	0	0	0	124.581	2020
17	19	0	0	0	0	124.887	2021
18	18	0	0	0	0	120.468	2022
20	19	0	0	0	0	112.662	2023
20	19	0	0	0	0	139.24	2024
20	19	0	0	0	0	130.857	2025
20	19	0	0	0	0	144.945	2026
20	19	0	0	0	0	132.072	2027
22	19	0	0	0	0	136.891	2028
22	18	0	0	0	0	134.143	2029
22	18	0	0	0	0	133.866	2030
22	18	0	0	0	0	134.89	2031
21	18	0	0	0	0	123.049	2032
20	18	0	0	0	0	131.226	2033
20	18	0	0	0	0	138.793	2034
20	18	0	0	0	0	140.708	2035
20	18	0	0	0	0	142.744	2036
20	18	0	0	0	0	131.402	2037
20	18	0	0	0	0	119.274	2038
20	18	0	0	0	0	140.036	2039
20	18	0	0	0	0	115.854	2040
21	19	0	0	0	0	138.322	2041
21	19	0	0	0	0	128.165	2042
21	19	0	0	0	0	140.659	2043
21	19	0	0	0	0	149.916	2044
21	19	0	0	0	0	128.883	2045
21	20	0	0	0	0	136.407	2046
21	20	0	0	0	0	134.31	2047
21	19	0	0	0	0	148.217	2048
21	18	0	0	0	0	138.774	2049
21	18	0	0	0	0	144.627	2050
21	18	0	0	0	0	144.938	2051
22	17	0	0	0	0	134.352	2052
22	17	0	0	0	0	133.478	2053
21	17	0	0	0	0	133.602	2054
21	17	0	0	0	0	130.958	2055
21	20	0	0	0	0	143.786	2056
21	20	0	0	0	0	135.61	2057
21	20	0	0	0	0	145.258	2058
20	21	0	0	0	0	139.439	2059
20	21	0	0	0	0	146.358	2060
20	24	0	0	0	0	135.802	2061
20	24	0	0	0	0	146.622	2062
19	24	0	0	0	0	141.75	2063
19	24	0	0	0	0	150.499	2064
17	24	0	0	0	0	137.786	2065
17	24	0	0	0	0	130.478	2066
17	24	0	0	0	0	145.572	2067
17	24	0	0	0	0	141.93	2068
17	24	0	0	0	0	134.635	2069
15	26	0	0	0	0	130.343	2070
16	25	0	0	0	0	131.772	2071
16	25	0	0	0	0	139.419	2072
16	25	0	0	0	0	141.583	2073
15	25	0	0	0	0	134.807	2074
14	26	0	0	0	0	134.705	2075
14	26	0	0	0	0	143.671	2076
14	26	0	0	0	0	144.311	2077
14	26	0	0	0	0	144.139	2078
14	26	0	0	0	0	135.528	2079
14	26	0	0	0	0	124.547	2080
14	26	0	0	0	0	134.816	2081
14	25	0	0	0	0	138.366	2082
15	25	0	0	0	0	123.365	2083
15	25	0	0	0	0	134.04	2084
15	25	0	0	0	0	140.22	2085
15	25	0	0	0	0	132.477	2086
15	24	0	0	0	0	131.499	2087
15	26	0	0	0	0	145.559	2088
15	26	0	0	0	0	143.989	2089
15	26	0	0	0	0	136.309	2090
15	25	0	0	0	0	133.325	2091
15	25	0	0	0	0	140.858	2092
15	26	0	0	0	0	135.035	2093
15	26	0	0	0	0	142.023	2094
16	26	0	0	0	0	137.599	2095
16	26	0	0	0	0	137.984	2096
12	26	0	0	0	0	129.468	2097
12	25	0	0	0	0	135.031	2098
12	25	0	0	0	0	123.151	2099
12	25	0	0	0	0	122.58	2100
12	24	0	0	0	0	130.966	2101
13	24	0	0	0	0	123.77	2102
13	23	0	0	0	0	119.352	2103
13	23	0	0	0	0	129.316	2104
13	23	0	0	0	0	123.575	2105
13	23	0	0	0	0	122.556	2106
12	23	0	0	0	0	113.714	2107
12	23	0	0	0	0	126.045	2108
12	23	0	0	0	0	125.933	2109
12	23	0	0	0	0	122.309	2110
12	23	0	0	0	0	114.125	2111
12	22	0	0	0	0	121.962	2112
12	21	0	0	0	0	111.727	2113
12	20	0	0	0	0	100.003	2114
12	20	0	0	0	0	116.966	2115
11	20	0	0	0	0	106.644	2116
11	20	0	0	0	0	104.311	2117
11	20	0	0	0	0	116.175	2118
12	20	0	0	0	0	116.763	2119
12	21	0	0	0	0	111.619	2120
12	21	0	0	0	0	101.732	2121
12	21	0	0	0	0	119.432	2122
12	21	0	0	0	0	102.796	2123
12	21	0	0	0	0	112.601	2124
13	22	0	0	0	0	122.633	2125
13	22	0	0	0	0	124.18	2126
13	22	0	0	0	0	117.209	2127
13	22	0	0	0	0	124.501	2128
12	22	0	0	0	0	112.891	2129
12	22	0	0	0	0	123.047	2130
12	22	0	0	0	0	118.716	2131
12	22	0	0	0	0	122.33	2132
12	22	0	0	0	0	120.064	2133
12	22	0	0	0	0	118.594	2134
12	21	0	0	0	0	120.682	2135
12	21	0	0	0	0	115.375	2136
12	21	0	0	0	0	111.859	2137
12	21	0	0	0	0	118.301	2138
12	21	0	0	0	0	112.671	2139
12	21	0	0	0	0	108.358	2140
12	21	0	0	0	0	118.558	2141
12	22	0	0	0	0	119.229	2142
12	24	0	0	0	0	121.949	2143
12	24	0	0	0	0	124.17	2144
12	24	0	0	0	0	118.141	2145
12	24	0	0	0	0	117.424	2146
12	24	0	0	0	0	113.044	2147
12	24	0	0	0	0	112.959	2148
12	22	0	0	0	0	116.999	2149
12	20	0	0	0	0	112.082	2150
11	20	0	0	0	0	109.219	2151
11	20	0	0	0	0	104.655	2152
11	20	0	0	0	0	108.488	2153
11	20	0	0	0	0	102.55	2154
11	20	0	0	0	0	116.608	2155
12	20	0	0	0	0	110.757	2156
13	20	0	0	0	0	112.968	2157
13	20	0	0	0	0	110.299	2158
13	20	0	0	0	0	113	2159
13	20	0	0	0	0	109.019	2160
13	20	0	0	0	0	107.117	2161
12	19	0	0	0	0	99.0505	2162
12	19	0	0	0	0	96.5493	2163
10	19	0	0	0	0	92.0292	2164
10	19	0	0	0	0	77.0546	2165
10	19	0	0	0	0	86.139	2166
10	19	0	0	0	0	87.0861	2167
9	19	0	0	0	0	81.4137	2168
7	18	0	0	0	0	77.2448	2169
6	18	0	0	0	0	79.8965	2170
6	18	0	0	0	0	77.9698	2171
6	17	0	0	0	0	79.9226	2172
6	17	0	0	0	0	83.6999	2173
6	17	0	0	0	0	59.6832	2174
6	17	0	0	0	0	70.1146	2175
6	17	0	0	0	0	76.0657	2176
7	17	0	0	0	0	80.4189	2177
7	17	0	0	0	0	77.8203	2178
7	16	0	0	0	0	81.1348	2179
7	16	0	0	0	0	77.5736	2180
7	16	0	0	0	0	69.4043	2181
7	15	0	0	0	0	70.5496	2182
7	15	0	0	0	0	68.1785	2183
7	13	0	0	0	0	59.748	2184
7	13	0	0	0	0	63.52	2185
7	13	0	0	0	0	61.0822	2186
7	13	0	0	0	0	62.0511	2187
7	12	0	0	0	0	60.8838	2188
7	12	0	0	0	0	59.5417	2189
7	16	0	0	0	0	59.2358	2190
6	16	0	0	0	0	54.5692	2191
6	16	0	0	0	0	62.0976	2192
6	16	0	0	0	0	65.5371	2193
6	16	0	0	0	0	70.3921	2194
7	16	0	0	0	0	53.9724	2195
7	14	0	0	0	0	63.1113	2196
8	14	0	0	0	0	72.5192	2197
8	14	0	0	0	0	69.1721	2198
8	14	0	0	0	0	76.6275	2199
8	14	0	0	0	0	76.2387	2200
8	14	0	0	0	0	76.6164	2201
8	14	0	0	0	0	71.1986	2202
9	15	0	0	0	0	77.5107	2203
9	15	0	0	0	0	83.1982	2204
9	15	0	0	0	0	80.3631	2205
9	14	0	0	0	0	75.4617	2206
9	14	0	0	0	0	81.3187	2207
9	14	0	0	0	0	73.3895	2208
9	13	0	0	0	0	75.1532	2209
9	13	0	0	0	0	69.4843	2210
9	13	0	0	0	0	74.475	2211
9	13	0	0	0	0	73.5704	2212
9	13	0	0	0	0	67.6675	2213
9	13	0	0	0	0	72.5977	2214
10	13	0	0	0	0	77.5675	2215
10	13	0	0	0	0	77.5675	2216
10	13	0	0	0	0	72.5898	2217
10	13	0	0	0	0	74.3668	2218
10	13	0	0	0	0	68.1309	2219
9	11	0	0	0	0	62.2798	2220
9	11	0	0	0	0	67.5942	2221
9	11	0	0	0	0	57.2315	2222
9	11	0	0	0	0	62.9366	2223
10	11	0	0	0	0	61.6983	2224
10	11	0	0	0	0	58.2942	2225
10	11	0	0	0	0	58.0529	2226
10	11	0	0	0	0	66.2578	2227
10	11	0	0	0	0	68.6957	2228
10	10	0	0	0	0	57.6353	2229
10	10	0	0	0	0	70.5361	2230
10	10	0	0	0	0	62.32	2231
10	10	0	0	0	0	66.7449	2232
10	10	0	0	0	0	64.9378	2233
10	10	0	0	0	0	65.4755	2234
10	9	0	0	0	0	66.704	2235
10	9	0	0	0	0	62.776	2236
10	9	0	0	0	0	49.6535	2237
10	9	0	0	0	0	62.207	2238
9	9	0	0	0	0	64.21	2239
9	9	0	0	0	0	57.8777	2240
9	10	0	0	0	0	52.4038	2241
9	10	0	0	0	0	61.6114	2242
10	9	0	0	0	0	61.0989	2243
10	9	0	0	0	0	59.2266	2244
10	9	0	0	0	0	59.1169	2245
10	9	0	0	0	0	65.934	2246
10	9	0	0	0	0	64.8256	2247
10	9	0	0	0	0	61.4202	2248
10	9	0	0	0	0	61.302	2249
10	9	0	0	0	0	64.5393	2250
10	9	0	0	0	0	69.2134	2251
11	9	0	0	0	0	67.7576	2252
11	9	0	0	0	0	54.8703	2253
12	9	0	0	0	0	69.1698	2254
12	9	0	0	0	0	68.5458	2255
12	9	0	0	0	0	69.1212	2256
12	9	0	0	0	0	66.1126	2257
14	9	0	0	0	0	59.6336	2258
15	9	0	0	0	0	80.1645	2259
15	9	0	0	0	0	73.5195	2260
15	9	0	0	0	0	85.4634	2261
15	9	0	0	0	0	80.9418	2262
15	9	0	0	0	0	86.0307	2263
16	9	0	0	0	0	81.1335	2264
16	9	0	0	0	0	76.4695	2265
16	9	0	0	0	0	77.5427	2266
16	9	0	0	0	0	82.853	2267
16	10	0	0	0	0	78.3353	2268
16	10	0	0	0	0	88.3533	2269
16	9	0	0	0	0	79.3892	2270
16	9	0	0	0	0	92.7361	2271
16	9	0	0	0	0	74.8763	2272
16	12	0	0	0	0	88.7593	2273
16	14	0	0	0	0	86.4361	2274
16	14	0	0	0	0	86.8534	2275
16	13	0	0	0	0	99.3063	2276
16	12	0	0	0	0	94.4562	2277
16	12	0	0	0	0	90.265	2278
16	11	0	0	0	0	93.0849	2279
16	11	0	0	0	0	98.263	2280
16	11	0	0	0	0	98	2281
16	11	0	0	0	0	92.3085	2282
16	11	0	0	0	0	92.5474	2283
16	11	0	0	0	0	86.0954	2284
16	10	0	0	0	0	91.1325	2285
16	10	0	0	0	0	92.6377	2286
16	10	0	0	0	0	96.2306	2287
16	10	0	0	0	0	87.9495	2288
16	10	0	0	0	0	85.8982	2289
16	10	0	0	0	0	83.8232	2290
16	10	0	0	0	0	84.375	2291
16	9	0	0	0	0	82.1796	2292
16	8	0	0	0	0	85.76	2293
16	8	0	0	0	0	79.6624	2294
16	8	0	0	0	0	81.6846	2295
16	9	0	0	0	0	77.5657	2296
15	10	0	0	0	0	82.1233	2297
15	12	0	0	0	0	82.4576	2298
15	12	0	0	0	0	101.015	2299
15	12	0	0	0	0	92.3909	2300
15	12	0	0	0	0	95.6134	2301
15	12	0	0	0	0	83.4482	2302
15	12	0	0	0	0	100.199	2303
15	12	0	0	0	0	93.9171	2304
15	12	0	0	0	0	94.3341	2305
14	12	0	0	0	0	88.4451	2306
12	12	0	0	0	0	86.2258	2307
12	13	0	0	0	0	84.6808	2308
13	13	0	0	0	0	76.3128	2309
13	13	0	0	0	0	85.9925	2310
13	13	0	0	0	0	97.1177	2311
13	13	0	0	0	0	83.6747	2312
13	13	0	0	0	0	88.7219	2313
12	13	0	0	0	0	93.247	2314
12	13	0	0	0	0	84.7067	2315
12	13	0	0	0	0	78.7162	2316
12	14	0	0	0	0	89.341	2317
12	13	0	0	0	0	90.7914	2318
12	13	0	0	0	0	87.6859	2319
12	13	0	0	0	0	93.2745	2320
13	13	0	0	0	0	85.7727	2321
14	13	0	0	0	0	87.3823	2322
14	13	0	0	0	0	98.4279	2323
15	14	0	0	0	0	100.253	2324
15	14	0	0	0	0	85.5106	2325
14	14	0	0	0	0	104.875	2326
15	14	0	0	0	0	97.3439	2327
15	14	0	0	0	0	101.738	2328
15	14	0	0	0	0	104.77	2329
15	14	0	0	0	0	105.584	2330
15	14	0	0	0	0	100.759	2331
15	14	0	0	0	0	98.8042	2332
13	14	0	0	0	0	95.4705	2333
13	14	0	0	0	0	96.5057	2334
13	14	0	0	0	0	96.2165	2335
14	15	0	0	0	0	100.662	2336
14	15	0	0	0	0	75.6276	2337
14	15	0	0	0	0	79.4683	2338
14	15	0	0	0	0	81.2469	2339
14	13	0	0	0	0	82.71	2340
13	13	0	0	0	0	77.6984	2341
13	13	0	0	0	0	84.4873	2342
12	13	0	0	0	0	78.3261	2343
12	13	0	0	0	0	83.4137	2344
10	13	0	0	0	0	70.8709	2345
10	12	0	0	0	0	69.7511	2346
10	12	0	0	0	0	72.0049	2347
11	12	0	0	0	0	80.305	2348
11	12	0	0	0	0	82.2959	2349
11	12	0	0	0	0	80.2398	2350
11	12	0	0	0	0	77.2638	2351
11	12	0	0	0	0	73.1246	2352
11	11	0	0	0	0	81.099	2353
11	11	0	0	0	0	62.8909	2354
11	11	0	0	0	0	71.5715	2355
11	11	0	0	0	0	79.8776	2356
11	12	0	0	0	0	70.9886	2357
12	12	0	0	0	0	67.832	2358
12	12	0	0	0	0	75.3757	2359
12	12	0	0	0	0	89.2347	2360
12	12	0	0	0	0	85.2236	2361
12	12	0	0	0	0	78.9164	2362
12	12	0	0	0	0	75.8436	2363
12	12	0	0	0	0	78.2304	2364
10	13	0	0	0	0	72.9011	2365
10	13	0	0	0	0	76.4371	2366
10	13	0	0	0	0	75.0429	2367
10	13	0	0	0	0	76.6912	2368
9	13	0	0	0	0	74.0782	2369
9	13	0	0	0	0	75.0835	2370
9	13	0	0	0	0	81.3207	2371
9	13	0	0	0	0	72.74	2372
9	13	0	0	0	0	71.8948	2373
9	13	0	0	0	0	75.0341	2374
10	13	0	0	0	0	75.4266	2375
10	13	0	0	0	0	78.3875	2376
10	13	0	0	0	0	82.6915	2377
10	13	0	0	0	0	79.9491	2378
10	13	0	0	0	0	71.1244	2379
10	13	0	0	0	0	78.1707	2380
10	13	0	0	0	0	81.5	2381
10	13	0	0	0	0	79.4418	2382
10	14	0	0	0	0	75.1849	2383
10	14	0	0	0	0	86.2344	2384
10	14	0	0	0	0	78.459	2385
10	14	0	0	0	0	80.3033	2386
10	14	0	0	0	0	78.1605	2387
10	14	0	0	0	0	69.2613	2388
10	14	0	0	0	0	76.465	2389
9	14	0	0	0	0	76.7043	2390
9	14	0	0	0	0	79.5012	2391
9	14	0	0	0	0	81.3175	2392
9	14	0	0	0	0	71.2585	2393
9	14	0	0	0	0	63.8516	2394
9	13	0	0	0	0	72.2532	2395
9	13	0	0	0	0	76.4746	2396
9	13	0	0	0	0	73.254	2397
9	13	0	0	0	0	73.2074	2398
9	13	0	0	0	0	70.5538	2399
9	13	0	0	0	0	72.4222	2400
9	13	0	0	0	0	74.1962	2401
9	13	0	0	0	0	74.9684	2402
9	13	0	0.5	0	1	70.6339	2403
9	13	0	0.5	0	1	74.9729	2404
9	13	0	0.5	0	1	70.9024	2405
9	13	0	0.5	0	1	75.3951	2406
9	13	0	0.5	0	1	71.0822	2407
9	13	0	0.5	0	1	68.1847	2408
9	14	0	0.5	0	1	73.3403	2409
9	13	0	0.5	0	1	76.2711	2410
9	13	0	0.5	0	1	75.9744	2411
9	13	0	0.5	0	1	62.23	2412
9	13	0	0.5	0	1	72.9977	2413
9	13	0	0.5	0	1	75.7639	2414
9	13	0	0.5	0	1	65.0283	2415
9	13	0	0.5	0	1	73.9292	2416
10	13	0	0.5	0	1	62.4307	2417
10	13	0	0.5	0	1	70.3353	2418
10	13	0	0.5	0	1	68.2086	2419
11	13	0	0.5	0	1	64.185	2420
11	12	0	0.5	0	1	65.4973	2421
11	12	0	0.5	0	1	70.3255	2422
11	11	0	0.5	0	1	64.7705	2423
11	10	0	0.5	0	1	66.3843	2424
10	10	0	0.5	0	1	59.964	2425
10	10	0	0.5	0	1	54.0017	2426
10	10	0	0.5	0	1	64.5226	2427
9	10	0	0.5	0	1	63.76	2428
9	9	0	0.5	0	1	60.8937	2429
9	9	0	0.5	0	1	57.2414	2430
9	9	0	0.5	0	1	61.7076	2431
9	9	0	0.5	0	1	56.9029	2432
9	9	0	0.5	0	1	63.8964	2433
9	9	0	0.5	0	1	63.2087	2434
9	9	0	0.5	0	1	62.37	2435
9	9	0	0.5	0	1	52.6031	2436
9	8	0	0.5	0	1	55.85	2437
9	8	0	0.5	0	1	56.0901	2438
8	8	0	0.5	0	1	45.0652	2439
8	8	0	0.5	0	1	44.8616	2440
7	8	0	0.5	0	1	29.983	2441
7	8	0	0	0	0	45.7042	2442
7	8	0	0	0	0	42.7292	2443
7	8	0	0	0	0	51.8746	2444
7	8	0	0	0	0	47.0995	2445
7	8	0	0	0	0	32.883	2446
7	7	0	0	0	0	29.8693	2447
5	6	0	0	0	0	24.7084	2448
5	6	0	0	0	0	32.3078	2449
5	6	0	0	0	0	33.137	2450
5	6	0	0	0	0	25.8703	2451
5	5	0.666667	0	2	0	32.9758	2452
5	5	0.666667	0	2	0	32.7081	2453
5	5	0.666667	0	2	0	25.9468	2454
5	5	0.666667	0	2	0	31.5617	2455
5	5	0.666667	0	2	0	20.5321	2456
5	5	0.666667	0	2	0	27.5743	2457
5	4	0.666667	0	2	0	26.0436	2458
5	4	0.666667	0	2	0	27.2472	2459
5	4	0.666667	0	2	0	23.9533	2460
5	4	0.666667	0	2	0	21.1715	2461
5	4	0.666667	0	2	0	25.0165	2462
4	4	0.666667	0	2	0	19.8742	2463
4	4	0.666667	0	2	0	18.4704	2464
4	4	0.666667	0	2	0	24.6618	2465
4	4	0.666667	0	2	0	23.4015	2466
4	4	0.666667	0	2	0	21.932	2467
4	4	0.666667	0	2	0	22.1229	2468
4	4	0.666667	0	2	0	21.3021	2469
4	4	0.666667	0	2	0	16.9151	2470
4	4	0.666667	0	2	0	23.849	2471
4	4	0.666667	0	2	0	20.6608	2472
4	4	0.666667	0	2	0	19.005	2473
4	3	0.666667	0	2	0	11.6426	2474
4	3	0.666667	0	2	0	17.9846	2475
4	3	0.666667	0	2	0	11.9881	2476
4	3	0.666667	0	2	0	9.82663	2477
2	3	0.666667	0	2	0	12.4797	2478
2	3	0.666667	0	2	0	13.0585	2479
2	3	0.666667	0	2	0	11.5328	2480
2	3	0.666667	0	2	0	9.00677	2481
2	3	0.666667	0	2	0	12.7391	2482
2	3	0.666667	0	2	0	12.2223	2483
2	3	0.666667	0	2	0	9.87672	2484
2	3	0.666667	0	2	0	10.721	2485
2	3	0.666667	0	2	0	10.0073	2486
2	3	0.666667	0	2	0	12.3389	2487
2	3	0.666667	0	2	0	12.7391	2488
2	3	0.666667	0	2	0	6.78725	2489
2	3	0.666667	0	2	0	11.5043	2490
2	3	0.666667	0	2	0	11.4896	2491
2	3	0.666667	0	2	0	8.5646	2492
2	2	0.666667	0	2	0	8.5646	2493
2	2	0.666667	0	2	0	8.96227	2494
2	2	0.666667	0	2	0	8.5646	2495
2	2	0.666667	0	2	0	9.23636	2496
2	2	0.666667	0	2	0	8.37757	2497
2	2	0.666667	0	2	0	7.89077	2498
2	2	0.666667	0	2	0	7.87588	2499
2	2	0.666667	0	2	0	8.02647	2500
2	2	0.666667	0	2	0	5.49972	2501
2	2	0.666667	0	2	0	4.4737	2502
2	2	0.666667	0	2	0	4.68099	2503
2	2	0.666667	0	2	0	4.4737	2504
1	2	0	0	0	0	4.68099	2505
1	2	0	0	0	0	5.17383	2506
1	2	0	0	0	0	4.07192	2507
1	2	0	0	0	0	3.909	2508
1	2	0	0	0	0	4.4737	2509
1	2	0	0	0	0	3.909	2510
1	2	0	0	0	0	1.14337	2511
1	2	0	0	0	0	4.19577	2512
1	2	0	0	0	0	4.11436	2513
1	2	0	0	0	0	-2.95504	2514
1	1	0	0	0	0	-2.95504	2515
0	1	0	0	0	0	-4.21247	2516
0	1	0	0	0	0	-3.27193	2517
0	1	0	0	0	0	nan	2518
0	1	0	0	0	0	nan	2519
