unique_top_cov	unique_bot_cov	redundant_top_cov	redundant_bot_cov	raw_redundant_top_cov	raw_redundant_bot_cov	e_value	position
9	1	0	0	0	0	nan	1
9	3	0	0.142857	0	1	nan	2
9	3	0	0.142857	0	1	28.5706	3
12	3	0	0.142857	0	1	28.1452	4
15	3	0	0.142857	0	1	35.8716	5
15	3	0	0.142857	0	1	32.1442	6
15	4	0.142857	0.285714	1	2	37.9036	7
17	4	0.142857	0.285714	1	2	56.1994	8
17	6	0.142857	0.285714	1	2	49.9241	9
17	8	0.142857	0.285714	1	2	55.2933	10
17	8	0.142857	0.285714	1	2	62.6329	11
17	8	0.142857	0.428571	1	3	53.7374	12
21	9	0.142857	0.428571	1	3	75.9659	13
21	9	0.142857	0.428571	1	3	80.0747	14
23	10	0.142857	0.428571	1	3	101.864	15
23	11	0.142857	0.428571	1	3	104.176	16
23	11	0.142857	0.428571	1	3	89.4944	17
25	11	0.142857	0.428571	1	3	89.96	18
25	11	0.142857	0.428571	1	3	105.048	19
25	11	0.142857	0.428571	1	3	95.5679	20
25	12	0.142857	0.571429	1	4	96.7567	21
25	14	0.142857	0.571429	1	4	99.3273	22
25	17	0.142857	0.714286	1	5	106.108	23
25	17	0.142857	0.714286	1	5	137.448	24
25	18	0.142857	0.714286	1	5	140.076	25
25	18	0.285714	0.714286	2	5	143.395	26
26	18	0.285714	0.714286	2	5	142.547	27
26	18	0.285714	0.714286	2	5	146.616	28
26	18	0.285714	0.714286	2	5	142.69	29
26	19	0.285714	0.714286	2	5	155.801	30
26	20	0.285714	0.714286	2	5	155.792	31
27	20	0.285714	0.714286	2	5	151.057	32
27	20	0.285714	0.714286	2	5	155.749	33
27	21	0.285714	0.714286	2	5	157.396	34
27	21	0.285714	0.714286	2	5	155.96	35
27	21	0.285714	0.714286	2	5	164.082	36
27	22	0.285714	0.714286	2	5	163.345	37
28	22	0.285714	0.714286	2	5	163.414	38
28	22	0.285714	0.714286	2	5	149.902	39
29	22	0.285714	0.714286	2	5	184.911	40
29	22	0.285714	0.714286	2	5	183.27	41
30	25	0.285714	0.714286	2	5	182.5	42
30	25	0.285714	0.714286	2	5	191.092	43
31	25	0.285714	0.714286	2	5	196.742	44
31	25	0.285714	0.714286	2	5	180.562	45
31	26	0.285714	0.714286	2	5	202.082	46
32	26	0.285714	0.714286	2	5	194.517	47
32	26	0.285714	0.714286	2	5	198.076	48
32	28	0.285714	0.714286	2	5	202.158	49
32	29	0.285714	0.571429	2	4	211.196	50
33	29	0.142857	0.571429	1	4	212.117	51
33	29	0.142857	0.571429	1	4	220.302	52
33	29	0.142857	0.571429	1	4	225.316	53
33	29	0.142857	0.571429	1	4	206.952	54
34	29	0.142857	0.571429	1	4	192.175	55
34	30	0.142857	0.571429	1	4	232.993	56
34	30	0.142857	0.571429	1	4	217.493	57
34	30	0.142857	0.571429	1	4	222.113	58
34	30	0.142857	0.571429	1	4	236.827	59
34	30	0.142857	0.571429	1	4	220.934	60
34	30	0.142857	0.571429	1	4	218.649	61
34	30	0.142857	0.571429	1	4	243.545	62
34	30	0.142857	0.571429	1	4	231.453	63
35	31	0.142857	0.571429	1	4	241.452	64
35	31	0.142857	0.428571	1	3	214.856	65
37	31	0.142857	0.428571	1	3	229.955	66
38	32	0.142857	0.428571	1	3	237.425	67
38	32	0	0.428571	0	3	233.829	68
38	32	0	0.428571	0	3	239.519	69
38	32	0	0.428571	0	3	251.604	70
38	33	0	0.285714	0	2	251.627	71
38	33	0	0.142857	0	1	247.3	72
40	33	0	0.142857	0	1	235.841	73
40	33	0	0.142857	0	1	242.986	74
40	33	0	0	0	0	255.934	75
40	33	0	0	0	0	243.608	76
40	33	0	0	0	0	262.478	77
40	33	0	0	0	0	268.712	78
40	32	0	0	0	0	263.137	79
41	32	0	0	0	0	252.072	80
41	32	0	0	0	0	268.075	81
41	32	0	0	0	0	251.536	82
42	32	0	0	0	0	269.147	83
42	31	0	0	0	0	258.08	84
45	36	0	0	0	0	258.922	85
45	36	0	0	0	0	261.129	86
46	35	0	0	0	0	284.135	87
47	36	0	0	0	0	290.149	88
46	35	0	0	0	0	265.131	89
47	42	0	0	0	0	265.224	90
47	42	0	0	0	0	269.425	91
48	42	0	0	0	0	247.687	92
51	43	0	0	0	0	254.526	93
46	43	0	0	0	0	269.625	94
46	44	0	0	0	0	312.4	95
46	43	0	0	0	0	301.707	96
46	43	0	0	0	0	316.29	97
47	43	0	0	0	0	310.469	98
44	42	0	0	0	0	278.977	99
44	41	0	0	0	0	300.514	100
44	40	0	0	0	0	304.487	101
46	39	0	0	0	0	301.464	102
46	39	0	0	0	0	249.853	103
46	37	0	0	0	0	288.886	104
49	37	0	0	0	0	313.413	105
51	37	0	0	0	0	262.732	106
53	35	0	0	0	0	309.941	107
57	34	0	0	0	0	289.785	108
58	34	0	0	0	0	293.213	109
59	33	0	0	0	0	277.698	110
59	33	0	0	0	0	267.448	111
59	34	0	0	0	0	295.024	112
59	35	0	0	0	0	329.445	113
59	35	0	0	0	0	318.346	114
59	36	0	0	0	0	325.733	115
59	36	0	0	0	0	313.58	116
60	36	0	0	0	0	310.213	117
60	32	0	0	0	0	328.098	118
60	32	0	0	0	0	323.133	119
61	37	0	0	0	0	299.43	120
64	37	0	0	0	0	334.418	121
63	36	0	0	0	0	343.693	122
63	37	0	0	0	0	354.591	123
63	37	0	0	0	0	353.93	124
65	39	0	0	0	0	365.701	125
63	39	0	0	0	0	339.211	126
63	37	0	0	0	0	319.821	127
63	37	0	0	0	0	344.007	128
58	36	0	0	0	0	319.561	129
58	37	0	0	0	0	338.138	130
58	38	0	0	0	0	347.93	131
58	38	0	0	0	0	351.24	132
58	37	0	0	0	0	336.882	133
58	37	0	0	0	0	352.474	134
58	37	0	0	0	0	321.288	135
58	37	0	0	0	0	343.622	136
58	37	0	0	0	0	340.636	137
58	37	0	0	0	0	321.529	138
58	37	0	0	0	0	321.186	139
59	38	0	0	0	0	338.398	140
59	38	0	0	0	0	327.248	141
59	38	0	0	0	0	335.392	142
60	42	0	0	0	0	331.486	143
61	43	0	0	0	0	332.683	144
59	42	0	0	0	0	331.524	145
59	42	0	0	0	0	352.383	146
60	45	0	0	0	0	345.802	147
60	45	0	0	0	0	356.809	148
59	46	0	0	0	0	338.633	149
59	44	0	0	0	0	373.634	150
57	44	0	0	0	0	354.618	151
54	44	0	0	0	0	329.579	152
54	49	0	0	0	0	348.272	153
53	51	0	0	0	0	369.779	154
53	51	0	0	0	0	352.222	155
54	50	0	0	0	0	367.609	156
55	50	0	0	0	0	371.188	157
56	50	0	0	0	0	358.038	158
56	50	0	0	0	0	377.299	159
57	50	0	0	0	0	378.137	160
57	51	0	0	0	0	363.375	161
56	51	0	0	0	0	354.78	162
53	50	0	0	0	0	361.775	163
53	50	0	0	0	0	362.996	164
54	50	0	0	0	0	337.696	165
54	51	0	0	0	0	359.059	166
58	50	0	0	0	0	378.523	167
58	50	0	0	0	0	379.933	168
58	50	0	0	0	0	382.052	169
58	50	0	0	0	0	388.181	170
58	51	0	0	0	0	371.374	171
59	51	0	0	0	0	364.383	172
59	49	0	0	0	0	372.311	173
63	48	0	0	0	0	397.652	174
63	48	0	0	0	0	411.976	175
63	48	0	0	0	0	408.698	176
63	48	0	0	0	0	386.828	177
62	48	0	0	0	0	394.462	178
62	48	0	0	0	0	358.313	179
62	48	0	0	0	0	392.746	180
62	47	0	0	0	0	398.621	181
60	47	0	0	0	0	383.537	182
60	47	0	0	0	0	396.19	183
60	47	0	0	0	0	381.116	184
62	47	0	0	0	0	390.698	185
62	46	0	0	0	0	401.545	186
65	45	0	0	0	0	369.313	187
66	45	0	0	0	0	372.778	188
65	43	0	0	0	0	364.198	189
66	43	0	0	0	0	366.563	190
67	43	0	0	0	0	385.333	191
65	43	0	0	0	0	366.622	192
65	42	0	0	0	0	368.125	193
65	42	0	0	0	0	400.691	194
65	42	0	0	0	0	355.12	195
65	42	0	0	0	0	375.411	196
65	42	0	0	0	0	391.079	197
66	41	0	0	0	0	379.306	198
66	41	0	0	0	0	360.87	199
67	41	0	0	0	0	389.007	200
68	43	0	0	0	0	378.657	201
70	44	0	0	0	0	386.3	202
70	43	0	0	0	0	412.977	203
70	43	0	0	0	0	410.212	204
70	43	0	0	0	0	411.419	205
69	43	0	0	0	0	392.8	206
69	43	0	0	0	0	412.404	207
70	43	0	0	0	0	407.956	208
71	43	0	0	0	0	421.498	209
71	43	0	0	0	0	392.333	210
70	43	0	0	0	0	368.267	211
71	44	0	0	0	0	371.356	212
72	46	0	0	0	0	393.016	213
72	48	0	0	0	0	379.032	214
72	48	0	0	0	0	378.231	215
72	47	0	0	0	0	396.969	216
71	46	0	0	0	0	381.15	217
72	46	0	0	0	0	378.138	218
72	46	0	0	0	0	409.928	219
72	46	0	0	0	0	379.262	220
69	50	0	0	0	0	402.425	221
69	48	0	0	0	0	440.034	222
67	47	0	0	0	0	418.829	223
67	47	0	0	0	0	399.74	224
67	48	0	0	0	0	410.403	225
68	59	0	0	0	0	424.692	226
67	58	0	0	0	0	420.497	227
69	58	0	0	0	0	407.202	228
68	58	0	0	0	0	411.298	229
64	57	0	0	0	0	416.747	230
66	56	0	0	0	0	447.635	231
66	56	0	0	0	0	443.038	232
65	56	0	0	0	0	412.823	233
65	59	0	0	0	0	445.33	234
62	58	0	0	0	0	450.348	235
62	60	0	0	0	0	426.003	236
61	64	0	0	0	0	397.098	237
62	64	0	0	0	0	406.654	238
65	73	0	0	0	0	400.309	239
65	73	0	0	0	0	413.733	240
65	72	0	0	0	0	409.952	241
66	72	0	0	0	0	399.849	242
61	73	0	0	0	0	479.901	243
62	74	0	0	0	0	471.334	244
62	74	0	0	0	0	490.396	245
61	74	0	0	0	0	509.386	246
61	74	0	0	0	0	512.254	247
60	74	0	0	0	0	486.842	248
60	76	0	0	0	0	473.268	249
61	77	0	0	0	0	457.11	250
61	79	0	0	0	0	493.09	251
61	79	0	0	0	0	462.261	252
61	79	0	0	0	0	479.643	253
61	78	0	0	0	0	490.17	254
61	78	0	0	0	0	490.464	255
61	80	0	0	0	0	466.304	256
61	80	0	0	0	0	478.548	257
56	80	0	0	0	0	494.866	258
56	80	0	0	0	0	495.647	259
56	80	0	0	0	0	494.507	260
57	80	0	0	0	0	528.962	261
57	80	0	0	0	0	515.584	262
57	79	0	0	0	0	494.025	263
58	78	0	0	0	0	489.143	264
58	78	0	0	0	0	486.099	265
58	83	0	0	0	0	489.552	266
58	86	0	0	0	0	536.732	267
62	86	0	0	0	0	507.542	268
61	86	0	0	0	0	464.73	269
62	84	0	0	0	0	531.382	270
63	83	0	0	0	0	507.374	271
63	83	0	0	0	0	541.048	272
61	82	0	0	0	0	522.306	273
62	82	0	0	0	0	526.745	274
61	86	0	0	0	0	536.704	275
62	86	0	0	0	0	538.599	276
60	86	0	0	0	0	519.117	277
62	86	0	0	0	0	518.151	278
62	86	0	0	0	0	538.9	279
63	86	0	0	0	0	569.606	280
63	84	0	0	0	0	533.171	281
63	82	0	0	0	0	523.378	282
65	81	0	0	0	0	545.98	283
65	81	0	0	0	0	522.479	284
65	83	0	0	0	0	507.813	285
66	81	0	0	0	0	524.764	286
66	82	0	0	0	0	514.586	287
68	83	0	0	0	0	565.512	288
68	83	0	0	0	0	504.113	289
68	84	0	0	0	0	518.278	290
68	82	0	0	0	0	499.021	291
69	80	0	0	0	0	479.629	292
71	81	0	0	0	0	507.739	293
67	81	0	0	0	0	506.177	294
68	82	0	0	0	0	511.448	295
71	83	0	0	0	0	516.072	296
72	82	0	0	0	0	506.985	297
72	81	0	0	0	0	516.573	298
73	80	0	0	0	0	546.805	299
72	78	0	0	0	0	491.126	300
72	79	0	0	0	0	537.58	301
71	79	0	0	0	0	545.41	302
70	74	0	0	0	0	515.277	303
70	79	0	0	0	0	556.52	304
72	78	0	0	0	0	535.832	305
73	79	0	0	0	0	515.342	306
75	81	0	0	0	0	551.348	307
78	87	0	0	0	0	579.337	308
78	86	0	0	0	0	566.267	309
78	86	0	0	0	0	543.859	310
78	87	0	0	0	0	580.11	311
79	88	0	0	0	0	560.841	312
77	88	0	0	0	0	606.683	313
76	86	0	0	0	0	523.587	314
76	97	0	0	0	0	587.585	315
75	96	0	0	0	0	565.776	316
70	96	0	0	0	0	593.41	317
70	97	0	0	0	0	595.022	318
70	97	0	0	0	0	585.577	319
70	97	0	0	0	0	599.794	320
70	97	0	0	0	0	643.391	321
70	98	0	0	0	0	623.94	322
71	98	0	0	0	0	613.455	323
65	98	0	0	0	0	551.435	324
65	98	0	0	0	0	607.011	325
66	98	0	0	0	0	574.25	326
66	96	0	0	0	0	620.97	327
67	94	0	0	0	0	512.613	328
68	95	0	0	0	0	612.421	329
68	95	0	0	0	0	586.465	330
69	94	0	0	0	0	557.852	331
73	95	0	0	0	0	584.841	332
73	95	0	0	0	0	575.27	333
74	95	0	0	0	0	559.733	334
73	94	0	0	0	0	612.591	335
73	93	0	0	0	0	633.274	336
71	93	0	0	0	0	550.673	337
71	92	0	0	0	0	592.974	338
72	92	0	0	0	0	573.423	339
73	92	0	0	0	0	617.229	340
73	92	0	0	0	0	589.942	341
74	93	0	0	0	0	614.33	342
74	93	0	0	0	0	605.468	343
74	93	0	0	0	0	609.967	344
76	93	0	0	0	0	603.919	345
76	92	0	0	0	0	584.004	346
77	91	0	0	0	0	601.002	347
78	91	0	0	0	0	582.721	348
78	91	0	0	0	0	564.681	349
78	91	0	0	0	0	536.178	350
75	88	0	0	0	0	604.617	351
77	89	0	0	0	0	582.312	352
77	89	0	0	0	0	594.98	353
77	88	0	0	0	0	587.492	354
77	88	0	0	0	0	577.809	355
78	86	0	0	0	0	556.862	356
79	86	0	0	0	0	597.427	357
79	85	0	0	0	0	579.446	358
80	85	0	0	0	0	535.532	359
80	84	0	0	0	0	582.687	360
82	84	0	0	0	0	591.288	361
82	82	0	0	0	0	590.469	362
82	79	0	0	0	0	576.441	363
82	79	0	0	0	0	569.311	364
82	79	0	0	0	0	595.525	365
82	79	0	0	0	0	581.905	366
82	79	0	0	0	0	569.2	367
81	79	0	0	0	0	557.769	368
84	79	0	0	0	0	546.396	369
83	79	0	0	0	0	572.437	370
83	76	0	0	0	0	573.155	371
83	82	0	0	0	0	563.378	372
84	81	0	0	0	0	566.194	373
84	80	0	0	0	0	585.684	374
87	78	0	0	0	0	583.919	375
88	72	0	0	0	0	569.734	376
88	71	0	0	0	0	540.742	377
86	69	0	0	0	0	549.996	378
88	72	0	0	0	0	519.153	379
88	75	0	0	0	0	589.923	380
87	76	0	0	0	0	587.491	381
87	75	0	0	0	0	582.94	382
87	74	0	0	0	0	578.219	383
90	73	0	0	0	0	574.168	384
91	73	0	0	0	0	616.847	385
92	72	0	0	0	0	548.451	386
91	73	0	0	0	0	577.806	387
91	73	0	0	0	0	561.808	388
82	71	0	0	0	0	564.748	389
83	69	0	0	0	0	549.723	390
84	72	0	0	0	0	556.475	391
85	77	0	0	0	0	542.634	392
85	77	0	0	0	0	608.239	393
85	77	0	0	0	0	572.499	394
86	76	0	0	0	0	566.42	395
88	77	0	0	0	0	579.428	396
88	76	0	0	0	0	556.147	397
89	76	0	0	0	0	585.352	398
89	76	0	0	0	0	573.69	399
86	75	0	0	0	0	552.233	400
82	72	0	0	0	0	537.191	401
82	70	0	0	0	0	542.416	402
83	71	0	0	0	0	538.936	403
84	71	0	0	0	0	583.515	404
85	70	0	0	0	0	557.338	405
84	70	0	0	0	0	566.312	406
83	71	0	0	0	0	553.766	407
84	74	0	0	0	0	567.593	408
85	78	0	0	0	0	598.397	409
85	78	0	0	0	0	549.859	410
87	78	0	0	0	0	547.377	411
87	78	0	0	0	0	591.888	412
89	77	0	0	0	0	602.774	413
89	77	0	0	0	0	582.885	414
89	77	0	0	0	0	587.51	415
89	75	0	0	0	0	558.295	416
88	74	0	0	0	0	569.157	417
81	73	0	0	0	0	550.695	418
81	74	0	0	0	0	597.537	419
81	75	0	0	0	0	541.451	420
81	75	0	0	0	0	548.023	421
86	93	0	0	0	0	472.103	422
87	93	0	0	0	0	543.054	423
93	95	0	0	0	0	544.462	424
94	92	0	0	0	0	496.259	425
95	91	0	0	0	0	598.51	426
97	95	0	0	0	0	648.291	427
96	95	0	0	0	0	574.336	428
97	94	0	0	0	0	563.667	429
97	91	0	0	0	0	639.037	430
91	89	0	0	0	0	618.009	431
91	89	0	0	0	0	630.143	432
86	88	0	0	0	0	630.782	433
85	88	0	0	0	0	668.045	434
84	87	0	0	0	0	589.264	435
81	87	0	0	0	0	631.487	436
80	87	0	0	0	0	614.175	437
79	87	0	0	0	0	595.286	438
80	86	0	0	0	0	615.018	439
80	87	0	0	0	0	615.17	440
80	87	0	0	0	0	634.513	441
80	85	0	0	0	0	601.329	442
81	85	0	0	0	0	581.791	443
58	75	0	0	0	0	473.461	444
59	75	0	0	0	0	499.78	445
60	78	0	0	0	0	496.54	446
60	78	0	0	0	0	508.8	447
60	78	0	0	0	0	490.349	448
60	79	0	0	0	0	526.06	449
61	79	0	0	0	0	507.742	450
61	80	0	0	0	0	506.696	451
64	79	0	0	0	0	493.401	452
64	79	0	0	0	0	512.424	453
64	79	0	0	0	0	527.532	454
64	79	0	0	0	0	503.892	455
64	78	0	0	0	0	520.096	456
65	77	0	0	0	0	517.489	457
65	74	0	0	0	0	502.394	458
66	75	0	0	0	0	493.941	459
67	79	0	0	0	0	517.369	460
67	77	0	0	0	0	521.946	461
67	77	0	0	0	0	495.765	462
67	77	0	0	0	0	526.631	463
67	77	0	0	0	0	505.353	464
67	73	0	0	0	0	529.473	465
72	72	0	0	0	0	505.013	466
73	72	0	0	0	0	497.528	467
73	70	0	0	0	0	524.733	468
69	70	0	0	0	0	482.822	469
70	69	0	0	0	0	524.533	470
70	69	0	0	0	0	525.104	471
71	69	0	0	0	0	533.935	472
71	77	0	0	0	0	435.995	473
73	77	0	0	0	0	469.68	474
73	77	0	0	0	0	501.054	475
73	76	0	0	0	0	538.914	476
75	76	0	0	0	0	542.305	477
75	76	0	0	0	0	513.451	478
79	76	0	0	0	0	519.458	479
79	76	0	0	0	0	571.361	480
79	76	0	0	0	0	543.606	481
75	77	0	0	0	0	522.686	482
74	76	0	0	0	0	535.982	483
74	76	0	0	0	0	534.967	484
75	76	0	0	0	0	505.253	485
75	76	0	0	0	0	528.591	486
76	75	0	0	0	0	512.678	487
75	76	0	0	0	0	520.999	488
76	73	0	0	0	0	550.246	489
75	74	0	0	0	0	530.639	490
73	74	0	0	0	0	498.91	491
73	73	0	0	0	0	532.904	492
73	73	0	0	0	0	528.793	493
73	74	0	0	0	0	537.573	494
74	74	0	0	0	0	514.708	495
76	74	0	0	0	0	526.764	496
75	74	0	0	0	0	542.163	497
71	74	0	0	0	0	507.827	498
71	75	0	0	0	0	516.632	499
72	75	0	0	0	0	511.18	500
72	74	0	0	0	0	543.809	501
72	73	0	0	0	0	511.78	502
72	77	0	0	0	0	539.855	503
73	75	0	0	0	0	547.011	504
74	76	0	0	0	0	525.233	505
74	76	0	0	0	0	539.916	506
74	79	0	0	0	0	546.225	507
74	79	0	0	0	0	540.444	508
74	79	0	0	0	0	531.938	509
76	78	0	0	0	0	559.486	510
76	78	0	0	0	0	525.129	511
72	80	0	0	0	0	525.454	512
72	80	0	0	0	0	533.691	513
72	81	0	0	0	0	546.125	514
72	81	0	0	0	0	542.193	515
72	80	0	0	0	0	534.498	516
70	80	0	0	0	0	564.515	517
70	82	0	0	0	0	538.542	518
70	85	0	0	0	0	570.559	519
70	84	0	0	0	0	504.195	520
73	85	0	0	0	0	518.738	521
74	85	0	0	0	0	539.791	522
75	86	0	0	0	0	561.309	523
77	86	0	0	0	0	587.547	524
77	86	0	0	0	0	628.117	525
77	84	0	0	0	0	556.76	526
73	83	0	0	0	0	546.021	527
70	86	0	0	0	0	583.16	528
71	86	0	0	0	0	559.429	529
71	84	0	0	0	0	551.977	530
71	87	0	0	0	0	543.743	531
70	87	0	0	0	0	552.225	532
70	88	0	0	0	0	535.093	533
66	89	0	0	0	0	541.614	534
66	87	0	0	0	0	531.714	535
65	92	0	0	0	0	560.698	536
68	91	0	0	0	0	565.867	537
68	89	0	0	0	0	564.793	538
69	89	0	0	0	0	567.289	539
69	87	0	0	0	0	538.804	540
69	86	0	0	0	0	579.653	541
68	85	0	0	0	0	522.501	542
69	83	0	0	0	0	540.376	543
71	83	0	0	0	0	562.418	544
69	83	0	0	0	0	540.092	545
70	82	0	0	0	0	523.221	546
70	82	0	0	0	0	535.912	547
70	78	0	0	0	0	548.872	548
70	77	0	0	0	0	512.131	549
70	76	0	0	0	0	525.586	550
70	76	0	0	0	0	545.715	551
71	75	0	0	0	0	510.787	552
71	73	0	0	0	0	513.158	553
71	74	0	0	0	0	507.349	554
69	74	0	0	0	0	521.079	555
69	74	0	0	0	0	506.685	556
69	75	0	0	0	0	539.624	557
69	75	0	0	0	0	516.694	558
69	72	0	0	0	0	509.334	559
69	72	0	0	0	0	483.138	560
69	72	0	0	0	0	475.902	561
69	72	0	0	0	0	487.363	562
70	68	0	0	0	0	492.708	563
70	68	0	0	0	0	474.243	564
70	69	0	0	0	0	498.108	565
75	69	0	0	0	0	485.843	566
75	70	0	0	0	0	534.671	567
76	71	0	0	0	0	506.897	568
76	71	0	0	0	0	492.456	569
76	70	0	0	0	0	505.455	570
75	70	0	0	0	0	476.981	571
74	66	0	0	0	0	506.692	572
78	66	0	0	0	0	480.813	573
77	64	0	0	0	0	488.622	574
75	65	0	0	0	0	508.082	575
74	65	0	0	0	0	493.764	576
75	61	0	0	0	0	488.534	577
75	61	0	0	0	0	445.021	578
76	60	0	0	0	0	481.432	579
76	58	0	0	0	0	468.65	580
77	59	0	0	0	0	464.765	581
77	59	0	0	0	0	468.644	582
80	60	0	0	0	0	476.547	583
80	60	0	0	0	0	483.601	584
81	63	0	0	0	0	483.93	585
81	63	0	0	0	0	444.895	586
81	63	0	0	0	0	491.102	587
82	63	0	0	0	0	491.237	588
83	63	0	0	0	0	498.043	589
83	63	0	0	0	0	482.358	590
83	65	0	0	0	0	531.853	591
84	65	0	0	0	0	530.498	592
85	66	0	0	0	0	539.089	593
86	67	0	0	0	0	530.908	594
86	68	0	0	0	0	516.73	595
88	67	0	0	0	0	512.66	596
90	67	0	0	0	0	518.349	597
91	65	0	0	0	0	529.281	598
91	65	0	0	0	0	527.398	599
90	72	0	0	0	0	519.29	600
90	72	0	0	0	0	523.456	601
89	73	0	0	0	0	547.909	602
89	72	0	0	0	0	526.969	603
89	72	0	0	0	0	526.227	604
93	73	0	0	0	0	575.235	605
93	73	0	0	0	0	551.137	606
92	79	0	0	0	0	614.221	607
90	78	0	0	0	0	604.644	608
89	78	0	0	0	0	599.715	609
88	78	0	0	0	0	599.354	610
90	77	0	0	0	0	592.584	611
90	79	0	0	0	0	573.654	612
90	79	0	0	0	0	604.826	613
91	79	0	0	0	0	548.919	614
91	79	0	0	0	0	587.887	615
84	79	0	0	0	0	607.526	616
84	79	0	0	0	0	588.341	617
84	79	0	0	0	0	567.841	618
80	76	0	0	0	0	556.983	619
83	80	0	0	0	0	594.009	620
82	81	0	0	0	0	578.755	621
82	81	0	0	0	0	560.589	622
82	78	0	0	0	0	568.388	623
81	78	0	0	0	0	573.318	624
81	78	0	0	0	0	559.722	625
81	78	0	0	0	0	550.385	626
80	78	0	0	0	0	563.882	627
81	78	0	0	0	0	554.322	628
71	76	0	0	0	0	506.292	629
72	77	0	0	0	0	538.403	630
74	78	0	0	0	0	517.735	631
74	77	0	0	0	0	517.944	632
76	77	0	0	0	0	514.739	633
77	77	0	0	0	0	544.681	634
79	84	0	0	0	0	555.157	635
81	86	0	0	0	0	578.567	636
81	85	0	0	0	0	592.671	637
81	85	0	0	0	0	580.943	638
82	84	0	0	0	0	564.23	639
82	83	0	0	0	0	577.005	640
82	82	0	0	0	0	578.595	641
82	82	0	0	0	0	620.387	642
82	82	0	0	0	0	624.382	643
79	83	0	0	0	0	533.013	644
80	82	0	0	0	0	571.382	645
80	84	0	0	0	0	606.872	646
81	84	0	0	0	0	564.67	647
82	83	0	0	0	0	553.558	648
81	83	0	0	0	0	612.807	649
83	83	0	0	0	0	581.822	650
84	95	0	0	0	0	583.736	651
85	94	0	0	0	0	570.37	652
86	91	0	0	0	0	571.582	653
86	91	0	0	0	0	585.396	654
88	91	0	0	0	0	629.896	655
88	91	0	0	0	0	638.56	656
87	90	0	0	0	0	642.588	657
86	89	0	0	0	0	604.135	658
88	89	0	0	0	0	569.689	659
80	89	0	0	0	0	629.416	660
78	88	0	0	0	0	610.756	661
78	88	0	0	0	0	608.798	662
78	87	0	0	0	0	585.115	663
78	87	0	0	0	0	605.877	664
78	85	0	0	0	0	567.815	665
78	85	0	0	0	0	579.84	666
78	83	0	0	0	0	567.39	667
78	81	0	0	0	0	553.416	668
78	78	0	0	0	0	556.656	669
78	78	0	0	0	0	535.17	670
76	78	0	0	0	0	542.109	671
76	77	0	0	0	0	538.72	672
77	77	0	0	0	0	547.735	673
76	77	0	0	0	0	569.731	674
76	76	0	0	0	0	572.039	675
76	76	0	0	0	0	566.082	676
76	76	0	0	0	0	534.94	677
77	75	0	0	0	0	543.03	678
78	75	0	0	0	0	578.786	679
78	75	0	0	0	0	536.893	680
77	74	0	0	0	0	539.848	681
78	74	0	0	0	0	538.692	682
79	72	0	0	0	0	529.039	683
80	71	0	0	0	0	527.612	684
82	72	0	0	0	0	526.656	685
82	69	0	0	0	0	521.226	686
72	69	0	0	0	0	492.081	687
71	69	0	0	0	0	496.465	688
70	69	0	0	0	0	490.715	689
67	68	0	0	0	0	478.491	690
68	66	0	0	0	0	473.767	691
66	64	0	0	0	0	481.193	692
65	63	0	0	0	0	393.136	693
61	63	0	0	0	0	445.927	694
63	61	0	0	0	0	433.6	695
64	61	0	0	0	0	429.432	696
66	61	0	0	0	0	437.837	697
66	60	0	0	0	0	461.351	698
66	59	0	0	0	0	435.768	699
66	59	0	0	0	0	441.156	700
68	59	0	0	0	0	442.688	701
68	60	0	0	0	0	443.782	702
68	61	0	0	0	0	413.297	703
69	60	0	0	0	0	446.979	704
69	60	0	0	0	0	467.863	705
69	57	0	0	0	0	444.876	706
69	59	0	0	0	0	459.767	707
70	58	0	0	0	0	438.943	708
68	58	0	0	0	0	478.165	709
68	58	0	0	0	0	446.888	710
68	58	0	0	0	0	434.501	711
68	58	0	0	0	0	468.428	712
68	64	0	0	0	0	463.631	713
68	65	0	0	0	0	445.694	714
70	67	0	0	0	0	452.648	715
66	67	0	0	0	0	400.235	716
66	68	0	0	0	0	447.193	717
67	68	0	0	0	0	491.178	718
70	69	0	0	0	0	468.524	719
71	69	0	0	0	0	492.338	720
72	69	0	0	0	0	479.782	721
71	70	0	0	0	0	454.386	722
55	70	0	0	0	0	435.809	723
54	75	0	0	0	0	437.125	724
54	74	0	0	0	0	453.162	725
54	74	0	0	0	0	433.051	726
54	75	0	0	0	0	470.196	727
54	74	0	0	0	0	452.405	728
54	75	0	0	0	0	459.278	729
55	76	0	0	0	0	463.235	730
55	75	0	0	0	0	469.377	731
55	75	0	0	0	0	484.182	732
49	75	0	0	0	0	443.398	733
49	75	0	0	0	0	417.773	734
51	74	0	0	0	0	358.493	735
50	75	0	0	0	0	437.308	736
49	74	0	0	0	0	425.369	737
49	74	0	0	0	0	442.867	738
49	74	0	0	0	0	428.719	739
50	75	0	0	0	0	450.957	740
50	74	0	0	0	0	402.144	741
50	74	0	0	0	0	424.403	742
50	74	0	0	0	0	438.407	743
52	73	0	0	0	0	403.984	744
54	73	0	0	0	0	462.954	745
53	73	0	0	0	0	424.597	746
50	73	0	0	0	0	407.516	747
50	73	0	0	0	0	441.417	748
50	73	0	0	0	0	384.592	749
50	66	0	0	0	0	415.308	750
50	66	0	0	0	0	429.06	751
51	65	0	0	0	0	416.523	752
52	65	0	0	0	0	421.787	753
52	65	0	0	0	0	404.929	754
52	63	0	0	0	0	407.362	755
54	61	0	0	0	0	344.838	756
54	60	0	0	0	0	388.626	757
55	60	0	0	0	0	381.909	758
56	59	0	0	0	0	373.04	759
56	58	0	0	0	0	393.056	760
58	58	0	0	0	0	390.18	761
58	55	0	0	0	0	402.374	762
58	55	0	0	0	0	364.103	763
59	54	0	0	0	0	360.673	764
61	53	0	0	0	0	373.35	765
61	53	0	0	0	0	364.961	766
61	50	0	0	0	0	354.399	767
61	49	0	0	0	0	344.939	768
63	49	0	0	0	0	348.763	769
63	48	0	0	0	0	332.143	770
63	47	0	0	0	0	362.788	771
65	52	0	0	0	0	347.248	772
65	52	0	0	0	0	417.193	773
65	51	0	0	0	0	370.778	774
65	52	0	0	0	0	400.657	775
66	52	0	0	0	0	416.991	776
66	51	0	0	0	0	413.774	777
66	51	0	0	0	0	407.684	778
65	51	0	0	0	0	398.88	779
67	50	0	0	0	0	409.141	780
66	49	0	0	0	0	403.04	781
68	49	0	0	0	0	404.3	782
67	49	0	0	0	0	405.229	783
65	49	0	0	0	0	417.556	784
66	45	0	0	0	0	341.643	785
61	46	0	0	0	0	395.076	786
61	46	0	0	0	0	382.539	787
60	46	0	0	0	0	387.147	788
63	44	0	0	0	0	366.74	789
65	45	0	0	0	0	364.492	790
65	43	0	0	0	0	402.302	791
65	42	0	0	0	0	372.416	792
65	43	0	0	0	0	386.012	793
64	43	0	0	0	0	377.761	794
63	43	0	0	0	0	414.241	795
63	43	0	0	0	0	371.294	796
61	43	0	0	0	0	371.174	797
61	43	0	0	0	0	392.302	798
63	43	0	0	0	0	360.576	799
61	43	0	0	0	0	374.158	800
61	42	0	0	0	0	390.513	801
60	41	0	0	0	0	317.134	802
59	41	0	0	0	0	340.068	803
59	40	0	0	0	0	372.07	804
59	40	0	0	0	0	361.429	805
59	42	0	0	0	0	370.095	806
59	42	0	0	0	0	355.369	807
60	42	0	0	0	0	355.935	808
61	42	0	0	0	0	358.843	809
60	42	0	0	0	0	355.754	810
62	42	0	0	0	0	385.716	811
62	42	0	0	0	0	363.648	812
64	42	0	0	0	0	366.144	813
65	42	0	0	0	0	364.092	814
65	42	0	0	0	0	383.471	815
65	42	0	0	0	0	381.123	816
66	43	0	0	0	0	379.385	817
68	49	0	0	0	0	391.493	818
70	51	0	0	0	0	395.308	819
70	56	0	0	0	0	459.589	820
70	56	0	0	0	0	427.995	821
70	56	0	0	0	0	440.368	822
70	56	0	0	0	0	438.544	823
72	56	0	0	0	0	438.021	824
72	54	0	0	0	0	440.548	825
73	59	0	0	0	0	451.783	826
68	59	0	0	0	0	412.201	827
69	59	0	0	0	0	427.103	828
68	60	0	0	0	0	435.741	829
70	61	0	0	0	0	419.193	830
70	62	0	0	0	0	424.617	831
71	61	0	0	0	0	488.151	832
70	61	0	0	0	0	483.979	833
69	61	0	0	0	0	476.017	834
63	61	0	0	0	0	447.746	835
64	61	0	0	0	0	457.772	836
65	61	0	0	0	0	443.495	837
66	61	0	0	0	0	472.023	838
67	61	0	0	0	0	470.939	839
67	61	0	0	0	0	461.544	840
68	62	0	0	0	0	467.082	841
68	63	0	0	0	0	443.904	842
64	66	0	0	0	0	458.251	843
64	66	0	0	0	0	471.383	844
63	65	0	0	0	0	447.912	845
64	65	0	0	0	0	436.829	846
63	65	0	0	0	0	467.721	847
63	65	0	0	0	0	435.827	848
63	65	0	0	0	0	432.294	849
63	65	0	0	0	0	464.133	850
61	65	0	0	0	0	467.16	851
64	64	0	0	0	0	444.339	852
64	64	0	0	0	0	456.447	853
66	63	0	0	0	0	468.072	854
66	61	0	0	0	0	438.118	855
67	59	0	0	0	0	408.994	856
68	58	0	0	0	0	410.191	857
68	58	0	0	0	0	481.596	858
68	57	0	0	0	0	448.033	859
67	62	0	0	0	0	461.187	860
66	62	0	0	0	0	462.846	861
67	62	0	0	0	0	438.545	862
68	61	0	0	0	0	442.868	863
68	60	0	0	0	0	476.171	864
68	60	0	0	0	0	416.228	865
68	58	0	0	0	0	451.05	866
71	58	0	0	0	0	439.838	867
70	58	0	0	0	0	447.43	868
65	58	0	0	0	0	444.976	869
65	58	0	0	0	0	469.524	870
64	58	0	0	0	0	391.511	871
64	57	0	0	0	0	434.629	872
65	56	0	0	0	0	434.787	873
65	55	0	0	0	0	451.65	874
66	55	0	0	0	0	429.832	875
65	54	0	0	0	0	428.312	876
65	55	0	0	0	0	422.388	877
66	55	0	0	0	0	421.612	878
68	53	0	0	0	0	408.237	879
68	51	0	0	0	0	428.042	880
68	51	0	0	0	0	420.191	881
68	51	0	0	0	0	393.686	882
66	51	0	0	0	0	431.79	883
67	51	0	0	0	0	403.478	884
66	56	0	0	0	0	437.429	885
67	56	0	0	0	0	418.146	886
67	57	0	0	0	0	416.554	887
70	56	0	0	0	0	426.481	888
71	56	0	0	0	0	431.101	889
71	55	0	0	0	0	461.616	890
71	55	0	0	0	0	445.501	891
71	55	0	0	0	0	443.396	892
72	56	0	0	0	0	436.142	893
66	56	0	0	0	0	442.836	894
67	56	0	0	0	0	461.67	895
68	55	0	0	0	0	430.161	896
68	57	0	0	0	0	445.672	897
68	57	0	0	0	0	465.006	898
67	57	0	0	0	0	463.686	899
67	58	0	0	0	0	434.492	900
67	58	0	0	0	0	446.655	901
67	59	0	0	0	0	442.849	902
69	60	0	0	0	0	471.746	903
68	61	0	0	0	0	464.522	904
69	61	0	0	0	0	489.671	905
70	61	0	0	0	0	471.872	906
70	61	0	0	0	0	447.641	907
70	62	0	0	0	0	480.711	908
71	63	0	0	0	0	446.004	909
71	65	0	0	0	0	492.277	910
71	65	0	0	0	0	410.226	911
66	65	0	0	0	0	429.549	912
66	65	0	0	0	0	480.362	913
65	64	0	0	0	0	467.039	914
65	65	0	0	0	0	461.58	915
66	65	0	0	0	0	446.839	916
64	64	0	0	0	0	483.604	917
66	63	0	0	0	0	436.393	918
66	62	0	0	0	0	429.984	919
66	61	0	0	0	0	431.567	920
65	64	0	0	0	0	465.691	921
65	60	0	0	0	0	454.354	922
65	59	0	0	0	0	447.347	923
65	59	0	0	0	0	438.562	924
65	59	0	0	0	0	436.117	925
65	59	0	0	0	0	439.869	926
65	58	0	0	0	0	408.799	927
66	58	0	0	0	0	391.827	928
65	58	0	0	0	0	451.606	929
63	59	0	0	0	0	433.223	930
63	60	0	0	0	0	454.372	931
64	59	0	0	0	0	358.651	932
64	59	0	0	0	0	406.165	933
68	59	0	0	0	0	453.317	934
68	58	0	0	0	0	456.336	935
68	58	0	0	0	0	452.723	936
69	58	0	0	0	0	446.719	937
71	57	0	0	0	0	440.531	938
69	57	0	0	0	0	463.226	939
68	57	0	0	0	0	459.799	940
68	58	0	0	0	0	455.057	941
68	58	0	0	0	0	452.779	942
68	57	0	0	0	0	452.872	943
69	57	0	0	0	0	454.893	944
69	62	0	0	0	0	480.701	945
69	63	0	0	0	0	461.513	946
69	64	0	0	0	0	456.814	947
71	64	0	0	0	0	463.536	948
70	63	0	0	0	0	472.19	949
70	63	0	0	0	0	491.991	950
70	63	0	0	0	0	498.878	951
70	62	0	0	0	0	475.938	952
71	61	0	0	0	0	473.299	953
71	61	0	0	0	0	454.372	954
70	61	0	0	0	0	475.722	955
70	60	0	0	0	0	454.106	956
70	59	0	0	0	0	445.031	957
72	58	0	0	0	0	470.654	958
72	58	0	0	0	0	473.202	959
73	58	0	0	0	0	494.657	960
73	56	0	0	0	0	445.201	961
73	55	0	0	0	0	431.153	962
70	56	0	0	0	0	444.693	963
69	56	0	0	0	0	424.274	964
69	55	0	0	0	0	441.085	965
69	55	0	0	0	0	423.442	966
69	55	0	0	0	0	440.174	967
69	52	0	0	0	0	425.586	968
68	51	0	0	0	0	449.866	969
69	51	0	0	0	0	443.302	970
69	58	0	0	0	0	423.191	971
69	59	0	0	0	0	474.905	972
68	61	0	0	0	0	466.141	973
68	61	0	0	0	0	444.549	974
68	64	0	0	0	0	457.733	975
68	61	0	0	0	0	484.811	976
67	61	0	0	0	0	465.727	977
68	66	0	0	0	0	495.59	978
68	66	0	0	0	0	469.701	979
66	68	0	0	0	0	466.742	980
66	69	0	0	0	0	508.81	981
65	69	0	0	0	0	478.083	982
65	69	0	0	0	0	458.38	983
61	67	0	0	0	0	481.515	984
60	68	0	0	0	0	463.863	985
59	68	0	0	0	0	438.103	986
58	68	0	0	0	0	464.314	987
54	69	0	0	0	0	438.318	988
53	70	0	0	0	0	466.419	989
53	71	0	0	0	0	419.012	990
52	73	0	0	0	0	444.471	991
52	75	0	0	0	0	454.901	992
51	80	0	0	0	0	477.48	993
49	79	0	0	0	0	475.033	994
49	83	0	0	0	0	476.296	995
43	83	0	0	0	0	419.877	996
43	83	0	0	0	0	450.378	997
44	85	0	0	0	0	449.86	998
44	84	0	0	0	0	448.172	999
44	85	0	0	0	0	474.716	1000
43	85	0	0	0	0	447.425	1001
38	85	0	0	0	0	443.285	1002
38	85	0	0	0	0	472.167	1003
38	85	0	0	0	0	448.921	1004
38	85	0	0	0	0	478.398	1005
38	85	0	0	0	0	459.859	1006
37	84	0	0	0	0	442.687	1007
37	87	0	0	0	0	455.977	1008
34	86	0	0	0	0	441.267	1009
34	85	0	0	0	0	433.315	1010
35	86	0	0	0	0	422.562	1011
34	87	0	0	0	0	450.024	1012
34	87	0	0	0	0	413.609	1013
32	87	0	0	0	0	380.781	1014
32	86	0	0	0	0	375.463	1015
32	86	0	0	0	0	412.01	1016
25	85	0	0	0	0	382.005	1017
25	84	0	0	0	0	407.977	1018
24	83	0	0	0	0	390.796	1019
23	86	0	0	0	0	407.486	1020
23	86	0	0	0	0	366.965	1021
22	85	0	0	0	0	359.534	1022
22	85	0	0	0	0	381.321	1023
22	85	0	0	0	0	383.112	1024
23	83	0	0	0	0	364.771	1025
23	82	0	0	0	0	336.466	1026
23	81	0	0	0	0	378.784	1027
23	81	0	0	0	0	348.449	1028
15	83	0	0	0	0	336.696	1029
15	83	0	0	0	0	322.917	1030
15	83	0	0	0	0	326.263	1031
15	83	0	0	0	0	348.374	1032
15	83	0	0	0	0	324.758	1033
15	84	0	0	0	0	323.001	1034
14	80	0	0	0	0	346.376	1035
12	79	0	0	0	0	308.984	1036
12	77	0	0	0	0	292.944	1037
11	77	0	0	0	0	296.846	1038
11	77	0	0	0	0	312.69	1039
11	79	0	0	0	0	307.374	1040
11	80	0	0	0	0	304.917	1041
11	80	0	0	0	0	315.512	1042
11	79	0	0	0	0	285.302	1043
11	79	0	0	0	0	315.526	1044
11	78	0	0	0	0	296.763	1045
10	76	0	0	0	0	309.108	1046
10	76	0	0	0	0	307.098	1047
10	76	0	0	0	0	323.481	1048
9	76	0	0	0	0	285.031	1049
9	75	0	0	0	0	279.838	1050
9	74	0	0	0	0	292.847	1051
9	72	0	0	0	0	288.833	1052
9	70	0	0	0	0	287.02	1053
9	72	0	0	0	0	297.546	1054
8	71	0	0	0	0	281.858	1055
8	71	0	0	0	0	301.554	1056
8	71	0	0	0	0	276.261	1057
7	71	0	0	0	0	262.831	1058
7	70	0	0	0	0	241.429	1059
7	70	0	0	0	0	275.126	1060
7	68	0	0	0	0	270.433	1061
7	70	0	0	0	0	275.007	1062
7	71	0	0	0	0	261.416	1063
7	70	0	0	0	0	277.388	1064
7	69	0	0	0	0	277.99	1065
7	69	0	0	0	0	273.179	1066
7	69	0	0	0	0	269.945	1067
7	69	0	0	0	0	256.971	1068
4	67	0	0	0	0	236.455	1069
4	66	0	0	0	0	248.707	1070
4	64	0	0	0	0	248.383	1071
3	64	0	0	0	0	239.932	1072
3	64	0	0	0	0	223.411	1073
3	63	0	0	0	0	222.29	1074
3	62	0	0	0	0	201.145	1075
4	59	0	0	0	0	197.537	1076
10	60	0	0	0	0	233.836	1077
14	60	0	0	0	0	200.285	1078
21	60	0	0	0	0	212.205	1079
27	60	0	0	0	0	299.506	1080
34	60	0	0	0	0	255.925	1081
37	61	0	0	0	0	358.802	1082
37	62	0	0	0	0	356.035	1083
41	65	0	0	0	0	356.479	1084
44	65	0	0	0	0	327.942	1085
48	65	0	0	0	0	349.815	1086
50	65	0	0	0	0	354.439	1087
51	64	0	0	0	0	310.254	1088
53	64	0	0	0	0	396.932	1089
54	63	0	0	0	0	421.295	1090
54	63	0	0	0	0	403.362	1091
56	63	0	0	0	0	403.069	1092
57	62	0	0	0	0	403.253	1093
57	62	0	0	0	0	409.715	1094
57	60	0	0	0	0	451.297	1095
58	60	0	0	0	0	391.403	1096
59	63	0	0	0	0	434.217	1097
59	63	0	0	0	0	453.97	1098
59	63	0	0	0	0	398.286	1099
59	62	0	0	0	0	402.691	1100
61	61	0	0	0	0	433.383	1101
61	61	0	0	0	0	441.125	1102
61	61	0	0	0	0	449.318	1103
63	60	0	0	0	0	439.969	1104
63	60	0	0	0	0	449.45	1105
64	59	0	0	0	0	428.196	1106
65	61	0	0	0	0	466.357	1107
65	61	0	0	0	0	465.575	1108
65	61	0	0	0	0	443.875	1109
65	61	0	0	0	0	457.489	1110
65	60	0	0	0	0	447.689	1111
67	60	0	0	0	0	448.609	1112
68	59	0	0	0	0	468.699	1113
67	59	0	0	0	0	410.026	1114
67	58	0	0	0	0	453.98	1115
67	57	0	0	0	0	452.766	1116
66	57	0	0	0	0	433.701	1117
67	59	0	0	0	0	449.837	1118
70	59	0	0	0	0	429.47	1119
71	57	0	0	0	0	434.669	1120
72	55	0	0	0	0	451.068	1121
72	55	0	0	0	0	457.178	1122
72	55	0	0	0	0	447.518	1123
72	54	0	0	0	0	438.547	1124
76	52	0	0	0	0	429.582	1125
79	52	0	0	0	0	477.06	1126
78	52	0	0	0	0	464.112	1127
78	51	0	0	0	0	468.266	1128
78	51	0	0	0	0	455.825	1129
78	52	0	0	0	0	482.07	1130
78	53	0	0	0	0	453.762	1131
77	53	0	0	0	0	475.257	1132
82	53	0	0	0	0	449.115	1133
82	53	0	0	0	0	474.705	1134
83	52	0	0	0	0	446.158	1135
83	51	0	0	0	0	466.347	1136
83	49	0	0	0	0	466.646	1137
86	49	0	0	0	0	462.749	1138
83	51	0	0	0	0	447.941	1139
83	52	0	0	0	0	481.937	1140
83	53	0	0	0	0	476.816	1141
83	52	0	0	0	0	437.857	1142
85	51	0	0	0	0	468.821	1143
85	53	0	0	0	0	476.672	1144
84	51	0	0	0	0	438.922	1145
84	51	0	0	0	0	434.809	1146
84	50	0	0	0	0	489.316	1147
84	48	0	0	0	0	467.939	1148
84	49	0	0	0	0	460.102	1149
86	48	0	0	0	0	496.937	1150
85	48	0	0	0	0	483.888	1151
87	49	0	0	0	0	449.62	1152
87	48	0	0	0	0	473.663	1153
87	49	0	0	0	0	514.298	1154
87	48	0	0	0	0	481.185	1155
87	49	0	0	0	0	475.077	1156
88	50	0	0	0	0	503.148	1157
88	47	0	0	0	0	457.717	1158
87	49	0	0	0	0	460.854	1159
87	47	0	0	0	0	460.671	1160
84	47	0	0	0	0	431.093	1161
86	48	0	0	0	0	423.751	1162
77	48	0	0	0	0	423.435	1163
78	52	0	0	0	0	447.013	1164
78	52	0	0	0	0	422.796	1165
78	61	0	0	0	0	444.664	1166
76	63	0	0	0	0	404.142	1167
75	63	0	0	0	0	477.161	1168
77	62	0	0	0	0	482.138	1169
78	62	0	0	0	0	481.011	1170
78	62	0	0	0	0	463.327	1171
79	64	0	0	0	0	447.413	1172
69	63	0	0	0	0	406.808	1173
65	62	0	0	0	0	450.728	1174
62	62	0	0	0	0	445.914	1175
63	61	0	0	0	0	441.712	1176
63	61	0	0	0	0	455.297	1177
62	59	0	0	0	0	439.755	1178
62	59	0	0	0	0	462.882	1179
61	58	0	0	0	0	407.869	1180
61	58	0	0	0	0	408.821	1181
63	58	0	0	0	0	441.639	1182
63	58	0	0	0	0	448.273	1183
65	58	0	0	0	0	431.447	1184
67	58	0	0	0	0	434.05	1185
67	58	0	0	0	0	452.082	1186
67	58	0	0	0	0	424.379	1187
64	58	0	0	0	0	417.129	1188
64	61	0	0	0	0	414.596	1189
64	63	0	0	0	0	436.759	1190
64	63	0	0	0	0	452.166	1191
66	64	0	0	0	0	409.628	1192
65	64	0	0	0	0	428.642	1193
65	64	0	0	0	0	421.77	1194
67	64	0	0	0	0	461.637	1195
67	62	0	0	0	0	470.803	1196
68	61	0	0	0	0	456.186	1197
67	60	0	0	0	0	463.318	1198
66	60	0	0	0	0	444.74	1199
68	62	0	0	0	0	478.657	1200
70	63	0	0	0	0	425.969	1201
70	61	0	0	0	0	417.81	1202
71	60	0	0	0	0	408.371	1203
72	60	0	0	0	0	493.458	1204
72	60	0	0	0	0	456.431	1205
71	62	0	0	0	0	488.653	1206
71	61	0	0	0	0	482.366	1207
71	62	0	0	0	0	491.178	1208
72	62	0	0	0	0	474.738	1209
72	64	0	0	0	0	486.491	1210
72	64	0	0	0	0	476.23	1211
74	64	0	0	0	0	485.82	1212
75	62	0	0	0	0	481.125	1213
74	62	0	0	0	0	479.985	1214
71	62	0	0	0	0	462.797	1215
74	63	0	0	0	0	514.737	1216
75	63	0	0	0	0	483.015	1217
77	63	0	0	0	0	491.698	1218
78	63	0	0	0	0	495.419	1219
80	63	0	0	0	0	503.462	1220
81	63	0	0	0	0	519.138	1221
81	63	0	0	0	0	533.507	1222
82	63	0	0	0	0	506.465	1223
82	62	0	0	0	0	508.251	1224
81	62	0	0	0	0	502.21	1225
81	62	0	0	0	0	501.671	1226
81	62	0	0	0	0	509.939	1227
80	62	0	0	0	0	539.494	1228
80	61	0	0	0	0	495.342	1229
81	61	0	0	0	0	514.759	1230
81	59	0	0	0	0	480.056	1231
81	57	0	0	0	0	493.889	1232
82	57	0	0	0	0	492.367	1233
82	55	0	0	0	0	512.807	1234
82	55	0	0	0	0	518.627	1235
82	55	0	0	0	0	493.67	1236
82	54	0	0	0	0	492.657	1237
82	54	0	0	0	0	493.523	1238
81	54	0	0	0	0	485.008	1239
81	53	0	0	0	0	454.86	1240
83	53	0	0	0	0	479.914	1241
86	53	0	0	0	0	454.005	1242
86	52	0	0	0	0	512.746	1243
87	52	0	0	0	0	505.712	1244
87	53	0	0	0	0	503.292	1245
87	52	0	0	0	0	489.267	1246
86	49	0	0	0	0	462.422	1247
86	48	0	0	0	0	505.933	1248
87	48	0	0	0	0	469.139	1249
88	50	0	0	0	0	467.448	1250
89	52	0	0	0	0	506.031	1251
89	52	0	0	0	0	473.76	1252
89	55	0	0	0	0	487.783	1253
86	55	0	0	0	0	493.342	1254
87	55	0	0	0	0	500.472	1255
89	55	0	0	0	0	472.265	1256
89	55	0	0	0	0	533.998	1257
88	55	0	0	0	0	488.781	1258
88	56	0	0	0	0	524.104	1259
90	57	0	0	0	0	524.143	1260
90	57	0	0	0	0	534.685	1261
88	57	0	0	0	0	531.596	1262
88	57	0	0	0	0	537.65	1263
88	56	0	0	0	0	508.244	1264
88	57	0	0	0	0	500.837	1265
88	59	0	0	0	0	496.289	1266
89	61	0	0	0	0	528.195	1267
88	61	0	0	0	0	538.628	1268
85	60	0	0	0	0	456.651	1269
86	60	0	0	0	0	499.449	1270
87	60	0	0	0	0	514.367	1271
87	59	0	0	0	0	520.939	1272
89	58	0	0	0	0	511.141	1273
89	60	0	0	0	0	491.711	1274
81	59	0	0	0	0	493.382	1275
75	58	0	0	0	0	462.685	1276
76	58	0	0	0	0	466.47	1277
77	59	0	0	0	0	480.565	1278
77	63	0	0	0	0	503.797	1279
79	62	0	0	0	0	490.833	1280
78	62	0	0	0	0	491.948	1281
78	62	0	0	0	0	454.846	1282
68	59	0	0	0	0	445.51	1283
68	60	0	0	0	0	462.771	1284
68	59	0	0	0	0	455.529	1285
68	60	0	0	0	0	457.552	1286
68	60	0	0	0	0	433.381	1287
63	58	0	0	0	0	419.989	1288
64	57	0	0	0	0	405.01	1289
66	54	0	0	0	0	367.8	1290
66	53	0	0	0	0	398.321	1291
66	52	0	0	0	0	393.624	1292
58	50	0	0	0	0	379.824	1293
58	50	0	0	0	0	393.576	1294
58	48	0	0	0	0	389.308	1295
58	48	0	0	0	0	404.636	1296
59	48	0	0	0	0	358.816	1297
60	47	0	0	0	0	361.68	1298
60	45	0	0	0	0	371.931	1299
60	45	0	0	0	0	372.168	1300
61	41	0	0	0	0	287.996	1301
61	39	0	0	0	0	314.034	1302
61	39	0	0	0	0	315.822	1303
62	37	0	0	0	0	318.566	1304
61	36	0	0	0	0	322.391	1305
61	36	0	0	0	0	309.031	1306
61	35	0	0	0	0	319.82	1307
60	29	0	0	0	0	298.566	1308
61	28	0	0	0	0	336.968	1309
63	28	0	0	0	0	303.57	1310
64	28	0	0	0	0	323.333	1311
64	28	0	0	0	0	321.045	1312
65	28	0	0	0	0	325.851	1313
65	25	0	0	0	0	330.317	1314
65	25	0	0	0	0	310.222	1315
65	21	0	0	0	0	300.434	1316
65	20	0	0	0	0	299.88	1317
65	19	0	0	0	0	299.168	1318
64	18	0	0	0	0	293.813	1319
64	16	0	0	0	0	267.305	1320
66	16	0	0	0	0	287.127	1321
66	16	0	0	0	0	312.965	1322
65	16	0	0	0	0	273.572	1323
66	16	0	0	0	0	300.521	1324
66	16	0	0	0	0	293.746	1325
66	16	0	0	0	0	292.22	1326
66	16	0	0	0	0	297.967	1327
67	16	0	0	0	0	298.42	1328
67	16	0	0	0	0	292.598	1329
66	16	0	0	0	0	303.347	1330
66	17	0	0	0	0	277.982	1331
66	17	0	0	0	0	305.788	1332
67	18	0	0	0	0	279.861	1333
68	20	0	0	0	0	305.427	1334
65	19	0	0	0	0	271.092	1335
68	20	0	0	0	0	263.973	1336
69	20	0	0	0	0	278.398	1337
69	21	0	0	0	0	277.696	1338
69	21	0	0	0	0	253.481	1339
69	21	0	0	0	0	251.905	1340
69	20	0	0	0	0	258.179	1341
65	22	0	0	0	0	255.896	1342
65	24	0	0	0	0	255.565	1343
62	24	0	0	0	0	250.903	1344
62	24	0	0	0	0	263.638	1345
63	25	0	0	0	0	261.308	1346
63	25	0	0	0	0	254.228	1347
63	25	0	0	0	0	258.488	1348
63	26	0	0	0	0	263.816	1349
62	25	0	0	0	0	267.119	1350
60	24	0	0	0	0	267.329	1351
59	24	0	0	0	0	257.909	1352
59	25	0	0	0	0	260.461	1353
59	25	0	0	0	0	322.686	1354
60	25	0	0	0	0	301.134	1355
60	25	0	0	0	0	309.511	1356
63	26	0	0	0	0	325.966	1357
63	26	0	0	0	0	313.247	1358
63	26	0	0	0	0	330.776	1359
63	26	0	0	0	0	325.239	1360
63	27	0	0	0	0	313.924	1361
63	27	0	0	0	0	323.431	1362
63	27	0	0	0	0	312.832	1363
63	27	0	0	0	0	312.412	1364
63	27	0	0	0	0	311.596	1365
55	27	0	0	0	0	298.906	1366
60	27	0	0	0	0	284.908	1367
60	26	0	0	0	0	295.602	1368
60	25	0	0	0	0	324.233	1369
59	27	0	0	0	0	303.553	1370
58	27	0	0	0	0	299.797	1371
61	28	0	0	0	0	302.91	1372
61	28	0	0	0	0	323.68	1373
61	27	0	0	0	0	304.935	1374
61	27	0	0	0	0	337.828	1375
60	27	0	0	0	0	306.022	1376
61	27	0	0	0	0	302.966	1377
61	27	0	0	0	0	316.378	1378
61	27	0	0	0	0	310.659	1379
62	27	0	0	0	0	312.655	1380
55	27	0	0	0	0	283.101	1381
55	27	0	0	0	0	296.313	1382
54	27	0	0	0	0	285.675	1383
54	27	0	0	0	0	301.751	1384
54	26	0	0	0	0	285.347	1385
57	26	0	0	0	0	289.294	1386
57	26	0	0	0	0	290.924	1387
65	28	0	0	0	0	248.957	1388
62	28	0	0	0	0	256.536	1389
60	28	0	0	0	0	229.694	1390
60	29	0	0	0	0	257.584	1391
55	29	0	0	0	0	280.589	1392
55	27	0	0	0	0	290.306	1393
54	27	0	0	0	0	276.151	1394
54	26	0	0	0	0	302.226	1395
57	28	0	0	0	0	303.369	1396
57	28	0	0	0	0	289.094	1397
57	27	0	0	0	0	295.986	1398
57	27	0	0	0	0	301.143	1399
57	27	0	0	0	0	278.31	1400
58	27	0	0	0	0	305.208	1401
58	27	0	0	0	0	302.541	1402
58	27	0	0	0	0	320.463	1403
58	27	0	0	0	0	325.729	1404
59	27	0	0	0	0	272.709	1405
59	26	0	0	0	0	309.326	1406
59	26	0	0	0	0	293.74	1407
61	26	0	0	0	0	305.363	1408
61	25	0	0	0	0	292.858	1409
59	25	0	0	0	0	304.788	1410
59	25	0	0	0	0	293.628	1411
59	26	0	0	0	0	299.627	1412
60	26	0	0	0	0	308.877	1413
60	26	0	0	0	0	307.978	1414
60	26	0	0	0	0	274.545	1415
60	27	0	0	0	0	278.202	1416
59	27	0	0	0	0	294.343	1417
59	27	0	0	0	0	307.505	1418
60	27	0	0	0	0	286.185	1419
60	27	0	0	0	0	308.406	1420
60	27	0	0	0	0	257.166	1421
59	27	0	0	0	0	255.156	1422
58	26	0	0	0	0	285.786	1423
58	26	0	0	0	0	302.101	1424
58	26	0	0	0	0	297.218	1425
58	25	0	0	0	0	285.403	1426
58	25	0	0	0	0	292.593	1427
56	24	0	0	0	0	290.874	1428
60	24	0	0	0	0	290.345	1429
59	25	0	0	0	0	306.791	1430
59	25	0	0	0	0	288.38	1431
59	25	0	0	0	0	309.899	1432
60	25	0	0	0	0	303.968	1433
60	25	0	0	0	0	312.032	1434
60	25	0	0	0	0	304.118	1435
63	25	0	0	0	0	312.79	1436
7	3	0	0	0	0	27.9329	1437
0	0	0	0	0	0	nan	1438
0	0	0	0	0	0	nan	1439
0	0	0	0	0	0	nan	1440
0	0	0	0	0	0	nan	1441
0	0	0	0	0	0	nan	1442
0	0	0	0	0	0	nan	1443
0	0	0	0	0	0	nan	1444
0	0	0	0	0	0	nan	1445
0	0	0	0	0	0	nan	1446
0	0	0	0	0	0	nan	1447
0	0	0	0	0	0	nan	1448
0	0	0	0	0	0	nan	1449
0	0	0	0	0	0	nan	1450
0	0	0	0	0	0	nan	1451
0	0	0	0	0	0	nan	1452
0	0	0	0	0	0	nan	1453
0	0	0	0	0	0	nan	1454
0	0	0	0	0	0	nan	1455
0	0	0	0	0	0	nan	1456
0	0	0	0	0	0	nan	1457
0	0	0	0	0	0	nan	1458
0	0	0	0	0	0	nan	1459
0	0	0	0	0	0	nan	1460
0	0	0	0	0	0	nan	1461
0	0	0	0	0	0	nan	1462
0	0	0	0	0	0	nan	1463
0	0	0	0	0	0	nan	1464
0	0	0	0	0	0	nan	1465
0	0	0	0	0	0	nan	1466
0	0	0	0	0	0	nan	1467
0	0	0	0	0	0	nan	1468
0	0	0	0	0	0	nan	1469
0	0	0	0	0	0	nan	1470
0	0	0	0	0	0	nan	1471
0	0	0	0	0	0	nan	1472
0	0	0	0	0	0	nan	1473
0	0	0	0	0	0	nan	1474
0	0	0	0	0	0	nan	1475
0	0	0	0	0	0	nan	1476
0	0	0	0	0	0	nan	1477
0	0	0	0	0	0	nan	1478
0	0	0	0	0	0	nan	1479
0	0	0	0	0	0	nan	1480
0	0	0	0	0	0	nan	1481
0	0	0	0	0	0	nan	1482
0	0	0	0	0	0	nan	1483
0	0	0	0	0	0	nan	1484
0	0	0	0	0	0	nan	1485
0	0	0	0	0	0	nan	1486
0	0	0	0	0	0	nan	1487
0	0	0	0	0	0	nan	1488
0	0	0	0	0	0	nan	1489
0	0	0	0	0	0	nan	1490
0	0	0	0	0	0	nan	1491
0	0	0	0	0	0	nan	1492
0	0	0	0	0	0	nan	1493
0	0	0	0	0	0	nan	1494
0	0	0	0	0	0	nan	1495
0	0	0	0	0	0	nan	1496
0	0	0	0	0	0	nan	1497
0	0	0	0	0	0	nan	1498
0	0	0	0	0	0	nan	1499
0	0	0	0	0	0	nan	1500
0	0	0	0	0	0	nan	1501
