unique_top_cov	unique_bot_cov	redundant_top_cov	redundant_bot_cov	raw_redundant_top_cov	raw_redundant_bot_cov	e_value	position
3	4	0	0	0	0	nan	1
3	4	0	0	0	0	10.5463	2
3	4	0	0	0	0	18.8429	3
3	4	0	0	0	0	17.369	4
3	4	0	0	0	0	17.2041	5
3	4	0	0	0	0	18.0564	6
3	4	0	0	0	0	18.0564	7
3	4	0	0	0	0	18.3885	8
3	4	0	0	0	0	18.3885	9
3	4	0	0	0	0	18.3356	10
4	4	0	0	0	0	19.8452	11
4	4	0	0	0	0	22.5092	12
4	5	0	0	0	0	21.1824	13
4	5	0	0	0	0	23.1001	14
4	5	0	0	0	0	23.7361	15
4	5	0	0	0	0	23.8833	16
4	5	0	0	0	0	23.7814	17
4	5	0	0	0	0	26.3119	18
4	5	0	0	0	0	26.8341	19
4	5	0	0	0	0	25.4842	20
4	5	0	0	0	0	26.3402	21
4	5	0	0	0	0	25.0328	22
4	5	0	0	0	0	26.3119	23
4	6	0	0	0	0	25.9203	24
4	6	0	0	0	0	26.4302	25
5	6	0	0	0	0	27.7472	26
5	6	0	0	0	0	28.3513	27
5	6	0	0	0	0	29.8952	28
5	6	0	0	0	0	31.6031	29
5	6	0	0	0	0	31.2109	30
5	7	0	0	0	0	29.83	31
5	7	0	0	0	0	39.8157	32
5	8	0	0	0	0	36.1214	33
5	8	0	0	0	0	35.6088	34
5	8	0	0	0	0	43.805	35
5	8	0	0	0	0	34.9997	36
5	8	0	0	0	0	42.2013	37
5	8	0	0	0	0	36.9836	38
6	8	0	0	0	0	42.1447	39
6	9	0	0	0	0	36.2962	40
6	12	0	0	0	0	41.6685	41
6	12	0	0	0	0	41.9951	42
6	12	0	0	0	0	59.6936	43
6	12	0	0	0	0	56.81	44
6	12	0	0	0	0	58.4675	45
6	13	0	0	0	0	57.6147	46
6	13	0	0	0	0	52.6165	47
6	13	0	0	0	0	50.0771	48
6	13	0	0	0	0	66.7177	49
6	13	0	0	0	0	57.1438	50
6	13	0	0	0	0	61.1448	51
6	15	0	0	0	0	63.7486	52
7	17	0	0	0	0	65.6001	53
7	17	0	0	0	0	81.1547	54
7	17	0	0	0	0	70.6372	55
8	18	0	0	0	0	82.044	56
8	18	0	0	0	0	86.7291	57
8	18	0	0	0	0	88.0876	58
8	18	0	0	0	0	85.7529	59
8	18	0	0	0	0	70.526	60
8	18	0	0	0	0	92.6421	61
8	18	0	0	0	0	87.5182	62
8	18	0	0	0	0	77.9696	63
8	18	0	0	0	0	92.8284	64
8	18	0	0	0	0	88.5705	65
8	18	0	0	0	0	87.1426	66
8	20	0	0	0	0	87.4668	67
8	20	0	0	0	0	97.3669	68
9	20	0	0	0	0	100.125	69
9	20	0	0	0	0	105.433	70
9	20	0	0	0	0	95.6635	71
9	20	0	0	0	0	101.467	72
9	20	0	0	0	0	104.051	73
9	20	0	0	0	0	102.733	74
10	20	0	0	0	0	99.3767	75
10	20	0	0	0	0	108.268	76
10	20	0	0	0	0	88.4961	77
10	20	0	0	0	0	103.55	78
10	20	0	0	0	0	101.856	79
12	20	0	0	0	0	107.175	80
12	20	0	0	0	0	110.387	81
12	20	0	0	0	0	114.669	82
12	20	0	0	0	0	103.781	83
12	20	0	0	0	0	114.597	84
12	20	0	0	0	0	115.124	85
12	20	0	0	0	0	112.092	86
12	20	0	0	0	0	113.287	87
13	20	0	0	0	0	113.261	88
13	20	0	0	0	0	113.057	89
14	20	0	0	0	0	108.171	90
14	20	0	0	0	0	119.367	91
15	20	0	0	0	0	114.482	92
15	20	0	0	0	0	120.014	93
15	20	0	0	0	0	119.849	94
15	20	0	0	0	0	120.014	95
16	20	0	0	0	0	128.663	96
16	20	0	0	0	0	112.082	97
16	20	0	0	0	0	112.445	98
16	20	0	0	0	0	122.221	99
16	20	0	0	0	0	128.675	100
16	20	0	0	0	0	117.191	101
18	20	0	0	0	0	122.442	102
18	20	0	0	0	0	135.397	103
19	20	0	0	0	0	132.638	104
19	20	0	0	0	0	135.251	105
19	21	0	0	0	0	123.515	106
19	21	0	0	0	0	130.135	107
20	21	0	0	0	0	129.082	108
21	19	0	0	0	0	120.472	109
21	19	0	0	0	0	134.289	110
21	19	0	0	0	0	143.394	111
21	20	0	0	0	0	130.51	112
20	20	0	0	0	0	135.723	113
20	20	0	0	0	0	128.546	114
21	20	0	0	0	0	131.482	115
22	20	0	0	0	0	139.315	116
22	20	0	0	0	0	141.119	117
21	20	0	0	0	0	135.739	118
21	20	0	0	0	0	132.543	119
21	20	0	0	0	0	138.694	120
21	21	0	0	0	0	149.873	121
21	21	0	0	0	0	145.724	122
21	20	0	0	0	0	137.532	123
21	20	0	0	0	0	133.151	124
21	20	0	0	0	0	137.419	125
21	19	0	0	0	0	121.799	126
21	19	0	0	0	0	132.298	127
21	20	0	0	0	0	134.284	128
21	20	0	0	0	0	126.489	129
21	20	0	0	0	0	145.643	130
22	20	0	0	0	0	129.461	131
22	20	0	0	0	0	128.18	132
21	21	0	0	0	0	139.805	133
21	21	0	0	0	0	139.352	134
21	21	0	0	0	0	146.813	135
22	21	0	0	0	0	134.85	136
22	21	0	0	0	0	134.67	137
22	21	0	0	0	0	129.927	138
22	19	0	0	0	0	121.477	139
23	19	0	0	0	0	134.938	140
22	17	0	0	0	0	126.219	141
22	17	0	0.5	0	1	139.408	142
22	16	0	0.5	0	1	128.417	143
22	16	0	0.5	0	1	128.38	144
23	16	0	0.5	0	1	127.546	145
23	17	0	0.5	0	1	127.457	146
23	16	0	0.5	0	1	146.406	147
23	16	0	0.5	0	1	139.97	148
23	16	0	0.5	0	1	124.489	149
23	16	0	0.5	0	1	132.051	150
23	16	0	0.5	0	1	132.179	151
23	16	0	0.5	0	1	138.792	152
23	16	0	0.5	0	1	135.2	153
23	15	0	0.5	0	1	132.032	154
23	15	0	0.5	0	1	132.4	155
24	15	0	0.5	0	1	138.643	156
24	15	0	0.5	0	1	132.195	157
24	15	0	0.5	0	1	129.639	158
24	15	0	0.5	0	1	134.409	159
24	16	0	0.5	0	1	118.827	160
23	16	0	0.5	0	1	124.876	161
23	16	0	0.5	0	1	135.224	162
23	15	0	0.5	0	1	129.985	163
22	15	0	0.5	0	1	126.422	164
22	15	0	0.5	0	1	131.58	165
23	15	0	0.5	0	1	133.035	166
23	15	0	0.5	0	1	139.93	167
23	15	0	0.5	0	1	121.369	168
23	15	0	0.5	0	1	132.003	169
24	15	0	0.5	0	1	136.654	170
24	15	0	0.5	0	1	136.338	171
24	15	0	0.5	0	1	133.377	172
24	15	0	0.5	0	1	123.676	173
25	14	0	0.5	0	1	124.213	174
24	13	0	0.5	0	1	130.039	175
23	13	0	0.5	0	1	112.817	176
23	13	0	0.5	0	1	119.109	177
23	13	0	0.5	0	1	127.189	178
23	13	0	0	0	0	117.494	179
23	15	0	0	0	0	122.367	180
23	15	0	0	0	0	125.499	181
23	15	0	0	0	0	130.581	182
23	14	0	0	0	0	117.548	183
22	14	0	0	0	0	115.419	184
22	14	0	0	0	0	112.265	185
21	15	0	0	0	0	121.432	186
21	17	0	0	0	0	96.9309	187
21	17	0	0	0	0	91.9257	188
17	17	0	0	0	0	91.3651	189
17	16	0	0	0	0	91.3174	190
18	13	0	0	0	0	96.6566	191
18	13	0	0	0	0	97.8422	192
18	13	0	0	0	0	99.8694	193
19	14	0	0	0	0	96.2256	194
18	14	0	0	0	0	71.2661	195
18	13	0	0	0	0	103.65	196
18	13	0	0	0	0	91.927	197
18	13	0	0	0	0	105.914	198
18	13	0	0	0	0	115.521	199
18	14	0	0	0	0	106.349	200
18	14	0	0	0	0	102.511	201
18	13	0	0	0	0	104.987	202
18	11	0	0	0	0	82.3682	203
20	11	0	0	0	0	94.4824	204
20	11	0	0	0	0	101.742	205
20	11	0	0	0	0	110.212	206
20	11	0	0	0	0	110.169	207
20	11	0	0	0	0	117.373	208
20	11	0	0	0	0	103.927	209
20	11	0	0	0	0	114.288	210
20	11	0	0	0	0	114.699	211
20	11	0	0	0	0	99.6081	212
20	11	0	0	0	0	109.499	213
21	11	0	0	0	0	109.958	214
21	11	0	0	0	0	110.547	215
21	11	0	0	0	0	119.03	216
22	11	0	0	0	0	112.208	217
22	11	0	0	0	0	114.493	218
23	11	0	0	0	0	115.704	219
23	12	0	0	0	0	121.526	220
23	12	0	0	0	0	114.917	221
23	12	0	0	0	0	110.169	222
24	12	0	0	0	0	130.499	223
24	12	0	0	0	0	126.679	224
24	12	0	0	0	0	125.085	225
25	12	0	0	0	0	131.877	226
26	12	0	0	0	0	131.819	227
26	12	0	0	0	0	137.309	228
26	12	0	0	0	0	134.208	229
26	12	0	0	0	0	131.558	230
27	12	0	0	0	0	132.937	231
27	12	0	0	0	0	142.686	232
27	13	0	0	0	0	138.536	233
27	13	0	0	0	0	132.454	234
28	13	0	0	0	0	139.055	235
27	13	0	0	0	0	134.222	236
27	13	0	0	0	0	135.399	237
26	13	0	0	0	0	141.564	238
26	14	0	0	0	0	135.743	239
27	14	0	0	0	0	144.844	240
28	14	0	0	0	0	142.5	241
27	13	0	0	0	0	146.13	242
28	13	0	0	0	0	140.745	243
29	17	0	0	0	0	133.97	244
29	18	0	0	0	0	162.831	245
29	18	0	0	0	0	146.829	246
30	18	0	0	0	0	165.856	247
29	18	0	0	0	0	164.005	248
29	18	0	0	0	0	148.784	249
29	18	0	0	0	0	159.224	250
29	18	0	0	0	0	148.061	251
27	18	0	0	0	0	147.626	252
26	18	0	0	0	0	142.132	253
25	18	0	0	0	0	148.671	254
25	18	0	0	0	0	143.822	255
25	18	0	0	0	0	148.012	256
25	18	0	0	0	0	154.805	257
25	18	0	0	0	0	147.792	258
25	17	0	0	0	0	142.411	259
25	17	0	0	0	0	145.154	260
25	17	0	0	0	0	141.56	261
25	17	0	0	0	0	151.006	262
25	17	0	0	0	0	138.607	263
25	17	0	0	0	0	147.031	264
25	17	0	0	0	0	151.295	265
25	17	0	0	0	0	152.372	266
25	17	0	0	0	0	145.907	267
25	17	0	0	0	0	138.379	268
25	17	0	0	0	0	141.643	269
25	17	0	0	0	0	151.944	270
25	16	0	0	0	0	152.773	271
25	16	0	0	0	0	135.758	272
25	16	0	0	0	0	143.334	273
25	16	0	0	0	0	138.367	274
25	16	0	0	0	0	137.257	275
25	16	0	0	0	0	130.989	276
25	16	0	0	0	0	135.083	277
25	16	0	0	0	0	128.216	278
24	16	0	0	0	0	129.786	279
24	16	0	0	0	0	140.824	280
24	17	0	0	0	0	145.575	281
24	17	0	0	0	0	126.736	282
23	17	0	0	0	0	122.537	283
24	17	0	0	0	0	141.089	284
24	17	0	0	0	0	139.924	285
24	17	0	0	0	0	130.375	286
24	17	0	0	0	0	136.558	287
24	17	0	0	0	0	131.612	288
23	17	0	0	0	0	132.117	289
22	17	0	0	0	0	139.674	290
22	17	0	0	0	0	4.22144	291
22	18	0	0	0	0	129.273	292
22	19	0	0	0	0	138.396	293
22	18	0	0	0	0	121.144	294
20	18	0	0	0	0	126.454	295
20	18	0	0	0	0	126.353	296
20	18	0	0	0	0	129.278	297
20	18	0	0	0	0	128.431	298
18	18	0	0	0	0	114.698	299
18	18	0	0	0	0	120.375	300
18	18	0	0	0	0	115.565	301
17	18	0	0	0	0	112.308	302
16	18	0	0	0	0	6.87933	303
16	18	0	0	0	0	118.772	304
16	18	0	0	0	0	113.506	305
16	18	0	0	0	0	105.592	306
16	18	0	0	0	0	115.816	307
16	18	0	0	0	0	104.751	308
16	18	0	0	0	0	103.362	309
16	18	0	0	0	0	116.256	310
16	18	0	0	0	0	110.615	311
15	18	0	0	0	0	107.473	312
15	18	0	0	0	0	104.638	313
15	18	0	0	0	0	112.03	314
15	18	0	0	0	0	106.751	315
15	18	0	0	0	0	110.645	316
15	18	0	0	0	0	99.432	317
12	17	0	0	0	0	93.1026	318
12	17	0	0	0	0	78.083	319
12	17	0	0	0	0	86.2967	320
12	17	0	0	0	0	79.5637	321
12	17	0	0	0	0	84.3216	322
12	17	0	0	0	0	65.5027	323
10	16	0	0	0	0	63.624	324
10	16	0	0	0	0	63.5058	325
8	16	0	0	0	0	57.0014	326
8	16	0	0	0	0	69.7583	327
8	15	0	0	0	0	67.3225	328
7	14	0	0	0	0	66.6283	329
7	14	0	0	0	0	58.149	330
7	14	0	0	0	0	58.6175	331
7	13	0	0	0	0	63.6972	332
7	13	0	0	0	0	60.9656	333
7	13	0	0	0	0	61.9252	334
6	13	0	0	0	0	55.1288	335
6	13	0	0	0	0	52.823	336
6	12	0	0	0	0	55.6379	337
6	12	0	0	0	0	52.4628	338
6	12	0	0	0	0	55.9911	339
6	12	0	0	0	0	49.8699	340
6	12	0	0	0	0	55.0112	341
6	12	0	0	0	0	52.6383	342
6	12	0	0	0	0	53.2187	343
6	12	0	0	0	0	47.1969	344
5	12	0	0	0	0	49.4865	345
5	12	0	0	0	0	43.7041	346
5	12	0	0	0	0	44.9183	347
5	11	0	0	0	0	44.3366	348
5	11	0	0	0	0	46.9352	349
5	10	0	0	0	0	36.7609	350
5	8	0	0	0	0	38.2543	351
5	8	0	0	0	0	34.0732	352
5	8	0	0	0	0	38.0234	353
5	8	0	0	0	0	36.8746	354
5	8	0	0	0	0	38.5501	355
5	8	0	0	0	0	35.8111	356
5	8	0	0	0	0	34.6041	357
5	8	0	0	0	0	38.3297	358
5	8	0	0	0	0	37.4532	359
5	8	0	0	0	0	39.4151	360
5	8	0	0	0	0	33.6787	361
5	8	0	0	0	0	34.8056	362
5	8	0	0	0	0	22.5904	363
5	8	0	0	0	0	24.4577	364
5	8	0	0	0	0	24.5786	365
5	8	0	0	0	0	24.4243	366
5	7	0	0	0	0	24.2404	367
5	6	0	0	0	0	24.4363	368
5	6	0	0	0	0	24.4692	369
5	5	0	0	0	0	21.9273	370
5	5	0	0	0	0	23.9374	371
5	5	0	0	0	0	22.1624	372
4	5	0	0	0	0	16.7036	373
3	5	0	0	0	0	19.5154	374
3	5	0	0	0	0	19.9799	375
3	5	0	0	0	0	20.758	376
3	5	0	0	0	0	16.74	377
3	5	0	0	0	0	15.9278	378
3	4	0	0	0	0	nan	379
3	4	0	0	0	0	nan	380
