unique_top_cov	unique_bot_cov	redundant_top_cov	redundant_bot_cov	raw_redundant_top_cov	raw_redundant_bot_cov	e_value	position
8	7	0	0	0	0	34.8365	1
10	7	0	0	0	0	33.805	2
10	7	0	0	0	0	35.2733	3
10	7	0	0	0	0	35.6981	4
11	7	0	0	0	0	30.9309	5
11	7	0	0	0	0	58.7798	6
11	7	0	0	0	0	55.0182	7
11	8	0	0	0	0	58.3967	8
12	9	0	0	0	0	55.8925	9
12	10	0	0	0	0	71.0949	10
13	10	0	0	0	0	68.8861	11
13	10	0	0	0	0	70.4213	12
13	10	0	0	0	0	66.6626	13
13	10	0	0	0	0	62.6395	14
13	10	0	0	0	0	61.078	15
13	10	0	0	0	0	79.1459	16
13	10	0	0	0	0	80.3296	17
14	10	0	0	0	0	77.3761	18
14	10	0	0	0	0	76.9228	19
14	10	0	0	0	0	78.8242	20
14	10	0	0	0	0	71.9718	21
15	10	0	0	0	0	75.8193	22
15	10	0	0	0	0	71.9697	23
15	10	0	0	0	0	87.597	24
15	10	0	0	0	0	86.7283	25
15	11	0	0	0	0	86.3648	26
15	11	0	0	0	0	84.2937	27
15	12	0	0	0	0	92.8035	28
15	12	0	0	0	0	95.3298	29
15	12	0	0	0	0	92.9591	30
15	13	0	0	0	0	89.9331	31
16	13	0	0	0	0	91.8333	32
16	14	0	0	0	0	96.6147	33
16	14	0	0	0	0	88.8293	34
16	14	0	0	0	0	89.4588	35
16	14	0	0	0	0	98.7864	36
16	15	0	0	0	0	90.762	37
16	15	0	0	0	0	108.086	38
16	15	0	0	0	0	111.963	39
17	15	0	0	0	0	108.01	40
17	15	0	0	0	0	103.413	41
17	15	0	0	0	0	103.614	42
17	16	0	0	0	0	111.95	43
17	16	0	0	0	0	117.578	44
17	17	0	0	0	0	109.888	45
17	17	0	0	0	0	112.329	46
17	17	0	0	0	0	115.848	47
17	17	0	0	0	0	115.783	48
17	17	0	0	0	0	121.286	49
17	17	0	0	0	0	118.764	50
17	18	0	0	0	0	122.439	51
16	18	0	0	0	0	119.061	52
16	18	0	0	0	0	123.704	53
16	18	0	0	0	0	119.013	54
16	18	0	0	0	0	117.872	55
16	18	0	0	0	0	111.692	56
16	18	0	0	0	0	115.474	57
16	18	0	0	0	0	116.362	58
16	18	0	0	0	0	117.741	59
17	18	0	0	0	0	106.414	60
19	18	0	0	0	0	132.251	61
19	18	0	0	0	0	133.322	62
19	18	0	0	0	0	128.591	63
20	18	0	0	0	0	133.511	64
20	18	0	0	0	0	142.925	65
20	20	0	0	0	0	131.069	66
21	21	0	0	0	0	127.114	67
21	22	0	0	0	0	135.552	68
21	22	0	0	0	0	152.448	69
21	22	0	0	0	0	152.737	70
21	22	0	0	0	0	146.978	71
21	25	0	0	0	0	144.843	72
21	25	0	0	0	0	158.092	73
22	25	0	0	0	0	156.353	74
22	25	0	0	0	0	155.977	75
22	25	0	0	0	0	164.477	76
21	25	0	0	0	0	157.117	77
21	25	0	0	0	0	168.284	78
21	25	0	0	0	0	136.767	79
21	26	0	0	0	0	158.101	80
21	25	0	0	0	0	157.856	81
21	26	0	0	0	0	161.454	82
21	26	0	0	0	0	158.002	83
22	26	0	0	0	0	162.446	84
22	26	0	0	0	0	166.347	85
22	26	0	0	0	0	163.49	86
22	26	0	0	0	0	164.612	87
22	25	0	0	0	0	156.224	88
22	23	0	0	0	0	155.686	89
22	23	0	0	0	0	163.889	90
22	22	0	0	0	0	155.371	91
22	22	0	0	0	0	155.752	92
22	22	0	0	0	0	157.628	93
22	22	0	0	0	0	155.9	94
22	22	0	0	0	0	159.108	95
22	22	0	0	0	0	144.714	96
22	22	0	0	0	0	150.065	97
22	22	0	0	0	0	162.312	98
23	22	0	0	0	0	146.146	99
23	22	0	0	0	0	154.195	100
23	22	0	0	0	0	169.095	101
23	22	0	0	0	0	134.812	102
22	22	0	0	0	0	143.311	103
22	21	0	0	0	0	146.081	104
22	22	0	0	0	0	154.622	105
22	22	0	0	0	0	151.847	106
22	22	0	0	0	0	154.992	107
22	22	0	0	0	0	149.759	108
22	22	0	0	0	0	152.106	109
22	22	0	0	0	0	150.617	110
22	22	0	0	0	0	149.901	111
22	21	0	0	0	0	143.437	112
22	21	0	0	0	0	142.997	113
21	21	0	0	0	0	148.269	114
21	20	0	0	0	0	145.746	115
21	20	0	0	0	0	142.765	116
20	20	0	0	0	0	145.281	117
20	20	0	0	0	0	140.863	118
21	20	0	0	0	0	139.291	119
21	19	0	0	0	0	132.103	120
21	20	0	0	0	0	152.329	121
21	20	0	0	0	0	148.206	122
21	20	0	0	0	0	154.56	123
21	20	0	0	0	0	143.609	124
21	20	0	0	0	0	153.029	125
22	20	0	0	0	0	144.539	126
22	20	0	0	0	0	142.403	127
22	20	0	0	0	0	145.712	128
23	21	0	0	0	0	153.38	129
23	21	0	0	0	0	147.824	130
23	20	0	0	0	0	148.08	131
23	19	0	0	0	0	148.012	132
23	19	0	0	0	0	152.034	133
24	19	0	0	0	0	145.651	134
25	18	0	0	0	0	135.911	135
26	18	0	0	0	0	138.024	136
27	17	0	0	0	0	146.493	137
24	17	0	0	0	0	147.59	138
24	18	0	0	0	0	137.698	139
21	18	0	0	0	0	133.105	140
21	26	0	0	0	0	134.815	141
21	26	0	0	0	0	134.937	142
22	27	0	0	0	0	143.231	143
22	27	0	0	0	0	132.842	144
22	27	0	0	0	0	172.788	145
22	27	0	0	0	0	176.989	146
22	27	0	0	0	0	173.553	147
22	27	0	0	0	0	176.004	148
22	27	0	0	0	0	175.508	149
23	27	0	0	0	0	169.542	150
22	30	0	0	0	0	178.185	151
22	30	0	0	0	0	184.706	152
23	30	0	0	0	0	173.015	153
23	30	0	0	0	0	174.802	154
22	29	0	0	0	0	172.609	155
22	29	0	0	0	0	173.562	156
22	30	0	0	0	0	158.65	157
22	29	0	0	0	0	184.928	158
22	29	0	0	0	0	166.338	159
20	29	0	0	0	0	160.447	160
19	28	0	0	0	0	144.867	161
19	28	0	0	0	0	166.095	162
19	27	0	0	0	0	152.591	163
19	26	0	0	0	0	168.099	164
19	26	0	0	0	0	150.659	165
18	26	0	0	0	0	166.372	166
18	26	0	0	0	0	148.078	167
18	26	0	0	0	0	147.635	168
19	26	0	0	0	0	159.469	169
19	26	0	0	0	0	165.438	170
19	27	0	0	0	0	159.717	171
18	27	0	0	0	0	146.23	172
17	27	0	0	0	0	148.648	173
17	27	0	0	0	0	146.101	174
17	27	0	0	0	0	148.272	175
17	27	0	0	0	0	146.371	176
17	27	0	0	0	0	149.161	177
16	26	0	0	0	0	144.692	178
16	26	0	0	0	0	151.085	179
16	27	0	0	0	0	159.627	180
17	27	0	0	0	0	149.317	181
17	27	0	0	0	0	155.481	182
17	26	0	0	0	0	145.83	183
17	26	0	0	0	0	147.277	184
18	26	0	0	0	0	156.317	185
18	26	0	0	0	0	153.13	186
18	24	0	0	0	0	151.006	187
18	24	0	0	0	0	140.572	188
18	24	0	0	0	0	136.394	189
18	24	0	0	0	0	145.56	190
18	23	0	0	0	0	145.169	191
18	23	0	0	0	0	146.928	192
18	23	0	0	0	0	123.248	193
18	24	0	0	0	0	154.328	194
18	24	0	0	0	0	152.177	195
18	23	0	0	0	0	143.592	196
19	23	0	0	0	0	139.998	197
20	23	0	0	0	0	117.485	198
20	23	0	0	0	0	140.871	199
20	23	0	0	0	0	148.286	200
19	23	0	0	0	0	137.696	201
19	23	0	0	0	0	147.721	202
19	22	0	0	0	0	148.115	203
19	23	0	0	0	0	147.89	204
20	23	0	0	0	0	139.759	205
20	22	0	0	0	0	138.378	206
20	20	0	0	0	0	125.064	207
20	20	0	0	0	0	143.072	208
19	20	0	0	0	0	129.423	209
19	20	0	0	0	0	117.241	210
17	19	0	0	0	0	131.765	211
18	19	0	0	0	0	128.002	212
18	19	0	0	0	0	128.147	213
18	19	0	0	0	0	136.881	214
18	19	0	0	0	0	131.039	215
18	20	0	0	0	0	131.068	216
18	20	0	0	0	0	130.199	217
18	20	0	0	0	0	123.782	218
18	20	0	0	0	0	139.228	219
18	20	0	0	0	0	131.721	220
18	20	0	0	0	0	128.849	221
18	18	0	0	0	0	132.319	222
18	18	0	0	0	0	136.521	223
19	20	0	0	0	0	127.281	224
19	22	0	0	0	0	135.146	225
19	23	0	0	0	0	152.658	226
19	23	0	0	0	0	140.606	227
20	23	0	0	0	0	135.062	228
20	23	0	0	0	0	147.573	229
21	23	0	0	0	0	155.392	230
22	23	0	0	0	0	156.289	231
22	23	0	0	0	0	150.18	232
22	23	0	0	0	0	153.772	233
20	23	0	0	0	0	138.351	234
19	23	0	0	0	0	145.848	235
18	23	0	0	0	0	133.606	236
18	23	0	0	0	0	136.763	237
18	23	0	0	0	0	135.809	238
18	23	0	0	0	0	137.041	239
18	26	0	0	0	0	150.425	240
18	26	0	0	0	0	148.072	241
19	25	0	0	0	0	141.069	242
19	25	0	0	0	0	151.618	243
18	25	0	0	0	0	148.506	244
18	25	0	0	0	0	152.477	245
18	25	0	0	0	0	157.524	246
18	25	0	0	0	0	154.028	247
18	25	0	0	0	0	146.389	248
18	25	0	0	0	0	144.623	249
18	25	0	0	0	0	160.765	250
19	25	0	0	0	0	149.412	251
19	25	0	0	0	0	151.891	252
19	25	0	0	0	0	154.115	253
19	25	0	0	0	0	153.69	254
19	24	0	0	0	0	163.069	255
19	24	0	0	0	0	150.636	256
20	24	0	0	0	0	151.261	257
20	24	0	0	0	0	149.14	258
20	24	0	0	0	0	159.253	259
21	24	0	0	0	0	152.168	260
21	24	0	0	0	0	153.84	261
21	24	0	0	0	0	157.482	262
21	24	0	0	0	0	145.97	263
21	24	0	0	0	0	158.209	264
21	24	0	0	0	0	144.572	265
21	24	0	0	0	0	130.871	266
21	24	0	0	0	0	155.761	267
20	24	0	0	0	0	148.278	268
19	24	0	0	0	0	140.956	269
19	24	0	0	0	0	150.748	270
19	24	0	0	0	0	147.68	271
19	24	0	0	0	0	146.441	272
19	24	0	0	0	0	151.214	273
19	24	0	0	0	0	147.938	274
19	24	0	0	0	0	161.499	275
19	24	0	0	0	0	145.349	276
18	24	0	0	0	0	141.674	277
18	24	0	0	0	0	144.389	278
18	25	0	0	0	0	129.712	279
18	27	0	0	0	0	155.423	280
18	27	0	0	0	0	148.31	281
18	28	0	0	0	0	115.107	282
19	26	0	0	0	0	121.659	283
19	26	0	0	0	0	127.692	284
19	25	0	0	0	0	120.544	285
18	25	0	0	0	0	120.885	286
18	25	0	0	0	0	132.836	287
18	26	0	0	0	0	121.829	288
17	26	0	0	0	0	118.21	289
17	26	0	0	0	0	125.623	290
18	22	0	0	0	0	137.285	291
18	22	0	0	0	0	138.765	292
18	22	0	0	0	0	131.073	293
19	23	0	0	0	0	145.515	294
20	23	0	0	0	0	150.953	295
20	23	0	0	0	0	157.724	296
20	22	0	0	0	0	157.051	297
20	23	0	0	0	0	145.584	298
20	23	0	0	0	0	137.903	299
19	23	0	0	0	0	146.156	300
19	22	0	0	0	0	150.129	301
19	22	0	0	0	0	149.043	302
19	22	0	0	0	0	155.726	303
19	22	0	0	0	0	137.821	304
19	22	0	0	0	0	137.553	305
19	22	0	0	0	0	135.257	306
20	20	0	0	0	0	144.175	307
20	20	0	0	0	0	132.055	308
20	20	0	0	0	0	144.112	309
20	20	0	0	0	0	143.308	310
21	20	0	0	0	0	141.654	311
21	20	0	0	0	0	137.646	312
21	20	0	0	0	0	146.654	313
21	20	0	0	0	0	135.099	314
20	20	0	0	0	0	140.563	315
20	20	0	0	0	0	137.476	316
20	21	0	0	0	0	138.688	317
20	21	0	0	0	0	145.016	318
20	21	0	0	0	0	123.285	319
19	21	0	0	0	0	123.748	320
19	19	0.5	0	1	0	138.228	321
19	20	0.5	0	1	0	135.602	322
19	19	0.833333	0	2	0	133.22	323
19	19	0.833333	0	2	0	121.082	324
19	18	0.833333	0	2	0	126.819	325
19	18	0.833333	0	2	0	122.685	326
19	18	0.833333	0	2	0	133.866	327
19	18	0.833333	0	2	0	121.385	328
19	18	0.833333	0	2	0	118.336	329
19	18	0.833333	0	2	0	118.274	330
19	17	0.833333	0	2	0	123.79	331
19	17	0.833333	0	2	0	117.024	332
19	17	0.833333	0	2	0	112.934	333
19	17	0.833333	0	2	0	117.948	334
17	17	0.833333	0	2	0	91.5194	335
17	15	0.833333	0	2	0	109.735	336
17	15	1.16667	0	3	0	109.859	337
17	15	1.16667	0	3	0	116.318	338
17	15	1.16667	0	3	0	95.7403	339
16	15	1.16667	0	3	0	90.9944	340
16	15	1.16667	0	3	0	96.9582	341
16	14	1.16667	0	3	0	109.687	342
16	14	1.16667	0	3	0	95.308	343
16	14	1.16667	0	3	0	98.9495	344
16	14	1.16667	0	3	0	69.0972	345
16	14	1.16667	0	3	0	68.9219	346
15	13	1.16667	0	3	0	72.4076	347
14	13	1.16667	0	3	0	70.9917	348
13	13	1.16667	0	3	0	73.7319	349
13	13	1.16667	0	3	0	73.4592	350
12	13	1.16667	0	3	0	72.7577	351
12	13	1.16667	0	3	0	75.1322	352
12	13	1.16667	0	3	0	72.9577	353
12	12	1.16667	0	3	0	73.1299	354
11	12	1.16667	0	3	0	62.822	355
11	12	1.16667	0	3	0	63.0569	356
11	11	1.16667	0	3	0	37.8139	357
11	10	1.16667	0	3	0	39.2077	358
11	9	1.16667	0	3	0	40.9099	359
11	8	1.16667	0	3	0	37.3157	360
11	8	1.16667	0	3	0	41.704	361
6	7	1.16667	0	3	0	35.2237	362
6	7	1.16667	0	3	0	34.5982	363
6	7	1.16667	0	3	0	39.7118	364
6	7	1.16667	0	3	0	36.6951	365
6	6	1.16667	0	3	0	34.3583	366
6	6	1.16667	0	3	0	34.4142	367
6	6	1.16667	0	3	0	36.3111	368
6	6	1.16667	0	3	0	34.7201	369
6	6	1.16667	0	3	0	35.0016	370
6	6	1.16667	0	3	0	32.3984	371
6	6	1.16667	0	3	0	33.5526	372
6	6	1.16667	0	3	0	36.3667	373
6	6	1.16667	0	3	0	27.7735	374
6	5	0.833333	0	2	0	23.7843	375
6	4	0.833333	0	2	0	29.2774	376
6	4	0.833333	0	2	0	32.9503	377
6	4	0.833333	0	2	0	32.8415	378
6	4	0.833333	0	2	0	29.874	379
6	4	0.833333	0	2	0	29.3647	380
6	3	0.833333	0	2	0	21.2156	381
6	2	0.833333	0	2	0	9.43449	382
6	2	0.833333	0	2	0	17.7123	383
6	2	0.833333	0	2	0	25.5828	384
6	2	0.833333	0	2	0	23.9596	385
6	2	0.833333	0	2	0	24.1579	386
6	2	0.833333	0	2	0	24.0102	387
6	2	0.833333	0	2	0	19.9138	388
6	2	0.833333	0	2	0	19.3648	389
6	1	0.833333	0	2	0	13.6922	390
6	1	0.833333	0	2	0	17.3452	391
5	1	0.833333	0	2	0	12.5918	392
4	1	0.5	0	1	0	12.7233	393
4	1	0.5	0	1	0	12.7233	394
4	1	0.5	0	1	0	12.5771	395
4	1	0.5	0	1	0	11.4287	396
4	1	0.5	0	1	0	11.6834	397
4	1	0.5	0	1	0	nan	398
4	1	0.5	0	1	0	nan	399
