unique_top_cov	unique_bot_cov	redundant_top_cov	redundant_bot_cov	raw_redundant_top_cov	raw_redundant_bot_cov	e_value	position
7	18	0	0	0	0	73.3589	1
7	19	0	0	0	0	96.9304	2
7	19	0	0	0	0	92.8361	3
7	20	0	0	0	0	96.6233	4
7	20	0	0	0	0	95.11	5
7	20	0	0	0	0	95.2927	6
7	20	0	0	0	0	92.1509	7
7	20	0	0	0	0	101.154	8
7	20	0	0	0	0	93.8631	9
7	20	0	0	0	0	92.0839	10
7	20	0	0	0	0	96.9058	11
6	21	0	0	0	0	89.8432	12
6	21	0	0	0	0	89.8507	13
6	21	0	0	0	0	93.9869	14
6	21	0	0	0	0	86.0794	15
5	21	0	0	0	0	92.0504	16
5	21	0	0	0	0	96.0071	17
5	21	0	0	0	0	66.9867	18
5	21	0	0	0	0	82.8053	19
5	21	0	0	0	0	88.7465	20
4	21	0	0	0	0	84.7468	21
4	22	0	0	0	0	88.3625	22
4	23	0	0	0	0	86.525	23
5	23	0	0	0	0	96.7415	24
5	21	0	0	0	0	79.9656	25
5	19	0	0	0	0	74.71	26
5	19	0	0	0	0	73.5617	27
5	20	0	0	0	0	85.381	28
5	20	0	0	0	0	87.5323	29
5	20	0	0	0	0	85.7303	30
5	21	0	0	0	0	92.8277	31
5	21	0	0	0	0	88.9824	32
5	20	0	0	0	0	86.5425	33
5	20	0	0	0	0	82.8548	34
5	20	0	0	0	0	87.2582	35
5	20	0	0	0	0	77.9905	36
5	20	0	0	0	0	75.6591	37
5	17	0	0	0	0	73.6778	38
5	17	0	0	0	0	71.4217	39
5	17	0	0	0	0	71.3341	40
5	17	0	0	0	0	72.2894	41
5	17	0	0	0	0	78.0248	42
5	17	0	0	0	0	80.1642	43
5	17	0	0	0	0	64.8078	44
3	17	0	0	0	0	68.4061	45
3	17	0	0	0	0	71.3978	46
3	17	0	0	0	0	68.8312	47
3	16	0	0	0	0	54.5794	48
3	16	0	0	0	0	58.3585	49
4	16	0	0	0	0	63.296	50
5	16	0	0	0	0	69.3102	51
5	17	0	0	0	0	71.8162	52
5	17	0	0	0	0	74.6238	53
5	17	0	0	0	0	66.1139	54
5	17	0	0	0	0	72.7975	55
6	17	0	0	0	0	75.2518	56
6	17	0	0	0	0	68.5352	57
6	17	0	0	0	0	68.8402	58
6	17	0	0	0	0	68.9922	59
6	16	0	0	0	0	66.2429	60
6	17	0	0	0	0	67.1558	61
6	17	0	0	0	0	70.2384	62
5	16	0	0	0	0	58.5602	63
5	16	0	0	0	0	71.8468	64
5	16	0	0	0	0	74.1407	65
5	16	0	0	0	0	71.9185	66
5	16	0	0	0	0	73.2133	67
6	16	0	0	0	0	72.8378	68
6	16	0	0	0	0	70.7988	69
6	16	0	0	0	0	76.5751	70
6	16	0	0	0	0	77.0887	71
6	16	0	0	0	0	77.6131	72
6	16	0	0	0	0	77.5234	73
6	16	0	0	0	0	75.3985	74
6	16	0	0	0	0	77.0671	75
6	16	0	0	0	0	72.7124	76
6	16	0	0	0	0	79.4458	77
6	16	0	0	0	0	76.3443	78
6	16	0	0	0	0	75.4774	79
6	16	0	0	0	0	77.7992	80
6	16	0	0	0	0	80.9686	81
6	16	0	0	0	0	64.1555	82
6	16	0	0	0	0	73.4339	83
6	16	0	0	0	0	70.3283	84
6	16	0	0	0	0	79.0041	85
6	16	0	0	0	0	78.5747	86
6	16	0	0	0	0	67.709	87
6	16	0	0	0	0	70.363	88
6	16	0	0	0	0	81.0874	89
8	17	0	0	0	0	80.9686	90
8	17	0	0	0	0	87.276	91
8	17	0	0	0	0	89.7434	92
8	17	0	0	0	0	86.3208	93
9	17	0	0	0	0	81.0617	94
9	17	0	0	0	0	83.0995	95
9	17	0	0	0	0	96.3414	96
9	17	0	0	0	0	96.0416	97
9	17	0	0	0	0	77.4888	98
10	15	0	0	0	0	84.4257	99
10	15	0	0	0	0	93.0675	100
10	15	0	0	0	0	72.1585	101
10	15	0	0	0	0	82.0893	102
10	15	0	0	0	0	91.4769	103
10	15	0	0	0	0	89.0692	104
10	15	0	0	0	0	81.4498	105
10	16	0	0	0	0	87.7691	106
10	15	0	0	0	0	78.1131	107
9	17	0	0	0	0	72.4504	108
9	16	0	0	0	0	88.9102	109
9	16	0	0	0	0	93.1118	110
9	16	0	0	0	0	89.8916	111
9	16	0	0	0	0	92.394	112
9	16	0	0	0	0	82.3913	113
9	16	0	0	0	0	85.6368	114
9	16	0	0	0	0	80.874	115
9	19	0	0	0	0	70.5097	116
9	15	0	0	0	0	71.073	117
9	15	0	0	0	0	71.6599	118
9	14	0	0	0	0	67.3211	119
9	13	0	0	0	0	69.8239	120
9	13	0	0	0	0	68.4085	121
9	13	0	0	0	0	73.9862	122
9	12	0	0	0	0	73.5833	123
9	12	0	0	0	0	73.9489	124
9	13	0	0	0	0	68.2756	125
9	13	0	0	0	0	59.9464	126
9	13	0	0	0	0	77.836	127
9	13	0	0	0	0	79.6575	128
9	13	0	0	0	0	77.1204	129
9	14	0	0	0	0	74.6519	130
9	14	0	0	0	0	79.4286	131
10	14	0	0	0	0	76.7643	132
10	14	0	0	0	0	80.6973	133
10	14	0	0	0	0	80.2873	134
10	14	0	0	0	0	87.8382	135
10	14	0	0	0	0	80.7316	136
9	14	0	0	0	0	77.9491	137
9	14	0	0	0	0	78.2827	138
9	13	0	0	0	0	72.9024	139
9	13	0	0	0	0	75.6247	140
8	13	0	0	0	0	69.6388	141
8	13	0	0	0	0	68.2367	142
8	13	0	0	0	0	74.2778	143
8	13	0	0	0	0	71.2239	144
8	13	0	0	0	0	65.0914	145
8	13	0	0	0	0	70.9699	146
8	13	0	0	0	0	73.5355	147
8	13	0	0	0	0	64.7599	148
8	11	0	0	0	0	66.6523	149
8	11	0	0	0	0	65.7761	150
8	11	0	0	0	0	66.7143	151
9	11	0	0	0	0	66.2804	152
9	12	0	0	0	0	65.1907	153
9	12	0	0	0	0	68.7988	154
9	13	0	0	0	0	63.8269	155
9	14	0	0	0	0	76.6645	156
9	14	0	0	0	0	82.2366	157
9	15	0	0	0	0	76.6981	158
9	15	0	0	0	0	80.0308	159
9	15	0	0	0	0	86.4228	160
9	15	0	0	0	0	83.9333	161
9	15	0	0	0	0	88.5904	162
9	15	0	0	0	0	76.3529	163
9	15	0	0	0	0	77.9794	164
9	15	0	0	0	0	83.4439	165
9	15	0	0	0	0	87.7575	166
9	15	0	0	0	0	84.1267	167
9	17	0	0	0	0	89.3732	168
9	17	0	0	0	0	76.1478	169
9	17	0	0	0	0	85.9207	170
9	17	0	0	0	0	84.7767	171
9	17	0	0	0	0	74.978	172
9	16	0	0	0	0	80.513	173
8	16	0	0	0	0	82.0175	174
7	16	0	0	0	0	78.4481	175
7	16	0	0	0	0	81.1565	176
7	16	0	0	0	0	79.3688	177
7	16	0	0	0	0	75.1576	178
7	16	0	0	0	0	80.828	179
7	16	0	0	0	0	68.1332	180
7	15	0	0	0	0	76.3796	181
7	15	0	0	0	0	73.5749	182
7	17	0	0	0	0	80.5219	183
7	17	0	0	0	0	72.34	184
8	17	0	0	0	0	71.0294	185
8	17	0	0	0	0	78.2329	186
8	17	0	0	0	0	80.9326	187
9	17	0	0	0	0	90.1068	188
9	17	0	0	0	0	90.1059	189
8	17	0	0	0	0	78.8614	190
8	17	0	0	0	0	83.2828	191
9	16	0	0	0	0	82.5588	192
9	16	0	0	0	0	82.6304	193
9	16	0	0	0	0	70.062	194
9	16	0	0	0	0	92.9082	195
9	16	0	0	0	0	86.673	196
9	16	0	0	0	0	93.0546	197
9	16	0	0	0	0	86.8664	198
9	16	0	0	0	0	85.8932	199
9	16	0	0	0	0	87.0558	200
9	16	0	0	0	0	84.6721	201
9	16	0	0	0	0	84.3661	202
9	16	0	0	0	0	84.5642	203
9	16	0	0	0	0	83.7223	204
9	16	0	0	0	0	87.6275	205
9	16	0	0	0	0	87.4689	206
9	16	0	0	0	0	90.8492	207
9	16	0	0	0	0	85.7329	208
9	16	0	0	0	0	81.0921	209
9	16	0	0	0	0	78.6858	210
9	15	0	0	0	0	86.1015	211
9	16	0	0	0	0	87.7206	212
9	16	0	0	0	0	87.0092	213
9	16	0	0	0	0	89.9967	214
9	16	0	0	0	0	88.7718	215
9	16	0	0	0	0	82.6161	216
9	16	0	0	0	0	84.4214	217
8	16	0	0	0	0	84.1694	218
8	16	0	0	0	0	78.917	219
8	16	0	0	0	0	82.9683	220
8	16	0	0	0	0	80.4279	221
8	16	0	0	0	0	84.1992	222
8	16	0	0	0	0	67.769	223
8	16	0	0	0	0	88.0892	224
8	16	0	0	0	0	79.2463	225
8	16	0	0	0	0	79.8155	226
8	16	0	0	0	0	87.5782	227
8	16	0	0	0	0	79.3284	228
8	16	0	0	0	0	75.8722	229
8	17	0	0	0	0	82.4875	230
8	19	0	0	0	0	86.8627	231
8	20	0	0	0	0	79.3475	232
8	20	0	0	0	0	91.6445	233
7	20	0	0	0	0	81.5103	234
7	20	0	0	0	0	67.2277	235
7	20	0	0	0	0	88.4123	236
6	20	0	0	0	0	89.3454	237
6	20	0	0	0	0	94.7004	238
6	20	0	0	0	0	71.2854	239
4	19	0	0	0	0	78.9664	240
4	19	0	0	0	0	80.5707	241
4	22	0	0	0	0	78.3831	242
4	22	0	0	0	0	87.4144	243
4	21	0	0	0	0	82.6628	244
4	21	0	0	0	0	84.4753	245
4	21	0	0	0	0	77.8314	246
4	21	0	0	0	0	79.9933	247
4	20	0	0	0	0	72.3727	248
3	20	0	0	0	0	77.0244	249
3	22	0	0	0	0	85.3145	250
3	22	0	0	0	0	87.1991	251
3	22	0	0	0	0	82.0769	252
3	22	0	0	0	0	81.9991	253
3	22	0	0	0	0	70.3886	254
3	22	0	0	0	0	77.4645	255
3	20	0	0	0	0	74.3235	256
3	20	0	0	0	0	66.4808	257
3	18	0	0	0	0	72.8259	258
3	18	0	0	0	0	70.7625	259
3	19	0	0	0	0	76.5812	260
3	19	0	0	0	0	74.0235	261
3	19	0	0	0	0	79.6006	262
3	19	0	0	0	0	76.6315	263
3	19	0	0	0	0	77.9202	264
3	19	0	0	0	0	74.148	265
3	18	0	0	0	0	71.1676	266
3	18	0	0	0	0	66.9983	267
2	17	0	0	0	0	68.962	268
2	17	0	0	0	0	62.7995	269
2	17	0	0	0	0	64.19	270
2	16	0	0	0	0	65.6233	271
2	16	0	0	0	0	61.2401	272
2	17	0	0	0	0	55.7253	273
2	16	0	0	0	0	54.5015	274
2	16	0	0	0	0	56.2638	275
2	17	0	0	0	0	50.2138	276
2	17	0	0	0	0	61.0563	277
2	17	0	0	0	0	58.729	278
3	17	0	0	0	0	59.3292	279
3	16	0	0	0	0	60.4628	280
3	16	0	0	0	0	62.8605	281
3	16	0	0	0	0	59.7142	282
3	16	0	0	0	0	62.1797	283
3	16	0	0	0	0	55.9045	284
3	15	0	0	0	0	58.3123	285
3	15	0	0	0	0	61.5031	286
3	15	0	0	0	0	56.6423	287
3	15	0	0	0	0	56.5283	288
3	15	0	0	0	0	55.2213	289
3	15	0	0	0	0	65.0377	290
3	15	0	0	0	0	61.1228	291
3	15	0	0	0	0	60.1066	292
3	15	0	0	0	0	63.6536	293
3	15	0	0	0	0	59.0442	294
3	15	0	0	0	0	58.4534	295
3	15	0	0	0	0	59.0939	296
3	15	0	0	0	0	63.2266	297
3	15	0	0	0	0	62.8265	298
3	15	0	0	0	0	60.6715	299
3	15	0	0	0	0	60.9156	300
3	15	0	0	0	0	58.2409	301
3	15	0	0	0	0	58.7861	302
3	15	0	0	0	0	54.8065	303
3	15	0	0	0	0	54.7448	304
3	15	0	0	0	0	58.8891	305
3	14	0	0	0	0	61.5235	306
3	14	0	0	0	0	56.8689	307
3	14	0	0	0	0	52.5679	308
3	14	0	0	0	0	56.475	309
3	14	0	0	0	0	57.3048	310
3	14	0	0	0	0	56.8227	311
3	14	0	0	0	0	57.9097	312
3	14	0	0	0	0	57.0841	313
3	14	0	0	0	0	61.0197	314
3	14	0	0	0	0	50.7416	315
3	14	0	0	0	0	51.9542	316
4	14	0	0	0	0	47.9029	317
4	13	0	0	0	0	55.3619	318
4	13	0	0	0	0	58.0085	319
4	13	0	0	0	0	55.3135	320
4	13	0	0	0	0	52.2305	321
4	13	0	0	0	0	57.1116	322
4	13	0	0	0	0	46.9285	323
4	13	0	0	0	0	48.2489	324
3	13	0	0	0	0	49.8715	325
3	13	0	0	0	0	46.3556	326
2	13	0	0	0	0	50.641	327
2	13	0	0	0	0	50.6507	328
2	13	0	0	0	0	39.801	329
2	13	0	0	0	0	44.2989	330
2	13	0	0	0	0	45.6115	331
2	13	0	0	0	0	47.3146	332
2	12	0	0	0	0	47.2993	333
2	12	0	0	0	0	44.5136	334
2	12	0	0	0	0	44.5732	335
2	12	0	0	0	0	42.613	336
2	12	0	0	0	0	44.5402	337
2	12	0	0	0	0	44.5136	338
3	12	0	0	0	0	34.3268	339
3	12	0	0	0	0	46.2363	340
4	12	0	0	0	0	43.253	341
4	12	0	0	0	0	44.2753	342
4	12	0	0	0	0	50.3525	343
4	12	0	0	0	0	51.8057	344
4	12	0	0	0	0	45.0479	345
4	12	0	0	0	0	54.2128	346
5	12	0	0	0	0	48.7439	347
5	12	0	0	0	0	56.2243	348
5	12	0	0	0	0	53.7854	349
5	12	0	0	0	0	57.8103	350
5	12	0	0	0	0	51.3787	351
5	12	0	0	0	0	52.3019	352
5	12	0	0	0	0	47.6916	353
5	12	0	0	0	0	55.1488	354
5	12	0	0	0	0	50.5489	355
5	12	0	0	0	0	53.0032	356
5	11	0	0	0	0	50.78	357
5	11	0	0	0	0	48.8374	358
5	11	0	0	0	0	37.698	359
6	11	0	0	0	0	33.996	360
6	11	0	0	0	0	41.1459	361
7	10	0	0	0	0	38.6891	362
7	10	0	0	0	0	41.0909	363
7	9	0	0	0	0	41.4923	364
7	8	0	0	0	0	38.6153	365
8	8	0	0	0	0	37.7155	366
8	8	0	0	0	0	43.4588	367
8	8	0	0	0	0	50.2451	368
8	7	0	0	0	0	49.238	369
8	7	0	0	0	0	51.1558	370
8	7	0	0	0	0	49.5306	371
8	7	0	0	0	0	38.3957	372
8	7	0	0	0	0	49.8354	373
8	7	0	0	0	0	50.0457	374
8	7	0	0	0	0	49.0104	375
8	7	0	0	0	0	43.6173	376
8	7	0	0	0	0	44.2217	377
8	7	0	0	0	0	41.6655	378
8	7	0	0	0	0	39.1827	379
8	6	0	0	0	0	43.1812	380
8	6	0	0	0	0	37.9718	381
8	6	0	0	0	0	43.7871	382
8	6	0	0	0	0	40.3191	383
8	6	0	0	0	0	37.4576	384
8	6	0	0	0	0	43.4173	385
8	6	0	0	0	0	44.7237	386
8	6	0	0	0	0	40.7882	387
8	6	0	0	0	0	31.5496	388
8	6	0	0	0	0	35.8758	389
8	5	0	0	0	0	31.5231	390
8	5	0	0	0	0	34.9773	391
8	3	0	0	0	0	34.9784	392
8	3	0	0	0	0	32.6567	393
8	3	0	0	0	0	33.7497	394
10	3	0	0	0	0	32.2872	395
10	3	0	0	0	0	25.9114	396
10	3	0	0	0	0	31.9384	397
10	3	0	0	0	0	28.8273	398
10	3	0	0	0	0	31.9384	399
10	1	0	0	0	0	29.7074	400
11	1	0	0	0	0	27.7431	401
11	0	0	0	0	0	19.6606	402
11	0	0	0	0	0	24.2245	403
10	0	0	0	0	0	24.0028	404
10	0	0	0	0	0	27.9118	405
10	0	0	0	0	0	30.2087	406
10	0	0	0	0	0	26.5359	407
10	0	0	0	0	0	26.0119	408
10	0	0	0	0	0	25.6408	409
10	0	0	0	0	0	27.4377	410
10	0	0	0	0	0	24.4401	411
10	0	0	0	0	0	27.1094	412
9	0	0	0	0	0	27.508	413
9	0	0	0	0	0	27.4323	414
9	0	0	0	0	0	25.4929	415
9	0	0	0	0	0	27.895	416
9	0	0	0	0	0	22.0507	417
9	0	0	0	0	0	25.2318	418
9	0	0	0	0	0	28.3549	419
9	0	0	0	0	0	28.047	420
9	0	0	0	0	0	27.7287	421
9	0	0	0	0	0	27.2633	422
9	0	0	0	0	0	25.8047	423
9	0	0	0	0	0	25.6432	424
9	0	0	0	0	0	24.755	425
9	0	0	0	0	0	26.6146	426
9	0	0	0	0	0	18.6582	427
9	0	0	0	0	0	20.5841	428
8	0	0	0	0	0	19.1811	429
8	0	0	0	0	0	20.9988	430
8	0	0	0	0	0	25.1704	431
8	0	0	0	0	0	17.6888	432
8	0	0	0	0	0	22.5445	433
8	0	0	0	0	0	24.4529	434
8	0	0	0	0	0	23.2953	435
8	0	0	0	0	0	21.8378	436
8	1	0	0	0	0	24.107	437
8	2	0	0	0	0	25.397	438
8	2	0	0	0	0	28.7236	439
8	2	0	0	0	0	33.1474	440
8	2	0	0	0	0	31.4056	441
8	2	0	0	0	0	28.2956	442
8	2	0	0	0	0	32.4134	443
8	2	0	0	0	0	31.9299	444
8	2	0	0	0	0	31.1355	445
8	2	0	0	0	0	32.9729	446
8	2	0	0	0	0	27.3702	447
8	2	0	0	0	0	24.4628	448
8	2	0	0	0	0	27.31	449
8	2	0	0	0	0	33.3389	450
8	2	0	0	0	0	29.3106	451
8	2	0	0	0	0	25.3743	452
8	2	0	0	0	0	27.0639	453
8	2	0	0	0	0	27.5317	454
8	2	0	0	0	0	29.0515	455
8	2	0	0	0	0	25.8304	456
7	2	0	0	0	0	28.2149	457
7	2	0	0	0	0	27.9917	458
7	3	0	0	0	0	26.4996	459
7	3	0	0	0	0	23.8136	460
7	3	0	0	0	0	26.466	461
7	3	0	0	0	0	32.8539	462
7	3	0	0	0	0	27.7838	463
7	3	0	0	0	0	31.9017	464
7	3	0	0	0	0	29.864	465
7	3	0	0	0	0	25.373	466
6	3	0	0	0	0	26.7936	467
6	3	0	0	0	0	25.938	468
6	3	0	0	0	0	28.2067	469
6	3	0	0	0	0	28.1997	470
6	3	0	0	0	0	28.1772	471
6	3	0	0	0	0	26.3117	472
6	3	0	0	0	0	27.001	473
6	3	0	0	0	0	27.8575	474
6	3	0	0	0	0	27.4912	475
6	3	0	0	0	0	25.8277	476
6	3	0	0	0	0	23.1913	477
6	3	0	0	0	0	27.5017	478
6	3	0	0	0	0	27.9329	479
6	3	0	0	0	0	19.1354	480
6	3	0	0	0	0	26.2625	481
6	3	0	0	0	0	29.6426	482
6	3	0	0	0	0	22.3109	483
6	3	0	0	0	0	24.3214	484
6	3	0	0	0	0	23.1042	485
6	3	0	0	0	0	20.7795	486
6	3	0	0	0	0	20.4324	487
6	3	0	0	0	0	18.0034	488
5	3	0	0	0	0	20.3621	489
5	3	0	0	0	0	20.4324	490
4	3	0	0	0	0	18.9827	491
4	3	0	0	0	0	21.0428	492
4	3	0	0	0	0	16.5817	493
4	3	0	0	0	0	12.5771	494
4	3	0	0	0	0	10.1274	495
4	2	0	0	0	0	12.4772	496
4	2	0	0	0	0	12.5771	497
4	1	0	0	0	0	12.2325	498
4	1	0	0	0	0	12.4658	499
4	1	0	0	0	0	5.85176	500
4	1	0	0	0	0	8.42518	501
4	1	0	0	0	0	6.48728	502
4	1	0	0	0	0	9.15886	503
3	1	0	0	0	0	3.46308	504
3	1	0	0	0	0	8.64075	505
3	1	0	0	0	0	6.92997	506
3	1	0	0	0	0	8.88205	507
3	1	0	0	0	0	8.813	508
3	1	0	0	0	0	8.55269	509
3	1	0	0	0	0	8.72464	510
3	1	0	0	0	0	8.61229	511
4	1	0	0	0	0	6.69302	512
4	1	0	0	0	0	7.84312	513
4	1	0	0	0	0	12.1687	514
4	1	0	0	0	0	12.7233	515
4	1	0	0	0	0	13.0561	516
4	1	0	0	0	0	12.7793	517
4	1	0	0	0	0	10.1274	518
4	1	0	0	0	0	12.5918	519
4	1	0	0	0	0	12.5771	520
4	1	0	0	0	0	12.4658	521
4	1	0	0	0	0	12.2325	522
4	1	0	0	0	0	5.30991	523
4	1	0	0	0	0	12.0154	524
4	1	0	0	0	0	12.273	525
4	1	0	0	0	0	9.51944	526
4	1	0	0	0	0	13.6096	527
5	1	0	0	0	0	12.7067	528
5	1	0	0	0	0	15.6226	529
5	1	0	0	0	0	17.4017	530
5	1	0	0	0	0	15.3414	531
5	1	0	0	0	0	16.0833	532
5	1	0	0	0	0	12.228	533
5	1	0	0	0	0	15.6385	534
5	1	0	0	0	0	13.5104	535
5	2	0	0	0	0	16.6714	536
5	2	0	0	0	0	16.1055	537
5	2	0	0	0	0	13.0468	538
5	2	0	0	0	0	12.4642	539
4	3	0	0	0	0	9.41869	540
4	3	0	0	0	0	13.6145	541
4	3	0	0	0	0	18.4581	542
4	3	0	0	0	0	16.4808	543
4	3	0	0	0	0	10.7321	544
2	3	0	0	0	0	10.1489	545
2	3	0	0	0	0	12.1481	546
2	3	0	0	0	0	10.0253	547
2	4	0	0	0	0	9.74525	548
2	4	0	0	0	0	15.4326	549
2	4	0	0	0	0	13.0003	550
2	4	0	0	0	0	14.0192	551
2	4	0	0	0	0	12.9439	552
2	4	0	0	0	0	16.4038	553
2	4	0	0	0	0	14.9021	554
2	4	0	0	0	0	16.4726	555
2	4	0	0	0	0	14.1381	556
2	4	0	0	0	0	15.6313	557
2	4	0	0	0	0	12.5275	558
2	4	0	0	0	0	12.6364	559
2	4	0	0	0	0	12.6802	560
2	3	0	0	0	0	12.6364	561
2	3	0	0	0	0	12.6364	562
3	3	0	0	0	0	12.4884	563
3	3	0	0	0	0	14.0356	564
3	3	0	0	0	0	11.4228	565
3	3	0	0	0	0	16.1396	566
3	4	0	0	0	0	13.9768	567
3	4	0	0	0	0	15.9761	568
3	4	0	0	0	0	19.836	569
3	4	0	0	0	0	16.084	570
3	4	0	0	0	0	15.5326	571
4	3	0	0	0	0	16.4386	572
4	3	0	0	0	0	13.8537	573
4	3	0	0	0	0	18.7597	574
4	3	0	0	0	0	21.0707	575
4	3	0	0	0	0	14.5867	576
4	3	0	0	0	0	20.3642	577
4	3	0	0	0	0	17.5663	578
4	3	0	0	0	0	18.359	579
4	3	0	0	0	0	16.4321	580
4	3	0	0	0	0	20.4324	581
4	3	0	0	0	0	20.0375	582
4	3	0	0	0	0	20.358	583
4	3	0	0	0	0	21.4187	584
4	3	0	0	0	0	20.4324	585
4	3	0	0	0	0	18.8101	586
4	3	0	0	0	0	15.3907	587
4	3	0	0	0	0	20.358	588
4	3	0	0	0	0	18.5234	589
4	3	0	0	0	0	15.9175	590
5	3	0	0	0	0	20.9229	591
6	3	0	0	0	0	23.9872	592
6	3	0	0	0	0	21.847	593
6	3	0	0	0	0	28.0713	594
6	3	0	0	0	0	27.4912	595
6	3	0	0	0	0	28.2067	596
6	3	0	0	0	0	27.3061	597
6	3	0	0	0	0	25.6215	598
6	3	0	0	0	0	29.4729	599
6	4	0	0	0	0	28.8232	600
6	4	0	0	0	0	18.2572	601
6	4	0	0	0	0	29.2374	602
6	4	0	0	0	0	27.9329	603
6	4	0	0	0	0	29.865	604
6	4	0	0	0	0	25.5526	605
7	4	0	0	0	0	28.1452	606
7	4	0	0	0	0	37.369	607
7	4	0	0	0	0	29.4118	608
7	3	0	0	0	0	28.1851	609
7	3	0	0	0	0	30.8633	610
7	4	0	0	0	0	23.4024	611
7	4	0	0	0	0	32.5397	612
7	5	0	0	0	0	31.6122	613
7	5	0	0	0	0	32.1589	614
6	5	0	0	0	0	34.2093	615
6	5	0	0	0	0	35.8954	616
6	5	0	0	0	0	35.7558	617
6	5	0	0	0	0	33.2444	618
6	5	0	0	0	0	32.4364	619
6	5	0	0	0	0	35.8526	620
6	5	0	0	0	0	35.6721	621
6	5	0	0	0	0	35.44	622
6	5	0	0	0	0	37.3308	623
6	5	0	0	0	0	35.5451	624
6	5	0	0	0	0	32.0516	625
6	5	0	0	0	0	34.8065	626
6	5	0	0	0	0	35.4259	627
6	5	0	0	0	0	35.878	628
6	5	0	0	0	0	33.4041	629
6	5	0	0	0	0	37.4828	630
6	5	0	0	0	0	32.5614	631
6	5	0	0	0	0	34.8763	632
6	5	0	0	0	0	28.8892	633
6	5	0	0	0	0	35.894	634
6	5	0	0	0	0	34.8817	635
6	5	0	0	0	0	35.7015	636
6	5	0	0	0	0	35.9374	637
6	5	0	0	0	0	35.893	638
6	5	0	0	0	0	33.1743	639
6	5	0	0	0	0	31.6898	640
6	5	0	0	0	0	35.7399	641
6	5	0	0	0	0	32.1215	642
6	5	0	0	0	0	34.4085	643
6	5	0	0	0	0	35.7558	644
6	5	0	0	0	0	29.9073	645
6	5	0	0	0	0	34.2906	646
6	5	0.5	0	1	0	32.8223	647
6	5	0.5	0	1	0	35.8982	648
6	5	0.5	0	1	0	33.9044	649
6	5	0.5	0	1	0	35.8982	650
6	5	0.5	0	1	0	33.8237	651
6	5	0.5	0	1	0	33.4041	652
6	5	0.5	0	1	0	30.56	653
6	5	0.5	0	1	0	35.7272	654
6	5	0.5	0	1	0	35.0247	655
6	5	0.5	0	1	0	35.3594	656
6	5	0.5	0	1	0	33.7754	657
6	6	0.5	0	1	0	31.3331	658
6	6	0.5	0	1	0	31.9528	659
6	5	0.5	0	1	0	29.7934	660
6	6	0.5	0	1	0	35.4862	661
6	6	0.5	0	1	0	34.3132	662
7	6	0.5	0	1	0	39.6542	663
7	6	0.5	0	1	0	41.1778	664
7	6	0.5	0	1	0	43.1446	665
7	6	0.5	0	1	0	40.4274	666
7	6	0.5	0	1	0	37.4606	667
7	6	0.5	0	1	0	41.0762	668
7	6	0.5	0	1	0	36.9892	669
6	6	0.5	0	1	0	35.3796	670
6	6	0.5	0	1	0	30.8095	671
6	6	0.5	0	1	0	35.4862	672
6	6	0.5	0	1	0	32.6368	673
6	6	0.5	0	1	0	37.1547	674
6	6	0.5	0	1	0	34.4282	675
6	5	0.5	0	1	0	35.7272	676
6	5	0.5	0	1	0	35.6337	677
6	5	0.5	0	1	0	35.3114	678
6	5	0.5	0	1	0	35.6337	679
6	5	0.5	0	1	0	36.4973	680
6	5	0.5	0	1	0	33.66	681
6	5	0.5	0	1	0	37.2667	682
7	5	0.5	0	1	0	36.4471	683
7	5	0.5	0	1	0	30.6476	684
7	7	0.5	0	1	0	34.8261	685
7	7	0.5	0	1	0	43.2439	686
7	7	0.5	0	1	0	46.0409	687
7	7	0.5	0	1	0	43.9608	688
7	8	0.5	0	1	0	43.0021	689
8	8	0.5	0	1	0	46.4806	690
8	8	0.5	0	1	0	46.1956	691
8	8	0.5	0	1	0	55.5505	692
8	8	0.5	0	1	0	54.5369	693
8	8	0.5	0	1	0	50.4698	694
9	8	0.5	0	1	0	46.1424	695
9	8	0.5	0	1	0	56.2182	696
9	8	0.5	0	1	0	53.086	697
11	8	0	0	0	0	53.6995	698
11	7	0	0	0	0	54.3435	699
11	7	0.5	0	1	0	60.8758	700
11	7	0.5	0	1	0	54.9166	701
11	7	0.5	0.5	1	1	53.6944	702
11	7	0.5	0.5	1	1	54.887	703
11	7	1	1	2	2	42.7255	704
11	7	1	1	2	2	51.3664	705
11	8	1	1	2	2	44.0282	706
11	8	1	1	2	2	54.1528	707
9	8	1	1	2	2	54.4643	708
9	8	1	1	2	2	52.6123	709
9	8	1	1	2	2	54.0708	710
9	8	1	1	2	2	48.6488	711
9	8	1	1	2	2	49.5212	712
7	8	1	1	2	2	44.9532	713
7	8	1	1	2	2	48.2962	714
7	8	1	1	2	2	44.7678	715
7	9	1	1	2	2	41.3927	716
7	8	1	1	2	2	48.2241	717
7	8	1	1	2	2	47.9473	718
7	8	1	1	2	2	45.2422	719
7	8	1	1	2	2	43.931	720
7	8	1	1	2	2	45.0416	721
7	7	1	1	2	2	45.307	722
7	7	1	1	2	2	40.5078	723
7	7	1.5	1	3	2	46.5113	724
7	7	1.5	1	3	2	41.3679	725
7	7	1.5	1	3	2	46.9786	726
8	7	1.5	1.5	3	3	41.8551	727
8	7	1.5	1.5	3	3	43.5029	728
8	7	1.5	1.5	3	3	42.2971	729
8	7	1.5	1.5	3	3	39.4978	730
8	7	1.5	1.5	3	3	47.1945	731
7	7	1.5	1.5	3	3	39.7498	732
7	7	1.5	1.5	3	3	42.807	733
7	7	1.5	1.5	3	3	47.379	734
7	7	1.5	1.5	3	3	46.5518	735
7	7	1.5	1.5	3	3	44.9058	736
7	7	1.5	1.5	3	3	46.7271	737
7	7	1.5	1.5	3	3	36.3581	738
7	6	1.5	1.5	3	3	42.2893	739
7	6	1.5	1	3	2	41.6307	740
7	6	1.5	1	3	2	34.1987	741
7	6	1.5	0.5	3	1	37.471	742
7	7	1.5	0.5	3	1	44.1878	743
7	7	1.5	0.5	3	1	41.8105	744
7	8	1.5	0.5	3	1	45.0353	745
7	8	1.5	0.5	3	1	51.256	746
7	8	1.5	0.5	3	1	37.1935	747
7	8	1.5	0.5	3	1	50.7884	748
7	8	1.5	0.5	3	1	51.3315	749
8	8	1.5	0.5	3	1	48.3205	750
8	8	1.5	0.5	3	1	52.4212	751
8	8	1.5	0.5	3	1	49.122	752
8	8	1.5	0.5	3	1	49.113	753
8	8	1.5	0.5	3	1	49.1379	754
8	8	1.5	0.5	3	1	49.0413	755
8	8	1.5	0.5	3	1	48.4024	756
8	9	1.5	0.5	3	1	50.5133	757
8	9	1.5	0.5	3	1	45.7081	758
8	9	1.5	0.5	3	1	52.2081	759
8	9	1	0.5	2	1	60.6174	760
8	9	1	0.5	2	1	58.0759	761
8	10	1	0.5	2	1	47.8902	762
8	9	1	0.5	2	1	58.5191	763
8	9	1	0.5	2	1	55.2495	764
8	8	1	0	2	0	51.3853	765
8	8	1	0	2	0	52.2237	766
9	8	0	0	0	0	52.4386	767
9	8	0	0	0	0	56.5581	768
9	8	0	0	0	0	54.6961	769
9	9	0	0	0	0	57.374	770
9	9	0	0	0	0	56.3301	771
9	8	0	0	0	0	59.0937	772
9	8	0	0	0	0	56.9234	773
9	8	0	0	0	0	56.4919	774
9	8	0	0	0	0	54.8096	775
9	8	0	0	0	0	59.1334	776
9	8	0	0	0	0	55.1405	777
9	8	0	0	0	0	57.2203	778
9	8	0	0	0	0	56.8451	779
9	8	0	0	0	0	59.0148	780
9	8	0	0	0	0	57.8462	781
9	8	0	0	0	0	59.0863	782
9	8	0	0	0	0	61.2092	783
9	8	0	0	0	0	56.5151	784
9	8	0	0	0	0	59.4728	785
9	8	0	0	0	0	54.8858	786
10	8	0	0	0	0	58.9446	787
10	8	0	0	0	0	53.1692	788
10	8	0	0	0	0	62.7526	789
10	8	0	0	0	0	65.1642	790
10	8	0	0	0	0	61.0283	791
10	8	0	0	0	0	59.3706	792
10	8	0	0	0	0	61.8559	793
10	8	0	0	0	0	62.4952	794
10	8	0	0	0	0	62.5602	795
10	8	0	0	0	0	65.1765	796
10	8	0	0	0	0	60.9693	797
10	8	0	0	0	0	62.4952	798
10	8	0	0	0	0	64.6687	799
10	8	0	0	0	0	65.3311	800
10	8	0	0	0	0	60.4841	801
10	8	0	0	0	0	62.9405	802
10	8	0	0	0	0	63.0219	803
10	8	0	0	0	0	56.8367	804
10	8	0	0	0	0	61.5483	805
10	8	0	0	0	0	60.5106	806
10	8	0	0	0	0	62.6409	807
10	8	0	0	0	0	62.7969	808
10	8	0	0	0	0	64.4003	809
10	8	0	0	0	0	62.6059	810
10	8	0	0	0	0	55.1964	811
10	8	0	0	0	0	53.8933	812
9	8	0	0	0	0	54.7389	813
9	8	0	0	0	0	50.5515	814
9	8	0	0	0	0	57.3738	815
9	8	0	0	0	0	61.5523	816
9	8	0	0	0	0	45.433	817
9	8	0	0	0	0	61.1123	818
9	8	0	0	0	0	57.8836	819
9	8	0	0	0	0	40.2803	820
9	7	0	0	0	0	47.1877	821
8	7	0	0	0	0	39.9172	822
8	6	0	0	0	0	45.884	823
8	6	0	0	0	0	41.9046	824
8	6	0	0	0	0	43.495	825
8	6	0	0	0	0	44.6675	826
8	5	0	0	0	0	40.4116	827
8	5	0	0	0	0	43.5105	828
8	5	0	0	0	0	40.1205	829
8	5	0	0	0	0	45.3178	830
8	5	0	0	0	0	45.3269	831
8	5	0	0	0	0	37.873	832
7	5	0	0	0	0	41.2884	833
7	5	0	0	0	0	40.5644	834
7	5	0	0	0	0	35.9878	835
7	5	0	0	0	0	36.9852	836
8	5	0	0	0	0	39.3336	837
8	7	0	0	0	0	43.5092	838
8	8	0	0	0	0	44.3239	839
7	8	0	0	0	0	43.3865	840
7	7	0	0	0	0	44.7963	841
7	7	0	0	0	0	46.4103	842
7	7	0	0	0	0	43.4741	843
7	7	0	0	0	0	35.5708	844
7	7	0	0	0	0	39.0739	845
8	7	0	0	0	0	36.2642	846
8	7	0	0	0	0	40.9977	847
6	7	0	0	0	0	39.8206	848
6	7	0	0	0	0	36.5973	849
5	7	0	0	0	0	33.936	850
5	8	0	0	0	0	35.2202	851
5	8	0	0	0	0	39.6008	852
5	8	0	0	0	0	40.7144	853
5	9	0	0	0	0	42.6904	854
5	9	0	0	0	0	39.1917	855
5	10	0	0	0	0	35.7482	856
5	9	0	0	0	0	38.874	857
6	9	0	0	0	0	41.0705	858
6	9	0	0	0	0	40.1994	859
6	9	0	0	0	0	38.9346	860
6	10	0	0	0	0	35.4277	861
6	10	0	0	0	0	40.0747	862
6	10	0.5	0	1	0	43.2134	863
6	10	0.5	0	1	0	44.0059	864
7	10	0.5	0	1	0	54.197	865
7	10	0.5	0	1	0	50.1256	866
7	10	0.5	0	1	0	52.4327	867
7	10	0.5	0	1	0	54.094	868
7	10	0.5	0	1	0	54.9131	869
6	10	0.5	0	1	0	51.9829	870
6	10	0.5	0	1	0	52.3927	871
6	10	0.5	0	1	0	52.5964	872
6	10	0.5	0	1	0	49.8987	873
6	10	0.5	0	1	0	53.6602	874
6	10	0.5	0	1	0	54.3214	875
6	10	0.5	0	1	0	50.8565	876
6	10	0.5	0	1	0	54.9546	877
6	10	0.5	0	1	0	49.4213	878
6	11	0.5	0	1	0	54.3794	879
6	11	0.5	0	1	0	54.954	880
6	11	0.5	0	1	0	54.422	881
6	11	0.5	0	1	0	58.0423	882
6	11	0.5	0	1	0	53.3182	883
6	11	0.5	0	1	0	54.1768	884
6	11	0.5	0	1	0	51.6063	885
6	11	0.5	0	1	0	54.8195	886
6	11	0.5	0	1	0	60.9195	887
6	11	0.5	0	1	0	51.0296	888
6	11	0.5	0	1	0	48.0256	889
6	11	0.5	0	1	0	53.2195	890
6	11	0.5	0	1	0	48.855	891
6	11	0.5	0	1	0	54.0748	892
6	10	0.5	0	1	0	51.6069	893
6	10	0.5	0	1	0	55.8159	894
6	10	0.5	0	1	0	45.6037	895
6	10	0.5	0	1	0	51.9363	896
6	10	0.5	0	1	0	55.0909	897
6	10	0.5	0	1	0	51.4554	898
6	10	0.5	0	1	0	52.1582	899
5	10	0	0	0	0	44.001	900
6	10	0	0	0	0	47.5525	901
6	10	0	0	0	0	53.3544	902
6	10	0	0	0	0	47.6067	903
6	11	0	0	0	0	51.0038	904
6	11	0	0	0	0	45.675	905
6	11	0	0	0	0	51.0038	906
6	10	0	0	0	0	45.4887	907
6	10	0	0	0	0	46.2628	908
6	10	0	0	0	0	55.167	909
6	10	0	0	0	0	47.1067	910
6	10	0	0	0	0	51.3681	911
6	10	0	0	0	0	47.4497	912
6	10	0	0	0	0	45.7412	913
6	10	0	0	0	0	39.8398	914
5	10	0	0	0	0	45.3231	915
5	10	0	0	0	0	48.6042	916
5	10	0	0	0	0	45.7978	917
5	9	0	0	0	0	39.9821	918
5	9	0	0	0	0	44.9524	919
5	9	0	0	0	0	47.7782	920
5	9	0	0	0	0	45.6646	921
5	10	0	0	0	0	35.3275	922
5	10	0	0	0	0	46.761	923
5	10	0	0	0	0	49.7273	924
5	10	0	0	0	0	52.812	925
5	10	0	0	0	0	52.4779	926
5	10	0	0	0	0	40.9984	927
5	10	0	0	0	0	47.1995	928
4	10	0	0	0	0	44.994	929
4	11	0	0	0	0	47.3354	930
4	11	0	0	0	0	44.385	931
4	11	0	0	0	0	43.4323	932
4	11	0	0	0	0	51.201	933
5	11	0	0	0	0	45.3826	934
5	11	0	0	0	0	55.483	935
5	11	0	0	0	0	54.3328	936
5	11	0	0	0	0	54.2386	937
5	11	0	0	0	0	50.1624	938
6	15	0	0	0	0	54.0912	939
6	15	0	0	0	0	53.1304	940
6	15	0	0	0	0	59.5715	941
7	15	0	0	0	0	56.9977	942
7	15	0	0	0	0	54.8797	943
7	15	0	0	0	0	57.0192	944
7	16	0	0	0	0	56.0897	945
7	16	0	0	0	0	56.2964	946
7	16	0	0	0	0	65.8091	947
7	16	0	0	0	0	68.9085	948
7	16	0	0	0	0	80.8729	949
7	16	0	0	0	0	37.3053	950
7	16	0	0	0	0	69.4025	951
7	17	0	0	0	0	81.3401	952
7	17	0	0	0	0	72.2499	953
7	17	0	0	0	0	80.651	954
7	18	0	0	0	0	81.132	955
7	18	0	0	0	0	90.7372	956
7	18	0	0	0	0	88.5458	957
7	18	0	0	0	0	74.8749	958
7	18	0	0	0	0	89.8879	959
7	18	0	0	0	0	91.9141	960
7	18	0	0	0	0	91.4859	961
7	18	0	0	0	0	87.3221	962
7	18	0	0	0	0	77.735	963
0	0	0	0	0	0	nan	964
0	0	0	0	0	0	nan	965
0	0	0	0	0	0	nan	966
0	0	0	0	0	0	nan	967
0	0	0	0	0	0	nan	968
0	0	0	0	0	0	nan	969
0	0	0	0	0	0	nan	970
0	0	0	0	0	0	nan	971
0	0	0	0	0	0	nan	972
0	0	0	0	0	0	nan	973
0	0	0	0	0	0	nan	974
0	0	0	0	0	0	nan	975
0	0	0	0	0	0	nan	976
0	0	0	0	0	0	nan	977
0	0	0	0	0	0	nan	978
0	0	0	0	0	0	nan	979
0	0	0	0	0	0	nan	980
0	0	0	0	0	0	nan	981
0	0	0	0	0	0	nan	982
0	0	0	0	0	0	nan	983
0	0	0	0	0	0	nan	984
0	0	0	0	0	0	nan	985
0	0	0	0	0	0	nan	986
0	0	0	0	0	0	nan	987
0	0	0	0	0	0	nan	988
0	0	0	0	0	0	nan	989
0	0	0	0	0	0	nan	990
0	0	0	0	0	0	nan	991
0	0	0	0	0	0	nan	992
0	0	0	0	0	0	nan	993
0	0	0	0	0	0	nan	994
0	0	0	0	0	0	nan	995
0	0	0	0	0	0	nan	996
0	0	0	0	0	0	nan	997
0	0	0	0	0	0	nan	998
0	0	0	0	0	0	nan	999
0	0	0	0	0	0	nan	1000
0	0	0	0	0	0	nan	1001
0	0	0	0	0	0	nan	1002
0	0	0	0	0	0	nan	1003
0	0	0	0	0	0	nan	1004
0	0	0	0	0	0	nan	1005
0	0	0	0	0	0	nan	1006
0	0	0	0	0	0	nan	1007
