unique_top_cov	unique_bot_cov	redundant_top_cov	redundant_bot_cov	raw_redundant_top_cov	raw_redundant_bot_cov	e_value	position
1	0	0	0	0	0	nan	1
1	0	0	0	0	0	-2.95504	2
2	0	0	0	0	0	-2.95504	3
2	0	0	0	0	0	-2.95504	4
2	0	0	0	0	0	0.019654	5
2	0	0	0	0	0	-1.76376	6
2	0	0	0	0	0	-1.97154	7
3	0	0	0	0	0	0.217307	8
3	0	0	0	0	0	4.70258	9
3	1	0	0	0	0	5.39578	10
3	1	0	0	0	0	5.33929	11
3	1	0	0	0	0	5.77874	12
3	1	0	0	0	0	4.9323	13
3	3	0	0	0	0	8.50368	14
3	4	0	0	0	0	15.0863	15
3	4	0	0	0	0	16.5941	16
3	4	0	0	0	0	15.4381	17
4	4	0	0	0	0	16.5069	18
4	4	0	0	0	0	22.9307	19
4	4	0	0	0	0	21.1276	20
4	4	0	0	0	0	22.7818	21
4	4	0	0	0	0	21.1779	22
4	6	0	0	0	0	22.963	23
4	7	0	0	0	0	19.2997	24
4	10	0	0	0	0	20.5546	25
4	10	0	0	0	0	21.2235	26
4	10	0	0	0	0	23.9001	27
4	10	0	0	0	0	44.9812	28
4	11	0	0	0	0	43.2795	29
5	12	0	0	0	0	49.2271	30
5	12	0	0	0	0	58.8797	31
5	12	0	0	0	0	56.6213	32
7	17	0	0	0	0	57.5954	33
7	17	0	0	0	0	77.0351	34
8	17	0	0	0	0	77.0293	35
8	17	0	0	0	0	81.6241	36
8	17	0	0	0	0	84.3754	37
8	17	0	0	0	0	85.8604	38
8	17	0	0	0	0	79.0939	39
8	17	0	0	0	0	80.211	40
8	17	0	0	0	0	77.7876	41
8	18	0	0	0	0	88.5506	42
8	18	0	0	0	0	89.6035	43
8	18	0	0	0	0	93.9212	44
8	18	0	0	0	0	85.7934	45
8	19	0	0	0	0	91.8995	46
8	19	0	0	0	0	89.1276	47
8	20	0	0	0	0	92.5236	48
8	20	0	0	0	0	99.5139	49
9	20	0	0	0	0	102.592	50
9	20	0	0	0	0	99.3253	51
9	21	0	0	0	0	85.0434	52
9	21	0	0	0	0	100.954	53
9	21	0	0	0	0	103.629	54
9	21	0	0	0	0	107.075	55
9	21	0	0	0	0	105.988	56
9	22	0	0	0	0	101.056	57
9	22	0	0	0	0	113.628	58
9	22	0	0	0	0	92.458	59
11	22	0	0	0	0	108.688	60
12	22	0	0	0	0	101.931	61
12	23	0	0	0	0	124.621	62
12	24	0	0	0	0	125.695	63
12	24	0	0	0	0	118.265	64
14	24	0	0	0	0	113.516	65
14	24	0	0	0	0	126.369	66
15	25	0	0	0	0	133.216	67
15	25	0	0	0	0	124.963	68
16	25	0	0	0	0	137.894	69
16	25	0	0	0	0	140.267	70
17	25	0	0	0	0	137.721	71
17	26	0	0	0	0	150.751	72
18	26	0	0	0	0	140.554	73
18	29	0	0	0	0	160.472	74
18	30	0	0	0	0	166.256	75
18	30	0	0	0	0	158.559	76
21	30	0	0	0	0	161.152	77
22	31	0	0	0	0	166.563	78
22	31	0	0	0	0	156.438	79
22	31	0	0	0	0	160.427	80
21	31	0	0	0	0	159.524	81
22	31	0	0	0	0	184.022	82
21	31	0	0	0	0	182.568	83
21	31	0	0	0	0	177.602	84
21	31	0	0	0	0	181.997	85
21	31	0	0	0	0	197.449	86
21	31	0	0	0	0	178.181	87
22	30	0	0	0	0	181.783	88
22	30	0	0	0	0	166.485	89
22	29	0	0	0	0	186.719	90
22	29	0	0	0	0	159.104	91
22	29	0	0	0	0	151.519	92
23	29	0	0	0	0	175.306	93
23	29	0	0	0	0	145.554	94
23	29	0	0	0	0	168.654	95
23	28	0	0	0	0	173.658	96
21	28	0	0	0	0	171.663	97
21	28	0	0	0	0	157.925	98
21	28	0	0	0	0	171.535	99
22	27	0	0	0	0	163.664	100
22	30	0	0	0	0	175.662	101
22	30	0	0	0	0	175.34	102
23	30	0	0	0	0	181.097	103
23	29	0	0	0	0	166.002	104
24	29	0	0	0	0	185.575	105
24	28	0	0	0	0	182.198	106
24	27	0	0	0	0	163.352	107
25	26	0	0	0	0	162.479	108
25	26	0	0	0	0	196.2	109
25	26	0	0	0	0	181.43	110
26	27	0	0	0	0	173.818	111
26	26	0	0	0	0	165.608	112
26	26	0	0	0	0	173.636	113
27	25	0	0	0	0	169.92	114
28	25	0	0	0	0	174.007	115
28	25	0	0	0	0	193.389	116
29	25	0	0	0	0	197.668	117
29	25	0	0	0	0	173.92	118
29	26	0	0	0	0	196.933	119
30	26	0	0	0	0	185.178	120
30	27	0	0	0	0	193.859	121
30	27	0	0	0	0	195.393	122
30	27	0	0	0	0	190.611	123
30	28	0	0	0	0	194.624	124
30	28	0	0	0	0	206.728	125
30	28	0	0	0	0	188.696	126
30	29	0	0	0	0	185.869	127
30	29	0	0	0	0	194.83	128
30	29	0	0	0	0	200.489	129
30	29	0	0	0	0	188.753	130
30	29	0	0	0	0	215.508	131
30	29	0	0	0	0	215.15	132
30	29	0	0	0	0	206.922	133
30	29	0	0	0	0	207.334	134
30	29	0	0	0	0	211.688	135
30	29	0	0	0	0	221.952	136
32	29	0	0	0	0	187.25	137
32	28	0	0	0	0	196.342	138
32	30	0	0	0	0	190.199	139
32	31	0	0	0	0	207.687	140
32	31	0	0	0	0	193.528	141
34	31	0	0	0	0	192.1	142
33	30	0	0	0	0	188.164	143
33	29	0	0	0	0	60.9596	144
34	29	0	0	0	0	224.486	145
34	29	0	0	0	0	228.714	146
35	29	0	0	0	0	227.854	147
34	29	0	0	0	0	227.478	148
34	29	0	0	0	0	226.84	149
34	29	0	0	0	0	220.646	150
34	30	0	0	0	0	207.482	151
34	29	0	0	0	0	208.765	152
33	29	0	0	0	0	217.563	153
33	31	0	0	0	0	218.963	154
33	31	0	0	0	0	213.644	155
33	31	0	0	0	0	226.573	156
33	31	0	0	0	0	219.143	157
33	31	0	0	0	0	217.787	158
32	31	0	0	0	0	222.848	159
31	31	0	0	0	0	36.9054	160
31	31	0	0	0	0	221.165	161
31	31	0	0	0	0	188.935	162
32	31	0	0	0	0	203.52	163
32	27	0	0	0	0	213.424	164
32	27	0	0	0	0	226.946	165
32	27	0	0	0	0	182.132	166
35	27	0	0	0	0	189.048	167
35	27	0	0	0	0	211.439	168
35	27	0	0	0	0	225.11	169
35	27	0	0	0	0	205.196	170
38	27	0	0	0	0	218.47	171
38	27	0	0	0	0	208.822	172
38	28	0	0	0	0	230.389	173
38	28	0	0	0	0	217.639	174
39	27	0	0	0	0	216.268	175
39	27	0	0	0	0	204.499	176
40	27	0	0	0	0	221.791	177
40	28	0	0	0	0	219.729	178
40	28	0	0	0	0	220.493	179
40	28	0	0	0	0	204.994	180
40	28	0	0	0	0	219.268	181
39	28	0	0	0	0	221.328	182
36	26	0	0	0	0	225.212	183
36	26	0	0	0	0	218.841	184
36	26	0	0	0	0	234.956	185
36	26	0	0	0	0	218.643	186
36	26	0	0	0	0	218.429	187
37	26	0	0	0	0	228.215	188
37	26	0	0	0	0	215.198	189
37	26	0	0	0	0	218.038	190
37	26	0	0	0	0	224.706	191
38	27	0	0	0	0	227.807	192
39	27	0	0	0	0	238.979	193
39	27	0	0	0	0	234.3	194
39	27	0	0	0	0	234.885	195
39	28	0	0	0	0	234.846	196
39	28	0	0	0	0	240.475	197
39	27	0	0	0	0	237.702	198
39	27	0	0	0	0	237.119	199
39	27	0	0	0	0	241.726	200
39	27	0	0	0	0	232.788	201
39	26	0	0	0	0	12.3262	202
41	26	0	0	0	0	230.781	203
41	26	0	0	0	0	227.645	204
42	26	0	0	0	0	247.463	205
42	28	0	0	0	0	222.281	206
42	28	0	0	0	0	221.69	207
42	28	0	0	0	0	226.091	208
42	28	0	0	0	0	234.871	209
39	30	0	0	0	0	227.656	210
40	30	0	0	0	0	245.061	211
40	30	0	0	0	0	253.978	212
39	30	0	0	0	0	231.596	213
40	30	0	0	0	0	237.193	214
39	30	0	0	0	0	248.224	215
39	30	0	0	0	0	237.433	216
38	29	0	0	0	0	238.66	217
38	30	0	0	0	0	243.046	218
37	30	0	0	0	0	225.917	219
37	30	0	0	0	0	243.008	220
36	30	0	0	0	0	224.22	221
36	29	0	0	0	0	232.149	222
36	29	0	0	0	0	40.7306	223
37	28	0	0	0	0	219.694	224
37	27	0	0	0	0	214.371	225
37	27	0	0	0	0	225.932	226
34	27	0	0	0	0	213.51	227
36	25	0	0	0	0	213.85	228
36	25	0	0	0	0	206.907	229
36	25	0	0	0	0	210.31	230
36	25	0	0	0	0	206.681	231
37	25	0	0	0	0	198.382	232
36	25	0	0	0	0	182.123	233
36	25	0	0	0	0	204.07	234
36	27	0	0	0	0	205.714	235
35	27	0	0	0	0	207.405	236
35	30	0	0	0	0	208.824	237
35	29	0	0	0	0	205.044	238
35	29	0	0	0	0	193.333	239
35	29	0	0	0	0	209.847	240
35	29	0	0	0	0	207.145	241
33	29	0	0	0	0	203.33	242
30	29	0	0	0	0	193.123	243
30	29	0	0	0	0	198.691	244
30	30	0	0	0	0	218.217	245
31	30	0	0	0	0	199.229	246
30	30	0	0	0	0	198.409	247
30	29	0	0	0	0	216.931	248
30	29	0	0	0	0	211.976	249
30	29	0	0	0	0	214.045	250
30	27	0	0	0	0	194.399	251
30	27	0	0	0	0	203.073	252
29	27	0	0	0	0	194.812	253
29	28	0	0	0	0	194.053	254
29	28	0	0	0	0	204.724	255
29	28	0	0	0	0	207.824	256
29	28	0	0	0	0	185.976	257
28	27	0	0	0	0	197.787	258
28	27	0	0	0	0	192.041	259
28	27	0	0	0	0	197.087	260
28	27	0	0	0	0	189.219	261
28	27	0	0	0	0	197.428	262
30	29	0	0	0	0	195.055	263
30	29	0	0	0	0	210.333	264
29	29	0	0	0	0	196.769	265
29	30	0	0	0	0	210.561	266
29	30	0	0	0	0	204.17	267
29	31	0	0	0	0	218.615	268
29	31	0	0	0	0	209.307	269
29	30	0	0	0	0	199.309	270
29	29	0	0	0	0	193.629	271
28	27	0	0	0	0	182.78	272
27	26	0	0	0	0	202.695	273
27	26	0	0	0	0	184.739	274
27	26	0	0	0	0	175.725	275
27	26	0	0	0	0	195.91	276
27	26	0	0	0	0	199.176	277
28	26	0	0	0	0	164.216	278
29	25	0	0	0	0	197.286	279
29	25	0	0	0	0	191.263	280
29	25	0	0	0	0	193.628	281
29	25	0	0	0	0	178.462	282
29	25	0	0	0	0	197.108	283
29	24	0	0	0	0	174.085	284
29	24	0	0	0	0	151.265	285
30	23	0	0	0	0	151.531	286
27	22	0	0	0	0	149.33	287
26	22	0	0	0	0	156.835	288
25	21	0	0	0	0	150.38	289
25	19	0	0	0	0	155.795	290
25	19	0	0	0	0	153.268	291
23	19	0	0	0	0	135.436	292
24	17	0	0	0	0	136.761	293
25	17	0	0	0	0	141.281	294
25	17	0	0	0	0	143.341	295
25	17	0	0	0	0	142.336	296
25	17	0	0	0	0	138.003	297
25	18	0	0	0	0	138.997	298
25	18	0	0	0	0	150.055	299
25	20	0	0	0	0	157.653	300
25	20	0	0	0	0	156.027	301
25	21	0	0	0	0	152.869	302
26	21	0	0	0	0	165.395	303
27	20	0	0	0	0	154.888	304
27	20	0	0	0	0	168.582	305
27	21	0	0	0	0	158.788	306
27	20	0	0	0	0	170.788	307
27	20	0	0	0	0	162.087	308
27	20	0	0	0	0	158.663	309
26	20	0	0	0	0	151.954	310
25	20	0	0	0	0	160.189	311
25	20	0	0	0	0	166.191	312
26	21	0	0	0	0	167.205	313
26	21	0	0	0	0	132.798	314
27	21	0	0	0	0	155.958	315
27	21	0	0	0	0	178.415	316
27	21	0	0	0	0	172.52	317
27	21	0	0	0	0	172.788	318
28	21	0	0	0	0	169.514	319
29	21	0	0	0	0	172.639	320
30	21	0	0	0	0	169.934	321
30	22	0	0	0	0	183.506	322
30	21	0	0	0	0	167.858	323
31	21	0	0	0	0	185.988	324
30	20	0	0	0	0	180.496	325
30	20	0	0	0	0	186.753	326
30	20	0	0	0	0	164.258	327
30	20	0	0	0	0	175.015	328
31	20	0	0	0	0	184.796	329
31	20	0	0	0	0	179.476	330
31	20	0	0	0	0	185.432	331
31	19	0	0	0	0	171.045	332
31	19	0	0	0	0	179.933	333
32	21	0	0	0	0	168.404	334
32	21	0	0	0	0	177.019	335
33	20	0	0	0	0	190.993	336
33	20	0	0	0	0	179.668	337
32	20	0	0	0	0	184.068	338
33	20	0	0	0	0	179.957	339
33	20	0	0	0	0	186.656	340
32	20	0	0	0	0	169.073	341
32	20	0	0	0	0	182.1	342
31	19	0	0	0	0	171.72	343
31	18	0	0	0	0	171.197	344
31	18	0	0	0	0	175.241	345
31	18	0	0	0	0	178.244	346
31	18	0	0	0	0	180.911	347
31	19	0	0	0	0	188.301	348
31	19	0	0	0	0	164.262	349
32	19	0	0	0	0	174.975	350
32	19	0	0	0	0	183.053	351
31	18	0	0	0	0	169.892	352
31	18	0	0	0	0	170.878	353
31	18	0	0	0	0	169.06	354
29	18	0	0	0	0	162.352	355
30	20	0	0	0	0	135.673	356
26	20	0	0	0	0	168.168	357
26	20	0	0	0	0	160.005	358
26	20	0	0	0	0	165.678	359
26	20	0	0	0	0	163.211	360
26	20	0	0	0	0	161.98	361
25	20	0	0	0	0	15.0374	362
28	21	0	0	0	0	169.88	363
28	21	0	0	0	0	178.145	364
28	21	0	0	0	0	171.868	365
28	21	0	0	0	0	171.922	366
28	21	0	0	0	0	172.855	367
28	22	0	0	0	0	171.283	368
28	22	0	0	0	0	172.154	369
28	22	0	0	0	0	165.992	370
28	22	0	0	0	0	176.99	371
29	22	0	0	0	0	172.083	372
29	21	0	0	0	0	175.695	373
29	21	0	0	0	0	181.701	374
29	21	0	0	0	0	173.923	375
29	21	0	0	0	0	182.052	376
29	21	0	0	0	0	183.314	377
29	21	0	0	0	0	189.231	378
29	21	0	0	0	0	175.763	379
29	22	0	0	0	0	160.659	380
29	22	0	0	0	0	178.422	381
29	24	0	0	0	0	180.485	382
28	24	0	0	0	0	163.65	383
28	24	0	0	0	0	174.369	384
28	24	0	0	0	0	194.037	385
28	24	0	0	0	0	178.927	386
28	23	0	0	0	0	179.846	387
28	23	0	0	0	0	178.287	388
28	24	0	0	0	0	184.006	389
28	24	0	0	0	0	187.136	390
27	24	0	0	0	0	178.79	391
28	24	0	0	0	0	180.72	392
28	24	0	0	0	0	169.837	393
29	23	0	0	0	0	179.382	394
29	23	0	0	0	0	164.428	395
29	23	0	0	0	0	197.645	396
29	23	0	0	0	0	180.55	397
28	23	0	0	0	0	183.267	398
28	23	0	0	0	0	180.26	399
28	23	0	0	0	0	181.521	400
28	23	0	0	0	0	178.048	401
28	23	0	0	0	0	174.273	402
27	23	0	0	0	0	162.308	403
27	22	0	0	0	0	172.81	404
27	20	0	0	0	0	153.115	405
27	20	0	0	0	0	148.94	406
27	20	0	0	0	0	144.2	407
22	20	0	0	0	0	148.366	408
22	21	0	0	0	0	147.321	409
22	21	0	0	0	0	114.87	410
22	21	0	0	0	0	115.486	411
21	22	0	0	0	0	115.154	412
16	20	0	0	0	0	124.296	413
16	20	0	0	0	0	111.266	414
16	20	0	0	0	0	126.016	415
15	20	0	0	0	0	119.713	416
15	20	0	0	0	0	122.009	417
15	20	0	0	0	0	111.954	418
14	20	0	0	0	0	115.742	419
13	20	0	0	0	0	101.728	420
13	21	0	0	0	0	112.915	421
13	20	0	0	0	0	115.522	422
13	20	0	0	0	0	107.585	423
13	20	0	0	0	0	109.299	424
13	20	0	0	0	0	112.113	425
13	20	0	0.333333	0	1	111.058	426
13	20	0	0.333333	0	1	109.679	427
13	20	0	0.333333	0	1	113.88	428
13	20	0	0.333333	0	1	111.885	429
13	20	0	0.333333	0	1	118.166	430
13	20	0	0.333333	0	1	107.762	431
13	20	0	0.333333	0	1	107.03	432
13	20	0	0.333333	0	1	111.877	433
13	20	0	0.333333	0	1	112.665	434
13	20	0	0.333333	0	1	120.329	435
13	20	0	0.333333	0	1	104.14	436
13	20	0	0.333333	0	1	102.279	437
13	20	0	0.333333	0	1	111.818	438
13	20	0	0.333333	0	1	98.6608	439
13	20	0	0.333333	0	1	100.582	440
13	19	0	0.333333	0	1	100.971	441
13	18	0	0.333333	0	1	101.699	442
13	18	0	0.333333	0	1	98.9072	443
11	18	0	0.333333	0	1	96.5143	444
11	18	0	0.333333	0	1	98.4462	445
11	17	0	0.333333	0	1	90.0117	446
11	17	0	0.333333	0	1	78.8079	447
11	16	0	0.666667	0	2	93.6041	448
11	16	0	0.666667	0	2	87.4963	449
11	15	0	0.666667	0	2	79.6463	450
11	15	0	0.666667	0	2	77.4171	451
11	13	0	0.666667	0	2	77.9115	452
11	13	0	0.666667	0	2	75.7785	453
11	13	0	0.666667	0	2	78.3359	454
11	13	0	0.666667	0	2	78.3359	455
11	13	0	0.666667	0	2	79.2761	456
11	13	0	0.666667	0	2	77.2932	457
10	13	0	0.666667	0	2	75.5469	458
10	13	0	0.666667	0	2	74.2732	459
9	13	0	0.666667	0	2	69.3396	460
9	13	0	0.666667	0	2	72.3642	461
9	13	0	0.666667	0	2	66.7707	462
9	13	0	0.666667	0	2	71.2369	463
9	13	0	0.666667	0	2	65.6028	464
9	13	0	0.666667	0	2	62.0474	465
9	13	0	0.666667	0	2	68.8216	466
9	13	0	0.666667	0	2	67.0733	467
9	13	0	0.666667	0	2	63.5415	468
9	12	0	0.666667	0	2	67.1057	469
8	12	0	0.666667	0	2	51.25	470
8	12	0	0.666667	0	2	58.2764	471
8	11	0	0.666667	0	2	58.5908	472
8	11	0	0.666667	0	2	52.1434	473
7	10	0	0.333333	0	1	49.8836	474
7	10	0	0.333333	0	1	54.2846	475
7	10	0	0.333333	0	1	55.0863	476
7	10	0	0.333333	0	1	50.3376	477
7	10	0	0.333333	0	1	54.5915	478
7	10	0	0.333333	0	1	53.2571	479
7	10	0	0.333333	0	1	48.5549	480
7	10	0	0.333333	0	1	51.5379	481
7	9	0	0.333333	0	1	36.6699	482
7	8	0	0.333333	0	1	35.2604	483
6	7	0	0.333333	0	1	36.4645	484
6	6	0	0.333333	0	1	34.0236	485
6	6	0	0.333333	0	1	36.6359	486
6	6	0	0.333333	0	1	35.0401	487
6	6	0	0.333333	0	1	34.8456	488
6	6	0	0.333333	0	1	37.0906	489
6	6	0	0.333333	0	1	37.7737	490
6	6	0	0.333333	0	1	33.2886	491
6	6	0	0.333333	0	1	37.7174	492
6	6	0	0.333333	0	1	34.6761	493
6	6	0	0.333333	0	1	34.179	494
5	6	0	0.333333	0	1	34.3764	495
5	6	0	0.333333	0	1	26.8273	496
5	4	0	0.333333	0	1	26.5748	497
5	4	0	0.333333	0	1	nan	498
