unique_top_cov	unique_bot_cov	redundant_top_cov	redundant_bot_cov	raw_redundant_top_cov	raw_redundant_bot_cov	e_value	position
0	0	0	0	0	0	nan	1
0	0	0	0	0	0	nan	2
0	0	0	0	0	0	nan	3
0	0	0	0	0	0	nan	4
0	0	0	0	0	0	nan	5
0	0	0	0	0	0	nan	6
0	0	0	0	0	0	nan	7
0	0	0	0	0	0	nan	8
1	0	0	0	0	0	nan	9
1	0	0	0	0	0	nan	10
1	0	0	0	0	0	-3.19151	11
1	0	0	0	0	0	-2.95504	12
1	0	0	0	0	0	-3.7282	13
1	0	0.333333	0	1	0	-3.27193	14
1	0	0.333333	0	1	0	-3.19151	15
2	0	0.333333	0	1	0	-2.95504	16
2	0	0.333333	0	1	0	-2.95504	17
2	0	0.333333	0	1	0	-3.3358	18
2	0	0.333333	0	1	0	-5.24745	19
2	0	0.333333	0	1	0	0.783136	20
2	0	0.333333	0	1	0	0.667627	21
2	0	0.333333	0	1	0	-0.344961	22
2	0	0.333333	0	1	0	0.772758	23
2	0	0.333333	0	1	0	-2.5722	24
2	0	0.333333	0	1	0	0.632479	25
2	0	0.333333	0	1	0	-0.275468	26
2	0	0.333333	0	1	0	-1.78092	27
2	0	0.333333	0	1	0	0.019654	28
2	0	0.333333	0	1	0	-0.919593	29
2	0	0.333333	0	1	0	0.531526	30
2	0	0.333333	0	1	0	0.352183	31
2	0	0.333333	0	1	0	0.995457	32
2	0	0.333333	0	1	0	0.904786	33
3	0	0.333333	0	1	0	0.998944	34
3	0	0.333333	0	1	0	0.522685	35
3	1	0.333333	0	1	0	4.59362	36
3	1	0.333333	0	1	0	-0.489097	37
3	3	0.333333	0	1	0	8.51735	38
3	3	0.333333	0	1	0	7.71737	39
3	3	0.333333	0	1	0	8.51735	40
3	3	0.333333	0	1	0	14.2684	41
3	3	0.333333	0	1	0	12.9845	42
4	3	0.333333	0	1	0	15.7088	43
4	3	0.333333	0	1	0	19.8133	44
4	3	0.333333	0	1	0	16.8273	45
4	3	0.333333	0	1	0	18.9358	46
4	3	0.333333	0	1	0	20.3621	47
4	3	0.333333	0	1	0	20.4324	48
4	3	0.333333	0	1	0	18.6304	49
4	3	0.333333	0	1	0	19.0096	50
4	3	0.333333	0	1	0	17.267	51
4	3	0.333333	0	1	0	20.3621	52
4	3	0.333333	0	1	0	17.407	53
4	3	0.333333	0	1	0	20.543	54
4	4	0.333333	0	1	0	17.2307	55
4	4	0.333333	0	1	0	25.1951	56
4	5	0.333333	0	1	0	23.4448	57
4	5	0.333333	0	1	0	24.8262	58
4	5	0.333333	0	1	0	21.9545	59
4	5	0.333333	0	1	0	25.5549	60
4	5	0.333333	0	1	0	24.2336	61
4	5	0.333333	0	1	0	27.3489	62
4	5	0.333333	0	1	0	28.1391	63
4	5	0.333333	0	1	0	25.8615	64
4	5	0.333333	0	1	0	28.5493	65
4	5	0.333333	0	1	0	27.9133	66
4	5	0	0	0	0	26.4045	67
4	5	0	0	0	0	19.4305	68
5	5	0	0	0	0	25.8815	69
6	5	0	0	0	0	29.6252	70
6	5	0	0	0	0	33.1365	71
6	5	0	0	0	0	35.8982	72
6	5	0	0	0	0	35.7682	73
6	5	0	0	0	0	31.127	74
7	5	0	0	0	0	31.7012	75
7	6	0	0	0	0	40.0129	76
7	6	0	0	0	0	32.0654	77
7	6	0	0	0	0	39.8411	78
7	7	0	0	0	0	40.7856	79
7	7	0	0	0	0	41.7515	80
7	7	0	0	0	0	46.7513	81
7	7	0	0	0	0	44.6627	82
7	7	0	0	0	0	45.4668	83
7	7	0	0	0	0	40.3436	84
8	7	0	0	0	0	48.8876	85
8	7	0	0	0	0	52.4875	86
8	7	0	0	0	0	41.453	87
8	7	0	0	0	0	53.0318	88
8	7	0	0	0	0	48.5535	89
8	7	0	0	0	0	40.6169	90
8	7	0	0	0	0	46.6743	91
8	7	0	0	0	0	51.1017	92
8	7	0	0	0	0	51.5273	93
8	7	0	0	0	0	51.8329	94
8	7	0	0	0	0	44.863	95
8	7	0	0	0	0	48.0242	96
8	7	0	0	0	0	53.1903	97
8	7	0	0	0	0	48.1249	98
8	7	0	0	0	0	45.0774	99
8	7	0	0	0	0	47.7574	100
8	7	0	0	0	0	52.789	101
8	7	0	0	0	0	44.3577	102
8	7	0	0	0	0	46.0611	103
8	7	0	0	0	0	48.8019	104
8	7	0	0	0	0	50.7576	105
8	7	0	0	0	0	51.3743	106
8	7	0	0	0	0	50.6612	107
8	7	0	0	0	0	43.7964	108
8	7	0	0	0	0	48.3474	109
8	7	0	0	0	0	47.2081	110
8	7	0	0	0	0	47.4739	111
8	7	0	0	0	0	47.1205	112
8	6	0	0	0	0	40.3493	113
8	6	0	0	0	0	42.9331	114
8	6	0	0	0	0	39.7005	115
8	6	0	0	0	0	39.3544	116
8	5	0	0	0	0	37.8355	117
8	5	0	0	0	0	40.3139	118
8	4	0	0	0	0	31.2236	119
8	4	0	0	0	0	39.714	120
8	4	0	0	0	0	39.7666	121
8	4	0	0	0	0	39.8748	122
8	4	0	0	0	0	38.0051	123
8	4	0	0	0	0	36.2944	124
8	4	0	0	0	0	37.0973	125
9	4	0	0	0	0	39.5922	126
10	4	0	0	0	0	41.2952	127
10	4	0	0	0	0	43.6657	128
10	4	0	0	0	0	34.5987	129
10	4	0	0	0	0	37.329	130
11	4	0	0	0	0	41.4499	131
11	4	0	0	0	0	37.3754	132
11	4	0	0	0	0	39.6413	133
11	4	0	0	0	0	36.4149	134
10	4	0	0	0	0	45.0525	135
10	4	0	0	0	0	32.8113	136
10	4	0	0	0	0	40.593	137
10	4	0	0	0	0	44.444	138
10	4	0	0	0	0	42.3786	139
9	4	0	0	0	0	42.6033	140
9	4	0	0	0	0	44.4378	141
9	4	0	0	0	0	42.5923	142
10	4	0	0	0	0	36.6105	143
10	3	0	0	0	0	39.3748	144
10	3	0	0	0	0	43.3645	145
10	4	0	0	0	0	43.792	146
10	4	0	0	0	0	40.8003	147
10	4	0	0	0	0	36.8564	148
10	3	0	0	0	0	37.9995	149
10	3	0	0	0	0	38.4717	150
10	3	0	0	0	0	44.3388	151
10	3	0	0	0	0	43.8425	152
10	3	0	0	0	0	42.7563	153
11	3	0	0	0	0	44.4391	154
11	3	0	0	0	0	44.8037	155
11	4	0	0	0	0	44.6754	156
11	4	0	0	0	0	45.8317	157
11	5	0	0	0	0	45.2714	158
11	5	0	0	0	0	49.1446	159
11	5	0	0	0	0	46.4297	160
11	5	0	0	0	0	53.401	161
11	5	0	0	0	0	50.5475	162
11	5	0	0	0	0	48.8853	163
11	5	0	0	0	0	52.4487	164
11	5	0	0	0	0	52.2382	165
10	6	0	0	0	0	46.2703	166
10	6	0	0	0	0	46.3361	167
10	7	0	0	0	0	57.5362	168
10	7	0	0	0	0	52.7194	169
10	7	0	0	0	0	45.4175	170
10	8	0	0	0	0	54.8412	171
10	8	0	0	0	0	58.5953	172
10	8	0	0	0	0	59.0136	173
10	8	0	0	0	0	48.5475	174
9	8	0	0	0	0	58.6864	175
9	8	0	0	0	0	57.4268	176
9	8	0	0	0	0	55.4556	177
9	8	0	0	0	0	48.8158	178
9	8	0	0	0	0	58.3832	179
9	8	0	0	0	0	57.3377	180
9	8	0	0	0	0	44.7222	181
9	8	0	0	0	0	55.0472	182
9	10	0	0	0	0	51.0327	183
7	10	0	0	0	0	55.1464	184
7	11	0	0	0	0	57.1823	185
7	10	0	0	0	0	55.5489	186
8	10	0	0	0	0	57.9294	187
8	11	0	0	0	0	57.1992	188
8	11	0	0	0	0	64.1881	189
9	11	0	0	0	0	66.0768	190
9	11	0	0	0	0	64.3488	191
8	11	0	0	0	0	66.6007	192
8	11	0	0	0	0	68.3068	193
8	11	0	0	0	0	62.924	194
9	11	0	0	0	0	66.8164	195
9	11	0	0	0	0	63.9984	196
9	11	0	0	0	0	69.9492	197
9	11	0	0	0	0	66.208	198
9	11	0	0	0	0	68.7988	199
9	11	0	0	0	0	63.4135	200
9	11	0	0	0	0	71.3857	201
9	11	0	0	0	0	65.6165	202
9	11	0	0	0	0	68.4032	203
9	11	0	0	0	0	61.2027	204
9	11	0	0	0	0	64.8607	205
9	11	0	0	0	0	68.1328	206
9	11	0	0	0	0	66.7699	207
9	11	0	0	0	0	66.7735	208
9	11	0	0	0	0	67.1213	209
9	11	0	0	0	0	69.1215	210
9	11	0	0	0	0	68.8479	211
9	12	0	0	0	0	65.2531	212
9	12	0	0	0	0	61.246	213
10	12	0	0	0	0	65.356	214
9	12	0	0	0	0	66.3703	215
9	12	0	0	0	0	66.5167	216
9	12	0	0	0	0	70.6619	217
9	12	0	0	0	0	67.0927	218
9	12	0	0	0	0	72.8081	219
9	12	0	0	0	0	72.4997	220
9	12	0	0	0	0	67.1743	221
9	12	0	0	0	0	66.9277	222
9	12	0	0	0	0	71.8829	223
9	13	0	0	0	0	65.3559	224
9	13	0	0	0	0	74.3369	225
9	13	0	0	0	0	70.8306	226
8	13	0	0	0	0	53.2495	227
8	13	0	0	0	0	72.7583	228
8	12	0	0	0	0	69.0674	229
8	12	0	0	0	0	68.3853	230
8	12	0	0	0	0	71.0351	231
8	12	0	0	0	0	61.7673	232
8	11	0	0	0	0	60.1029	233
8	11	0	0	0	0	64.5856	234
7	11	0	0	0	0	56.8717	235
7	11	0	0	0	0	57.8286	236
6	11	0	0	0	0	55.3021	237
6	11	0	0	0	0	59.9467	238
6	11	0	0	0	0	54.8273	239
6	11	0	0	0	0	54.0523	240
6	11	0	0	0	0	43.958	241
6	11	0	0	0	0	60.4424	242
6	11	0	0	0	0	55.5883	243
6	11	0	0	0	0	52.6892	244
6	11	0	0	0	0	56.9357	245
6	11	0	0	0	0	57.0192	246
6	11	0	0	0	0	45.3714	247
6	11	0	0	0	0	58.9951	248
6	11	0	0	0	0	52.4902	249
6	11	0	0	0	0	53.3759	250
6	11	0	0	0	0	55.5459	251
6	11	0	0	0	0	55.1857	252
6	11	0	0	0	0	61.3812	253
6	11	0	0	0	0	56.6098	254
6	11	0	0	0	0	59.0631	255
6	11	0	0	0	0	55.9113	256
6	11	0	0	0	0	48.1597	257
6	11	0	0	0	0	53.2091	258
6	11	0	0	0	0	52.9085	259
6	11	0	0	0	0	58.4603	260
6	11	0	0	0	0	51.0074	261
6	11	0	0	0	0	53.9903	262
6	12	0	0	0	0	56.2188	263
6	12	0	0	0	0	44.9653	264
6	11	0	0	0	0	48.5173	265
6	10	0	0	0	0	55.189	266
6	10	0	0	0	0	47.4924	267
6	10	0	0	0	0	46.7253	268
6	10	0	0	0	0	34.7671	269
6	10	0	0	0	0	45.9762	270
6	10	0	0	0	0	51.7083	271
6	10	0	0	0	0	53.0506	272
6	10	0	0	0	0	51.3988	273
6	10	0	0	0	0	48.4297	274
6	10	0	0	0	0	46.8882	275
6	9	0	0	0	0	50.6009	276
7	10	0	0	0	0	52.4319	277
7	10	0	0	0	0	49.5856	278
7	10	0	0	0	0	50.6757	279
7	10	0	0	0	0	54.539	280
7	10	0	0	0	0	54.0475	281
7	10	0	0	0	0	49.3828	282
6	10	0	0	0	0	50.0699	283
6	10	0	0	0	0	46.1798	284
6	10	0	0	0	0	51.6336	285
6	10	0	0	0	0	53.3928	286
6	10	0	0	0	0	52.924	287
6	10	0	0	0	0	48.2954	288
6	10	0	0	0	0	49.9747	289
6	10	0	0	0	0	52.4291	290
6	10	0	0	0	0	51.904	291
6	10	0	0	0	0	53.5651	292
6	10	0	0	0	0	48.6343	293
6	10	0	0	0	0	51.6479	294
6	10	0	0	0	0	55.9759	295
6	10	0	0	0	0	49.0825	296
6	10	0	0	0	0	52.9256	297
6	10	0	0	0	0	52.8115	298
6	10	0	0	0	0	45.777	299
7	10	0	0	0	0	42.8044	300
7	9	0	0	0	0	49.8396	301
7	9	0	0	0	0	50.6376	302
7	9	0	0	0	0	45.6604	303
6	8	0	0	0	0	36.2075	304
6	8	0	0	0	0	36.1377	305
6	6	0	0	0	0	36.5477	306
7	6	0	0	0	0	33.7615	307
7	5	0	0	0	0	28.5101	308
7	5	0	0	0	0	40.6306	309
7	5	0	0	0	0	40.5259	310
7	5	0	0	0	0	40.888	311
8	5	0	0	0	0	38.9089	312
8	5	0	0	0	0	42.6131	313
8	6	0	0	0	0	36.3999	314
8	6	0	0	0	0	40.7258	315
8	6	0	0	0	0	49.0167	316
8	6	0	0	0	0	46.1949	317
8	6	0	0	0	0	41.2808	318
8	5	0	0	0	0	39.5286	319
8	5	0	0	0	0	38.5997	320
7	5	0	0	0	0	36.6075	321
7	5	0	0	0	0	37.864	322
7	5	0	0	0	0	35.0553	323
7	5	0	0	0	0	25.1922	324
7	5	0	0	0	0	38.2632	325
7	5	0	0	0	0	39.756	326
7	5	0	0	0	0	37.9121	327
7	5	0	0	0	0	37.195	328
7	5	0	0	0	0	37.8518	329
7	5	0	0	0	0	32.4846	330
7	5	0	0	0	0	36.7183	331
7	5	0	0	0	0	38.5419	332
7	6	0	0	0	0	39.1704	333
7	6	0	0	0	0	40.2257	334
7	6	0	0	0	0	39.0787	335
7	7	0	0	0	0	41.0251	336
7	7	0	0	0	0	38.3922	337
7	8	0	0	0	0	43.2838	338
7	8	0	0	0	0	47.2975	339
7	8	0	0	0	0	49.2937	340
8	8	0	0	0	0	52.6484	341
8	8	0	0	0	0	42.7566	342
8	7	0	0	0	0	44.5197	343
8	7	0	0	0	0	37.8645	344
7	7	0	0	0	0	40.7982	345
7	6	0	0	0	0	39.2047	346
7	6	0	0	0	0	37.2979	347
7	7	0	0	0	0	43.1354	348
7	7	0	0	0	0	46.6747	349
7	7	0	0	0	0	38.1386	350
7	7	0	0	0	0	40.3954	351
7	6	0	0	0	0	33.3342	352
7	6	0	0	0	0	40.1272	353
7	6	0	0	0	0	43.6293	354
7	6	0	0	0	0	43.6293	355
7	6	0	0	0	0	38.7203	356
7	6	0	0	0	0	37.7426	357
7	6	0	0	0	0	43.6533	358
7	6	0	0	0	0	43.5065	359
7	6	0	0	0	0	45.007	360
7	6	0	0	0	0	38.4798	361
7	6	0	0	0	0	43.1844	362
7	6	0	0	0	0	43.1534	363
7	6	0	0	0	0	42.5113	364
7	6	0	0	0	0	36.9024	365
7	6	0	0	0	0	37.9349	366
7	6	0	0	0	0	43.2402	367
7	6	0	0	0	0	43.613	368
8	6	0	0	0	0	39.0946	369
8	6	0	0	0	0	43.5092	370
8	6	0	0	0	0	42.0978	371
8	5	0	0	0	0	45.2229	372
8	5	0	0	0	0	43.3336	373
8	5	0	0	0	0	39.0783	374
8	6	0	0	0	0	43.5972	375
8	6	0	0	0	0	49.2765	376
8	6	0	0	0	0	40.2116	377
9	6	0	0	0	0	49.2765	378
9	6	0	0	0	0	49.6711	379
9	6	0	0	0	0	44.4956	380
9	6	0	0	0	0	50.0561	381
9	6	0	0	0	0	43.7736	382
9	6	0	0	0	0	48.6763	383
9	6	0	0	0	0	49.8324	384
9	6	0	0	0	0	48.1074	385
9	6	0	0	0	0	49.0954	386
9	6	0	0	0	0	52.168	387
9	6	0	0	0	0	40.58	388
9	6	0	0	0	0	41.3736	389
9	6	0	0	0	0	48.0333	390
9	6	0	0	0	0	47.5015	391
9	6	0	0	0	0	51.307	392
9	6	0	0	0	0	47.4249	393
9	7	0	0	0	0	46.6635	394
9	7	0	0	0	0	44.1455	395
8	7	0	0	0	0	47.4622	396
8	9	0	0	0	0	50.8963	397
8	9	0	0	0	0	50.6369	398
8	9	0	0	0	0	52.8214	399
8	9	0	0	0	0	55.6998	400
8	9	0	0	0	0	39.2101	401
8	9	0	0	0	0	52.3533	402
8	9	0	0	0	0	37.7823	403
8	9	0	0	0	0	52.5522	404
6	9	0	0	0	0	45.5229	405
7	9	0	0	0	0	48.6763	406
7	9	0	0	0	0	44.6506	407
7	9	0	0	0	0	51.3371	408
7	9	0	0	0	0	43.4312	409
7	9	0	0	0	0	44.6102	410
7	8	0	0	0	0	48.8798	411
7	7	0	0	0	0	36.6374	412
7	9	0	0	0	0	41.8716	413
7	10	0	0	0	0	54.5773	414
7	10	0	0	0	0	54.9337	415
7	10	0	0	0	0	57.7593	416
7	10	0	0	0	0	51.4088	417
7	10	0	0	0	0	51.3678	418
7	9	0	0	0	0	50.711	419
7	9	0	0	0	0	53.4483	420
7	9	0	0	0	0	50.9735	421
8	11	0	0	0	0	53.4711	422
8	11	0	0	0	0	57.1711	423
8	11	0	0	0	0	63.4933	424
8	11	0	0	0	0	65.3325	425
8	11	0	0	0	0	64.7148	426
9	11	0	0	0	0	64.1473	427
9	12	0	0	0	0	67.3142	428
8	12	0	0	0	0	68.2901	429
8	12	0	0	0	0	58.1265	430
6	12	0	0	0	0	56.2429	431
6	12	0	0	0	0	61.4617	432
6	12	0	0	0	0	64.8707	433
6	12	0	0	0	0	55.4313	434
6	11	0	0	0	0	46.2461	435
6	11	0	0	0	0	57.2045	436
5	11	0	0	0	0	48.5561	437
5	11	0	0	0	0	57.1477	438
5	11	0	0	0	0	47.9691	439
5	11	0	0	0	0	55.0481	440
6	11	0	0	0	0	52.7458	441
6	11	0	0	0	0	51.7645	442
6	11	0	0	0	0	46.6315	443
6	11	0	0	0	0	59.0327	444
7	11	0	0	0	0	59.2064	445
7	11	0	0	0	0	60.3905	446
7	11	0	0	0	0	56.8729	447
8	11	0	0	0	0	49.7934	448
8	10	0	0	0	0	59.488	449
8	10	0	0	0	0	58.2869	450
8	10	0	0	0	0	55.1564	451
8	10	0	0	0	0	58.398	452
8	10	0	0	0	0	59.9058	453
9	10	0	0	0	0	64.4734	454
9	10	0	0	0	0	60.9338	455
9	10	0	0	0	0	66.2518	456
9	10	0	0	0	0	56.6989	457
9	10	0	0	0	0	61.059	458
9	9	0	0	0	0	56.2047	459
10	9	0	0	0	0	57.1183	460
10	9	0	0	0	0	60.3567	461
10	9	0	0	0	0	58.3585	462
10	9	0	0	0	0	65.9407	463
10	9	0	0	0	0	65.0619	464
10	9	0	0	0	0	63.8411	465
10	9	0	0	0	0	65.0316	466
10	9	0	0	0	0	55.7252	467
10	9	0	0	0	0	58.8136	468
10	9	0	0	0	0	56.8056	469
10	9	0	0	0	0	60.3814	470
10	8	0	0	0	0	56.2377	471
10	8	0	0	0	0	61.3425	472
10	8	0	0	0	0	59.8479	473
10	8	0	0	0	0	59.9294	474
10	8	0	0	0	0	59.2482	475
10	9	0	0	0	0	58.3958	476
10	9	0	0	0	0	59.281	477
10	9	0	0	0	0	61.6532	478
10	9	0	0	0	0	42.8655	479
10	9	0	0	0	0	59.2333	480
10	8	0	0	0	0	54.9581	481
10	8	0	0	0	0	58.1215	482
10	7	0	0	0	0	48.7909	483
10	7	0	0	0	0	60.926	484
10	7	0	0	0	0	59.0435	485
10	7	0	0	0	0	54.3569	486
11	7	0	0	0	0	58.6715	487
12	7	0	0	0	0	62.9527	488
13	7	0	0	0	0	63.9188	489
13	7	0	0	0	0	61.0776	490
13	7	0	0	0	0	63.4487	491
13	7	0	0	0	0	61.0412	492
12	7	0	0	0	0	56.1043	493
12	7	0	0	0	0	57.2455	494
12	7	0	0	0	0	58.2957	495
12	7	0	0	0	0	57.5245	496
12	7	0	0	0	0	60.8336	497
12	7	0	0	0	0	57.2365	498
12	6	0	0	0	0	50.3466	499
12	6	0	0	0	0	61.5261	500
12	6	0	0	0	0	60.2154	501
12	6	0	0	0	0	58.7139	502
12	6	0	0	0	0	57.9025	503
12	6	0	0	0	0	58.9737	504
13	6	0	0	0	0	53.7674	505
15	6	0	0	0	0	51.859	506
15	5	0	0	0	0	52.6259	507
15	5	0	0	0	0	67.819	508
15	5	0	0	0	0	54.4878	509
14	5	0	0	0	0	53.3293	510
14	5	0	0	0	0	49.8841	511
14	4	0	0	0	0	54.5705	512
14	4	0	0	0	0	58.0196	513
14	4	0	0	0	0	55.8668	514
14	3	0	0	0	0	60.2518	515
14	3	0	0	0	0	57.4845	516
14	3	0	0	0	0	58.5893	517
14	3	0	0	0	0	53.4995	518
14	3	0	0	0	0	52.3897	519
14	3	0	0	0	0	52.0236	520
14	3	0	0	0	0	53.9516	521
14	3	0	0	0	0	52.7451	522
14	3	0	0	0	0	55.7701	523
14	3	0	0	0	0	56.8689	524
14	3	0	0	0	0	53.3428	525
14	3	0	0	0	0	52.5842	526
14	3	0	0	0	0	56.557	527
14	3	0	0	0	0	51.5663	528
14	3	0	0	0	0	57.0333	529
14	3	0	0	0	0	57.1719	530
15	5	0	0	0	0	51.33	531
15	5	0	0	0	0	61.4622	532
15	5	0	0	0	0	60.2418	533
15	5	0	0	0	0	56.8124	534
15	5	0	0	0	0	62.8021	535
15	7	0	0	0	0	64.6414	536
15	7	0	0	0	0	75.23	537
15	8	0	0	0	0	60.5257	538
15	8	0	0	0	0	60.9071	539
15	8	0	0	0	0	63.6725	540
15	8	0	0	0	0	62.1222	541
15	9	0	0	0	0	66.7309	542
16	9	0	0	0	0	63.7575	543
16	8	0	0	0	0	65.475	544
16	8	0	0	0	0	63.2417	545
14	9	0	0	0	0	74.2692	546
14	9	0	0	0	0	71.1978	547
14	8	0	0	0	0	65.9401	548
14	8	0	0	0	0	68.9748	549
14	8	0	0	0	0	79.3206	550
16	8	0	0	0	0	78.3737	551
16	8	0	0	0	0	82.3238	552
15	8	0	0	0	0	78.7353	553
15	8	0	0	0	0	73.4687	554
15	9	0	0	0	0	79.6902	555
14	9	0	0	0	0	79.4371	556
14	9	0	0	0	0	80.0654	557
14	10	0	0	0	0	72.3089	558
14	10	0	0	0	0	79.3994	559
14	10	0	0	0	0	82.6341	560
14	10	0	0	0	0	87.6192	561
14	10	0	0	0	0	83.777	562
14	11	0	0	0	0	78.6965	563
14	11	0	0	0	0	84.0718	564
14	11	0	0	0	0	82.5678	565
14	11	0	0	0	0	79.3093	566
14	11	0	0	0	0	81.5184	567
13	11	0	0	0	0	81.0449	568
13	11	0	0	0	0	86.1236	569
13	11	0	0	0	0	80.9049	570
13	11	0	0	0	0	80.7414	571
12	11	0	0	0	0	73.225	572
13	11	0	0	0	0	68.0427	573
13	11	0	0	0	0	83.1506	574
13	11	0	0	0	0	78.7542	575
13	11	0	0	0	0	87.9431	576
13	11	0	0	0	0	79.0289	577
13	11	0	0	0	0	89.3333	578
13	11	0	0	0	0	86.2198	579
13	11	0	0	0	0	80.0521	580
13	11	0	0	0	0	83.1812	581
14	11	0	0	0	0	84.3555	582
15	11	0	0	0	0	90.0783	583
15	11	0	0	0	0	84.9586	584
15	11	0	0	0	0	85.9225	585
15	11	0	0	0	0	88.6651	586
15	11	0	0	0	0	88.9013	587
15	11	0	0	0	0	87.1072	588
16	11	0	0	0	0	93.1619	589
17	11	0	0	0	0	89.5011	590
18	11	0	0	0	0	87.7134	591
18	12	0	0	0	0	87.6935	592
18	12	0	0	0	0	93.6629	593
19	12	0	0	0	0	76.1739	594
19	12	0	0	0	0	91.5546	595
19	12	0	0	0	0	96.0889	596
18	12	0	0	0	0	84.6701	597
18	12	0	0	0	0	85.0316	598
18	11	0	0	0	0	89.0106	599
18	10	0	0	0	0	98.9435	600
18	10	0	0	0	0	98.5745	601
18	11	0	0	0	0	88.1868	602
18	13	0	0	0	0	104.345	603
18	13	0	0	0	0	103.861	604
18	14	0	0	0	0	109.667	605
18	14	0	0	0	0	105.057	606
18	14	0	0	0	0	105.406	607
18	13	0	0	0	0	108.673	608
18	13	0	0	0	0	86.03	609
18	13	0	0	0	0	108.467	610
19	13	0	0	0	0	112.208	611
18	13	0	0	0	0	105.469	612
18	14	0	0	0	0	109.351	613
18	14	0	0	0	0	113.256	614
18	14	0	0	0	0	116.867	615
18	14	0	0	0	0	120.659	616
18	14	0	0	0	0	106.391	617
18	14	0	0	0	0	100.846	618
18	14	0	0	0	0	111.168	619
18	13	0	0	0	0	109.865	620
18	13	0	0	0	0	113.341	621
18	13	0	0	0	0	110.622	622
18	13	0	0	0	0	110.191	623
18	13	0	0	0	0	112.719	624
18	13	0	0	0	0	108.943	625
18	13	0	0	0	0	104.009	626
18	13	0	0	0	0	112.121	627
18	13	0	0	0	0	101.302	628
18	13	0	0	0	0	102.874	629
18	13	0	0	0	0	112.946	630
18	14	0	0	0	0	110.693	631
18	14	0	0	0	0	105.799	632
18	14	0	0	0	0	111.019	633
18	14	0	0	0	0	99.0783	634
18	13	0	0	0	0	100.166	635
19	13	0	0	0	0	98.203	636
19	13	0	0	0	0	98.006	637
18	13	0	0	0	0	95.759	638
17	13	0	0	0	0	92.1782	639
17	13	0	0	0	0	97.9735	640
17	13	0	0	0	0	98.2488	641
17	13	0	0	0	0	107.993	642
16	13	0	0	0	0	94.7745	643
16	13	0	0	0	0	99.8119	644
16	13	0	0	0	0	98.6764	645
16	13	0	0	0	0	97.0139	646
16	13	0	0	0	0	102.28	647
16	15	0	0	0	0	106.353	648
16	16	0	0	0	0	110.769	649
16	16	0	0	0	0	112.047	650
16	17	0	0	0	0	108.805	651
16	17	0	0	0	0	105.856	652
16	17	0	0	0	0	112.212	653
16	17	0	0	0	0	112.029	654
15	16	0	0	0	0	101.472	655
13	16	0	0	0	0	103.817	656
13	16	0	0	0	0	99.7645	657
13	16	0	0	0	0	102.648	658
13	16	0	0	0	0	95.6173	659
12	15	0	0	0	0	85.9791	660
11	15	0	0	0	0	90.4183	661
11	15	0	0	0	0	92.8992	662
11	15	0	0	0	0	87.7858	663
11	15	0	0	0	0	91.1233	664
11	14	0	0	0	0	84.0289	665
11	14	0	0	0	0	88.6922	666
11	14	0	0	0	0	85.7719	667
11	14	0	0	0	0	85.8514	668
11	14	0	0	0	0	92.0777	669
11	14	0	0	0	0	82.2771	670
11	14	0	0	0	0	78.4447	671
10	14	0	0	0	0	82.2622	672
10	14	0	0	0	0	86.913	673
10	14	0	0	0	0	86.4486	674
10	14	0	0	0	0	77.0169	675
10	14	0	0	0	0	78.4619	676
10	15	0	0	0	0	77.8101	677
10	15	0	0	0	0	77.8617	678
10	15	0	0	0	0	82.7626	679
10	15	0	0	0	0	77.5964	680
9	14	0	0	0	0	68.0964	681
8	14	0	0	0	0	61.7024	682
8	13	0	0	0	0	66.9195	683
8	12	0	0	0	0	66.7925	684
8	12	0	0	0	0	59.723	685
8	11	0	0	0	0	59.6356	686
8	11	0	0	0	0	55.2755	687
8	10	0	0	0	0	63.0217	688
8	11	0	0	0	0	58.107	689
8	10	0	0	0	0	54.626	690
8	9	0	0	0	0	53.56	691
8	9	0	0	0	0	56.481	692
8	9	0	0	0	0	55.8324	693
8	9	0	0	0	0	56.4463	694
8	9	0	0	0	0	54.271	695
8	9	0	0	0	0	52.7203	696
9	10	0	0	0	0	54.1312	697
9	10	0	0	0	0	56.8985	698
9	11	0	0	0	0	56.9242	699
9	11	0	0	0	0	63.8623	700
7	11	0	0	0	0	54.338	701
7	11	0	0	0	0	60.3509	702
8	12	0	0	0	0	61.1938	703
8	12	0	0	0	0	54.3979	704
8	11	0	0	0	0	58.9706	705
8	11	0	0	0	0	48.4609	706
8	11	0	0	0	0	62.7602	707
8	11	0	0	0	0	66.7179	708
8	11	0	0	0	0	66.5217	709
8	11	0	0	0	0	66.1851	710
8	12	0	0	0	0	61.7271	711
8	12	0	0	0	0	64.9421	712
8	12	0	0	0	0	61.6572	713
8	12	0	0	0	0	58.9621	714
8	12	0	0	0	0	67.3115	715
8	13	0	0	0	0	69.8582	716
8	13	0	0	0	0	70.1957	717
8	13	0	0	0	0	60.9623	718
8	13	0	0	0	0	69.3882	719
8	12	0	0	0	0	69.0455	720
8	12	0	0	0	0	73.1115	721
8	12	0	0	0	0	53.3519	722
6	12	0	0	0	0	52.2879	723
6	12	0	0	0	0	62.8329	724
6	12	0	0	0	0	63.7057	725
6	12	0	0	0	0	59.8619	726
7	12	0	0	0	0	58.8317	727
7	12	0	0	0	0	59.8969	728
7	12	0	0	0	0	60.237	729
6	11	0	0	0	0	40.0328	730
6	11	0	0	0	0	51.8229	731
5	11	0	0	0	0	46.9886	732
5	11	0	0	0	0	44.1424	733
5	11	0	0	0	0	49.4711	734
5	11	0	0	0	0	44.0167	735
5	11	0	0	0	0	41.4499	736
5	10	0	0	0	0	46.3214	737
5	9	0	0	0	0	29.197	738
5	9	0	0	0	0	38.0043	739
4	8	0	0	0	0	29.5328	740
3	7	0	0	0	0	26.8066	741
3	7	0	0	0	0	29.8442	742
3	7	0	0	0	0	31.4297	743
3	7	0	0	0	0	30.6827	744
3	7	0	0	0	0	30.9461	745
3	7	0	0	0	0	28.2967	746
3	7	0	0	0	0	32.321	747
3	7	0	0	0	0	26.5997	748
3	7	0	0	0	0	28.2067	749
3	6	0	0	0	0	25.1107	750
3	7	0	0	0	0	28.1997	751
3	7	0	0	0	0	26.0005	752
3	7	0	0	0	0	29.9223	753
3	7	0	0	0	0	31.907	754
3	7	0	0	0	0	31.2094	755
3	7	0	0	0	0	32.1097	756
3	7	0	0	0	0	27.5017	757
3	7	0	0	0	0	23.4936	758
3	7	0	0	0	0	29.2488	759
3	7	0	0	0	0	25.9612	760
3	7	0	0	0	0	23.3264	761
3	7	0	0	0	0	28.7881	762
3	6	0	0	0	0	27.8158	763
3	6	0	0	0	0	26.4697	764
3	6	0	0	0	0	24.3052	765
3	6	0	0	0	0	27.4456	766
3	6	0	0	0	0	23.9525	767
3	6	0	0	0	0	24.3683	768
3	6	0	0	0	0	25.9477	769
3	6	0	0	0	0	22.1284	770
3	6	0	0	0	0	26.3919	771
4	6	0	0	0	0	25.9612	772
4	6	0	0	0	0	27.8598	773
4	6	0	0	0	0	27.4653	774
4	6	0	0	0	0	28.2932	775
4	6	0	0	0	0	25.6579	776
4	6	0	0	0	0	29.2054	777
4	6	0	0	0	0	24.4011	778
4	6	0	0	0	0	30.116	779
4	6	0	0	0	0	23.7049	780
4	5	0	0	0	0	22.7347	781
4	5	0	0	0	0	22.592	782
4	5	0	0	0	0	19.8593	783
4	5	0	0	0	0	15.8795	784
3	6	0	0	0	0	19.4633	785
2	6	0	0	0	0	19.5869	786
2	7	0	0	0	0	21.8052	787
2	7	0	0	0	0	21.6877	788
2	7	0	0	0	0	17.5639	789
2	7	0	0	0	0	20.2614	790
2	6	0	0	0	0	19.5131	791
2	6	0	0	0	0	17.9541	792
2	6	0	0	0	0	14.6957	793
1	6	0	0	0	0	17.3441	794
1	7	0	0	0	0	20.0513	795
1	7	0	0	0	0	20.1965	796
1	7	0	0	0	0	21.4627	797
1	7	0	0	0	0	20.9838	798
1	7	0	0	0	0	20.9838	799
1	7	0	0	0	0	22.9307	800
1	7	0	0	0	0	24.4094	801
1	7	0	0	0	0	21.9052	802
1	7	0	0	0	0	23.5418	803
1	7	0	0	0	0	19.3902	804
1	7	0	0	0	0	21.2981	805
1	7	0	0	0	0	25.5589	806
1	7	0	0	0	0	23.8439	807
1	7	0	0	0	0	24.0805	808
1	7	0	0	0	0	23.8902	809
1	7	0	0	0	0	24.1416	810
2	7	0	0	0	0	20.369	811
2	7	0	0	0	0	24.0805	812
3	8	0	0	0	0	27.8663	813
3	8	0	0	0	0	25.9457	814
3	9	0	0	0	0	27.8981	815
3	9	0	0	0	0	24.8255	816
3	9	0	0	0	0	34.647	817
3	9	0	0	0	0	31.7551	818
3	9	0	0	0	0	35.2555	819
3	9	0	0	0	0	39.2934	820
3	9	0	0	0	0	34.794	821
3	9	0	0	0	0	37.92	822
3	9	0	0	0	0	39.7988	823
4	9	0	0	0	0	32.5139	824
4	9	0	0	0	0	35.419	825
4	8	0	0	0	0	39.0341	826
4	8	0	0	0	0	34.7711	827
6	8	0	0	0	0	36.568	828
8	8	0	0	0	0	38.068	829
8	8	0	0	0	0	53.4821	830
8	8	0	0	0	0	45.9387	831
8	7	0	0	0	0	41.7682	832
8	6	0	0	0	0	41.8396	833
8	6	0	0	0	0	45.8899	834
10	6	0	0	0	0	43.0378	835
10	6	0	0	0	0	45.89	836
10	6	0	0	0	0	49.0825	837
10	6	0	0	0	0	46.5543	838
10	6	0	0	0	0	50.66	839
10	6	0	0	0	0	55.3891	840
10	6	0	0	0	0	49.019	841
10	6	0	0	0	0	46.8505	842
11	6	0	0	0	0	49.5078	843
11	5	0	0	0	0	50.5159	844
11	5	0	0	0	0	50.1178	845
11	5	0	0	0	0	48.5098	846
11	6	0	0	0	0	47.9239	847
11	6	0	0	0	0	48.4796	848
11	6	0	0	0	0	51.2596	849
11	6	0	0	0	0	53.7907	850
11	8	0	0	0	0	48.1128	851
11	8	0	0	0	0	52.4534	852
11	9	0	0	0	0	50.1863	853
11	9	0	0	0	0	44.819	854
12	9	0	0	0	0	49.0432	855
12	9	0	0	0	0	54.7642	856
12	9	0	0	0	0	55.1169	857
12	9	0	0	0	0	54.7901	858
12	9	0	0	0	0	51.1295	859
12	9	0	0	0	0	50.52	860
12	9	0	0	0	0	53.2713	861
12	8	0	0	0	0	54.6551	862
14	8	0	0	0	0	68.1438	863
14	8	0	0	0	0	75.4747	864
14	8	0	0	0	0	63.2136	865
14	7	0	0	0	0	76.3281	866
14	7	0	0	0	0	66.7355	867
14	7	0	0	0	0	69.3473	868
14	7	0	0	0	0	69.7411	869
14	7	0	0	0	0	63.7799	870
15	7	0	0	0	0	72.8672	871
15	7	0	0	0	0	74.9249	872
15	7	0	0	0	0	58.882	873
15	7	0	0	0	0	72.09	874
15	8	0	0	0	0	72.4945	875
16	8	0	0	0	0	71.1978	876
16	8	0	0	0	0	70.3015	877
16	9	0	0	0	0	70.5141	878
16	9	0	0	0	0	87.2853	879
16	9	0	0	0	0	89.5743	880
16	9	0	0	0	0	86.5823	881
16	9	0	0	0	0	87.5734	882
16	9	0	0	0	0	85.1494	883
16	10	0	0	0	0	90.3698	884
16	12	0	0	0	0	84.9812	885
15	12	0	0	0	0	100.847	886
15	12	0	0	0	0	96.438	887
16	12	0	0	0	0	86.7901	888
16	12	0	0	0	0	91.5674	889
16	13	0	0	0	0	91.9604	890
16	13	0	0	0	0	103.528	891
16	13	0	0	0	0	103.713	892
17	13	0	0	0	0	104.6	893
16	13	0	0	0	0	102.764	894
16	13	0	0	0	0	96.4282	895
16	13	0	0	0	0	90.8557	896
16	13	0	0	0	0	103.774	897
16	13	0	0	0	0	103.294	898
16	13	0	0	0	0	96.8932	899
16	13	0	0	0	0	92.9494	900
16	13	0	0	0	0	97.6608	901
16	13	0	0	0	0	98.4911	902
16	13	0	0	0	0	96.9722	903
16	13	0	0	0	0	97.9472	904
16	12	0	0	0	0	99.3623	905
16	12	0	0	0	0	99.517	906
16	12	0	0	0	0	101.674	907
16	12	0	0	0	0	100.016	908
16	12	0	0	0	0	94.6238	909
17	12	0	0	0	0	91.7114	910
17	12	0	0	0	0	99.5972	911
17	12	0	0	0	0	99.9653	912
21	11	0	0	0	0	93.6705	913
20	11	0	0	0	0	94.9436	914
21	11	0	0	0	0	105.534	915
22	12	0	0	0	0	107.77	916
22	13	0	0	0	0	113.563	917
22	13	0	0	0	0	108.209	918
22	13	0	0	0	0	111.17	919
22	13	0	0	0	0	118.958	920
22	13	0	0	0	0	117.398	921
22	13	0	0	0	0	114.548	922
22	13	0	0	0	0	125.476	923
22	13	0	0	0	0	131.734	924
23	13	0	0	0	0	120.682	925
23	13	0	0	0	0	124.204	926
24	13	0	0	0	0	127.896	927
24	13	0	0	0	0	125.569	928
24	13	0	0	0	0	128.719	929
24	13	0	0	0	0	129.548	930
24	12	0	0	0	0	118.3	931
26	12	0	0	0	0	121.366	932
26	12	0	0	0	0	126.705	933
26	12	0	0	0	0	118.803	934
26	12	0	0	0	0	126.39	935
25	12	0	0	0	0	123.587	936
25	11	0	0	0	0	122.643	937
26	11	0	0	0	0	123.623	938
27	11	0	0	0	0	127.251	939
27	11	0	0	0	0	119.857	940
27	11	0	0	0	0	120.001	941
27	11	0	0	0	0	137.373	942
28	12	0	0	0	0	135.629	943
29	12	0	0	0	0	140.003	944
29	12	0	0	0	0	139.996	945
29	12	0	0	0	0	129.429	946
29	12	0	0	0	0	124.535	947
29	12	0	0	0	0	131.433	948
29	12	0	0	0	0	122.359	949
29	12	0	0	0	0	132.051	950
29	12	0	0	0	0	119.613	951
27	12	0	0	0	0	128.767	952
28	12	0	0	0	0	120.343	953
28	12	0	0	0	0	149.313	954
29	12	0	0	0	0	140.34	955
29	12	0	0	0	0	149.52	956
30	12	0	0	0	0	138.215	957
31	14	0	0	0	0	140.72	958
31	15	0	0	0	0	161.455	959
32	15	0	0	0	0	166.163	960
33	15	0	0	0	0	164.043	961
33	15	0	0	0	0	150.065	962
33	15	0	0	0	0	170.404	963
33	15	0	0	0	0	162.359	964
32	15	0	0	0	0	159.231	965
31	15	0	0	0	0	147.849	966
31	15	0	0	0	0	161.607	967
31	15	0	0	0	0	139.093	968
31	15	0	0	0	0	157.399	969
31	15	0	0	0	0	145.804	970
31	14	0	0	0	0	163.739	971
31	14	0	0	0	0	152.836	972
31	14	0	0	0	0	165.518	973
31	14	0	0	0	0	151.226	974
32	14	0	0	0	0	166.819	975
32	14	0	0	0	0	148.403	976
32	14	0	0	0	0	159.129	977
32	14	0	0	0	0	148.785	978
33	13	0	0	0	0	151.852	979
34	13	0	0	0	0	160.649	980
34	13	0	0	0	0	166.329	981
34	13	0	0	0	0	169.298	982
34	13	0	0	0	0	169.011	983
34	13	0	0	0	0	170.254	984
34	13	0	0	0	0	158.149	985
35	13	0	0	0	0	152.491	986
35	13	0	0	0	0	165.24	987
35	13	0	0	0	0	162.221	988
35	13	0	0	0	0	161.726	989
35	13	0	0	0	0	163.778	990
34	13	0	0	0	0	165.822	991
34	13	0	0	0	0	157.214	992
33	13	0	0	0	0	169.355	993
33	13	0	0	0	0	165.758	994
33	13	0	0	0	0	153.395	995
33	13	0	0	0	0	140.019	996
33	12	0	0	0	0	157.425	997
33	12	0	0	0	0	159.262	998
33	12	0	0	0	0	159.905	999
33	11	0	0	0	0	144.507	1000
33	9	0	0	0	0	140.33	1001
33	9	0	0	0	0	151.127	1002
32	8	0	0	0	0	143.042	1003
32	9	0	0	0	0	151.7	1004
32	9	0	0	0	0	150.373	1005
32	9	0	0	0	0	134.692	1006
32	9	0	0	0	0	152.254	1007
32	9	0	0	0	0	123.719	1008
32	9	0	0	0	0	123.178	1009
32	9	0	0	0	0	126.011	1010
31	8	0	0	0	0	128.233	1011
31	8	0	0	0	0	121.242	1012
27	8	0	0	0	0	120.596	1013
27	8	0	0	0	0	122.262	1014
27	8	0	0	0	0	108.815	1015
27	8	0	0	0	0	128.321	1016
27	9	0	0	0	0	126.896	1017
27	9	0	0	0	0	107.789	1018
27	9	0	0	0	0	126.139	1019
27	9	0	0	0	0	125.198	1020
27	9	0	0	0	0	131.186	1021
28	9	0	0	0	0	115.181	1022
29	9	0	0	0	0	115.056	1023
29	9	0	0	0	0	137.904	1024
29	9	0	0	0	0	132.705	1025
28	9	0.5	0	1	0	118.733	1026
28	9	0.5	0	1	0	121.824	1027
28	9	0.5	0	1	0	139.034	1028
28	9	0.5	0	1	0	126.506	1029
28	9	0.5	0	1	0	132.85	1030
28	9	0.5	0	1	0	113.63	1031
27	9	0.5	0	1	0	122.435	1032
28	9	0.5	0	1	0	113.792	1033
26	9	0.5	0	1	0	111.986	1034
26	7	0.5	0	1	0	116.266	1035
26	7	0.5	0	1	0	123.776	1036
27	7	0.5	0	1	0	125.162	1037
27	7	0.5	0	1	0	120.815	1038
27	7	0.5	0	1	0	113.749	1039
27	7	0.5	0	1	0	109.093	1040
27	7	0.5	0	1	0	120.585	1041
27	6	0.5	0	1	0	110.385	1042
26	6	0.5	0	1	0	114.439	1043
25	6	0.5	0	1	0	108.173	1044
25	6	0.5	0	1	0	108.084	1045
25	6	0.5	0	1	0	107.588	1046
25	6	0.5	0	1	0	115.331	1047
25	6	0.5	0	1	0	114.038	1048
25	6	0.5	0	1	0	109.666	1049
25	6	0.5	0	1	0	113.217	1050
25	6	0.5	0	1	0	116.586	1051
25	6	0.5	0	1	0	107.741	1052
24	6	0.5	0	1	0	96.4664	1053
24	7	0.5	0	1	0	107.069	1054
24	7	0.5	0	1	0	115.831	1055
24	7	0.5	0	1	0	96.007	1056
24	7	0.5	0	1	0	110.853	1057
24	7	0.5	0	1	0	65.7802	1058
25	7	0.5	0	1	0	66.6328	1059
25	7	0.5	0	1	0	59.1981	1060
25	7	0.5	0	1	0	68.4112	1061
24	7	0.5	0	1	0	70.0967	1062
17	7	0.5	0	1	0	64.4359	1063
17	7	0.5	0	1	0	59.8517	1064
17	7	0	0	0	0	69.024	1065
15	7	0	0	0	0	61.4862	1066
15	7	0	0	0	0	73.3933	1067
16	7	0	0	0	0	65.0798	1068
15	6	0	0	0	0	59.5605	1069
14	6	0	0	0	0	63.4811	1070
14	5	0	0	0	0	61.4912	1071
14	5	0	0	0	0	64.8858	1072
14	4	0	0	0	0	61.5054	1073
14	4	0	0	0	0	53.243	1074
15	4	0	0	0	0	65.0549	1075
15	4	0	0	0	0	56.8687	1076
15	4	0	0	0	0	57.8813	1077
15	4	0	0	0	0	65.0158	1078
15	4	0	0	0	0	67.3803	1079
15	4	0	0	0	0	64.1085	1080
15	4	0	0	0	0	62.7101	1081
14	4	0	0	0	0	48.9448	1082
14	4	0	0	0	0	57.9344	1083
14	5	0	0	0	0	59.5181	1084
14	5	0	0	0	0	62.5552	1085
14	5	0	0	0	0	60.595	1086
15	5	0	0	0	0	60.582	1087
15	5	0	0	0	0	55.2656	1088
14	5	0	0	0	0	54.3443	1089
15	5	0	0	0	0	61.1546	1090
14	5	0	0	0	0	51.7561	1091
11	5	0	0	0	0	51.3687	1092
11	5	0	0	0	0	50.9141	1093
11	5	0	0	0	0	53.2005	1094
11	5	0	0	0	0	54.1251	1095
11	7	0	0	0	0	51.0689	1096
11	7	0	0	0	0	51.4793	1097
11	7	0	0	0	0	49.4703	1098
11	7	0	0	0	0	53.9208	1099
11	7	0	0	0	0	42.3512	1100
10	6	0	0	0	0	52.4426	1101
10	6	0	0	0	0	52.9987	1102
10	6	0	0	0	0	47.4986	1103
10	6	0	0	0	0	55.7196	1104
10	6	0	0	0	0	55.0439	1105
10	6	0	0	0	0	45.9585	1106
10	6	0	0	0	0	47.1647	1107
10	5	0	0	0	0	49.9142	1108
10	5	0	0	0	0	41.143	1109
10	5	0	0	0	0	44.7183	1110
9	5	0	0	0	0	43.874	1111
9	5	0	0	0	0	46.2039	1112
10	5	0	0	0	0	47.5104	1113
11	5	0	0	0	0	52.812	1114
11	5	0	0	0	0	54.1844	1115
11	6	0	0	0	0	51.245	1116
11	6	0	0	0	0	52.6818	1117
11	5	0	0	0	0	50.9386	1118
11	5	0	0	0	0	50.2767	1119
11	5	0	0	0	0	44.7367	1120
10	5	0	0	0	0	43.8689	1121
10	6	0	0	0	0	35.7488	1122
9	6	0	0	0	0	38.2632	1123
9	6	0	0	0	0	36.2004	1124
7	6	0	0	0	0	35.7249	1125
7	6	0	0	0	0	44.8504	1126
7	6	0	0	0	0	42.763	1127
7	6	0	0	0	0	37.274	1128
7	7	0	0	0	0	38.7203	1129
7	7	0	0	0	0	44.0805	1130
8	7	0	0	0	0	44.6532	1131
8	7	0	0	0	0	51.8205	1132
8	7	0	0	0	0	45.7685	1133
8	7	0	0	0	0	48.0169	1134
8	8	0	0	0	0	44.6805	1135
8	8	0	0	0	0	48.9021	1136
8	8	0	0	0	0	47.8035	1137
8	8	0	0	0	0	44.3701	1138
8	8	0	0	0	0	47.0878	1139
8	8	0	0	0	0	49.2221	1140
8	7	0	0	0	0	48.5272	1141
8	7	0	0	0	0	51.3743	1142
8	7	0	0	0	0	52.9914	1143
8	7	0	0	0	0	40.1231	1144
8	7	0	0	0	0	48.7485	1145
9	6	0	0	0	0	43.9786	1146
10	6	0	0	0	0	48.3547	1147
10	6	0	0	0	0	50.8867	1148
10	6	0	0	0	0	44.8163	1149
10	6	0	0	0	0	49.6428	1150
10	6	0	0	0	0	54.954	1151
10	6	0	0	0	0	50.3915	1152
10	6	0	0	0	0	56.0222	1153
11	6	0	0	0	0	54.954	1154
11	6	0	0	0	0	52.5964	1155
11	6	0	0	0	0	56.3398	1156
11	6	0	0	0	0	54.8797	1157
11	6	0	0	0	0	57.102	1158
11	6	0	0	0	0	57.5966	1159
11	8	0	0	0	0	56.8738	1160
11	11	0	0	0	0	62.0391	1161
11	11	0	0	0	0	70.6738	1162
11	11	0	0	0	0	75.5631	1163
11	11	0	0	0	0	67.5881	1164
11	10	0	0	0	0	69.7854	1165
11	10	0	0	0	0	60.887	1166
11	10	0	0	0	0	67.5437	1167
12	10	0	0	0	0	72.8005	1168
11	10	0	0	0	0	73.1925	1169
11	10	0	0	0	0	57.0056	1170
11	10	0	0	0	0	77.2179	1171
11	10	0	0	0	0	71.5624	1172
11	10	0	0	0	0	75.5182	1173
11	10	0	0	0	0	77.3076	1174
11	10	0	0	0	0	72.4743	1175
11	10	0	0	0	0	66.2196	1176
11	10	0	0	0	0	77.1026	1177
11	10	0	0	0	0	74.9462	1178
11	10	0	0	0	0	58.3256	1179
11	10	0	0	0	0	67.4218	1180
11	10	0	0	0	0	69.0366	1181
12	9	0	0	0	0	70.6451	1182
12	9	0	0	0	0	67.2515	1183
12	9	0	0	0	0	77.3695	1184
13	9	0	0	0	0	64.7139	1185
13	9	0	0	0	0	78.3428	1186
14	9	0	0	0	0	74.5258	1187
14	9	0	0	0	0	81.1627	1188
14	9	0	0	0	0	75.4917	1189
14	10	0	0	0	0	80.2132	1190
13	10	0	0	0	0	76.2722	1191
13	10	0	0	0	0	82.5082	1192
13	10	0	0	0	0	78.1674	1193
13	10	0	0	0	0	74.6928	1194
13	10	0	0	0	0	78.0841	1195
12	11	0	0	0	0	72.9738	1196
12	11	0	0	0	0	74.0402	1197
12	12	0	0	0	0	70.6257	1198
12	12	0	0	0	0	75.7432	1199
12	12	0	0	0	0	73.0435	1200
12	11	0	0	0	0	78.0974	1201
12	11	0	0	0	0	72.6093	1202
12	11	0	0	0	0	82.2694	1203
12	11	0	0	0	0	74.5983	1204
11	11	0	0	0	0	68.0333	1205
11	10	0	0	0	0	76.7682	1206
11	10	0	0	0	0	71.5757	1207
11	10	0	0	0	0	72.1569	1208
11	10	0	0	0	0	71.1684	1209
11	10	0	0	0	0	68.826	1210
11	10	0	0	0	0	69.0756	1211
11	10	0	0	0	0	70.7394	1212
11	10	0	0	0	0	62.0239	1213
11	10	0	0	0	0	68.7747	1214
11	10	0	0	0	0	70.4142	1215
10	10	0	0	0	0	64.8442	1216
10	10	0	0	0	0	66.0709	1217
10	10	0	0	0	0	64.0278	1218
10	10	0	0	0	0	49.5088	1219
10	11	0	0	0	0	66.7377	1220
10	11	0	0	0	0	67.9113	1221
10	11	0	0	0	0	68.9993	1222
11	11	0	0	0	0	72.1484	1223
11	11	0	0	0	0	65.9276	1224
9	11	0	0	0	0	68.3477	1225
9	11	0	0	0	0	65.7669	1226
9	11	0	0	0	0	62.6447	1227
9	11	0	0	0	0	63.9538	1228
7	11	0	0	0	0	59.32	1229
7	11	0	0	0	0	59.0284	1230
7	11	0	0	0	0	49.6013	1231
7	11	0	0	0	0	57.2537	1232
7	11	0	0	0	0	50.4577	1233
7	11	0	0	0	0	52.7972	1234
5	11	0	0	0	0	49.4762	1235
5	11	0	0	0	0	56.6072	1236
5	11	0	0	0	0	57.1267	1237
5	11	0	0	0	0	56.2448	1238
5	12	0	0	0	0	42.1063	1239
5	12	0	0	0	0	53.116	1240
5	12	0	0	0	0	52.7835	1241
5	12	0	0	0	0	57.7271	1242
5	12	0	0	0	0	60.4037	1243
5	12	0	0	0	0	55.2871	1244
5	13	0	0	0	0	56.4797	1245
5	12	0	0	0	0	53.1142	1246
5	12	0	0	0	0	50.6982	1247
5	12	0	0	0	0	57.3768	1248
5	12	0	0	0	0	57.943	1249
6	12	0	0	0	0	58.1423	1250
7	12	0	0	0	0	60.4258	1251
7	12	0	0	0	0	62.7217	1252
7	12	0	0	0	0	65.9428	1253
7	12	0	0	0	0	62.9109	1254
7	15	0	0	0	0	66.3056	1255
7	15	0	0	0	0	60.4799	1256
7	15	0	0	0	0	65.1868	1257
7	15	0	0	0	0	69.5829	1258
7	15	0	0	0	0	72.2984	1259
7	15	0	0	0	0	68.4088	1260
7	15	0	0	0	0	68.4488	1261
5	15	0	0	0	0	67.8959	1262
5	15	0	0	0	0	65.4493	1263
5	15	0	0	0	0	62.4151	1264
5	15	0	0	0	0	63.5504	1265
5	15	0	0	0	0	64.6095	1266
5	15	0	0	0	0	67.9865	1267
5	15	0	0	0	0	71.5155	1268
5	15	0	0	0	0	69.0034	1269
5	15	0	0	0	0	56.3835	1270
5	15	0	0	0	0	65.1498	1271
5	15	0	0	0	0	64.2017	1272
5	15	0	0	0	0	62.9981	1273
5	15	0	0	0	0	67.6549	1274
5	15	0	0	0	0	55.3597	1275
5	15	0	0	0	0	64.8887	1276
5	14	0	0	0	0	63.9948	1277
5	14	0	0	0	0	51.4717	1278
5	14	0	0	0	0	52.4988	1279
5	13	0	0	0	0	56.4119	1280
5	13	0	0	0	0	56.0883	1281
4	13	0	0	0	0	52.215	1282
5	13	0	0	0	0	48.9586	1283
5	13	0	0	0	0	52.9365	1284
5	12	0	0	0	0	59.4501	1285
5	12	0	0	0	0	59.2579	1286
5	12	0	0	0	0	52.6817	1287
5	12	0	0	0	0	56.341	1288
5	12	0	0	0	0	47.564	1289
5	12	0	0	0	0	45.2486	1290
5	12	0	0	0	0	56.7429	1291
5	12	0	0	0	0	52.4742	1292
5	13	0	0.5	0	1	53.9564	1293
5	12	0	0.5	0	1	40.6775	1294
5	12	0	0.5	0	1	39.4714	1295
4	12	0	0.5	0	1	37.6696	1296
3	13	0	1	0	2	39.7863	1297
3	13	0	1	0	2	43.5134	1298
3	13	0	1	0	2	42.369	1299
2	12	0	1	0	2	39.4248	1300
2	12	0	1	0	2	38.0248	1301
2	12	0	1	0	2	29.4709	1302
2	11	0	1	0	2	35.0035	1303
2	11	0	1	0	2	41.5635	1304
2	11	0	1	0	2	39.1631	1305
2	11	0	1	0	2	34.69	1306
2	11	0	1	0	2	37.8188	1307
2	11	0	1	0	2	40.7087	1308
2	11	0	1	0	2	39.0888	1309
2	11	0	1	0	2	35.3843	1310
2	10	0	1	0	2	33.9686	1311
3	9	0	1	0	2	35.1931	1312
3	9	0	1	0	2	35.1929	1313
3	9	0	1	0	2	33.5459	1314
3	9	0	1	0	2	37.0255	1315
3	9	0	1	0	2	35.8172	1316
3	9	0	1	0	2	37.5746	1317
3	9	0	1	0	2	36.541	1318
3	9	0	1	0	2	36.8164	1319
3	9	0	1	0	2	36.0277	1320
3	9	0	1	0	2	39	1321
3	9	0	1	0	2	36.8611	1322
3	9	0	1	0	2	35.405	1323
3	9	0	1	0	2	38.7674	1324
3	11	0	1	0	2	32.9397	1325
3	11	0	1	0	2	35.3806	1326
3	11	0	1	0	2	37.6852	1327
3	11	0	1	0	2	37.1246	1328
3	10	0	1	0	2	40.8065	1329
3	10	0	1	0	2	44.7152	1330
3	10	0	1	0	2	40.1781	1331
3	10	0	1	0	2	43.6063	1332
3	11	0	0.5	0	1	37.1703	1333
3	11	0	0.5	0	1	41.3623	1334
3	13	0	0.5	0	1	47.3006	1335
4	13	0	0.5	0	1	48.4884	1336
4	13	0	0.5	0	1	53.6408	1337
4	13	0	0.5	0	1	55.66	1338
4	13	0	0.5	0	1	56.6127	1339
4	13	0	0.5	0	1	57.5693	1340
4	13	0	0.5	0	1	53.3729	1341
4	13	0	0.5	0	1	54.246	1342
4	13	0	0.5	0	1	60.2758	1343
6	13	0	0	0	0	56.7602	1344
6	13	0	0	0	0	56.3755	1345
6	13	0	0	0	0	53.116	1346
6	13	0	0	0	0	61.9826	1347
6	13	0	0	0	0	60.8772	1348
6	13	0	0	0	0	60.391	1349
6	13	0	0	0	0	61.4322	1350
6	13	0	0	0	0	67.6492	1351
6	13	0	0	0	0	65.0075	1352
6	13	0	0	0	0	58.6836	1353
7	14	0	0	0	0	52.934	1354
7	14	0	0	0	0	54.7721	1355
7	14	0	0	0	0	54.8704	1356
7	13	0	0	0	0	49.9535	1357
7	13	0	0	0	0	58.6836	1358
8	14	0	0	0	0	61.3423	1359
8	14	0	0	0	0	57.7878	1360
8	14	0	0	0	0	58.6721	1361
8	14	0	0	0	0	66.44	1362
8	14	0	0	0	0	52.2106	1363
8	14	0	0	0	0	60.318	1364
8	14	0	0	0	0	64.0846	1365
9	14	0	0	0	0	72.3696	1366
9	14	0	0	0	0	74.9331	1367
8	14	0	0	0	0	71.104	1368
8	14	0	0	0	0	71.3425	1369
8	13	0	0	0	0	67.2099	1370
8	14	0	0	0	0	72.089	1371
8	14	0	0	0	0	70.2765	1372
8	14	0	0	0	0	67.9179	1373
8	14	0	0	0	0	64.6944	1374
8	14	0	0	0	0	71.3763	1375
8	12	0	0	0	0	65.2658	1376
8	12	0	0	0	0	67.0732	1377
9	12	0	0	0	0	68.2412	1378
9	12	0	0	0	0	67.8984	1379
9	12	0	0	0	0	64.3444	1380
9	12	0	0	0	0	62.9195	1381
9	12	0	0	0	0	70.5047	1382
9	12	0	0	0	0	70.4193	1383
9	12	0	0	0	0	60.2259	1384
9	10	0	0	0	0	62.2944	1385
9	10	0	0	0	0	58.8302	1386
9	10	0	0	0	0	62.1553	1387
9	10	0	0	0	0	57.8517	1388
9	9	0	0	0	0	63.8549	1389
9	9	0	0	0	0	52.0105	1390
9	9	0	0	0	0	51.0001	1391
9	9	0	0	0	0	52.8337	1392
10	8	0	0	0	0	58.7114	1393
10	8	0	0	0	0	57.0349	1394
10	8	0.5	0	1	0	49.6794	1395
10	8	0.5	0	1	0	51.4546	1396
11	8	1	0	2	0	50.3798	1397
11	8	1	0	2	0	58.3527	1398
11	7	1	0	2	0	52.4967	1399
11	7	1	0	2	0	58.4368	1400
11	7	1	0	2	0	55.4397	1401
11	7	1	0	2	0	52.9365	1402
11	7	1	0	2	0	52.3489	1403
11	7	1	0	2	0	58.461	1404
11	7	1	0	2	0	63.1946	1405
11	7	1	0	2	0	54.8025	1406
12	9	1	0	2	0	60.669	1407
12	9	1	0	2	0	68.8104	1408
12	9	1	0	2	0	62.7841	1409
12	9	1	0	2	0	70.6207	1410
12	9	1	0	2	0	72.2915	1411
12	9	1	0	2	0	70.4431	1412
13	9	1	0	2	0	69.9964	1413
13	9	1	0	2	0	76.187	1414
13	9	1	0	2	0	66.5249	1415
13	9	1	0	2	0	73.1845	1416
13	10	1	0	2	0	79.7171	1417
13	10	1	0	2	0	77.6747	1418
13	10	1	0	2	0	76.0592	1419
13	10	1	0	2	0	73.7813	1420
13	10	1	0	2	0	72.5226	1421
14	10	1	0	2	0	78.8375	1422
14	10	1	0	2	0	84.1353	1423
14	10	1	0	2	0	73.3497	1424
14	10	1	0.5	2	1	84.4841	1425
14	10	1	0.5	2	1	81.3722	1426
13	10	1	0.5	2	1	73.8212	1427
13	10	1	0.5	2	1	81.6031	1428
13	10	1	0.5	2	1	78.0176	1429
13	10	1	0.5	2	1	76.5959	1430
13	10	1	0.5	2	1	76.2938	1431
13	10	1	0.5	2	1	74.1812	1432
12	10	1	0.5	2	1	76.4165	1433
12	10	1	0.5	2	1	74.8347	1434
12	9	1	0.5	2	1	71.8611	1435
12	9	1	0.5	2	1	65.4704	1436
12	9	1	0.5	2	1	73.8623	1437
12	9	1	0.5	2	1	71.1999	1438
13	9	1	0.5	2	1	73.652	1439
13	9	1	0.5	2	1	72.075	1440
13	9	1	0.5	2	1	73.7336	1441
13	9	1	0.5	2	1	68.7927	1442
13	10	1	0.5	2	1	60.313	1443
13	10	1	0.5	2	1	67.9423	1444
13	10	1	0.5	2	1	65.8023	1445
14	10	1	0.5	2	1	70.9458	1446
12	10	1	0.5	2	1	71.2537	1447
12	11	1	0.5	2	1	75.4338	1448
12	11	1	0.5	2	1	78.0197	1449
12	11	1	0.5	2	1	71.562	1450
12	11	1	0.5	2	1	79.5938	1451
12	11	0.5	0.5	1	1	75.2116	1452
12	11	0.5	0.5	1	1	79.145	1453
12	11	0.5	0.5	1	1	80.6336	1454
12	12	0.5	0.5	1	1	78.1096	1455
12	12	0.5	0.5	1	1	75.3341	1456
12	12	0.5	0.5	1	1	82.913	1457
12	12	0.5	0.5	1	1	74.4968	1458
12	12	0.5	0.5	1	1	77.8543	1459
12	12	0.5	0.5	1	1	79.6444	1460
12	12	0.5	0	1	0	74.661	1461
10	11	0.5	0	1	0	70.7686	1462
10	11	0.5	0	1	0	72.0405	1463
9	11	0	0	0	0	70.4243	1464
10	11	0	0	0	0	68.2295	1465
10	11	0	0	0	0	74.9644	1466
10	11	0	0	0	0	71.9688	1467
10	11	0	0	0	0	74.7995	1468
10	11	0	0	0	0	65.0155	1469
10	11	0	0	0	0	68.495	1470
10	10	0	0	0	0	66.2564	1471
10	10	0	0	0	0	65.5058	1472
10	10	0	0	0	0	70.7566	1473
10	10	0	0	0	0	64.7219	1474
10	10	0	0	0	0	68.1484	1475
10	10	0	0	0	0	66.6369	1476
10	10	0	0	0	0	65.508	1477
10	10	0	0	0	0	72.0034	1478
10	10	0	0	0	0	62.2388	1479
11	9	0	0	0	0	65.7761	1480
11	9	0	0	0	0	67.1121	1481
11	9	0	0	0	0	64.0784	1482
12	9	0	0	0	0	63.7461	1483
12	9	0	0	0	0	66.5064	1484
12	8	0	0	0	0	68.0542	1485
12	8	0	0	0	0	69.1331	1486
12	8	0	0	0	0	69.9851	1487
12	8	0	0	0	0	64.5519	1488
12	8	0	0	0	0	71.3158	1489
12	8	0	0	0	0	64.2986	1490
12	8	0	0	0	0	64.4413	1491
12	7	0	0	0	0	68.818	1492
12	7	0	0	0	0	62.9864	1493
11	7	0	0	0	0	56.0552	1494
13	8	0	0	0	0	62.9399	1495
13	8	0	0	0	0	63.387	1496
13	7	0	0	0	0	69.2339	1497
13	7	0	0	0	0	60.7513	1498
14	7	0	0	0	0	61.9422	1499
13	7	0	0	0	0	69.2875	1500
15	7	0	0	0	0	61.3585	1501
15	7	0	0	0	0	64.7413	1502
15	7	0	0	0	0	70.6029	1503
15	7	0	0	0	0	68.277	1504
15	7	0	0	0	0	72.0847	1505
15	7	0	0	0	0	63.6162	1506
15	7	0	0	0	0	78.417	1507
15	7	0	0	0	0	66.5977	1508
15	7	0	0	0	0	75.9413	1509
15	7	0	0	0	0	65.4683	1510
15	7	0	0	0	0	65.2102	1511
15	7	0	0	0	0	73.0694	1512
16	7	0	0	0	0	76.7776	1513
16	7	0	0	0	0	62.3229	1514
16	7	0	0	0	0	76.7776	1515
16	6	0	0	0	0	73.8167	1516
16	6	0	0	0	0	74.7191	1517
16	6	0	0	0	0	70.4848	1518
16	6	0	0	0	0	70.5103	1519
16	6	0	0	0	0	70.9648	1520
16	6	0	0	0	0	77.4423	1521
16	6	0	0	0	0	70.395	1522
16	6	0	0	0	0	72.1162	1523
16	5	0	0	0	0	65.8806	1524
16	5	0	0	0	0	69.9275	1525
16	5	0	0	0	0	74.5988	1526
16	5	0	0	0	0	67.727	1527
16	5	0	0	0	0	67.409	1528
16	6	0	0	0	0	72.4897	1529
16	6	0	0	0	0	73.3111	1530
16	6	0	0	0	0	69.112	1531
16	6	0	0	0	0	61.8172	1532
16	6	0	0	0	0	66.6338	1533
16	8	0	0	0	0	72.7658	1534
16	9	0	0	0	0	66.1517	1535
16	10	0	0	0	0	72.4172	1536
15	10	0	0	0	0	62.7617	1537
15	10	0	0	0	0	76.703	1538
15	10	0	0	0	0	84.0093	1539
15	11	0	0	0	0	81.9312	1540
15	11	0	0	0	0	78.0489	1541
16	10	0	0	0	0	74.467	1542
14	10	0	0	0	0	79.2356	1543
14	10	0	0	0	0	82.2862	1544
13	10	0	0	0	0	77.479	1545
13	10	0	0	0	0	77.4674	1546
12	10	0	0	0	0	68.3725	1547
12	10	0	0	0	0	80.5118	1548
12	10	0	0	0	0	70.5558	1549
12	10	0	0	0	0	67.9146	1550
12	10	0	0	0	0	78.2779	1551
12	10	0	0	0	0	79.9307	1552
12	10	0	0	0	0	66.1978	1553
12	10	0	0	0	0	66.8155	1554
12	10	0	0	0	0	60.1673	1555
12	10	0	0	0	0	65.3492	1556
12	10	0	0	0	0	66.9088	1557
12	9	0	0	0	0	68.3158	1558
12	9	0	0	0	0	66.3194	1559
12	9	0	0	0	0	70.3799	1560
11	9	0	0	0	0	73.0492	1561
11	9	0	0	0	0	68.5399	1562
11	9	0	0	0	0	70.555	1563
12	9	0	0	0	0	63.7282	1564
12	9	0	0	0	0	65.1639	1565
12	9	0	0	0	0	61.1669	1566
13	8	0	0	0	0	72.1368	1567
13	8	0	0	0	0	57.3202	1568
13	8	0	0	0	0	68.4156	1569
13	8	0	0	0	0	68.3657	1570
13	7	0	0	0	0	70.6883	1571
13	7	0	0	0	0	70.3158	1572
13	7	0	0	0	0	62.5146	1573
13	7	0	0	0	0	70.573	1574
13	7	0	0	0	0	72.5169	1575
13	7	0	0	0	0	69.6693	1576
13	7	0	0	0	0	72.7769	1577
13	7	0	0	0	0	66.5622	1578
13	7	0	0	0	0	60.8609	1579
13	9	0	0	0	0	71.6011	1580
13	9	0	0	0	0	67.8423	1581
13	9	0	0	0	0	75.9097	1582
13	9	0	0	0	0	75.138	1583
13	9	0	0	0	0	76.8698	1584
13	9	0	0	0	0	76.2167	1585
13	9	0	0	0	0	77.6197	1586
13	10	0	0	0	0	75.353	1587
13	11	0	0	0	0	74.3581	1588
12	11	0	0	0	0	68.086	1589
13	11	0	0	0	0	80.1304	1590
13	11	0	0	0	0	75.8475	1591
13	11	0	0	0	0	77.3635	1592
13	11	0	0	0	0	81.4094	1593
13	11	0	0	0	0	82.5607	1594
13	11	0	0	0	0	76.1372	1595
12	11	0	0	0	0	77.9714	1596
12	11	0	0	0	0	79.7377	1597
12	10	0	0	0	0	73.217	1598
11	10	0	0	0	0	66.3419	1599
11	10	0	0	0	0	69.126	1600
11	10	0	0	0	0	76.5727	1601
11	10	0	0	0	0	74.5462	1602
11	10	0	0	0	0	69.15	1603
11	10	0	0	0	0	72.7619	1604
11	10	0	0	0	0	72.5325	1605
11	10	0	0	0	0	76.2747	1606
11	10	0	0	0	0	66.8782	1607
11	10	0	0	0	0	74.5612	1608
11	10	0	0	0	0	69.5287	1609
11	10	0	0	0	0	74.5363	1610
11	10	0	0	0	0	70.1807	1611
10	10	0	0	0	0	68.8561	1612
10	10	0	0	0	0	65.3631	1613
10	10	0	0	0	0	72.2521	1614
10	10	0	0	0	0	63.0075	1615
10	10	0	0	0	0	67.8379	1616
10	10	0	0	0	0	73.1685	1617
10	10	0	0	0	0	52.8227	1618
10	9	0	0	0	0	56.9725	1619
10	9	0	0	0	0	62.6962	1620
10	9	0	0	0	0	66.365	1621
10	9	0	0	0	0	62.0924	1622
10	9	0	0	0	0	65.135	1623
10	9	0	0	0	0	65.1209	1624
10	8	0	0	0	0	64.1411	1625
10	8	0	0	0	0	52.3382	1626
10	6	0	0	0	0	50.2912	1627
10	7	0	0	0	0	54.5711	1628
11	7	0	0	0	0	51.551	1629
11	7	0	0	0	0	62.7709	1630
12	7	0	0	0	0	58.0773	1631
12	7	0	0	0	0	63.0436	1632
12	7	0	0	0	0	62.899	1633
12	7	0	0	0	0	60.854	1634
12	7	0	0	0	0	57.9028	1635
12	7	0	0	0	0	69.3363	1636
12	7	0	0	0	0	64.1805	1637
12	7	0	0	0	0	65.7076	1638
12	7	0	0	0	0	67.1207	1639
12	7	0	0	0	0	39.9537	1640
13	7	0	0	0	0	41.292	1641
13	7	0	0	0	0	42.8881	1642
14	7	0	0	0	0	43.5435	1643
14	7	0	0	0	0	41.6453	1644
11	7	0	0	0	0	40.5681	1645
11	6	0	0	0	0	40.2627	1646
11	6	0	0	0	0	37.4226	1647
11	6	0	0	0	0	44.0322	1648
11	6	0	0	0	0	33.3597	1649
11	6	0	0	0	0	33.9382	1650
10	6	0	0	0	0	32.2325	1651
10	6	0	0	0	0	35.9238	1652
10	6	0	0	0	0	43.7331	1653
11	5	0	0	0	0	37.9837	1654
11	5	0	0	0	0	39.4049	1655
11	5	0	0	0	0	42.1639	1656
11	5	0	0	0	0	41.2103	1657
11	5	0	0	0	0	43.404	1658
12	5	0	0	0	0	41.8673	1659
12	4	0	0	0	0	42.2548	1660
12	4	0	0	0	0	43.7694	1661
12	4	0	0	0	0	35.1675	1662
12	4	0	0	0	0	45.078	1663
13	4	0	0	0	0	50.9428	1664
13	4	0	0	0	0	50.5566	1665
13	4	0	0	0	0	55.9061	1666
13	6	0	0	0	0	56.8584	1667
13	6	0	0	0	0	61.3583	1668
15	6	0	0	0	0	61.2722	1669
15	6	0	0	0	0	68.2675	1670
15	6	0	0	0	0	72.2895	1671
15	6	0	0	0	0	63.6567	1672
15	6	0	0	0	0	72.489	1673
16	6	0	0	0	0	68.5079	1674
17	6	0	0	0	0	65.9839	1675
16	6	0	0	0	0	68.0159	1676
16	6	0	0	0	0	71.6759	1677
16	6	0	0	0	0	76.1978	1678
16	6	0	0	0	0	71.4769	1679
15	6	0	0	0	0	64.802	1680
15	6	0	0	0	0	65.1114	1681
14	6	0	0	0	0	70.1511	1682
15	6	0	0	0	0	59.878	1683
15	6	0	0	0	0	69.8515	1684
15	6	0	0	0	0	74.5639	1685
15	6	0	0	0	0	56.1782	1686
15	5	0	0	0	0	68.0371	1687
15	5	0	0	0	0	63.8649	1688
15	5	0	0	0	0	61.3786	1689
15	4	0	0	0	0	62.541	1690
15	4	0	0	0	0	61.7734	1691
15	4	0	0	0	0	64.0127	1692
15	4	0	0	0	0	59.0857	1693
15	4	0	0	0	0	62.9515	1694
15	4	0	0	0	0	55.8614	1695
15	4	0	0	0	0	59.9985	1696
16	5	0	0	0	0	62.7406	1697
16	5	0	0	0	0	62.0388	1698
17	5	0	0	0	0	54.9687	1699
17	5	0	0	0	0	60.0856	1700
17	5	0	0	0	0	49.6007	1701
16	5	0	0	0	0	65.5084	1702
17	5	0	0	0	0	70.2605	1703
17	5	0	0	0	0	72.9081	1704
16	5	0	0	0	0	61.3496	1705
16	5	0	0	0	0	66.2228	1706
16	5	0	0	0	0	68.5295	1707
16	5	0	0	0	0	76.6934	1708
16	5	0	0	0	0	72.1576	1709
16	5	0	0	0	0	71.8151	1710
16	5	0	0	0	0	72.7191	1711
17	5	0	0	0	0	71.3102	1712
17	5	0	0	0	0	68.4049	1713
17	5	0	0	0	0	70.9516	1714
17	5	0	0	0	0	64.9347	1715
17	5	0	0	0	0	69.5018	1716
16	5	0	0	0	0	50.2013	1717
16	5	0	0	0	0	60.9748	1718
16	5	0	0	0	0	55.3598	1719
16	5	0	0	0	0	73.0011	1720
17	5	0	0	0	0	64.7577	1721
17	5	0	0	0	0	67.5497	1722
17	4	0	0	0	0	70.9194	1723
17	4	0	0	0	0	67.6343	1724
17	5	0	0	0	0	64.9392	1725
17	5	0	0	0	0	72.1869	1726
17	5	0	0	0	0	64.1691	1727
17	5	0	0	0	0	70.9082	1728
17	6	0	0	0	0	64.5776	1729
17	6	0	0	0	0	77.7055	1730
17	6	0	0	0	0	79.2782	1731
17	6	0	0	0	0	80.1371	1732
17	6	0	0	0	0	74.3905	1733
17	6	0	0	0	0	78.1736	1734
17	6	0	0	0	0	81.1413	1735
17	6	0	0	0	0	71.7662	1736
17	6	0	0	0	0	74.1464	1737
17	5	0	0	0	0	80.094	1738
18	5	0	0	0	0	61.8863	1739
19	5	0	0	0	0	77.8747	1740
19	5	0	0	0	0	67.2451	1741
19	5	0	0	0	0	72.808	1742
19	5	0	0	0	0	81.1269	1743
19	5	0	0	0	0	78.15	1744
19	5	0	0	0	0	84.6484	1745
18	5	0	0	0	0	80.6427	1746
18	5	0	0	0	0	76.6282	1747
18	5	0	0	0	0	79.9021	1748
18	5	0	0	0	0	68.0178	1749
18	5	0	0	0	0	84.1697	1750
18	5	0	0	0	0	82.0367	1751
18	7	0	0	0	0	79.6549	1752
18	7	0	0	0	0	76.3114	1753
18	7	0	0	0	0	71.7636	1754
18	7	0	0	0	0	83.1934	1755
18	7	0	0	0	0	90.2738	1756
18	7	0	0	0	0	84.5705	1757
18	7	0	0	0	0	81.8566	1758
18	7	0	0	0	0	92.4695	1759
18	7	0	0	0	0	83.562	1760
19	7	0	0	0	0	83.0594	1761
19	7	0	0	0	0	96.8152	1762
19	7	0	0	0	0	94.1072	1763
19	7	0	0	0	0	96.7733	1764
19	7	0	0	0	0	86.1098	1765
19	7	0	0	0	0	84.5619	1766
19	6	0	0.5	0	1	86.4433	1767
18	6	0	0.5	0	1	87.9155	1768
18	6	0	0.5	0	1	80.6438	1769
18	6	0	0.5	0	1	84.5464	1770
19	8	0	0.5	0	1	74.5	1771
20	8	0	0.5	0	1	80.0782	1772
20	8	0	0.5	0	1	104.028	1773
20	8	0	0.5	0	1	97.103	1774
20	8	0	0.5	0	1	93.9344	1775
19	8	0	0.5	0	1	94.5934	1776
19	8	0	0.5	0	1	84.2634	1777
19	8	0	0.5	0	1	88.6525	1778
19	8	0	0.5	0	1	93.8088	1779
19	8	0	0.5	0	1	93.1744	1780
18	8	0	0.5	0	1	84.302	1781
18	8	0	0.5	0	1	84.209	1782
18	8	0	0.5	0	1	83.8936	1783
19	8	0	0.5	0	1	92.9413	1784
19	8	0	0.5	0	1	94.9749	1785
19	7	0	0.5	0	1	83.3951	1786
19	7	0	0.5	0	1	89.7874	1787
19	7	0	0.5	0	1	92.6388	1788
19	7	0	0.5	0	1	95.3062	1789
20	7	0	0.5	0	1	92.5854	1790
20	8	0	0.5	0	1	84.0074	1791
20	8	0	0.5	0	1	85.1506	1792
21	9	0	0.5	0	1	82.2543	1793
21	9	0	0.5	0	1	84.2145	1794
21	9	0	0.5	0	1	85.085	1795
21	9	0	0.5	0	1	79.5955	1796
21	9	0	0.5	0	1	80.673	1797
20	9	0	0.5	0	1	77.2592	1798
18	9	0	0.5	0	1	93.9811	1799
17	9	0	0.5	0	1	87.7371	1800
16	9	0	0.5	0	1	90.7993	1801
16	9	0	0.5	0	1	82.901	1802
16	9	0	0.5	0	1	87.0786	1803
17	9	0	0.5	0	1	89.0279	1804
17	9	0	0.5	0	1	80.4567	1805
17	9	0	0.5	0	1	86.4725	1806
17	9	0	0.5	0	1	93.4926	1807
17	9	0	0.5	0	1	79.0206	1808
17	9	0	0.5	0	1	81.7169	1809
17	9	0	0.5	0	1	87.1889	1810
17	9	0	0.5	0	1	89.9477	1811
17	9	0	0.5	0	1	93.5933	1812
17	9	0	0.5	0	1	86.845	1813
17	9	0	0.5	0	1	91.7748	1814
17	9	0	0.5	0	1	81.4947	1815
16	9	0	0.5	0	1	88.3498	1816
16	9	0	0.5	0	1	83.9917	1817
16	9	0	0.5	0	1	69.2409	1818
13	9	0	0.5	0	1	80.223	1819
13	9	0	0.5	0	1	64.1374	1820
13	9	0	0	0	0	81.162	1821
14	9	0	0	0	0	73.883	1822
14	10	0	0	0	0	73.0826	1823
13	10	0	0	0	0	74.9768	1824
12	10	0	0	0	0	75.5785	1825
13	10	0	0	0	0	73.8513	1826
14	10	0	0	0	0	73.1839	1827
14	8	0	0	0	0	69.7346	1828
14	8	0	0	0	0	69.1467	1829
14	8	0	0	0	0	75.569	1830
14	8	0	0	0	0	68.6538	1831
13	8	0	0	0	0	77.0744	1832
13	8	0	0	0	0	72.8105	1833
13	8	0	0	0	0	71.8475	1834
13	8	0	0	0	0	72.4652	1835
13	8	0	0	0	0	70.8364	1836
13	8	0	0	0	0	73.81	1837
13	8	0	0	0	0	65.9235	1838
13	8	0	0	0	0	66.7643	1839
13	8	0	0	0	0	68.2556	1840
13	7	0	0	0	0	66.1686	1841
13	7	0	0	0	0	70.4231	1842
13	7	0	0	0	0	70.4744	1843
13	7	0	0	0	0	65.8232	1844
13	7	0	0	0	0	56.7361	1845
13	7	0	0	0	0	62.2667	1846
13	7	0	0	0	0	71.0075	1847
14	7	0	0	0	0	72.3955	1848
14	8	0	0	0	0	59.4124	1849
15	8	0	0	0	0	65.3206	1850
15	8	0	0	0	0	79.2886	1851
15	8	0	0	0	0	69.8844	1852
14	10	0	0	0	0	67.961	1853
14	10	0	0	0	0	87.7761	1854
14	10	0	0	0	0	75.5431	1855
14	11	0	0	0	0	74.3397	1856
14	11	0	0	0	0	63.0411	1857
14	11	0	0	0	0	81.5209	1858
14	11	0	0	0	0	84.4615	1859
14	11	0	0	0	0	86.8594	1860
14	11	0	0	0	0	88.1318	1861
13	11	0	0	0	0	83.5263	1862
13	11	0	0	0	0	84.5408	1863
13	11	0	0	0	0	85.094	1864
13	11	0	0	0	0	75.8323	1865
13	11	0	0	0	0	69.9979	1866
12	11	0	0	0	0	74.6011	1867
13	11	0	0	0	0	81.6994	1868
13	11	0	0	0	0	84.0845	1869
13	11	0	0	0	0	85.6559	1870
13	11	0	0	0	0	81.6264	1871
13	11	0	0	0	0	80.4222	1872
13	11	0	0	0	0	71.592	1873
13	11	0	0	0	0	88.9956	1874
13	11	0	0	0	0	78.1662	1875
13	11	0.5	0	1	0	83.1868	1876
13	11	0.5	0	1	0	77.2515	1877
13	11	0.5	0	1	0	78.1365	1878
13	10	0.5	0	1	0	80.6967	1879
13	10	0.5	0	1	0	75.3898	1880
13	10	0.5	0	1	0	81.5114	1881
13	10	0.5	0	1	0	82.1853	1882
13	10	0.5	0	1	0	84.7121	1883
13	10	0.5	0	1	0	82.1853	1884
13	10	0.5	0	1	0	82.2311	1885
13	10	0.5	0	1	0	79.087	1886
13	10	0.5	0	1	0	82.3675	1887
13	10	0.5	0	1	0	80.9538	1888
14	10	0.5	0	1	0	75.4372	1889
14	10	0.5	0	1	0	87.2102	1890
14	11	0.5	0	1	0	79.3014	1891
14	11	1	0	2	0	62.1325	1892
14	11	1	0	2	0	81.4758	1893
14	11	1	0	2	0	80.1915	1894
14	11	1	0	2	0	81.1374	1895
14	11	1	0	2	0	88.1448	1896
14	11	1	0	2	0	86.5827	1897
13	11	1	0	2	0	66.0908	1898
13	11	1	0	2	0	79.8391	1899
12	11	1	0	2	0	70.0741	1900
12	11	1	0	2	0	62.313	1901
12	9	1	0	2	0	74.6195	1902
12	9	1	0	2	0	71.6912	1903
12	9	1	0	2	0	72.5071	1904
12	9	1	0	2	0	71.0125	1905
13	9	1	0	2	0	74.6187	1906
13	9	1	0	2	0	76.7627	1907
13	9	1	0	2	0	75.9915	1908
13	9	0.5	0	1	0	78.1701	1909
13	9	0.5	0	1	0	74.7502	1910
13	9	0.5	0	1	0	66.9329	1911
12	9	0.5	0	1	0	68.7454	1912
12	8	0.5	0	1	0	72.404	1913
12	8	0.5	0	1	0	66.8355	1914
12	8	0.5	0	1	0	56.8155	1915
12	8	0.5	0	1	0	69.5594	1916
12	8	0.5	0	1	0	61.3832	1917
14	8	0.5	0	1	0	55.1575	1918
13	8	0.5	0	1	0	53.6452	1919
13	8	0.5	0	1	0	54.8619	1920
13	7	0.5	0	1	0	56.2316	1921
12	6	0.5	0	1	0	55.1353	1922
12	6	0.5	0	1	0	60.4647	1923
12	6	0.5	1	1	2	58.9171	1924
12	8	0.5	1	1	2	51.4412	1925
11	8	0.5	2	1	4	66.2691	1926
11	8	0.5	2	1	4	64.3039	1927
11	8	0.5	2	1	4	64.3391	1928
11	8	0.5	2	1	4	62.13	1929
11	8	0.5	2	1	4	65.769	1930
11	8	0.5	2	1	4	61.5572	1931
12	8	0.5	2	1	4	62.0624	1932
11	8	0.5	2	1	4	58.4319	1933
11	8	0.5	2	1	4	69.4404	1934
11	8	0.5	2	1	4	49.5906	1935
11	7	0.5	2	1	4	63.0103	1936
11	7	0.5	2	1	4	60.547	1937
11	7	1	2	2	4	63.0061	1938
11	7	1	2	2	4	62.6106	1939
11	7	1	2	2	4	60.3078	1940
11	7	1	2	2	4	62.6192	1941
11	7	1	2	2	4	57.8463	1942
11	7	1	2	2	4	57.6887	1943
11	7	1	2	2	4	60.8434	1944
11	7	1	2	2	4	60.1837	1945
11	7	1	2	2	4	50.8736	1946
10	7	1	2	2	4	59.1167	1947
10	7	1	2	2	4	61.298	1948
10	7	1	2	2	4	58.8481	1949
10	7	1	2	2	4	55.3423	1950
10	7	1	2	2	4	57.268	1951
10	7	1	2.5	2	5	55.895	1952
10	8	1	2.5	2	5	56.3125	1953
11	8	1	2.5	2	5	56.3564	1954
12	8	1	2.5	2	5	53.0329	1955
13	8	1	2.5	2	5	65.9484	1956
13	8	1	2.5	2	5	55.797	1957
12	8	1	2.5	2	5	62.9351	1958
12	8	1	2.5	2	5	63.1856	1959
12	8	1	2.5	2	5	72.1206	1960
12	8	1	2.5	2	5	65.8539	1961
12	8	1	2.5	2	5	69.7234	1962
12	8	1	2.5	2	5	66.7176	1963
12	8	1	2.5	2	5	67.7411	1964
12	8	1	2.5	2	5	60.7924	1965
12	8	1	2.5	2	5	72.3372	1966
12	9	1	2.5	2	5	66.0152	1967
12	12	1	2	2	4	75.3658	1968
12	12	1	2	2	4	80.2859	1969
12	12	1	2	2	4	75.4565	1970
12	12	1	2	2	4	76.1554	1971
12	13	1	2	2	4	77.9325	1972
12	12	1	2	2	4	76.3914	1973
13	12	1	2	2	4	69.6255	1974
13	12	1	2	2	4	76.1032	1975
10	12	0.5	2	1	4	71.5437	1976
10	12	0.5	2	1	4	76.361	1977
11	12	0.5	1.5	1	3	74.9876	1978
11	12	0.5	1.5	1	3	56.2302	1979
12	12	0.5	1.5	1	3	71.3804	1980
12	12	0.5	1.5	1	3	83.9089	1981
12	12	0.5	1	1	2	58.4126	1982
12	12	0.5	1	1	2	78.7743	1983
13	12	0.5	1	1	2	84.8533	1984
13	11	0.5	1	1	2	79.9917	1985
13	11	0.5	1	1	2	77.5139	1986
13	11	0.5	0.5	1	1	76.9762	1987
13	11	0.5	0.5	1	1	82.483	1988
13	11	0.5	0.5	1	1	83.15	1989
13	11	0.5	0.5	1	1	82.1277	1990
13	11	0.5	0.5	1	1	84.9606	1991
13	11	0.5	0.5	1	1	72.3973	1992
13	10	0.5	0.5	1	1	74.4304	1993
13	10	0.5	0.5	1	1	71.3422	1994
14	10	0.5	0.5	1	1	63.3942	1995
14	10	0.5	0.5	1	1	74.7273	1996
14	10	0.5	0.5	1	1	74.4309	1997
14	10	0.5	0.5	1	1	68.9059	1998
14	10	0.5	0.5	1	1	71.3422	1999
14	10	0.5	0.5	1	1	65.2541	2000
14	10	0.5	0.5	1	1	67.163	2001
14	10	0.5	0.5	1	1	69.582	2002
14	9	0.5	0.5	1	1	53.8515	2003
14	8	0.5	0.5	1	1	66.8136	2004
14	8	0.5	0.5	1	1	76.5705	2005
14	7	0.5	0.5	1	1	64.5439	2006
14	6	0.5	0.5	1	1	63.1613	2007
14	6	0.5	0.5	1	1	72.9043	2008
15	6	0.5	0.5	1	1	71.3518	2009
15	6	0.5	0.5	1	1	67.3703	2010
15	6	0.5	0.5	1	1	71.9251	2011
15	7	0.5	0.5	1	1	76.3435	2012
15	9	0.5	0.5	1	1	75.0578	2013
16	9	0.5	0.5	1	1	77.67	2014
16	9	0.5	0.5	1	1	84.7575	2015
16	10	0.5	0.5	1	1	82.0563	2016
16	10	0.5	0.5	1	1	85.7503	2017
16	10	0.5	0.5	1	1	84.2653	2018
16	10	0.5	0.5	1	1	88.2999	2019
16	10	0	0.5	0	1	86.9783	2020
15	10	0	0.5	0	1	79.8396	2021
15	10	0	0.5	0	1	74.8817	2022
15	10	0	0.5	0	1	85.062	2023
15	10	0	0.5	0	1	81.7931	2024
15	10	0	0.5	0	1	84.1957	2025
14	10	0	0.5	0	1	84.7702	2026
14	10	0	0.5	0	1	83.9865	2027
14	10	0	0.5	0	1	84.1591	2028
14	10	0	0.5	0	1	82.7254	2029
14	10	0	0.5	0	1	86.207	2030
14	10	0	0.5	0	1	80.8984	2031
16	10	0	0.5	0	1	78.7016	2032
17	10	0	0.5	0	1	78.2664	2033
17	10	0	0.5	0	1	78.7547	2034
17	10	0	0.5	0	1	91.3106	2035
16	10	0	0.5	0	1	76.6546	2036
16	10	0	0.5	0	1	95.6146	2037
16	10	0	0.5	0	1	93.5857	2038
16	10	0	0.5	0	1	92.5652	2039
17	10	0	0.5	0	1	84.9672	2040
17	10	0	0	0	0	82.8799	2041
18	10	0	0	0	0	85.6806	2042
18	10	0	0	0	0	99.0901	2043
18	10	0	0	0	0	96.4788	2044
18	10	0	0	0	0	87.9634	2045
18	10	0	0	0	0	94.1686	2046
18	10	0	0	0	0	93.6102	2047
18	10	0	0	0	0	89.0681	2048
18	10	0	0	0	0	97.086	2049
18	10	0	0	0	0	93.3534	2050
18	9	0	0	0	0	93.027	2051
18	9	0	0	0	0	96.0466	2052
18	9	0	0	0	0	87.1997	2053
18	9	0	0	0	0	95.0472	2054
18	9	0	0	0	0	85.8231	2055
18	9	0	0	0	0	89.6966	2056
18	9	0	0	0	0	79.5847	2057
18	9	0	0	0	0	92.6641	2058
18	9	0	0	0	0	92.296	2059
18	9	0	0	0	0	75.2665	2060
18	9	0	0	0	0	91.5276	2061
18	9	0	0	0	0	87.0784	2062
18	8	0	0	0	0	90.5331	2063
18	8	0	0	0	0	89.6867	2064
18	8	0	0	0	0	85.635	2065
18	8	0	0	0	0	80.6109	2066
19	8	0	0	0	0	74.1998	2067
17	7	0	0	0	0	77.1988	2068
17	7	0	0	0	0	79.3786	2069
18	8	0	0	0	0	79.8272	2070
18	8	0	0	0	0	92.822	2071
17	8	0	0	0	0	88.7871	2072
17	8	0	0	0	0	89.6679	2073
17	8	0	0	0	0	74.4019	2074
17	6	0	0	0	0	78.321	2075
17	6	0	0	0	0	78.0789	2076
17	6	0	0	0	0	79.7936	2077
17	5	0	0	0	0	70.1909	2078
17	5	0	0	0	0	63.3739	2079
17	5	0	0	0	0	80.6359	2080
17	5	0	0	0	0	77.4176	2081
17	6	0	0	0	0	79.0882	2082
17	7	0	0	0	0	75.0369	2083
17	7	0	0	0	0	77.823	2084
18	7	0	0	0	0	72.2839	2085
17	7	0	0	0	0	80.0929	2086
17	9	0	0	0	0	83.2451	2087
17	12	0	0	0	0	95.7845	2088
17	12	0	0	0	0	92.3862	2089
17	13	0	0	0	0	91.7304	2090
17	13	0	0	0	0	96.3516	2091
17	13	0	0	0	0	91.8306	2092
17	13	0	0	0	0	95.9463	2093
16	13	0	0	0	0	92.1211	2094
15	14	0	0	0	0	96.5812	2095
14	15	0	0	0	0	85.133	2096
12	16	0	0	0	0	99.7129	2097
12	16	0	0	0	0	90.6097	2098
12	16	0	0	0	0	92.0099	2099
12	16	0	0	0	0	95.9808	2100
11	16	0	0	0	0	96.4142	2101
11	16	0	0	0	0	93.604	2102
11	15	0	0	0	0	96.3739	2103
11	15	0	0	0	0	92.2885	2104
11	15	0	0	0	0	88.3668	2105
11	15	0	0	0	0	88.0126	2106
11	15	0	0	0	0	90.9858	2107
11	16	0	0	0	0	96.7256	2108
11	16	0	0	0	0	88.7307	2109
11	16	0	0	0	0	92.3125	2110
11	16	0	0	0	0	95.914	2111
11	16	0	0	0	0	94.7082	2112
11	16	0	0	0	0	89.5968	2113
11	16	0	0	0	0	95.8519	2114
11	16	0	0	0	0	81.1201	2115
12	16	0	0	0	0	84.3564	2116
10	15	0	0	0	0	92.9334	2117
10	15	0	0	0	0	76.8578	2118
10	15	0	0	0	0	82.6646	2119
10	15	0	0	0	0	86.03	2120
10	15	0	0	0	0	88.4181	2121
10	14	0	0	0	0	83.3719	2122
10	13	0	0	0	0	82.3031	2123
10	13	0	0	0	0	74.2544	2124
10	13	0	0	0	0	84.8647	2125
10	13	0	0	0	0	82.1171	2126
11	13	0	0	0	0	74.6869	2127
12	13	0	0	0	0	85.0173	2128
12	13	0	0	0	0	85.2046	2129
11	13	0	0	0	0	58.7932	2130
11	13	0	0	0	0	79.1634	2131
13	13	0	0	0	0	86.0036	2132
13	13	0	0	0	0	90.0639	2133
13	13	0	0	0	0	79.0818	2134
13	13	0	0	0	0	83.4346	2135
13	13	0	0	0	0	94.9757	2136
13	13	0	0	0	0	92.4952	2137
13	13	0	0	0	0	91.2092	2138
13	13	0	0	0	0	84.621	2139
13	13	0	0	0	0	91.8913	2140
13	13	0	0	0	0	97.296	2141
13	13	0	0	0	0	91.1554	2142
13	13	0	0	0	0	83.3818	2143
14	13	0	0	0	0	96.7732	2144
14	13	0	0	0	0	94.6256	2145
14	13	0	0	0	0	95.6407	2146
14	13	0	0	0	0	90.1856	2147
14	13	0	0	0	0	93.6838	2148
14	13	0	0	0	0	88.573	2149
14	13	0	0	0	0	88.7372	2150
14	13	0	0	0	0	87.461	2151
14	13	0	0	0	0	91.7893	2152
14	13	0	0	0	0	96.2362	2153
14	13	0	0	0	0	89.694	2154
14	13	0	0	0	0	95.3693	2155
14	13	0	0	0	0	89.3993	2156
14	13	0	0	0	0	82.1017	2157
14	13	0	0	0	0	88.1743	2158
13	13	0	0	0	0	84.8918	2159
13	13	0	0	0	0	89.2218	2160
13	13	0	0	0	0	92.9118	2161
13	13	0	0	0	0	92.3275	2162
13	13	0	0	0	0	79.0029	2163
13	12	0	0	0	0	86.1883	2164
13	12	0	0	0	0	86.5949	2165
14	12	0	0	0	0	87.1502	2166
14	11	0	0	0	0	74.8826	2167
15	11	0	0	0	0	82.5738	2168
15	11	0	0	0	0	83.8806	2169
15	11	0	0	0	0	84.8228	2170
15	11	0	0	0	0	94.9765	2171
15	11	0	0	0	0	85.0621	2172
15	12	0	0	0	0	89.9514	2173
17	12	0	0	0	0	98.5225	2174
17	12	0	0	0	0	94.2052	2175
17	12	0	0	0	0	97.4934	2176
17	12	0	0	0	0	94.8208	2177
17	12	0	0	0	0	102.576	2178
17	12	0	0	0	0	102.499	2179
17	12	0	0	0	0	90.8734	2180
17	12	0	0	0	0	83.4133	2181
14	12	0	0	0	0	73.4741	2182
13	12	0	0	0	0	85.8937	2183
13	12	0	0	0	0	86.6325	2184
13	12	0	0	0	0	89.5454	2185
13	12	0	0	0	0	82.5523	2186
13	11	0	0	0	0	88.3575	2187
13	11	0	0	0	0	84.6103	2188
13	11	0	0	0	0	72.9722	2189
13	11	0	0	0	0	78.2721	2190
13	11	0	0	0	0	79.5278	2191
13	10	0	0	0	0	80.0427	2192
13	10	0	0	0	0	51.2523	2193
13	8	0	0	0	0	71.1917	2194
13	8	0	0	0	0	66.7787	2195
13	8	0	0	0	0	71.3377	2196
13	9	0	0	0	0	76.3052	2197
14	9	0	0	0	0	65.7114	2198
14	9	0	0	0	0	75.8449	2199
14	9	0	0	0	0	70.716	2200
14	9	0	0	0	0	76.2003	2201
14	9	0	0	0	0	75.6218	2202
14	8	0	0	0	0	78.3579	2203
14	8	0	0	0	0	78.508	2204
14	8	0	0	0	0	68.991	2205
14	8	0	0	0	0	78.241	2206
14	8	0	0	0	0	76.7783	2207
14	8	0	0	0	0	78.5448	2208
14	8	0	0	0	0	76.5808	2209
14	8	0	0	0	0	73.7731	2210
14	8	0	0	0	0	79.0578	2211
14	8	0	0	0	0	73.4427	2212
14	8	0	0	0	0	74.4457	2213
14	7	0	0	0	0	67.5352	2214
14	7	0	0	0	0	73.9939	2215
14	7	0	0	0	0	71.8575	2216
14	7	0	0	0	0	70.9714	2217
14	7	0	0	0	0	76.9407	2218
14	7	0	0	0	0	64.9307	2219
13	7	0	0	0	0	68.38	2220
13	7	0	0	0	0	69.331	2221
13	7	0	0	0	0	61.3569	2222
13	7	0	0	0	0	72.4685	2223
13	7	0	0	0	0	70.2145	2224
13	7	0	0	0	0	67.5998	2225
13	7	0	0	0	0	67.3668	2226
13	9	0	0	0	0	65.1981	2227
13	9	0	0	0	0	68.0423	2228
13	9	0	0	0	0	69.6466	2229
13	8	0	0	0	0	63.3794	2230
13	8	0	0	0	0	63.4831	2231
13	8	0	0	0	0	50.0676	2232
13	7	0	0	0	0	51.1026	2233
13	7	0	0	0	0	50.4097	2234
12	7	0	0	0	0	50.5701	2235
12	7	0	0	0	0	48.0868	2236
12	7	0	0	0	0	43.885	2237
12	6	0	0	0	0	53.2231	2238
12	6	0	0	0	0	50.6808	2239
12	5	0	0	0	0	47.4167	2240
12	5	0	0	0	0	51.2194	2241
12	5	0	0	0	0	49.2262	2242
11	5	0	0	0	0	47.3514	2243
11	5	0	0	0	0	49.715	2244
11	4	0	0	0	0	52.5525	2245
11	4	0	0	0	0	53.7682	2246
11	4	0	0	0	0	48.0162	2247
11	4	0	0	0	0	49.1428	2248
11	4	0	0	0	0	53.4284	2249
11	4	0	0	0	0	53.1837	2250
11	4	0	0	0	0	48.5349	2251
11	4	0	0	0	0	48.6779	2252
11	4	0	0	0	0	53.4794	2253
11	4	0	0	0	0	49.5941	2254
11	4	0	0	0	0	51.2413	2255
12	4	0	0	0	0	45.8722	2256
12	6	0	0	0	0	52.6515	2257
12	6	0	0	0	0	65.0895	2258
12	6	0	0	0	0	64.4738	2259
12	6	0	0	0	0	61.4398	2260
12	6	0	0	0	0	55.9378	2261
12	6	0	0	0	0	62.7699	2262
12	6	0	0	0	0	54.5586	2263
12	6	0	0	0	0	57.8461	2264
12	6	0	0	0	0	56.8008	2265
10	6	0	0	0	0	53.0752	2266
10	6	0	0	0	0	50.6275	2267
10	6	0	0	0	0	56.4885	2268
10	6	0	0	0	0	52.743	2269
9	6	0	0	0	0	47.9844	2270
9	7	0	0	0	0	51.9075	2271
9	7	0	0	0	0	45.6502	2272
10	6	0	0	0	0	46.5909	2273
9	6	0	0	0	0	44.9004	2274
9	6	0	0	0	0	45.6384	2275
9	6	0	0	0	0	41.6942	2276
9	6	0	0	0	0	44.7686	2277
8	7	0	0	0	0	28.0204	2278
6	5	0	0	0	0	27.1404	2279
6	5	0	0	0	0	26.8306	2280
6	5	0	0	0	0	36.8818	2281
6	5	0	0	0	0	36.1653	2282
6	6	0	0	0	0	35.7592	2283
7	6	0	0	0	0	39.2155	2284
8	6	0	0	0	0	40.983	2285
8	6	0	0	0	0	48.63	2286
8	6	0	0	0	0	39.5747	2287
8	6	0	0	0	0	41.924	2288
8	6	0	0	0	0	45.144	2289
8	6	0	0	0	0	35.8485	2290
8	6	0	0	0	0	44.9837	2291
8	5	0	0	0	0	44.1191	2292
8	5	0	0	0	0	34.2694	2293
8	5	0	0	0	0	39.1546	2294
8	5	0	0	0	0	41.1747	2295
8	5	0	0	0	0	45.2802	2296
8	5	0	0	0	0	40.5686	2297
8	5	0	0	0	0	40.5362	2298
8	5	0	0	0	0	40.5125	2299
8	5	0	0	0	0	40.3465	2300
8	5	0	0	0	0	45.0708	2301
8	5	0	0.5	0	1	35.1572	2302
8	5	0	0.5	0	1	40.4431	2303
8	5	0	0.5	0	1	40.5125	2304
8	5	0	0.5	0	1	43.54	2305
8	5	0	0.5	0	1	36.7726	2306
8	5	0	0.5	0	1	37.3629	2307
7	5	0	0.5	0	1	39.5804	2308
7	5	0	0.5	0	1	31.3115	2309
7	5	0	0.5	0	1	34.9291	2310
6	6	0	0.5	0	1	35.2198	2311
6	6	0	0.5	0	1	35.8481	2312
6	6	0	0.5	0	1	37.5631	2313
6	6	0	0.5	0	1	38.6074	2314
6	6	0	0.5	0	1	26.7574	2315
4	6	0	0.5	0	1	29.1605	2316
5	6	0	0.5	0	1	31.4778	2317
5	6	0	0.5	0	1	34.5903	2318
5	6	0	0.5	0	1	25.7937	2319
6	6	0	0.5	0	1	34.6757	2320
6	6	0.5	0.5	1	1	39.4448	2321
6	6	0.5	0.5	1	1	32.2752	2322
6	6	0.5	0.5	1	1	37.6508	2323
6	6	0.5	0.5	1	1	36.604	2324
6	6	0.5	0.5	1	1	38.1182	2325
7	6	0.5	0.5	1	1	39.1514	2326
7	6	0.5	0.5	1	1	38.9946	2327
7	6	0.5	0.5	1	1	33.1377	2328
7	6	0.5	0.5	1	1	39.2619	2329
7	6	0.5	0.5	1	1	38.2623	2330
7	6	0.5	0.5	1	1	35.9831	2331
7	6	0.5	0.5	1	1	38.9946	2332
7	6	0.5	0.5	1	1	38.1735	2333
7	6	0.5	0.5	1	1	34.9364	2334
7	6	0.5	0.5	1	1	38.4985	2335
7	7	0.5	0.5	1	1	39.0229	2336
7	7	0.5	0.5	1	1	41.517	2337
7	7	0.5	0.5	1	1	41.6165	2338
7	7	0.5	0.5	1	1	36.5878	2339
7	7	0.5	0.5	1	1	46.4501	2340
7	9	0.5	0.5	1	1	45.8623	2341
7	9	0.5	0.5	1	1	42.1022	2342
7	9	0.5	0.5	1	1	44.4728	2343
7	9	0.5	0.5	1	1	54.639	2344
7	9	0.5	0.5	1	1	44.0818	2345
7	9	0.5	0.5	1	1	56.2936	2346
7	9	0.5	0.5	1	1	52.595	2347
8	9	0.5	0	1	0	55.8918	2348
8	9	0.5	0	1	0	56.6641	2349
8	9	0.5	0	1	0	49.3467	2350
8	12	0.5	0	1	0	59.3947	2351
8	12	0.5	0	1	0	55.9349	2352
8	12	0.5	0	1	0	64.486	2353
8	12	0.5	0	1	0	68.1847	2354
8	12	0.5	0	1	0	60.5734	2355
9	12	0.5	0	1	0	65.5649	2356
9	12	0.5	0	1	0	66.517	2357
9	12	0.5	0	1	0	73.2433	2358
9	12	0.5	0	1	0	71.9487	2359
9	12	0.5	0	1	0	61.7256	2360
9	11	0.5	0	1	0	66.8392	2361
9	11	0.5	0	1	0	63.7616	2362
9	11	0.5	0	1	0	67.9744	2363
9	11	0.5	0	1	0	70.2516	2364
9	11	0.5	0	1	0	63.0372	2365
9	11	0.5	0	1	0	59.5773	2366
9	12	0.5	0	1	0	72.159	2367
9	12	0.5	0	1	0	72.633	2368
9	12	0.5	0	1	0	73.0934	2369
9	12	0.5	0	1	0	73.7457	2370
9	12	0.5	0	1	0	73.4374	2371
9	12	0.5	0	1	0	67.0377	2372
9	12	0.5	0	1	0	72.1926	2373
9	14	0.5	0	1	0	75.8461	2374
9	14	0	0	0	0	71.276	2375
9	14	0	0	0	0	72.0791	2376
9	14	0	0	0	0	84.2961	2377
9	15	0	0	0	0	70.3101	2378
9	15	0	0	0	0	79.0963	2379
9	15	0	0	0	0	78.8272	2380
9	16	0	0	0	0	81.2904	2381
9	16	0	0	0	0	84.7762	2382
8	16	0	0	0	0	86.1086	2383
8	16	0	0	0	0	82.2658	2384
8	16	0	0	0	0	86.3653	2385
8	16	0	0	0	0	86.1932	2386
8	16	0	0	0	0	78.6316	2387
8	15	0	0	0	0	84.7137	2388
8	15	0	0	0	0	70.1832	2389
8	15	0	0	0	0	71.4475	2390
8	15	0	0	0	0	64.2623	2391
8	14	0	0	0	0	69.181	2392
8	14	0	0	0	0	63.9491	2393
8	14	0	0	0	0	65.3486	2394
8	13	0	0	0	0	69.019	2395
8	12	0	0	0	0	47.1244	2396
8	13	0	0	0	0	68.2734	2397
8	13	0	0	0	0	64.9767	2398
8	13	0	0	0	0	64.547	2399
7	13	0	0	0	0	64.3528	2400
7	13	0	0	0	0	64.7654	2401
7	13	0	0	0	0	66.8332	2402
7	13	0	0	0	0	65.605	2403
7	13	0	0	0	0	67.0024	2404
7	13	0	0	0	0	66.6876	2405
6	13	0	0	0	0	69.2591	2406
6	13	0	0	0	0	57.3418	2407
6	13	0	0	0	0	65.7092	2408
6	13	0	0	0	0	69.2418	2409
6	13	0	0	0	0	62.351	2410
6	13	0	0	0	0	62.6914	2411
6	13	0	0	0	0	60.1658	2412
6	13	0	0.5	0	1	64.3041	2413
6	13	0	0.5	0	1	61.4833	2414
6	12	0	0.5	0	1	59.1441	2415
6	12	0	0.5	0	1	61.2775	2416
6	12	0	0.5	0	1	53.0964	2417
6	12	0	0.5	0	1	59.5791	2418
6	12	0	0.5	0	1	54.3141	2419
6	11	0	0.5	0	1	53.6418	2420
6	11	0	0.5	0	1	60.4424	2421
6	11	0	0.5	0	1	57.5344	2422
6	11	0	0.5	0	1	54.8916	2423
6	11	0	0.5	0	1	49.8519	2424
6	11	0	0.5	0	1	57.1005	2425
6	10	0.5	0.5	1	1	42.9828	2426
7	10	0.5	0.5	1	1	45.336	2427
7	10	0.5	0.5	1	1	44.1508	2428
6	10	0.5	0.5	1	1	39.0183	2429
6	10	0.5	0.5	1	1	47.9443	2430
7	10	0.5	0.5	1	1	53.6152	2431
7	10	0.5	0.5	1	1	54.2513	2432
7	10	0.5	0.5	1	1	44.0301	2433
6	10	0.5	0.5	1	1	51.3387	2434
5	10	0.5	0.5	1	1	50.0854	2435
5	10	0.5	0.5	1	1	50.8507	2436
5	10	0.5	0.5	1	1	44.656	2437
5	10	0.5	0.5	1	1	39.7443	2438
5	10	0.5	0.5	1	1	44.0423	2439
6	10	0.5	0.5	1	1	44.569	2440
6	9	0.5	0.5	1	1	42.3166	2441
6	9	0.5	0.5	1	1	38.9586	2442
6	9	0.5	0.5	1	1	43.9869	2443
6	9	0.5	0.5	1	1	40.8859	2444
6	9	0.5	0.5	1	1	38.1665	2445
6	9	0.5	0.5	1	1	39.9213	2446
6	9	0.5	0.5	1	1	51.5134	2447
6	9	0.5	0.5	1	1	47.6422	2448
6	9	0.5	0.5	1	1	52.2019	2449
6	9	0.5	0.5	1	1	51.2456	2450
6	9	0.5	0.5	1	1	43.137	2451
6	11	0.5	0.5	1	1	40.968	2452
6	10	0.5	0.5	1	1	42.8512	2453
6	10	0.5	0.5	1	1	37.2762	2454
6	9	0.5	0.5	1	1	34.6424	2455
6	9	0.5	0.5	1	1	46.7787	2456
6	9	0.5	0.5	1	1	41.3681	2457
6	8	0.5	0.5	1	1	46.6509	2458
6	8	0.5	0.5	1	1	38.512	2459
6	8	0.5	0.5	1	1	48.7261	2460
6	8	0.5	0.5	1	1	44.5248	2461
6	9	0.5	0.5	1	1	47.6685	2462
6	9	0.5	0.5	1	1	48.1685	2463
6	9	0.5	0.5	1	1	45.775	2464
7	9	0.5	0.5	1	1	34.4078	2465
7	9	0.5	0.5	1	1	47.0471	2466
7	9	0.5	0.5	1	1	43.5055	2467
8	9	0.5	0.5	1	1	41.5423	2468
8	9	0	0.5	0	1	39.7875	2469
7	8	0	0.5	0	1	41.0955	2470
6	8	0	0.5	0	1	39.1026	2471
6	8	0	0.5	0	1	43.5758	2472
6	8	0	0.5	0	1	40.4215	2473
6	8	0	0.5	0	1	35.1596	2474
6	8	0	0.5	0	1	45.1545	2475
6	8	0	0.5	0	1	45.0452	2476
6	7	0	0.5	0	1	36.3336	2477
6	7	0	0	0	0	44.7466	2478
6	7	0	0	0	0	43.4032	2479
6	7	0	0	0	0	45.3747	2480
6	7	0	0	0	0	37.6119	2481
6	7	0	0	0	0	41.2194	2482
6	6	0	0	0	0	39.3066	2483
6	7	0	0	0	0	41.5141	2484
6	7	0	0	0	0	41.3959	2485
6	7	0	0	0	0	45.2105	2486
6	8	0	0	0	0	41.5141	2487
6	8	0	0	0	0	37.1822	2488
6	8	0	0	0	0	41.5141	2489
6	8	0	0	0	0	36.0735	2490
7	8	0	0	0	0	41.5639	2491
7	8	0	0	0	0	28.5424	2492
7	7	0	0	0	0	37.3532	2493
7	7	0	0	0	0	31.6181	2494
7	7	0	0	0	0	44.0046	2495
7	7	0	0	0	0	44.5452	2496
7	7	0	0	0	0	33.2444	2497
5	7	0	0	0	0	27.3756	2498
5	6	0	0	0	0	37.4881	2499
5	6	0	0	0	0	35.8982	2500
5	6	0	0	0	0	33.7599	2501
5	6	0	0	0	0	34.7372	2502
5	6	0	0	0	0	33.8552	2503
5	6	0	0	0	0	33.9214	2504
5	6	0	0	0	0	37.5337	2505
5	6	0	0	0	0	31.2145	2506
5	6	0	0	0	0	35.3594	2507
5	6	0	0	0	0	32.2398	2508
5	6	0	0	0	0	35.8526	2509
5	6	0	0	0	0	35.2193	2510
5	6	0	0	0	0	37.3519	2511
5	7	0	0	0	0	37.1064	2512
5	7	0	0	0	0	39.7848	2513
5	7	0	0	0	0	27.8072	2514
5	7	0	0	0	0	31.2054	2515
5	7	0	0	0	0	37.2275	2516
5	7	0	0	0	0	39.1983	2517
5	7	0	0	0	0	31.3056	2518
4	7	0	0	0	0	35.935	2519
4	7	0	0	0	0	37.4266	2520
4	7	0	0	0	0	36.8768	2521
4	7	0	0	0	0	31.3581	2522
4	7	0	0	0	0	37.369	2523
4	7	0	0	0	0	34.4857	2524
4	7	0	0	0	0	31.1111	2525
4	7	0	0	0	0	30.9784	2526
4	7	0	0	0	0	34.6602	2527
4	7	0	0	0	0	31.7172	2528
4	7	0	0	0	0	26.139	2529
4	7	0	0	0	0	30.9466	2530
4	7	0	0	0	0	34.354	2531
4	7	0	0	0	0	33.1988	2532
4	7	0.333333	0	1	0	35.9762	2533
4	7	0.333333	0	1	0	26.525	2534
4	7	0.333333	0	1	0	27.8158	2535
4	7	0.333333	0.333333	1	1	27.8158	2536
3	6	0.333333	0.333333	1	1	25.2796	2537
3	6	0.333333	0.333333	1	1	22.1057	2538
3	5	0.333333	0.333333	1	1	20.358	2539
3	4	0.333333	0.333333	1	1	17.407	2540
3	4	0.333333	0.333333	1	1	20.221	2541
3	4	0.333333	0.333333	1	1	21.441	2542
3	4	0.333333	0.333333	1	1	19.9988	2543
3	4	0.333333	0.333333	1	1	17.4673	2544
3	4	0.333333	0.333333	1	1	18.4858	2545
3	4	0.333333	0.333333	1	1	14.6317	2546
3	3	0.333333	0.333333	1	1	15.3934	2547
3	3	0.333333	0.333333	1	1	14.5579	2548
3	3	0.333333	0.333333	1	1	17.178	2549
3	3	0.333333	0.333333	1	1	17.5443	2550
3	3	0.333333	0.333333	1	1	17.5443	2551
3	3	0.333333	0.333333	1	1	16.0195	2552
3	3	0.333333	0.333333	1	1	17.3508	2553
3	3	0.333333	0.333333	1	1	16.2795	2554
3	3	0.333333	0.333333	1	1	13.9768	2555
3	3	0.333333	0.333333	1	1	16.3655	2556
3	3	0.333333	0.333333	1	1	16.084	2557
3	3	0.333333	0.333333	1	1	13.3682	2558
3	3	0.333333	0.333333	1	1	15.6139	2559
3	3	0.333333	0.333333	1	1	11.8531	2560
3	3	0.333333	0.333333	1	1	15.5326	2561
3	3	0.333333	0.333333	1	1	5.46187	2562
1	2	0.333333	0.333333	1	1	4.32397	2563
1	2	0.333333	0.333333	1	1	4.84557	2564
1	2	0.333333	0.333333	1	1	4.63012	2565
1	2	0.333333	0.333333	1	1	4.2948	2566
1	2	0.333333	0.333333	1	1	4.66316	2567
1	2	0.333333	0.333333	1	1	5.15031	2568
1	2	0.333333	0.333333	1	1	4.69561	2569
1	2	0.333333	0.333333	1	1	5.15031	2570
1	2	0.333333	0.333333	1	1	5.00022	2571
1	2	0.333333	0.333333	1	1	5.15031	2572
1	2	0.333333	0.333333	1	1	4.84557	2573
1	2	0.333333	0.333333	1	1	4.69561	2574
1	2	0.333333	0.333333	1	1	5.00022	2575
1	2	0.333333	0.333333	1	1	4.6599	2576
1	2	0.333333	0.333333	1	1	3.85723	2577
1	2	0.333333	0.333333	1	1	4.6599	2578
1	2	0.333333	0.333333	1	1	4.66316	2579
1	2	0.333333	0.333333	1	1	1.44824	2580
0	2	0.333333	0	1	0	-2.21397	2581
0	2	0.333333	0	1	0	-1.40661	2582
0	2	0.333333	0	1	0	0.998944	2583
0	2	0.333333	0	1	0	0.998944	2584
0	2	0.333333	0	1	0	-0.275468	2585
0	2	0.333333	0	1	0	0.772758	2586
0	2	0.333333	0	1	0	0.019654	2587
0	2	0.333333	0	1	0	0.667627	2588
0	2	0.333333	0	1	0	0.019654	2589
0	2	0.333333	0	1	0	0.772758	2590
0	2	0.333333	0	1	0	0.772758	2591
0	2	0.333333	0	1	0	0.995457	2592
0	2	0.333333	0	1	0	-1.23426	2593
0	2	0.333333	0	1	0	0.667627	2594
0	2	0.333333	0	1	0	0.904786	2595
0	2	0	0	0	0	0.772758	2596
0	2	0	0	0	0	-1.26728	2597
0	2	0	0	0	0	-0.194402	2598
0	2	0	0	0	0	0.352183	2599
0	2	0	0	0	0	0.904786	2600
0	2	0	0	0	0	-3.8521	2601
0	2	0	0	0	0	0.783136	2602
0	2	0	0	0	0	0.998944	2603
0	2	0	0	0	0	0.998944	2604
0	2	0	0	0	0	0.772758	2605
0	2	0	0	0	0	0.632479	2606
0	2	0	0	0	0	0.998944	2607
0	2	0	0	0	0	nan	2608
