unique_top_cov	unique_bot_cov	redundant_top_cov	redundant_bot_cov	raw_redundant_top_cov	raw_redundant_bot_cov	e_value	position
0	0	0	0	0	0	nan	1
0	0	0	0	0	0	nan	2
0	0	0	0	0	0	nan	3
0	0	0	0	0	0	nan	4
0	0	0	0	0	0	nan	5
0	0	0	0	0	0	nan	6
0	0	0	0	0	0	nan	7
0	0	0	0	0	0	nan	8
0	0	0	0	0	0	nan	9
0	0	0	0	0	0	nan	10
6	4	0	0	0	0	32.7172	11
6	4	0	0	0	0	25.1567	12
6	4	0	0	0	0	32.0393	13
6	4	0	0	0	0	30.4313	14
6	4	0	0	0	0	31.7609	15
6	4	0	0	0	0	29.7054	16
6	4	0	0	0	0	31.8484	17
6	4	0	0	0	0	33.5034	18
6	4	0	0	0	0	31.4037	19
6	4	0	0	0	0	25.9268	20
6	4	0	0	0	0	31.7094	21
6	4	0	0	0	0	32.548	22
6	4	0	0	0	0	31.3944	23
6	4	0	0	0	0	32.9503	24
6	4	0	0	0	0	24.5739	25
6	4	0	0	0	0	19.6096	26
6	4	0	0	0	0	29.4419	27
6	4	0	0	0	0	26.2696	28
6	4	0	0	0	0	32.268	29
6	4	0	0	0	0	32.1589	30
6	4	0	0	0	0	26.6956	31
6	4	0	0	0	0	31.328	32
6	4	0	0	0	0	30.3684	33
6	4	0	0	0	0	30.5294	34
6	4	0	0	0	0	25.6127	35
6	4	0	0	0	0	31.7609	36
6	4	0	0	0	0	31.7949	37
6	4	0	0.2	0	1	30.8334	38
6	4	0	0.2	0	1	31.9975	39
6	4	0	0.2	0	1	29.9726	40
6	4	0	0.2	0	1	30.0489	41
6	4	0	0.2	0	1	29.3096	42
6	4	0	0.2	0	1	30.3387	43
6	4	0	0.2	0	1	30.8663	44
6	4	0	0.2	0	1	31.7949	45
6	4	0	0.2	0	1	31.8484	46
6	4	0	0.2	0	1	32.0438	47
6	4	0	0.2	0	1	30.382	48
6	4	0	0.2	0	1	32.0393	49
6	4	0	0.2	0	1	31.959	50
6	4	0	0.2	0	1	32.4361	51
6	4	0	0.2	0	1	32.0438	52
6	4	0	0.2	0	1	30.6105	53
6	4	0	0.2	0	1	31.7949	54
6	4	0	0.2	0	1	32.3044	55
6	4	0	0.2	0	1	29.3661	56
6	4	0	0.2	0	1	25.0886	57
6	4	0	0.2	0	1	31.8135	58
6	4	0	0.2	0	1	31.8484	59
6	4	0	0.2	0	1	30.5605	60
6	4	0	0.2	0	1	25.5287	61
6	4	0	0.2	0	1	29.1532	62
6	4	0	0.2	0	1	25.0252	63
6	4	0	0.2	0	1	29.3661	64
6	4	0	0.2	0	1	31.4424	65
6	4	0	0.2	0	1	28.2713	66
6	4	0	0.2	0	1	30.4689	67
6	4	0	0.2	0	1	29.5526	68
6	4	0	0.2	0	1	31.7076	69
6	4	0	0.2	0	1	27.7735	70
6	4	0	0.2	0	1	28.8863	71
6	4	0	0.2	0	1	30.0249	72
6	4	0	0.2	0	1	31.8091	73
6	4	0	0.2	0	1	31.6643	74
6	4	0	0.2	0	1	31.4044	75
6	4	0	0.2	0	1	30.2259	76
6	4	0	0.2	0	1	24.2336	77
6	4	0	0	0	0	24.2336	78
6	4	0	0	0	0	22.9798	79
6	4	0	0	0	0	19.7145	80
4	4	0	0	0	0	23.9109	81
4	4	0	0	0	0	15.1722	82
4	4	0	0	0	0	17.178	83
4	4	0	0	0	0	12.6367	84
3	4	0	0	0	0	12.4827	85
3	4	0	0	0	0	17.178	86
3	3	0	0	0	0	9.76694	87
3	3	0	0	0	0	10.9398	88
3	3	1	0	2	0	12.2013	89
3	3	1	0	2	0	12.1481	90
2	3	1	0	2	0	8.5073	91
1	3	1	0	2	0	8.55269	92
1	3	1	0	2	0	6.66021	93
1	3	1	0	2	0	8.68933	94
1	3	1	0	2	0	4.21065	95
1	3	1	0	2	0	5.15031	96
1	3	1	0	2	0	3.88654	97
1	2	1	0	2	0	3.9622	98
1	2	1	0	2	0	4.69561	99
1	2	1	0	2	0	4.22392	100
1	2	1	0	2	0	5.00022	101
1	2	1	0	2	0	3.88654	102
1	2	1	0	2	0	4.69561	103
1	2	1	0	2	0	0.0186898	104
1	2	1	0	2	0	0.817938	105
1	2	1	0	2	0	0.817938	106
1	1	1	0	2	0	1.42156	107
1	1	1	0	2	0	0.817938	108
1	1	1	0	2	0	0.378243	109
1	1	1	0	2	0	0.489465	110
1	1	1	0	2	0	0.605383	111
1	1	1	0	2	0	0.817938	112
1	1	1	0	2	0	0.817938	113
1	1	1	0	2	0	0.952766	114
1	1	1	0	2	0	0.0726023	115
1	1	1	0	2	0	0.817938	116
1	1	1	0	2	0	0.698889	117
1	1	1	0	2	0	0.489465	118
1	1	1	0	2	0	-0.847631	119
1	1	1	0	2	0	0.817938	120
1	1	1	0	2	0	-1.29065	121
1	1	1	0	2	0	0.817938	122
1	1	1	0	2	0	-2.69182	123
0	1	1	0	2	0	nan	124
0	1	1	0	2	0	nan	125
0	1	1	0	2	0	nan	126
0	0	1	0	2	0	nan	127
0	0	1	0	2	0	nan	128
0	0	0.5	0	1	0	nan	129
0	0	0.5	0	1	0	nan	130
0	0	0.5	0	1	0	nan	131
0	0	0.5	0	1	0	nan	132
0	0	0.5	0	1	0	nan	133
0	0	0.5	0	1	0	nan	134
0	0	0.5	0	1	0	nan	135
0	0	0.5	0	1	0	nan	136
0	0	0.5	0	1	0	nan	137
0	0	0.5	0	1	0	nan	138
0	0	0.5	0	1	0	nan	139
0	0	0.5	0	1	0	nan	140
0	0	0.5	0	1	0	nan	141
0	0	0.5	0	1	0	nan	142
0	0	0.5	0	1	0	nan	143
0	0	0.5	0	1	0	nan	144
0	0	0.5	0	1	0	nan	145
0	0	0.5	0	1	0	nan	146
0	0	0.5	0	1	0	nan	147
0	0	0.5	0	1	0	nan	148
0	0	0.5	0	1	0	nan	149
0	0	0.5	0	1	0	nan	150
0	0	0.5	0	1	0	nan	151
0	0	0.5	0	1	0	nan	152
0	0	0.5	0	1	0	nan	153
0	0	0.5	0	1	0	nan	154
0	0	0.5	0	1	0	nan	155
0	0	0.5	0	1	0	nan	156
