unique_top_cov	unique_bot_cov	redundant_top_cov	redundant_bot_cov	raw_redundant_top_cov	raw_redundant_bot_cov	e_value	position
17	31	0	0	0	0	175.459	1
17	31	0	0	0	0	171.989	2
19	31	0	0	0	0	192.045	3
19	31	0	0	0	0	181.166	4
19	31	0	0	0	0	173.063	5
19	31	0	0	0	0	173.584	6
20	30	0	0	0	0	180.052	7
20	30	0	0	0	0	176.538	8
20	30	0	0	0	0	169.384	9
19	30	0	0	0	0	176.653	10
19	30	0	0	0	0	187.192	11
19	30	0	0	0	0	181.918	12
19	30	0	0	0	0	185.246	13
19	30	0	0	0	0	169.792	14
19	30	0	0	0	0	186.555	15
19	30	0	0	0	0	174.112	16
19	30	0	0	0	0	177.354	17
19	30	0	0	0	0	171.478	18
19	30	0	0	0	0	162.94	19
19	29	0	0	0	0	153.911	20
19	28	0	0	0	0	157.13	21
19	28	0	0	0	0	155.676	22
18	27	0	0	0	0	157.366	23
18	27	0	0	0	0	163.797	24
18	27	0	0	0	0	159.865	25
18	27	0	0	0	0	164.117	26
18	26	0	0	0	0	134.697	27
18	21	0	0	0	0	144.029	28
18	21	0	0	0	0	140.826	29
18	21	0	0	0	0	138.569	30
18	21	0	0	0	0	134.782	31
18	20	0	0	0	0	121.115	32
18	20	0	0	0	0	137.257	33
17	20	0	0	0	0	117.755	34
17	20	0	0	0	0	121.826	35
17	20	0	0	0	0	128.236	36
17	20	0	0	0	0	133.715	37
17	20	0	0	0	0	121.425	38
17	20	0	0	0	0	129.125	39
16	19	0	0	0	0	121.686	40
16	19	0	0	0	0	102.126	41
16	19	0	0	0	0	129.469	42
16	19	0	0	0	0	121.197	43
16	19	0	0	0	0	119.792	44
16	20	0	0	0	0	129.525	45
16	20	0	0	0	0	135.422	46
17	20	0	0	0	0	116.787	47
17	21	0	0	0	0	126.395	48
17	21	0	0	0	0	131.747	49
17	22	0	0	0	0	130.099	50
17	22	0	0	0	0	138.203	51
17	21	0	0	0	0	127.326	52
16	22	0	0	0	0	109.213	53
16	20	0	0	0	0	87.108	54
15	21	0	0	0	0	86.3561	55
15	21	0	0	0	0	92.519	56
15	14	0	0	0	0	85.2065	57
15	14	0	0	0	0	86.7979	58
15	13	0	0	0	0	90.4289	59
14	14	0	0	0	0	79.0811	60
14	14	0	0	0	0	94.7938	61
14	14	0	0	0	0	94.2672	62
14	14	0	0	0	0	95.0357	63
13	13	0	0	0	0	85.7481	64
13	14	0	0	0	0	86.667	65
13	14	0	0	0	0	84.7745	66
13	13	0	0	0	0	76.1296	67
13	13	0	0	0	0	86.9631	68
16	13	0	0	0	0	78.5237	69
16	13	0	0	0	0	83.7281	70
16	13	0	0	0	0	89.5026	71
17	13	0	0	0	0	88.4878	72
17	13	0	0	0	0	88.0162	73
17	12	0	0	0	0	80.8348	74
17	12	0	0	0	0	98.7037	75
17	12	0	0	0	0	93.0985	76
17	12	0	0	0	0	93.0916	77
17	12	0	0	0	0	62.2634	78
16	12	0	0	0	0	93.3302	79
16	12	0	0	0	0	98.8085	80
16	12	0	0	0	0	96.9919	81
16	12	0	0	0	0	98.0699	82
16	12	0	0	0	0	93.5511	83
16	12	0	0	0	0	63.6434	84
16	12	0	0	0	0	88.6752	85
15	12	0	0	0	0	95.3634	86
15	12	0	0	0	0	96.8331	87
15	12	0	0	0	0	87.2774	88
15	12	0	0	0	0	86.2276	89
14	12	0	0	0	0	78.1282	90
14	12	0	0	0	0	86.0732	91
14	12	0	0	0	0	82.7734	92
14	11	0	0	0	0	88.5184	93
14	11	0	0	0	0	88.825	94
14	11	0	0	0	0	86.08	95
14	11	0	0	0	0	84.414	96
16	11	0	0	0	0	88.8219	97
16	11	0	0	0	0	83.3903	98
16	11	0	0	0	0	85.3997	99
16	11	0	0	0	0	85.2601	100
16	11	0	0	0	0	87.7899	101
16	11	0	0	0	0	80.7096	102
16	11	0	0	0	0	79.1543	103
16	10	0	0	0	0	89.6758	104
16	10	0	0	0	0	95.7087	105
16	10	0	0	0	0	83.6414	106
16	10	0	0	0	0	81.9002	107
16	10	0	0	0	0	86.118	108
16	10	0	0	0	0	79.8937	109
16	11	0	0	0	0	87.1694	110
16	11	0	0	0	0	79.4428	111
16	11	0	0	0	0	89.3933	112
16	11	0	0	0	0	87.5648	113
16	11	0	0	0	0	69.9609	114
16	11	0	0	0	0	86.2203	115
16	11	0	0	0	0	99.2292	116
16	11	0	0	0	0	90.6865	117
16	11	0	0	0	0	85.5295	118
16	11	0	0	0	0	91.2716	119
15	13	0	0	0	0	83.7526	120
15	13	0	0	0	0	94.668	121
14	13	0	0	0	0	86.0655	122
14	13	0	0	0	0	91.408	123
14	13	0	0	0	0	77.6719	124
14	13	0	0	0	0	82.0303	125
11	13	0	0	0	0	85.3916	126
11	13	0	0	0	0	68.9089	127
11	13	0	0	0	0	73.0585	128
11	14	0	0	0	0	88.6587	129
11	14	0	0	0	0	88.2138	130
11	14	0	0	0	0	89.9715	131
12	14	0	0	0	0	90.0494	132
12	14	0	0	0	0	87.6281	133
12	14	0	0	0	0	92.8689	134
12	16	0	0	0	0	83.1672	135
12	16	0	0	0	0	94.1316	136
12	16	0	0	0	0	100.04	137
12	16	0	0	0	0	84.4944	138
12	16	0	0	0	0	87.7346	139
12	16	0	0	0	0	85.7902	140
12	16	0	0	0	0	97.8614	141
12	16	0	0	0	0	93.7717	142
12	16	0	0	0	0	91.809	143
11	16	0	0	0	0	87.8867	144
10	16	0	0	0	0	88.382	145
10	16	0	0	0	0	82.4518	146
10	16	0	0	0	0	93.711	147
10	16	0	0	0	0	92.4743	148
10	16	0	0	0	0	96.0725	149
10	16	0	0	0	0	83.8404	150
10	16	0	0	0	0	85.0302	151
10	16	0	0	0	0	88.2245	152
10	17	0	0	0	0	94.6359	153
10	17	0	0	0	0	92.588	154
10	17	0	0	0	0	86.1122	155
10	17	0	0	0	0	82.0241	156
10	17	0	0	0	0	93.7323	157
10	17	0	0	0	0	87.9492	158
10	17	0	0	0	0	86.062	159
10	17	0	0	0	0	85.2035	160
10	17	0	0	0	0	93.5648	161
10	17	0	0	0	0	85.6931	162
10	17	0	0	0	0	85.4337	163
9	17	0	0	0	0	88.3732	164
9	17	0	0	0	0	92.6089	165
9	17	0	0	0	0	92.6538	166
9	17	0	0	0	0	84.3586	167
9	17	0	0	0	0	88.1677	168
9	17	0	0	0	0	89.6118	169
10	17	0	0	0	0	89.4854	170
10	17	0	0	0	0	94.057	171
10	17	0	0	0	0	94.2573	172
10	17	0	0	0	0	82.7539	173
10	17	0	0	0	0	92.2858	174
10	17	0	0	0	0	98.5135	175
10	17	0	0	0	0	94.2213	176
10	17	0	0	0	0	86.6344	177
10	17	0	0	0	0	89.2898	178
10	17	0	0	0	0	98.5761	179
10	17	0	0	0	0	93.6989	180
10	17	0	0	0	0	94.7482	181
10	17	0	0	0	0	93.0999	182
10	17	0	0	0	0	96.5609	183
10	18	0	0	0	0	91.9716	184
10	18	0	0	0	0	84.8637	185
10	18	0	0	0	0	87.2325	186
10	18	0	0	0	0	97.8459	187
10	18	0	0	0	0	88.1908	188
10	18	0	0	0	0	82.1448	189
10	17	0	0	0	0	81.4509	190
10	17	0	0	0	0	90.1516	191
10	16	0	0	0	0	78.4988	192
10	15	0	0	0	0	80.5046	193
10	15	0	0	0	0	84.4075	194
10	14	0	0	0	0	82.0705	195
10	14	0	0	0	0	82.7022	196
11	14	0	0	0	0	84.0909	197
11	14	0	0	0	0	76.3773	198
11	14	0	0	0	0	79.3274	199
11	14	0	0	0	0	82.3373	200
11	14	0	0	0	0	85.5523	201
11	14	0	0	0	0	80.8558	202
11	14	0	0	0	0	83.6145	203
11	13	0	0	0	0	78.6404	204
11	12	0	0	0	0	79.9047	205
11	12	0	0	0	0	66.7777	206
11	12	0	0	0	0	72.8868	207
10	12	0	0	0	0	69.5764	208
10	12	0	0	0	0	72.9694	209
10	12	0	0	0	0	72.3682	210
10	12	0	0	0	0	71.5489	211
9	12	0	0	0	0	69.9696	212
9	12	0	0	0	0	69.4794	213
9	12	0	0	0	0	63.3389	214
9	11	0	0	0	0	62.9254	215
9	11	0	0	0	0	57.1193	216
9	11	0	0	0	0	60.5604	217
9	11	0	0	0	0	60.2288	218
7	11	0	0	0	0	56.2855	219
7	11	0	0	0	0	58.0781	220
8	11	0	0	0	0	55.9992	221
7	11	0	0	0	0	52.3424	222
7	11	0	0	0	0	51.8441	223
8	11	0	0	0	0	61.5071	224
9	11	0	0	0	0	59.32	225
9	11	0	0	0	0	60.8679	226
10	11	0	0	0	0	63.708	227
10	11	0	0	0	0	65.7598	228
10	11	0	0	0	0	70.4284	229
10	11	0	0	0	0	62.9675	230
10	11	0	0	0	0	59.0082	231
10	11	0	0	0	0	68.9101	232
10	11	0	0	0	0	60.0823	233
10	11	0	0	0	0	66.2765	234
10	11	0	0	0	0	60.1036	235
11	11	0	0	0	0	70.1081	236
11	11	0	0	0	0	78.1284	237
11	15	0	0	0	0	64.0108	238
11	16	0	0	0	0	88.2432	239
11	16	0	0	0	0	86.2369	240
11	16	0	0	0	0	79.0515	241
12	16	0	0	0	0	74.1474	242
12	16	0	0	0	0	95.3932	243
12	15	0	0	0	0	92.9521	244
12	15	0	0	0	0	66.2519	245
12	15	0	0	0	0	75.9116	246
10	14	0	0	0	0	69.4053	247
10	13	0	0	0	0	77.983	248
10	13	0	0	0	0	80.9635	249
10	12	0	0	0	0	70.2813	250
10	12	0	0	0	0	81.2297	251
10	12	0	0	0	0	72.9986	252
10	12	0	0	0	0	70.7666	253
10	12	0	0	0	0	72.3235	254
10	12	0	0	0	0	68.7156	255
10	12	0	0	0	0	73.217	256
10	11	0	0	0	0	70.2689	257
12	11	0	0	0	0	68.5747	258
13	11	0	0	0	0	77.8007	259
13	11	0	0	0	0	76.2835	260
13	11	0	0	0	0	82.3482	261
13	11	0	0	0	0	82.4739	262
14	11	0	0	0	0	77.9718	263
15	11	0	0	0	0	84.0789	264
15	11	0	0	0	0	84.3344	265
15	11	0	0	0	0	92.8794	266
14	11	0	0	0	0	87.4468	267
14	11	0	0	0	0	80.5506	268
14	11	0	0	0	0	77.6114	269
14	11	0	0	0	0	77.3983	270
14	11	0	0	0	0	89.9777	271
14	11	0	0	0	0	78.2153	272
14	11	0	0	0	0	92.5212	273
14	11	0	0	0	0	73.8749	274
14	11	0	0	0	0	90.0438	275
14	11	0	0	0	0	79.3295	276
14	11	0	0	0	0	87.9928	277
14	11	0	0	0	0	72.0837	278
14	10	0	0	0	0	78.7296	279
14	10	0	0	0	0	77.5755	280
14	9	0	0	0	0	68.8933	281
14	9	0	0	0	0	73.3421	282
14	9	0	0	0	0	78.6583	283
15	9	0	0	0	0	74.0908	284
15	8	0	0	0	0	77.0492	285
14	8	0	0	0	0	76.4177	286
14	8	0	0	0	0	70.875	287
15	8	0	0	0	0	63.2752	288
15	8	0	0	0	0	83.7985	289
15	8	0	0	0	0	79.0831	290
15	8	0	0	0	0	73.7246	291
15	8	0	0	0	0	82.4455	292
15	8	0	0	0	0	74.8481	293
15	8	0	0	0	0	81.1378	294
15	8	0	0	0	0	77.4192	295
15	8	0	0	0	0	82.1436	296
15	8	0	0	0	0	75.3032	297
15	8	0	0	0	0	83.745	298
15	8	0	0	0	0	74.8019	299
15	8	0	0	0	0	78.7931	300
15	8	0	0	0	0	75.9511	301
15	8	0	0	0	0	79.1819	302
15	8	0	0	0	0	75.5357	303
17	8	0	0	0	0	85.4336	304
17	8	0	0	0	0	81.7754	305
17	9	0	0	0	0	79.6993	306
16	9	0	0	0	0	89.7657	307
16	10	0	0	0	0	75.9981	308
16	10	0	0	0	0	83.8927	309
16	10	0	0	0	0	81.5827	310
16	10	0	0	0	0	85.8114	311
16	10	0	0	0	0	90.9035	312
16	10	0	0	0	0	89.3203	313
16	10	0	0	0	0	88.2928	314
17	10	0	0	0	0	92.3317	315
17	11	0	0	0	0	94.6282	316
17	11	0	0	0	0	94.513	317
18	11	0	0	0	0	91.305	318
18	11	0	0	0	0	98.1016	319
18	11	0	0	0	0	103.651	320
18	11	0	0	0	0	99.3952	321
18	11	0	0	0	0	95.8904	322
18	12	0	0	0	0	91.4476	323
18	13	0	0	0	0	93.4025	324
18	13	0	0	0	0	100.404	325
18	13	0	0	0	0	92.8998	326
18	13	0	0	0	0	103.349	327
18	13	0	0	0	0	101.067	328
18	13	0	0	0	0	104.481	329
18	13	0	0	0	0	97.3703	330
18	12	0	0	0	0	102.285	331
18	12	0	0	0	0	96.8295	332
18	12	0	0	0	0	101.755	333
18	11	0	0	0	0	95.5697	334
18	11	0	0	0	0	97.8418	335
18	11	0	0	0	0	102.357	336
17	11	0	0	0	0	96.6543	337
17	12	0	0	0	0	104.487	338
17	12	0	0	0	0	95.3016	339
18	14	0	0	0	0	90.177	340
18	18	0	0	0	0	87.5706	341
18	19	0	0	0	0	97.5925	342
18	19	0	0	0	0	99.9984	343
18	19	0	0	0	0	93.9523	344
18	19	0	0	0	0	94.0382	345
18	19	0	0	0	0	96.0565	346
15	19	0	0	0	0	121.448	347
15	19	0	0	0	0	112.8	348
12	19	0	0	0	0	99.1518	349
12	17	0	0	0	0	105.127	350
11	17	0	0	0	0	84.0176	351
11	17	0	0	0	0	96.8503	352
11	17	0	0	0	0	102.784	353
11	17	0	0	0	0	99.376	354
11	17	0	0	0	0	100.086	355
11	18	0	0	0	0	92.6162	356
11	18	0	0	0	0	92.3354	357
11	18	0	0	0	0	108.955	358
11	18	0	0	0	0	106.432	359
11	18	0	0	0	0	88.3123	360
10	19	0	0	0	0	100.591	361
10	19	0	0	0	0	101.608	362
10	18	0	0	0	0	92.2894	363
11	18	0	0	0	0	97.2165	364
11	18	0	0	0	0	92.6242	365
11	18	0	0	0	0	104.842	366
11	18	0	0	0	0	99.3848	367
11	17	0	0	0	0	101.778	368
11	17	0	0	0	0	98.8995	369
11	17	0	0	0	0	104.327	370
11	17	0	0	0	0	95.2129	371
11	17	0	0	0	0	86.5255	372
11	18	0	0	0	0	105.331	373
11	18	0	0	0	0	102.615	374
11	18	0	0	0	0	102.428	375
13	18	0	0	0	0	96.2323	376
13	18	0	0	0	0	100.577	377
13	18	0	0	0	0	103.86	378
13	17	0	0	0	0	109.357	379
13	17	0	0	0	0	107.611	380
13	17	0	0	0	0	101.995	381
11	17	0	0	0	0	99.0973	382
11	17	0	0	0	0	98.8995	383
11	17	0	0	0	0	97.9594	384
11	17	0	0	0	0	92.4135	385
11	17	0	0	0	0	90.7376	386
11	17	0	0	0	0	94.4715	387
10	16	0	0	0	0	85.5177	388
10	16	0	0	0	0	82.902	389
9	16	0	0	0	0	81.1639	390
9	16	0	0	0	0	85.6281	391
9	16	0	0	0	0	84.985	392
9	15	0	0	0	0	85.8208	393
9	16	0	0	0	0	84.7075	394
9	16	0	0	0	0	88.33	395
9	16	0	0	0	0	84.7541	396
9	16	0	0	0	0	85.858	397
9	16	0	0	0	0	86.7626	398
9	16	0	0	0	0	89.6234	399
9	17	0	0	0	0	82.901	400
9	17	0	0	0	0	91.0547	401
9	17	0	0	0	0	95.9851	402
9	17	0	0	0	0	90.5156	403
9	19	0	0	0	0	90.48	404
9	19	0	0	0	0	91.2149	405
9	19	0	0	0	0	91.9091	406
9	19	0	0	0	0	97.5185	407
8	19	0	0	0	0	90.6554	408
8	19	0	0	0	0	99.4838	409
8	20	0	0	0	0	97.5325	410
9	20	0	0	0	0	100.748	411
9	20	0	0	0	0	101.79	412
8	20	0	0	0	0	95.7416	413
8	20	0	0	0	0	94.7701	414
8	20	0	0	0	0	96.217	415
8	21	0	0	0	0	99.3097	416
8	21	0	0	0	0	96.751	417
8	21	0	0	0	0	97.2146	418
9	21	0	0	0	0	101.296	419
9	21	0	0	0	0	101.906	420
9	21	0	0	0	0	105.586	421
10	21	0	0	0	0	109.046	422
11	21	0	0	0	0	103.126	423
11	20	0	0	0	0	106.284	424
11	20	0	0	0	0	111.935	425
11	20	0	0	0	0	110.497	426
11	20	0	0	0	0	108.553	427
11	20	0	0	0	0	111.923	428
11	20	0	0	0	0	101.044	429
11	20	0	0	0	0	104.331	430
11	21	0	0	0	0	108.053	431
12	21	0	0	0	0	113.095	432
12	21	0	0	0	0	115.461	433
12	21	0	0	0	0	113.373	434
11	21	0	0	0	0	107.252	435
12	21	0	0	0	0	111.219	436
12	21	0	0	0	0	111.245	437
12	21	0	0	0	0	103.265	438
12	22	0	0	0	0	112.885	439
12	22	0	0	0	0	108.21	440
12	22	0	0	0	0	119.201	441
12	22	0	0	0	0	113.388	442
12	22	0	0	0	0	117.592	443
12	22	0	0	0	0	116.899	444
12	22	0	0	0	0	108.972	445
12	22	0	0	0	0	120.565	446
12	22	0	0	0	0	110.156	447
12	22	0	0	0	0	117.14	448
12	22	0	0	0	0	115.485	449
12	21	0	0	0	0	118.586	450
12	21	0	0	0	0	116.188	451
12	21	0	0	0	0	114.974	452
12	20	0	0	0	0	91.6338	453
9	19	0	0	0	0	96.9357	454
9	19	0	0	0	0	104.06	455
9	19	0	0	0	0	94.0536	456
9	19	0	0	0	0	99.6669	457
9	19	0	0	0	0	99.379	458
9	19	0	0	0	0	101.609	459
9	19	0	0	0	0	101.45	460
9	19	0	0	0	0	91.2466	461
9	18	0	0	0	0	88.7078	462
9	18	0	0	0	0	92.5163	463
9	18	0	0	0	0	81.657	464
10	18	0	0	0	0	92.1154	465
9	18	0	0	0	0	89.649	466
9	18	0	0	0	0	89.1966	467
9	18	0	0	0	0	96.8769	468
9	18	0	0	0	0	85.2409	469
9	18	0	0	0	0	100.021	470
10	18	0	0	0	0	87.9929	471
9	18	0	0	0	0	83.4844	472
9	18	0	0	0	0	88.5933	473
9	18	0	0	0	0	89.6762	474
9	18	0	0	0	0	88.9399	475
9	17	0	0	0	0	85.3149	476
9	17	0	0	0	0	89.6193	477
9	16	0	0	0	0	79.2875	478
9	16	0	0	0	0	85.5212	479
9	16	0	0	0	0	84.3944	480
9	16	0	0	0	0	84.4375	481
9	16	0	0	0	0	75.8604	482
9	14	0	0	0	0	76.335	483
9	15	0	0	0	0	73.1145	484
9	15	0	0	0	0	82.3592	485
9	15	0	0	0	0	79.7467	486
9	16	0	0	0	0	73.6697	487
9	16	0	0	0	0	70.8094	488
9	16	0	0	0	0	70.2071	489
9	14	0	0	0	0	80.848	490
9	13	0	0	0	0	72.0672	491
8	13	0	0	0	0	71.1914	492
8	13	0	0	0	0	62.9126	493
8	13	0	0	0	0	73.4205	494
8	13	0	0	0	0	74.0442	495
9	13	0	0	0	0	73.1892	496
9	13	0	0	0	0	75.2528	497
9	13	0	0	0	0	71.5314	498
9	13	0	0	0	0	67.6378	499
9	13	0	0	0	0	68.8827	500
9	13	0	0	0	0	70.3722	501
9	12	0	0	0	0	73.4797	502
9	12	0	0	0	0	77.248	503
9	12	0	0	0	0	66.7912	504
9	12	0	0	0	0	63.0058	505
9	11	0	0	0	0	69.8765	506
9	11	0	0	0	0	70.2152	507
9	11	0	0	0	0	64.1996	508
9	11	0	0	0	0	64.7027	509
9	11	0	0	0	0	66.8775	510
9	11	0	0	0	0	66.9279	511
9	10	0	0	0	0	65.636	512
9	10	0	0	0	0	66.7487	513
10	10	0	0	0	0	68.6739	514
10	10	0	0	0	0	58.5042	515
10	10	0	0	0	0	66.1906	516
10	10	0	0	0	0	67.31	517
10	10	0	0	0	0	68.4802	518
10	12	0	0	0	0	66.8499	519
10	11	0	0	0	0	67.0833	520
10	11	0	0	0	0	59.9457	521
10	11	0	0	0	0	65.1662	522
10	10	0	0	0	0	58.4238	523
10	10	0	0	0	0	61.8156	524
10	10	0	0	0	0	64.2558	525
8	10	0	0	0	0	62.9248	526
8	10	0	0	0	0	61.5034	527
8	9	0	0	0	0	42.7066	528
8	10	0	0	0	0	57.2451	529
8	10	0	0	0	0	52.4164	530
9	10	0	0	0	0	55.2173	531
9	10	0	0	0	0	53.856	532
9	9	0	0	0	0	57.4712	533
9	9	0	0	0	0	62.1231	534
9	9	0	0	0	0	56.0945	535
9	9	0	0	0	0	63.9629	536
9	9	0	0	0	0	54.6687	537
9	9	0	0	0	0	58.348	538
9	9	0	0	0	0	55.4548	539
10	8	0	0	0	0	55.3924	540
10	8	0	0	0	0	62.8937	541
10	8	0	0	0	0	59.0977	542
10	8	0	0	0	0	53.0621	543
10	7	0	0	0	0	53.9498	544
9	7	0	0	0	0	57.1014	545
9	7	0	0	0	0	57.1608	546
9	7	0	0	0	0	55.106	547
9	7	0	0	0	0	49.1874	548
9	7	0	0	0	0	55.1963	549
9	10	0	0	0	0	54.6763	550
9	10	0	0	0	0	54.9495	551
9	10	0	0	0	0	56.511	552
8	9	0	0	0	0	59.6893	553
8	9	0	0	0	0	48.0514	554
7	9	0	0	0	0	55.0226	555
7	9	0	0	0	0	48.4226	556
7	9	0	0	0	0	57.5303	557
7	9	0	0	0	0	55.2005	558
7	9	0	0	0	0	53.7067	559
7	9	0	0	0	0	50.614	560
7	8	0	0	0	0	48.5431	561
7	8	0	0	0	0	44.4836	562
7	8	0	0	0	0	44.1374	563
6	8	0	0	0	0	38.4956	564
6	10	0	0	0	0	48.2597	565
6	10	0	0	0	0	47.586	566
6	10	0	0	0	0	42.5407	567
6	10	0	0	0	0	48.4955	568
5	12	0	0	0	0	47.8354	569
5	11	0	0	0	0	41.5273	570
5	12	0	0	0	0	52.257	571
6	12	0	0	0	0	57.1604	572
6	12	0	0	0	0	54.2486	573
5	12	0	0	0	0	56.4537	574
5	12	0	0	0	0	54.9279	575
5	12	0	0	0	0	57.6482	576
5	12	0	0	0	0	57.081	577
5	12	0	0	0	0	57.5541	578
5	12	0	0	0	0	53.4451	579
5	12	0	0	0	0	61.1261	580
5	12	0	0	0	0	60.1153	581
5	12	0	0	0	0	56.8585	582
5	12	0	0	0	0	55.9854	583
5	12	0	0	0	0	54.5366	584
5	12	0	0	0	0	50.0378	585
5	12	0	0	0	0	56.5376	586
5	12	0	0	0	0	59.975	587
5	12	0	0	0	0	55.1182	588
5	11	0	0	0	0	46.9365	589
5	11	0	0	0	0	48.8028	590
5	11	0	0	0	0	51.4094	591
5	11	0	0	0	0	53.0166	592
5	12	0	0	0	0	50.0279	593
4	12	0	0	0	0	47.8495	594
3	12	0	0	0	0	49.4017	595
3	12	0	0	0	0	51.4629	596
4	12	0	0	0	0	47.3219	597
4	12	0	0	0	0	57.1441	598
4	12	0	0	0	0	55.1424	599
4	12	0	0	0	0	53.0373	600
5	12	0	0	0	0	54.866	601
5	12	0	0	0	0	57.8741	602
5	12	0	0	0	0	53.0986	603
5	13	0	0	0	0	54.6936	604
5	12	0	0	0	0	60.3473	605
5	12	0	0	0	0	53.2198	606
5	12	0	0	0	0	47.2778	607
5	11	0	0	0	0	55.7643	608
5	11	0	0	0	0	55.6221	609
5	11	0	0	0	0	44.6897	610
5	11	0	0	0	0	53.5273	611
5	11	0	0	0	0	52.5131	612
5	11	0	0	0	0	55.3895	613
6	11	0	0	0	0	53.6737	614
6	12	0	0	0	0	55.007	615
7	12	0	0	0	0	54.3733	616
7	12	0	0	0	0	48.8528	617
7	12	0	0	0	0	63.9459	618
7	12	0	0	0	0	62.3719	619
7	11	0	0	0	0	57.2485	620
7	11	0	0	0	0	46.7113	621
7	11	0	0	0	0	56.1109	622
7	11	0	0	0	0	58.7989	623
7	11	0	0	0	0	62.0389	624
7	11	0	0	0	0	63.7874	625
7	11	0	0	0	0	53.5013	626
7	11	0	0	0	0	58.88	627
7	11	0	0	0	0	57.1984	628
7	11	0	0	0	0	60.9648	629
7	11	0	0	0	0	57.4185	630
7	12	0	0	0	0	58.4839	631
7	12	0	0	0	0	57.4275	632
7	11	0	0	0	0	53.9031	633
7	11	0	0	0	0	62.6787	634
7	11	0	0	0	0	62.1554	635
7	11	0	0	0	0	60.2384	636
7	11	0	0	0	0	56.7766	637
7	11	0	0	0	0	61.4542	638
7	11	0	0	0	0	63.466	639
7	11	0	0	0	0	54.1167	640
8	11	0	0	0	0	51.7971	641
8	11	0	0	0	0	64.5676	642
8	11	0	0	0	0	59.9247	643
7	11	0	0	0	0	58.8001	644
7	12	0	0	0	0	55.8289	645
7	12	0	0	0	0	68.1779	646
7	12	0	0	0	0	60.5363	647
7	12	0	0	0	0	65.4773	648
7	13	0	0	0	0	59.7088	649
7	13	0	0	0	0	56.2611	650
7	13	0	0	0	0	65.3575	651
7	12	0	0	0	0	62.6356	652
7	12	0	0	0	0	62.5921	653
7	12	0	0	0	0	64.2463	654
7	12	0	0	0	0	65.871	655
7	12	0	0	0	0	60.6465	656
7	12	0	0	0	0	65.2334	657
7	12	0	0	0	0	57.4373	658
7	12	0	0	0	0	68.334	659
7	12	0	0	0	0	63.8458	660
7	12	0	0	0	0	60.478	661
7	12	0	0	0	0	67.4583	662
8	13	0	0	0	0	66.8589	663
8	13	0	0	0	0	67.1938	664
8	13	0	0	0	0	72.2579	665
8	14	0	0	0	0	70.9239	666
8	14	0	0	0	0	74.4276	667
9	14	0	0	0	0	77.1418	668
9	13	0	0	0	0	57.4142	669
9	13	0	0	0	0	62.1864	670
9	13	0	0	0	0	70.6875	671
9	13	0	0	0	0	71.6652	672
9	13	0	0	0	0	73.1485	673
10	12	0	0	0	0	70.2627	674
10	11	0	0	0	0	60.0562	675
10	11	0	0	0	0	60.4896	676
10	11	0	0	0	0	76.2825	677
10	11	0	0	0	0	64.6545	678
10	10	0	0	0	0	62.3984	679
10	10	0	0	0	0	69.831	680
10	10	0	0	0	0	70.9942	681
10	10	0	0	0	0	68.4177	682
10	10	0	0	0	0	64.4987	683
10	10	0	0	0	0	60.947	684
10	10	0	0	0	0	65.3089	685
10	10	0	0	0	0	61.5686	686
10	10	0	0	0	0	70.1449	687
10	10	0	0	0	0	61.6012	688
10	10	0	0	0	0	64.7478	689
10	10	0	0	0	0	67.3355	690
10	10	0	0	0	0	69.8243	691
10	10	0	0	0	0	70.7028	692
10	10	0	0	0	0	62.3069	693
10	10	0	0	0	0	64.3076	694
10	10	0	0	0	0	69.7033	695
10	10	0	0	0	0	66.8397	696
10	10	0	0	0	0	70.7068	697
10	10	0	0	0	0	70.0954	698
10	10	0	0	0	0	66.408	699
10	10	0	0	0	0	59.5896	700
10	9	0	0	0	0	63.6026	701
10	9	0	0	0	0	57.8944	702
10	9	0	0	0	0	58.4556	703
10	9	0	0	0	0	67.0479	704
10	11	0	0	0	0	65.0408	705
10	11	0	0	0	0	59.8479	706
11	11	0	0	0	0	58.9579	707
11	10	0	0	0	0	62.4952	708
11	10	0	0	0	0	72.3444	709
11	10	0	0	0	0	67.5336	710
10	10	0	0	0	0	68.5733	711
10	10	0	0	0	0	68.6653	712
10	10	0	0	0	0	61.4846	713
9	10	0	0	0	0	55.2582	714
9	10	0	0	0	0	63.8082	715
9	10	0	0	0	0	60.3864	716
9	10	0	0	0	0	58.8813	717
9	10	0	0	0	0	52.6793	718
10	8	0	0	0	0	56.2654	719
10	8	0	0	0	0	61.3384	720
10	7	0	0	0	0	51.3149	721
10	7	0	0	0	0	50.4549	722
10	7	0	0	0	0	51.3302	723
10	7	0	0	0	0	49.1695	724
9	7	0	0	0	0	51.3601	725
9	7	0	0	0	0	45.0407	726
9	7	0	0	0	0	43.3097	727
9	7	0	0	0	0	56.5569	728
9	7	0	0	0	0	48.8158	729
9	7	0	0	0	0	51.1966	730
9	7	0	0	0	0	53.2863	731
9	7	0	0	0	0	51.0757	732
9	7	0	0	0	0	48.9802	733
9	6	0	0	0	0	51.1946	734
9	6	0	0	0	0	46.5572	735
9	6	0	0	0	0	48.6714	736
10	6	0	0	0	0	48.2437	737
10	6	0	0	0	0	49.6954	738
10	5	0	0	0	0	49.0419	739
10	5	0	0	0	0	53.2797	740
12	5	0	0	0	0	48.0074	741
12	5	0	0	0	0	61.033	742
13	5	0	0	0	0	58.8226	743
13	5	0	0	0	0	61.2766	744
13	5	0	0	0	0	64.7079	745
14	5	0	0	0	0	62.1665	746
14	5	0	0	0	0	62.302	747
14	5	0	0	0	0	60.3688	748
14	5	0	0	0	0	53.5958	749
14	5	0	0	0	0	62.3928	750
14	5	0	0	0	0	63.0562	751
14	5	0	0	0	0	64.8124	752
14	6	0	0	0	0	60.6834	753
14	6	0	0	0	0	65.8474	754
14	6	0	0	0	0	65.5654	755
14	6	0	0	0	0	64.3863	756
14	6	0	0	0	0	64.6847	757
14	6	0	0	0	0	65.4572	758
14	6	0	0	0	0	69.0717	759
14	6	0	0	0	0	59.8708	760
14	6	0	0	0	0	62.6773	761
14	6	0	0	0	0	57.4976	762
14	6	0	0	0	0	64.1505	763
13	6	0	0	0	0	68.1214	764
13	6	0	0	0	0	61.9428	765
12	6	0	0	0	0	62.9583	766
12	6	0	0	0	0	56.4352	767
12	6	0	0	0	0	64.3698	768
12	6	0	0	0	0	55.7483	769
12	6	0	0	0	0	64.5003	770
12	6	0	0	0	0	58.4849	771
12	6	0	0	0	0	59.5717	772
12	6	0	0	0	0	60.4355	773
12	6	0	0	0	0	63.3734	774
12	6	0	0	0	0	51.5528	775
12	6	0	0	0	0	59.5333	776
12	6	0	0	0	0	54.5415	777
12	6	0	0	0	0	61.7783	778
12	6	0	0	0	0	57.102	779
12	6	0	0	0	0	57.5214	780
11	6	0	0	0	0	54.4215	781
11	6	0	0	0	0	61.6174	782
11	6	0	0	0	0	58.9951	783
11	6	0	0	0	0	52.2929	784
11	6	0	0	0	0	58.9252	785
11	6	0	0	0	0	56.5809	786
11	6	0	0	0	0	59.6669	787
11	6	0	0	0	0	59.0249	788
11	6	0	0	0	0	54.737	789
11	6	0	0	0	0	59.013	790
11	6	0	0	0	0	61.1459	791
11	6	0	0	0	0	57.4813	792
11	6	0	0	0	0	58.8039	793
11	6	0	0	0	0	55.235	794
11	6	0	0	0	0	59.0531	795
11	6	0	0	0	0	59.0086	796
12	6	0	0	0	0	58.8502	797
12	6	0	0	0	0	56.9541	798
12	6	0	0	0	0	62.5343	799
12	6	0	0	0	0	60.2692	800
12	6	0	0	0	0	55.1258	801
12	6	0	0	0	0	52.3667	802
12	6	0	0	0	0	56.6112	803
12	6	0	0	0	0	56.0811	804
12	6	0	0	0	0	63.5125	805
12	6	0	0	0	0	57.7309	806
12	6	0	0	0	0	62.2366	807
13	6	0	0	0	0	53.5688	808
13	5	0	0	0	0	55.3747	809
12	5	0	0	0	0	51.1325	810
11	5	0	0	0	0	43.5221	811
12	5	0	0	0	0	41.686	812
11	5	0	0	0	0	41.3361	813
12	4	0	0	0	0	46.279	814
12	4	0	0	0	0	43.3472	815
12	4	0	0	0	0	55.2395	816
12	4	0	0	0	0	50.2243	817
12	4	0	0	0	0	49.9835	818
12	4	0	0	0	0	50.7632	819
12	4	0	0	0	0	49.6957	820
12	4	0	0	0	0	52.1138	821
13	4	0	0	0	0	45.3864	822
13	4	0	0	0	0	48.8582	823
10	4	0	0	0	0	44.9284	824
10	4	0	0	0	0	39.687	825
10	4	0	0	0	0	45.7506	826
10	4	0	0	0	0	44.128	827
10	4	0	0	0	0	48.8331	828
10	4	0	0	0	0	39.79	829
10	4	0	0	0	0	48.0516	830
10	4	0	0	0	0	47.3464	831
10	4	0	0	0	0	42.4792	832
10	4	0	0	0	0	46.345	833
10	4	0	0	0	0	45.1109	834
10	4	0	0	0	0	47.3139	835
10	4	0	0	0	0	42.0995	836
10	4	0	0	0	0	43.4254	837
10	4	0	0	0	0	46.1999	838
10	4	0	0	0	0	47.2751	839
10	4	0	0	0	0	42.3843	840
10	4	0	0	0	0	44.2154	841
10	4	0	0	0	0	46.795	842
10	5	0	0	0	0	47.559	843
10	6	0	0	0	0	45.6827	844
10	6	0	0	0	0	57.1474	845
10	6	0	0	0	0	52.0324	846
10	6	0	0	0	0	47.7898	847
10	6	0	0	0	0	55.1126	848
10	6	0	0	0	0	53.6385	849
10	6	0	0	0	0	50.4905	850
10	6	0	0	0	0	55.4106	851
10	8	0	0	0	0	52.64	852
10	8	0	0	0	0	59.1642	853
10	8	0	0	0	0	58.3558	854
10	7	0	0	0	0	46.6153	855
10	6	0	0	0	0	50.4	856
10	6	0	0	0	0	34.2529	857
10	6	0	0	0	0	44.46	858
9	6	0	0	0	0	40.6393	859
9	6	0	0	0	0	44.631	860
8	6	0	0	0	0	42.7058	861
9	7	0	0	0	0	38.6225	862
9	7	0	0	0	0	56.6478	863
9	7	0	0	0	0	28.2035	864
9	7	0	0	0	0	54.7696	865
9	7	0	0	0	0	43.7515	866
8	8	0	0	0	0	47.2503	867
8	8	0	0	0	0	40.1398	868
8	8	0	0	0	0	52.4212	869
8	8	0	0	0	0	48.2298	870
8	8	0	0	0	0	44.3041	871
8	8	0	0	0	0	47.8575	872
8	7	0	0	0	0	41.0631	873
8	7	0	0	0	0	49.4664	874
8	7	0	0	0	0	49.4156	875
7	7	0	0	0	0	43.5293	876
7	7	0	0	0	0	47.4583	877
7	7	0	0	0	0	48.8876	878
7	9	0	0	0	0	37.3761	879
7	9	0	0	0	0	48.2595	880
7	9	0	0	0	0	53.156	881
7	9	0	0	0	0	51.7096	882
7	9	0	0	0	0	50.8409	883
7	9	0	0	0	0	53.5441	884
7	9	0	0	0	0	49.0491	885
7	9	0	0	0	0	51.644	886
6	9	0	0	0	0	48.2975	887
5	9	0	0	0	0	44.6611	888
5	9	0	0	0	0	47.5192	889
5	9	0	0	0	0	48.3142	890
5	9	0	0	0	0	46.6298	891
6	9	0	0	0	0	45.0216	892
6	9	0	0	0	0	49.2987	893
6	9	0	0	0	0	35.8098	894
6	9	0	0	0	0	50.9871	895
6	9	0	0	0	0	53.6059	896
6	9	0	0	0	0	50.9695	897
6	9	0	0	0	0	48.7648	898
7	9	0	0	0	0	50.7567	899
7	9	0	0	0	0	47.174	900
7	8	0	0	0	0	49.1371	901
7	8	0	0	0	0	50.751	902
7	8	0	0	0	0	49.3948	903
8	8	0	0	0	0	51.5631	904
8	9	0	0	0	0	43.052	905
8	8	0	0	0	0	46.3847	906
9	8	0	0	0	0	44.7054	907
9	9	0	0	0	0	51.3159	908
9	9	0	0	0	0	57.3339	909
9	9	0	0	0	0	62.0406	910
9	10	0	0	0	0	60.4726	911
9	10	0	0	0	0	62.1169	912
9	11	0	0	0	0	58.0203	913
9	12	0	0	0	0	69.2084	914
8	12	0	0	0	0	70.2589	915
8	12	0	0	0	0	61.4206	916
8	12	0	0	0	0	65.5441	917
8	12	0	0	0	0	66.7838	918
8	12	0	0	0	0	64.0721	919
8	12	0	0	0	0	68.9485	920
8	12	0	0	0	0	64.0382	921
8	13	0	0	0	0	65.5856	922
8	13	0	0	0	0	66.5536	923
8	13	0	0	0	0	57.5118	924
8	13	0	0	0	0	74.5385	925
8	13	0	0	0	0	73.2145	926
8	14	0	0	0	0	72.1874	927
8	14	0	0	0	0	71.6892	928
8	14	0	0	0	0	73.3866	929
8	14	0	0	0	0	63.7243	930
8	14	0	0	0	0	75.4484	931
8	14	0	0	0	0	77.0348	932
9	14	0	0	0	0	75.3344	933
9	14	0	0	0	0	74.4977	934
9	13	0	0	0	0	75.9841	935
9	13	0	0	0	0	76.7193	936
9	13	0	0	0	0	74.1679	937
9	13	0	0	0	0	74.9401	938
9	13	0	0	0	0	74.7819	939
9	13	0	0	0	0	69.9747	940
9	13	0	0	0	0	70.113	941
8	13	0	0	0	0	73.3556	942
8	13	0	0	0	0	64.4888	943
8	13	0	0	0	0	70.5078	944
8	13	0	0	0	0	69.7062	945
8	13	0	0	0	0	68.1862	946
7	13	0	0	0	0	61.6004	947
7	13	0	0	0	0	62.0522	948
7	13	0	0	0	0	70.6188	949
8	13	0	0	0	0	59.6217	950
8	13	0	0	0	0	68.203	951
8	13	0	0	0	0	67.3903	952
8	14	0	0	0	0	62.3683	953
8	14	0	0	0	0	69.8186	954
8	13	0	0	0	0	58.3666	955
8	13	0	0	0	0	61.3696	956
8	13	0	0	0	0	66.5388	957
7	13	0	0	0	0	65.8769	958
7	13	0	0	0	0	63.6436	959
7	12	0	0	0	0	62.8837	960
7	12	0	0	0	0	64.2482	961
8	12	0	0	0	0	64.7836	962
8	12	0	0	0	0	61.3006	963
8	12	0	0	0	0	70.1881	964
8	12	0	0	0	0	61.0553	965
8	12	0	0	0	0	69.9385	966
8	12	0	0	0	0	62.3098	967
8	12	0	0	0	0	61.1118	968
8	12	0	0	0	0	57.5593	969
8	12	0	0	0	0	62.3355	970
8	12	0	0	0	0	66.7387	971
8	12	0	0	0	0	64.969	972
8	11	0	0	0	0	62.9818	973
8	12	0	0	0	0	60.9509	974
8	11	0	0	0	0	53.7455	975
8	11	0	0	0	0	60.6143	976
8	11	0	0	0	0	64.6423	977
8	11	0	0	0	0	58.0177	978
8	10	0	0	0	0	63.5786	979
8	10	0	0	0	0	56.0009	980
8	10	0	0	0	0	43.9456	981
9	10	0	0	0	0	63.9667	982
9	10	0	0	0	0	64.1418	983
9	10	0	0	0	0	68.6432	984
9	10	0	0	0	0	56.0411	985
9	10	0	0	0	0	60.1436	986
9	10	0	0	0	0	62.8635	987
9	10	0	0	0	0	57.771	988
9	10	0	0	0	0	66.3922	989
10	10	0	0	0	0	60.9518	990
11	9	0	0	0	0	62.9095	991
10	9	0	0	0	0	59.0766	992
10	9	0	0	0	0	60.855	993
10	8	0	0	0	0	60.3108	994
11	8	0	0	0	0	61.4943	995
11	8	0	0	0	0	61.7054	996
11	8	0	0	0	0	60.468	997
11	8	0	0	0	0	58.8475	998
11	7	0	0	0	0	62.4352	999
11	7	0	0	0	0	62.9043	1000
11	7	0	0	0	0	55.5627	1001
11	9	0	0	0	0	45.4419	1002
11	10	0	0	0	0	72.9261	1003
11	10	0	0	0	0	68.1801	1004
11	11	0	0	0	0	70.6166	1005
11	11	0	0	0	0	67.8402	1006
11	11	0	0	0	0	72.257	1007
11	11	0	0	0	0	54.8814	1008
11	11	0	0	0	0	60.7418	1009
11	11	0	0	0	0	66.2676	1010
10	11	0	0	0	0	66.684	1011
9	11	0	0	0	0	64.9686	1012
9	11	0	0	0	0	69.3697	1013
9	10	0	0	0	0	53.1834	1014
9	10	0	0	0	0	65.1248	1015
9	10	0	0	0	0	65.4166	1016
9	10	0	0	0	0	66.7308	1017
9	10	0	0	0	0	62.139	1018
9	10	0	0	0	0	67.8964	1019
9	10	0	0	0	0	59.3305	1020
9	10	0	0	0	0	63.4148	1021
9	10	0	0	0	0	66.9773	1022
9	10	0	0	0	0	62.2482	1023
9	10	0	0	0	0	63.0313	1024
9	9	0	0	0	0	59.7447	1025
9	9	0	0	0	0	54.9609	1026
8	9	0	0	0	0	54.9251	1027
9	9	0	0	0	0	57.0809	1028
9	9	0	0	0	0	48.4495	1029
9	10	0	0	0	0	49.5147	1030
9	10	0	0	0	0	53.3978	1031
9	10	0	0	0	0	47.0425	1032
9	10	0	0	0	0	47.695	1033
9	10	0	0	0	0	52.4653	1034
8	10	0	0	0	0	38.4508	1035
8	10	0	0	0	0	46.0453	1036
8	10	0	0	0	0	54.8872	1037
8	9	0	0	0	0	59.3077	1038
8	9	0	0	0	0	56.2654	1039
8	9	0	0	0	0	52.6093	1040
8	9	0	0	0	0	57.7243	1041
8	9	0	0	0	0	52.1524	1042
8	9	0	0	0	0	53.1033	1043
8	9	0	0	0	0	55.2412	1044
9	9	0	0	0	0	52.1337	1045
9	8	0	0	0	0	57.6887	1046
9	8	0	0	0	0	53.6341	1047
9	8	0	0	0	0	60.3561	1048
9	8	0	0	0	0	57.2198	1049
9	8	0	0	0	0	51.087	1050
9	8	0	0	0	0	54.1488	1051
9	8	0	0	0	0	53.0569	1052
9	8	0	0	0	0	49.9192	1053
9	8	0	0	0	0	50.2639	1054
9	8	0	0	0	0	46.4253	1055
9	8	0	0	0	0	54.626	1056
9	8	0	0	0	0	53.0021	1057
9	8	0	0	0	0	53.5881	1058
10	7	0	0	0	0	51.2618	1059
10	7	0	0	0	0	58.4973	1060
10	7	0	0	0	0	55.3364	1061
10	7	0	0	0	0	57.3319	1062
10	7	0	0	0	0	59.0928	1063
10	7	0	0	0	0	56.2817	1064
10	7	0	0	0	0	60.5274	1065
10	7	0	0	0	0	40.6194	1066
9	6	0	0	0	0	47.448	1067
9	6	0	0	0	0	45.0152	1068
9	6	0	0	0	0	40.2166	1069
9	5	0	0	0	0	47.6081	1070
9	5	0	0	0	0	40.0115	1071
9	5	0	0	0	0	48.2115	1072
9	5	0	0	0	0	45.1103	1073
10	5	0	0	0	0	45.9193	1074
10	5	0	0	0	0	45.3208	1075
10	5	0	0	0	0	45.1768	1076
10	4	0	0	0	0	45.8306	1077
10	4	0	0	0	0	48.4782	1078
10	4	0	0	0	0	49.3473	1079
10	4	0	0	0	0	36.3516	1080
12	4	0	0	0	0	40.3379	1081
12	4	0	0	0	0	44.1903	1082
11	4	0	0	0	0	50.3111	1083
11	4	0	0	0	0	44.3265	1084
11	4	0	0	0	0	51.4521	1085
11	4	0	0	0	0	50.7664	1086
12	4	0	0	0	0	49.1717	1087
12	4	0	0	0	0	48.9781	1088
13	4	0	0	0	0	47.0616	1089
13	4	0	0	0	0	41.9559	1090
13	4	0	0	0	0	55.2277	1091
13	4	0	0	0	0	56.7292	1092
13	4	0	0	0	0	43.1562	1093
13	5	0	0	0	0	57.0623	1094
13	5	0	0	0	0	55.2883	1095
14	6	0	0	0	0	59.2626	1096
14	6	0	0	0	0	55.6889	1097
13	6	0	0	0	0	59.3936	1098
13	6	0	0	0	0	60.0744	1099
14	6	0	0	0	0	49.9997	1100
14	6	0	0	0	0	66.7941	1101
14	6	0	0	0	0	64.456	1102
14	6	0	0	0	0	70.7744	1103
14	9	0	0	0	0	63.4542	1104
13	10	0	0	0	0	62.5799	1105
13	10	0	0	0	0	78.8918	1106
13	10	0	0	0	0	75.8683	1107
13	10	0	0	0	0	77.8372	1108
13	10	0	0	0	0	67.9061	1109
13	10	0	0	0	0	76.7628	1110
13	10	0	0	0	0	70.3778	1111
12	10	0	0	0	0	62.3717	1112
11	10	0	0	0	0	68.2077	1113
11	10	0	0	0	0	66.7456	1114
11	10	0	0	0	0	71.1937	1115
11	10	0	0	0	0	69.2784	1116
11	10	0	0	0	0	69.1832	1117
10	10	0	0	0	0	68.9101	1118
10	10	0	0	0	0	66.365	1119
10	10	0	0	0	0	57.9187	1120
10	9	0	0	0	0	62.7337	1121
11	9	0	0	0	0	61.3797	1122
11	9	0	0	0	0	59.8627	1123
11	9	0	0	0	0	60.2782	1124
11	9	0	0	0	0	66.2934	1125
11	9	0	0	0	0	68.1723	1126
11	9	0	0	0	0	58.2276	1127
11	9	0	0	0	0	66.7129	1128
11	9	0	0	0	0	70.4637	1129
11	9	0	0	0	0	70.1042	1130
11	9	0	0	0	0	67.9005	1131
11	9	0	0	0	0	66.0747	1132
11	9	0	0	0	0	64.0851	1133
11	9	0	0	0	0	67.4235	1134
11	9	0	0	0	0	62.9591	1135
11	8	0	0	0	0	52.3025	1136
11	8	0	0	0	0	61.6473	1137
11	8	0	0	0	0	62.9162	1138
10	8	0	0	0	0	65.3202	1139
10	8	0	0	0	0	53.6014	1140
10	9	0	0	0	0	59.8161	1141
10	9	0	0	0	0	63.8203	1142
11	9	0	0	0	0	61.2888	1143
11	9	0	0	0	0	56.9636	1144
11	9	0	0	0	0	58.8569	1145
11	9	0	0	0	0	57.802	1146
11	9	0	0	0	0	58.0771	1147
11	8	0	0	0	0	60.7834	1148
9	8	0	0	0	0	48.0741	1149
8	8	0	0	0	0	55.1875	1150
8	8	0	0	0	0	52.9588	1151
8	9	0	0	0	0	54.5167	1152
8	9	0	0	0	0	55.8644	1153
9	9	0	0	0	0	57.6039	1154
9	9	0	0	0	0	57.2873	1155
9	9	0	0	0	0	56.4804	1156
10	9	0	0	0	0	55.6932	1157
10	9	0	0	0	0	65.958	1158
10	9	0	0	0	0	63.1809	1159
10	8	0	0	0	0	59.8039	1160
9	8	0	0	0	0	54.8769	1161
9	9	0	0	0	0	59.092	1162
9	9	0	0	0	0	59.4391	1163
9	9	0	0	0	0	64.4945	1164
9	10	0	0	0	0	49.7862	1165
9	9	0	0	0	0	59.1334	1166
9	9	0	0	0	0	60.5861	1167
9	9	0	0	0	0	55.8803	1168
9	9	0	0	0	0	54.8547	1169
9	8	0	0	0	0	56.4943	1170
9	8	0	0	0	0	53.0416	1171
9	8	0	0	0	0	51.5438	1172
8	8	0	0	0	0	53.8358	1173
8	8	0	0	0	0	52.525	1174
8	8	0	0	0	0	52.6683	1175
8	8	0	0	0	0	54.6638	1176
8	8	0	0	0	0	54.5155	1177
8	8	0	0	0	0	53.4139	1178
8	8	0	0	0	0	46.2995	1179
8	8	0	0	0	0	53.526	1180
8	8	0	0	0	0	57.4733	1181
8	8	0	0	0	0	48.9436	1182
8	7	0	0	0	0	50.2053	1183
8	7	0	0	0	0	52.8556	1184
8	7	0	0	0	0	49.8354	1185
8	7	0	0	0	0	43.7017	1186
8	7	0	0	0	0	46.4547	1187
8	7	0	0	0	0	45.4458	1188
8	8	0	0	0	0	47.4348	1189
7	8	0	0	0	0	49.5856	1190
8	8	0	0	0	0	50.0379	1191
8	8	0	0	0	0	47.5517	1192
8	8	0	0	0	0	49.8283	1193
8	9	0	0	0	0	51.3315	1194
8	9	0	0	0	0	46.9451	1195
9	10	0	0	0	0	48.7067	1196
9	10	0	0	0	0	50.9608	1197
9	10	0	0	0	0	49.3012	1198
9	10	0	0	0	0	47.9285	1199
9	10	0	0	0	0	53.0416	1200
9	10	0	0	0	0	62.0097	1201
9	10	0	0	0	0	59.4013	1202
9	10	0	0	0	0	64.7856	1203
8	10	0	0	0	0	62.8786	1204
8	10	0	0	0	0	62.2735	1205
8	10	0	0	0	0	64.683	1206
8	10	0	0	0	0	54.6847	1207
8	10	0	0	0	0	62.2862	1208
8	10	0	0	0	0	60.3025	1209
8	10	0	0	0	0	59.5615	1210
8	10	0	0	0	0	59.7606	1211
8	10	0	0	0	0	55.5397	1212
6	10	0	0	0	0	48.2858	1213
6	10	0	0	0	0	56.6115	1214
6	10	0	0	0	0	51.9909	1215
6	10	0	0	0	0	46.8424	1216
6	10	0	0	0	0	55.1593	1217
6	10	0	0	0	0	50.3419	1218
6	10	0	0	0	0	54.4685	1219
6	10	0	0	0	0	55.2681	1220
6	10	0	0	0	0	52.9256	1221
6	10	0	0	0	0	52.9372	1222
7	10	0	0	0	0	51.9443	1223
7	10	0	0	0	0	58.3535	1224
7	10	0	0	0	0	57.6278	1225
7	10	0	0	0	0	51.775	1226
7	11	0	0	0	0	54.6747	1227
7	11	0	0	0	0	55.8449	1228
7	13	0	0	0	0	59.8816	1229
7	14	0	0	0	0	66.629	1230
7	14	0	0	0	0	71.4194	1231
7	15	0	0	0	0	67.4217	1232
7	15	0	0	0	0	69.5404	1233
8	15	0	0	0	0	73.8162	1234
8	15	0	0	0	0	69.8463	1235
8	15	0	0	0	0	78.3387	1236
8	15	0	0	0	0	81.4041	1237
8	15	0	0	0	0	77.9378	1238
8	16	0	0	0	0	74.3356	1239
8	16	0	0	0	0	80.9514	1240
8	15	0	0	0	0	74.0198	1241
8	15	0	0	0	0	73.5911	1242
8	15	0	0	0	0	72.9545	1243
8	14	0	0	0	0	65.2792	1244
8	12	0	0	0	0	59.6217	1245
8	11	0	0	0	0	66.1006	1246
8	12	0	0	0	0	66.6934	1247
8	12	0	0	0	0	68.2997	1248
8	12	0	0	0	0	73.164	1249
8	12	0	0	0	0	70.1511	1250
9	12	0	0	0	0	66.1081	1251
9	12	0	0	0	0	70.6807	1252
9	12	0	0	0	0	73.2474	1253
10	12	0	0	0	0	72.958	1254
10	12	0	0	0	0	74.3902	1255
10	12	0	0	0	0	73.2591	1256
10	12	0	0	0	0	65.098	1257
10	13	0	0	0	0	70.7018	1258
11	13	0	0	0	0	65.0923	1259
11	12	0	0	0	0	64.4572	1260
11	12	0	0	0	0	67.7968	1261
10	12	0	0	0	0	75.254	1262
10	13	0	0	0	0	67.922	1263
9	13	0	0	0	0	74.4457	1264
9	13	0	0	0	0	70.2295	1265
9	13	0	0	0	0	72.7758	1266
9	13	0	0	0	0	75.0964	1267
9	13	0	0	0	0	75.7018	1268
9	13	0	0	0	0	70.5717	1269
9	13	0	0	0	0	70.5883	1270
9	14	0	0	0	0	70.8132	1271
8	14	0	0	0	0	69.2004	1272
8	14	0	0	0	0	69.7899	1273
8	14	0	0	0	0	69.8953	1274
8	13	0	0	0	0	75.7506	1275
8	13	0	0	0	0	77.1919	1276
8	13	0	0	0	0	70.8125	1277
9	13	0	0	0	0	73.6563	1278
10	13	0	0	0	0	66.5019	1279
10	14	0	0	0	0	78.3703	1280
10	14	0	0	0	0	80.282	1281
10	14	0	0	0	0	76.9523	1282
10	14	0	0	0	0	75.0972	1283
10	14	0	0	0	0	81.1024	1284
10	14	0	0	0	0	80.5354	1285
10	14	0	0	0	0	79.9733	1286
10	14	0	0	0	0	82.746	1287
10	14	0	0	0	0	84.5772	1288
10	14	0	0	0	0	64.6771	1289
10	14	0	0	0	0	82.4816	1290
10	14	0	0	0	0	83.4668	1291
10	14	0	0	0	0	69.8901	1292
10	14	0	0	0	0	80.6878	1293
10	14	0	0	0	0	82.3617	1294
10	13	0	0	0	0	80.2524	1295
10	13	0	0	0	0	80.7254	1296
10	13	0	0	0	0	78.5771	1297
10	13	0	0	0	0	78.0061	1298
10	13	0	0	0	0	80.9131	1299
10	13	0	0	0	0	79.4871	1300
10	13	0	0	0	0	78.2154	1301
10	13	0	0	0	0	84.6383	1302
10	13	0	0	0	0	75.2363	1303
10	14	0	0	0	0	71.4378	1304
9	14	0	0	0	0	78.394	1305
9	14	0	0	0	0	76.0142	1306
9	14	0	0	0	0	77.5261	1307
9	14	0	0	0	0	81.1094	1308
9	14	0	0	0	0	79.257	1309
9	14	0	0	0	0	75.4243	1310
9	14	0	0	0	0	79.1665	1311
9	14	0	0	0	0	79.0473	1312
10	13	0	0	0	0	66.8147	1313
10	13	0	0	0	0	70.7082	1314
11	12	0	0	0	0	73.9843	1315
11	11	0	0	0	0	79.5274	1316
11	11	0	0	0	0	78.4425	1317
11	11	0	0	0	0	76.1891	1318
11	11	0	0	0	0	80.5879	1319
11	13	0	0	0	0	74.6634	1320
11	13	0	0	0	0	78.1278	1321
10	13	0	0	0	0	78.3878	1322
10	13	0	0	0	0	78.8446	1323
9	13	0	0	0	0	75.7007	1324
9	14	0	0	0	0	75.4367	1325
9	14	0	0	0	0	77.8434	1326
9	14	0	0	0	0	75.2304	1327
9	14	0	0	0	0	79.743	1328
8	14	0	0	0	0	65.9644	1329
8	14	0	0	0	0	76.0588	1330
8	14	0	0	0	0	75.6606	1331
8	14	0	0	0	0	76.4771	1332
8	14	0	0	0	0	66.7221	1333
7	14	0	0	0	0	61.5105	1334
7	14	0	0	0	0	67.7685	1335
7	14	0	0	0	0	71.3271	1336
7	15	0	0	0	0	75.9967	1337
8	15	0	0	0	0	71.2315	1338
8	14	0	0	0	0	62.025	1339
9	14	0	0	0	0	68.7856	1340
10	13	0	0	0	0	73.0185	1341
10	13	0	0	0	0	73.8567	1342
10	13	0	0	0	0	81.454	1343
10	13	0	0	0	0	71.4073	1344
10	13	0	0	0	0	70.0962	1345
10	12	0	0	0	0	77.0991	1346
10	12	0	0	0	0	72.7724	1347
10	11	0	0	0	0	66.6296	1348
10	12	0	0	0	0	69.0945	1349
10	12	0	0	0	0	70.5921	1350
10	12	0	0	0	0	71.0734	1351
10	12	0	0	0	0	74.1516	1352
10	12	0	0	0	0	66.0466	1353
10	12	0	0	0	0	66.5955	1354
10	12	0	0	0	0	78.7183	1355
11	12	0	0	0	0	77.2116	1356
11	12	0	0	0	0	71.1619	1357
12	12	0	0	0	0	79.3725	1358
12	12	0	0	0	0	80.4112	1359
12	12	0	0	0	0	82.2866	1360
12	12	0	0	0	0	79.2702	1361
12	12	0	0	0	0	78.4579	1362
12	11	0	0	0	0	75.3452	1363
12	11	0	0	0	0	79.6811	1364
12	11	0	0	0	0	75.9285	1365
12	11	0	0	0	0	77.1879	1366
12	11	0	0	0	0	76.4753	1367
12	11	0	0	0	0	78.779	1368
12	11	0	0	0	0	74.6188	1369
12	11	0	0	0	0	70.9727	1370
12	11	0	0	0	0	75.229	1371
12	11	0	0	0	0	76.2327	1372
11	11	0	0	0	0	63.792	1373
11	11	0	0	0	0	74.6137	1374
11	11	0	0	0	0	58.8499	1375
11	10	0	0	0	0	64.601	1376
12	10	0	0	0	0	73.7704	1377
12	10	0	0	0	0	73.0506	1378
13	10	0	0	0	0	66.8141	1379
12	9	0	0	0	0	65.6721	1380
13	9	0	0	0	0	66.4498	1381
13	8	0	0	0	0	71.9254	1382
14	8	0	0	0	0	72.1677	1383
14	8	0	0	0	0	77.2243	1384
14	8	0	0	0	0	77.2268	1385
15	8	0	0	0	0	78.2097	1386
15	9	0	0	0	0	77.093	1387
15	9	0	0	0	0	79.9646	1388
15	9	0	0	0	0	81.9888	1389
15	9	0	0	0	0	85.321	1390
15	9	0	0	0	0	84.059	1391
16	9	0	0	0	0	70.3484	1392
18	9	0	0	0	0	90.1697	1393
18	9	0	0	0	0	87.7345	1394
18	10	0	0	0	0	92.6264	1395
17	10	0	0	0	0	97.0688	1396
17	10	0	0	0	0	93.9028	1397
17	10	0	0	0	0	88.1462	1398
17	10	0	0	0	0	89.3556	1399
17	10	0	0	0	0	86.7521	1400
17	10	0	0	0	0	86.3733	1401
17	10	0	0	0	0	89.265	1402
17	9	0	0	0	0	80.3228	1403
16	9	0	0	0	0	82.0011	1404
16	9	0	0	0	0	85.2657	1405
16	9	0	0	0	0	81.0686	1406
16	9	0	0	0	0	75.8042	1407
16	8	0	0	0	0	76.8747	1408
14	9	0	0	0	0	77.1346	1409
14	9	0	0	0	0	75.494	1410
14	9	0	0	0	0	76.7419	1411
14	9	0	0	0	0	83.1933	1412
14	9	0	0	0	0	85.1969	1413
16	9	0	0	0	0	74.5244	1414
16	9	0	0	0	0	89.7803	1415
16	9	0	0	0	0	71.3069	1416
16	9	0	0	0	0	81.7038	1417
17	9	0	0	0	0	90.5596	1418
17	9	0	0	0	0	92.8946	1419
17	9	0	0	0	0	75.1533	1420
18	9	0	0	0	0	90.0988	1421
18	9	0	0	0	0	92.3451	1422
18	9	0	0	0	0	94.5976	1423
18	9	0	0	0	0	81.8934	1424
18	9	0	0	0	0	94.1377	1425
18	9	0	0	0	0	90.4514	1426
18	9	0	0	0	0	79.2062	1427
15	9	0	0	0	0	77.3933	1428
15	9	0	0	0	0	77.0457	1429
15	8	0	0	0	0	75.403	1430
15	8	0	0	0	0	81.3012	1431
15	8	0	0	0	0	71.1385	1432
14	8	0	0	0	0	65.7751	1433
14	8	0	0	0	0	80.3269	1434
14	8	0	0	0	0	78.0114	1435
14	8	0	0	0	0	75.8608	1436
14	8	0	0	0	0	75.3453	1437
14	8	0	0	0	0	76.2939	1438
14	8	0	0	0	0	72.3083	1439
14	8	0	0	0	0	65.653	1440
14	8	0	0	0	0	75.4107	1441
14	8	0	0	0	0	67.0609	1442
14	8	0	0	0	0	74.3244	1443
14	8	0	0	0	0	71.879	1444
14	8	0	0	0	0	68.9693	1445
14	8	0	0	0	0	66.8441	1446
12	8	0	0	0	0	67.563	1447
12	8	0	0	0	0	68.5819	1448
12	9	0	0	0	0	62.4633	1449
12	9	0	0	0	0	69.1538	1450
12	9	0	0	0	0	64.0792	1451
12	9	0	0	0	0	71.6939	1452
12	9	0	0	0	0	69.0379	1453
12	8	0	0	0	0	61.5285	1454
12	8	0	0	0	0	66.798	1455
12	8	0	0	0	0	64.2692	1456
12	9	0	0	0	0	72.1737	1457
12	9	0	0	0	0	67.6135	1458
12	10	0	0	0	0	70.4207	1459
13	10	0	0	0	0	71.0759	1460
13	10	0	0	0	0	75.7131	1461
13	10	0	0	0	0	70.4531	1462
12	10	0	0	0	0	80.415	1463
12	10	0	0	0	0	68.7505	1464
11	11	0	0	0	0	70.4983	1465
12	11	0	0	0	0	65.4082	1466
12	12	0	0	0	0	71.2954	1467
12	12	0	0	0	0	73.0198	1468
12	12	0	0	0	0	63.9693	1469
13	11	0	0	0	0	76.8529	1470
13	11	0	0	0	0	63.6671	1471
13	10	0	0	0	0	65.8307	1472
13	10	0	0	0	0	83.5634	1473
13	10	0	0	0	0	75.7705	1474
13	9	0	0	0	0	79.0148	1475
13	9	0	0	0	0	78.3437	1476
13	9	0	0	0	0	70.8101	1477
13	9	0	0	0	0	79.4657	1478
13	9	0	0	0	0	71.5399	1479
13	9	0	0	0	0	70.7554	1480
13	9	0	0	0	0	78.5388	1481
13	9	0	0	0	0	73.243	1482
13	9	0	0	0	0	69.9865	1483
12	9	0	0	0	0	69.9403	1484
13	9	0	0	0	0	75.6339	1485
13	9	0	0	0	0	74.3402	1486
13	9	0	0	0	0	61.4688	1487
13	9	0	0	0	0	69.326	1488
11	9	0	0	0	0	62.4842	1489
10	10	0	0	0	0	57.24	1490
10	11	0	0	0	0	61.1339	1491
9	10	0	0	0	0	61.5755	1492
9	10	0	0	0	0	60.8519	1493
9	10	0	0	0	0	62.557	1494
8	10	0	0	0	0	60.5162	1495
8	10	0	0	0	0	50.0377	1496
8	10	0	0	0	0	58.8136	1497
8	10	0	0	0	0	59.0445	1498
8	9	0	0	0	0	61.2814	1499
8	9	0	0	0	0	47.5594	1500
8	8	0	0	0	0	47.702	1501
9	8	0	0	0	0	54.4136	1502
9	8	0	0	0	0	61.5036	1503
9	8	0	0	0	0	57.4808	1504
9	8	0	0	0	0	60.8375	1505
9	8	0	0	0	0	57.4458	1506
9	8	0	0	0	0	54.6987	1507
9	8	0	0	0	0	53.8089	1508
9	8	0	0	0	0	58.782	1509
9	8	0	0	0	0	51.087	1510
9	8	0	0	0	0	57.2939	1511
8	8	0	0	0	0	47.5138	1512
8	8	0	0	0	0	45.4029	1513
8	8	0	0	0	0	50.4066	1514
8	8	0	0	0	0	50.3191	1515
8	8	0	0	0	0	51.1017	1516
8	8	0	0	0	0	46.2962	1517
8	8	0	0	0	0	46.9109	1518
8	7	0	0	0	0	46.1956	1519
8	8	0	0	0	0	51.1582	1520
8	8	0	0	0	0	55.2347	1521
8	8	0	0	0	0	56.215	1522
8	8	0	0	0	0	55.5355	1523
8	8	0	0	0	0	49.9114	1524
8	9	0	0	0	0	53.3915	1525
8	9	0	0	0	0	54.2239	1526
8	9	0	0	0	0	46.0898	1527
8	10	0	0	0	0	61.1249	1528
9	10	0	0	0	0	58.5237	1529
9	10	0	0	0	0	57.8696	1530
8	11	0	0	0	0	56.9797	1531
8	11	0	0	0	0	65.6387	1532
8	11	0	0	0	0	59.4209	1533
8	11	0	0	0	0	57.7044	1534
8	11	0	0	0	0	57.7044	1535
8	11	0	0	0	0	59.3545	1536
8	10	0	0	0	0	57.4176	1537
8	10	0	0	0	0	62.175	1538
8	10	0	0	0	0	56.4781	1539
7	10	0	0	0	0	53.0589	1540
7	11	0	0	0	0	55.6516	1541
7	11	0	0	0	0	51.3186	1542
6	11	0	0	0	0	57.0941	1543
6	11	0	0	0	0	53.9327	1544
6	11	0	0	0	0	45.2295	1545
6	11	0	0	0	0	39.2204	1546
6	11	0	0	0	0	55.5374	1547
6	11	0	0	0	0	55.8447	1548
5	11	0	0	0	0	57.5922	1549
5	11	0	0	0	0	50.1433	1550
5	11	0	0	0	0	49.8782	1551
5	11	0	0	0	0	56.7996	1552
5	11	0	0	0	0	53.2423	1553
5	11	0	0	0	0	46.9857	1554
5	11	0	0	0	0	52.3659	1555
5	11	0	0	0	0	51.3343	1556
5	13	0	0	0	0	51.8431	1557
5	13	0	0	0	0	56.9193	1558
6	13	0	0	0	0	59.8972	1559
6	13	0	0	0	0	56.3415	1560
6	13	0	0	0	0	53.2699	1561
6	13	0	0	0	0	58.1108	1562
6	12	0	0	0	0	59.0161	1563
6	12	0	0	0	0	56.5315	1564
6	12	0	0	0	0	53.8643	1565
6	12	0	0	0	0	62.8329	1566
6	12	0	0	0	0	60.8207	1567
6	12	0	0	0	0	59.9734	1568
6	12	0	0	0	0	55.9597	1569
6	13	0	0	0	0	56.9274	1570
7	15	0	0	0	0	69.1326	1571
7	15	0	0	0	0	67.885	1572
7	15	0	0	0	0	61.7686	1573
7	14	0	0	0	0	72.5902	1574
7	15	0	0	0	0	58.3171	1575
7	15	0	0	0	0	78.4211	1576
7	15	0	0	0	0	74.5188	1577
8	15	0	0	0	0	72.5119	1578
8	15	0	0	0	0	67.5911	1579
8	15	0	0	0	0	84.8829	1580
8	15	0	0	0	0	82.3522	1581
8	15	0	0	0	0	66.4481	1582
8	14	0	0	0	0	79.6323	1583
8	14	0	0	0	0	73.3855	1584
8	14	0	0	0	0	70.8537	1585
8	14	0	0	0	0	71.5566	1586
8	14	0	0	0	0	70.5162	1587
8	14	0	0	0	0	78.2097	1588
8	14	0	0	0	0	76.254	1589
7	14	0	0	0	0	72.7564	1590
7	14	0	0	0	0	76.4837	1591
7	14	0	0	0	0	67.9724	1592
7	14	0	0	0	0	60.9651	1593
7	14	0	0	0	0	66.6514	1594
7	14	0	0	0	0	71.8531	1595
7	14	0	0	0	0	65.9555	1596
7	13	0	0	0	0	58.0008	1597
7	13	0	0	0	0	58.4782	1598
7	12	0	0	0	0	51.2486	1599
6	12	0	0	0	0	56.9351	1600
6	12	0	0	0	0	59.3702	1601
6	12	0	0	0	0	53.6946	1602
6	12	0	0	0	0	54.0149	1603
5	12	0	0	0	0	53.2203	1604
5	12	0	0	0	0	53.1522	1605
5	12	0	0	0	0	50.2414	1606
5	11	0	0	0	0	57.3512	1607
5	11	0	0	0	0	52.5731	1608
5	11	0	0	0	0	52.8198	1609
5	11	0	0	0	0	56.6622	1610
6	11	0	0	0	0	52.5731	1611
6	11	0	0	0	0	48.3698	1612
6	11	0	0	0	0	45.1578	1613
6	11	0	0	0	0	48.2318	1614
6	10	0	0	0	0	56.413	1615
6	10	0	0	0	0	49.1044	1616
6	11	0	0	0	0	48.6058	1617
6	11	0	0	0	0	49.5205	1618
5	11	0	0	0	0	50.4717	1619
5	11	0	0	0	0	51.1156	1620
5	11	0	0	0	0	52.5913	1621
5	11	0	0	0	0	51.4846	1622
5	11	0	0	0	0	45.9192	1623
4	11	0	0	0	0	44.8212	1624
4	11	0	0	0	0	49.6382	1625
4	11	0	0	0	0	44.3761	1626
4	11	0	0	0	0	45.8306	1627
5	11	0	0	0	0	49.068	1628
5	11	0	0	0	0	48.2004	1629
5	11	0	0	0	0	48.2588	1630
6	11	0	0	0	0	50.3053	1631
6	11	0	0	0	0	44.7996	1632
6	11	0	0	0	0	57.09	1633
6	12	0	0	0	0	55.6298	1634
6	12	0	0	0	0	63.8107	1635
6	12	0	0	0	0	52.878	1636
6	13	0	0	0	0	57.8426	1637
6	13	0	0	0	0	45.9405	1638
6	13	0	0	0	0	52.4351	1639
6	13	0	0	0	0	60.2527	1640
6	13	0	0	0	0	58.2628	1641
6	12	0	0	0	0	55.5865	1642
6	12	0	0	0	0	60.4061	1643
6	12	0	0	0	0	54.8981	1644
6	12	0	0	0	0	53.2473	1645
6	13	0	0	0	0	58.5773	1646
6	13	0	0	0	0	56.4378	1647
6	13	0	0	0	0	61.5539	1648
5	13	0	0	0	0	56.0574	1649
5	13	0	0	0	0	55.8661	1650
6	13	0	0	0	0	59.0939	1651
6	13	0	0	0	0	61.9899	1652
7	13	0	0	0	0	65.4589	1653
7	13	0	0	0	0	63.5247	1654
7	13	0	0	0	0	65.8267	1655
7	13	0	0	0	0	61.351	1656
7	14	0	0	0	0	58.0118	1657
7	14	0	0	0	0	64.0866	1658
7	14	0	0	0	0	64.2749	1659
7	14	0	0	0	0	55.7107	1660
7	14	0	0	0	0	54.0114	1661
7	13	0	0	0	0	64.6227	1662
7	13	0	0	0	0	57.6668	1663
7	13	0	0	0	0	69.639	1664
7	13	0	0	0	0	64.1149	1665
6	13	0	0	0	0	57.1376	1666
6	13	0	0	0	0	68.1851	1667
6	14	0	0	0	0	66.1358	1668
6	14	0	0	0	0	61.8769	1669
6	14	0	0	0	0	70.1955	1670
6	15	0	0	0	0	69.1635	1671
6	15	0	0	0	0	64.6255	1672
6	15	0	0	0	0	66.0535	1673
6	15	0	0	0	0	71.0982	1674
7	15	0	0	0	0	69.1914	1675
7	15	0	0	0	0	69.3042	1676
7	15	0	0	0	0	66.1504	1677
7	14	0	0	0	0	67.2684	1678
7	14	0	0	0	0	70.217	1679
7	14	0	0	0	0	51.2936	1680
7	13	0	0	0	0	65.8381	1681
7	13	0	0	0	0	70.0083	1682
7	13	0	0	0	0	60.6228	1683
7	12	0	0	0	0	56.8697	1684
7	12	0	0	0	0	63.1457	1685
6	12	0	0	0	0	58.3575	1686
6	12	0	0	0	0	64.547	1687
6	12	0	0	0	0	55.3797	1688
6	12	0	0	0	0	55.8119	1689
8	12	0	0	0	0	51.6789	1690
8	12	0	0	0	0	60.984	1691
8	13	0	0	0	0	63.8206	1692
8	13	0	0	0	0	63.5441	1693
8	13	0	0	0	0	57.626	1694
8	13	0	0	0	0	73.931	1695
8	13	0	0	0	0	68.3655	1696
8	13	0	0	0	0	69.0149	1697
8	13	0	0	0	0	71.049	1698
8	15	0	0	0	0	70.1978	1699
8	18	0	0	0	0	74.3748	1700
8	17	0	0	0	0	85.176	1701
8	17	0	0	0	0	68.5982	1702
9	17	0	0	0	0	87.4724	1703
9	17	0	0	0	0	81.2301	1704
9	16	0	0	0	0	76.2199	1705
9	16	0	0	0	0	88.9673	1706
9	15	0	0	0	0	83.0829	1707
9	15	0	0	0	0	81.4573	1708
9	16	0	0	0	0	89.0188	1709
9	16	0	0	0	0	83.3194	1710
9	16	0	0	0	0	82.115	1711
9	16	0	0	0	0	89.6892	1712
9	16	0	0	0	0	88.7176	1713
9	16	0	0	0	0	86.4091	1714
9	17	0	0	0	0	90.202	1715
9	17	0	0	0	0	93.3932	1716
9	17	0	0	0	0	85.6974	1717
9	17	0	0	0	0	91.4458	1718
9	17	0	0	0	0	81.1048	1719
9	17	0	0	0	0	89.4114	1720
9	16	0	0	0	0	86.0617	1721
9	15	0	0	0	0	74.5177	1722
9	15	0	0	0	0	79.1504	1723
8	15	0	0	0	0	73.8928	1724
8	15	0	0	0	0	80.0029	1725
8	15	0	0	0	0	82.4576	1726
8	15	0	0	0	0	81.2085	1727
8	15	0	0	0	0	78.6724	1728
7	15	0	0	0	0	72.1574	1729
6	16	0	0	0	0	73.2036	1730
6	16	0	0	0	0	72.4131	1731
6	15	0	0	0	0	69.9296	1732
6	15	0	0	0	0	64.5753	1733
6	15	0	0	0	0	71.4274	1734
6	15	0	0	0	0	70.6405	1735
6	16	0	0	0	0	73.0053	1736
6	16	0	0	0	0	76.9643	1737
6	16	0	0	0	0	62.0278	1738
5	16	0	0	0	0	70.2248	1739
5	16	0	0	0	0	64.4341	1740
5	16	0	0	0	0	73.176	1741
5	16	0	0	0	0	75.956	1742
6	16	0	0	0	0	60.6738	1743
6	16	0	0	0	0	77.2091	1744
6	16	0	0	0	0	72.9337	1745
6	15	0	0	0	0	73.307	1746
7	14	0	0	0	0	70.6172	1747
7	15	0	0	0	0	64.6383	1748
8	15	0	0	0	0	80.4034	1749
8	15	0	0	0	0	79.219	1750
8	15	0	0	0	0	80.4519	1751
8	15	0	0	0	0	73.9743	1752
8	15	0	0	0	0	77.538	1753
8	15	0	0	0	0	81.5074	1754
8	15	0	0	0	0	74.7062	1755
8	15	0	0	0	0	76.3239	1756
7	15	0	0	0	0	75.0659	1757
7	15	0	0	0	0	78.442	1758
7	15	0	0	0	0	75.0997	1759
8	15	0	0	0	0	73.5377	1760
8	15	0	0	0	0	75.8474	1761
8	15	0	0	0	0	78.5181	1762
8	15	0	0	0	0	76.1478	1763
8	15	0	0	0	0	77.8907	1764
8	15	0	0	0	0	76.3595	1765
8	15	0	0	0	0	74.6181	1766
8	15	0	0	0	0	78.0193	1767
8	14	0	0	0	0	70.6061	1768
8	14	0	0	0	0	77.2779	1769
8	14	0	0	0	0	70.3849	1770
8	14	0	0	0	0	67.2356	1771
7	14	0	0	0	0	75.3782	1772
7	14	0	0	0	0	66.3615	1773
7	14	0	0	0	0	70.1403	1774
8	14	0	0	0	0	71.9783	1775
10	14	0	0	0	0	67.5979	1776
10	14	0	0	0	0	84.5933	1777
10	14	0	0	0	0	83.2807	1778
10	13	0	0	0	0	80.5794	1779
10	13	0	0	0	0	78.3639	1780
11	13	0	0	0	0	70.8048	1781
11	13	0	0	0	0	73.9854	1782
12	13	0	0	0	0	79.6473	1783
12	13	0	0	0	0	77.7188	1784
12	13	0	0	0	0	60.4569	1785
13	13	0	0	0	0	73.9639	1786
13	12	0	0	0	0	83.6825	1787
14	12	0	0	0	0	75.8416	1788
14	11	0	0	0	0	80.2704	1789
14	11	0	0	0	0	78.9396	1790
14	10	0	0	0	0	76.9171	1791
14	10	0	0	0	0	82.0515	1792
15	10	0	0	0	0	80.6494	1793
15	10	0	0	0	0	83.9425	1794
15	10	0	0	0	0	84.5489	1795
15	10	0	0	0	0	74.7519	1796
15	10	0	0	0	0	75.3023	1797
15	10	0	0	0	0	80.2005	1798
13	10	0	0	0	0	79.281	1799
13	10	0	0	0	0	72.259	1800
13	11	0	0	0	0	69.738	1801
13	11	0	0	0	0	76.8973	1802
13	11	0	0	0	0	73.4737	1803
13	11	0	0	0	0	76.8646	1804
13	11	0	0	0	0	72.4644	1805
13	11	0	0	0	0	75.3871	1806
13	11	0	0	0	0	83.3886	1807
13	11	0	0	0	0	80.0891	1808
13	11	0	0	0	0	73.4858	1809
12	11	0	0	0	0	73.9513	1810
12	11	0	0	0	0	80.4477	1811
12	11	0	0	0	0	81.3867	1812
12	11	0	0	0	0	70.6166	1813
12	11	0	0	0	0	82.3273	1814
12	12	0	0	0	0	85.3281	1815
12	12	0	0	0	0	72.5583	1816
12	12	0	0	0	0	76.9036	1817
11	12	0	0	0	0	73.0245	1818
11	12	0	0	0	0	75.2964	1819
11	12	0	0	0	0	76.8342	1820
11	11	0	0	0	0	77.7325	1821
11	11	0	0	0	0	73.5483	1822
10	11	0	0	0	0	68.8166	1823
10	10	0	0	0	0	68.6652	1824
10	10	0	0	0	0	59.6783	1825
11	10	0	0	0	0	68.7624	1826
11	10	0	0	0	0	62.2576	1827
11	9	0	0	0	0	58.3106	1828
11	9	0	0	0	0	68.714	1829
11	9	0	0	0	0	65.2754	1830
11	8	0	0	0	0	65.7216	1831
12	8	0	0	0	0	69.0227	1832
12	8	0	0	0	0	63.6607	1833
13	8	0	0	0	0	70.2991	1834
13	8	0	0	0	0	72.4822	1835
13	9	0	0	0	0	66.7703	1836
13	9	0	0	0	0	72.9074	1837
15	10	0	0	0	0	71.9705	1838
15	8	0	0	0	0	67.604	1839
13	8	0	0	0	0	71.757	1840
13	8	0	0	0	0	61.6976	1841
13	8	0	0	0	0	67.5192	1842
13	8	0	0	0	0	61.7615	1843
13	8	0	0	0	0	72.5938	1844
13	8	0	0	0	0	66.3283	1845
12	8	0	0	0	0	61.7455	1846
12	7	0	0	0	0	60.6637	1847
12	7	0	0	0	0	59.3707	1848
12	7	0	0	0	0	50.5465	1849
12	6	0	0	0	0	60.905	1850
13	6	0	0	0	0	56.7179	1851
13	6	0	0	0	0	63.3821	1852
13	6	0	0	0	0	63.0518	1853
13	6	0	0	0	0	63.2775	1854
13	7	0	0	0	0	64.2477	1855
13	7	0	0	0	0	62.4793	1856
13	7	0	0	0	0	63.6478	1857
13	7	0	0	0	0	63.0485	1858
14	7	0	0	0	0	52.3758	1859
14	7	0	0	0	0	51.2986	1860
11	7	0	0	0	0	64.3817	1861
11	7	0	0	0	0	60.6359	1862
11	7	0	0	0	0	59.6082	1863
11	8	0	0	0	0	61.6125	1864
11	8	0	0	0	0	65.3136	1865
11	8	0	0	0	0	58.3027	1866
11	9	0	0	0	0	65.0769	1867
11	9	0	0	0	0	65.2315	1868
11	9	0	0	0	0	57.7952	1869
11	9	0	0	0	0	66.8084	1870
11	9	0	0	0	0	65.4593	1871
11	8	0	0	0	0	61.8374	1872
11	8	0	0	0	0	64.4832	1873
11	8	0	0	0	0	66.0528	1874
11	8	0	0	0	0	69.2951	1875
11	8	0	0	0	0	63.5558	1876
11	8	0	0	0	0	66.7423	1877
11	8	0	0	0	0	66.7778	1878
11	8	0	0	0	0	64.5202	1879
11	8	0	0	0	0	62.7893	1880
11	8	0	0	0	0	62.5101	1881
11	8	0	0	0	0	68.3113	1882
11	8	0	0	0	0	66.8107	1883
11	8	0	0	0	0	66.8134	1884
11	8	0	0	0	0	53.7233	1885
11	8	0	0	0	0	64.5559	1886
11	10	0	0	0	0	62.9706	1887
11	10	0	0	0	0	68.9455	1888
11	10	0	0	0	0	62.1573	1889
12	10	0	0	0	0	64.1568	1890
12	10	0	0	0	0	70.5494	1891
12	10	0	0	0	0	78.3471	1892
12	10	0	0	0	0	74.237	1893
13	10	0	0	0	0	75.6321	1894
13	10	0	0	0	0	77.3851	1895
15	10	0	0	0	0	71.4382	1896
16	10	0	0	0	0	82.1524	1897
16	9	0	0	0	0	83.1982	1898
16	9	0	0	0	0	77.1372	1899
16	10	0	0	0	0	86.5676	1900
16	10	0	0	0	0	83.8062	1901
16	10	0	0	0	0	80.8422	1902
16	9	0	0	0	0	86.2836	1903
16	9	0	0	0	0	84.9814	1904
16	9	0	0	0	0	87.4789	1905
16	9	0	0	0	0	87.7727	1906
16	9	0	0	0	0	88.9191	1907
17	9	0	0	0	0	82.9927	1908
17	9	0	0	0	0	96.5078	1909
17	9	0	0	0	0	89.4318	1910
17	9	0	0	0	0	87.8917	1911
17	11	0	0	0	0	92.0801	1912
17	11	0	0	0	0	104.635	1913
17	12	0	0	0	0	87.0374	1914
17	12	0	0	0	0	97.7382	1915
17	12	0	0	0	0	95.1105	1916
17	12	0	0	0	0	99.4087	1917
17	12	0	0	0	0	99.0051	1918
17	12	0	0	0	0	97.6724	1919
17	15	0	0	0	0	99.6864	1920
15	15	0	0	0	0	108.166	1921
16	15	0	0	0	0	109.036	1922
15	15	0	0	0	0	99.7901	1923
15	15	0	0	0	0	101.658	1924
15	15	0	0	0	0	103.123	1925
14	17	0	0	0	0	95.0353	1926
14	17	0	0	0	0	106.06	1927
14	16	0	0	0	0	99.6913	1928
13	16	0	0	0	0	89.2421	1929
13	17	0	0	0	0	93.0124	1930
12	17	0	0	0	0	96.863	1931
12	17	0	0	0	0	87.396	1932
12	17	0	0	0	0	95.5499	1933
12	17	0	0	0	0	94.8011	1934
11	17	0	0	0	0	98.0635	1935
11	17	0	0	0	0	93.9818	1936
11	17	0	0	0	0	97.937	1937
11	16	0	0	0	0	93.3439	1938
11	16	0	0	0	0	93.0211	1939
11	16	0	0	0	0	91.5297	1940
11	16	0	0	0	0	87.2646	1941
11	16	0	0	0	0	99.8602	1942
11	16	0	0	0	0	100.774	1943
11	16	0	0	0	0	99.3922	1944
11	16	0	0	0	0	82.6043	1945
11	16	0	0	0	0	97.1155	1946
11	16	0	0	0	0	95.2011	1947
11	16	0	0	0	0	83.0856	1948
11	16	0	0	0	0	89.3583	1949
11	16	0	0	0	0	86.6875	1950
11	15	0	0	0	0	88.1717	1951
11	15	0	0	0	0	92.0317	1952
11	15	0	0	0	0	87.6964	1953
11	15	0	0	0	0	80.4164	1954
11	15	0	0	0	0	89.9111	1955
11	15	0	0	0	0	93.8744	1956
11	15	0	0	0	0	92.6552	1957
11	15	0	0	0	0	89.5172	1958
11	15	0	0	0	0	82.2931	1959
11	17	0	0	0	0	76.0128	1960
11	17	0	0	0	0	84.6604	1961
10	17	0	0	0	0	71.1864	1962
10	17	0	0	0	0	79.8004	1963
10	17	0	0	0	0	81.1508	1964
10	16	0	0	0	0	84.594	1965
10	16	0	0	0	0	77.5908	1966
10	16	0	0	0	0	78.647	1967
10	17	0	0	0	0	88.7287	1968
9	17	0	0	0	0	93.3341	1969
9	18	0	0	0	0	88.4471	1970
8	17	0	0	0	0	82.8458	1971
8	17	0	0	0	0	80.3825	1972
8	17	0	0	0	0	83.8264	1973
8	17	0	0	0	0	77.7027	1974
7	17	0	0	0	0	80.0856	1975
7	17	0	0	0	0	82.2772	1976
7	17	0	0	0	0	85.4293	1977
7	17	0	0	0	0	80.0195	1978
7	18	0	0	0	0	87.2313	1979
7	18	0	0	0	0	85.7179	1980
7	18	0	0	0	0	75.7036	1981
7	17	0	0	0	0	74.8316	1982
7	17	0	0	0	0	83.7562	1983
7	17	0	0	0	0	84.3107	1984
7	17	0	0	0	0	81.2549	1985
7	17	0	0	0	0	79.7001	1986
7	17	0	0	0	0	63.1056	1987
5	16	0	0	0	0	69.4163	1988
5	16	0	0	0	0	67.3171	1989
5	16	0	0	0	0	76.8279	1990
5	16	0	0	0	0	75.0461	1991
5	16	0	0	0	0	76.3735	1992
5	16	0	0	0	0	67.1921	1993
5	15	0	0	0	0	63.1253	1994
5	15	0	0	0	0	64.6868	1995
5	15	0	0	0	0	69.4411	1996
5	15	0	0	0	0	65.2232	1997
5	15	0	0	0	0	66.6273	1998
5	15	0	0	0	0	66.7223	1999
5	14	0	0	0	0	49.7691	2000
5	13	0	0	0	0	58.9168	2001
5	13	0	0	0	0	59.0041	2002
5	13	0	0	0	0	62.891	2003
5	13	0	0	0	0	56.7732	2004
5	13	0	0	0	0	61.4256	2005
5	13	0	0	0	0	61.0757	2006
5	13	0	0	0	0	57.8727	2007
5	13	0	0	0	0	59.3436	2008
5	13	0	0	0	0	62.839	2009
5	13	0	0	0	0	49.1906	2010
5	13	0	0	0	0	58.3001	2011
4	13	0	0	0	0	53.5577	2012
4	13	0	0	0	0	50.7452	2013
4	12	0	0	0	0	52.9765	2014
4	12	0	0	0	0	52.5891	2015
4	12	0	0	0	0	50.5022	2016
4	12	0	0	0	0	55.3681	2017
4	12	0	0	0	0	50.8086	2018
4	12	0	0	0	0	52.4646	2019
4	12	0	0	0	0	53.0982	2020
4	12	0	0	0	0	57.1945	2021
4	12	0	0	0	0	55.171	2022
4	12	0	0	0	0	51.7297	2023
4	12	0	0	0	0	53.9773	2024
4	12	0	0	0	0	51.9513	2025
4	12	0	0	0	0	51.8172	2026
4	12	0	0	0	0	51.558	2027
4	12	0	0	0	0	48.5901	2028
4	10	0	0	0	0	49.0814	2029
4	10	0	0	0	0	41.2639	2030
4	10	0	0	0	0	41.5113	2031
4	10	0	0	0	0	45.1381	2032
4	10	0	0	0	0	48.4782	2033
4	12	0	0	0	0	42.0391	2034
4	13	0	0	0	0	45.0534	2035
4	13	0	0	0	0	50.7926	2036
4	13	0	0	0	0	58.964	2037
5	14	0	0	0	0	51.6458	2038
5	14	0	0	0	0	57.2988	2039
5	14	0	0	0	0	66.4128	2040
5	14	0	0	0	0	62.491	2041
5	14	0	0	0	0	61.755	2042
5	14	0	0	0	0	61.6447	2043
4	14	0	0	0	0	58.4978	2044
4	14	0	0	0	0	54.6572	2045
3	14	0	0	0	0	56.1727	2046
3	14	0	0	0	0	54.8005	2047
3	16	0	0	0	0	55.8255	2048
3	16	0	0	0	0	60.6983	2049
3	16	0	0	0	0	59.186	2050
3	16	0	0	0	0	57.399	2051
3	16	0	0	0	0	64.4514	2052
3	16	0	0	0	0	61.7844	2053
3	16	0	0	0	0	65.0235	2054
3	16	0	0	0	0	64.5633	2055
4	16	0	0	0	0	65.7692	2056
4	16	0	0	0	0	55.1216	2057
3	16	0	0	0	0	57.9563	2058
3	15	0	0	0	0	50.7691	2059
2	16	0	0	0	0	56.7773	2060
2	17	0	0	0	0	48.64	2061
2	16	0	0	0	0	55.5036	2062
2	16	0	0	0	0	57.6487	2063
2	16	0	0	0	0	56.1924	2064
2	16	0	0	0	0	58.8971	2065
2	16	0	0	0	0	60.8221	2066
2	16	0	0	0	0	55.2438	2067
2	16	0	0	0	0	53.8214	2068
2	16	0	0	0	0	60.8893	2069
2	15	0	0	0	0	57.107	2070
2	15	0	0	0	0	53.8916	2071
2	15	0	0	0	0	46.8362	2072
2	15	0	0	0	0	49.496	2073
2	15	0	0	0	0	52.4412	2074
2	15	0	0	0	0	53.4685	2075
2	15	0	0	0	0	53.9885	2076
2	15	0	0	0	0	55.7675	2077
2	15	0	0	0	0	48.1432	2078
2	15	0	0	0	0	45.1347	2079
2	14	0	0	0	0	49.1853	2080
3	14	0	0	0	0	47.088	2081
3	14	0	0	0	0	39.7304	2082
3	14	0	0	0	0	44.1755	2083
3	14	0	0	0	0	51.9798	2084
3	14	0	0	0	0	50.2121	2085
3	14	0	0	0	0	51.2479	2086
3	14	0	0	0	0	46.2236	2087
4	13	0	0	0	0	46.721	2088
4	13	0	0	0	0	44.2493	2089
4	13	0	0	0	0	45.296	2090
3	13	0	0	0	0	44.2149	2091
3	13	0	0	0	0	43.4281	2092
3	12	0	0	0	0	47.1949	2093
3	12	0	0	0	0	41.7258	2094
3	11	0	0	0	0	43.1555	2095
3	10	0	0	0	0	40.2313	2096
3	10	0	0	0	0	35.5643	2097
3	10	0	0	0	0	30.7809	2098
3	10	0	0	0	0	36.7542	2099
3	11	0	0	0	0	30.9813	2100
3	9	0	0	0	0	36.5257	2101
3	9	0	0	0	0	36.8472	2102
3	9	0	0	0	0	36.4657	2103
3	9	0	0	0	0	38.976	2104
3	9	0	0	0	0	41.1028	2105
3	9	0	0	0	0	36.6481	2106
3	9	0	0	0	0	36.184	2107
3	9	0	0	0	0	36.7542	2108
3	9	0	0	0	0	30.1515	2109
4	9	0	0	0	0	39.3613	2110
4	9	0	0	0	0	38.5507	2111
4	11	0	0	0	0	42.5963	2112
4	11	0	0	0	0	43.4042	2113
5	11	0	0	0	0	49.7433	2114
5	11	0	0	0	0	48.4257	2115
5	11	0	0	0	0	46.479	2116
5	12	0	0	0	0	57.3024	2117
5	12	0	0	0	0	56.0952	2118
5	12	0	0	0	0	54.8728	2119
5	12	0	0	0	0	61.624	2120
5	12	0	0	0	0	58.9416	2121
5	14	0	0	0	0	55.66	2122
5	14	0	0	0	0	58.9554	2123
5	14	0	0	0	0	50.1941	2124
5	14	0	0	0	0	65.0846	2125
5	14	0	0	0	0	57.8752	2126
5	15	0	0	0	0	66.751	2127
5	15	0	0	0	0	57.8427	2128
5	15	0	0	0	0	66.048	2129
5	15	0	0	0	0	71.92	2130
5	15	0	0	0	0	66.5772	2131
5	15	0	0	0	0	56.4613	2132
5	15	0	0	0	0	42.9898	2133
5	15	0	0	0	0	64.7593	2134
5	15	0	0	0	0	72.7018	2135
5	15	0	0	0	0	70.6048	2136
5	15	0	0	0	0	64.9254	2137
6	16	0	0	0	0	60.6104	2138
7	16	0	0	0	0	69.1575	2139
8	16	0	0	0	0	62.4427	2140
9	16	0	0	0	0	65.0795	2141
9	16	0	0	0	0	56.9964	2142
8	16	0	0	0	0	60.0031	2143
8	17	0	0	0	0	66.6191	2144
8	17	0	0	0	0	65.3342	2145
8	17	0	0	0	0	61.9475	2146
8	17	0	0	0	0	66.9392	2147
8	17	0	0	0	0	54.9552	2148
8	17	0	0	0	0	56.7706	2149
8	17	0	0	0	0	88.7232	2150
8	17	0	0	0	0	87.5328	2151
9	18	0	0	0	0	76.832	2152
9	18	0	0	0	0	94.0034	2153
9	18	0	0	0	0	89.3359	2154
9	17	0	0	0	0	81.3266	2155
9	17	0	0	0	0	83.4068	2156
9	17	0	0	0	0	93.3397	2157
9	17	0	0	0	0	88.8329	2158
9	17	0	0	0	0	89.2655	2159
9	18	0	0	0	0	91.2452	2160
9	18	0	0	0	0	86.3343	2161
9	18	0	0	0	0	90.8411	2162
9	18	0	0	0	0	99.7827	2163
10	18	0	0	0	0	87.0675	2164
10	17	0	0	0	0	85.1247	2165
10	16	0	0	0	0	78.8229	2166
10	16	0	0	0	0	74.7368	2167
10	16	0	0	0	0	80.8315	2168
10	15	0	0	0	0	67.8594	2169
10	14	0	0	0	0	73.1035	2170
10	14	0	0	0	0	80.3668	2171
10	14	0	0	0	0	72.3735	2172
10	13	0	0	0	0	72.7651	2173
10	13	0	0	0	0	85.473	2174
10	13	0	0	0	0	77.0057	2175
10	13	0	0	0	0	76.3437	2176
10	13	0	0	0	0	82.8682	2177
10	13	0	0	0	0	80.7254	2178
10	13	0	0	0	0	84.6273	2179
10	13	0	0	0	0	68.7097	2180
10	13	0	0	0	0	70.7367	2181
10	13	0	0	0	0	71.5896	2182
10	13	0	0	0	0	67.9115	2183
10	12	0	0	0	0	70.9093	2184
10	12	0	0	0	0	75.3177	2185
11	13	0	0	0	0	77.4738	2186
12	13	0	0	0	0	86.1009	2187
12	13	0	0	0	0	73.4295	2188
12	13	0	0	0	0	84.138	2189
12	13	0	0	0	0	78.8817	2190
13	13	0	0	0	0	84.08	2191
13	13	0	0	0	0	81.6242	2192
13	13	0	0	0	0	76.4096	2193
14	13	0	0	0	0	79.5242	2194
14	13	0	0	0	0	84.4658	2195
15	16	0	0	0	0	81.5812	2196
15	17	0	0	0	0	82.6455	2197
15	15	0	0	0	0	88.7809	2198
15	15	0	0	0	0	85.857	2199
16	15	0	0	0	0	99.2298	2200
16	15	0	0	0	0	114.733	2201
16	15	0	0	0	0	102.118	2202
16	15	0	0	0	0	89.0994	2203
16	15	0	0	0	0	94.3518	2204
15	15	0	0	0	0	96.8236	2205
14	15	0	0	0	0	84.5892	2206
13	15	0	0	0	0	86.049	2207
13	15	0	0	0	0	86.1814	2208
13	15	0	0	0	0	89.39	2209
13	15	0	0	0	0	87.9411	2210
13	14	0	0	0	0	90.856	2211
13	13	0	0	0	0	93.8726	2212
13	13	0	0	0	0	90.0769	2213
13	14	0	0	0	0	91.2375	2214
13	14	0	0	0	0	88.192	2215
13	14	0	0	0	0	87.8535	2216
13	16	0	0	0	0	85.2736	2217
13	16	0	0	0	0	93.8747	2218
13	16	0	0	0	0	99.2998	2219
13	16	0	0	0	0	88.9931	2220
13	16	0	0	0	0	102.28	2221
13	16	0	0	0	0	100.121	2222
12	16	0	0	0	0	98.8262	2223
12	16	0	0	0	0	91.8688	2224
12	16	0	0	0	0	90.0614	2225
12	15	0	0	0	0	84.8436	2226
12	15	0	0	0	0	91.0944	2227
13	14	0	0	0	0	97.0983	2228
13	14	0	0	0	0	83.323	2229
14	14	0	0	0	0	97.7529	2230
15	14	0	0	0	0	92.2939	2231
16	14	0	0	0	0	96.0406	2232
15	16	0	0	0	0	90.7084	2233
15	16	0	0	0	0	105.334	2234
15	16	0	0	0	0	108.039	2235
15	16	0	0	0	0	103.254	2236
15	16	0	0	0	0	103.687	2237
15	16	0	0	0	0	115.873	2238
15	16	0	0	0	0	113.932	2239
15	17	0	0	0	0	112.281	2240
15	17	0	0	0	0	102.029	2241
16	17	0	0	0	0	110.79	2242
16	17	0	0	0	0	116.994	2243
17	17	0	0	0	0	115.778	2244
17	17	0	0	0	0	126.58	2245
17	17	0	0	0	0	125.385	2246
17	17	0	0	0	0	119.355	2247
17	17	0	0	0	0	108.07	2248
17	17	0	0	0	0	111.295	2249
17	16	0	0	0	0	107.859	2250
17	15	0	0	0	0	108.094	2251
17	15	0	0	0	0	117	2252
18	15	0	0	0	0	102.399	2253
17	15	0	0	0	0	108.614	2254
17	17	0	0	0	0	113.804	2255
17	17	0	0	0	0	115.641	2256
17	17	0	0	0	0	117.104	2257
17	17	0	0	0	0	111.82	2258
17	17	0	0	0	0	105.764	2259
16	18	0	0	0	0	121.162	2260
16	18	0	0	0	0	120.424	2261
16	18	0	0	0	0	115.332	2262
19	19	0	0	0	0	116.488	2263
17	19	0	0	0	0	129.35	2264
17	19	0	0	0	0	121.87	2265
18	19	0	0	0	0	129.516	2266
18	19	0	0	0	0	124.322	2267
18	19	0	0	0	0	122.748	2268
18	19	0	0	0	0	127.477	2269
18	19	0	0	0	0	126.082	2270
18	20	0	0	0	0	126.702	2271
18	18	0	0	0	0	128.723	2272
17	19	0	0	0	0	126.811	2273
17	19	0	0	0	0	113.456	2274
17	19	0	0	0	0	126.114	2275
17	19	0	0	0	0	132.028	2276
17	19	0	0	0	0	125.305	2277
17	19	0	0	0	0	127.406	2278
17	19	0	0	0	0	131.044	2279
18	19	0	0	0	0	124.345	2280
18	19	0	0	0	0	129.892	2281
18	19	0	0	0	0	136.84	2282
17	19	0	0	0	0	124.109	2283
17	20	0	0	0	0	121.263	2284
17	20	0	0	0	0	122.137	2285
17	20	0	0	0	0	141.068	2286
17	20	0	0	0	0	115.839	2287
17	20	0	0	0	0	132.494	2288
17	20	0	0	0	0	119.803	2289
17	20	0	0	0	0	131.619	2290
17	20	0	0	0	0	122.336	2291
17	20	0	0	0	0	137.403	2292
17	20	0	0	0	0	130.16	2293
17	20	0	0	0	0	125.832	2294
17	20	0	0	0	0	127.347	2295
16	20	0	0	0	0	126.22	2296
16	20	0	0	0	0	131.383	2297
15	20	0	0	0	0	112.833	2298
15	20	0	0	0	0	129.377	2299
15	20	0	0	0	0	124.306	2300
15	20	0	0	0	0	121.516	2301
15	19	0	0	0	0	118.416	2302
15	19	0	0	0	0	128.201	2303
17	19	0	0	0	0	123.682	2304
18	19	0	0	0	0	122.029	2305
19	19	0	0	0	0	111.833	2306
20	19	0	0	0	0	107.061	2307
20	19	0	0	0	0	120.485	2308
20	19	0	0	0	0	140.067	2309
20	17	0	0	0	0	126.824	2310
20	17	0	0	0	0	127.335	2311
20	17	0	0	0	0	129.514	2312
20	17	0	0	0	0	133.938	2313
21	17	0	0	0	0	120.942	2314
21	17	0	0	0	0	136.78	2315
21	17	0	0	0	0	134.048	2316
21	18	0	0	0	0	121.713	2317
19	19	0	0	0	0	124.769	2318
19	20	0	0	0	0	121.114	2319
19	20	0	0	0	0	139.05	2320
19	20	0	0	0	0	137.092	2321
19	20	0	0	0	0	129.211	2322
19	20	0	0	0	0	131.422	2323
18	20	0	0	0	0	130.256	2324
18	20	0	0	0	0	138.202	2325
18	19	0	0	0	0	129.437	2326
18	19	0	0	0	0	119.193	2327
18	19	0	0	0	0	125.125	2328
18	19	0	0	0	0	126.797	2329
17	20	0	0	0	0	121.038	2330
17	20	0	0	0	0	128.434	2331
17	20	0	0	0	0	128.508	2332
17	20	0	0	0	0	132.751	2333
17	20	0	0	0	0	132.795	2334
17	20	0	0	0	0	118.344	2335
15	19	0	0	0	0	116.32	2336
15	19	0	0	0	0	113.903	2337
15	19	0	0	0	0	117.938	2338
15	20	0	0	0	0	117.179	2339
15	20	0	0	0	0	101.441	2340
15	20	0	0	0	0	119.591	2341
15	20	0	0	0	0	115.617	2342
15	20	0	0	0	0	121.655	2343
16	20	0	0	0	0	119.045	2344
16	19	0	0	0	0	112.148	2345
16	17	0	0	0	0	113.553	2346
16	17	0	0	0	0	121.061	2347
16	17	0	0	0	0	109.688	2348
16	16	0	0	0	0	104.853	2349
17	15	0	0	0	0	105.54	2350
17	15	0	0	0	0	113.278	2351
17	15	0	0	0	0	109.588	2352
17	15	0	0	0	0	111.281	2353
16	15	0	0	0	0	113.277	2354
16	15	0	0	0	0	96.3843	2355
16	15	0	0	0	0	109.072	2356
16	15	0	0	0	0	104.373	2357
16	15	0	0	0	0	106.549	2358
16	15	0	0	0	0	100.912	2359
16	16	0	0	0	0	106.164	2360
16	16	0	0	0	0	105.232	2361
16	15	0	0	0	0	106.619	2362
16	15	0	0	0	0	105.905	2363
16	14	0	0	0	0	90.6884	2364
16	14	0	0	0	0	96.7653	2365
16	14	0	0	0	0	101.129	2366
16	11	0	0	0	0	92.5376	2367
16	12	0	0	0	0	93.1	2368
17	12	0	0	0	0	92.3425	2369
17	12	0	0	0	0	102.077	2370
16	12	0	0	0	0	87.3056	2371
17	12	0	0	0	0	93.1289	2372
16	12	0	0	0	0	97.429	2373
16	12	0	0	0	0	100.471	2374
16	12	0	0	0	0	94.1476	2375
16	12	0	0	0	0	91.7679	2376
16	11	0	0	0	0	79.0215	2377
16	11	0	0	0	0	88.2367	2378
16	11	0	0	0	0	95.1905	2379
16	11	0	0	0	0	97.6277	2380
16	11	0	0	0	0	96.3735	2381
16	11	0	0	0	0	89.1102	2382
16	11	0	0	0	0	96.3734	2383
16	11	0	0	0	0	97.7259	2384
16	11	0	0	0	0	100.161	2385
16	11	0	0	0	0	97.0369	2386
16	11	0	0	0	0	89.8412	2387
16	11	0	0	0	0	94.8783	2388
16	11	0	0	0	0	94.7894	2389
16	11	0	0	0	0	90.3246	2390
16	11	0	0	0	0	90.131	2391
16	11	0	0	0	0	89.4853	2392
16	11	0	0	0	0	81.8354	2393
12	11	0	0	0	0	74.8133	2394
12	11	0	0	0	0	75.2153	2395
12	10	0	0	0	0	78.14	2396
12	10	0	0	0	0	75.1282	2397
12	10	0	0	0	0	78.1962	2398
13	11	0	0	0	0	76.8854	2399
13	11	0	0	0	0	74.0564	2400
13	11	0	0	0	0	77.9957	2401
13	11	0	0	0	0	76.7263	2402
13	11	0	0	0	0	75.3612	2403
13	11	0	0	0	0	79.9515	2404
13	11	0	0	0	0	88.739	2405
13	11	0	0	0	0	86.1116	2406
13	11	0	0	0	0	73.6479	2407
14	12	0	0	0	0	85.2298	2408
14	12	0	0	0	0	80.7476	2409
14	11	0	0	0	0	84.2266	2410
14	11	0	0	0	0	88.01	2411
14	11	0	0	0	0	82.0239	2412
14	11	0	0	0	0	81.1328	2413
14	11	0	0	0	0	78.4507	2414
14	11	0	0	0	0	87.9937	2415
14	11	0	0	0	0	88.5495	2416
14	11	0	0	0	0	86.7919	2417
15	10	0	0	0	0	86.0503	2418
15	10	0	0	0	0	68.295	2419
15	11	0	0	0	0	91.9532	2420
15	11	0	0	0	0	86.5075	2421
15	11	0	0	0	0	88.407	2422
15	11	0	0	0	0	92.7034	2423
15	10	0	0	0	0	88.2524	2424
15	10	0	0	0	0	85.8634	2425
16	10	0	0	0	0	92.36	2426
16	10	0	0	0	0	85.5808	2427
16	9	0	0	0	0	86.5963	2428
16	9	0	0	0	0	92.3973	2429
16	9	0	0	0	0	91.8358	2430
16	9	0	0	0	0	75.2331	2431
16	9	0	0	0	0	74.5225	2432
17	9	0	0	0	0	88.1285	2433
18	8	0	0	0	0	88.7349	2434
18	9	0	0	0	0	89.7944	2435
18	9	0	0	0	0	88.0127	2436
18	9	0	0	0	0	85.5801	2437
17	9	0	0	0	0	87.6867	2438
17	9	0	0	0	0	81.709	2439
17	9	0	0	0	0	84.9655	2440
18	9	0	0	0	0	93.7576	2441
18	9	0	0	0	0	85.291	2442
17	9	0	0	0	0	85.4585	2443
16	9	0	0	0	0	88.1681	2444
16	9	0	0	0	0	88.8688	2445
16	9	0	0	0	0	75.8674	2446
16	10	0	0	0	0	93.5421	2447
16	10	0	0	0	0	77.8268	2448
17	11	0	0	0	0	75.4422	2449
17	11	0	0	0	0	76.8157	2450
17	11	0	0	0	0	77.2798	2451
17	11	0	0	0	0	78.2469	2452
18	11	0	0	0	0	77.7612	2453
15	11	0	0	0	0	68.6432	2454
14	11	0	0	0	0	74.8659	2455
13	11	0	0	0	0	72.6703	2456
12	11	0	0	0	0	79.6808	2457
12	10	0	0	0	0	73.7497	2458
12	10	0	0	0	0	74.6878	2459
12	10	0	0	0	0	75.3344	2460
12	10	0	0	0	0	67.6024	2461
11	10	0	0	0	0	70.7068	2462
11	10	0	0	0	0	69.3989	2463
10	10	0	0	0	0	65.1907	2464
10	10	0	0	0	0	63.4409	2465
10	10	0	0	0	0	66.7988	2466
10	10	0	0	0	0	72.3476	2467
10	10	0	0	0	0	65.38	2468
10	11	0	0	0	0	65.048	2469
11	11	0	0	0	0	77.1535	2470
12	11	0	0	0	0	70.0647	2471
12	11	0	0	0	0	65.6696	2472
12	11	0	0	0	0	75.5882	2473
12	11	0	0	0	0	79.6492	2474
12	11	0	0	0	0	76.683	2475
12	11	0	0	0	0	81.7216	2476
12	11	0	0	0	0	79.5935	2477
12	11	0	0	0	0	74.9019	2478
12	11	0	0	0	0	79.6065	2479
12	11	0	0	0	0	72.627	2480
12	10	0	0	0	0	65.4759	2481
12	10	0	0	0	0	80.8255	2482
12	10	0	0	0	0	74.1258	2483
12	10	0	0	0	0	80.4209	2484
12	10	0	0	0	0	71.8763	2485
12	9	0	0	0	0	75.9041	2486
12	9	0	0	0	0	69.5346	2487
12	9	0	0	0	0	69.9107	2488
12	9	0	0	0	0	62.8284	2489
12	8	0	0	0	0	68.9107	2490
12	8	0	0	0	0	72.6557	2491
12	8	0	0	0	0	69.3421	2492
12	8	0	0	0	0	63.598	2493
12	8	0	0	0	0	69.3887	2494
12	8	0	0	0	0	68.9187	2495
12	8	0	0	0	0	64.5431	2496
11	8	0	0	0	0	58.2784	2497
11	8	0	0	0	0	46.6067	2498
11	8	0	0	0	0	60.6896	2499
10	8	0	0	0	0	49.5335	2500
10	8	0	0	0	0	61.0532	2501
10	8	0	0	0	0	54.6284	2502
10	7	0	0	0	0	52.4594	2503
10	7	0	0	0	0	52.2536	2504
10	7	0	0	0	0	57.4919	2505
10	7	0	0	0	0	59.2042	2506
10	7	0	0	0	0	56.517	2507
10	7	0	0	0	0	56.9408	2508
10	7	0	0	0	0	57.5872	2509
10	6	0	0	0	0	49.5302	2510
10	5	0	0	0	0	49.6825	2511
10	5	0	0	0	0	49.3173	2512
10	5	0	0	0	0	53.1635	2513
10	5	0	0	0	0	50.0838	2514
10	5	0	0	0	0	52.0979	2515
10	5	0	0	0	0	53.5593	2516
10	5	0	0	0	0	41.8804	2517
10	5	0	0	0	0	49.7739	2518
10	5	0	0	0	0	47.061	2519
10	4	0	0	0	0	46.9672	2520
10	4	0	0	0	0	42.2324	2521
10	4	0	0	0	0	47.6012	2522
10	6	0	0	0	0	45.48	2523
9	6	0	0	0	0	45.2456	2524
9	6	0	0	0	0	48.5031	2525
9	6	0	0	0	0	50.1084	2526
9	6	0	0	0	0	46.3225	2527
9	6	0	0	0	0	43.6909	2528
9	6	0	0	0	0	46.4397	2529
9	6	0	0	0	0	47.8969	2530
9	6	0	0	0	0	40.5737	2531
6	6	0	0	0	0	37.7872	2532
6	7	0	0	0	0	35.7558	2533
6	7	0	0	0	0	32.6329	2534
6	7	0	0	0	0	35.3796	2535
6	7	0	0	0	0	32.6883	2536
5	7	0	0	0	0	39.38	2537
5	7	0	0	0	0	41.5034	2538
5	7	0	0	0	0	35.8585	2539
4	7	0	0	0	0	37.5432	2540
4	7	0	0	0	0	34.1566	2541
4	7	0	0	0	0	33.8874	2542
4	7	0	0	0	0	36.9871	2543
4	7	0	0	0	0	34.8322	2544
4	7	0	0	0	0	35.7837	2545
4	7	0	0	0	0	31.3066	2546
3	7	0	0	0	0	31.7816	2547
3	7	0	0	0	0	31.9591	2548
3	7	0	0	0	0	30.3303	2549
3	7	0	0	0	0	22.7595	2550
3	7	0	0	0	0	25.9782	2551
4	7	0	0	0	0	29.5692	2552
4	7	0	0	0	0	27.957	2553
4	7	0	0	0	0	28.1725	2554
3	7	0	0	0	0	21.0097	2555
3	7	0	0	0	0	28.2523	2556
3	7	0	0	0	0	28.1725	2557
3	7	0	0	0	0	28.6593	2558
3	7	0	0	0	0	24.3125	2559
3	7	0	0	0	0	24.6201	2560
3	6	0	0	0	0	23.7976	2561
3	6	0	0	0	0	29.5205	2562
3	6	0	0	0	0	25.1468	2563
3	6	0	0	0	0	21.548	2564
3	6	0	0	0	0	24.1961	2565
3	6	0	0	0	0	24.1961	2566
3	6	0	0	0	0	21.8781	2567
4	6	0	0	0	0	24.1961	2568
4	5	0	0	0	0	21.7741	2569
4	5	0	0	0	0	24.9874	2570
4	5	0	0	0	0	28.0763	2571
4	5	0	0	0	0	26.4636	2572
4	5	0	0	0	0	28.8241	2573
4	5	0	0	0	0	27.5186	2574
4	5	0	0	0	0	25.2395	2575
5	5	0	0	0	0	21.3062	2576
5	5	0	0	0	0	28.1283	2577
5	5	0	0	0	0	24.855	2578
5	5	0	0	0	0	30.7651	2579
5	5	0	0	0	0	26.442	2580
5	5	0	0	0	0	26.5648	2581
6	5	0	0	0	0	28.8005	2582
5	5	0	0	0	0	28.8005	2583
5	5	0	0	0	0	26.9	2584
5	4	0	0	0	0	28.3079	2585
5	4	0	0	0	0	26.7968	2586
5	4	0	0	0	0	27.986	2587
5	4	0	0	0	0	26.6745	2588
5	4	0	0	0	0	23.5632	2589
5	4	0	0	0	0	27.4006	2590
5	4	0	0	0	0	23.8856	2591
5	4	0	0	0	0	23.9872	2592
5	6	0	0	0	0	23.1318	2593
5	6	0	0	0	0	34.1063	2594
5	6	0	0	0	0	34.2399	2595
5	6	0	0	0	0	31.2238	2596
5	6	0	0	0	0	30.6726	2597
5	7	0	0	0	0	33.1128	2598
5	7	0	0	0	0	35.6455	2599
6	7	0	0	0	0	31.4577	2600
6	7	0	0	0	0	36.7468	2601
6	7	0	0	0	0	32.2956	2602
6	7	0	0	0	0	36.532	2603
7	7	0	0	0	0	35.7509	2604
8	7	0	0	0	0	36.0893	2605
8	7	0	0	0	0	41.0959	2606
8	7	0	0	0	0	39.2277	2607
8	7	0	0	0	0	39.7338	2608
8	7	0	0	0	0	39.4735	2609
9	7	0	0	0	0	46.095	2610
10	7	0	0	0	0	46.7513	2611
11	7	0	0	0	0	52.9569	2612
12	7	0	0	0	0	56.0435	2613
12	7	0	0	0	0	58.9858	2614
12	7	0	0	0	0	58.689	2615
12	7	0	0	0	0	58.8783	2616
12	7	0	0	0	0	58.1914	2617
12	7	0	0	0	0	60.4195	2618
12	6	0	0	0	0	57.0647	2619
12	6	0	0	0	0	56.1521	2620
12	6	0	0	0	0	58.5236	2621
12	6	0	0	0	0	64.338	2622
12	6	0	0	0	0	60.2761	2623
12	6	0	0	0	0	56.4846	2624
13	6	0	0	0	0	65.2618	2625
13	6	0	0	0	0	54.4335	2626
13	6	0	0	0	0	63.809	2627
13	6	0	0	0	0	49.3167	2628
13	6	0	0	0	0	59.4531	2629
13	6	0	0	0	0	69.1818	2630
13	6	0	0	0	0	64.9686	2631
14	6	0	0	0	0	62.4842	2632
14	6	0	0	0	0	61.9645	2633
15	7	0	0	0	0	71.079	2634
15	7	0	0	0	0	73.253	2635
15	7	0	0	0	0	64.6314	2636
15	6	0	0	0	0	70.931	2637
15	6	0	0	0	0	53.8612	2638
16	6	0	0	0	0	67.8125	2639
16	6	0	0	0	0	73.62	2640
16	6	0	0	0	0	73.0154	2641
16	6	0	0	0	0	79.3	2642
16	6	0	0	0	0	73.023	2643
17	6	0	0	0	0	76.232	2644
17	6	0	0	0	0	78.2738	2645
17	6	0	0	0	0	70.7896	2646
17	7	0	0	0	0	74.9454	2647
19	7	0	0	0	0	81.6888	2648
19	7	0	0	0	0	82.0986	2649
19	6	0	0	0	0	81.0069	2650
18	6	0	0	0	0	77.9703	2651
18	6	0	0	0	0	83.6251	2652
18	6	0	0	0	0	74.3555	2653
18	6	0	0	0	0	78.0432	2654
18	6	0	0	0	0	87.5141	2655
18	6	0	0	0	0	78.823	2656
18	6	0	0	0	0	79.907	2657
18	6	0	0	0	0	79.8568	2658
18	6	0	0	0	0	78.6743	2659
18	6	0	0	0	0	80.9144	2660
16	6	0	0	0	0	75.9795	2661
16	6	0	0	0	0	73.384	2662
16	6	0	0	0	0	74.4969	2663
16	6	0	0	0	0	80.4898	2664
16	6	0	0	0	0	76.1482	2665
16	6	0	0	0	0	66.593	2666
16	6	0	0	0	0	64.5751	2667
14	6	0	0	0	0	65.7018	2668
14	6	0	0	0	0	59.4781	2669
14	6	0	0	0	0	62.9157	2670
14	6	0	0	0	0	64.9097	2671
14	7	0	0	0	0	65.2509	2672
15	6	0	0	0	0	60.8215	2673
15	6	0	0	0	0	64.1568	2674
16	6	0	0	0	0	68.9539	2675
16	6	0	0	0	0	68.9914	2676
16	6	0	0	0	0	76.4976	2677
16	6	0	0	0	0	72.7966	2678
16	6	0	0	0	0	79.2246	2679
16	6	0	0	0	0	73.9367	2680
16	6	0	0	0	0	73.9692	2681
16	6	0	0	0	0	75.1302	2682
16	6	0	0	0	0	71.3384	2683
16	6	0	0	0	0	75.2439	2684
16	6	0	0	0	0	71.6688	2685
16	6	0	0	0	0	73.285	2686
16	6	0	0	0	0	74.3724	2687
16	6	0	0	0	0	65.0169	2688
16	6	0	0	0	0	75.7496	2689
16	6	0	0	0	0	80.6534	2690
16	6	0	0	0	0	71.3846	2691
17	6	0	0	0	0	77.8174	2692
17	6	0	0	0	0	80.3508	2693
16	6	0	0	0	0	78.6339	2694
16	6	0	0	0	0	78.2417	2695
16	6	0	0	0	0	75.8363	2696
16	6	0	0	0	0	72.9087	2697
16	6	0	0	0	0	77.3205	2698
16	6	0	0	0	0	69.7593	2699
16	6	0	0	0	0	74.4788	2700
15	6	0	0	0	0	74.6456	2701
15	6	0	0	0	0	70.8559	2702
15	6	0	0	0	0	65.8937	2703
15	6	0	0	0	0	73.9869	2704
15	6	0	0	0	0	75.508	2705
15	6	0	0	0	0	65.3659	2706
15	6	0	0	0	0	68.9919	2707
15	6	0	0	0	0	74.578	2708
15	6	0	0	0	0	72.4411	2709
15	6	0	0	0	0	65.0607	2710
15	6	0	0	0	0	72.2858	2711
15	6	0	0	0	0	75.7582	2712
15	6	0	0	0	0	66.6763	2713
15	6	0	0	0	0	63.8024	2714
15	6	0	0	0	0	61.6801	2715
15	6	0	0	0	0	57.4305	2716
14	6	0	0	0	0	61.8496	2717
14	5	0	0	0	0	59.4224	2718
14	5	0	0	0	0	60.7098	2719
14	5	0	0	0	0	62.9907	2720
14	5	0	0	0	0	59.7782	2721
14	5	0	0	0	0	60.8807	2722
14	5	0	0	0	0	65.4338	2723
14	5	0	0	0	0	58.734	2724
14	5	0	0	0	0	64.5578	2725
15	5	0	0	0	0	62.5288	2726
15	6	0	0	0	0	59.5575	2727
16	6	0	0	0	0	59.9021	2728
16	6	0	0	0	0	64.3676	2729
16	6	0	0	0	0	56.8535	2730
16	6	0	0	0	0	71.5879	2731
16	6	0	0	0	0	71.3403	2732
16	6	0	0	0	0	76.7085	2733
17	6	0	0	0	0	78.3842	2734
17	6	0	0	0	0	81.958	2735
17	6	0	0	0	0	82.4759	2736
17	6	0	0	0	0	77.4203	2737
17	6	0	0	0	0	70.9349	2738
17	6	0	0	0	0	64.5826	2739
16	6	0	0	0	0	63.1014	2740
15	6	0	0	0	0	64.778	2741
13	7	0	0	0	0	63.895	2742
13	6	0	0	0	0	60.6971	2743
13	6	0	0	0	0	60.029	2744
13	6	0	0	0	0	62.0608	2745
13	6	0	0	0	0	52.2068	2746
11	6	0	0	0	0	54.8013	2747
11	6	0	0	0	0	57.8368	2748
11	6	0	0	0	0	51.6007	2749
11	6	0	0	0	0	61.1621	2750
11	6	0	0	0	0	54.9179	2751
11	6	0	0	0	0	51.789	2752
11	6	0	0	0	0	52.1794	2753
11	6	0	0	0	0	48.6378	2754
11	6	0	0	0	0	45.0415	2755
11	6	0	0	0	0	53.9239	2756
11	6	0	0	0	0	55.0806	2757
11	6	0	0	0	0	47.9086	2758
11	6	0	0	0	0	51.9363	2759
11	6	0	0	0	0	50.7146	2760
11	6	0	0	0	0	54.5887	2761
10	6	0	0	0	0	51.3465	2762
9	6	0	0	0	0	48.0967	2763
9	6	0	0	0	0	51.307	2764
9	6	0	0	0	0	44.2385	2765
9	6	0	0	0	0	49.6757	2766
9	6	0	0	0	0	51.1523	2767
9	6	0	0	0	0	47.0083	2768
9	6	0	0	0	0	42.5428	2769
9	6	0	0	0	0	47.5386	2770
9	6	0	0	0	0	49.2229	2771
9	7	0	0	0	0	47.3076	2772
9	7	0	0	0	0	50.8821	2773
9	7	0	0	0	0	47.6628	2774
10	7	0	0	0	0	57.3177	2775
10	7	0	0	0	0	53.3147	2776
9	7	0	0	0	0	48.8534	2777
9	7	0	0	0	0	50.5358	2778
9	7	0	0	0	0	53.1406	2779
9	7	0	0	0	0	51.2607	2780
9	6	0	0	0	0	46.4705	2781
9	6	0	0	0	0	50.0245	2782
9	6	0	0	0	0	45.7196	2783
9	5	0	0	0	0	46.7094	2784
9	5	0	0	0	0	44.0799	2785
9	5	0	0	0	0	38.9596	2786
9	4	0	0	0	0	36.9973	2787
9	4	0	0	0	0	39.714	2788
9	5	0	0	0	0	36.7195	2789
8	5	0	0	0	0	40.1879	2790
8	6	0	0	0	0	36.2392	2791
8	6	0	0	0	0	39.3544	2792
8	6	0	0	0	0	44.9237	2793
8	6	0	0	0	0	47.2488	2794
8	6	0	0	0	0	45.1286	2795
7	7	0	0	0	0	36.1865	2796
7	7	0	0	0	0	43.9514	2797
6	7	0	0	0	0	40.0806	2798
6	7	0	0	0	0	43.5391	2799
6	7	0	0	0	0	39.5331	2800
6	6	0	0	0	0	38.1848	2801
6	6	0	0	0	0	37.6023	2802
6	6	0	0	0	0	39.7944	2803
6	6	0	0	0	0	39.7425	2804
6	6	0	0	0	0	39.7099	2805
6	6	0	0	0	0	34.6738	2806
6	6	0	0	0	0	36.7956	2807
7	6	0	0	0	0	36.6005	2808
7	6	0	0	0	0	44.0383	2809
7	6	0	0	0	0	40.1681	2810
7	6	0	0	0	0	41.1408	2811
8	6	0	0	0	0	44.7438	2812
8	6	0	0	0	0	40.4274	2813
8	6	0	0	0	0	45.0903	2814
8	6	0	0	0	0	41.9207	2815
8	8	0	0	0	0	45.0467	2816
8	8	0	0	0	0	54.5794	2817
8	8	0	0	0	0	51.9126	2818
8	8	0	0	0	0	49.639	2819
8	7	0	0	0	0	52.3924	2820
8	7	0	0	0	0	46.7212	2821
8	7	0	0	0	0	41.3904	2822
7	7	0	0	0	0	42.9054	2823
7	7	0	0	0	0	41.6962	2824
6	7	0	0	0	0	45.2724	2825
6	7	0	0	0	0	45.105	2826
6	8	0	0	0	0	40.0806	2827
6	8	0	0	0	0	44.6498	2828
6	8	0	0	0	0	41.6672	2829
6	8	0	0	0	0	38.8478	2830
7	8	0	0	0	0	41.6365	2831
7	8	0	0	0	0	51.3058	2832
7	8	0	0	0	0	52.5811	2833
7	8	0	0	0	0	53.2493	2834
7	8	0	0	0	0	51.3378	2835
8	8	0	0	0	0	41.9271	2836
8	8	0	0	0	0	51.3315	2837
8	8	0	0	0	0	51.3502	2838
8	8	0	0	0	0	53.1222	2839
8	8	0	0	0	0	50.9893	2840
8	8	0	0	0	0	55.0373	2841
8	8	0	0	0	0	51.7555	2842
8	8	0	0	0	0	55.2566	2843
8	8	0	0	0	0	50.2185	2844
8	8	0	0	0	0	49.7363	2845
8	8	0	0	0	0	51.8901	2846
7	8	0	0	0	0	50.0279	2847
7	8	0	0	0	0	48.1501	2848
7	8	0	0	0	0	50.2131	2849
7	8	0	0	0	0	52.112	2850
7	8	0	0	0	0	46.8263	2851
8	8	0	0	0	0	48.2357	2852
8	8	0	0	0	0	53.3218	2853
8	8	0	0	0	0	45.9515	2854
8	8	0	0	0	0	50.5504	2855
8	8	0	0	0	0	34.7368	2856
8	8	0	0	0	0	48.3338	2857
9	8	0	0	0	0	53.1687	2858
9	8	0	0	0	0	61.2589	2859
9	8	0	0	0	0	55.9516	2860
10	8	0	0	0	0	55.0371	2861
10	8	0	0	0	0	55.3514	2862
10	8	0	0	0	0	59.0173	2863
10	8	0	0	0	0	64.9166	2864
10	8	0	0	0	0	56.4596	2865
10	7	0	0	0	0	58.9102	2866
10	7	0	0	0	0	58.9102	2867
10	7	0	0	0	0	52.0332	2868
10	7	0	0	0	0	56.1262	2869
10	7	0	0	0	0	60.4545	2870
10	7	0	0	0	0	55.633	2871
10	7	0	0	0	0	54.2476	2872
10	7	0	0	0	0	55.0644	2873
10	8	0	0	0	0	47.822	2874
10	8	0	0	0	0	51.678	2875
9	8	0	0	0	0	52.8144	2876
9	7	0	0	0	0	50.7387	2877
8	7	0	0	0	0	49.72	2878
8	7	0	0	0	0	51.7494	2879
9	7	0	0	0	0	46.2587	2880
9	7	0	0	0	0	51.0613	2881
9	7	0	0	0	0	49.758	2882
9	6	0	0	0	0	50.4437	2883
9	6	0	0	0	0	52.8206	2884
9	6	0	0	0	0	46.4403	2885
9	6	0	0	0	0	47.3241	2886
9	6	0	0	0	0	47.5932	2887
9	6	0	0	0	0	44.4429	2888
9	6	0	0	0	0	40.4094	2889
8	6	0	0	0	0	39.149	2890
8	6	0	0	0	0	49.418	2891
8	6	0	0	0	0	41.3055	2892
8	6	0	0	0	0	39.0809	2893
8	6	0	0	0	0	41.6672	2894
7	6	0	0	0	0	39.5136	2895
7	6	0	0	0	0	39.0727	2896
7	6	0	0	0	0	35.0683	2897
7	6	0	0	0	0	42.5373	2898
7	6	0	0	0	0	39.67	2899
7	6	0	0	0	0	41.3092	2900
7	6	0	0	0	0	33.1256	2901
7	6	0	0	0	0	31.7316	2902
7	6	0	0	0	0	36.3906	2903
7	6	0	0	0	0	38.4798	2904
7	6	0	0	0	0	35.1875	2905
7	6	0	0	0	0	39.5786	2906
7	6	0	0	0	0	37.1445	2907
9	6	0	0	0	0	38.3442	2908
8	6	0	0	0	0	44.5356	2909
8	6	0	0	0	0	41.3746	2910
8	6	0	0	0	0	47.4316	2911
8	6	0	0	0	0	39.0811	2912
8	6	0	0	0	0	48.3154	2913
8	6	0	0	0	0	45.2556	2914
8	6	0	0	0	0	44.4109	2915
8	6	0	0	0	0	39.4119	2916
8	6	0	0	0	0	44.6372	2917
8	6	0	0	0	0	44.0724	2918
8	6	0	0	0	0	45.0052	2919
8	6	0	0	0	0	44.2616	2920
8	6	0	0	0	0	41.9441	2921
8	5	0	0	0	0	40.1445	2922
8	5	0	0	0	0	42.6131	2923
8	5	0	0	0	0	43.5796	2924
8	5	0	0	0	0	41.4923	2925
8	5	0	0	0	0	40.1989	2926
8	5	0	0	0	0	33.2972	2927
7	5	0	0	0	0	37.6581	2928
7	5	0	0	0	0	35.6958	2929
7	5	0	0	0	0	40.6363	2930
7	5	0	0	0	0	28.4002	2931
7	5	0	0	0	0	35.7249	2932
7	5	0	0	0	0	33.9125	2933
8	5	0	0	0	0	39.8348	2934
8	5	0	0	0	0	39.7385	2935
8	5	0	0	0	0	37.941	2936
8	5	0	0	0	0	33.1612	2937
8	5	0	0	0	0	33.7409	2938
8	4	0	0	0	0	33.4268	2939
8	4	0	0	0	0	35.3389	2940
7	4	0	0	0	0	32.0123	2941
7	4	0	0	0	0	32.3137	2942
7	4	0	0	0	0	32.0891	2943
7	4	0	0	0	0	30.7051	2944
7	4	0	0	0	0	27.2066	2945
7	4	0	0	0	0	32.3922	2946
7	4	0	0	0	0	35.2924	2947
7	5	0	0	0	0	27.9276	2948
7	3	0	0	0	0	28.0689	2949
8	3	0	0	0	0	29.8052	2950
8	3	0	0	0	0	30.3942	2951
8	3	0	0	0	0	28.3426	2952
8	3	0	0	0	0	27.7487	2953
8	3	0	0	0	0	29.2371	2954
6	3	0	0	0	0	21.2854	2955
6	3	0	0	0	0	29.2887	2956
6	3	0	0	0	0	23.7796	2957
6	3	0	0	0	0	28.6032	2958
6	3	0	0	0	0	14.9238	2959
6	3	0	0	0	0	24.2416	2960
6	3	0	0	0	0	29.3457	2961
6	3	0	0	0	0	27.2612	2962
6	3	0	0	0	0	23.2786	2963
7	3	0	0	0	0	25.3713	2964
8	3	0	0	0	0	27.7127	2965
8	3	0	0	0	0	31.2396	2966
8	4	0	0	0	0	36.7973	2967
8	4	0	0	0	0	37.5739	2968
8	4	0	0	0	0	30.5999	2969
8	4	0	0	0	0	38.3394	2970
8	4	0	0	0	0	39.2573	2971
8	4	0	0	0	0	35.6114	2972
8	4	0	0	0	0	39.2495	2973
8	5	0	0	0	0	38.5364	2974
8	5	0	0	0	0	36.8003	2975
8	5	0	0	0	0	36.6981	2976
8	5	0	0	0	0	36.2459	2977
7	5	0	0	0	0	38.749	2978
7	5	0	0	0	0	38.553	2979
7	5	0	0	0	0	37.1217	2980
7	5	0	0	0	0	39.7595	2981
7	5	0	0	0	0	29.4046	2982
6	5	0	0	0	0	33.238	2983
6	5	0	0	0	0	36.0371	2984
6	5	0	0	0	0	33.8183	2985
6	5	0	0	0	0	35.7455	2986
7	5	0	0	0	0	35.2743	2987
7	5	0	0	0	0	34.8307	2988
7	5	0	0	0	0	38.7629	2989
8	5	0	0	0	0	38.6857	2990
8	5	0	0	0	0	38.9698	2991
8	5	0	0	0	0	43.9366	2992
9	5	0	0	0	0	37.3236	2993
10	5	0	0	0	0	45.7071	2994
10	5	0	0	0	0	41.6294	2995
10	5	0	0	0	0	51.9179	2996
10	6	0	0	0	0	50.4448	2997
10	6	0	0	0	0	53.913	2998
11	6	0	0	0	0	52.6572	2999
11	7	0	0	0	0	55.8328	3000
11	7	0	0	0	0	58.1647	3001
11	8	0	0	0	0	61.2946	3002
11	9	0	0	0	0	55.9263	3003
11	9	0	0	0	0	58.1992	3004
11	9	0	0	0	0	57.76	3005
11	9	0	0	0	0	64.4581	3006
11	10	0	0	0	0	70.7895	3007
11	10	0	0	0	0	66.4631	3008
11	11	0	0	0	0	69.154	3009
11	12	0	0	0	0	65.1986	3010
10	12	0	0	0	0	71.7714	3011
10	12	0	0	0	0	71.656	3012
10	12	0	0	0	0	78.1422	3013
10	12	0	0	0	0	74.9605	3014
10	12	0	0	0	0	73.4183	3015
10	12	0	0	0	0	78.239	3016
10	12	0	0	0	0	79.7464	3017
10	12	0	0	0	0	78.1263	3018
10	12	0	0	0	0	77.1896	3019
10	12	0	0	0	0	73.4391	3020
9	11	0	0	0	0	58.9349	3021
8	11	0	0	0	0	59.0451	3022
8	11	0	0	0	0	64.0463	3023
8	10	0	0	0	0	62.9497	3024
8	10	0	0	0	0	62.8892	3025
8	10	0	0	0	0	62.0143	3026
8	10	0	0	0	0	60.4727	3027
8	10	0	0	0	0	57.1992	3028
8	10	0	0	0	0	59.8229	3029
8	10	0	0	0	0	61.4635	3030
8	10	0	0	0	0	65.5162	3031
8	10	0	0	0	0	60.734	3032
8	10	0	0	0	0	58.3301	3033
8	10	0	0	0	0	62.8477	3034
8	10	0	0	0	0	63.411	3035
8	10	0	0	0	0	60.8792	3036
8	10	0	0	0	0	58.1453	3037
8	10	0	0	0	0	63.2014	3038
8	10	0	0	0	0	52.0871	3039
7	10	0	0	0	0	55.053	3040
7	10	0	0	0	0	50.2955	3041
7	10	0	0	0	0	54.6097	3042
7	10	0	0	0	0	52.9256	3043
7	10	0	0	0	0	52.8536	3044
7	10	0	0	0	0	60.9888	3045
7	10	0	0	0	0	54.8395	3046
7	10	0	0	0	0	52.6494	3047
7	10	0	0	0	0	45.9928	3048
7	10	0	0	0	0	49.935	3049
7	10	0	0	0	0	58.0683	3050
7	10	0	0	0	0	60.1482	3051
7	10	0	0	0	0	55.7712	3052
7	10	0	0	0	0	49.9271	3053
7	10	0	0	0	0	50.2284	3054
7	10	0	0	0	0	51.2946	3055
7	10	0	0	0	0	51.0378	3056
6	9	0	0	0	0	50.6927	3057
6	9	0	0	0	0	48.5984	3058
7	9	0	0	0	0	48.0054	3059
7	9	0	0	0	0	44.5396	3060
7	9	0	0	0	0	47.1273	3061
8	9	0	0	0	0	53.8084	3062
8	10	0	0	0	0	55.4903	3063
8	10	0	0	0	0	53.6596	3064
8	10	0	0	0	0	56.7815	3065
8	10	0	0	0	0	52.5451	3066
8	10	0	0	0	0	59.8161	3067
8	10	0	0	0	0	62.4272	3068
8	10	0	0	0	0	55.421	3069
8	9	0	0	0	0	50.9343	3070
8	9	0	0	0	0	55.0182	3071
8	9	0	0	0	0	53.2451	3072
8	9	0	0	0	0	56.0248	3073
8	9	0	0	0	0	44.1774	3074
8	9	0	0	0	0	54.534	3075
8	9	0	0	0	0	55.2725	3076
7	9	0	0	0	0	49.9498	3077
7	9	0	0	0	0	57.0123	3078
7	9	0	0	0	0	56.6478	3079
7	9	0	0	0	0	47.0985	3080
7	9	0	0	0	0	52.4226	3081
7	9	0	0	0	0	50.3356	3082
7	9	0	0	0	0	56.3611	3083
7	9	0	0	0	0	46.743	3084
8	9	0	0	0	0	52.2429	3085
8	9	0	0	0	0	50.5732	3086
9	9	0	0	0	0	54.0206	3087
9	9	0	0	0	0	47.7603	3088
9	9	0	0	0	0	41.3546	3089
9	10	0	0	0	0	60.806	3090
9	10	0	0	0	0	59.5633	3091
9	10	0	0	0	0	55.3121	3092
9	10	0	0	0	0	49.5019	3093
9	10	0	0	0	0	55.4527	3094
9	10	0	0	0	0	49.498	3095
9	10	0	0	0	0	54.0612	3096
9	10	0	0	0	0	56.0387	3097
9	9	0	0	0	0	65.2738	3098
9	9	0	0	0	0	61.9543	3099
9	9	0	0	0	0	58.8325	3100
9	9	0	0	0	0	58.8798	3101
9	9	0	0	0	0	63.2516	3102
9	9	0	0	0	0	62.1207	3103
9	9	0	0	0	0	64.0915	3104
9	9	0	0	0	0	62.8181	3105
9	9	0	0	0	0	55.5893	3106
9	9	0	0	0	0	57.7111	3107
9	9	0	0	0	0	51.4983	3108
9	9	0	0	0	0	49.7203	3109
9	9	0	0	0	0	56.4036	3110
9	9	0	0	0	0	58.6045	3111
8	9	0	0	0	0	56.8201	3112
8	9	0	0	0	0	52.223	3113
8	9	0	0	0	0	52.3325	3114
8	9	0	0	0	0	57.0665	3115
8	9	0	0	0	0	56.8383	3116
8	9	0	0	0	0	54.4188	3117
8	9	0	0	0	0	59.0622	3118
8	9	0	0	0	0	51.6396	3119
8	9	0	0	0	0	49.6556	3120
8	9	0	0	0	0	52.9914	3121
8	9	0	0	0	0	48.0468	3122
8	9	0	0	0	0	49.0851	3123
7	8	0	0	0	0	47.0915	3124
7	8	0	0	0	0	50.4211	3125
7	8	0	0	0	0	47.6198	3126
7	7	0	0	0	0	46.7513	3127
7	8	0	0	0	0	41.7533	3128
7	7	0	0	0	0	45.6412	3129
7	7	0	0	0	0	39.2252	3130
7	7	0	0	0	0	35.8826	3131
5	7	0	0	0	0	38.4511	3132
5	7	0	0	0	0	38.2776	3133
5	7	0	0	0	0	37.8717	3134
5	7	0	0	0	0	34.8213	3135
5	7	0	0	0	0	31.2474	3136
4	6	0	0	0	0	28.1391	3137
4	5	0	0	0	0	26.7984	3138
4	5	0	0	0	0	26.4079	3139
5	5	0	0	0	0	28.5546	3140
5	5	0	0	0	0	26.4377	3141
5	5	0	0	0	0	31.0613	3142
5	5	0	0	0	0	27.159	3143
5	5	0	0	0	0	27.159	3144
5	7	0	0	0	0	26.2926	3145
5	6	0	0	0	0	27.6514	3146
5	6	0	0	0	0	32.014	3147
5	6	0	0	0	0	23.9251	3148
3	6	0	0	0	0	21.4178	3149
3	5	0	0	0	0	19.9933	3150
3	5	0	0	0	0	15.6426	3151
3	4	0	0	0	0	19.0686	3152
3	4	0	0	0	0	13.0496	3153
1	4	0	0	0	0	9.51944	3154
1	4	0	0	0	0	8.77047	3155
1	4	0	0	0	0	12.5918	3156
1	4	0	0	0	0	10.2872	3157
1	4	0	0	0	0	12.5771	3158
1	4	0	0	0	0	12.4658	3159
1	4	0	0	0	0	12.4658	3160
1	4	0	0	0	0	11.2246	3161
1	4	0	0	0	0	9.12671	3162
1	4	0	0	0	0	12.4772	3163
1	4	0	0	0	0	12.7495	3164
1	4	0	0	0	0	7.31885	3165
1	3	0	0	0	0	9.15886	3166
2	3	0	0	0	0	7.86966	3167
2	3	0	0	0	0	11.7737	3168
2	3	0	0	0	0	5.34928	3169
3	3	0	0	0	0	10.8433	3170
3	3	0	0	0	0	11.6663	3171
3	3	0	0	0	0	13.8652	3172
3	3	0	0	0	0	16.4386	3173
3	4	0	0	0	0	13.4241	3174
3	4	0	0	0	0	14.6317	3175
3	4	0	0	0	0	16.4386	3176
3	4	0	0	0	0	15.7369	3177
3	4	0	0	0	0	20.3293	3178
3	4	0	0	0	0	19.7577	3179
3	4	0	0	0	0	20.13	3180
3	4	0	0	0	0	19.6231	3181
3	4	0	0	0	0	17.9277	3182
3	4	0	0	0	0	19.7341	3183
3	4	0	0	0	0	15.8451	3184
3	4	0	0	0	0	20.13	3185
3	4	0	0	0	0	19.6231	3186
3	4	0	0	0	0	13.2435	3187
4	3	0	0	0	0	14.9375	3188
4	3	0	0	0	0	21.0526	3189
4	3	0	0	0	0	19.6807	3190
4	4	0	0	0	0	21.0707	3191
4	4	0	0	0	0	20.1045	3192
4	4	0	0	0	0	20.358	3193
4	4	0	0	0	0	22.285	3194
4	4	0	0	0	0	23.3641	3195
4	4	0	0	0	0	22.7233	3196
4	4	0	0	0	0	22.595	3197
4	4	0	0	0	0	24.1864	3198
4	4	0	0	0	0	25.0815	3199
4	4	0	0	0	0	22.7806	3200
4	4	0	0	0	0	15.9679	3201
4	4	0	0	0	0	22.5395	3202
4	4	0	0	0	0	19.1199	3203
4	3	0	0	0	0	18.8586	3204
5	3	0	0	0	0	19.1199	3205
5	3	0	0	0	0	23.1775	3206
5	3	0	0	0	0	22.5262	3207
5	3	0	0	0	0	21.178	3208
5	3	0	0	0	0	24.9698	3209
5	3	0	0	0	0	21.0544	3210
5	3	0	0	0	0	24.4321	3211
5	3	0	0	0	0	21.0572	3212
5	3	0	0	0	0	22.3934	3213
5	3	0	0	0	0	16.8495	3214
5	3	0	0	0	0	24.8409	3215
5	3	0	0	0	0	24.1961	3216
5	3	0	0	0	0	23.5404	3217
5	3	0	0	0	0	24.2321	3218
5	3	0	0	0	0	24.2321	3219
5	3	0	0	0	0	9.73681	3220
5	3	0	0	0	0	24.2706	3221
5	3	0	0	0	0	23.9234	3222
5	3	0	0	0	0	25.4342	3223
5	3	0	0	0	0	25.2651	3224
5	3	0	0	0	0	24.2182	3225
5	3	0	0	0	0	23.5495	3226
5	3	0	0	0	0	21.415	3227
5	3	0	0	0	0	24.2153	3228
5	3	0	0	0	0	22.3109	3229
5	3	0	0	0	0	23.4272	3230
5	3	0	0	0	0	23.1775	3231
5	3	0	0	0	0	24.2153	3232
5	3	0	0	0	0	20.6501	3233
5	3	0	0	0	0	20.8794	3234
5	3	0	0	0	0	25.474	3235
5	3	0	0	0	0	23.662	3236
5	3	0	0	0	0	23.6215	3237
5	3	0	0	0	0	22.7413	3238
5	3	0	0	0	0	22.486	3239
5	3	0	0	0	0	21.9382	3240
5	3	0	0	0	0	24.0209	3241
5	3	0	0	0	0	22.4146	3242
5	3	0	0	0	0	22.445	3243
5	3	0	0	0	0	24.3214	3244
5	3	0	0	0	0	24.1961	3245
5	3	0	0	0	0	21.9382	3246
5	3	0	0	0	0	19.8296	3247
5	3	0	0	0	0	21.9117	3248
5	3	0	0	0	0	23.0224	3249
5	3	0	0	0	0	24.284	3250
5	3	0	0	0	0	25.1806	3251
5	3	0	0	0	0	23.9397	3252
5	3	0	0	0	0	24.2153	3253
5	3	0	0	0	0	21.3596	3254
5	3	0	0	0	0	24.284	3255
5	3	0	0	0	0	21.8781	3256
5	3	0	0	0	0	24.6476	3257
5	3	0	0	0	0	24.1961	3258
5	3	0	0	0	0	21.3586	3259
5	3	0	0	0	0	21.3586	3260
5	3	0	0	0	0	23.347	3261
5	3	0	0	0	0	23.1653	3262
5	3	0	0	0	0	23.4272	3263
4	3	0	0	0	0	20.2904	3264
4	3	0	0	0	0	20.2671	3265
4	3	0	0	0	0	16.3372	3266
4	3	0	0	0	0	20.0375	3267
4	3	0	0	0	0	19.9566	3268
4	3	0	0	0	0	21.0707	3269
4	3	0	0	0	0	19.6231	3270
4	3	0	0	0	0	19.8593	3271
4	3	0	0	0	0	21.0707	3272
4	3	0	0	0	0	20.4324	3273
4	3	0	0	0	0	21.4187	3274
4	3	0	0	0	0	18.0034	3275
4	3	0	0	0	0	19.1146	3276
4	3	0	0	0	0	20.9394	3277
4	3	0	0	0	0	18.5917	3278
4	3	0	0	0	0	21.0707	3279
4	3	0	0	0	0	16.897	3280
