unique_top_cov	unique_bot_cov	redundant_top_cov	redundant_bot_cov	raw_redundant_top_cov	raw_redundant_bot_cov	e_value	position
0	0	0	0	0	0	nan	1
0	0	0	0	0	0	nan	2
0	0	0	0	0	0	nan	3
0	0	0.333333	0	1	0	nan	4
0	0	0.333333	0	1	0	nan	5
0	0	0.333333	0	1	0	nan	6
0	0	0.333333	0	1	0	nan	7
0	0	0.333333	0	1	0	nan	8
0	0	0.333333	0	1	0	nan	9
0	0	0.333333	0	1	0	nan	10
0	0	0.666667	0	2	0	nan	11
1	0	0.666667	0	2	0	nan	12
2	0	0.666667	0	2	0	-3.22823	13
2	0	0.666667	0	2	0	-3.22823	14
2	0	0.666667	0	2	0	-1.38388	15
2	0	0.666667	0	2	0	0.924726	16
2	0	0.666667	0.333333	2	1	0.58716	17
2	4	0.666667	0.333333	2	1	0.506584	18
2	4	0.666667	0.333333	2	1	0.924726	19
2	4	0.666667	0.333333	2	1	0.58716	20
2	5	0.666667	0.333333	2	1	0.653238	21
2	5	0.666667	0.333333	2	1	11.6472	22
2	5	0.666667	0.333333	2	1	15.3266	23
2	5	0.666667	0.333333	2	1	16.6592	24
2	5	0.666667	0.333333	2	1	16.5795	25
2	5	0.666667	0.333333	2	1	20.3613	26
2	5	0.666667	0.333333	2	1	16.6065	27
2	5	0.666667	0.333333	2	1	15.1149	28
2	5	0.666667	0.333333	2	1	19.4946	29
2	5	1	0.333333	3	1	17.5435	30
2	5	1	0.333333	3	1	19.3045	31
2	5	1	0.333333	3	1	19.3497	32
2	5	1	0.333333	3	1	19.3941	33
2	5	1	0.333333	3	1	20.1583	34
2	5	1	0.333333	3	1	20.1583	35
2	5	1	0.333333	3	1	19.3941	36
2	5	1	0.333333	3	1	19.0987	37
2	5	1	0.333333	3	1	17.6087	38
2	5	1	0.333333	3	1	19.3707	39
2	5	1	0.333333	3	1	20.1061	40
2	5	1	0.333333	3	1	19.7082	41
2	5	1	0.333333	3	1	19.4946	42
2	5	1	0.333333	3	1	18.7562	43
2	5	1	0.333333	3	1	20.3613	44
2	5	1	0.333333	3	1	19.3941	45
2	5	1	0.333333	3	1	20.1061	46
2	5	1	0.333333	3	1	18.8247	47
2	5	1	0.333333	3	1	19.4946	48
4	5	1	0.333333	3	1	19.4946	49
4	5	1	0.333333	3	1	19.4194	50
5	5	0.666667	0.333333	2	1	24.0666	51
5	5	0.666667	0.333333	2	1	28.9237	52
5	5	0.666667	0.333333	2	1	29.116	53
5	5	0.666667	0.333333	2	1	28.1128	54
5	5	0.666667	0.333333	2	1	31.8612	55
5	5	0.666667	0.333333	2	1	30.4402	56
5	5	0.666667	0.333333	2	1	27.718	57
5	5	0.666667	0.333333	2	1	24.311	58
5	5	0.666667	0.333333	2	1	31.5159	59
6	5	0.666667	0.333333	2	1	29.0518	60
6	5	0.666667	0.333333	2	1	33.5105	61
6	5	0.666667	0.333333	2	1	31.9559	62
6	5	0.666667	0.333333	2	1	29.7961	63
6	5	0.666667	0.333333	2	1	34.6167	64
6	5	0.666667	0.333333	2	1	32.4174	65
7	5	0.666667	0.333333	2	1	32.5891	66
9	5	0	0.333333	0	1	35.7387	67
9	5	0	0.333333	0	1	31.8216	68
9	5	0	0.333333	0	1	38.8427	69
9	5	0	0	0	0	39.3496	70
9	5	0	0	0	0	41.5861	71
9	5	0	0	0	0	39.0821	72
9	5	0	0	0	0	39.9275	73
9	5	0	0	0	0	35.8852	74
9	5	0	0	0	0	36.8133	75
9	5	0	0	0	0	34.6251	76
9	5	0	0	0	0	41.925	77
9	5	0	0	0	0	37.7688	78
9	5	0	0	0	0	37.3737	79
9	5	0	0	0	0	40.5216	80
9	5	0	0	0	0	37.3505	81
9	5	0	0	0	0	37.6785	82
9	5	0	0	0	0	41.6361	83
9	5	0	0	0	0	40.0817	84
9	6	0	0	0	0	41.9674	85
9	6	0	0	0	0	40.0394	86
9	6	0	0	0	0	38.7698	87
9	6	0	0	0	0	41.9411	88
9	6	0	0	0	0	34.246	89
9	6	0	0	0	0	41.3818	90
9	6	0	0	0	0	45.8819	91
9	6	0	0	0	0	44.6277	92
9	6	0	0	0	0	45.6354	93
9	6	0	0	0	0	42.4424	94
9	6	0	0	0	0	46.6044	95
9	6	0	0	0	0	47.5763	96
9	6	0	0	0	0	43.3316	97
10	6	0	0	0	0	42.8875	98
10	6	0	0	0	0	38.8443	99
10	5	0	0	0	0	44.6883	100
11	7	0	0	0	0	36.0679	101
12	7	0	0	0	0	41.3695	102
12	9	0	0	0	0	49.7058	103
12	10	0	0	0	0	67.922	104
12	10	0	0	0	0	63.5636	105
12	10	0	0	0	0	61.3345	106
12	10	0	0	0	0	69.239	107
12	10	0	0	0	0	67.6799	108
12	10	0	0	0	0	64.2843	109
12	10	0	0	0	0	64.1153	110
12	10	0	0	0	0	71.4971	111
11	10	0	0	0	0	66.2023	112
11	10	0	0	0	0	71.1984	113
11	10	0	0	0	0	63.6946	114
11	10	0	0	0	0	65.0434	115
11	10	0	0	0	0	67.9097	116
11	10	0	0	0	0	67.1993	117
11	10	0	0	0	0	61.2014	118
11	10	0	0	0	0	68.3216	119
11	12	0	0	0	0	60.3714	120
11	13	0	0	0	0	78.0528	121
11	13	0	0	0	0	72.3307	122
11	13	0	0	0	0	64.8024	123
10	13	0	0	0	0	64.2358	124
10	12	0	0	0	0	67.5511	125
10	12	0	0	0	0	73.8506	126
10	12	0	0	0	0	75.2676	127
10	12	0	0	0	0	67.4034	128
9	12	0	0	0	0	68.018	129
8	12	0	0	0	0	66.6163	130
8	12	0	0	0	0	67.4027	131
7	12	0	0	0	0	56.3645	132
7	12	0	0	0	0	64.3263	133
7	12	0	0	0	0	66.0034	134
7	12	0	0	0	0	66.508	135
9	12	0	0	0	0	67.6781	136
9	12	0	0	0	0	65.0228	137
9	13	0	0	0	0	73.4547	138
9	13	0	0	0	0	71.4328	139
9	13	0	0	0	0	66.7762	140
9	13	0	0	0	0	71.9092	141
8	14	0	0	0	0	71.691	142
9	14	0	0	0	0	73.5577	143
9	14	0	0	0	0	78.0282	144
9	14	0	0	0	0	76.0965	145
9	14	0	0	0	0	79.1778	146
9	14	0	0	0	0	79.0871	147
9	14	0	0	0	0	73.2724	148
9	13	0	0	0	0	68.9689	149
9	13	0	0	0	0	80.2461	150
9	13	0	0	0	0	80.9991	151
9	13	0	0	0	0	67.7734	152
9	13	0	0	0	0	79.5345	153
9	13	0	0	0	0	75.0446	154
10	13	0	0	0	0	79.0264	155
10	13	0	0	0	0	81.5917	156
10	13	0	0	0	0	76.4626	157
10	12	0	0	0	0	76.2913	158
10	12	0	0	0	0	75.633	159
10	12	0	0	0	0	77.5466	160
10	12	0	0	0	0	71.3392	161
10	12	0	0	0	0	73.8404	162
10	12	0	0	0	0	76.8925	163
10	12	0	0	0	0	68.4265	164
9	13	0	0	0	0	65.1971	165
9	13	0	0	0	0	73.3611	166
10	15	0	0	0	0	61.3737	167
10	14	0	0	0	0	73.0329	168
10	14	0	0	0	0	69.6068	169
10	16	0	0	0	0	76.269	170
10	16	0	0	0	0	73.3019	171
10	18	0	0	0	0	85.4843	172
10	18	0	0	0	0	80.432	173
9	18	0	0	0	0	85.1071	174
9	17	0	0	0	0	86.5454	175
9	17	0	0	0	0	79.0514	176
9	17	0	0	0	0	84.1528	177
9	17	0	0	0	0	87.2261	178
9	17	0	0	0	0	79.0434	179
9	17	0	0	0	0	96.6895	180
9	17	0	0	0	0	91.1274	181
9	17	0	0	0	0	87.723	182
10	17	0	0	0	0	74.3422	183
10	18	0	0	0	0	100.193	184
10	18	0	0	0	0	97.0854	185
10	18	0	0	0	0	88.2526	186
10	18	0	0	0	0	98.3139	187
10	18	0	0	0	0	94.2133	188
10	19	0	0	0	0	96.4518	189
10	19	0	0	0	0	95.3307	190
10	19	0	0	0	0	98.1549	191
10	19	0	0	0	0	94.417	192
10	19	0	0	0	0	94.3304	193
10	19	0	0	0	0	99.5965	194
10	19	0	0	0	0	89.5001	195
11	19	0	0	0	0	107.534	196
11	19	0	0	0	0	104.07	197
11	19	0	0	0	0	108.711	198
11	19	0	0	0	0	111.73	199
11	19	0	0	0	0	107.571	200
11	19	0	0	0	0	103.884	201
11	19	0	0	0	0	108.802	202
11	19	0	0	0	0	100.991	203
11	19	0	0	0	0	112.469	204
11	19	0	0	0	0	107.026	205
11	19	0	0	0	0	96.3336	206
11	19	0	0	0	0	100.516	207
11	21	0	0	0	0	99.457	208
11	21	0	0	0	0	96.8599	209
10	20	0	0	0	0	109.499	210
11	20	0	0	0	0	108.567	211
11	19	0	0	0	0	97.2421	212
11	18	0	0	0	0	93.5901	213
11	18	0	0	0	0	101.856	214
11	18	0	0	0	0	93.6121	215
11	18	0	0	0	0	91.8734	216
10	18	0	0	0	0	96.7787	217
10	18	0	0	0	0	95.6173	218
10	18	0	0	0	0	101.288	219
10	18	0	0	0	0	99.7842	220
10	18	0	0	0	0	93.932	221
10	18	0	0	0	0	78.1498	222
10	18	0	0	0	0	89.5513	223
10	18	0	0	0	0	99.0807	224
10	18	0	0	0	0	90.1206	225
10	18	0	0	0	0	94.8853	226
10	17	0	0	0	0	78.3779	227
11	17	0	0	0	0	96.0295	228
11	17	0	0	0	0	97.5902	229
11	19	0	0	0	0	104.344	230
11	19	0	0	0	0	90.6359	231
11	20	0	0	0	0	93.8967	232
11	20	0	0	0	0	92.9219	233
11	20	0	0	0	0	97.9323	234
11	19	0	0	0	0	97.1995	235
11	19	0	0	0	0	101.858	236
12	20	0	0	0	0	97.2933	237
12	20	0	0	0	0	92.2149	238
8	19	0	0	0	0	91.7208	239
8	19	0	0	0	0	92.5447	240
8	19	0	0	0	0	95.1127	241
8	19	0	0	0	0	92.234	242
8	19	0	0	0	0	93.6994	243
8	19	0	0	0	0	92.6736	244
8	19	0	0	0	0	87.133	245
8	19	0	0	0	0	91.5087	246
8	19	0	0	0	0	97.7614	247
9	19	0	0	0	0	97.5472	248
9	19	0	0	0	0	87.4962	249
9	19	0	0	0	0	93.347	250
9	18	0	0	0	0	77.3106	251
9	20	0	0	0	0	75.629	252
10	17	0	0	0	0	76.048	253
10	16	0	0	0	0	77.8196	254
10	16	0	0	0	0	89.1057	255
10	16	0	0	0	0	81.3803	256
10	15	0	0	0	0	82.257	257
10	15	0	0	0	0	85.4915	258
10	15	0	0	0	0	87.1397	259
10	15	0	0	0	0	84.1369	260
10	15	0	0	0	0	73.9516	261
10	15	0	0	0	0	80.883	262
10	14	0	0	0	0	72.5548	263
10	14	0	0	0	0	82.8436	264
10	15	0	0	0	0	81.6389	265
10	15	0	0	0	0	81.0808	266
10	15	0	0	0	0	83.9577	267
9	15	0	0	0	0	80.6645	268
10	16	0	0	0	0	84.3094	269
11	16	0	0	0	0	84.5764	270
12	15	0	0	0	0	90.7929	271
12	15	0	0	0	0	83.0794	272
12	15	0	0	0	0	79.9856	273
11	15	0	0	0	0	83.7793	274
11	15	0	0	0	0	80.6798	275
11	13	0	0	0	0	72.05	276
13	13	0	0	0	0	77.9702	277
13	13	0	0	0	0	74.8041	278
13	13	0	0	0	0	74.5837	279
13	13	0	0	0	0	79.5456	280
13	13	0	0	0	0	77.876	281
13	13	0	0	0	0	85.5366	282
13	13	0	0	0	0	85.6981	283
13	13	0	0	0	0	95.6669	284
13	13	0	0	0	0	89.4362	285
13	13	0	0	0	0	84.4926	286
13	13	0	0	0	0	84.9532	287
13	13	0	0	0	0	90.5885	288
13	13	0	0	0	0	81.1067	289
13	12	0	0	0	0	88.4737	290
13	12	0	0	0	0	84.0565	291
13	12	0	0	0	0	79.5543	292
12	12	0	0	0	0	81.2226	293
12	12	0	0	0	0	86.1171	294
12	12	0	0	0	0	79.649	295
12	12	0	0	0	0	69.2064	296
12	11	0	0	0	0	75.0516	297
12	11	0	0	0	0	81.0915	298
12	11	0	0	0	0	77.1445	299
12	11	0	0	0	0	74.2458	300
12	11	0	0	0	0	81.5632	301
12	11	0	0	0	0	70.3754	302
13	11	0	0	0	0	71.0178	303
13	11	0	0	0	0	76.8086	304
13	11	0	0	0	0	73.9129	305
12	11	0	0	0	0	77.4263	306
12	11	0	0	0	0	79.9422	307
12	11	0	0	0	0	73.604	308
12	11	0	0	0	0	76.6924	309
12	11	0	0	0	0	82.0621	310
12	11	0	0	0	0	79.576	311
12	11	0	0	0	0	75.8191	312
12	11	0	0	0	0	73.9844	313
12	11	0	0	0	0	78.2092	314
12	10	0	0	0	0	69.469	315
12	10	0	0	0	0	72.1031	316
12	10	0	0	0	0	75.8843	317
12	10	0	0	0	0	76.9314	318
12	10	0	0	0	0	64.9111	319
12	9	0	0	0	0	62.0864	320
11	9	0	0	0	0	60.4218	321
11	8	0	0	0	0	61.6902	322
11	8	0	0	0	0	59.47	323
10	8	0	0	0	0	57.4433	324
10	8	0.333333	0	1	0	58.919	325
10	8	0.333333	0	1	0	58.5837	326
10	8	0.333333	0	1	0	56.0827	327
10	8	0.333333	0	1	0	61.9225	328
10	8	0.333333	0	1	0	45.7485	329
10	8	0.333333	0	1	0	46.3085	330
9	7	0.333333	0	1	0	50.2872	331
9	7	0.333333	0	1	0	49.3694	332
8	7	0.333333	0	1	0	45.9404	333
8	6	0.333333	0	1	0	48.568	334
8	6	0.333333	0	1	0	44.6771	335
8	6	0.333333	0	1	0	45.799	336
8	6	0.333333	0	1	0	39.744	337
8	6	0.333333	0	1	0	47.4739	338
8	6	0.333333	0	1	0	45.9762	339
8	6	0.333333	0	1	0	49.4705	340
8	6	0.333333	0	1	0	44.114	341
8	6	0.333333	0	1	0	43.017	342
7	6	0.333333	0	1	0	41.0381	343
7	6	0.333333	0	1	0	41.5705	344
7	6	0.333333	0	1	0	37.3711	345
7	6	0.333333	0	1	0	38.3582	346
7	6	0.333333	0	1	0	30.8228	347
7	5	0.333333	0	1	0	38.2118	348
7	5	0.333333	0	1	0	38.7844	349
7	5	0.333333	0	1	0	39.6874	350
7	5	0.333333	0	1	0	35.6367	351
7	5	0.333333	0	1	0	37.5184	352
7	5	0.333333	0	1	0	39.2911	353
7	5	0.333333	0	1	0	39.6997	354
7	5	0.333333	0	1	0	38.8769	355
7	5	0.333333	0	1	0	28.2085	356
7	4	0.333333	0	1	0	34.8322	357
7	4	0.333333	0	1	0	35.0546	358
7	4	0.333333	0	1	0	31.2539	359
7	4	0.333333	0	1	0	35.9238	360
7	4	0.333333	0	1	0	32.1282	361
7	4	0.333333	0	1	0	37.507	362
7	4	0.333333	0	1	0	35.1593	363
7	4	0.333333	0	1	0	32.814	364
7	4	0.333333	0	1	0	34.6624	365
7	4	0.333333	0	1	0	36.2339	366
7	4	0.333333	0	1	0	33.2856	367
7	4	0.333333	0	1	0	33.1044	368
7	4	0.333333	0	1	0	32.3266	369
7	4	0.333333	0	1	0	29.3854	370
7	4	0.333333	0	1	0	34.6139	371
7	4	0.333333	0	1	0	36.002	372
7	4	0.333333	0	1	0	32.6615	373
7	4	0.333333	0	1	0	27.9133	374
5	4	0.333333	0	1	0	16.4333	375
3	3	0.333333	0	1	0	12.4155	376
3	3	0	0	0	0	12.6364	377
3	2	0	0	0	0	12.6802	378
3	2	0	0	0	0	13.3812	379
3	2	0	0	0	0	12.6364	380
3	2	0	0	0	0	12.1271	381
3	2	0	0	0	0	2.68683	382
3	2	0	0	0	0	4.84557	383
3	2	0	0	0	0	4.84557	384
3	2	0	0	0	0	4.89074	385
2	2	0	0	0	0	4.84557	386
1	2	0	0	0	0	2.08628	387
1	2	0	0	0	0	-2.69182	388
1	2	0	0	0	0	-3.00506	389
1	2	0	0	0	0	-3.00506	390
1	2	0	0	0	0	-2.69182	391
1	0	0	0	0	0	-3.00506	392
1	0	0	0	0	0	-3.00506	393
1	0	0	0	0	0	-2.69182	394
1	0	0	0	0	0	-3.00506	395
1	0	0	0	0	0	-5.24745	396
1	0	0	0	0	0	-3.00506	397
1	0	0	0	0	0	nan	398
