unique_top_cov	unique_bot_cov	redundant_top_cov	redundant_bot_cov	raw_redundant_top_cov	raw_redundant_bot_cov	e_value	position
1	2	0	0	0	0	nan	1
1	2	0	0	0	0	nan	2
1	2	0	0	0	0	3.07136	3
1	2	0	0	0	0	3.72698	4
1	2	0	0.333333	0	1	3.77406	5
1	2	0	0.333333	0	1	5.11726	6
1	2	0	0.333333	0	1	4.50231	7
1	2	0	0.333333	0	1	4.48395	8
1	2	0	0.333333	0	1	4.76292	9
1	2	0	0.333333	0	1	4.76292	10
1	2	0	0.333333	0	1	4.70718	11
1	2	0	0.333333	0	1	4.70718	12
1	2	0	0.333333	0	1	4.30138	13
1	2	0	0.333333	0	1	3.77406	14
1	2	0	0.333333	0	1	2.60593	15
1	2	0	0.333333	0	1	3.02427	16
1	2	0	0.333333	0	1	5.56055	17
1	2	0	0.333333	0	1	1.97085	18
1	2	0	0.333333	0	1	4.18464	19
1	2	0	0.333333	0	1	5.56055	20
1	2	0	0.333333	0	1	5.1418	21
1	2	0	0.333333	0	1	4.76292	22
1	2	0	0.333333	0	1	4.30138	23
2	2	0	0.333333	0	1	4.76292	24
2	2	0	0.333333	0	1	4.50231	25
3	2	0	0.333333	0	1	1.97085	26
3	2	0	0.333333	0	1	4.18464	27
3	2	0	0.333333	0	1	11.8482	28
3	2	0	0.333333	0	1	8.29433	29
5	2	0	0.333333	0	1	12.4268	30
6	2	0	0.333333	0	1	14.4915	31
6	2	0	0.333333	0	1	19.2742	32
6	2	0	0.333333	0	1	17.3615	33
6	2	0	0.333333	0	1	14.0779	34
6	2	0	0.333333	0	1	18.9923	35
6	2	0	0.333333	0	1	19.2742	36
6	2	0	0.333333	0	1	16.7712	37
6	2	0	0.333333	0	1	20.4417	38
6	2	0	0.333333	0	1	21.43	39
6	2	0	0.333333	0	1	18.5077	40
6	2	0	0.333333	0	1	17.2572	41
6	2	0	0.333333	0	1	16.5745	42
6	2	0	0.333333	0	1	18.5639	43
6	3	0	0.333333	0	1	21.4352	44
6	3	0	0.333333	0	1	21.1708	45
6	3	0	0.333333	0	1	20.2362	46
6	3	0	0.333333	0	1	19.3819	47
6	3	0	0.333333	0	1	20.095	48
6	3	0	0.333333	0	1	26.9822	49
6	3	0	0.333333	0	1	17.4105	50
7	3	0	0.333333	0	1	24.4275	51
8	3	0	0.333333	0	1	24.1805	52
8	3	0	0.333333	0	1	34.9992	53
8	3	0	0.333333	0	1	35.034	54
8	3	0	0.333333	0	1	27.6588	55
8	3	0	0.333333	0	1	34.967	56
8	4	0	0.333333	0	1	31.3185	57
8	5	0	0.333333	0	1	35.0452	58
8	5	0	0.333333	0	1	34.3736	59
9	5	0	0.333333	0	1	39.2849	60
9	5	0	0.333333	0	1	34.1009	61
9	5	0	0.333333	0	1	40.1946	62
9	5	0	0	0	0	44.2861	63
10	5	0	0	0	0	42.923	64
10	5	0	0	0	0	49.2405	65
10	5	0	0	0	0	36.5468	66
10	5	0	0	0	0	40.2539	67
10	5	0	0	0	0	41.8673	68
11	5	0	0	0	0	43.0848	69
13	5	0	0	0	0	39.3852	70
13	5	0	0	0	0	62.7647	71
13	5	0	0	0	0	60.331	72
13	5	0	0	0	0	55.8159	73
13	5	0	0	0	0	55.8549	74
13	5	0	0	0	0	61.6251	75
13	5	0	0	0	0	53.3929	76
14	5	0	0	0	0	44.4027	77
14	5	0	0	0	0	62.9478	78
14	5	0	0	0	0	64.5457	79
14	6	0	0	0	0	63.0889	80
14	6	0	0	0	0	59.1791	81
13	6	0	0	0	0	45.9549	82
14	7	0	0	0	0	61.2751	83
14	7	0	0	0	0	64.234	84
14	7	0	0	0	0	68.5227	85
14	7	0	0	0	0	77.1178	86
14	7	0	0	0	0	65.8984	87
14	7	0	0	0	0	72.9488	88
14	7	0	0	0	0	75.8538	89
14	7	0	0	0	0	74.0793	90
14	7	0	0	0	0	75.641	91
14	7	0	0	0	0	62.0678	92
14	7	0	0	0	0	65.8331	93
14	7	0	0	0	0	71.825	94
14	7	0	0	0	0	76.4205	95
14	7	0	0	0	0	61.0665	96
15	7	0	0	0	0	76.4457	97
15	7	0	0	0	0	69.5984	98
15	7	0	0	0	0	75.0253	99
15	7	0	0	0	0	74.8749	100
15	7	0	0	0	0	72.198	101
15	8	0	0	0	0	68.3738	102
15	8	0	0	0	0	64.7385	103
15	8	0	0	0	0	67.2532	104
15	8	0	0	0	0	79.5864	105
15	8	0	0	0	0	64.3393	106
15	8	0	0	0	0	63.1764	107
15	8	0	0	0	0	77.7307	108
13	8	0	0	0	0	77.145	109
13	9	0	0	0	0	71.142	110
13	9	0	0	0	0	78.0117	111
13	9	0	0	0	0	71.4494	112
13	9	0	0	0	0	65.7665	113
14	9	0	0	0	0	71.1916	114
15	9	0	0	0	0	67.7456	115
15	9	0	0	0	0	82.9613	116
14	9	0	0	0	0	83.3689	117
14	10	0	0	0	0	66.2334	118
15	11	0	0	0	0	71.9451	119
15	11	0	0	0	0	83.5151	120
15	11	0	0	0	0	97.8974	121
15	11	0	0	0	0	87.6711	122
15	11	0	0	0	0	89.3834	123
15	11	0	0	0	0	67.9529	124
15	11	0	0	0	0	76.4042	125
16	11	0	0	0	0	84.7087	126
16	11	0	0	0	0	101.995	127
16	11	0	0	0	0	99.2955	128
16	11	0	0	0	0	101.307	129
16	11	0	0	0	0	102.142	130
16	11	0	0	0	0	98.7238	131
16	11	0	0	0	0	92.8207	132
16	11	0	0	0	0	88.7	133
16	11	0	0	0	0	100.757	134
16	11	0	0	0	0	89.8675	135
16	11	0	0	0	0	98.1711	136
16	11	0	0	0	0	92.3293	137
16	10	0	0	0	0	90.1815	138
16	10	0	0	0	0	77.2847	139
16	9	0	0	0	0	78.7333	140
16	9	0	0	0	0	75.7391	141
16	9	0	0	0	0	81.1161	142
16	9	0	0	0	0	74.7654	143
14	8	0	0	0	0	61.6174	144
14	8	0	0	0	0	78.0806	145
14	8	0	0	0	0	73.298	146
13	8	0	0	0	0	48.8697	147
13	9	0	0	0	0	69.0026	148
13	9	0	0	0	0	55.9933	149
13	9	0	0	0	0	73.4533	150
13	9	0	0	0	0	70.5927	151
13	9	0	0	0	0	66.2508	152
14	10	0	0	0	0	80.97	153
14	10	0	0	0	0	88.4928	154
14	10	0	0	0	0	69.0256	155
14	10	0	0	0	0	73.3888	156
11	10	0	0	0	0	72.515	157
11	10	0	0	0	0	69.6729	158
11	10	0	0	0	0	68.4616	159
11	10	0	0	0	0	69.4104	160
11	9	0	0	0	0	69.8061	161
12	9	0	0	0	0	52.1715	162
11	9	0	0	0	0	54.9641	163
11	9	0	0	0	0	49.1826	164
7	9	0	0	0	0	52.5928	165
6	9	0	0	0	0	49.293	166
6	12	0	0	0	0	53.8845	167
6	12	0	0	0	0	53.9259	168
6	12	0	0	0	0	59.5148	169
6	12	0	0	0	0	50.9403	170
6	15	0	0	0	0	54.7414	171
6	15	0	0	0	0	51.6299	172
6	16	0	0	0	0	54.3118	173
6	16	0	0	0	0	57.3194	174
6	16	0	0	0	0	46.5727	175
5	16	0	0	0	0	51.7823	176
5	16	0	0	0	0	66.1403	177
5	16	0	0	0	0	70.7534	178
5	17	0	0	0	0	66.5382	179
4	17	0	0	0	0	67.9421	180
4	16	0	0	0	0	61.862	181
4	17	0	0	0	0	67.6034	182
4	17	0	0	0	0	70.2972	183
4	17	0	0	0	0	69.4102	184
4	17	0	0	0	0	65.3123	185
4	17	0	0	0	0	68.1624	186
4	17	0	0	0	0	54.8007	187
4	17	0	0	0	0	69.4102	188
4	16	0	0	0	0	68.0416	189
4	16	0	0	0	0	70.2972	190
4	16	0	0	0	0	64.4418	191
4	16	0	0	0	0	73.8057	192
4	16	0	0	0	0	68.9778	193
4	16	0	0	0	0	62.3704	194
4	16	0	0	0	0	67.6855	195
4	16	0	0	0	0	68.958	196
4	16	0	0	0	0	63.8929	197
4	16	0	0	0	0	67.9475	198
4	16	0	0	0	0	64.2944	199
4	16	0	0	0	0	63.6233	200
3	16	0	0	0	0	69.5493	201
3	16	0	0	0	0	62.0926	202
3	17	0	0	0	0	56.7524	203
3	17	0	0	0	0	64.5041	204
3	17	0	0	0	0	67.608	205
3	17	0	0	0	0	72.7833	206
3	17	0	0	0	0	68.3933	207
3	17	0	0	0	0	53.5237	208
3	16	0	0	0	0	51.5663	209
2	16	0	0	0	0	62.4774	210
2	16	0	0	0	0	58.7059	211
2	16	0	0	0	0	52.1905	212
2	16	0	0	0	0	65.6095	213
2	16	0	0	0	0	58.4109	214
2	16	0	0	0	0	58.5817	215
2	16	0	0	0	0	48.4851	216
2	16	0	0	0	0	61.7927	217
1	16	0	0	0	0	47.3617	218
1	16	0	0	0	0	50.2715	219
0	16	0	0	0	0	50.9852	220
0	16	0	0	0	0	52.4899	221
0	16	0	0	0	0	51.5604	222
1	16	0	0	0	0	48.3083	223
1	16	0	0	0	0	40.8626	224
1	16	0	0	0	0	51.1828	225
1	15	0	0	0	0	44.3167	226
1	15	0	0	0	0	49.6183	227
1	14	0	0	0	0	45.9232	228
2	14	0	0	0	0	47.2831	229
5	14	0	0	0	0	45.3384	230
5	14	0	0	0	0	45.3384	231
5	14	0	0	0	0	46.2414	232
5	13	0	0	0	0	36.7961	233
5	13	0	0	0	0	41.7137	234
13	13	0	0	0	0	64.1568	235
16	13	0	0	0	0	96.8439	236
16	13	0	0	0	0	97.6339	237
17	13	0	0	0	0	88.8794	238
17	13	0	0	0	0	113.656	239
18	13	0	0	0	0	99.5103	240
18	14	0	0	0	0	111.282	241
18	14	0	0	0	0	107.628	242
18	13	0	0	0	0	104.835	243
18	13	0	0	0	0	105.605	244
18	13	0	0	0	0	107.488	245
18	13	0	0	0	0	99.6629	246
18	13	0	0	0	0	97.8008	247
18	13	0	0	0	0	105.265	248
18	13	0	0	0	0	103.82	249
18	13	0	0	0	0	103.958	250
18	13	0	0	0	0	99.1578	251
18	13	0	0	0	0	99.5995	252
18	13	0	0	0	0	105.506	253
18	12	0	0	0	0	109.089	254
18	12	0	0	0	0	108.65	255
18	12	0	0	0	0	101.727	256
18	12	0	0	0	0	107.264	257
18	13	0	0	0	0	102.153	258
18	13	0	0	0	0	112.927	259
18	13	0	0	0	0	112.141	260
18	13	0	0	0	0	106.603	261
18	13	0	0	0	0	111.925	262
18	14	0	0	0	0	100.277	263
18	14	0	0	0	0	99.2124	264
18	13	0	0	0	0	95.9001	265
18	13	0	0	0	0	101.106	266
18	13	0	0	0	0	95.1891	267
17	13	0	0	0	0	93.0461	268
17	13	0	0	0	0	102.705	269
17	13	0	0	0	0	94.2665	270
17	13	0	0	0	0	106.295	271
17	13	0	0	0	0	100.684	272
19	12	0	0	0	0	91.2506	273
19	12	0	0	0	0	105.855	274
19	12	0	0	0	0	107.026	275
19	12	0	0	0	0	113.201	276
19	11	0	0	0	0	94.5549	277
20	10	0	0	0	0	97.5421	278
20	10	0	0	0	0	103.623	279
20	10	0	0	0	0	101.666	280
20	10	0	0	0	0	81.9648	281
20	10	0	0	0	0	76.6401	282
20	10	0	0	0	0	83.8694	283
20	10	0	0	0	0	85.0846	284
15	10	0	0	0	0	84.7148	285
15	10	0	0	0	0	86.5919	286
15	10	0	0	0	0	84.4879	287
15	10	0	0	0	0	81.9379	288
15	10	0	0	0	0	79.8206	289
15	10	0	0	0	0	85.013	290
14	10	0	0	0	0	80.0582	291
14	10	0	0	0	0	74.8688	292
14	10	0	0	0	0	82.3355	293
14	10	0	0	0	0	77.5878	294
14	9	0	0	0	0	78.3369	295
13	9	0	0	0	0	69.3922	296
13	9	0	0	0	0	71.097	297
13	9	0	0	0	0	68.3857	298
12	9	0	0	0	0	76.0541	299
12	9	0	0	0	0	66.983	300
12	9	0	0	0	0	77.368	301
12	9	0	0	0	0	64.4268	302
14	9	0	0	0	0	67.8953	303
14	9	0	0	0	0	72.6574	304
14	9	0	0	0	0	75.5048	305
14	9	0	0	0	0	67.0982	306
13	10	0	0	0	0	67.168	307
14	10	0	0	0	0	74.7342	308
14	10	0	0	0	0	70.3682	309
15	10	0	0	0	0	86.8166	310
15	10	0	0	0	0	82.2181	311
15	10	0	0	0	0	79.8118	312
15	10	0	0	0	0	81.3174	313
15	10	0	0	0	0	80.5266	314
15	11	0	0	0	0	90.3868	315
15	11	0	0	0	0	86.0353	316
15	10	0	0	0	0	83.1152	317
15	10	0	0	0	0	81.2728	318
15	10	0	0	0	0	85.9737	319
15	10	0	0	0	0	83.4997	320
15	10	0	0	0	0	77.5378	321
14	10	0	0	0	0	76.5818	322
14	11	0	0	0	0	81.2486	323
13	11	0	0	0	0	84.1683	324
13	11	0	0	0	0	74.3361	325
13	11	0	0	0	0	76.6841	326
13	11	0	0	0	0	81.082	327
13	11	0	0	0	0	83.0628	328
13	11	0	0	0	0	75.3575	329
13	11	0	0	0	0	72.5951	330
13	11	0	0	0	0	69.7278	331
11	11	0	0	0	0	72.1648	332
11	11	0	0	0	0	71.6254	333
11	11	0	0	0	0	75.1046	334
11	12	0	0	0	0	66.7758	335
10	12	0	0	0	0	57.3765	336
10	11	0	0	0	0	73.0402	337
10	11	0	0	0	0	67.7427	338
11	11	0	0	0	0	68.9532	339
11	11	0	0	0	0	64.6582	340
11	11	0	0	0	0	71.756	341
11	10	0	0	0	0	70.552	342
11	10	0	0	0	0	72.6994	343
11	10	0	0	0	0	67.5016	344
11	10	0	0	0	0	76.2499	345
11	10	0	0	0	0	64.9884	346
11	10	0	0	0	0	60.3331	347
11	10	0	0	0	0	58.9169	348
11	9	0	0	0	0	62.7966	349
11	9	0	0	0	0	55.3151	350
11	9	0	0	0	0	59.2223	351
11	9	0	0	0	0	53.9452	352
11	7	0	0	0	0	55.2185	353
11	7	0	0	0	0	56.4957	354
12	7	0	0	0	0	59.3691	355
12	7	0	0	0	0	69.9443	356
12	7	0	0	0	0	62.6505	357
12	7	0	0	0	0	52.7126	358
12	7	0	0	0	0	62.3285	359
12	7	0	0	0	0	64.014	360
12	7	0	0	0	0	56.9788	361
12	7	0	0	0	0	63.6167	362
12	7	0	0	0	0	66.0576	363
12	7	0	0	0	0	59.8219	364
13	7	0	0	0	0	59.4278	365
13	6	0	0	0	0	70.1015	366
13	6	0	0	0	0	64.6706	367
13	6	0	0	0	0	61.7751	368
13	6	0	0	0	0	62.1114	369
13	6	0	0	0	0	59.118	370
13	6	0	0	0	0	54.987	371
12	6	0	0	0	0	57.2707	372
12	8	0	0	0	0	61.7923	373
12	8	0	0	0	0	60.6795	374
12	8	0	0	0	0	59.9926	375
12	8	0	0	0	0	68.7669	376
12	8	0	0	0	0	62.3881	377
12	8	0	0	0	0	73.2372	378
12	8	0	0	0	0	65.7411	379
12	10	0	0	0	0	63.3109	380
12	10	0	0	0	0	62.808	381
12	11	0	0	0	0	62.2466	382
11	11	0	0	0	0	65.9675	383
11	11	0	0	0	0	61.6027	384
11	11	0	0	0	0	77.5924	385
10	11	0	0	0	0	62.8386	386
10	11	0	0	0	0	70.4443	387
10	11	0	0	0	0	77.7175	388
10	11	0	0	0	0	70.4432	389
10	11	0	0	0	0	62.8352	390
10	11	0	0	0	0	72.1504	391
10	11	0	0	0	0	73.5837	392
10	10	0	0	0	0	50.508	393
10	10	0	0	0	0	66.5169	394
10	9	0	0	0	0	61.6999	395
10	9	0	0	0	0	64.9158	396
11	9	0	0	0	0	66.1538	397
11	11	0	0	0	0	67.855	398
11	11	0	0	0	0	67.2619	399
11	11	0	0	0	0	69.7615	400
11	11	0	0	0	0	60.0849	401
11	11	0	0	0	0	78.9818	402
11	11	0	0	0	0	73.8167	403
11	11	0	0	0	0	71.4622	404
12	11	0	0	0	0	71.2961	405
12	11	0	0	0	0	80.1586	406
12	11	0	0	0	0	73.9114	407
12	11	0	0	0	0	81.3009	408
12	11	0	0	0	0	79.9554	409
12	12	0	0	0	0	83.1721	410
12	12	0	0	0	0	83.2729	411
12	13	0	0	0	0	82.2996	412
12	14	0	0	0	0	91.5468	413
12	15	0	0	0	0	87.788	414
13	15	0	0	0	0	87.7161	415
13	15	0	0	0	0	88.4561	416
13	16	0	0	0	0	86.3438	417
13	16	0	0	0	0	85.8245	418
12	16	0	0	0	0	89.8631	419
12	16	0	0	0	0	84.3052	420
12	16	0	0	0	0	95.4198	421
10	16	0	0	0	0	84.1934	422
8	16	0	0	0	0	82.0439	423
8	16	0	0	0	0	80.3326	424
8	16	0	0	0	0	82.8458	425
8	15	0	0	0	0	76.3264	426
9	15	0	0	0	0	69.7426	427
9	14	0	0	0	0	68.2562	428
9	14	0	0	0	0	62.2334	429
9	14	0	0	0	0	69.7891	430
9	14	0	0	0	0	71.8275	431
8	14	0	0	0	0	70.687	432
8	14	0	0	0	0	71.6895	433
8	14	0	0	0	0	71.9063	434
9	14	0	0	0	0	68.866	435
8	14	0	0	0	0	77.2066	436
8	14	0	0	0	0	66.6045	437
8	14	0	0	0	0	75.3812	438
8	15	0	0	0	0	78.9941	439
8	15	0	0	0	0	72.7983	440
8	15	0	0	0	0	77.9965	441
8	15	0	0	0	0	80.1463	442
8	15	0	0	0	0	74.4142	443
8	15	0	0	0	0	65.7902	444
8	14	0	0	0	0	81.1479	445
8	14	0	0	0	0	66.9763	446
8	15	0	0	0	0	75.0855	447
8	14	0	0	0	0	66.7534	448
8	14	0	0	0	0	70.0856	449
8	14	0	0	0	0	77.726	450
8	14	0	0	0	0	68.9924	451
8	14	0	0	0	0	67.802	452
8	14	0	0	0	0	71.0105	453
8	14	0	0	0	0	68.9053	454
8	15	0	0	0	0	64.8892	455
6	15	0	0	0	0	65.217	456
6	15	0	0	0	0	62.1818	457
5	14	0	0	0	0	61.6447	458
5	14	0	0	0	0	67.9388	459
5	14	0	0	0	0	55.3737	460
6	14	0	0	0	0	63.6568	461
6	14	0	0	0	0	60.5449	462
6	15	0	0	0	0	67.5586	463
6	15	0	0	0	0	66.0696	464
7	14	0	0	0	0	58.6209	465
7	14	0	0	0	0	61.2261	466
7	14	0	0	0	0	59.5096	467
7	14	0	0	0	0	65.8167	468
7	14	0	0	0	0	69.561	469
8	14	0	0	0	0	69.561	470
8	13	0	0	0	0	61.4213	471
8	13	0	0	0	0	65.1228	472
8	13	0	0	0	0	76.7686	473
8	13	0	0	0	0	69.7869	474
8	14	0	0	0	0	68.7205	475
8	14	0	0	0	0	67.5107	476
8	14	0	0	0	0	71.0552	477
8	14	0	0	0	0	67.7474	478
9	14	0	0	0	0	70.2031	479
10	14	0	0	0	0	74.5768	480
10	13	0	0	0	0	69.7404	481
11	13	0	0	0	0	76.9621	482
11	13	0	0	0	0	82.8204	483
11	13	0	0	0	0	89.3825	484
11	13	0	0	0	0	83.2678	485
11	13	0	0	0	0	80.8721	486
11	13	0	0	0	0	76.4147	487
11	13	0	0	0	0	83.6842	488
11	13	0	0	0	0	78.9702	489
11	13	0	0	0	0	79.8909	490
11	13	0	0	0	0	71.2601	491
11	13	0	0	0	0	79.4868	492
12	13	0	0	0	0	72.3899	493
12	13	0	0	0	0	79.8123	494
12	13	0	0	0	0	86.5311	495
13	13	0	0	0	0	75.8916	496
13	13	0	0	0	0	88.3547	497
13	13	0	0	0	0	80.3607	498
13	13	0	0	0	0	85.4994	499
13	12	0	0	0	0	81.0668	500
13	12	0	0	0	0	83.4929	501
13	12	0	0	0	0	82.8464	502
13	12	0	0	0	0	91.159	503
13	12	0	0	0	0	81.1558	504
13	12	0	0	0	0	82.2343	505
13	12	0	0	0	0	75.0672	506
13	12	0	0	0	0	78.5314	507
13	12	0	0	0	0	86.4694	508
12	12	0	0	0	0	77.1125	509
12	12	0	0	0	0	77.526	510
12	12	0	0	0	0	85.8274	511
13	12	0	0	0	0	71.2543	512
13	12	0	0	0	0	79.1845	513
13	12	0	0	0	0	80.4976	514
13	12	0	0	0	0	81.4793	515
13	11	0	0	0	0	80.5796	516
13	11	0	0	0	0	79.85	517
13	11	0	0	0	0	77.9934	518
13	11	0	0	0	0	74.4759	519
13	11	0	0	0	0	78.1267	520
13	10	0	0	0	0	66.1554	521
14	10	0	0	0	0	72.3515	522
14	9	0	0	0	0	80.4449	523
14	9	0	0	0	0	85.6926	524
14	9	0	0	0	0	74.4847	525
14	9	0	0	0	0	78.2807	526
14	9	0	0	0	0	78.9444	527
14	9	0	0	0	0	76.0101	528
14	9	0	0	0	0	76.7686	529
14	9	0	0	0	0	72.9446	530
14	8	0	0	0	0	71.5983	531
14	8	0	0	0	0	74.0378	532
14	8	0	0	0	0	64.9582	533
13	8	0	0	0	0	63.743	534
13	8	0	0	0	0	71.1189	535
13	8	0	0	0	0	61.4144	536
14	8	0	0	0	0	69.366	537
14	8	0	0	0	0	67.8513	538
14	8	0	0	0	0	70.948	539
15	8	0	0	0	0	67.6374	540
16	8	0	0	0	0	78.5242	541
16	8	0	0	0	0	76.5793	542
16	8	0	0	0	0	73.7816	543
17	8	0	0	0	0	73.7825	544
17	8	0	0	0	0	74.6955	545
18	8	0	0	0	0	72.9111	546
15	8	0	0	0	0	53.9381	547
15	7	0	0	0	0	71.7185	548
15	7	0	0	0	0	63.8942	549
15	7	0	0	0	0	74.5207	550
16	7	0	0	0	0	65.8341	551
16	6	0	0	0	0	61.9221	552
16	6	0	0	0	0	61.2032	553
16	7	0	0	0	0	67.0286	554
15	7	0	0	0	0	56.2133	555
15	7	0	0	0	0	73.2614	556
15	7	0	0	0	0	77.0306	557
15	7	0	0	0	0	70.4609	558
15	8	0	0	0	0	66.9633	559
15	10	0	0	0	0	75.7627	560
15	10	0	0	0	0	71.6289	561
15	10	0	0	0	0	72.4554	562
16	9	0	0	0	0	74.6347	563
16	8	0	0	0	0	78.1188	564
16	8	0	0	0	0	69.4246	565
16	7	0	0	0	0	63.59	566
16	8	0	0	0	0	62.6979	567
15	8	0	0	0	0	51.2479	568
14	8	0	0	0	0	61.5681	569
14	7	0	0	0	0	59.1785	570
13	7	0	0	0	0	69.0421	571
13	7	0	0	0	0	66.1537	572
13	7	0	0	0	0	59.6945	573
13	8	0	0	0	0	69.7791	574
13	8	0	0	0	0	68.5136	575
13	8	0	0	0	0	66.4131	576
13	9	0	0	0	0	72.1462	577
13	9	0	0	0	0	65.0278	578
13	9	0	0	0	0	67.0094	579
13	9	0	0	0	0	73.9846	580
13	9	0	0	0	0	77.3873	581
13	9	0	0	0	0	66.6487	582
13	9	0	0	0	0	74.1478	583
13	9	0	0	0	0	79.7685	584
13	9	0	0	0	0	77.2437	585
13	9	0	0	0	0	66.0372	586
13	9	0	0	0	0	74.7521	587
13	9	0	0	0	0	77.289	588
13	9	0	0	0	0	73.6814	589
13	9	0	0	0	0	75.0489	590
14	9	0	0	0	0	65.0093	591
14	8	0	0	0	0	73.5894	592
14	8	0	0	0	0	72.519	593
15	8	0	0	0	0	73.9411	594
15	8	0	0	0	0	76.8371	595
15	8	0	0	0	0	80.2471	596
16	8	0	0	0	0	78.1541	597
16	8	0	0	0	0	71.8577	598
16	8	0	0	0	0	82.5276	599
16	8	0	0	0	0	85.2995	600
16	8	0	0	0	0	86.8647	601
16	9	0	0	0	0	80.3614	602
16	9	0	0	0	0	76.8318	603
16	9	0	0	0	0	80.1843	604
16	9	0	0	0	0	82.183	605
16	9	0	0	0	0	82.5361	606
16	9	0	0	0	0	80.5557	607
16	9	0	0	0	0	70.2057	608
16	9	0	0	0	0	75.676	609
16	9	0	0	0	0	80.1436	610
16	9	0	0	0	0	78.0198	611
15	9	0	0	0	0	77.1038	612
15	8	0	0	0	0	72.1029	613
15	8	0	0	0	0	81.8486	614
15	9	0	0	0	0	73.7554	615
15	10	0	0	0	0	80.2247	616
15	10	0	0	0	0	68.9796	617
15	10	0	0	0	0	73.6976	618
15	10	0	0	0	0	72.8494	619
14	10	0	0	0	0	76.9924	620
14	10	0	0	0	0	74.7255	621
14	10	0	0	0	0	75.6419	622
14	10	0	0	0	0	89.1805	623
14	10	0	0	0	0	72.5353	624
14	10	0	0	0	0	88.7272	625
14	10	0	0	0	0	77.9486	626
14	10	0	0	0	0	87.1947	627
14	10	0	0	0	0	65.2586	628
11	10	0	0	0	0	74.0508	629
11	10	0	0	0	0	74.751	630
11	10	0	0	0	0	75.8625	631
11	10	0	0	0	0	57.0666	632
11	10	0	0	0	0	75.1728	633
11	10	0	0	0	0	69.9301	634
11	11	0	0	0	0	69.5729	635
11	10	0	0	0	0	74.2073	636
12	10	0	0	0	0	56.1169	637
12	10	0	0	0	0	61.0873	638
13	10	0	0	0	0	65.3283	639
13	9	0	0	0	0	77.7162	640
13	9	0	0	0	0	69.1901	641
13	9	0	0	0	0	67.234	642
13	8	0	0	0	0	65.8613	643
13	8	0	0	0	0	59.3822	644
13	8	0	0	0	0	66.6528	645
13	8	0	0	0	0	74.1927	646
13	8	0	0	0	0	75.1603	647
13	8	0	0	0	0	69.9518	648
14	8	0	0	0	0	78.0102	649
14	8	0	0	0	0	72.7169	650
14	8	0	0	0	0	65.8819	651
14	8	0	0	0	0	71.9862	652
14	8	0	0	0	0	76.2964	653
14	9	0	0	0	0	71.8896	654
15	9	0	0	0	0	62.7607	655
15	9	0	0	0	0	67.2534	656
15	9	0	0	0	0	74.891	657
15	9	0	0	0	0	69.7202	658
14	9	0	0	0	0	73.6812	659
14	9	0	0	0	0	74.5556	660
14	9	0	0	0	0	81.4864	661
14	9	0	0	0	0	78.8969	662
14	9	0	0	0	0	77.8436	663
14	9	0	0	0	0	78.0061	664
15	9	0	0	0	0	74.442	665
15	9	0	0	0	0	76.6352	666
15	9	0	0	0	0	64.2737	667
15	9	0	0	0	0	78.6534	668
15	10	0	0	0	0	80.256	669
15	10	0	0	0	0	82.4979	670
15	10	0	0	0	0	85.6331	671
15	10	0	0	0	0	83.5164	672
16	10	0	0	0	0	76.8488	673
16	10	0	0	0	0	79.7741	674
16	10	0	0	0	0	79.5792	675
16	10	0	0	0	0	72.04	676
16	10	0	0	0	0	83.8452	677
13	10	0	0	0	0	76.7775	678
14	11	0	0	0	0	65.6305	679
16	11	0	0	0	0	77.2393	680
16	15	0	0	0	0	88.4667	681
16	16	0	0	0	0	92.3222	682
15	16	0	0	0	0	97.5231	683
15	16	0	0	0	0	99.6573	684
15	16	0	0	0	0	108.979	685
15	16	0	0	0	0	109.58	686
15	16	0	0	0	0	100.416	687
15	16	0	0	0	0	105.296	688
16	16	0	0	0	0	99.6209	689
14	16	0	0	0	0	94.6526	690
14	14	0	0	0	0	100.285	691
14	14	0	0	0	0	90.4115	692
14	14	0	0	0	0	89.5378	693
14	14	0	0	0	0	104.307	694
14	14	0	0	0	0	89.8379	695
14	14	0	0	0	0	95.1861	696
14	14	0	0	0	0	88.5173	697
14	14	0	0	0	0	100.208	698
14	14	0	0	0	0	97.496	699
14	14	0	0	0	0	94.4901	700
14	14	0	0	0	0	97.0118	701
14	14	0	0	0	0	97.496	702
14	14	0	0	0	0	89.7556	703
14	14	0	0	0	0	100.213	704
14	13	0	0	0	0	90.4409	705
14	13	0	0	0	0	91.5193	706
16	14	0	0	0	0	100.032	707
16	14	0	0	0	0	78.0699	708
16	14	0	0	0	0	95.9192	709
16	13	0	0	0	0	81.5552	710
16	13	0	0	0	0	83.9598	711
17	13	0	0	0	0	85.7653	712
15	13	0	0	0	0	93.0438	713
15	13	0	0	0	0	83.9431	714
15	13	0	0	0	0	82.2807	715
14	13	0	0	0	0	83.6791	716
14	13	0	0	0	0	90.9646	717
14	13	0	0	0	0	88.6752	718
14	13	0	0	0	0	93.6849	719
13	13	0	0	0	0	85.039	720
13	13	0	0	0	0	75.9513	721
13	12	0	0	0	0	80.8577	722
14	12	0	0	0	0	83.4066	723
14	12	0	0	0	0	97.7002	724
14	12	0	0	0	0	87.256	725
14	11	0	0	0	0	79.086	726
14	11	0	0	0	0	81.3891	727
14	11	0	0	0	0	90.1123	728
14	11	0	0	0	0	87.6566	729
14	13	0	0	0	0	93.0151	730
14	13	0	0	0	0	88.5917	731
14	13	0	0	0	0	90.8451	732
14	13	0	0	0	0	85.6094	733
13	13	0	0	0	0	85.025	734
13	13	0	0	0	0	78.5346	735
13	13	0	0	0	0	78.4142	736
13	13	0	0	0	0	82.6253	737
13	12	0	0	0	0	77.4117	738
12	12	0	0	0	0	89.1415	739
12	12	0	0	0	0	71.0627	740
11	12	0	0	0	0	77.3528	741
11	11	0	0	0	0	74.1968	742
11	11	0	0	0	0	77.0933	743
11	11	0	0	0	0	66.9007	744
12	11	0	0	0	0	73.6125	745
13	11	0	0	0	0	75.1773	746
13	11	0	0	0	0	66.7006	747
13	11	0	0	0	0	78.0426	748
13	11	0	0	0	0	81.3789	749
13	11	0	0	0	0	82.2039	750
13	11	0	0	0	0	70.0197	751
13	11	0	0	0	0	80.6176	752
13	11	0	0	0	0	90.0293	753
13	11	0	0	0	0	73.1412	754
13	11	0	0	0	0	72.5287	755
13	10	0	0	0	0	77.9835	756
13	10	0	0	0	0	76.2262	757
13	10	0	0	0	0	68.8236	758
13	11	0	0	0	0	85.5505	759
13	11	0	0	0	0	84.8826	760
13	11	0	0	0	0	77.9192	761
13	11	0	0	0	0	87.542	762
13	11	0	0	0	0	77.2695	763
14	11	0	0	0	0	77.1743	764
14	11	0	0	0	0	75.772	765
14	11	0	0	0	0	82.8609	766
15	11	0	0	0	0	76.9409	767
13	11	0	0	0	0	83.0857	768
13	11	0	0	0	0	84.9723	769
13	11	0	0	0	0	69.7986	770
11	11	0	0	0	0	70.1826	771
11	11	0	0	0	0	70.4533	772
11	11	0	0	0	0	71.9213	773
11	11	0	0	0	0	77.1185	774
12	11	0	0	0	0	71.2961	775
13	11	0	0	0	0	74.0506	776
13	11	0	0	0	0	73.3843	777
13	11	0	0	0	0	77.1168	778
13	10	0	0	0	0	74.9565	779
13	11	0	0	0	0	74.6155	780
13	11	0	0	0	0	82.7812	781
13	11	0	0	0	0	77.1712	782
13	11	0	0	0	0	74.0662	783
13	11	0	0	0	0	74.7806	784
14	11	0	0	0	0	77.3946	785
14	11	0	0	0	0	76.343	786
13	11	0	0	0	0	78.2149	787
13	11	0	0	0	0	81.8039	788
13	12	0	0	0	0	71.117	789
13	12	0	0	0	0	79.5654	790
13	12	0	0	0	0	93.1361	791
13	12	0	0	0	0	85.124	792
13	12	0	0	0	0	79.3445	793
14	12	0	0	0	0	83.0782	794
14	12	0	0	0	0	83.0016	795
14	13	0	0	0	0	86.3729	796
15	13	0	0	0	0	85.381	797
13	13	0	0	0	0	86.6081	798
14	14	0	0	0	0	93.9305	799
14	14	0	0	0	0	87.2326	800
14	14	0	0	0	0	95.5571	801
14	14	0	0	0	0	103.055	802
14	14	0	0	0	0	84.7307	803
14	14	0	0	0	0	97.6513	804
14	14	0	0	0	0	94.0882	805
14	17	0	0	0	0	95.038	806
13	17	0	0	0	0	91.0244	807
13	17	0	0	0	0	106.471	808
13	17	0	0	0	0	89.4661	809
13	15	0	0	0	0	81.8413	810
13	15	0	0	0	0	88.3554	811
13	14	0	0	0	0	92.2363	812
13	14	0	0	0	0	95.1983	813
13	14	0	0	0	0	90.178	814
11	15	0	0	0	0	81.4805	815
11	15	0	0	0	0	79.6248	816
11	16	0	0	0	0	85.5074	817
12	16	0	0	0	0	88.7176	818
12	15	0	0	0	0	93.9001	819
12	15	0	0	0	0	75.1913	820
12	15	0	0	0	0	96.497	821
12	15	0	0	0	0	92.2206	822
11	15	0	0	0	0	86.1375	823
12	15	0	0	0	0	89.9545	824
13	15	0	0	0	0	89.6178	825
13	15	0	0	0	0	100.645	826
13	15	0	0	0	0	103.552	827
13	15	0	0	0	0	90.9631	828
13	14	0	0	0	0	101.498	829
13	14	0	0	0	0	74.4366	830
13	13	0	0	0	0	81.7831	831
13	12	0	0	0	0	84.8469	832
13	12	0	0	0	0	87.5753	833
13	12	0	0	0	0	93.4156	834
13	12	0	0	0	0	84.5262	835
13	12	0	0	0	0	79.4205	836
13	13	0	0	0	0	80.7491	837
12	13	0	0	0	0	83.1333	838
11	13	0	0	0	0	79.0781	839
11	13	0	0	0	0	85.0948	840
11	13	0	0	0	0	81.7948	841
11	14	0	0	0	0	79.7924	842
11	14	0	0	0	0	92.3272	843
11	14	0	0	0	0	82.35	844
11	14	0	0	0	0	86.3388	845
10	14	0	0	0	0	78.5367	846
10	15	0	0	0	0	90.0426	847
10	15	0	0	0	0	75.6786	848
10	15	0	0	0	0	79.1696	849
10	15	0	0	0	0	74.9383	850
9	15	0	0	0	0	79.4117	851
10	15	0	0	0	0	78.5636	852
10	16	0	0	0	0	67.9636	853
10	16	0	0	0	0	80.6797	854
10	15	0	0	0	0	80.5967	855
10	16	0	0	0	0	64.8643	856
10	16	0	0	0	0	74.7979	857
10	16	0	0	0	0	83.0071	858
10	16	0	0	0	0	86.8781	859
10	16	0	0	0	0	79.5006	860
11	16	0	0	0	0	84.5583	861
12	16	0	0	0	0	100.004	862
12	17	0	0	0	0	84.9407	863
12	16	0	0	0	0	93.224	864
12	16	0	0	0	0	91.7123	865
12	14	0	0	0	0	77.6213	866
12	15	0	0	0	0	79.1692	867
12	15	0	0	0	0	82.1137	868
11	15	0	0	0	0	87.8284	869
11	15	0	0	0	0	91.7352	870
11	15	0	0	0	0	92.9696	871
11	15	0	0	0	0	85.8085	872
11	15	0	0	0	0	90.1122	873
12	14	0	0	0	0	73.4462	874
12	14	0	0	0	0	78.6716	875
12	14	0	0	0	0	89.2031	876
12	14	0	0	0	0	93.2907	877
12	14	0	0	0	0	85.5763	878
12	14	0	0	0	0	84.5893	879
13	13	0	0	0	0	89.1817	880
13	13	0	0	0	0	82.2613	881
13	13	0	0	0	0	85.4764	882
13	13	0	0	0	0	95.1488	883
13	13	0	0	0	0	86.3773	884
13	13	0	0	0	0	87.0139	885
13	13	0	0	0	0	87.5152	886
15	13	0	0	0	0	84.5255	887
15	13	0	0	0	0	79.2008	888
15	14	0	0	0	0	101.235	889
15	14	0	0	0	0	104.542	890
15	14	0	0	0	0	100.572	891
15	14	0	0	0	0	90.1358	892
15	14	0	0	0	0	95.1751	893
15	14	0	0	0	0	91.0328	894
16	14	0	0	0	0	99.8365	895
16	14	0	0	0	0	101.057	896
16	14	0	0	0	0	109.361	897
15	14	0	0	0	0	79.6716	898
15	14	0	0	0	0	85.8963	899
15	14	0	0	0	0	88.8782	900
15	14	0	0	0	0	101.695	901
15	14	0	0	0	0	93.6731	902
15	14	0	0	0	0	100.234	903
15	14	0	0	0	0	100.745	904
15	14	0	0	0	0	97.9039	905
15	14	0	0	0	0	90.6107	906
15	14	0	0	0	0	99.2859	907
15	14	0	0	0	0	96.5887	908
15	14	0	0	0	0	94.1751	909
15	13	0	0	0	0	93.2035	910
15	13	0	0	0	0	96.2265	911
15	13	0	0	0	0	87.2201	912
15	14	0	0	0	0	93.4869	913
15	14	0	0	0	0	90.2453	914
15	14	0	0	0	0	98.5315	915
15	15	0	0	0	0	94.789	916
13	15	0	0	0	0	90.6164	917
13	15	0	0	0	0	89.1396	918
13	14	0	0	0	0	82.1007	919
13	14	0	0	0	0	79.6098	920
13	15	0	0	0	0	74.346	921
13	15	0	0	0	0	82.6496	922
13	15	0	0	0	0	77.7825	923
12	15	0	0	0	0	78.0391	924
10	15	0	0	0	0	75.3618	925
10	15	0	0	0	0	75.9275	926
10	15	0	0	0	0	80.4796	927
10	14	0	0	0	0	81.8232	928
10	14	0	0	0	0	70.8544	929
9	14	0	0	0	0	61.2921	930
9	14	0	0	0	0	71.2882	931
9	13	0	0	0	0	75.0506	932
9	14	0	0	0	0	76.5323	933
9	14	0	0	0	0	79.0967	934
9	14	0	0	0	0	74.0543	935
9	14	0	0	0	0	74.0836	936
9	15	0	0	0	0	77.5814	937
9	16	0	0	0	0	80.0653	938
9	16	0	0	0	0	77.5124	939
9	16	0	0	0	0	81.9312	940
9	16	0	0	0	0	76.2109	941
9	16	0	0	0	0	80.8372	942
9	16	0	0	0	0	85.6869	943
9	16	0	0	0	0	80.2707	944
10	16	0	0	0	0	84.7804	945
10	15	0	0	0	0	71.993	946
10	15	0	0	0	0	78.2575	947
10	15	0	0	0	0	86.7864	948
10	15	0	0	0	0	80.5704	949
10	15	0	0	0	0	81.9828	950
10	15	0	0	0	0	61.9462	951
10	15	0	0	0	0	69.0544	952
10	15	0	0	0	0	69.459	953
10	13	0	0	0	0	69.5556	954
10	13	0	0	0	0	68.749	955
10	11	0	0	0	0	65.5412	956
10	10	0	0	0	0	54.1728	957
11	10	0	0	0	0	55.5323	958
12	10	0	0	0	0	59.4213	959
12	10	0	0	0	0	60.6365	960
12	10	0	0	0	0	76.5144	961
12	10	0	0	0	0	75.353	962
12	10	0	0	0	0	73.5869	963
12	10	0	0	0	0	70.1164	964
12	10	0	0	0	0	62.1147	965
12	10	0	0	0	0	59.1914	966
12	10	0	0	0	0	65.2926	967
12	9	0	0	0	0	62.4713	968
12	9	0	0	0	0	63.5691	969
12	9	0	0	0	0	65.5513	970
12	9	0	0	0	0	57.6093	971
13	9	0	0	0	0	61.5323	972
13	8	0	0	0	0	60.8721	973
14	8	0	0	0	0	62.1187	974
15	8	0	0	0	0	59.5138	975
15	7	0	0	0	0	64.8033	976
15	7	0	0	0	0	63.4246	977
16	7	0	0	0	0	60.9687	978
16	7	0	0	0	0	69.3748	979
16	7	0	0	0	0	80.1626	980
16	8	0	0	0	0	80.0775	981
16	8	0	0	0	0	77.0308	982
16	8	0	0	0	0	89.6249	983
16	8	0	0	0	0	85.062	984
16	9	0	0	0	0	79.5345	985
16	9	0	0	0	0	76.0668	986
16	8	0	0	0	0	63.1804	987
16	8	0	0	0	0	79.4731	988
16	8	0	0	0	0	72.7694	989
16	8	0	0	0	0	80.9722	990
16	8	0	0	0	0	89.4753	991
16	8	0	0	0	0	72.03	992
16	14	0	0	0	0	86.6924	993
16	14	0	0	0	0	102.218	994
16	15	0	0	0	0	101.709	995
16	15	0	0	0	0	100.03	996
16	14	0	0	0	0	87.1464	997
16	14	0	0	0	0	101.034	998
16	14	0	0	0	0	97.1887	999
16	14	0	0	0	0	102.056	1000
16	14	0	0	0	0	97.2938	1001
12	14	0	0	0	0	88.87	1002
12	15	0	0	0	0	93.7922	1003
12	15	0	0	0	0	90.5559	1004
12	15	0	0	0	0	83.8256	1005
13	15	0	0	0	0	85.8154	1006
12	15	0	0	0	0	67.6102	1007
12	15	0	0	0	0	101.581	1008
13	15	0	0	0	0	93.5452	1009
13	17	0	0	0	0	97.5087	1010
13	18	0	0	0	0	106.583	1011
13	18	0	0	0	0	95.5642	1012
13	17	0	0	0	0	100.665	1013
13	17	0	0	0	0	95.3194	1014
13	17	0	0	0	0	99.3827	1015
13	18	0	0	0	0	97.5502	1016
13	18	0	0	0	0	101.298	1017
13	19	0	0	0	0	112.437	1018
12	19	0	0	0	0	109.94	1019
12	19	0	0	0	0	102.093	1020
12	19	0	0	0	0	105.275	1021
12	19	0	0	0	0	108.125	1022
12	19	0	0	0	0	110.658	1023
12	19	0	0	0	0	115.388	1024
12	19	0	0	0	0	105.506	1025
12	18	0	0	0	0	106.393	1026
11	18	0	0	0	0	95.0992	1027
11	17	0	0	0	0	95.2125	1028
11	17	0	0	0	0	105.227	1029
11	17	0	0	0	0	86.4649	1030
11	17	0	0	0	0	97.5956	1031
11	17	0	0	0	0	92.8947	1032
11	17	0	0	0	0	91.4691	1033
11	17	0	0	0	0	85.0336	1034
11	17	0	0	0	0	105.524	1035
11	17	0	0	0	0	91.7154	1036
9	17	0	0	0	0	84.7217	1037
9	17	0	0	0	0	83.866	1038
10	17	0	0	0	0	86.4645	1039
10	17	0	0	0	0	85.9172	1040
10	17	0	0	0	0	93.0338	1041
10	16	0	0	0	0	85.9374	1042
11	16	0	0	0	0	74.7425	1043
11	17	0	0	0	0	87.9144	1044
11	17	0	0	0	0	89.5711	1045
11	17	0	0	0	0	80.8596	1046
12	17	0	0	0	0	89.1933	1047
12	17	0	0	0	0	93.7564	1048
12	17	0	0	0	0	101.442	1049
12	17	0	0	0	0	102.378	1050
12	17	0	0	0	0	98.6813	1051
12	17	0	0	0	0	94.0693	1052
12	17	0	0	0	0	96.3563	1053
12	17	0	0	0	0	108.014	1054
12	17	0	0	0	0	83.3006	1055
12	17	0	0	0	0	85.607	1056
12	16	0	0	0	0	92.2193	1057
12	15	0	0	0	0	90.7522	1058
12	15	0	0	0	0	98.8648	1059
12	15	0	0	0	0	91.6788	1060
12	15	0	0	0	0	99.08	1061
12	15	0	0	0	0	89.8541	1062
13	15	0	0	0	0	93.0652	1063
13	15	0	0	0	0	94.9934	1064
13	15	0	0	0	0	88.1096	1065
13	15	0	0	0	0	98.3034	1066
13	15	0	0	0	0	97.6601	1067
13	15	0	0	0	0	95.1211	1068
13	15	0	0	0	0	96.2743	1069
13	15	0	0	0	0	104.599	1070
13	15	0	0	0	0	82.1892	1071
13	15	0	0	0	0	98.4268	1072
13	15	0	0	0	0	93.1042	1073
14	14	0	0	0	0	84.7664	1074
14	13	0	0	0	0	84.503	1075
14	14	0	0	0	0	89.1782	1076
14	14	0	0	0	0	100.662	1077
14	14	0	0	0	0	85.0546	1078
14	16	0	0	0	0	87.4869	1079
14	16	0	0	0	0	94.6077	1080
14	15	0	0	0	0	99.534	1081
14	15	0	0	0	0	104.672	1082
14	15	0	0	0	0	95.5861	1083
14	15	0	0	0	0	91.7844	1084
14	14	0	0	0	0	90.6938	1085
14	15	0	0	0	0	98.799	1086
14	15	0	0	0	0	97.8	1087
14	16	0	0	0	0	107.001	1088
14	16	0	0	0	0	106.075	1089
14	16	0	0	0	0	92.1063	1090
14	16	0	0	0	0	90.4865	1091
14	16	0	0	0	0	99.1402	1092
15	15	0	0	0	0	98.8745	1093
15	15	0	0	0	0	80.2698	1094
10	15	0	0	0	0	82.0818	1095
10	15	0	0	0	0	78.9943	1096
9	15	0	0	0	0	81.9828	1097
9	15	0	0	0	0	81.9561	1098
9	15	0	0	0	0	77.2346	1099
9	15	0	0	0	0	80.113	1100
9	15	0	0	0	0	81.2508	1101
7	15	0	0	0	0	70.8319	1102
7	15	0	0	0	0	72.8955	1103
7	15	0	0	0	0	55.6545	1104
7	15	0	0	0	0	71.9306	1105
7	16	0	0	0	0	76.3846	1106
8	16	0	0	0	0	63.4214	1107
8	16	0	0	0	0	64.5619	1108
8	16	0	0	0	0	55.4433	1109
8	16	0	0	0	0	58.3819	1110
8	16	0	0	0	0	55.7325	1111
8	16	0	0	0	0	58.0191	1112
8	16	0	0	0	0	56.2131	1113
8	15	0	0	0	0	57.2622	1114
7	15	0	0	0	0	62.5468	1115
7	15	0	0	0	0	61.0082	1116
7	15	0	0	0	0	53.9273	1117
7	14	0	0	0	0	66.5936	1118
6	14	0	0	0	0	66.6405	1119
6	14	0	0	0	0	57.327	1120
6	12	0	0	0	0	55.4581	1121
6	12	0	0	0	0	53.1634	1122
6	11	0	0	0	0	49.0316	1123
6	11	0	0	0	0	49.9256	1124
6	11	0	0	0	0	52.6343	1125
6	11	0	0	0	0	54.9269	1126
6	11	0	0	0	0	59.725	1127
6	11	0	0	0	0	55.0748	1128
6	11	0	0	0	0	57.9124	1129
6	11	0	0	0	0	56.0945	1130
6	12	0	0	0	0	60.1592	1131
6	12	0	0	0	0	50.2301	1132
6	12	0	0	0	0	54.4954	1133
6	11	0	0	0	0	53.9465	1134
6	11	0	0	0	0	56.0468	1135
6	11	0	0	0	0	51.846	1136
6	11	0	0	0	0	55.1881	1137
6	11	0	0	0	0	49.3498	1138
6	11	0	0	0	0	51.3925	1139
6	11	0	0	0	0	52.5034	1140
5	11	0	0	0	0	49.8951	1141
5	11	0	0	0	0	41.4991	1142
5	8	0	0	0	0	29.6694	1143
5	8	0	0	0	0	32.318	1144
4	8	0	0	0	0	34.9639	1145
4	8	0	0	0	0	41.2892	1146
4	8	0	0	0	0	39.0059	1147
4	8	0	0	0	0	39.3023	1148
4	8	0	0	0	0	33.3647	1149
4	8	0	0	0	0	37.9397	1150
4	11	0	0	0	0	41.9361	1151
4	11	0	0	0	0	49.6962	1152
4	11	0	0	0	0	53.7933	1153
4	11	0	0	0	0	49.1887	1154
4	11	0	0	0	0	49.1979	1155
4	11	0	0	0	0	53.9492	1156
4	11	0	0	0	0	49.4883	1157
4	11	0	0	0	0	50.2711	1158
4	12	0	0	0	0	49.4763	1159
4	12	0	0	0	0	45.5835	1160
4	12	0	0	0	0	43.9844	1161
4	12	0	0	0	0	49.8304	1162
4	12	0	0	0	0	49.8304	1163
4	12	0	0	0	0	53.4973	1164
5	12	0	0	0	0	52.0255	1165
5	12	0	0	0	0	61.8496	1166
6	12	0	0	0	0	57.995	1167
7	14	0	0	0	0	61.3405	1168
7	14	0	0	0	0	77.9043	1169
8	14	0	0	0	0	63.9616	1170
8	14	0	0	0	0	64.7553	1171
9	14	0	0	0	0	64.1226	1172
9	13	0	0	0	0	53.2969	1173
9	13	0	0	0	0	68.5053	1174
9	13	0	0	0	0	67.6245	1175
8	13	0	0	0	0	70.0341	1176
8	13	0	0	0	0	65.5571	1177
8	13	0	0	0	0	60.5909	1178
9	13	0	0	0	0	66.0365	1179
9	13	0	0	0	0	63.1589	1180
9	13	0	0	0	0	68.3426	1181
9	13	0	0	0	0	63.2382	1182
9	13	0	0	0	0	64.7079	1183
9	13	0	0	0	0	64.623	1184
9	13	0	0	0	0	55.177	1185
9	14	0	0	0	0	63.0322	1186
10	14	0	0	0	0	65.4294	1187
10	14	0	0	0	0	67.8263	1188
10	14	0	0	0	0	65.9203	1189
10	14	0	0	0	0	60.9208	1190
10	14	0	0	0	0	60.5909	1191
10	14	0	0	0	0	64.2098	1192
10	14	0	0	0	0	65.1496	1193
10	14	0	0	0	0	79.5565	1194
10	14	0	0	0	0	78.0138	1195
10	15	0	0	0	0	72.6029	1196
9	15	0	0	0	0	77.0865	1197
9	14	0	0	0	0	74.1853	1198
9	14	0	0	0	0	80.6375	1199
9	14	0	0	0	0	82.6908	1200
9	14	0	0	0	0	76.2679	1201
9	14	0	0	0	0	74.2666	1202
9	14	0	0	0	0	85.7047	1203
10	14	0	0	0	0	76.1751	1204
10	14	0	0	0	0	76.785	1205
11	15	0	0	0	0	89.556	1206
11	16	0	0	0	0	82.6738	1207
11	16	0	0	0	0	88.117	1208
11	15	0	0	0	0	89.1089	1209
11	15	0	0	0	0	82.2679	1210
11	15	0	0	0	0	72.5325	1211
11	15	0	0	0	0	90.8652	1212
11	15	0	0	0	0	87.3478	1213
11	15	0	0	0	0	85.1565	1214
11	15	0	0	0	0	90.6656	1215
11	15	0	0	0	0	85.0976	1216
11	15	0	0	0	0	90.3361	1217
11	15	0	0	0	0	92.4818	1218
11	15	0	0	0	0	87.9983	1219
11	15	0	0	0	0	83.0305	1220
12	15	0	0	0	0	92.5396	1221
12	15	0	0	0	0	78.6403	1222
12	15	0	0	0	0	86.1168	1223
12	15	0	0	0	0	86.0186	1224
12	15	0	0	0	0	91.9091	1225
12	15	0	0	0	0	83.9771	1226
12	15	0	0	0	0	84.8549	1227
12	14	0	0	0	0	81.9268	1228
12	13	0	0	0	0	85.292	1229
13	13	0	0	0	0	83.8818	1230
13	13	0	0	0	0	83.0236	1231
13	13	0	0	0	0	85.9161	1232
13	13	0	0	0	0	88.0255	1233
13	13	0	0	0	0	77.7742	1234
13	13	0	0	0	0	81.778	1235
12	14	0	0	0	0	87.0146	1236
12	14	0	0	0	0	79.5474	1237
12	14	0	0	0	0	87.9205	1238
12	14	0	0	0	0	88.5703	1239
12	13	0	0	0	0	80.301	1240
12	12	0	0	0	0	81.7993	1241
12	12	0	0	0	0	80.5892	1242
12	12	0	0	0	0	89.5875	1243
12	12	0	0	0	0	75.7877	1244
12	13	0	0	0	0	80.3587	1245
12	14	0	0	0	0	78.5313	1246
12	14	0	0	0	0	83.4289	1247
12	14	0	0	0	0	85.381	1248
12	14	0	0	0	0	79.7936	1249
12	13	0	0	0	0	86.9666	1250
12	13	0	0	0	0	82.4746	1251
12	14	0	0	0	0	92.5192	1252
12	14	0	0	0	0	81.0055	1253
11	14	0	0	0	0	81.9566	1254
12	14	0	0	0	0	88.1615	1255
12	13	0	0	0	0	82.9971	1256
11	13	0	0	0	0	82.235	1257
11	13	0	0	0	0	74.6846	1258
12	13	0	0	0	0	77.3082	1259
12	12	0	0	0	0	84.534	1260
13	12	0	0	0	0	82.2	1261
13	12	0	0	0	0	77.6755	1262
12	12	0	0	0	0	78.7288	1263
12	12	0	0	0	0	81.3009	1264
12	12	0	0	0	0	74.3805	1265
11	12	0	0	0	0	76.7471	1266
11	12	0	0	0	0	79.1126	1267
11	12	0	0	0	0	78.5544	1268
11	12	0	0	0	0	85.2955	1269
11	12	0	0	0	0	74.9459	1270
11	12	0	0	0	0	77.0652	1271
11	11	0	0	0	0	74.4954	1272
11	11	0	0	0	0	72.3475	1273
12	11	0	0	0	0	77.1185	1274
12	11	0	0	0	0	72.5332	1275
12	11	0	0	0	0	71.345	1276
12	11	0	0	0	0	70.5872	1277
12	11	0	0	0	0	75.1433	1278
12	12	0	0	0	0	77.2542	1279
12	12	0	0	0	0	89.1961	1280
12	15	0	0	0	0	68.6814	1281
11	15	0	0	0	0	89.7677	1282
11	16	0	0	0	0	83.3026	1283
11	16	0	0	0	0	87.7548	1284
10	15	0	0	0	0	80.0472	1285
10	15	0	0	0	0	91.074	1286
10	15	0	0	0	0	89.5371	1287
10	15	0	0	0	0	85.1796	1288
10	15	0	0	0	0	90.2564	1289
10	15	0	0	0	0	76.2786	1290
11	16	0	0	0	0	86.7278	1291
11	16	0	0	0	0	88.814	1292
11	16	0	0	0	0	92.2224	1293
11	16	0	0	0	0	83.9871	1294
11	16	0	0	0	0	76.9942	1295
12	16	0	0	0	0	97.8399	1296
12	16	0	0	0	0	83.0006	1297
12	16	0	0	0	0	93.9815	1298
13	16	0	0	0	0	82.5528	1299
12	20	0	0	0	0	97.3808	1300
12	20	0	0	0	0	92.2374	1301
12	21	0	0	0	0	105.358	1302
12	21	0	0	0	0	94.5327	1303
12	21	0	0	0	0	109.009	1304
12	21	0	0	0	0	107.858	1305
12	21	0	0	0	0	112.936	1306
12	21	0	0	0	0	121.087	1307
12	21	0	0	0	0	103.302	1308
11	21	0	0	0	0	93.9416	1309
10	21	0	0	0	0	110.41	1310
10	21	0	0	0	0	116.536	1311
10	21	0	0	0	0	110.562	1312
10	21	0	0	0	0	107.986	1313
11	21	0	0	0	0	111.755	1314
11	21	0	0	0	0	121.026	1315
11	21	0	0	0	0	110.431	1316
11	21	0	0	0	0	103.519	1317
11	20	0	0	0	0	107.946	1318
11	21	0	0	0	0	102.906	1319
9	20	0	0	0	0	92.1961	1320
9	20	0	0	0	0	99.0569	1321
8	20	0	0	0	0	94.9216	1322
8	20	0	0	0	0	98.5233	1323
8	20	0	0	0	0	98.0225	1324
8	20	0	0	0	0	94.598	1325
8	20	0	0	0	0	97.8698	1326
8	20	0	0	0	0	98.4299	1327
8	20	0	0	0	0	101.672	1328
8	20	0	0	0	0	100.744	1329
8	20	0	0	0	0	93.6838	1330
8	20	0	0	0	0	97.73	1331
8	20	0	0	0	0	90.9259	1332
8	19	0	0	0	0	89.618	1333
8	19	0	0	0	0	88.7909	1334
8	18	0	0	0	0	76.0754	1335
8	18	0	0	0	0	77.3666	1336
7	18	0	0	0	0	89.6045	1337
7	18	0	0	0	0	81.422	1338
7	17	0	0	0	0	79.5008	1339
7	17	0	0	0	0	79.9878	1340
8	17	0	0	0	0	81.8739	1341
8	17	0	0	0	0	84.9013	1342
8	17	0	0	0	0	85.3793	1343
8	17	0	0	0	0	89.5383	1344
8	17	0	0	0	0	71.734	1345
9	17	0	0	0	0	78.3566	1346
9	17	0	0	0	0	85.1076	1347
9	17	0	0	0	0	94.0682	1348
9	17	0	0	0	0	93.4318	1349
9	17	0	0	0	0	88.3803	1350
10	17	0	0	0	0	91.8958	1351
10	17	0	0	0	0	82.9225	1352
10	17	0	0	0	0	82.346	1353
10	16	0	0	0	0	83.2721	1354
10	16	0	0	0	0	85.0183	1355
10	16	0	0	0	0	89.04	1356
10	16	0	0	0	0	83.9867	1357
10	16	0	0	0	0	85.3978	1358
10	16	0	0	0	0	82.8966	1359
10	15	0	0	0	0	88.5747	1360
10	15	0	0	0	0	86.471	1361
9	15	0	0	0	0	74.1452	1362
9	15	0	0	0	0	85.2274	1363
9	15	0	0	0	0	63.4557	1364
9	15	0	0	0	0	65.2779	1365
9	15	0	0	0	0	77.2341	1366
9	15	0	0	0	0	80.8419	1367
9	15	0	0	0	0	76.3579	1368
9	15	0	0	0	0	71.3169	1369
11	15	0	0	0	0	76.1857	1370
11	14	0	0	0	0	80.7109	1371
11	14	0	0	0	0	75.9885	1372
11	14	0	0	0	0	77.7526	1373
11	14	0	0	0	0	76.6071	1374
11	14	0	0	0	0	78.2137	1375
11	14	0	0	0	0	83.3249	1376
11	14	0	0	0	0	93.5354	1377
11	14	0	0	0	0	86.226	1378
11	14	0	0	0	0	82.2747	1379
11	14	0	0	0	0	80.9276	1380
11	14	0	0	0	0	81.9384	1381
11	14	0	0	0	0	81.9121	1382
11	16	0	0	0	0	79.7835	1383
10	16	0	0	0	0	72.1259	1384
10	15	0	0	0	0	82.6016	1385
10	14	0	0	0	0	82.073	1386
10	14	0	0	0	0	70.5934	1387
10	14	0	0	0	0	81.691	1388
10	14	0	0	0	0	88.0722	1389
10	14	0	0	0	0	78.4268	1390
11	14	0	0	0	0	81.1478	1391
10	14	0	0	0	0	71.6023	1392
10	14	0	0	0	0	88.2424	1393
10	14	0	0	0	0	59.6677	1394
10	12	0	0	0	0	54.8198	1395
10	12	0	0	0	0	64.0755	1396
10	12	0	0	0	0	63.7756	1397
11	11	0	0	0	0	54.3237	1398
11	11	0	0	0	0	59.91	1399
12	11	0	0	0	0	62.7357	1400
12	10	0	0	0	0	58.3287	1401
13	10	0	0	0	0	66.2799	1402
13	10	0	0	0	0	69.3853	1403
13	10	0	0	0	0	55.87	1404
13	9	0	0	0	0	53.7528	1405
14	9	0	0	0	0	66.9173	1406
14	9	0	0	0	0	73.8979	1407
14	11	0	0	0	0	81.8816	1408
14	11	0	0	0	0	77.7731	1409
15	11	0	0	0	0	85.2834	1410
15	11	0	0	0	0	87.219	1411
15	11	0	0	0	0	83.2847	1412
15	11	0	0	0	0	84.1478	1413
15	11	0	0	0	0	81.3026	1414
14	11	0	0	0	0	83.5701	1415
14	11	0	0	0	0	79.5384	1416
13	11	0	0	0	0	81.6467	1417
13	11	0	0	0	0	75.0517	1418
13	11	0	0	0	0	74.1045	1419
13	11	0	0	0	0	74.2625	1420
13	11	0	0	0	0	74.403	1421
12	11	0	0	0	0	78.0049	1422
12	11	0	0	0	0	72.99	1423
12	11	0	0	0	0	71.505	1424
12	11	0	0	0	0	75.7361	1425
12	11	0	0	0	0	75.3915	1426
12	11	0	0	0	0	85.3239	1427
12	11	0	0	0	0	58.2254	1428
12	12	0	0	0	0	61.8592	1429
12	12	0	0	0	0	59.7463	1430
12	9	0	0	0	0	62.2236	1431
12	9	0	0	0	0	60.6452	1432
12	8	0	0	0	0	59.1778	1433
12	7	0	0	0	0	59.9655	1434
12	7	0	0	0	0	65.1855	1435
12	7	0	0	0	0	66.2459	1436
12	7	0	0	0	0	55.3609	1437
12	7	0	0	0	0	67.2831	1438
12	7	0	0	0	0	63.3113	1439
13	10	0	0	0	0	67.2893	1440
13	10	0	0	0	0	72.3678	1441
13	10	0	0	0	0	68.186	1442
13	10	0	0	0	0	73.3366	1443
12	10	0	0	0	0	65.7251	1444
12	11	0	0	0	0	61.3876	1445
11	11	0	0	0	0	50.4661	1446
11	11	0	0	0	0	61.5378	1447
11	11	0	0	0	0	50.8707	1448
8	11	0	0	0	0	65.0001	1449
8	11	0	0	0	0	58.943	1450
8	11	0	0	0	0	65.0022	1451
10	10	0	0	0	0	53.83	1452
10	10	0	0	0	0	63.0236	1453
10	10	0	0	0	0	66.6533	1454
10	10	0	0	0	0	65.8304	1455
10	10	0	0	0	0	66.4158	1456
10	10	0	0	0	0	71.4377	1457
10	10	0	0	0	0	54.3625	1458
10	10	0	0	0	0	58.6692	1459
11	10	0	0	0	0	62.808	1460
10	10	0	0	0	0	65.8116	1461
10	10	0	0	0	0	63.3066	1462
11	10	0	0	0	0	69.7476	1463
12	10	0	0	0	0	71.3377	1464
12	10	0	0	0	0	71.1633	1465
12	10	0	0	0	0	63.8518	1466
14	10	0	0	0	0	68.1947	1467
14	10	0	0	0	0	70.552	1468
14	10	0	0	0	0	78.1875	1469
14	10	0	0	0	0	74.5793	1470
14	10	0	0	0	0	82.5678	1471
14	10	0	0	0	0	86.1543	1472
15	10	0	0	0	0	78.4977	1473
15	10	0	0	0	0	82.43	1474
15	10	0	0	0	0	91.8381	1475
15	10	0	0	0	0	82.6668	1476
15	10	0	0	0	0	71.4433	1477
15	9	0	0	0	0	78.9311	1478
15	9	0	0	0	0	79.9853	1479
15	9	0	0	0	0	73.4304	1480
14	9	0	0	0	0	72.7	1481
14	9	0	0	0	0	74.7087	1482
14	9	0	0	0	0	69.5502	1483
14	9	0	0	0	0	81.454	1484
14	8	0	0	0	0	71.8337	1485
14	8	0	0	0	0	69.9332	1486
14	9	0	0	0	0	77.5538	1487
14	9	0	0	0	0	64.7887	1488
14	9	0	0	0	0	75.5401	1489
14	9	0	0	0	0	63.6706	1490
14	9	0	0	0	0	73.256	1491
14	9	0	0	0	0	65.1844	1492
14	9	0	0	0	0	80.7843	1493
14	8	0	0	0	0	74.1511	1494
14	8	0	0	0	0	79.2459	1495
14	8	0	0	0	0	70.5466	1496
14	9	0	0	0	0	61.779	1497
14	9	0	0	0	0	49.3331	1498
14	9	0	0	0	0	56.9789	1499
15	8	0	0	0	0	65.3166	1500
12	8	0	0	0	0	54.8991	1501
12	8	0	0	0	0	50.2768	1502
12	8	0	0	0	0	61.0338	1503
13	8	0	0	0	0	63.9191	1504
14	8	0	0	0	0	63.9704	1505
14	8	0	0	0	0	75.4095	1506
15	8	0	0	0	0	76.3858	1507
15	8	0	0	0	0	71.2917	1508
15	8	0	0	0	0	65.371	1509
15	8	0	0	0	0	73.8732	1510
15	8	0	0	0	0	67.0495	1511
15	8	0	0	0	0	66.2614	1512
15	9	0	0	0	0	67.8115	1513
15	9	0	0	0	0	63.9018	1514
15	8	0	0	0	0	65.3721	1515
15	8	0	0	0	0	60.5766	1516
15	8	0	0	0	0	61.7512	1517
16	8	0	0	0	0	68.9532	1518
17	8	0	0	0	0	72.222	1519
17	8	0	0	0	0	65.3555	1520
17	8	0	0	0	0	63.9356	1521
17	8	0	0	0	0	69.4605	1522
17	7	0	0	0	0	66.9711	1523
17	6	0	0	0	0	63.0463	1524
17	6	0	0	0	0	77.5703	1525
18	6	0	0	0	0	74.9826	1526
18	6	0	0	0	0	82.9416	1527
18	6	0	0	0	0	77.8434	1528
18	6	0	0	0	0	84.0683	1529
18	6	0	0	0	0	76.9303	1530
18	6	0	0	0	0	79.6695	1531
18	6	0	0	0	0	84.4411	1532
19	6	0	0	0	0	69.9307	1533
19	6	0	0	0	0	78.7737	1534
19	6	0	0	0	0	78.3621	1535
18	6	0	0	0	0	72.9427	1536
18	6	0	0	0	0	66.079	1537
19	6	0	0	0	0	77.6836	1538
19	6	0	0	0	0	72.3327	1539
18	6	0	0	0	0	79.9085	1540
18	6	0	0	0	0	78.5035	1541
19	6	0	0	0	0	75.1838	1542
19	6	0	0	0	0	72.8743	1543
19	6	0	0	0	0	61.8805	1544
19	6	0	0	0	0	83.9686	1545
19	6	0	0	0	0	80.6402	1546
19	6	0	0	0	0	79.5095	1547
19	8	0	0	0	0	87.2974	1548
18	8	0	0	0	0	72.4245	1549
18	8	0	0	0	0	71.1306	1550
18	8	0	0	0	0	55.7395	1551
18	8	0	0	0	0	59.0868	1552
18	9	0	0	0	0	57.7388	1553
18	9	0	0	0	0	57.1978	1554
18	9	0	0	0	0	53.353	1555
18	9	0	0	0	0	55.9675	1556
17	9	0	0	0	0	53.4484	1557
17	9	0	0	0	0	56.1719	1558
17	9	0	0	0	0	62.085	1559
17	9	0	0	0	0	57.0049	1560
18	9	0	0	0	0	59.314	1561
18	9	0	0	0	0	49.5404	1562
19	9	0	0	0	0	47.7228	1563
19	9	0	0	0	0	42.0888	1564
19	9	0	0	0	0	56.6463	1565
19	9	0	0	0	0	53.9728	1566
19	9	0	0	0	0	60.7568	1567
19	9	0	0.5	0	1	53.3644	1568
18	9	0	0.5	0	1	49.9251	1569
18	9	0	0.5	0	1	57.6502	1570
18	9	0	0.5	0	1	57.3758	1571
18	9	0	0.5	0	1	59.805	1572
18	9	0	0.5	0	1	47.3144	1573
18	9	0	0.5	0	1	57.6895	1574
18	9	0	0.5	0	1	54.9623	1575
17	8	0	0.5	0	1	55.2315	1576
17	8	0	0.5	0	1	54.2704	1577
17	8	0	0.5	0	1	57.8938	1578
17	8	0	0.5	0	1	60.7802	1579
17	7	0	0.5	0	1	55.2627	1580
17	7	0	0.5	0	1	65.4769	1581
17	6	0	0.5	0	1	58.3774	1582
17	6	0	0.5	0	1	50.0687	1583
17	6	0	0.5	0	1	49.0882	1584
17	6	0	0.5	0	1	59.4622	1585
17	7	0	0.5	0	1	62.6546	1586
17	7	0	0.5	0	1	62.5636	1587
18	7	0	0.5	0	1	69.0314	1588
18	7	0	0.5	0	1	69.7143	1589
18	6	0	0.5	0	1	61.1114	1590
18	5	0	0.5	0	1	78.4768	1591
18	5	0	0.5	0	1	63.8259	1592
18	6	0	0.5	0	1	66.7498	1593
18	6	0	0.5	0	1	65.7167	1594
18	6	0	0.5	0	1	68.6674	1595
18	5	0	0.5	0	1	62.2581	1596
19	6	0	0.5	0	1	61.2215	1597
19	6	0	0.5	0	1	61.5634	1598
19	6	0	0.5	0	1	63.8139	1599
21	6	0	0.5	0	1	70.5877	1600
21	6	0	0.5	0	1	71.263	1601
18	6	0	0.5	0	1	58.1313	1602
18	6	0	0.5	0	1	82.0453	1603
18	6	0	0.5	0	1	85.6882	1604
18	6	0	0.5	0	1	80.3023	1605
18	6	0	0.5	0	1	86.0453	1606
18	6	0	0.5	0	1	81.4942	1607
18	8	0	0	0	0	87.7975	1608
18	8	0	0	0	0	75.5986	1609
18	8	0	0	0	0	83.6669	1610
18	8	0	0	0	0	80.3113	1611
18	9	0	0	0	0	88.7257	1612
18	9	0	0	0	0	87.745	1613
18	10	0	0	0	0	76.9909	1614
18	10	0	0	0	0	98.3809	1615
18	10	0	0	0	0	89.9956	1616
17	10	0	0	0	0	97.3762	1617
17	10	0	0	0	0	100.404	1618
17	10	0	0	0	0	85.2017	1619
17	10	0	0	0	0	94.0663	1620
17	10	0	0	0	0	88.4105	1621
17	10	0	0	0	0	72.2882	1622
17	11	0	0	0	0	77.2111	1623
18	11	0	0	0	0	83.2397	1624
17	11	0	0	0	0	91.2749	1625
16	11	0	0	0	0	86.7796	1626
16	11	0	0	0	0	92.4161	1627
16	11	0	0	0	0	92.9471	1628
16	11	0	0	0	0	84.3508	1629
16	11	0	0	0	0	90.4608	1630
15	11	0	0	0	0	93.1565	1631
15	11	0	0	0	0	92.8134	1632
15	11	0	0	0	0	89.3142	1633
15	11	0	0	0	0	92.428	1634
15	11	0	0	0	0	87.9017	1635
15	11	0	0	0	0	93.7833	1636
15	11	0	0	0	0	88.2857	1637
15	11	0	0	0	0	84.5796	1638
15	11	0	0	0	0	89.8849	1639
15	11	0	0	0	0	87.6691	1640
15	11	0	0	0	0	86.4195	1641
15	11	0	0	0	0	83.5816	1642
15	11	0	0	0	0	81.6735	1643
15	11	0	0	0	0	85.0806	1644
15	11	0	0	0	0	78.6768	1645
15	11	0	0	0	0	73.9281	1646
15	11	0	0	0	0	75.6537	1647
14	11	0	0	0	0	73.9449	1648
12	11	0	0	0	0	71.5306	1649
11	11	0	0	0	0	77.5335	1650
11	10	0	0	0	0	61.9429	1651
11	11	0	0	0	0	63.0634	1652
11	11	0	0	0	0	65.3456	1653
11	12	0	0	0	0	69.2422	1654
11	12	0	0	0	0	67.2423	1655
10	12	0	0	0	0	60.3108	1656
11	12	0	0	0	0	67.0014	1657
11	12	0	0	0	0	85.3164	1658
11	12	0	0	0	0	78.8203	1659
11	12	0	0	0	0	85.8667	1660
11	12	0	0	0	0	65.4156	1661
11	12	0	0	0	0	73.4455	1662
11	11	0	0	0	0	71.4416	1663
11	11	0	0	0	0	75.5921	1664
11	11	0	0	0	0	69.9523	1665
11	11	0	0	0	0	61.7431	1666
12	11	0	0	0	0	67.2203	1667
10	11	0	0	0	0	66.2024	1668
9	11	0	0	0	0	61.6207	1669
9	10	0	0	0	0	61.3654	1670
9	10	0	0	0	0	59.5898	1671
9	10	0	0	0	0	55.8282	1672
9	10	0	0	0	0	61.991	1673
9	9	0	0	0	0	58.8614	1674
9	9	0	0	0	0	61.6599	1675
9	9	0	0	0	0	57.4441	1676
9	9	0	0	0	0	61.5425	1677
9	9	0	0	0	0	58.9093	1678
9	9	0	0	0	0	48.3333	1679
9	9	0	0	0	0	65.9139	1680
9	9	0	0	0	0	60.7171	1681
9	12	0	0	0	0	58.1799	1682
9	12	0	0	0	0	64.8795	1683
9	11	0	0	0	0	61.621	1684
9	12	0	0	0	0	60.8153	1685
9	12	0	0	0	0	63.6465	1686
9	12	0	0	0	0	75.2242	1687
9	12	0	0	0	0	67.0274	1688
10	12	0	0	0	0	69.3335	1689
10	12	0	0	0	0	63.8383	1690
9	12	0	0	0	0	70.6446	1691
8	12	0	0	0	0	73.4199	1692
8	12	0	0	0	0	67.0179	1693
9	12	0	0	0	0	53.9312	1694
9	12	0	0	0	0	62.7646	1695
10	12	0	0	0	0	58.0356	1696
12	12	0	0	0	0	66.0786	1697
12	11	0	0	0	0	60.1631	1698
12	11	0	0	0	0	85.0435	1699
12	11	0	0	0	0	75.6479	1700
12	11	0	0	0	0	84.7223	1701
12	11	0	0	0	0	74.019	1702
12	11	0	0	0	0	71.2176	1703
12	11	0	0	0	0	76.3102	1704
12	12	0	0	0	0	86.155	1705
12	12	0	0	0	0	80.1317	1706
12	12	0	0	0	0	74.9771	1707
12	12	0	0	0	0	76.8856	1708
12	12	0	0	0	0	78.3881	1709
13	12	0	0	0	0	80.1523	1710
13	12	0	0	0	0	91.7793	1711
13	12	0	0	0	0	81.8734	1712
13	12	0	0	0	0	80.8483	1713
13	12	0	0	0	0	87.7437	1714
13	16	0	0	0	0	84.8436	1715
13	15	0	0	0	0	77.3971	1716
13	15	0	0	0	0	95.198	1717
13	15	0	0	0	0	91.8551	1718
13	15	0	0	0	0	90.8525	1719
13	15	0	0	0	0	93.8076	1720
13	15	0	0	0	0	98.1608	1721
13	15	0	0	0	0	102.581	1722
13	15	0	0	0	0	94.304	1723
13	15	0	0	0	0	94.0444	1724
13	15	0	0	0	0	93.953	1725
13	15	0	0	0	0	99.4611	1726
13	15	0	0	0	0	97.8675	1727
13	14	0	0	0	0	74.1087	1728
13	13	0	0	0	0	74.2554	1729
14	13	0	0	0	0	78.7798	1730
14	12	0	0	0	0	88.5752	1731
16	12	0	0	0	0	75.5592	1732
16	12	0	0	0	0	81.8488	1733
15	12	0	0	0	0	79.1188	1734
15	12	0	0	0	0	82.1187	1735
15	12	0	0	0	0	87.6289	1736
15	12	0	0	0	0	94.8295	1737
15	12	0	0	0	0	90.1415	1738
15	12	0	0	0	0	93.5239	1739
16	12	0	0	0	0	99.0193	1740
16	12	0	0	0	0	97.6863	1741
16	12	0	0	0	0	97.1552	1742
16	12	0	0	0	0	97.9965	1743
16	12	0	0	0	0	95.0548	1744
16	11	0	0	0	0	89.254	1745
16	11	0	0	0	0	85.4412	1746
15	11	0	0	0	0	87.0075	1747
15	11	0	0	0	0	86.7987	1748
15	11	0	0	0	0	75.7441	1749
12	11	0	0	0	0	74.7755	1750
12	11	0	0	0	0	74.8282	1751
12	11	0	0	0	0	74.4751	1752
12	11	0	0	0	0	69.0589	1753
12	11	0	0	0	0	67.295	1754
12	11	0	0	0	0	72.7639	1755
12	11	0	0	0	0	72.9135	1756
12	11	0	0	0	0	69.1856	1757
12	10	0	0	0	0	71.3868	1758
12	10	0	0	0	0	75.6946	1759
12	10	0	0	0	0	70.3909	1760
13	10	0	0	0	0	66.5879	1761
13	10	0	0	0	0	72.3136	1762
13	10	0	0	0	0	69.1162	1763
13	10	0	0	0	0	74.0833	1764
13	10	0	0	0	0	72.5246	1765
13	10	0	0	0	0	73.8782	1766
13	10	0	0	0	0	64.5598	1767
13	10	0	0	0	0	77.6638	1768
13	10	0	0	0	0	71.3741	1769
13	10	0	0	0	0	77.1006	1770
13	10	0	0	0	0	51.5153	1771
13	10	0	0	0	0	68.1902	1772
13	9	0	0	0	0	69.8069	1773
12	9	0	0	0	0	68.3552	1774
12	9	0	0	0	0	66.4414	1775
12	9	0	0	0	0	69.1549	1776
12	9	0	0	0	0	70.7877	1777
12	9	0	0	0	0	63.7411	1778
12	9	0	0	0	0	68.1051	1779
12	9	0	0	0	0	70.6419	1780
12	10	0	0	0	0	71.9079	1781
12	10	0	0	0	0	67.1917	1782
12	10	0	0	0	0	64.2382	1783
12	10	0	0	0	0	65.5758	1784
12	10	0	0	0	0	68.4482	1785
12	10	0	0	0	0	74.5456	1786
12	10	0	0	0	0	73.3636	1787
12	10	0	0	0	0	77.3296	1788
13	10	0	0	0	0	61.841	1789
13	10	0	0	0	0	64.9751	1790
13	9	0	0	0	0	77.4845	1791
13	9	0	0	0	0	73.7639	1792
13	9	0	0	0	0	78.8512	1793
13	9	0	0	0	0	75.6957	1794
13	9	0	0	0	0	71.5678	1795
13	9	0	0	0	0	67.5914	1796
13	9	0	0	0	0	70.1811	1797
13	9	0	0	0	0	71.797	1798
13	9	0	0	0	0	71.6007	1799
11	9	0	0	0	0	65.4629	1800
11	9	0	0	0	0	61.8166	1801
11	8	0	0	0	0	52.7157	1802
11	8	0	0	0	0	55.6846	1803
11	8	0	0	0	0	65.7461	1804
11	8	0	0	0	0	53.3882	1805
11	8	0	0	0	0	50.0633	1806
9	8	0	0	0	0	46.9118	1807
8	8	0	0	0	0	47.4719	1808
8	8	0	0.5	0	1	48.4314	1809
8	8	0	0.5	0	1	49.0912	1810
8	8	0	0.5	0	1	50.831	1811
8	8	0	0.5	0	1	55.9669	1812
8	8	0	0.5	0	1	49.6567	1813
8	8	0	0.833333	0	2	44.9358	1814
8	7	0	0.833333	0	2	42.7593	1815
8	6	0	0.833333	0	2	40.6974	1816
8	5	0	0.833333	0	2	41.4953	1817
8	5	0	0.833333	0	2	40.304	1818
8	5	0	0.833333	0	2	39.6029	1819
8	5	0	0.833333	0	2	34.4104	1820
8	5	0	0.833333	0	2	39.254	1821
8	5	0	0.833333	0	2	37.4487	1822
7	5	0	0.833333	0	2	33.7824	1823
7	4	0	0.833333	0	2	32.9614	1824
7	4	0	0.833333	0	2	28.5547	1825
7	4	0	0.833333	0	2	32.6455	1826
7	4	0	0.833333	0	2	24.2206	1827
7	4	0	0.833333	0	2	33.8684	1828
7	4	0	0.833333	0	2	37.5274	1829
7	4	0	0.833333	0	2	30.6485	1830
7	4	0	0.833333	0	2	33.9159	1831
7	4	0	0.833333	0	2	32.5541	1832
7	4	0	0.833333	0	2	23.9898	1833
7	4	0	0.833333	0	2	19.8039	1834
5	4	0	0.833333	0	2	21.1297	1835
5	4	0	0.833333	0	2	18.6752	1836
4	4	0	0.833333	0	2	21.5023	1837
4	4	0	0.833333	0	2	25.7001	1838
4	4	0	0.833333	0	2	19.5563	1839
4	3	0	0.833333	0	2	17.4013	1840
4	3	0	0.833333	0	2	15.3831	1841
4	3	0	0.833333	0	2	19.9541	1842
4	3	0	0.833333	0	2	18.6639	1843
4	3	0	0.833333	0	2	19.9541	1844
4	3	0	0.833333	0	2	16.5182	1845
4	3	0	0.833333	0	2	19.9541	1846
4	3	0	0.833333	0	2	17.9317	1847
4	3	0	0.833333	0	2	19.9412	1848
4	3	0	0.833333	0	2	17.5457	1849
4	3	0	0.833333	0	2	19.5563	1850
4	3	0	0.833333	0	2	15.052	1851
4	2	0	0.833333	0	2	13.6141	1852
4	2	0	0.833333	0	2	12.3762	1853
4	2	0	0.833333	0	2	12.323	1854
4	1	0	0.833333	0	2	10.6592	1855
4	1	0	0.833333	0	2	4.76292	1856
4	1	0	0.833333	0	2	2.60593	1857
4	1	0	0.833333	0	2	5.1418	1858
3	1	0	0.833333	0	2	4.76292	1859
2	1	0	0.833333	0	2	4.50231	1860
2	1	0	0.833333	0	2	5.1418	1861
2	1	0	0.833333	0	2	5.57154	1862
2	1	0	0.833333	0	2	4.40253	1863
2	1	0	0.833333	0	2	2.44204	1864
2	1	0	0.833333	0	2	4.40253	1865
2	1	0	0.333333	0	1	4.48395	1866
2	1	0	0.333333	0	1	4.40253	1867
2	1	0	0.333333	0	1	0.922333	1868
2	0	0	0.333333	0	1	0.694454	1869
2	0	0	0.333333	0	1	0.542567	1870
2	0	0	0.333333	0	1	0.795627	1871
2	0	0	0	0	0	-0.641179	1872
2	0	0	0	0	0	-3.05903	1873
1	0	0	0	0	0	-2.66271	1874
1	0	0	0	0	0	-3.05903	1875
1	0	0	0	0	0	-2.99111	1876
1	0	0	0	0	0	-3.21596	1877
1	0	0	0	0	0	-3.21596	1878
1	0	0	0	0	0	-3.21596	1879
1	0	0	0	0	0	nan	1880
1	0	0	0	0	0	nan	1881
0	0	0	0	0	0	nan	1882
