unique_top_cov	unique_bot_cov	redundant_top_cov	redundant_bot_cov	raw_redundant_top_cov	raw_redundant_bot_cov	e_value	position
24	22	0	0	0	0	144.883	1
24	21	0	0	0	0	155.169	2
24	20	0	0	0	0	151.715	3
25	21	0	0	0	0	163.513	4
25	21	0	0	0	0	161.623	5
25	23	0	0	0	0	174.454	6
25	23	0	0	0	0	164.319	7
25	23	0	0	0	0	162.098	8
25	25	0	0	0	0	174.636	9
25	25	0	0	0	0	166.731	10
26	26	0	0	0	0	159.622	11
27	26	0	0	0	0	197.357	12
28	26	0	0	0	0	180.787	13
27	28	0	0	0	0	177.766	14
27	28	0	0	0	0	202.82	15
27	29	0	0	0	0	194.392	16
28	28	0	0	0	0	155.194	17
28	28	0	0	0	0	151.901	18
28	29	0	0	0	0	188.474	19
28	30	0	0	0	0	215.15	20
28	30	0	0	0	0	194.472	21
28	31	0	0	0	0	195.15	22
28	31	0	0	0	0	225.28	23
28	31	0	0	0	0	203.806	24
27	31	0	0	0	0	207.033	25
27	31	0	0	0	0	213.277	26
27	31	0	0	0	0	193.878	27
27	31	0	0	0	0	200.328	28
27	31	0	0	0	0	209.004	29
27	32	0	0	0	0	216.446	30
28	33	0	0	0	0	216.36	31
27	34	0	0	0	0	198.069	32
27	34	0	0.333333	0	1	210.391	33
26	34	0	0.333333	0	1	210.602	34
26	34	0	0.333333	0	1	211.401	35
26	34	0	0.333333	0	1	219.085	36
26	34	0	0.333333	0	1	219.871	37
27	34	0	0.333333	0	1	210.313	38
27	36	0	0.333333	0	1	213.044	39
27	32	0	0.333333	0	1	217.393	40
27	35	0	0.333333	0	1	206.779	41
27	35	0	0.333333	0	1	195.303	42
27	37	0	0.333333	0	1	210.471	43
27	37	0	0.333333	0	1	236.16	44
28	37	0	0.333333	0	1	212.893	45
27	37	0	0.333333	0	1	203.604	46
27	37	0	0.333333	0	1	190.043	47
29	37	0	0.333333	0	1	214.348	48
28	38	0	0.333333	0	1	212.212	49
29	35	0	0.333333	0	1	192.145	50
27	35	0	0.333333	0	1	210.068	51
28	35	0	0.333333	0	1	211.354	52
28	34	0	0.333333	0	1	182.795	53
30	35	0	0.333333	0	1	233.076	54
31	36	0	0.333333	0	1	214.478	55
32	36	0	0.333333	0	1	225.484	56
33	36	0	0.333333	0	1	243.889	57
32	36	0	0.333333	0	1	225.904	58
32	36	0	0.333333	0	1	224.679	59
33	36	0	0.333333	0	1	253.437	60
37	36	0	0.333333	0	1	257.548	61
37	36	0	0.333333	0	1	255.819	62
37	36	0	0.333333	0	1	270.865	63
38	36	0	0.333333	0	1	265.476	64
37	37	0	0.333333	0	1	203.938	65
37	38	0	0.333333	0	1	280.854	66
39	40	0	0.333333	0	1	284.693	67
42	41	0	0.333333	0	1	266.795	68
42	41	0	0.333333	0	1	268.173	69
43	42	0	0.333333	0	1	299.469	70
44	42	0	0.333333	0	1	308.746	71
44	42	0	0	0	0	302.642	72
44	42	0	0	0	0	276.968	73
44	42	0	0	0	0	292.933	74
44	41	0	0	0	0	290.24	75
44	42	0	0	0	0	317.073	76
44	42	0	0	0	0	307.469	77
44	42	0	0	0	0	311.88	78
43	41	0	0	0	0	325.159	79
43	41	0	0	0	0	296.248	80
43	42	0	0	0	0	261.188	81
43	42	0	0	0	0	317.203	82
43	41	0	0	0	0	315.644	83
41	41	0	0	0	0	279.795	84
40	41	0	0	0	0	277.992	85
40	41	0	0	0	0	306.143	86
40	40	0	0	0	0	258.337	87
39	40	0	0	0	0	276.583	88
39	40	0	0	0	0	259.146	89
38	38	0	0	0	0	289.797	90
37	39	0	0	0	0	281.984	91
37	40	0	0	0	0	250.831	92
37	40	0	0	0	0	297.928	93
37	39	0	0	0	0	270.986	94
38	39	0	0	0	0	258.237	95
40	39	0	0	0	0	294.564	96
40	37	0	0	0	0	221.512	97
40	38	0	0	0	0	293.614	98
42	38	0	0	0	0	263.868	99
42	38	0	0	0	0	281.261	100
42	37	0	0	0	0	290.273	101
42	37	0	0	0	0	261.393	102
42	37	0	0	0	0	239.218	103
42	37	0	0	0	0	247.749	104
42	38	0	0	0	0	295.287	105
43	38	0	0	0	0	274.284	106
44	39	0	0	0	0	274.041	107
44	39	0	0	0	0	281.255	108
43	38	0	0	0	0	282.383	109
43	39	0	0	0	0	313.406	110
43	39	0	0	0	0	279.878	111
43	38	0	0	0	0	289.626	112
43	37	0	0	0	0	287.341	113
42	36	0	0	0	0	291.688	114
42	37	0	0	0	0	216.169	115
43	37	0	0	0	0	288.157	116
43	37	0	0	0	0	286.706	117
42	37	0	0	0	0	251.092	118
41	37	0	0	0	0	261.008	119
41	37	0	0	0	0	280.946	120
41	36	0	0	0	0	281.098	121
41	35	0	0	0	0	219.418	122
41	35	0	0	0	0	276.321	123
41	35	0	0	0	0	272.028	124
41	35	0	0	0	0	284.485	125
41	35	0	0	0	0	292.601	126
41	36	0	0	0	0	258.354	127
40	36	0	0	0	0	251.857	128
40	39	0	0	0	0	294.171	129
40	40	0	0	0	0	295.566	130
39	40	0	0	0	0	273.943	131
39	42	0	0	0	0	274.494	132
39	41	0	0	0	0	287.028	133
38	40	0	0	0	0	275.27	134
38	40	0	0	0	0	252.957	135
38	39	0	0	0	0	252.937	136
36	39	0	0	0	0	234.185	137
35	40	0	0	0	0	239.728	138
35	41	0	0	0	0	269.419	139
34	39	0	0	0	0	259.628	140
33	38	0	0	0	0	214.442	141
33	38	0	0	0	0	240.667	142
33	37	0	0	0	0	240.401	143
33	37	0	0	0	0	267.499	144
33	36	0	0	0	0	249.961	145
33	35	0	0	0	0	255.874	146
33	35	0	0	0	0	249.833	147
32	34	0	0	0	0	193.696	148
32	33	0	0	0	0	249.718	149
32	32	0	0	0	0	239.27	150
33	32	0	0	0	0	248.891	151
33	32	0	0	0	0	237.864	152
33	32	0	0	0	0	242.827	153
32	32	0	0	0	0	199.046	154
32	32	0	0	0	0	199.922	155
32	32	0	0	0	0	243.801	156
34	32	0	0	0	0	230.872	157
35	32	0	0	0	0	230.733	158
35	32	0	0	0	0	226.125	159
35	32	0	0	0	0	180.227	160
36	32	0	0	0	0	250.6	161
35	32	0	0	0	0	198.655	162
36	33	0	0	0	0	228.219	163
35	33	0	0	0	0	232.982	164
36	33	0	0	0	0	247.193	165
36	33	0	0	0	0	239.066	166
36	33	0	0	0	0	233.4	167
36	32	0	0	0	0	211.953	168
37	32	0	0	0	0	248.16	169
36	31	0	0	0	0	211.267	170
36	31	0	0	0	0	244.564	171
36	30	0	0	0	0	210.969	172
36	30	0	0	0	0	247.845	173
36	30	0	0	0	0	240.952	174
36	29	0	0	0	0	190.437	175
36	29	0	0	0	0	226.296	176
36	29	0	0	0	0	240.199	177
35	29	0	0	0	0	163.493	178
37	29	0	0	0	0	242.765	179
37	29	0	0	0	0	187.216	180
38	29	0	0	0	0	245.09	181
38	28	0	0	0	0	188.678	182
40	28	0	0	0	0	250.957	183
40	28	0	0	0	0	258.601	184
40	28	0	0	0	0	259.582	185
40	27	0	0	0	0	252.564	186
40	27	0	0	0	0	253.724	187
39	27	0	0	0	0	243.524	188
39	28	0	0	0	0	244.542	189
39	28	0	0	0	0	179.152	190
39	38	0	0	0	0	246.446	191
39	37	0	0	0	0	205.926	192
41	42	0	0	0	0	239.268	193
41	42	0	0	0	0	188.292	194
41	41	0	0	0	0	268.736	195
42	41	0	0	0	0	300.32	196
42	40	0	0	0	0	242.907	197
35	37	0	0	0	0	246.305	198
35	36	0	0	0	0	246.427	199
30	35	0	0	0	0	190.4	200
30	35	0	0	0	0	219.631	201
27	35	0	0	0	0	216.627	202
25	34	0	0	0	0	206.05	203
26	34	0	0	0	0	207.526	204
26	34	0	0	0	0	212.699	205
26	33	0	0	0	0	226.612	206
26	33	0	0	0	0	196.705	207
27	33	0	0	0	0	184.059	208
27	34	0	0	0	0	234.225	209
27	35	0	0	0	0	223.594	210
26	36	0	0	0	0	209.226	211
26	36	0	0	0	0	220.864	212
26	36	0	0	0	0	212.117	213
28	36	0	0	0	0	210.337	214
28	36	0	0	0	0	219.288	215
26	36	0	0	0	0	187.6	216
27	36	0	0	0	0	216.387	217
23	36	0	0	0	0	214.027	218
23	36	0	0	0	0	225.79	219
24	36	0	0	0	0	205.204	220
24	35	0	0	0	0	212.129	221
24	35	0	0	0	0	215.025	222
24	35	0	0	0	0	216.853	223
25	35	0	0	0	0	195.584	224
25	35	0	0	0	0	205.064	225
24	35	0	0	0	0	214.55	226
24	35	0	0	0	0	222.961	227
24	35	0	0	0	0	209.969	228
25	39	0	0	0	0	223.473	229
25	39	0	0	0	0	193.369	230
23	38	0	0	0	0	200.309	231
26	38	0	0	0	0	234.205	232
26	38	0	0	0	0	223.856	233
26	38	0	0	0	0	206.177	234
27	38	0	0	0	0	229.098	235
28	37	0	0	0	0	228.984	236
28	38	0	0	0	0	219.675	237
27	38	0	0	0	0	224.203	238
29	38	0	0	0	0	223.853	239
29	38	0	0	0	0	230.62	240
30	37	0	0	0	0	248.189	241
30	37	0	0	0	0	236.847	242
31	37	0	0	0	0	224.805	243
31	37	0	0	0	0	248.704	244
30	37	0	0	0	0	238.167	245
29	37	0	0	0	0	235.082	246
29	37	0	0	0	0	217.955	247
29	37	0	0	0	0	207.841	248
29	37	0	0	0	0	216.285	249
30	36	0	0	0	0	234.95	250
30	36	0	0	0	0	227.586	251
29	36	0	0	0	0	224.611	252
29	36	0	0	0	0	246.608	253
30	36	0	0	0	0	245.832	254
30	36	0	0	0	0	227.746	255
30	36	0	0	0	0	226.251	256
30	36	0	0	0	0	240.837	257
31	37	0	0	0	0	236.717	258
31	37	0	0	0	0	242.644	259
32	37	0	0	0	0	253.925	260
32	37	0	0	0	0	238.649	261
31	36	0	0	0	0	234.243	262
31	36	0	0	0	0	235.223	263
31	36	0	0	0	0	212.122	264
31	35	0	0	0	0	255.176	265
31	35	0	0	0	0	232.881	266
30	35	0	0	0	0	227.485	267
30	35	0	0	0	0	241.094	268
30	34	0	0	0	0	196.731	269
31	34	0	0	0	0	208.244	270
34	34	0	0	0	0	247.489	271
34	34	0	0	0	0	244.701	272
34	33	0	0	0	0	218.41	273
34	32	0	0	0	0	244.457	274
34	31	0	0	0	0	207.177	275
34	32	0	0	0	0	245.176	276
34	32	0	0	0	0	227.848	277
34	32	0	0	0	0	231.901	278
35	31	0	0	0	0	226.605	279
35	30	0	0	0	0	198.346	280
35	29	0	0	0	0	208.251	281
35	29	0	0	0	0	217.629	282
35	28	0	0	0	0	212.094	283
35	28	0	0	0	0	207.588	284
31	28	0	0	0	0	213.78	285
31	26	0	0	0	0	183.042	286
31	26	0	0	0	0	188.159	287
31	25	0	0	0	0	216.744	288
32	25	0	0	0	0	196.609	289
32	26	0	0	0	0	203.422	290
32	25	0	0	0	0	179.292	291
32	26	0	0	0	0	210.478	292
33	25	0	0	0	0	169.505	293
33	25	0	0	0	0	177.875	294
33	24	0	0	0	0	206.325	295
34	24	0	0	0	0	181.928	296
34	26	0	0	0	0	187.703	297
34	26	0	0	0	0	208.141	298
33	26	0	0	0	0	197.823	299
33	26	0	0	0	0	191.843	300
32	26	0	0	0	0	197.548	301
32	25	0	0	0	0	188.608	302
32	25	0	0	0	0	191.047	303
33	25	0	0	0	0	193.221	304
34	25	0	0	0	0	191.357	305
32	25	0	0	0	0	205.775	306
31	25	0	0	0	0	185.422	307
30	25	0	0	0	0	175.852	308
31	24	0	0	0	0	194.737	309
31	24	0	0	0	0	197.843	310
31	24	0	0	0	0	204.461	311
31	24	0	0	0	0	201.274	312
30	24	0	0	0	0	175.429	313
31	24	0	0	0	0	178.063	314
31	23	0	0	0	0	207.828	315
31	25	0	0	0	0	173.988	316
30	25	0	0	0	0	202.792	317
30	25	0	0	0	0	206.351	318
30	25	0	0	0	0	186.185	319
31	25	0	0	0	0	203.996	320
31	25	0	0	0	0	126.344	321
32	25	0	0	0	0	205.095	322
32	25	0	0	0	0	195.474	323
32	25	0	0	0	0	209.314	324
32	25	0	0	0	0	152.494	325
35	25	0	0	0	0	190.244	326
35	26	0	0	0	0	195.912	327
36	26	0	0	0	0	217.488	328
36	26	0	0	0	0	225.853	329
36	26	0	0	0	0	232.156	330
36	25	0	0	0	0	196.582	331
36	24	0	0	0	0	221.884	332
37	24	0	0	0	0	225.6	333
37	27	0	0	0	0	218.356	334
37	27	0	0	0	0	232.648	335
37	27	0	0	0	0	205.751	336
37	28	0	0	0	0	204.112	337
37	28	0	0	0	0	204.795	338
37	30	0	0	0	0	241.575	339
37	31	0	0	0	0	210.628	340
37	27	0	0	0	0	215.946	341
37	27	0	0	0	0	196.233	342
30	25	0	0	0	0	190.793	343
31	30	0	0	0	0	213.001	344
31	30	0	0	0	0	191.887	345
31	29	0	0	0	0	210.449	346
31	29	0	0	0	0	218.623	347
30	29	0	0	0	0	204.637	348
30	30	0	0	0	0	195.285	349
30	32	0	0	0	0	200.233	350
31	32	0	0	0	0	227.442	351
31	34	0	0	0	0	201.875	352
26	34	0	0	0	0	193.631	353
25	34	0	0	0	0	216.041	354
25	35	0	0	0	0	213.87	355
26	35	0	0	0	0	178.78	356
26	35	0	0	0	0	226.571	357
26	35	0	0	0	0	222.396	358
26	35	0	0	0	0	189.042	359
27	36	0	0	0	0	225.674	360
27	36	0	0	0	0	174.474	361
30	35	0	0	0	0	226.008	362
30	35	0	0	0	0	190.062	363
30	35	0	0	0	0	226.897	364
31	35	0	0	0	0	235.841	365
30	35	0	0	0	0	240.641	366
30	35	0	0	0	0	241.551	367
29	34	0	0	0	0	226.294	368
28	34	0	0	0	0	216.237	369
28	34	0	0	0	0	204.803	370
29	33	0	0	0	0	204.328	371
29	34	0	0	0	0	223.212	372
29	36	0	0	0	0	220.125	373
27	35	0	0	0	0	219.026	374
27	35	0	0	0	0	223.294	375
28	35	0	0	0	0	210.304	376
28	35	0	0	0	0	202.688	377
29	35	0	0	0	0	195.499	378
29	35	0	0	0	0	200.005	379
29	35	0	0	0	0	205.998	380
29	35	0	0	0	0	194.158	381
26	35	0	0	0	0	215.787	382
27	35	0	0	0	0	204.01	383
27	35	0	0	0	0	204.48	384
27	36	0	0	0	0	218.141	385
27	35	0	0	0	0	201.083	386
27	35	0	0	0	0	196.875	387
26	38	0	0	0	0	217.371	388
26	37	0	0	0	0	196.619	389
27	37	0	0	0	0	202.096	390
27	36	0	0	0	0	206.983	391
27	36	0	0	0	0	211.861	392
28	37	0	0	0	0	245.183	393
28	37	0	0	0	0	212.279	394
28	37	0	0	0	0	248.625	395
28	36	0	0	0	0	235.755	396
28	35	0	0	0	0	204.461	397
29	35	0	0	0	0	245.979	398
29	35	0	0	0	0	210.491	399
29	35	0	0	0	0	221.445	400
29	35	0	0	0	0	241.669	401
29	35	0	0	0	0	233.104	402
29	34	0	0	0	0	239.25	403
29	34	0	0	0	0	239.096	404
29	34	0	0	0	0	179.745	405
28	35	0	0	0	0	233.996	406
28	35	0	0	0	0	239.899	407
28	36	0	0	0	0	220.441	408
28	36	0	0	0	0	205.802	409
28	35	0	0	0	0	209.699	410
28	34	0	0	0	0	207.56	411
28	34	0	0	0	0	204.024	412
28	32	0	0	0	0	219.362	413
28	32	0	0	0	0	200.643	414
28	30	0	0	0	0	210.589	415
28	30	0	0	0	0	209.974	416
27	29	0	0	0	0	152.455	417
27	29	0	0	0	0	182.607	418
27	29	0	0	0	0	191.296	419
27	29	0	0	0	0	212.857	420
27	29	0	0	0	0	184.478	421
27	28	0	0	0	0	202.312	422
27	25	0	0	0	0	167.003	423
27	25	0	0	0	0	188.492	424
27	24	0	0	0	0	192.693	425
27	24	0	0	0	0	195.315	426
27	24	0	0	0	0	192.512	427
27	24	0	0	0	0	190.757	428
26	24	0	0	0	0	183.21	429
26	24	0	0	0	0	180.417	430
25	23	0	0	0	0	159.945	431
26	23	0	0	0	0	183.289	432
26	24	0	0	0	0	172.109	433
26	26	0	0	0	0	160.83	434
27	27	0	0	0	0	200.238	435
27	27	0	0	0	0	181.729	436
27	28	0	0	0	0	190.092	437
28	28	0	0	0	0	149.565	438
29	28	0	0	0	0	181.724	439
29	25	0	0	0	0	160.228	440
28	25	0	0	0	0	174.927	441
24	25	0	0	0	0	152.623	442
22	27	0	0	0	0	178.21	443
22	27	0	0	0	0	168.588	444
23	26	0	0	0	0	170.765	445
23	26	0	0	0	0	170.402	446
23	25	0	0	0	0	152.531	447
23	28	0	0	0	0	148.532	448
22	29	0	0	0	0	193.119	449
22	29	0	0	0	0	152.664	450
23	29	0	0	0	0	165.956	451
21	29	0	0	0	0	176.087	452
21	29	0	0	0	0	167.019	453
21	29	0	0	0	0	168.579	454
20	29	0	0	0	0	185.802	455
20	29	0	0	0	0	161.727	456
20	29	0	0	0	0	161.941	457
21	29	0	0	0	0	183.816	458
21	28	0	0	0	0	180.767	459
21	28	0	0	0	0	181.348	460
21	28	0	0	0	0	165.695	461
21	28	0	0	0	0	165.146	462
21	28	0	0	0	0	185.183	463
21	28	0	0	0	0	166.528	464
21	29	0	0	0	0	178.524	465
21	29	0	0	0	0	170.576	466
21	32	0	0	0	0	186.585	467
21	32	0	0	0	0	184.651	468
19	31	0	0	0	0	169.032	469
19	31	0	0	0	0	165.898	470
19	31	0	0	0	0	171.019	471
19	31	0	0	0	0	176.148	472
19	31	0	0	0	0	173.577	473
19	31	0	0	0	0	166.108	474
19	31	0	0	0	0	168.215	475
14	31	0	0	0	0	132.443	476
13	31	0	0	0	0	139.796	477
15	31	0	0	0	0	160.038	478
16	31	0	0	0	0	146.089	479
16	31	0	0	0	0	155.595	480
16	31	0	0	0	0	151.672	481
15	30	0	0	0	0	133.936	482
16	30	0	0	0	0	160.431	483
16	29	0	0	0	0	167.15	484
16	31	0	0	0	0	140.152	485
16	31	0	0	0	0	138.762	486
17	31	0	0	0	0	177.684	487
17	31	0	0	0	0	167.047	488
17	31	0	0	0	0	158.886	489
17	31	0	0	0	0	164.972	490
17	31	0	0	0	0	158.389	491
15	29	0	0	0	0	139.146	492
15	29	0	0	0	0	157.21	493
13	28	0	0	0	0	127.38	494
13	27	0	0	0	0	132.312	495
13	26	0	0	0	0	127.663	496
13	26	0	0	0	0	112.465	497
13	28	0	0	0	0	133.014	498
13	27	0	0	0	0	118.749	499
13	27	0	0	0	0	128.154	500
11	26	0	0	0	0	104.57	501
12	26	0	0	0	0	111.959	502
12	26	0	0	0	0	142.106	503
12	26	0	0	0	0	125.185	504
12	27	0	0	0	0	119.933	505
11	28	0	0	0	0	131.95	506
12	28	0	0	0	0	120.411	507
12	28	0	0	0	0	117.84	508
12	28	0	0	0	0	110.789	509
12	27	0	0	0	0	134.19	510
12	27	0	0	0	0	130.251	511
12	26	0	0	0	0	105.44	512
12	26	0	0	0	0	121.237	513
12	25	0	0	0	0	113.452	514
12	25	0	0	0	0	135.154	515
12	25	0	0	0	0	133.17	516
13	26	0	0	0	0	112.85	517
13	25	0	0	0	0	145.035	518
13	25	0	0	0	0	142.219	519
13	25	0	0	0	0	133.782	520
13	27	0	0	0	0	124.024	521
13	25	0	0	0	0	99.732	522
13	25	0	0	0	0	124.029	523
13	24	0	0	0	0	123.17	524
13	24	0	0	0	0	84.098	525
13	25	0	0	0	0	117.666	526
13	23	0	0	0	0	111.009	527
13	25	0	0	0	0	97.2141	528
13	26	0	0	0	0	118.734	529
10	26	0	0	0	0	123.768	530
10	24	0	0	0	0	111.75	531
10	24	0	0	0	0	111.633	532
10	25	0	0	0	0	123.653	533
10	25	0	0	0	0	116.592	534
10	24	0	0	0	0	79.9934	535
10	26	0	0	0	0	121.854	536
9	26	0	0	0	0	111.146	537
9	27	0	0	0	0	88.7235	538
9	27	0	0	0	0	119.165	539
8	27	0	0	0	0	117.853	540
8	27	0	0	0	0	114.205	541
8	27	0	0	0	0	127.017	542
8	27	0	0	0	0	118.47	543
9	27	0	0	0	0	124.662	544
9	26	0	0	0	0	113.098	545
9	27	0	0	0	0	121.328	546
7	27	0	0	0	0	107.945	547
7	27	0	0	0	0	112.807	548
7	26	0	0	0	0	105.762	549
7	26	0	0	0	0	116.973	550
5	26	0	0	0	0	101.332	551
5	26	0	0	0	0	92.4685	552
5	25	0	0	0	0	100.838	553
5	25	0	0	0	0	101.13	554
5	25	0	0	0	0	105.017	555
5	25	0	0	0	0	96.6991	556
5	24	0	0	0	0	100.715	557
5	24	0	0	0	0	96.0597	558
5	24	0	0	0	0	97.7722	559
11	26	0	0	0	0	105.155	560
12	26	0	0	0	0	42.5716	561
11	26	0	0	0	0	104.959	562
11	26	0	0	0	0	104.739	563
13	26	0	0	0	0	125.791	564
13	26	0	0	0	0	122.506	565
13	26	0	0	0	0	101.914	566
14	27	0	0	0	0	144.856	567
16	28	0	0	0	0	140.065	568
16	28	0	0	0	0	128.599	569
17	28	0	0	0	0	154.274	570
17	28	0	0	0	0	137.074	571
16	29	0	0	0	0	146.173	572
16	29	0	0	0	0	145.961	573
16	30	0	0	0	0	154.704	574
16	30	0	0	0	0	143.41	575
16	31	0	0	0	0	161.394	576
16	31	0	0	0	0	151.137	577
16	31	0	0	0	0	153.054	578
16	31	0	0	0	0	175.225	579
16	31	0	0	0	0	159.831	580
16	31	0	0	0	0	176.601	581
16	31	0	0	0	0	148.019	582
15	31	0	0	0	0	154.095	583
15	33	0	0	0	0	172.331	584
15	32	0	0	0	0	149.857	585
16	32	0	0	0	0	158.614	586
17	32	0	0	0	0	160.566	587
17	31	0	0	0	0	162.932	588
17	31	0	0	0	0	162.405	589
17	30	0	0	0	0	152.555	590
17	30	0	0	0	0	153.617	591
17	28	0	0	0	0	152.707	592
17	29	0	0	0	0	130.273	593
17	27	0	0	0	0	155.923	594
17	27	0	0	0	0	130.019	595
18	27	0	0	0	0	155.581	596
18	28	0	0	0	0	150.226	597
18	27	0	0	0	0	152.041	598
19	27	0	0	0	0	160.712	599
19	26	0	0	0	0	151.498	600
19	26	0	0	0	0	142.549	601
18	27	0	0	0	0	136.07	602
18	27	0	0	0	0	157.788	603
18	27	0	0	0	0	168.476	604
18	27	0	0	0	0	174.299	605
18	27	0	0	0	0	149.13	606
18	27	0	0	0	0	138.14	607
19	27	0	0	0	0	149.642	608
21	26	0	0	0	0	157.711	609
21	26	0	0	0	0	164.055	610
20	26	0	0	0	0	135.07	611
21	26	0	0	0	0	137.735	612
21	26	0	0	0	0	169.633	613
21	25	0	0	0	0	149.47	614
21	25	0	0	0	0	150.791	615
23	25	0	0	0	0	150.78	616
23	24	0	0	0	0	148.25	617
23	23	0	0	0	0	156.431	618
23	21	0	0	0	0	159.119	619
23	21	0	0	0	0	116.596	620
25	20	0	0	0	0	150.464	621
26	20	0	0	0	0	160.929	622
27	18	0	0	0	0	155.696	623
27	17	0	0	0	0	129.07	624
29	17	0	0	0	0	148.276	625
32	17	0	0	0	0	167.88	626
32	18	0	0	0	0	183.076	627
32	19	0	0	0	0	171.262	628
33	18	0	0	0	0	163.365	629
33	18	0	0	0	0	170.992	630
36	18	0	0	0	0	180.234	631
36	18	0	0	0	0	179.778	632
37	17	0	0	0	0	172.449	633
37	17	0	0	0	0	171.102	634
38	18	0	0	0	0	194.998	635
37	18	0	0	0	0	195.869	636
37	17	0	0	0	0	161.738	637
38	17	0	0	0	0	204.304	638
38	17	0	0	0	0	164.465	639
39	17	0	0	0	0	184.896	640
40	17	0	0	0	0	210.629	641
41	18	0	0	0	0	211.839	642
42	18	0	0	0	0	190.592	643
44	17	0	0	0	0	214.151	644
43	17	0	0	0	0	210.657	645
42	17	0	0	0	0	160.433	646
43	17	0	0	0	0	209.514	647
43	18	0	0	0	0	224.599	648
43	18	0	0	0	0	208.07	649
42	20	0	0	0	0	216.677	650
42	19	0	0	0	0	173.968	651
41	19	0	0	0	0	185.399	652
41	19	0	0	0	0	217.093	653
41	20	0	0	0	0	163.18	654
41	20	0	0	0	0	213.344	655
43	19	0	0	0	0	213.609	656
43	19	0	0	0	0	211.934	657
42	19	0	0	0	0	217.915	658
42	19	0	0	0	0	217.091	659
41	19	0	0	0	0	186.46	660
42	17	0	0	0	0	216.741	661
41	17	0	0	0	0	207.427	662
42	17	0	0	0	0	204.741	663
43	17	0	0	0	0	216.632	664
43	17	0	0	0	0	210.099	665
43	15	0	0	0	0	162.349	666
44	15	0	0	0	0	217.524	667
45	15	0	0	0	0	197.146	668
45	16	0	0	0	0	191.665	669
45	16	0	0	0	0	193.564	670
47	16	0	0	0	0	217.957	671
47	16	0	0	0	0	222.73	672
46	16	0	0	0	0	230.045	673
46	16	0	0	0	0	207.213	674
47	16	0	0	0	0	199.509	675
46	16	0	0	0	0	213.282	676
46	16	0	0	0	0	228.994	677
46	15	0	0	0	0	217.405	678
46	16	0	0	0	0	229.097	679
45	15	0	0	0	0	187.17	680
45	15	0	0	0	0	198.637	681
45	15	0	0	0	0	190.067	682
45	15	0	0	0	0	225.464	683
45	15	0	0	0	0	206.887	684
45	15	0	0	0	0	192.886	685
47	15	0	0	0	0	208.435	686
46	15	0	0	0	0	216.343	687
43	15	0	0	0	0	192.748	688
42	14	0	0	0	0	192.784	689
42	14	0	0	0	0	203.145	690
42	14	0	0	0	0	212.635	691
41	14	0	0	0	0	194.72	692
41	14	0	0	0	0	207.127	693
41	14	0	0	0	0	152.286	694
41	13	0	0	0	0	208.492	695
41	14	0	0	0	0	203.497	696
41	14	0	0	0	0	169.837	697
42	14	0	0	0	0	187.215	698
42	14	0	0	0	0	211.385	699
42	14	0	0	0	0	196.729	700
42	16	0	0	0	0	198.256	701
41	16	0	0	0	0	203.61	702
41	16	0	0	0	0	193.237	703
41	16	0	0	0	0	201.749	704
40	15	0	0	0	0	166.602	705
39	15	0	0	0	0	185.493	706
40	15	0	0	0	0	210.535	707
41	15	0	0	0	0	200.175	708
41	15	0	0	0	0	192.558	709
42	15	0	0	0	0	202.56	710
40	15	0	0	0	0	193.403	711
40	15	0	0	0	0	209.455	712
40	16	0	0	0	0	186.808	713
40	16	0	0	0	0	197.689	714
40	16	0	0	0	0	215.825	715
40	16	0	0	0	0	182.627	716
40	16	0	0	0	0	195.659	717
39	17	0	0	0	0	196.772	718
39	17	0	0	0	0	181.021	719
38	17	0	0	0	0	186.901	720
38	18	0	0	0	0	204.566	721
37	18	0	0	0	0	202.808	722
36	18	0	0	0	0	208.643	723
36	18	0	0	0	0	163.805	724
36	17	0	0	0	0	184.217	725
36	17	0	0	0	0	175.249	726
36	17	0	0	0	0	196.141	727
36	17	0	0	0	0	200.489	728
36	16	0	0	0	0	168.385	729
36	15	0	0	0	0	167.588	730
36	15	0	0	0	0	185.166	731
37	13	0	0	0	0	164.368	732
37	16	0	0	0	0	182.553	733
37	17	0	0	0	0	183.234	734
37	17	0	0	0	0	165.919	735
38	17	0	0	0	0	209.581	736
38	17	0	0	0	0	183.662	737
39	17	0	0	0	0	187.531	738
39	17	0	0	0	0	189.482	739
38	17	0	0	0	0	182.663	740
38	17	0	0	0	0	188.652	741
33	17	0	0	0	0	186.23	742
33	17	0	0	0	0	189.77	743
33	16	0	0	0	0	178.859	744
33	16	0	0	0	0	183.055	745
33	16	0	0	0	0	186.797	746
33	16	0	0	0	0	152.874	747
33	16	0	0	0	0	157.231	748
32	17	0	0	0	0	132.369	749
33	18	0	0	0	0	184.551	750
33	19	0	0	0	0	185.202	751
34	25	0	0	0	0	185.227	752
34	28	0	0	0	0	178.555	753
36	28	0	0	0	0	186.529	754
36	27	0	0	0	0	211.085	755
37	27	0	0	0	0	216.396	756
38	27	0	0	0	0	176.316	757
38	30	0	0	0	0	218.082	758
36	30	0	0	0	0	182.649	759
36	30	0	0	0	0	216.436	760
31	30	0	0	0	0	213.812	761
31	30	0	0	0	0	213.903	762
34	29	0	0	0	0	212.055	763
34	29	0	0	0	0	245.345	764
34	29	0	0	0	0	240.794	765
34	30	0	0	0	0	206.974	766
34	30	0	0	0	0	237.972	767
32	30	0	0	0	0	216.982	768
32	30	0	0	0	0	225.159	769
32	29	0	0	0	0	196.36	770
32	29	0	0	0	0	205.322	771
32	29	0	0	0	0	232.042	772
32	29	0	0	0	0	238.457	773
32	29	0	0	0	0	209.338	774
32	29	0	0	0	0	206.585	775
31	29	0	0	0	0	221.321	776
33	29	0	0	0	0	204.026	777
33	29	0	0	0	0	226.95	778
31	29	0	0	0	0	222.943	779
31	29	0	0	0	0	228.652	780
30	29	0	0	0	0	226.302	781
30	28	0	0	0	0	223.065	782
30	28	0	0	0	0	198.465	783
30	28	0	0	0	0	215.296	784
30	28	0	0	0	0	219.782	785
30	28	0	0	0	0	186.753	786
30	29	0	0	0	0	213.326	787
27	29	0	0	0	0	197.02	788
27	28	0	0	0	0	186.28	789
28	28	0	0	0	0	201.971	790
27	28	0	0	0	0	200.636	791
27	28	0	0	0	0	188.988	792
27	27	0	0	0	0	178.024	793
26	27	0	0	0	0	173.413	794
25	27	0	0	0	0	186.09	795
23	26	0	0	0	0	154.449	796
23	29	0	0	0	0	165.684	797
23	29	0	0	0	0	176.268	798
24	29	0	0	0	0	194.651	799
24	29	0	0	0	0	180.687	800
24	28	0	0	0	0	175.519	801
22	28	0	0	0	0	157.092	802
22	28	0	0	0	0	171.435	803
22	28	0	0	0	0	164.201	804
22	28	0	0	0	0	161.795	805
17	28	0	0	0	0	148.322	806
17	27	0	0	0	0	163.362	807
17	27	0	0	0	0	131.316	808
17	26	0	0	0	0	136.612	809
17	26	0	0	0	0	139.02	810
17	25	0	0	0	0	162.019	811
17	25	0	0	0	0	107.391	812
18	25	0	0	0	0	143.4	813
19	25	0	0	0	0	149.636	814
19	25	0	0	0	0	144.097	815
19	25	0	0	0	0	138.857	816
19	25	0	0	0	0	138.622	817
19	23	0	0	0	0	113.845	818
19	25	0	0	0	0	145.818	819
19	25	0	0	0	0	151.757	820
19	25	0	0	0	0	160.512	821
19	25	0	0	0	0	130.624	822
20	25	0	0	0	0	130.075	823
20	25	0	0	0	0	143.617	824
18	25	0	0	0	0	156.823	825
19	25	0	0	0	0	161.577	826
20	25	0	0	0	0	148.031	827
20	25	0	0	0	0	122.461	828
20	24	0	0	0	0	150.071	829
19	22	0	0	0	0	124.366	830
19	22	0	0	0	0	133.554	831
19	22	0	0	0	0	152.241	832
20	22	0	0	0	0	125.263	833
20	22	0	0	0	0	160.806	834
20	23	0	0	0	0	151.392	835
20	24	0	0	0	0	152.572	836
20	24	0	0	0	0	132.069	837
20	24	0	0	0	0	169.779	838
21	24	0	0	0	0	159.748	839
22	24	0	0	0	0	166.469	840
22	24	0	0	0	0	133.539	841
22	24	0	0	0	0	159.045	842
22	24	0	0	0	0	155.145	843
22	24	0	0	0	0	168.503	844
22	23	0	0	0	0	153.408	845
22	24	0	0	0	0	167.331	846
22	23	0	0	0	0	136.206	847
22	23	0	0	0	0	156.627	848
24	23	0	0	0	0	156.914	849
23	23	0	0	0	0	157.66	850
23	22	0	0	0	0	173.137	851
23	22	0	0	0	0	150.862	852
23	22	0	0	0	0	152.286	853
23	22	0	0	0	0	150.256	854
23	22	0	0	0	0	152.357	855
23	21	0	0	0	0	136.941	856
23	21	0	0	0	0	152.276	857
23	21	0	0	0	0	161.284	858
23	20	0	0	0	0	157.539	859
24	19	0	0	0	0	152.747	860
24	18	0	0	0	0	128.48	861
24	18	0	0	0	0	132.406	862
24	20	0	0	0	0	155.813	863
24	20	0	0	0	0	161.84	864
25	20	0	0	0	0	150.415	865
25	19	0	0	0	0	148.885	866
25	18	0	0	0	0	120.994	867
25	19	0	0	0	0	163.679	868
25	19	0	0	0	0	150.966	869
26	19	0	0	0	0	163.269	870
27	18	0	0	0	0	155.973	871
27	18	0	0	0	0	126.103	872
27	18	0	0	0	0	161.023	873
28	16	0	0	0	0	134.048	874
28	16	0	0	0	0	139.093	875
28	15	0	0	0	0	153.142	876
28	15	0	0	0	0	160.113	877
29	15	0	0	0	0	146.784	878
29	20	0	0	0	0	153.039	879
30	20	0	0	0	0	151.979	880
30	19	0	0	0	0	153.797	881
30	18	0	0	0	0	150.975	882
28	18	0	0	0	0	146.238	883
28	22	0	0	0	0	139.526	884
30	22	0	0	0	0	154.065	885
27	22	0	0	0	0	133.088	886
27	21	0	0	0	0	154.75	887
27	21	0	0	0	0	159.238	888
27	21	0	0	0	0	159.307	889
27	21	0	0	0	0	170.716	890
27	21	0	0	0	0	162.925	891
27	22	0	0	0	0	169.509	892
25	21	0	0	0	0	145.505	893
25	21	0	0	0	0	139.547	894
25	21	0	0	0	0	157.809	895
25	21	0	0	0	0	152.071	896
25	21	0	0	0	0	173.091	897
25	21	0	0	0	0	139.042	898
26	21	0	0	0	0	177.07	899
26	21	0	0	0	0	174.723	900
26	21	0	0	0	0	176.28	901
26	21	0	0	0	0	180.095	902
28	21	0	0	0	0	158.43	903
28	22	0	0	0	0	160.845	904
28	22	0	0	0	0	173.506	905
28	22	0	0	0	0	146.44	906
29	22	0	0	0	0	170.601	907
27	21	0	0	0	0	157.279	908
28	21	0	0	0	0	163.662	909
30	21	0	0	0	0	167.099	910
33	22	0	0	0	0	181.99	911
33	22	0	0	0	0	166.671	912
32	21	0	0	0	0	174.712	913
31	20	0	0	0	0	169.638	914
31	21	0	0	0	0	176.883	915
31	21	0	0	0	0	187.31	916
30	21	0	0	0	0	182.449	917
30	21	0	0	0	0	161.946	918
30	21	0	0	0	0	192.035	919
30	21	0	0	0	0	168.012	920
30	23	0	0	0	0	174.78	921
30	23	0	0	0	0	182.276	922
30	24	0	0	0	0	191.892	923
30	24	0	0	0	0	194.404	924
30	24	0	0	0	0	169.345	925
31	27	0	0	0	0	198.131	926
31	26	0	0	0	0	164.19	927
31	26	0	0	0	0	177.845	928
31	25	0	0	0	0	198.355	929
30	25	0	0	0	0	181.346	930
30	25	0	0	0	0	194.228	931
30	25	0	0	0	0	197.16	932
29	25	0	0	0	0	155.113	933
29	24	0	0	0	0	201.473	934
28	24	0	0	0	0	170.791	935
29	24	0	0	0	0	178.909	936
29	22	0	0	0	0	172.942	937
29	22	0	0	0	0	169.986	938
29	22	0	0	0	0	187.971	939
29	22	0	0	0	0	158.356	940
28	22	0	0	0	0	150.89	941
28	21	0	0	0	0	163.272	942
28	21	0	0	0	0	177.552	943
28	21	0	0	0	0	174.054	944
27	21	0	0	0	0	162.594	945
26	21	0	0	0	0	155.476	946
26	21	0	0	0	0	168.65	947
25	20	0	0	0	0	145.13	948
25	20	0	0	0	0	136.701	949
25	21	0	0	0	0	157.952	950
26	22	0	0	0	0	174.016	951
26	22	0	0	0	0	160.072	952
27	22	0	0	0	0	162.596	953
27	22	0	0	0	0	151.398	954
28	21	0	0	0	0	148.928	955
26	22	0	0	0	0	180.373	956
26	23	0	0	0	0	137.433	957
26	24	0	0	0	0	181.784	958
26	24	0	0	0	0	174.153	959
26	25	0	0	0	0	173	960
27	24	0	0	0	0	168.437	961
27	24	0	0	0	0	178.297	962
27	23	0	0	0	0	179.877	963
28	22	0	0	0	0	135.372	964
29	22	0	0	0	0	180.751	965
28	22	0	0	0	0	179.58	966
28	24	0	0	0	0	179.897	967
28	23	0	0	0	0	133.524	968
28	22	0	0	0	0	145.207	969
29	21	0	0	0	0	179.412	970
31	21	0	0	0	0	168.459	971
32	21	0	0	0	0	195.838	972
32	20	0	0	0	0	185.275	973
30	20	0	0	0	0	186.333	974
31	20	0	0	0	0	179.113	975
29	20	0	0	0	0	141.739	976
29	20	0	0	0	0	164.92	977
29	21	0	0	0	0	166.065	978
30	21	0	0	0	0	145.377	979
30	20	0	0	0	0	181.898	980
29	20	0	0	0	0	155.111	981
29	20	0	0	0	0	154.771	982
29	20	0	0	0	0	164.816	983
29	19	0	0	0	0	168.558	984
30	19	0	0	0	0	136.503	985
30	20	0	0	0	0	183.015	986
30	20	0	0	0	0	140.956	987
30	20	0	0	0	0	169.76	988
29	20	0	0	0	0	170.007	989
28	19	0	0	0	0	161.485	990
28	20	0	0	0	0	167.322	991
28	19	0	0	0	0	146.355	992
28	19	0	0	0	0	179.659	993
28	19	0	0	0	0	160.178	994
28	20	0	0	0	0	165.627	995
29	20	0	0	0	0	149.217	996
29	20	0	0	0	0	154.818	997
29	20	0	0	0	0	158.163	998
29	20	0	0	0	0	160.569	999
29	20	0	0	0	0	128.896	1000
29	19	0	0	0	0	129.788	1001
29	19	0	0	0	0	174.545	1002
28	19	0	0	0	0	177.573	1003
28	19	0	0	0	0	165.074	1004
28	19	0	0	0	0	166.858	1005
28	19	0	0	0	0	176.053	1006
29	18	0	0	0	0	151.879	1007
29	19	0	0	0	0	148.139	1008
30	19	0	0	0	0	168.102	1009
30	18	0	0	0	0	167.29	1010
30	18	0	0	0	0	164.579	1011
30	18	0	0	0	0	160.909	1012
31	18	0	0	0	0	172.19	1013
33	18	0	0	0	0	159.672	1014
33	18	0	0	0	0	179.377	1015
32	18	0	0	0	0	154.788	1016
33	17	0	0	0	0	157.927	1017
34	17	0	0	0	0	172.414	1018
34	17	0	0	0	0	169.378	1019
34	17	0	0	0	0	188.619	1020
34	17	0	0	0	0	188.804	1021
34	18	0	0	0	0	184.031	1022
34	18	0	0	0	0	187.012	1023
34	21	0	0	0	0	183.536	1024
34	19	0	0	0	0	176.802	1025
34	19	0	0	0	0	172.011	1026
34	19	0	0	0	0	170.975	1027
34	19	0	0	0	0	168.845	1028
35	20	0	0	0	0	176.953	1029
34	20	0	0	0	0	170.123	1030
34	20	0	0	0	0	181.38	1031
34	18	0	0	0	0	186.088	1032
33	18	0	0	0	0	182.522	1033
33	18	0	0	0	0	175.495	1034
33	18	0	0	0	0	169.831	1035
32	17	0	0	0	0	167.924	1036
31	17	0	0	0	0	172.904	1037
31	17	0	0	0	0	161.426	1038
32	18	0	0	0	0	143.184	1039
31	19	0	0	0	0	181.239	1040
31	19	0	0	0	0	187.316	1041
31	19	0	0	0	0	185.714	1042
30	19	0	0	0	0	160.364	1043
30	19	0	0	0	0	162.47	1044
30	19	0	0	0	0	176.77	1045
31	20	0	0	0	0	178.726	1046
31	20	0	0	0	0	183.973	1047
30	21	0	0	0	0	147.77	1048
30	22	0	0	0	0	191.534	1049
30	22	0	0	0	0	178.134	1050
30	22	0	0	0	0	178.086	1051
29	30	0	0	0	0	167.834	1052
29	31	0	0	0	0	212.732	1053
29	31	0	0	0	0	223.451	1054
30	31	0	0	0	0	202.633	1055
29	31	0	0	0	0	199.842	1056
30	31	0	0	0	0	195.935	1057
28	31	0	0	0	0	193.925	1058
27	30	0	0	0	0	193.427	1059
28	30	0	0	0	0	202.717	1060
24	30	0	0	0	0	191.927	1061
25	30	0	0	0	0	198.031	1062
24	31	0	0	0	0	195.141	1063
25	31	0	0	0	0	195.953	1064
25	30	0	0	0	0	189.944	1065
25	29	0	0	0	0	200.844	1066
25	29	0	0	0	0	162.264	1067
25	29	0	0	0	0	201.105	1068
25	29	0	0	0	0	201.452	1069
25	29	0	0	0	0	181.09	1070
25	28	0	0	0	0	198.809	1071
25	28	0	0	0	0	187.349	1072
25	28	0	0	0	0	196.23	1073
25	28	0	0	0	0	172.181	1074
25	28	0	0	0	0	194.445	1075
25	28	0	0	0	0	197.548	1076
25	31	0	0	0	0	182.447	1077
25	32	0	0	0	0	194.894	1078
25	32	0	0	0	0	218.413	1079
24	32	0	0	0	0	182.874	1080
24	32	0	0	0	0	192.556	1081
24	31	0	0	0	0	192.836	1082
24	31	0	0	0	0	213.969	1083
25	31	0	0	0	0	194.091	1084
26	31	0	0	0	0	189.297	1085
24	29	0	0	0	0	190.279	1086
25	29	0	0	0	0	169.296	1087
25	29	0	0	0	0	206.342	1088
25	29	0	0	0	0	195.665	1089
25	29	0	0	0	0	191.17	1090
26	28	0	0	0	0	179.075	1091
28	28	0	0	0	0	183.08	1092
29	28	0	0	0	0	177.667	1093
29	29	0	0	0	0	209.073	1094
29	29	0	0	0	0	204.471	1095
29	31	0	0	0	0	217.34	1096
30	32	0	0	0	0	198.391	1097
30	32	0	0	0	0	205.02	1098
30	32	0	0	0	0	214.085	1099
29	32	0	0	0	0	205.763	1100
29	32	0	0	0	0	204.441	1101
29	31	0	0	0	0	204.978	1102
27	30	0	0	0	0	193.666	1103
28	30	0	0	0	0	163.908	1104
26	30	0	0	0	0	208.34	1105
25	30	0	0	0	0	203.202	1106
25	31	0	0	0	0	212.635	1107
25	31	0	0	0	0	173.087	1108
26	31	0	0	0	0	207.576	1109
27	30	0	0	0	0	190.44	1110
26	30	0	0	0	0	189.538	1111
26	33	0	0	0	0	210.125	1112
26	33	0	0	0	0	179.229	1113
23	33	0	0	0	0	186.389	1114
22	34	0	0	0	0	195.818	1115
22	34	0	0	0	0	173.108	1116
23	33	0	0	0	0	201.274	1117
24	33	0	0	0	0	215.633	1118
24	33	0	0	0	0	174.901	1119
24	34	0	0	0	0	203.72	1120
24	35	0	0	0	0	202.382	1121
24	37	0	0	0	0	221.237	1122
24	37	0	0	0	0	190.726	1123
24	39	0	0	0	0	196.753	1124
26	39	0	0	0	0	209.561	1125
26	40	0	0	0	0	215.809	1126
27	40	0	0	0	0	186.571	1127
27	40	0	0	0	0	197.593	1128
26	41	0	0	0	0	183.688	1129
28	42	0	0	0	0	212.47	1130
27	42	0	0	0	0	207.01	1131
27	45	0	0	0	0	239.669	1132
26	45	0	0	0	0	228.031	1133
25	45	0	0	0	0	247.65	1134
25	45	0	0	0	0	240.287	1135
25	44	0	0	0	0	242.117	1136
25	45	0	0	0	0	265.432	1137
25	45	0	0	0	0	227.311	1138
25	45	0	0	0	0	226.379	1139
26	45	0	0	0	0	260.016	1140
25	45	0	0	0	0	234.119	1141
25	45	0	0	0	0	250.691	1142
25	45	0	0	0	0	254.757	1143
25	45	0	0	0	0	250.974	1144
26	44	0	0	0	0	245.556	1145
25	45	0	0	0	0	225.081	1146
25	46	0	0	0	0	237.528	1147
25	46	0	0	0	0	235.299	1148
25	46	0	0	0	0	237.919	1149
25	46	0	0	0	0	229.196	1150
25	46	0	0	0	0	220.767	1151
25	45	0	0	0	0	265.111	1152
25	45	0	0	0	0	243.686	1153
25	45	0	0	0	0	262.15	1154
25	45	0	0	0	0	239.375	1155
25	45	0	0	0	0	257.578	1156
25	43	0	0	0	0	205.866	1157
26	42	0	0	0	0	200.399	1158
26	41	0	0	0	0	220.82	1159
25	41	0	0	0	0	222.257	1160
25	39	0	0	0	0	215.26	1161
27	39	0	0	0	0	243.54	1162
27	39	0	0	0	0	247.415	1163
27	39	0	0	0	0	199.398	1164
24	39	0	0	0	0	210.194	1165
24	39	0	0	0	0	233.813	1166
24	39	0	0	0	0	213.507	1167
24	38	0	0	0	0	228.246	1168
23	38	0	0	0	0	206.575	1169
23	38	0	0	0	0	214.47	1170
23	39	0	0	0	0	236.045	1171
23	39	0	0	0	0	175.471	1172
23	39	0	0	0	0	222.989	1173
23	38	0	0	0	0	142.323	1174
23	38	0	0	0	0	203.777	1175
23	39	0	0	0	0	175.075	1176
23	38	0	0	0	0	207.924	1177
23	38	0	0	0	0	184.584	1178
23	37	0	0	0	0	181.23	1179
22	37	0	0	0	0	197.778	1180
22	37	0	0	0	0	173.851	1181
22	37	0	0	0	0	200.894	1182
21	36	0	0	0	0	185.067	1183
21	36	0	0	0	0	183.895	1184
22	35	0	0	0	0	158.823	1185
22	35	0	0	0	0	181.759	1186
22	35	0	0	0	0	175.814	1187
22	35	0	0	0	0	174.914	1188
23	34	0	0	0	0	184.185	1189
23	32	0	0	0	0	178.617	1190
23	31	0	0	0	0	177.639	1191
23	31	0	0	0	0	183.872	1192
23	27	0	0	0	0	138.454	1193
23	26	0	0	0	0	157.092	1194
23	25	0	0	0	0	180.123	1195
23	25	0	0	0	0	175.581	1196
22	25	0	0	0	0	146.293	1197
22	25	0	0	0	0	173.502	1198
21	25	0	0	0	0	161.078	1199
21	25	0	0	0	0	173.073	1200
21	25	0	0	0	0	137.685	1201
23	22	0	0	0	0	147.57	1202
23	21	0	0	0	0	131.996	1203
22	21	0	0	0	0	161.898	1204
22	21	0	0	0	0	158.029	1205
22	21	0	0	0	0	165.73	1206
22	21	0	0	0	0	140.343	1207
23	22	0	0	0	0	140.347	1208
24	22	0	0	0	0	141.871	1209
26	22	0	0	0	0	169.759	1210
26	22	0	0	0	0	169.671	1211
26	22	0	0	0	0	174.686	1212
27	22	0	0	0	0	164.913	1213
27	22	0	0	0	0	176.666	1214
28	21	0	0	0	0	155.701	1215
28	23	0	0	0	0	156.807	1216
29	23	0	0	0	0	170.434	1217
29	23	0	0	0	0	194.712	1218
29	23	0	0	0	0	191.786	1219
30	23	0	0	0	0	178.874	1220
31	23	0	0	0	0	190.492	1221
31	22	0	0	0	0	169.815	1222
31	22	0	0	0	0	178.612	1223
30	22	0	0	0	0	198.432	1224
30	23	0	0	0	0	173.875	1225
30	23	0	0	0	0	159.158	1226
30	22	0	0	0	0	178.983	1227
30	23	0	0	0	0	183.482	1228
31	22	0	0	0	0	179.045	1229
31	22	0	0	0	0	178.43	1230
31	22	0	0	0	0	183.29	1231
31	22	0	0	0	0	177.928	1232
32	23	0	0	0	0	171.034	1233
26	23	0	0	0	0	152.978	1234
26	23	0	0	0	0	174.01	1235
26	23	0	0	0	0	166.489	1236
26	23	0	0	0	0	131.525	1237
26	23	0	0	0	0	163.254	1238
26	22	0	0	0	0	174.274	1239
26	23	0	0	0	0	173.489	1240
26	27	0	0	0	0	157.476	1241
26	28	0	0	0	0	194.868	1242
26	29	0	0	0	0	193.475	1243
26	29	0	0	0	0	185.724	1244
26	29	0	0	0	0	200.604	1245
26	29	0	0	0	0	172.735	1246
26	29	0	0	0	0	189.056	1247
26	29	0	0	0	0	202.98	1248
26	30	0	0	0	0	209.055	1249
26	31	0	0	0	0	194.652	1250
26	32	0	0	0	0	206.322	1251
23	31	0	0	0	0	168.692	1252
23	30	0	0	0	0	198.467	1253
23	30	0	0	0	0	177.114	1254
24	29	0	0	0	0	172.54	1255
24	28	0	0	0	0	179.581	1256
23	25	0	0	0	0	127.801	1257
23	25	0	0	0	0	174.137	1258
21	25	0	0	0	0	170.834	1259
21	25	0	0	0	0	166.213	1260
20	24	0	0	0	0	131.111	1261
20	24	0	0	0	0	159.129	1262
20	25	0	0	0	0	115.193	1263
20	26	0	0	0	0	152.158	1264
19	25	0	0	0	0	133.421	1265
19	25	0	0	0	0	153.13	1266
18	25	0	0	0	0	144.408	1267
18	28	0	0	0	0	165.655	1268
18	28	0	0	0	0	140.229	1269
17	29	0	0	0	0	155.569	1270
17	29	0	0	0	0	163.854	1271
17	29	0	0	0	0	171.64	1272
17	30	0	0	0	0	159.154	1273
17	30	0	0	0	0	165.219	1274
15	29	0	0	0	0	155.859	1275
15	30	0	0	0	0	165.449	1276
14	30	0	0	0	0	143.044	1277
15	30	0	0	0	0	163.949	1278
15	31	0	0	0	0	168.343	1279
15	31	0	0	0	0	175.164	1280
15	31	0	0	0	0	173.563	1281
15	31	0	0	0	0	177.36	1282
15	32	0	0	0	0	118.816	1283
15	32	0	0	0	0	164.312	1284
16	32	0	0	0	0	181.788	1285
16	32	0	0	0	0	139.735	1286
16	32	0	0	0	0	185.944	1287
16	32	0	0	0	0	176.98	1288
16	32	0	0	0	0	181.411	1289
16	34	0	0	0	0	160.728	1290
16	34	0	0	0	0	175.468	1291
16	33	0	0	0	0	168.409	1292
17	35	0	0	0	0	182.198	1293
17	35	0	0	0	0	168.493	1294
17	35	0	0	0	0	192.93	1295
17	33	0	0	0	0	191.799	1296
17	33	0	0	0	0	155.196	1297
16	33	0	0	0	0	189.385	1298
16	33	0	0	0	0	188.443	1299
16	34	0	0	0	0	190.12	1300
17	34	0	0	0	0	188.736	1301
17	34	0	0	0	0	165.038	1302
17	34	0	0	0	0	167.643	1303
17	33	0	0	0	0	177.234	1304
17	34	0	0	0	0	188.354	1305
17	33	0	0	0	0	190.928	1306
17	33	0	0	0	0	155.391	1307
17	33	0	0	0	0	171.709	1308
17	33	0	0	0	0	194.307	1309
17	33	0	0	0	0	193.645	1310
17	33	0	0	0	0	140.152	1311
15	32	0	0	0	0	153.142	1312
16	31	0	0	0	0	176.437	1313
17	32	0	0	0	0	164.18	1314
17	32	0	0	0	0	167.503	1315
17	33	0	0	0	0	172.46	1316
17	33	0	0	0	0	165.594	1317
18	37	0	0	0	0	178.921	1318
18	37	0	0	0	0	186.905	1319
19	37	0	0	0	0	178.953	1320
20	37	0	0	0	0	173.607	1321
20	36	0	0	0	0	159.842	1322
21	39	0	0	0	0	216.898	1323
22	39	0	0	0	0	221.45	1324
21	39	0	0	0	0	212.483	1325
23	38	0	0	0	0	205.626	1326
22	35	0	0	0	0	154.643	1327
23	35	0	0	0	0	161.074	1328
24	33	0	0	0	0	159.206	1329
24	33	0	0	0	0	180.55	1330
25	33	0	0	0	0	186.576	1331
23	33	0	0	0	0	168.581	1332
22	32	0	0	0	0	167.663	1333
23	31	0	0	0	0	160.475	1334
23	31	0	0	0	0	180.906	1335
23	32	0	0	0	0	183.689	1336
23	32	0	0	0	0	178.831	1337
23	32	0	0	0	0	154.164	1338
22	32	0	0	0	0	197.877	1339
22	32	0	0	0	0	189.042	1340
22	46	0	0	0	0	184.893	1341
23	48	0	0	0	0	247.71	1342
23	49	0	0	0	0	255.703	1343
22	49	0	0	0	0	237.015	1344
22	49	0	0	0	0	244.332	1345
23	49	0	0	0	0	236.471	1346
23	49	0	0	0	0	252.746	1347
23	48	0	0	0	0	273.141	1348
22	48	0	0	0	0	261.227	1349
22	48	0	0	0	0	231.007	1350
23	48	0	0	0	0	254.445	1351
23	48	0	0	0	0	248.017	1352
23	48	0	0	0	0	258.331	1353
23	48	0	0	0	0	254.145	1354
24	47	0	0	0	0	257.281	1355
24	47	0	0	0	0	260.544	1356
24	45	0	0	0	0	226.187	1357
24	45	0	0	0	0	232.631	1358
24	44	0	0	0	0	261.754	1359
27	44	0	0	0	0	238.82	1360
27	48	0	0	0	0	225.958	1361
28	50	0	0	0	0	264.192	1362
28	50	0	0	0	0	295.853	1363
28	50	0	0	0	0	258.696	1364
28	50	0	0	0	0	273.474	1365
28	49	0	0	0	0	255.164	1366
28	49	0	0	0	0	266.943	1367
28	49	0	0	0	0	273.005	1368
28	50	0	0	0	0	289.051	1369
25	50	0	0	0	0	251.98	1370
24	50	0	0	0	0	274.463	1371
24	47	0	0	0	0	217.045	1372
24	49	0	0	0	0	273.925	1373
24	48	0	0	0	0	236.993	1374
24	48	0	0	0	0	277.805	1375
24	50	0	0	0	0	264.991	1376
23	50	0	0	0	0	253.588	1377
23	49	0	0	0	0	256.309	1378
23	50	0	0	0	0	265.77	1379
22	48	0	0	0	0	229.104	1380
22	48	0	0	0	0	267.955	1381
22	48	0	0	0	0	255.302	1382
22	48	0	0	0	0	273.174	1383
22	50	0	0	0	0	231.845	1384
23	50	0	0	0	0	277.756	1385
23	49	0	0	0	0	248.219	1386
23	48	0	0	0	0	255.945	1387
23	48	0	0	0	0	246.063	1388
23	48	0	0	0	0	157.326	1389
23	48	0	0	0	0	254.584	1390
23	50	0	0	0	0	255.683	1391
23	50	0	0	0	0	230.881	1392
23	50	0	0	0	0	236.652	1393
23	48	0	0	0	0	210.539	1394
24	48	0	0	0	0	223.101	1395
25	48	0	0	0	0	281.349	1396
25	48	0	0	0	0	243.173	1397
26	46	0	0	0	0	197.172	1398
26	47	0	0	0	0	267.863	1399
24	47	0	0	0	0	252.835	1400
24	48	0	0	0	0	233.862	1401
25	48	0	0	0	0	247.019	1402
25	49	0	0	0	0	276.847	1403
25	48	0	0	0	0	244.177	1404
24	48	0	0	0	0	263.996	1405
24	48	0	0	0	0	279.436	1406
24	48	0	0	0	0	211.91	1407
24	48	0	0	0	0	232.218	1408
24	48	0	0	0	0	279.006	1409
24	48	0	0	0	0	210.632	1410
25	49	0	0	0	0	219.931	1411
25	49	0	0	0	0	225.179	1412
25	49	0	0	0	0	223.092	1413
26	49	0	0	0	0	201.335	1414
31	49	0	0	0	0	233.799	1415
33	49	0	0	0	0	236.519	1416
32	48	0	0	0	0	226.161	1417
32	46	0	0	0	0	244.089	1418
33	46	0	0	0	0	242.931	1419
33	45	0	0	0	0	283.258	1420
33	45	0	0	0	0	267.217	1421
33	46	0	0	0	0	267.83	1422
33	47	0	0	0	0	287.499	1423
33	45	0	0	0	0	254.307	1424
33	45	0	0	0	0	269.54	1425
33	45	0	0	0	0	270.17	1426
33	46	0	0	0	0	269.807	1427
33	46	0	0	0	0	265.205	1428
34	44	0	0	0	0	286.413	1429
34	44	0	0	0	0	290.54	1430
34	42	0	0	0	0	272.6	1431
34	42	0	0	0	0	269.283	1432
34	40	0	0	0	0	267.054	1433
34	38	0	0	0	0	249.385	1434
34	36	0	0	0	0	266.311	1435
34	35	0	0	0	0	211.811	1436
36	35	0	0	0	0	230.004	1437
36	36	0	0	0	0	239.396	1438
36	37	0	0	0	0	265.139	1439
37	37	0	0	0	0	241.935	1440
37	37	0	0	0	0	261.767	1441
38	37	0	0	0	0	275.157	1442
38	37	0	0	0	0	249.338	1443
38	38	0	0	0	0	248.275	1444
38	37	0	0	0	0	286.669	1445
36	37	0	0	0	0	249.91	1446
36	37	0	0	0	0	245.908	1447
37	38	0	0	0	0	243.095	1448
37	37	0	0	0	0	256.626	1449
37	37	0	0	0	0	274.212	1450
37	37	0	0	0	0	251.328	1451
36	37	0	0	0	0	268.804	1452
36	37	0	0	0	0	249.901	1453
36	42	0	0	0	0	282.561	1454
36	44	0	0	0	0	261.313	1455
37	48	0	0	0	0	305.445	1456
38	47	0	0	0	0	279.461	1457
38	47	0	0	0	0	287.105	1458
38	47	0	0	0	0	291.301	1459
38	47	0	0	0	0	253.446	1460
38	46	0	0	0	0	252.148	1461
38	47	0	0	0	0	273.978	1462
37	47	0	0	0	0	280.147	1463
37	47	0	0	0	0	246.265	1464
34	46	0	0	0	0	252.867	1465
34	47	0	0	0	0	278.104	1466
34	48	0	0	0	0	280.965	1467
33	45	0	0	0	0	221.201	1468
34	45	0	0	0	0	266.617	1469
34	47	0	0	0	0	262.232	1470
35	47	0	0	0	0	280.068	1471
35	48	0	0	0	0	312.032	1472
35	47	0	0	0	0	295.179	1473
36	46	0	0	0	0	265.056	1474
36	46	0	0	0	0	306.022	1475
37	45	0	0	0	0	285.156	1476
36	44	0	0	0	0	240	1477
36	45	0	0	0	0	284.81	1478
35	47	0	0	0	0	241.375	1479
36	47	0	0	0	0	275.256	1480
37	47	0	0	0	0	279.638	1481
38	47	0	0	0	0	322.511	1482
38	47	0	0	0	0	301.149	1483
37	47	0	0	0	0	313.932	1484
37	47	0	0	0	0	239.18	1485
39	48	0	0	0	0	321.84	1486
41	48	0	0	0	0	304.178	1487
41	48	0	0	0	0	308.624	1488
41	47	0	0	0	0	326.199	1489
41	44	0	0	0	0	269.308	1490
43	44	0	0	0	0	329.83	1491
43	44	0	0	0	0	319.283	1492
43	44	0	0	0	0	322.259	1493
43	43	0	0	0	0	321.393	1494
43	43	0	0	0	0	316.989	1495
43	44	0	0	0	0	323.499	1496
43	44	0	0	0	0	333.411	1497
42	44	0	0	0	0	304.944	1498
43	44	0	0	0	0	299.917	1499
44	43	0	0	0	0	279.131	1500
45	43	0	0	0	0	336.479	1501
45	42	0	0	0	0	291.791	1502
45	44	0	0	0	0	316.955	1503
45	44	0	0	0	0	321.927	1504
44	43	0	0	0	0	276.595	1505
44	43	0	0	0	0	303.307	1506
45	43	0	0	0	0	263.845	1507
44	44	0	0	0	0	295.833	1508
44	44	0	0	0	0	240.597	1509
38	45	0	0	0	0	256.092	1510
39	44	0	0	0	0	295.377	1511
39	43	0	0	0	0	297.067	1512
39	43	0	0	0	0	262.717	1513
39	43	0	0	0	0	260.94	1514
40	43	0	0	0	0	295.204	1515
40	45	0	0	0	0	297.214	1516
40	43	0	0	0	0	283.644	1517
40	43	0	0	0	0	283.794	1518
40	43	0	0	0	0	325.186	1519
40	44	0	0	0	0	299.12	1520
41	44	0	0	0	0	309.663	1521
41	44	0	0	0	0	307.281	1522
41	42	0	0	0	0	286.323	1523
41	41	0	0	0	0	301.016	1524
39	39	0	0	0	0	301.304	1525
39	39	0	0	0	0	296.752	1526
39	39	0	0	0	0	207.941	1527
40	39	0	0	0	0	243.941	1528
40	39	0	0	0	0	290.181	1529
41	39	0	0	0	0	304.173	1530
42	39	0	0	0	0	294.673	1531
42	38	0	0	0	0	246.47	1532
42	39	0	0	0	0	297.139	1533
43	39	0	0	0	0	300.212	1534
43	38	0	0	0	0	257.576	1535
43	38	0	0	0	0	313.653	1536
44	38	0	0	0	0	275.921	1537
45	37	0	0	0	0	276.583	1538
46	37	0	0	0	0	299.826	1539
46	37	0	0	0	0	303.098	1540
47	37	0	0	0	0	286.262	1541
48	36	0	0	0	0	287.089	1542
51	48	0	0	0	0	314.696	1543
49	50	0	0	0	0	335.322	1544
48	50	0	0	0	0	340.936	1545
48	51	0	0	0	0	326.655	1546
49	51	0	0	0	0	329.396	1547
47	51	0	0	0	0	340.113	1548
47	50	0	0	0	0	357.377	1549
47	50	0	0	0	0	359.971	1550
48	51	0	0	0	0	348.239	1551
46	51	0	0	0	0	285.219	1552
46	51	0	0	0	0	360.716	1553
46	52	0	0	0	0	356.918	1554
46	53	0	0	0	0	348.345	1555
46	53	0	0	0	0	340.887	1556
46	52	0	0	0	0	350.871	1557
46	52	0	0	0	0	342.413	1558
47	51	0	0	0	0	347.893	1559
48	50	0	0	0	0	307.981	1560
49	51	0	0	0	0	351.268	1561
48	53	0	0	0	0	362.509	1562
50	53	0	0	0	0	380.736	1563
50	52	0	0	0	0	339.82	1564
51	52	0	0	0	0	369.348	1565
52	53	0	0	0	0	363.776	1566
52	53	0	0	0	0	342.54	1567
53	55	0	0	0	0	378.728	1568
54	55	0	0	0	0	387.885	1569
52	54	0	0	0	0	386.467	1570
50	54	0	0	0	0	364.638	1571
50	54	0	0	0	0	364.813	1572
50	51	0	0	0	0	298.01	1573
50	50	0	0	0	0	371.806	1574
52	50	0	0	0	0	372.07	1575
52	49	0	0	0	0	369.973	1576
52	49	0	0	0	0	340.334	1577
53	50	0	0	0	0	373.942	1578
54	50	0	0	0	0	375.259	1579
54	49	0	0	0	0	343.062	1580
54	49	0	0	0	0	344.661	1581
52	49	0	0	0	0	376.778	1582
53	48	0	0	0	0	319.094	1583
53	44	0	0	0	0	315.443	1584
53	44	0	0	0	0	297.922	1585
53	44	0	0	0	0	352.83	1586
49	44	0	0	0	0	314.948	1587
49	43	0	0	0	0	342.878	1588
49	41	0	0	0	0	317.415	1589
49	42	0	0	0	0	333.53	1590
49	41	0	0	0	0	337.524	1591
49	41	0	0	0	0	327.303	1592
49	41	0	0	0	0	311.254	1593
49	41	0	0	0	0	312.166	1594
50	40	0	0	0	0	315.615	1595
50	40	0	0	0	0	310.986	1596
50	40	0	0	0	0	319.3	1597
51	39	0	0	0	0	323.06	1598
51	39	0	0	0	0	313.019	1599
53	37	0	0	0	0	316.864	1600
54	37	0	0	0	0	285.359	1601
54	37	0	0	0	0	312.482	1602
54	37	0	0	0	0	328.128	1603
54	36	0	0	0	0	297.239	1604
53	37	0	0	0	0	295.797	1605
53	37	0	0	0	0	332.748	1606
52	37	0	0	0	0	289.975	1607
52	37	0	0	0	0	287.249	1608
53	37	0	0	0	0	316.2	1609
54	37	0	0	0	0	340.508	1610
54	36	0	0	0	0	316.859	1611
54	35	0	0	0	0	309.126	1612
55	35	0	0	0	0	314.637	1613
54	35	0	0	0	0	313.185	1614
54	35	0	0	0	0	323.673	1615
53	35	0	0	0	0	330.148	1616
53	34	0	0	0	0	302.934	1617
54	35	0	0	0	0	325.717	1618
53	34	0	0	0	0	301.705	1619
53	33	0	0	0	0	297.84	1620
53	33	0	0	0	0	265.438	1621
53	33	0	0	0	0	263.523	1622
54	34	0	0	0	0	261.761	1623
37	25	0	0	0	0	213.68	1624
37	25	0	0	0	0	209.789	1625
37	25	0	0	0	0	229.108	1626
37	25	0	0	0	0	208.071	1627
37	27	0	0	0	0	214.215	1628
36	26	0	0	0	0	202.406	1629
36	26	0	0	0	0	209.936	1630
36	26	0	0	0	0	202.621	1631
34	26	0	0	0	0	207.654	1632
34	25	0	0	0	0	202.439	1633
34	25	0	0	0	0	208.068	1634
34	25	0	0	0	0	221.214	1635
33	25	0	0	0	0	204.606	1636
32	25	0	0	0	0	197.561	1637
32	25	0	0	0	0	205.481	1638
32	25	0	0	0	0	212.21	1639
31	25	0	0	0	0	199.758	1640
30	24	0	0	0	0	186.811	1641
29	24	0	0	0	0	176.997	1642
29	25	0	0	0	0	201.802	1643
28	25	0	0	0	0	182.912	1644
28	24	0	0	0	0	176.026	1645
28	23	0	0	0	0	180.051	1646
28	23	0	0	0	0	170.443	1647
28	23	0	0	0	0	183.281	1648
27	23	0	0	0	0	181.97	1649
25	23	0	0	0	0	165.026	1650
24	22	0	0	0	0	162.492	1651
24	22	0	0	0	0	156.971	1652
24	22	0	0	0	0	170.947	1653
24	22	0	0	0	0	162.488	1654
24	22	0	0	0	0	160.701	1655
24	22	0	0	0	0	153.444	1656
24	22	0	0	0	0	165.87	1657
23	22	0	0	0	0	160.455	1658
23	22	0	0	0	0	160.96	1659
