unique_top_cov	unique_bot_cov	redundant_top_cov	redundant_bot_cov	raw_redundant_top_cov	raw_redundant_bot_cov	e_value	position
0	0	0	0	0	0	nan	1
0	0	0	0	0	0	nan	2
0	0	0	0.666667	0	2	nan	3
0	0	0	0.666667	0	2	nan	4
0	0	0	0.666667	0	2	nan	5
0	0	0	0.666667	0	2	nan	6
0	0	0.333333	0.666667	1	2	nan	7
0	0	0.333333	0.666667	1	2	nan	8
0	0	0.333333	1.33333	1	4	nan	9
0	0	0.333333	1.33333	1	4	nan	10
0	0	0.333333	1.66667	1	5	nan	11
0	0	0.333333	1.66667	1	5	nan	12
0	0	0.333333	1.66667	1	5	nan	13
0	0	0.333333	1.66667	1	5	nan	14
0	0	0.333333	1.66667	1	5	nan	15
0	0	0.333333	1.66667	1	5	nan	16
0	0	0.333333	1.66667	1	5	nan	17
0	0	0.333333	1.66667	1	5	nan	18
0	0	0.666667	1.66667	2	5	nan	19
0	0	0.666667	1.66667	2	5	nan	20
0	0	0.666667	1.66667	2	5	nan	21
0	0	0.666667	1.66667	2	5	nan	22
0	0	0.666667	1.66667	2	5	nan	23
0	0	0.666667	1.66667	2	5	nan	24
0	0	0.666667	1.66667	2	5	nan	25
0	0	0.666667	1.66667	2	5	nan	26
0	0	0.666667	1.66667	2	5	nan	27
0	0	0.666667	1.66667	2	5	nan	28
0	0	0.666667	1.66667	2	5	nan	29
0	0	0.666667	1.66667	2	5	nan	30
0	0	0.666667	1.66667	2	5	nan	31
0	0	0.666667	1.66667	2	5	nan	32
0	0	0.666667	1.66667	2	5	nan	33
0	0	0.666667	1.66667	2	5	nan	34
0	0	0.666667	1.66667	2	5	nan	35
0	0	0.666667	1.66667	2	5	nan	36
0	0	0.666667	1.66667	2	5	nan	37
0	0	0.666667	1.66667	2	5	nan	38
0	0	0.666667	1.66667	2	5	nan	39
0	0	0.666667	1.66667	2	5	nan	40
0	0	0.666667	1.66667	2	5	nan	41
0	0	0.666667	1.66667	2	5	nan	42
0	0	0.333333	1.66667	1	5	nan	43
0	0	0.333333	1.66667	1	5	nan	44
0	0	0.333333	1.33333	1	4	nan	45
0	0	0.333333	1.33333	1	4	nan	46
0	0	0.333333	1.33333	1	4	nan	47
0	0	0.333333	1.33333	1	4	nan	48
0	0	0.333333	1.33333	1	4	nan	49
0	0	0.333333	1.33333	1	4	nan	50
0	0	0.333333	1.33333	1	4	nan	51
0	0	0.333333	1.33333	1	4	nan	52
0	0	0.333333	1.33333	1	4	nan	53
1	0	0.333333	1.33333	1	4	nan	54
1	0	0.333333	1.33333	1	4	-4.82991	55
1	0	0.333333	1.33333	1	4	-3.41773	56
1	0	0.333333	1	1	3	-3.05903	57
1	0	0.333333	1	1	3	-5.26386	58
1	0	0.333333	0.666667	1	2	-2.99111	59
1	0	0.333333	0.666667	1	2	-3.23178	60
1	0	0.333333	0.666667	1	2	-2.66271	61
2	0	0.333333	0.666667	1	2	-2.66271	62
2	0	0.333333	0.666667	1	2	1.45179	63
2	0	0.333333	0.666667	1	2	0.922333	64
2	0	0.333333	0.333333	1	1	1.49051	65
2	0	0.333333	0.333333	1	1	0.795627	66
2	0	0.333333	0	1	0	0.800438	67
2	0	0.333333	0	1	0	0.795627	68
2	0	0.333333	0	1	0	0.542567	69
2	0	0.333333	0	1	0	0.556089	70
2	0	0.333333	0	1	0	0.556089	71
2	0	0.333333	0	1	0	1.45179	72
2	0	0	0	0	0	-3.06026	73
2	0	0	0	0	0	1.0307	74
2	0	0	0	0	0	0.800438	75
2	0	0	0	0	0	-0.416875	76
2	0	0	0	0	0	-1.82727	77
2	1	0	0	0	0	-1.35116	78
2	1	0	0	0	0	4.48395	79
2	1	0	0	0	0	2.06455	80
2	1	0	0	0	0	4.50231	81
2	1	0	0	0	0	2.50094	82
2	1	0	0	0	0	4.53946	83
2	1	0	0	0	0	4.76292	84
2	1	0	0	0	0	4.48395	85
2	1	0	0	0	0	4.76292	86
2	1	0	0	0	0	4.70718	87
2	1	0	0	0	0	4.70718	88
2	1	0	0	0	0	4.76292	89
2	1	0	0	0	0	4.76292	90
2	1	0	0	0	0	1.91738	91
2	1	0	0	0	0	4.70718	92
2	1	0	0	0	0	4.76292	93
2	1	0	0	0	0	2.55141	94
2	1	0	0	0	0	5.05628	95
2	1	0	0	0	0	4.75459	96
2	1	0	0	0	0	5.05628	97
2	1	0	0	0	0	4.70718	98
2	1	0	0	0	0	4.09351	99
2	1	0	0	0	0	4.76292	100
2	1	0	0	0	0	4.76292	101
2	1	0	0	0	0	4.4473	102
2	1	0	0	0	0	4.75459	103
2	1	0	0	0	0	5.19621	104
3	1	0	0	0	0	4.35624	105
3	1	0	0	0	0	4.4473	106
3	1	0	0	0	0	4.76292	107
3	1	0	0	0	0	4.4473	108
3	1	0	0	0	0	6.39698	109
3	1	0	0	0	0	8.39615	110
3	1	0	0	0	0	5.47843	111
3	1	0	0	0	0	8.54448	112
4	1	0	0	0	0	8.6488	113
4	1	0	0	0	0	8.44507	114
4	1	0	0	0	0	12.1365	115
4	1	0	0	0	0	12.1296	116
4	2	0	0	0	0	9.56854	117
4	2	0	0	0	0	8.2502	118
4	2	0	0	0	0	12.3762	119
4	2	0	0	0	0	15.9947	120
4	2	0	0	0	0	13.0807	121
4	3	0	0.5	0	1	15.6164	122
4	3	0	0.5	0	1	21.492	123
4	3	0	0.5	0	1	18.6822	124
4	3	0	0.5	0	1	17.6311	125
4	3	0	0.5	0	1	19.4155	126
4	3	0	0.5	0	1	20.0314	127
4	3	0	0.5	0	1	20.226	128
4	3	0	0.5	0	1	15.0445	129
4	3	0	0.5	0	1	21.1608	130
4	3	0	0.5	0	1	19.7108	131
4	3	0	0.5	0	1	20.6849	132
4	3	0	0.5	0	1	21.2121	133
4	3	0	0.5	0	1	21.1646	134
4	3	0	0.5	0	1	19.5297	135
4	3	0	0.5	0	1	20.9683	136
5	3	0	0.5	0	1	19.0531	137
5	3	0	0.5	0	1	19.8092	138
5	3	0	0.5	0	1	22.8776	139
6	3	0	0.5	0	1	19.0692	140
6	3	0	0.5	0	1	23.5592	141
6	3	0	0.5	0	1	24.9836	142
6	3	0	0.5	0	1	24.2425	143
6	3	0	0.5	0	1	23.2804	144
5	3	0	0.5	0	1	22.2376	145
6	3	0	0.5	0	1	22.8151	146
6	3	0	0.5	0	1	22.3432	147
6	3	0	0.5	0	1	29.6177	148
6	3	0	0.5	0	1	24.7684	149
6	3	0	0.5	0	1	27.6687	150
6	3	0	0.5	0	1	24.7929	151
6	2	0	0.5	0	1	19.7586	152
6	2	0	0.5	0	1	14.4099	153
6	2	0	0.5	0	1	15.3429	154
5	2	0	0.5	0	1	16.9619	155
5	2	0	0.5	0	1	21.2682	156
5	2	0	0.5	0	1	21.5189	157
5	2	0	0.5	0	1	20.5451	158
5	2	0	0	0	0	17.2466	159
6	2	0	0	0	0	19.794	160
6	2	0	0	0	0	23.1589	161
6	2	0	0	0	0	23.9806	162
6	2	0	0	0	0	22.0166	163
6	2	0	0	0	0	23.9806	164
6	2	0	0	0	0	25.0139	165
6	2	0	0	0	0	24.08	166
6	2	0	0	0	0	22.3932	167
6	2	0	0	0	0	18.2917	168
6	2	0	0	0	0	13.7406	169
6	1	0	0	0	0	9.05265	170
6	1	0	0	0	0	15.4002	171
5	1	0	0	0	0	13.4668	172
5	1	0	0	0	0	15.648	173
5	1	0	0	0	0	17.4839	174
5	1	0	0	0	0	13.986	175
6	1	0	0	0	0	15.2778	176
6	1	0	0	0	0	11.986	177
6	1	0	0	0	0	16.836	178
6	1	0	0	0	0	13.2421	179
6	1	0	0	0	0	16.778	180
6	1	0	0	0	0	19.8812	181
6	1	0	0	0	0	16.4315	182
6	1	0	0	0	0	20.9322	183
6	1	0	0	0	0	14.2442	184
6	1	0	0	0	0	12.096	185
6	1	0	0	0	0	20.1485	186
6	1	0	0	0	0	20.9322	187
6	1	0	0	0	0	20.0282	188
7	1	0	0	0	0	14.1929	189
7	1	0	0	0	0	23.9718	190
7	1	0	0	0	0	25.5176	191
8	1	0	0	0	0	24.4524	192
8	1	0	0	0	0	22.4496	193
8	1	0	0	0	0	18.6903	194
8	1	0	0	0	0	27.6888	195
8	1	0	0	0	0	25.3413	196
8	1	0	0	0	0	20.5921	197
8	1	0	0	0	0	25.7067	198
7	1	0	0	0	0	25.7893	199
8	1	0	0	0	0	20.9484	200
8	1	0	0	0	0	22.8138	201
8	1	0	0	0	0	23.4304	202
8	1	0	0	0	0	28.3411	203
8	1	0	0	0	0	22.7013	204
8	0	0	0	0	0	23.5186	205
8	0	0	0	0	0	23.1512	206
8	0	0	0	0	0	19.4017	207
8	0	0	0	0	0	23.4537	208
8	1	0	0	0	0	21.7176	209
8	1	0	0	0	0	24.1727	210
8	1	0	0	0	0	24.1727	211
8	1	0	0	0	0	27.8152	212
8	1	0	0	0	0	26.3684	213
8	1	0	0	0	0	27.9895	214
8	1	0	0	0	0	22.7263	215
8	1	0	0	0	0	25.6122	216
8	1	0	0	0	0	27.9895	217
8	1	0	0	0	0	24.6818	218
8	1	0	0	0	0	22.0826	219
8	1	0	0	0	0	27.0285	220
9	1	0	0	0	0	28.7357	221
9	1	0	0	0	0	26.952	222
9	1	0	0	0	0	29.6126	223
9	1	0	0	0	0	29.0702	224
9	4	0	0	0	0	32.9538	225
9	4	0	0	0	0	33.7788	226
9	4	0	0	0	0	36.6385	227
9	4	0	0	0	0	31.218	228
9	4	0	0	0	0	42.5684	229
9	5	0	0	0	0	45.7882	230
9	5	0	0	0	0	45.4464	231
9	5	0	0	0	0	48.547	232
9	5	0	0	0	0	45.8905	233
8	5	0	0	0	0	41.6045	234
8	5	0	0	0	0	41.737	235
7	5	0	0	0	0	38.2472	236
7	5	0	0	0	0	31.359	237
7	5	0.5	0	1	0	41.926	238
7	5	0.5	0	1	0	41.5687	239
7	5	0.5	0	1	0	36.7679	240
7	5	0.5	0	1	0	35.8162	241
7	5	0.5	0	1	0	38.7655	242
7	5	0.5	0	1	0	41.863	243
7	5	0.5	0	1	0	37.8241	244
6	5	0.5	0	1	0	29.8215	245
6	5	0.5	0	1	0	37.7014	246
6	5	0.5	0	1	0	37.112	247
6	5	0.5	0	1	0	24.5226	248
6	5	0.5	0	1	0	37.8955	249
6	5	0.5	0	1	0	37.8256	250
6	6	0.5	0	1	0	37.8988	251
6	6	0.5	0	1	0	37.8256	252
6	6	0.5	0	1	0	37.9118	253
6	6	0.5	0	1	0	32.8505	254
6	6	0.5	0	1	0	39.6154	255
6	6	0.5	0	1	0	34.714	256
6	6	0.5	0	1	0	39.2398	257
6	6	0.5	0	1	0	33.232	258
6	6	0.5	0	1	0	26.4846	259
6	6	0.5	0	1	0	41.2991	260
7	6	0.5	0	1	0	41.6667	261
7	6	0.5	0	1	0	40.8307	262
7	6	0.5	0	1	0	45.8963	263
7	6	0.5	0	1	0	41.2538	264
7	6	0.5	0	1	0	40.2233	265
7	6	0.5	0	1	0	45.5845	266
7	6	0.5	0	1	0	45.4388	267
7	6	0.5	0	1	0	37.5581	268
7	6	0.5	0	1	0	45.8085	269
7	6	0.5	0	1	0	45.4693	270
7	6	0.5	0	1	0	44.9794	271
7	6	0.5	0	1	0	30.8054	272
8	6	0.5	0	1	0	45.8953	273
8	6	0.5	0	1	0	43.956	274
8	6	0	0	0	0	26.6044	275
9	6	0	0	0	0	39.8552	276
9	6	0	0	0	0	46.9642	277
9	6	0	0	0	0	45.1036	278
9	6	0	0	0	0	45.0559	279
9	6	0	0	0	0	40.9038	280
9	6	0	0	0	0	45.3955	281
9	6	0	0	0	0	53.2116	282
9	6	0	0	0	0	46.2911	283
9	6	0	0	0	0	48.6833	284
9	6	0	0	0	0	52.2619	285
9	6	0	0	0	0	50.4396	286
9	6	0	0	0	0	41.6672	287
8	5	0	0	0	0	40.7443	288
8	5	0	0	0	0	44.6665	289
8	5	0	0	0	0	45.0648	290
8	5	0	0	0	0	44.7952	291
8	5	0	0	0	0	45.7009	292
8	5	0	0	0	0	42.0575	293
8	5	0	0	0	0	27.7092	294
8	5	0	0	0	0	40.2592	295
8	5	0	0	0	0	39.4687	296
8	5	0	0	0	0	37.695	297
6	5	0	0	0	0	32.9805	298
6	5	0	0	0	0	30.3719	299
6	5	0	0	0	0	33.9291	300
6	5	0	0	0	0	36.9142	301
6	5	0	0	0	0	26.6718	302
6	5	0	0	0	0	34.3702	303
6	5	0	0	0	0	29.0266	304
7	5	0	0	0	0	31.4985	305
7	5	0	0	0	0	30.2894	306
7	5	0	0	0	0	27.8665	307
7	5	0	0	0	0	31.3589	308
7	5	0	0	0	0	29.6625	309
7	5	0	0	0	0	31.6706	310
6	5	0	0	0	0	31.1327	311
6	5	0	0	0	0	30.7138	312
6	5	0	0	0	0	28.1446	313
6	5	0	0	0	0	31.4985	314
6	5	0	0	0	0	35.0575	315
6	5	0	0	0	0	33.7024	316
6	5	0	0	0	0	37.8988	317
6	5	0	0	0	0	24.9176	318
6	5	0	0.666667	0	2	28.7588	319
6	5	0	0.666667	0	2	27.6482	320
6	4	0	0.666667	0	2	31.1266	321
6	4	0	0.666667	0	2	30.3883	322
6	4	0.333333	0.666667	1	2	25.5748	323
6	4	0.333333	0.666667	1	2	30.3611	324
6	4	0.333333	1.33333	1	4	25.7976	325
4	4	0.333333	1.33333	1	4	21.4353	326
4	4	0.333333	1.66667	1	5	25.69	327
4	4	0.333333	1.66667	1	5	23.495	328
4	4	0.333333	1.66667	1	5	23.7868	329
4	4	0.333333	1.66667	1	5	19.6909	330
4	3	0.333333	1.66667	1	5	21.2207	331
4	3	0.333333	1.66667	1	5	17.7245	332
4	3	0.333333	1.66667	1	5	17.267	333
3	3	0.333333	1.66667	1	5	13.5532	334
3	3	0.666667	1.66667	2	5	15.6262	335
3	3	0.666667	1.66667	2	5	14.6535	336
3	3	0.666667	1.66667	2	5	7.11266	337
3	3	0.666667	1.66667	2	5	13.6811	338
3	3	0.666667	1.66667	2	5	9.54999	339
3	3	0.666667	1.66667	2	5	12.2134	340
2	3	0.666667	1.66667	2	5	13.6827	341
2	3	0.666667	1.66667	2	5	11.7872	342
2	3	0.666667	1.66667	2	5	11.7872	343
2	3	0.666667	1.66667	2	5	9.27586	344
2	3	0.666667	1.66667	2	5	12.8922	345
2	3	0.666667	1.66667	2	5	7.16213	346
2	3	0.666667	1.66667	2	5	12.596	347
2	3	0.666667	1.66667	2	5	9.65775	348
2	3	0.666667	1.66667	2	5	13.6827	349
2	3	0.666667	1.66667	2	5	8.04398	350
2	3	0.666667	1.66667	2	5	8.60767	351
2	2	0.666667	1.66667	2	5	6.3456	352
2	2	0.666667	1.66667	2	5	9.63159	353
2	2	0.666667	1.66667	2	5	8.07873	354
2	2	0.666667	1.66667	2	5	8.37671	355
2	2	0.666667	1.66667	2	5	7.93624	356
2	2	0.666667	1.66667	2	5	9.27292	357
2	2	0.666667	1.66667	2	5	5.57154	358
2	2	0.333333	1.66667	1	5	4.53946	359
2	2	0.333333	1.66667	1	5	5.19621	360
1	2	0.333333	1.33333	1	4	-0.76788	361
1	2	0.333333	1.33333	1	4	3.67347	362
1	2	0.333333	1.33333	1	4	4.06287	363
1	2	0.333333	1.33333	1	4	4.75459	364
1	2	0.333333	1.33333	1	4	4.06287	365
1	2	0.333333	1.33333	1	4	4.75459	366
1	2	0.333333	1.33333	1	4	5.57154	367
1	2	0.333333	1.33333	1	4	5.57154	368
1	2	0.333333	1.33333	1	4	-3.07018	369
1	2	0.333333	1.33333	1	4	-0.627406	370
1	2	0.333333	1.33333	1	4	2.39156	371
1	2	0.333333	1.33333	1	4	4.39401	372
1	2	0.333333	1	1	3	1.47494	373
1	2	0.333333	1	1	3	-1.92751	374
1	1	0.333333	0.666667	1	2	0.195123	375
1	1	0.333333	0.666667	1	2	0.868643	376
1	1	0.333333	0.666667	1	2	0.101446	377
1	1	0.333333	0.666667	1	2	0.868643	378
1	1	0.333333	0.666667	1	2	0.966688	379
1	1	0.333333	0.666667	1	2	0.862648	380
1	1	0.333333	0.333333	1	1	0.868643	381
1	1	0.333333	0.333333	1	1	0.966688	382
1	1	0.333333	0	1	0	-1.40911	383
1	1	0.333333	0	1	0	0.966688	384
1	1	0.333333	0	1	0	0.636649	385
1	1	0.333333	0	1	0	0.101446	386
1	1	0.333333	0	1	0	0.868643	387
1	1	0.333333	0	1	0	0.478308	388
1	1	0	0	0	0	0.101446	389
1	1	0	0	0	0	0.101446	390
1	1	0	0	0	0	-3.05903	391
1	0	0	0	0	0	nan	392
1	0	0	0	0	0	nan	393
