unique_top_cov	unique_bot_cov	redundant_top_cov	redundant_bot_cov	raw_redundant_top_cov	raw_redundant_bot_cov	e_value	position
1	5	0	0	0	0	nan	1
3	5	0	0	0	0	nan	2
3	5	0	0	0	0	17.179	3
5	5	0	0	0	0	22.2345	4
6	5	0	0	0	0	21.1685	5
6	5	0	0	0	0	19.2106	6
7	6	0	0	0	0	21.5103	7
7	6	0	0	0	0	34.4654	8
7	7	0	0.142857	0	1	21.1609	9
7	9	0	0.142857	0	1	33.3036	10
7	9	0	0.142857	0	1	34.2246	11
7	9	0	0.142857	0	1	24.4828	12
9	9	0	0.142857	0	1	46.3303	13
9	9	0	0.142857	0	1	51.0388	14
9	9	0	0.285714	0	2	55.0042	15
10	10	0	0.285714	0	2	54.7522	16
10	10	0	0.285714	0	2	55.3277	17
10	10	0	0.285714	0	2	58.4023	18
10	10	0	0.285714	0	2	56.968	19
10	10	0	0.285714	0	2	49.2716	20
12	10	0	0.285714	0	2	53.9609	21
12	12	0	0.285714	0	2	58.4774	22
12	19	0	0.285714	0	2	61.5642	23
13	20	0	0.285714	0	2	98.074	24
13	21	0	0.285714	0	2	99.5973	25
14	21	0	0.285714	0	2	99.788	26
15	21	0	0.285714	0	2	102.197	27
15	22	0	0.285714	0	2	104.038	28
15	23	0.142857	0.285714	1	2	102.027	29
15	23	0.142857	0.285714	1	2	127.897	30
15	23	0.142857	0.285714	1	2	130.843	31
15	23	0.142857	0.285714	1	2	123.248	32
15	24	0.142857	0.285714	1	2	131.847	33
15	24	0.142857	0.285714	1	2	130.652	34
15	24	0.142857	0.285714	1	2	124.437	35
15	24	0.285714	0.285714	2	2	131.088	36
15	25	0.285714	0.285714	2	2	140.372	37
15	25	0.285714	0.285714	2	2	123.764	38
15	26	0.285714	0.285714	2	2	118.876	39
16	28	0.285714	0.285714	2	2	152.597	40
16	28	0.285714	0.285714	2	2	154.361	41
17	29	0.285714	0.285714	2	2	155.138	42
17	29	0.285714	0.285714	2	2	153.325	43
18	29	0.285714	0.285714	2	2	157.337	44
18	29	0.285714	0.285714	2	2	157.289	45
18	29	0.285714	0.285714	2	2	156.018	46
19	29	0.285714	0.285714	2	2	169.812	47
19	29	0.285714	0.285714	2	2	166.529	48
19	29	0.285714	0.285714	2	2	161.655	49
19	29	0.285714	0.285714	2	2	166.873	50
20	29	0.285714	0.285714	2	2	172.462	51
21	29	0.285714	0.285714	2	2	171.341	52
21	29	0.285714	0.285714	2	2	178.021	53
21	29	0.285714	0.285714	2	2	167.161	54
22	29	0.285714	0.285714	2	2	152.006	55
22	33	0.285714	0.285714	2	2	180.566	56
22	33	0.285714	0.285714	2	2	192.138	57
22	33	0.285714	0.285714	2	2	187.994	58
22	33	0.285714	0.285714	2	2	195.631	59
23	33	0.285714	0.285714	2	2	194.072	60
23	33	0.285714	0.285714	2	2	201.877	61
23	33	0.285714	0.285714	2	2	207.395	62
23	33	0.285714	0.142857	2	1	185.905	63
23	33	0.285714	0.142857	2	1	214.234	64
23	33	0.285714	0.142857	2	1	181.857	65
23	34	0.285714	0.142857	2	1	183.326	66
23	34	0.285714	0.142857	2	1	192.861	67
23	34	0.285714	0.142857	2	1	191.752	68
23	34	0.142857	0.142857	1	1	189.675	69
24	34	0.142857	0.142857	1	1	193.525	70
25	34	0.142857	0.142857	1	1	192.377	71
25	34	0.142857	0.142857	1	1	192.393	72
26	34	0	0	0	0	189.857	73
27	34	0	0	0	0	200.626	74
27	35	0	0	0	0	202.676	75
27	35	0	0	0	0	200.313	76
27	35	0	0	0	0	219.163	77
27	35	0	0	0	0	213.102	78
27	35	0	0	0	0	217.578	79
30	34	0	0	0	0	217.199	80
30	34	0	0	0	0	229.132	81
31	33	0	0	0	0	219.054	82
31	33	0	0	0	0	215.615	83
31	33	0	0	0	0	212.299	84
31	35	0	0	0	0	233.081	85
31	34	0	0	0	0	222.299	86
31	34	0	0	0	0	226.765	87
33	33	0	0	0	0	212.459	88
32	33	0	0	0	0	192.323	89
32	38	0	0	0	0	182.62	90
32	38	0	0	0	0	192.425	91
32	40	0	0	0	0	165.859	92
33	40	0	0	0	0	180.36	93
27	39	0	0	0	0	192.704	94
28	38	0	0	0	0	211.466	95
28	37	0	0	0	0	210.377	96
28	36	0	0	0	0	224.344	97
29	35	0	0	0	0	219.364	98
29	34	0	0	0	0	194.61	99
29	33	0	0	0	0	215.088	100
29	33	0	0	0	0	213.169	101
29	31	0	0	0	0	213.296	102
29	29	0	0	0	0	162.468	103
31	28	0	0	0	0	190.524	104
32	28	0	0	0	0	207.659	105
32	28	0	0	0	0	167.629	106
34	28	0	0	0	0	201.745	107
35	28	0	0	0	0	176.014	108
36	27	0	0	0	0	171.085	109
39	25	0	0	0	0	175.666	110
41	22	0	0	0	0	149.621	111
41	22	0	0	0	0	166.731	112
43	22	0	0	0	0	181.892	113
43	22	0	0	0	0	193.149	114
44	22	0	0	0	0	201.537	115
44	20	0	0	0	0	192.265	116
44	20	0	0	0	0	189.701	117
44	17	0	0	0	0	203.619	118
43	16	0	0	0	0	203.154	119
45	20	0	0	0	0	207.42	120
45	20	0	0	0	0	224.327	121
45	20	0	0	0	0	211.703	122
46	21	0	0	0	0	219.639	123
46	23	0	0	0	0	227.866	124
46	25	0	0	0	0	253.962	125
47	25	0	0	0	0	239.486	126
47	25	0	0	0	0	246.367	127
47	26	0	0	0	0	252.331	128
46	26	0	0	0	0	232.57	129
48	26	0	0	0	0	244.064	130
49	29	0	0	0	0	258.868	131
49	29	0	0	0	0	286.961	132
48	29	0	0	0	0	263.179	133
48	29	0	0	0	0	286.078	134
48	28	0	0	0	0	253.676	135
49	28	0	0	0	0	260.119	136
50	29	0	0	0	0	268.298	137
51	29	0	0	0	0	240.512	138
50	29	0	0	0	0	264.129	139
50	29	0	0	0	0	275.832	140
50	29	0	0	0	0	262.851	141
50	30	0	0	0	0	247.508	142
50	33	0	0	0	0	262.443	143
51	33	0	0	0	0	269.37	144
50	33	0	0	0	0	267.408	145
49	33	0	0	0	0	280.339	146
49	34	0	0	0	0	270.949	147
48	34	0	0	0	0	272.241	148
47	34	0	0	0	0	266.106	149
48	34	0	0	0	0	277.179	150
49	34	0	0	0	0	287.17	151
46	34	0	0	0	0	262.575	152
46	34	0	0	0	0	273.535	153
46	38	0	0	0	0	283.594	154
44	38	0	0	0	0	282.39	155
44	38	0	0	0	0	283.918	156
44	38	0	0	0	0	291.48	157
45	39	0	0	0	0	290.597	158
45	39	0	0	0	0	291.241	159
46	39	0	0	0	0	295.341	160
46	39	0	0	0	0	290.548	161
46	39	0	0	0	0	263.934	162
44	39	0	0	0	0	277.946	163
44	39	0	0	0	0	308.882	164
44	39	0	0	0	0	274.561	165
44	38	0	0	0	0	273.249	166
48	38	0	0	0	0	301.867	167
48	38	0	0	0	0	295.751	168
50	40	0	0	0	0	278.236	169
50	40	0	0	0	0	303.227	170
51	40	0	0	0	0	322.135	171
51	40	0	0	0	0	319.691	172
51	39	0	0	0	0	311.467	173
55	39	0	0	0	0	345.198	174
56	39	0	0	0	0	335.231	175
58	38	0	0	0	0	342.296	176
58	38	0	0	0	0	339.947	177
58	38	0	0	0	0	328.5	178
58	39	0	0	0	0	316.34	179
59	39	0	0	0	0	361.657	180
59	39	0	0	0	0	369.788	181
60	39	0	0	0	0	342.466	182
60	39	0	0	0	0	324.647	183
60	39	0	0	0	0	339.838	184
59	39	0	0	0	0	341.269	185
59	40	0	0	0	0	367.438	186
58	40	0	0	0	0	332.301	187
58	40	0	0	0	0	331.88	188
57	40	0	0	0	0	332.709	189
58	39	0	0	0	0	328.361	190
60	39	0	0	0	0	346.679	191
60	38	0	0	0	0	351.867	192
60	38	0	0	0	0	333.334	193
60	36	0	0	0	0	359.168	194
61	36	0	0	0	0	314.028	195
63	36	0	0	0	0	336.819	196
63	38	0	0	0	0	375.104	197
63	37	0	0	0	0	351.933	198
63	37	0	0	0	0	338.249	199
63	37	0	0	0	0	352.054	200
63	38	0	0	0	0	328.916	201
63	40	0	0	0	0	340.388	202
63	40	0	0	0	0	364.486	203
63	40	0	0	0	0	359.057	204
62	40	0	0	0	0	359.52	205
62	39	0	0	0	0	358.623	206
62	39	0	0	0	0	355.068	207
62	39	0	0	0	0	360.155	208
62	38	0	0	0	0	368.364	209
59	38	0	0	0	0	313.719	210
58	37	0	0	0	0	309.783	211
59	38	0	0	0	0	306.792	212
59	38	0	0	0	0	310.263	213
59	39	0	0	0	0	295.201	214
60	41	0	0	0	0	313.975	215
59	41	0	0	0	0	309.754	216
59	41	0	0	0	0	293.522	217
60	36	0	0	0	0	295.393	218
60	36	0	0	0	0	323.018	219
60	36	0	0	0	0	314.543	220
58	36	0	0	0	0	327.139	221
59	35	0	0	0	0	325.863	222
55	35	0	0	0	0	327.536	223
54	39	0	0	0	0	313.075	224
54	39	0	0	0	0	300.733	225
54	44	0	0	0	0	347.31	226
55	44	0	0	0	0	301.963	227
56	45	0	0	0	0	323.812	228
56	45	0	0	0	0	316.327	229
51	45	0	0	0	0	320.375	230
51	44	0	0	0	0	340.288	231
50	44	0	0	0	0	352.614	232
50	44	0	0	0	0	302.229	233
50	48	0	0	0	0	331.842	234
50	46	0	0	0	0	340.161	235
50	48	0	0	0	0	318.549	236
51	46	0	0	0	0	303.32	237
52	46	0	0	0	0	298.443	238
57	57	0	0	0	0	295.703	239
56	57	0	0	0	0	319.446	240
56	57	0	0	0	0	303.372	241
55	56	0	0	0	0	303.691	242
54	56	0	0	0	0	357.905	243
55	57	0	0	0	0	365.449	244
54	56	0	0	0	0	366.056	245
55	56	0	0	0	0	391.301	246
55	56	0	0	0	0	385.164	247
49	56	0	0	0	0	360.039	248
49	57	0	0	0	0	377.961	249
49	57	0	0	0	0	372.578	250
49	57	0	0	0	0	398.39	251
50	57	0	0	0	0	346.616	252
49	55	0	0	0	0	365.024	253
49	55	0	0	0	0	352.729	254
49	54	0	0	0	0	354.732	255
49	55	0	0	0	0	334.358	256
52	55	0	0	0	0	356.57	257
51	55	0	0	0	0	349.488	258
50	55	0	0	0	0	341.55	259
47	55	0	0	0	0	356.614	260
47	54	0	0	0	0	396.237	261
47	54	0	0	0	0	363.661	262
47	54	0	0	0	0	346.869	263
47	53	0	0	0	0	317.713	264
46	51	0	0	0	0	344.382	265
46	52	0	0	0	0	343.763	266
47	51	0	0	0	0	360.094	267
46	51	0	0	0	0	326.377	268
46	50	0	0	0	0	303.091	269
45	50	0	0	0	0	331.932	270
45	49	0	0	0	0	320.216	271
45	49	0	0	0	0	351.895	272
45	48	0	0	0	0	322.906	273
45	47	0	0	0	0	330.505	274
45	47	0	0	0	0	310.164	275
43	45	0	0	0	0	316.47	276
43	45	0	0	0	0	296.258	277
44	45	0	0	0	0	290.685	278
44	45	0	0	0	0	311.312	279
44	45	0	0	0	0	334.649	280
45	45	0	0	0	0	307.7	281
45	45	0	0	0	0	314.858	282
46	45	0	0	0	0	339.545	283
45	45	0	0	0	0	308.798	284
45	47	0	0	0	0	318.348	285
47	48	0	0	0	0	323.571	286
47	48	0	0	0	0	307.684	287
48	50	0	0	0	0	358.258	288
49	50	0	0	0	0	311.818	289
50	49	0	0	0	0	314.261	290
50	49	0	0	0	0	321.245	291
51	48	0	0	0	0	300.494	292
53	52	0	0	0	0	325.634	293
51	54	0	0	0	0	317.126	294
56	54	0	0	0	0	310.607	295
57	54	0	0	0	0	336.893	296
56	53	0	0	0	0	369.302	297
57	52	0	0	0	0	354.488	298
57	52	0	0	0	0	371.609	299
57	51	0	0	0	0	328.144	300
57	52	0	0	0	0	390.441	301
56	52	0	0	0	0	384.77	302
56	51	0	0	0	0	355.942	303
56	54	0	0	0	0	420.616	304
56	57	0	0	0	0	396.864	305
57	58	0	0	0	0	374.137	306
58	70	0	0	0	0	387.75	307
58	73	0	0	0	0	460.297	308
58	73	0	0	0	0	452.179	309
59	73	0	0	0	0	435.296	310
59	72	0	0	0	0	439.133	311
59	70	0	0	0	0	415.7	312
60	70	0	0	0	0	462.942	313
59	68	0	0	0	0	398.74	314
59	75	0	0	0	0	450.034	315
59	74	0	0	0	0	462.116	316
58	75	0	0	0	0	460.223	317
59	75	0	0	0	0	439.496	318
60	75	0	0	0	0	459.846	319
60	75	0	0	0	0	486.283	320
60	76	0	0	0	0	516.206	321
59	75	0	0	0	0	483.854	322
59	75	0	0	0	0	482.158	323
53	75	0	0	0	0	420.736	324
53	75	0	0	0	0	464.513	325
52	75	0	0	0	0	448.175	326
52	76	0	0	0	0	485.765	327
52	78	0	0	0	0	413.312	328
52	79	0	0	0	0	484.522	329
52	79	0	0	0	0	465.453	330
52	79	0	0	0	0	448.152	331
53	79	0	0	0	0	468.942	332
53	79	0	0	0	0	466.735	333
55	79	0	0	0	0	461.501	334
56	79	0	0	0	0	488.557	335
56	79	0	0	0	0	493.505	336
55	79	0	0	0	0	462.827	337
55	81	0	0	0	0	467.036	338
55	81	0	0	0	0	467.157	339
57	81	0	0	0	0	511.566	340
58	81	0	0	0	0	491.091	341
58	82	0	0	0	0	516.355	342
58	83	0	0	0	0	502.36	343
58	85	0	0	0	0	504.137	344
58	85	0	0	0	0	492.851	345
58	85	0	0	0	0	500.005	346
58	83	0	0	0	0	504.031	347
58	83	0	0	0	0	486.045	348
59	81	0	0	0	0	459.61	349
60	81	0	0	0	0	473.11	350
58	80	0	0	0	0	507.607	351
58	78	0	0	0	0	487.03	352
57	76	0	0	0	0	463.88	353
58	75	0	0	0	0	450.632	354
58	75	0	0	0	0	446.534	355
60	74	0	0	0	0	442.232	356
61	73	0	0	0	0	463.571	357
61	73	0	0	0	0	458.535	358
62	73	0	0	0	0	432.869	359
62	72	0	0	0	0	457.367	360
62	72	0	0	0	0	474.351	361
62	71	0	0	0	0	475.225	362
63	71	0	0	0	0	473.091	363
63	71	0	0	0	0	446.037	364
64	71	0	0	0	0	475.355	365
65	72	0	0	0	0	494.855	366
66	71	0	0	0	0	482.15	367
66	70	0	0	0	0	479.866	368
65	70	0	0	0	0	456.043	369
65	67	0	0	0	0	450.781	370
65	67	0	0	0	0	448.559	371
65	70	0	0	0	0	460.988	372
66	72	0	0	0	0	451.317	373
67	71	0	0	0	0	474.865	374
66	72	0	0	0	0	496.766	375
70	68	0	0	0	0	476.346	376
70	68	0	0	0	0	479.196	377
70	68	0	0	0	0	488.991	378
71	70	0	0	0	0	439.106	379
72	75	0	0	0	0	505.747	380
72	71	0	0	0	0	503.524	381
74	71	0	0	0	0	486.692	382
74	71	0	0	0	0	480.704	383
74	66	0	0	0	0	479.342	384
74	66	0	0	0	0	523.042	385
75	66	0	0	0	0	459.973	386
76	65	0	0	0	0	461.579	387
77	65	0	0	0	0	474.113	388
66	61	0	0	0	0	447.473	389
66	62	0	0	0	0	450.04	390
66	62	0	0	0	0	446.916	391
66	63	0	0	0	0	455.454	392
68	63	0	0	0	0	487.137	393
66	62	0	0	0	0	449.839	394
67	62	0	0	0	0	440.785	395
67	62	0	0	0	0	444.726	396
66	63	0	0	0	0	456.274	397
67	65	0	0	0	0	456.975	398
66	64	0	0	0	0	474.932	399
65	64	0	0	0	0	469.061	400
66	64	0	0	0	0	439.902	401
66	63	0	0	0	0	448.994	402
68	64	0	0	0	0	460.356	403
69	64	0	0	0	0	484.534	404
73	64	0	0	0	0	476.947	405
73	65	0	0	0	0	507.881	406
73	63	0	0	0	0	478.289	407
73	63	0	0	0	0	475.712	408
73	65	0	0	0	0	519.295	409
73	65	0	0	0	0	470.148	410
74	67	0	0	0	0	463.279	411
76	67	0	0	0	0	518.749	412
76	66	0	0	0	0	519.714	413
77	66	0	0	0	0	510.488	414
78	66	0	0	0	0	490.925	415
80	65	0	0	0	0	504.256	416
81	65	0	0	0	0	495.205	417
76	66	0	0	0	0	475.956	418
76	65	0	0	0	0	526.861	419
77	64	0	0	0	0	500.422	420
77	63	0	0	0	0	508.787	421
76	73	0	0	0	0	416.013	422
77	73	0	0	0	0	514.652	423
77	78	0	0	0	0	497.916	424
77	78	0	0	0	0	462.419	425
77	79	0	0	0	0	516.497	426
78	85	0	0	0	0	568.158	427
78	84	0	0	0	0	494.671	428
78	84	0	0	0	0	465.749	429
78	84	0	0	0	0	533.494	430
73	83	0	0	0	0	516.238	431
73	83	0	0	0	0	511.28	432
69	81	0	0	0	0	534.879	433
69	81	0	0	0	0	550.377	434
69	80	0	0	0	0	485.519	435
67	79	0	0	0	0	541.93	436
68	78	0	0	0	0	481.588	437
69	79	0	0	0	0	497.442	438
69	79	0	0	0	0	511.075	439
68	79	0	0	0	0	513.913	440
70	79	0	0	0	0	534.156	441
71	78	0	0	0	0	508.058	442
71	75	0	0	0	0	492.348	443
70	73	0	0	0	0	498.496	444
71	72	0	0	0	0	528.846	445
71	72	0	0	0	0	535.294	446
72	72	0	0	0	0	499.496	447
72	70	0	0	0	0	500.813	448
72	71	0	0	0	0	512.362	449
72	70	0	0	0	0	517.717	450
72	71	0	0	0	0	498.105	451
74	71	0	0	0	0	479.218	452
75	70	0	0	0	0	500.604	453
75	70	0	0	0	0	532.711	454
75	69	0	0	0	0	509.11	455
75	69	0	0	0	0	492.757	456
76	65	0	0	0	0	526.078	457
76	63	0	0	0	0	478.726	458
79	63	0	0	0	0	478.41	459
78	63	0	0	0	0	478.169	460
77	62	0	0	0	0	513.216	461
77	62	0	0	0	0	470.892	462
76	61	0	0	0	0	508.665	463
77	61	0	0	0	0	488.026	464
77	58	0	0	0	0	505.209	465
77	58	0	0	0	0	472.518	466
78	59	0	0	0	0	450.059	467
78	56	0	0	0	0	491.139	468
76	55	0	0	0	0	435.772	469
76	57	0	0	0	0	476.877	470
75	58	0	0	0	0	496.184	471
76	58	0	0	0	0	511.277	472
76	72	0	0	0	0	403.676	473
80	72	0	0	0	0	434.67	474
80	73	0	0	0	0	458.145	475
81	73	0	0	0	0	523.528	476
82	72	0	0	0	0	514.178	477
83	72	0	0	0	0	523.078	478
84	71	0	0	0	0	527.348	479
86	73	0	0	0	0	560.935	480
85	74	0	0	0	0	575.065	481
82	73	0	0	0	0	592.607	482
82	73	0	0	0	0	533.613	483
82	74	0	0	0	0	551.971	484
83	74	0	0	0	0	547.379	485
83	73	0	0	0	0	543.418	486
83	73	0	0	0	0	540.519	487
82	73	0	0	0	0	552.072	488
81	75	0	0	0	0	586.467	489
80	75	0	0	0	0	531.372	490
79	74	0	0	0	0	523.165	491
81	74	0	0	0	0	553.77	492
81	74	0	0	0	0	549.672	493
81	74	0	0	0	0	554.631	494
81	74	0	0	0	0	542.894	495
81	74	0	0	0	0	564.149	496
81	74	0	0	0	0	545.616	497
76	75	0	0	0	0	521.798	498
75	76	0	0	0	0	503.38	499
75	76	0	0	0	0	516.672	500
76	75	0	0	0	0	563.361	501
75	74	0	0	0	0	542.375	502
76	79	0	0	0	0	546.51	503
76	79	0	0	0	0	541.155	504
76	79	0	0	0	0	542.995	505
75	78	0	0	0	0	552.344	506
76	79	0	0	0	0	538.677	507
76	79	0	0	0	0	538.238	508
76	80	0	0	0	0	555.161	509
80	80	0	0	0	0	580.864	510
79	80	0	0	0	0	543.541	511
75	85	0	0	0	0	522.725	512
75	86	0	0	0	0	531.165	513
75	86	0	0	0	0	545.188	514
75	85	0	0	0	0	543.151	515
74	85	0	0	0	0	558.14	516
75	85	0	0	0	0	560.442	517
75	84	0	0	0	0	576.352	518
76	84	0	0	0	0	580.427	519
77	82	0	0	0	0	479.755	520
78	82	0	0	0	0	528.035	521
80	79	0	0	0	0	554.249	522
79	80	0	0	0	0	537.7	523
79	79	0	0	0	0	569.32	524
79	79	0	0	0	0	581.45	525
75	79	0	0	0	0	526.307	526
75	80	0	0	0	0	524.096	527
73	79	0	0	0	0	574.377	528
72	79	0	0	0	0	530.633	529
73	76	0	0	0	0	529.246	530
73	78	0	0	0	0	529.583	531
72	78	0	0	0	0	549.888	532
72	80	0	0	0	0	528.148	533
71	79	0	0	0	0	525.705	534
73	79	0	0	0	0	534.008	535
73	85	0	0	0	0	552.236	536
72	84	0	0	0	0	555.974	537
72	85	0	0	0	0	555.158	538
72	85	0	0	0	0	552.494	539
72	85	0	0	0	0	548.348	540
72	87	0	0	0	0	606.088	541
74	87	0	0	0	0	540.803	542
75	87	0	0	0	0	523.38	543
76	88	0	0	0	0	619.366	544
73	88	0	0	0	0	560.728	545
73	89	0	0	0	0	531.615	546
72	87	0	0	0	0	560.218	547
73	86	0	0	0	0	580.795	548
75	86	0	0	0	0	566.164	549
75	85	0	0	0	0	560.592	550
76	85	0	0	0	0	580.22	551
75	85	0	0	0	0	526.97	552
74	85	0	0	0	0	560.704	553
75	83	0	0	0	0	536.676	554
71	83	0	0	0	0	519.8	555
71	83	0	0	0	0	555.899	556
73	83	0	0	0	0	577.066	557
73	82	0	0	0	0	527.04	558
73	80	0	0	0	0	518.473	559
73	75	0	0	0	0	491.591	560
75	74	0	0	0	0	499.177	561
75	75	0	0	0	0	503.987	562
75	74	0	0	0	0	510.531	563
75	72	0	0	0	0	495.938	564
75	73	0	0	0	0	510.076	565
77	71	0	0	0	0	499.129	566
78	74	0	0	0	0	566.879	567
78	73	0	0	0	0	514.115	568
79	72	0	0	0	0	511.285	569
79	72	0	0	0	0	526.408	570
78	71	0	0	0	0	500.732	571
78	69	0	0	0	0	501.612	572
80	69	0	0	0	0	511.411	573
81	67	0	0	0	0	498.554	574
80	66	0	0	0	0	499.105	575
78	66	0	0	0	0	501.85	576
78	62	0	0	0	0	510.054	577
76	62	0	0	0	0	465.453	578
77	62	0	0	0	0	486.442	579
78	62	0	0	0	0	482.208	580
80	62	0	0	0	0	500.496	581
81	61	0	0	0	0	484.442	582
83	61	0	0	0	0	476.482	583
84	61	0	0	0	0	492.753	584
84	62	0	0	0	0	465.276	585
84	62	0	0	0	0	459.242	586
85	62	0	0	0	0	490.128	587
85	62	0	0	0	0	473.491	588
86	60	0	0	0	0	483.462	589
86	60	0	0	0	0	463.398	590
86	58	0	0	0	0	516.713	591
87	59	0	0	0	0	483.203	592
88	63	0	0	0	0	523.807	593
87	62	0	0	0	0	515.805	594
88	62	0	0	0	0	453.316	595
89	62	0	0	0	0	458.467	596
91	62	0	0	0	0	470.337	597
92	62	0	0	0	0	500.44	598
92	63	0	0	0	0	454.262	599
91	67	0	0	0	0	457.842	600
90	65	0	0	0	0	468.999	601
86	66	0	0	0	0	483.682	602
86	64	0	0	0	0	472.346	603
87	63	0	0	0	0	471.074	604
87	63	0	0	0	0	534.643	605
86	62	0	0	0	0	495.344	606
87	66	0	0	0	0	542.683	607
89	66	0	0	0	0	526.625	608
86	66	0	0	0	0	524.072	609
86	66	0	0	0	0	554.146	610
86	66	0	0	0	0	519.028	611
86	67	0	0	0	0	502.958	612
88	69	0	0	0	0	544.319	613
87	69	0	0	0	0	492.115	614
87	69	0	0	0	0	539.515	615
83	69	0	0	0	0	539.051	616
83	69	0	0	0	0	525.244	617
83	69	0	0	0	0	542.212	618
82	71	0	0	0	0	538.636	619
84	75	0	0	0	0	555.576	620
85	75	0	0	0	0	509.074	621
85	75	0	0	0	0	491.545	622
85	69	0	0	0	0	495.257	623
81	69	0	0	0	0	497.868	624
81	68	0	0	0	0	484.074	625
79	67	0	0	0	0	490.099	626
80	67	0	0	0	0	514.2	627
80	67	0	0	0	0	551.901	628
74	67	0	0	0	0	468.872	629
77	67	0	0	0	0	496.31	630
80	68	0	0	0	0	530.349	631
80	67	0	0	0	0	518.731	632
81	68	0	0	0	0	539.209	633
81	67	0	0	0	0	517.365	634
81	68	0	0	0	0	526.205	635
83	69	0	0	0	0	529.18	636
83	69	0	0	0	0	523.721	637
83	69	0	0	0	0	504.694	638
83	68	0	0	0	0	522.84	639
83	68	0	0	0	0	541.245	640
84	69	0	0	0	0	525.181	641
84	68	0	0	0	0	543.147	642
85	67	0	0	0	0	581.498	643
85	66	0	0	0	0	486.269	644
82	66	0	0	0	0	502.445	645
83	66	0	0	0	0	550.74	646
85	66	0	0	0	0	507.913	647
86	66	0	0	0	0	504.664	648
86	66	0	0	0	0	558.299	649
87	66	0	0	0	0	579.863	650
87	73	0	0	0	0	526.548	651
88	76	0	0	0	0	529.124	652
90	74	0	0	0	0	514.96	653
90	74	0	0	0	0	538.119	654
91	73	0	0	0	0	561.021	655
92	73	0	0	0	0	572.659	656
90	73	0	0	0	0	569.024	657
91	73	0	0	0	0	542.883	658
92	74	0	0	0	0	503.3	659
77	74	0	0	0	0	568.164	660
77	73	0	0	0	0	526.763	661
77	70	0	0	0	0	545.483	662
77	69	0	0	0	0	504.889	663
79	69	0	0	0	0	542.421	664
79	68	0	0	0	0	532.111	665
79	68	0	0	0	0	528.125	666
79	68	0	0	0	0	521.332	667
80	69	0	0	0	0	497.793	668
80	69	0	0	0	0	514.205	669
80	70	0	0	0	0	486.731	670
78	70	0	0	0	0	498.566	671
78	70	0	0	0	0	493.956	672
78	68	0	0	0	0	486.071	673
78	68	0	0	0	0	511.425	674
79	68	0	0	0	0	533.86	675
79	68	0	0	0	0	539.471	676
79	67	0	0	0	0	496.694	677
79	68	0	0	0	0	527.462	678
83	67	0	0	0	0	551.937	679
83	67	0	0	0	0	535.564	680
84	68	0	0	0	0	489.347	681
83	66	0	0	0	0	523.151	682
84	66	0	0	0	0	504.715	683
84	67	0	0	0	0	544.169	684
83	68	0	0	0	0	539.243	685
83	65	0	0	0	0	513.041	686
80	64	0	0	0	0	491.735	687
80	61	0	0	0	0	494.161	688
81	61	0	0	0	0	482.041	689
79	59	0	0	0	0	466.726	690
79	55	0	0	0	0	463.155	691
75	55	0	0	0	0	463.832	692
72	55	0	0	0	0	357.997	693
71	55	0	0	0	0	444.631	694
71	54	0	0	0	0	445.431	695
71	53	0	0	0	0	440.996	696
71	52	0	0	0	0	440.464	697
72	53	0	0	0	0	428.981	698
72	52	0	0	0	0	407.911	699
72	52	0	0	0	0	420.987	700
71	52	0	0	0	0	439.482	701
71	51	0	0	0	0	429.816	702
71	49	0	0	0	0	408.673	703
73	49	0	0	0	0	423.342	704
73	49	0	0	0	0	463.772	705
75	48	0	0	0	0	438.354	706
76	50	0	0	0	0	447.517	707
76	50	0	0	0	0	420.575	708
77	49	0	0	0	0	461.446	709
77	49	0	0	0	0	439.26	710
77	51	0	0	0	0	427.584	711
76	50	0	0	0	0	436.541	712
76	51	0	0	0	0	431.755	713
76	53	0	0	0	0	406.346	714
77	59	0	0	0	0	435.142	715
70	59	0	0	0	0	384.454	716
72	62	0	0	0	0	414.391	717
73	63	0	0	0	0	471.821	718
75	62	0	0	0	0	436.783	719
75	62	0	0	0	0	483.643	720
75	62	0	0	0	0	444.767	721
71	63	0	0	0	0	449.301	722
60	64	0	0	0	0	404.253	723
56	73	0	0	0	0	422.987	724
56	73	0	0	0	0	461.331	725
56	74	0	0	0	0	430.515	726
57	72	0	0	0	0	471.019	727
57	70	0	0	0	0	437.633	728
59	70	0	0	0	0	450.332	729
59	71	0	0	0	0	451.494	730
58	70	0	0	0	0	443.768	731
58	70	0	0	0	0	475.66	732
55	69	0	0	0	0	431.299	733
54	68	0	0	0	0	427.245	734
54	67	0	0	0	0	373.075	735
55	67	0	0	0	0	426.548	736
53	67	0	0	0	0	419.489	737
54	67	0	0	0	0	442.226	738
53	69	0	0	0	0	400.159	739
53	69	0	0	0	0	451.643	740
53	68	0	0	0	0	429.203	741
55	67	0	0	0	0	417.587	742
55	67	0	0	0	0	423.034	743
54	67	0	0	0	0	391.027	744
54	67	0	0	0	0	453.27	745
54	67	0	0	0	0	420.051	746
52	67	0	0	0	0	408.671	747
53	67	0	0	0	0	438.308	748
53	67	0	0	0	0	390.348	749
54	66	0	0	0	0	415.259	750
55	66	0	0	0	0	440.89	751
55	66	0	0	0	0	391.307	752
55	64	0	0	0	0	449.998	753
56	64	0	0	0	0	439.621	754
57	66	0	0	0	0	431.318	755
57	66	0	0	0	0	376.275	756
57	64	0	0	0	0	423.451	757
57	64	0	0	0	0	424.612	758
57	64	0	0	0	0	415.574	759
58	64	0	0	0	0	422.825	760
58	64	0	0	0	0	427.091	761
62	61	0	0	0	0	416.704	762
62	60	0	0	0	0	395.883	763
62	60	0	0	0	0	389.986	764
63	60	0	0	0	0	403.498	765
62	59	0	0	0	0	384.284	766
63	58	0	0	0	0	411.472	767
63	57	0	0	0	0	381.709	768
63	56	0	0	0	0	403.598	769
63	55	0	0	0	0	386.659	770
63	55	0	0	0	0	413.029	771
64	54	0	0	0	0	403.593	772
64	56	0	0	0	0	429.594	773
64	55	0	0	0	0	371.169	774
64	54	0	0	0	0	425.74	775
64	54	0	0	0	0	433.328	776
64	56	0	0	0	0	391.558	777
64	55	0	0	0	0	397.097	778
63	55	0	0	0	0	395.035	779
63	57	0	0	0	0	404.506	780
59	59	0	0	0	0	396.765	781
59	59	0	0	0	0	403.934	782
59	58	0	0	0	0	432.012	783
59	58	0	0	0	0	421.565	784
58	56	0	0	0	0	327.024	785
55	56	0	0	0	0	388.219	786
55	54	0	0	0	0	387.837	787
56	55	0	0	0	0	408.907	788
57	53	0	0	0	0	374.136	789
60	51	0	0	0	0	375.621	790
61	48	0	0	0	0	392.695	791
61	48	0	0	0	0	374.571	792
62	48	0	0	0	0	383.841	793
62	48	0	0	0	0	378.753	794
63	48	0	0	0	0	420.156	795
64	47	0	0	0	0	363.923	796
61	47	0	0	0	0	377.69	797
61	47	0	0	0	0	404.154	798
61	47	0	0	0	0	377.813	799
61	47	0	0	0	0	381.588	800
61	47	0	0	0	0	406.674	801
60	47	0	0	0	0	329.001	802
61	47	0	0	0	0	358.307	803
62	48	0	0	0	0	380.801	804
62	48	0	0	0	0	387.508	805
62	46	0	0	0	0	376.94	806
64	46	0	0	0	0	379.362	807
65	45	0	0	0	0	379.711	808
66	46	0	0	0	0	371.659	809
64	46	0	0	0	0	375.916	810
64	46	0	0	0	0	407.995	811
65	45	0	0	0	0	374.4	812
64	45	0	0	0	0	372.53	813
66	44	0	0	0	0	389.839	814
66	43	0	0	0	0	376.015	815
66	44	0	0	0	0	367.402	816
66	45	0	0	0	0	373.844	817
67	50	0	0	0	0	379.099	818
67	53	0	0	0	0	379.003	819
67	53	0	0	0	0	430.673	820
68	53	0	0	0	0	405.657	821
67	53	0	0	0	0	401.499	822
67	52	0	0	0	0	400.281	823
69	52	0	0	0	0	400.949	824
69	52	0	0	0	0	402.139	825
69	52	0	0	0	0	403.626	826
65	54	0	0	0	0	387.168	827
64	54	0	0	0	0	386.781	828
61	54	0	0	0	0	403.095	829
65	56	0	0	0	0	377.214	830
64	54	0	0	0	0	377.885	831
66	57	0	0	0	0	406.69	832
62	55	0	0	0	0	409.979	833
62	54	0	0	0	0	423.536	834
59	54	0	0	0	0	383.317	835
60	54	0	0	0	0	392.595	836
60	54	0	0	0	0	378.806	837
61	53	0	0	0	0	419.387	838
62	52	0	0	0	0	384.802	839
61	51	0	0	0	0	373.727	840
60	51	0	0	0	0	370.639	841
62	56	0	0	0	0	362.993	842
55	60	0	0	0	0	391.945	843
55	62	0	0	0	0	409.67	844
55	60	0	0	0	0	367.894	845
56	59	0	0	0	0	370.901	846
57	59	0	0	0	0	370.805	847
58	57	0	0	0	0	329.475	848
58	57	0	0	0	0	354.023	849
58	57	0	0	0	0	351.892	850
53	56	0	0	0	0	347.77	851
57	58	0	0	0	0	354.233	852
54	57	0	0	0	0	382.546	853
56	55	0	0	0	0	385.961	854
56	53	0	0	0	0	369.34	855
56	53	0	0	0	0	359.318	856
56	51	0	0	0	0	321.454	857
56	53	0	0	0	0	390.857	858
56	53	0	0	0	0	376.893	859
56	55	0	0	0	0	401.864	860
58	53	0	0	0	0	379.113	861
58	53	0	0	0	0	366.671	862
58	51	0	0	0	0	375.192	863
58	50	0	0	0	0	396.327	864
58	48	0	0	0	0	363.695	865
57	48	0	0	0	0	366.833	866
57	47	0	0	0	0	387.275	867
59	47	0	0	0	0	367.271	868
57	46	0	0	0	0	365.096	869
57	46	0	0	0	0	378.04	870
57	45	0	0	0	0	323.007	871
58	44	0	0	0	0	350.535	872
57	44	0	0	0	0	352.456	873
56	43	0	0	0	0	372.382	874
56	43	0	0	0	0	344.254	875
56	42	0	0	0	0	345.971	876
57	42	0	0	0	0	344.913	877
57	42	0	0	0	0	348.984	878
60	42	0	0	0	0	328.285	879
60	43	0	0	0	0	337.481	880
61	42	0	0	0	0	349.164	881
61	42	0	0	0	0	313.979	882
61	41	0	0	0	0	384.062	883
62	41	0	0	0	0	358.965	884
62	49	0	0	0	0	377.701	885
62	49	0	0	0	0	364.538	886
63	49	0	0	0	0	372.16	887
63	48	0	0	0	0	369.109	888
64	48	0	0	0	0	373.008	889
64	48	0	0	0	0	400.872	890
64	48	0	0	0	0	405.037	891
64	48	0	0	0	0	388.139	892
65	48	0	0	0	0	372.616	893
59	47	0	0	0	0	374.506	894
58	48	0	0	0	0	377.198	895
58	48	0	0	0	0	363.291	896
58	48	0	0	0	0	384.857	897
58	50	0	0	0	0	397.308	898
59	50	0	0	0	0	389.985	899
59	51	0	0	0	0	378.858	900
60	51	0	0	0	0	385.899	901
60	51	0	0	0	0	388.392	902
60	52	0	0	0	0	407.626	903
59	53	0	0	0	0	385.713	904
58	52	0	0	0	0	394.271	905
58	53	0	0	0	0	375.68	906
60	53	0	0	0	0	385.689	907
60	56	0	0	0	0	405.314	908
60	56	0	0	0	0	390.796	909
61	57	0	0	0	0	425.567	910
60	57	0	0	0	0	338.229	911
61	57	0	0	0	0	374.032	912
63	58	0	0	0	0	446.649	913
64	58	0	0	0	0	423.872	914
64	60	0	0	0	0	451.444	915
65	60	0	0	0	0	451.558	916
65	60	0	0	0	0	459.557	917
64	58	0	0	0	0	421.84	918
63	57	0	0	0	0	410.388	919
63	57	0	0	0	0	386.191	920
62	59	0	0	0	0	465.204	921
62	59	0	0	0	0	440.473	922
62	58	0	0	0	0	428.205	923
62	58	0	0	0	0	419.441	924
62	58	0	0	0	0	424.702	925
62	58	0	0	0	0	426.67	926
62	57	0	0	0	0	384.686	927
62	57	0	0	0	0	390.174	928
64	57	0	0	0	0	438.956	929
60	56	0	0	0	0	416.464	930
60	58	0	0	0	0	436.746	931
60	56	0	0	0	0	357.173	932
61	56	0	0	0	0	385.986	933
62	56	0	0	0	0	422.095	934
62	56	0	0	0	0	419.743	935
62	56	0	0	0	0	408.062	936
62	56	0	0	0	0	419.968	937
62	56	0	0	0	0	418.923	938
61	56	0	0	0	0	421.664	939
57	56	0	0	0	0	417.016	940
57	58	0	0	0	0	389.334	941
57	58	0	0	0	0	408.169	942
57	58	0	0	0	0	415.613	943
57	58	0	0	0	0	402.402	944
57	62	0	0	0	0	432.271	945
57	62	0	0	0	0	402.838	946
57	62	0	0	0	0	393.46	947
57	61	0	0	0	0	414.158	948
58	61	0	0	0	0	422.533	949
58	61	0	0	0	0	414.235	950
58	59	0	0	0	0	440.462	951
58	59	0	0	0	0	428.873	952
58	59	0	0	0	0	431.591	953
57	59	0	0	0	0	405.876	954
57	60	0	0	0	0	427.325	955
57	60	0	0	0	0	391.85	956
58	59	0	0	0	0	408.724	957
58	59	0	0	0	0	415.106	958
58	58	0	0	0	0	401.303	959
58	57	0	0	0	0	437.012	960
58	56	0	0	0	0	382.601	961
59	56	0	0	0	0	401.917	962
60	56	0	0	0	0	402.15	963
55	56	0	0	0	0	378.844	964
55	55	0	0	0	0	392.53	965
55	55	0	0	0	0	368.949	966
55	54	0	0	0	0	375.917	967
55	51	0	0	0	0	360.958	968
53	49	0	0	0	0	390.496	969
53	49	0	0	0	0	367.554	970
52	49	0	0	0	0	340.851	971
51	49	0	0	0	0	372.906	972
51	51	0	0	0	0	350.606	973
51	51	0	0	0	0	343.45	974
49	53	0	0	0	0	341.574	975
49	54	0	0	0	0	370.945	976
50	53	0	0	0	0	360.828	977
50	53	0	0	0	0	384.648	978
50	53	0	0	0	0	335.077	979
43	56	0	0	0	0	332.125	980
43	55	0	0	0	0	377.587	981
42	55	0	0	0	0	328.162	982
42	54	0	0	0	0	325.729	983
43	52	0	0	0	0	335.782	984
42	54	0	0	0	0	313.765	985
42	53	0	0	0	0	302.24	986
42	52	0	0	0	0	318.744	987
41	51	0	0	0	0	299.868	988
40	53	0	0	0	0	333.807	989
39	52	0	0	0	0	294.247	990
39	52	0	0	0	0	328.944	991
39	53	0	0	0	0	317.854	992
38	56	0	0	0	0	344.95	993
37	57	0	0	0	0	325.488	994
37	61	0	0	0	0	358.044	995
36	60	0	0	0	0	323.398	996
35	60	0	0	0	0	317.652	997
33	61	0	0	0	0	331.886	998
32	61	0	0	0	0	294.225	999
32	62	0	0	0	0	317.158	1000
31	61	0	0	0	0	295.769	1001
28	61	0	0	0	0	288.862	1002
28	61	0	0	0	0	314.3	1003
25	61	0	0	0	0	296.259	1004
25	60	0	0	0	0	324.066	1005
26	61	0	0	0	0	316.703	1006
25	62	0	0	0	0	304.576	1007
25	63	0	0	0	0	332.618	1008
24	62	0	0	0	0	292.696	1009
24	63	0	0	0	0	299.115	1010
23	63	0	0	0	0	300.592	1011
23	63	0	0	0	0	319.854	1012
23	62	0	0	0	0	292.31	1013
23	61	0	0	0	0	290.165	1014
23	61	0	0	0	0	278.091	1015
23	60	0	0	0	0	310.873	1016
21	60	0	0	0	0	268.872	1017
21	60	0	0	0	0	284.034	1018
21	59	0	0	0	0	286.546	1019
21	63	0	0	0	0	309.908	1020
21	63	0	0	0	0	261.98	1021
21	62	0	0	0	0	279.422	1022
22	62	0	0	0	0	280.176	1023
22	61	0	0	0	0	283.68	1024
22	62	0	0	0	0	289.846	1025
22	63	0	0	0	0	267.033	1026
22	63	0	0	0	0	312.958	1027
22	62	0	0	0	0	275.782	1028
16	62	0	0	0	0	262.276	1029
16	63	0	0	0	0	237.883	1030
16	62	0	0	0	0	244.593	1031
16	62	0	0	0	0	272.549	1032
16	62	0	0	0	0	254.292	1033
15	62	0	0	0	0	238.916	1034
15	59	0	0	0	0	264.931	1035
14	58	0	0	0	0	259.202	1036
14	57	0	0	0	0	223.724	1037
14	57	0	0	0	0	220.565	1038
14	56	0	0	0	0	248.88	1039
14	56	0	0	0	0	227.15	1040
14	63	0	0	0	0	227.467	1041
14	62	0	0	0	0	249.497	1042
13	62	0	0	0	0	228.804	1043
13	62	0	0	0	0	256.683	1044
13	62	0	0	0	0	258.666	1045
13	62	0	0	0	0	250.471	1046
13	61	0	0	0	0	237.546	1047
12	63	0	0	0	0	269.503	1048
12	64	0	0	0	0	232.526	1049
9	62	0	0	0	0	223.008	1050
7	62	0	0	0	0	231.565	1051
7	61	0	0	0	0	229.054	1052
7	60	0	0	0	0	231.043	1053
7	64	0	0	0	0	248.15	1054
7	61	0	0	0	0	237.883	1055
7	61	0	0	0	0	258.357	1056
7	61	0	0	0	0	230.803	1057
6	61	0	0	0	0	224.538	1058
6	60	0	0	0	0	211.135	1059
6	60	0	0	0	0	246.361	1060
6	60	0	0	0	0	227.468	1061
6	62	0	0	0	0	252.011	1062
5	62	0	0	0	0	225.482	1063
5	64	0	0	0	0	224.906	1064
5	63	0	0	0	0	254.813	1065
5	62	0	0	0	0	232.969	1066
5	63	0	0	0	0	223.993	1067
5	63	0	0	0	0	247.608	1068
2	64	0	0	0	0	231.471	1069
2	64	0	0	0	0	246.094	1070
2	64	0	0	0	0	226.703	1071
2	64	0	0	0	0	221.52	1072
0	63	0	0	0	0	215.235	1073
1	65	0	0	0	0	207.174	1074
2	63	0	0	0	0	189.442	1075
2	62	0	0	0	0	189.57	1076
12	62	0	0	0	0	235.482	1077
18	62	0	0	0	0	211.293	1078
22	62	0	0	0	0	234.512	1079
26	62	0	0	0	0	310.646	1080
28	60	0	0	0	0	284.176	1081
34	63	0	0	0	0	345.422	1082
38	63	0	0	0	0	334.44	1083
39	64	0	0	0	0	361.218	1084
41	64	0	0	0	0	337.949	1085
42	64	0	0	0	0	338.731	1086
44	64	0	0	0	0	363.769	1087
44	64	0	0	0	0	332.048	1088
48	64	0	0	0	0	357.195	1089
50	65	0	0	0	0	409.493	1090
52	64	0	0	0	0	380.824	1091
52	64	0	0	0	0	381.772	1092
52	64	0	0	0	0	409.874	1093
54	64	0	0	0	0	395.499	1094
54	63	0	0	0	0	433.334	1095
54	62	0	0	0	0	407.396	1096
55	62	0	0	0	0	426.209	1097
56	61	0	0	0	0	446.859	1098
56	61	0	0	0	0	388.073	1099
57	61	0	0	0	0	398.766	1100
57	61	0	0	0	0	395.189	1101
59	60	0	0	0	0	419.971	1102
60	60	0	0	0	0	428.702	1103
60	60	0	0	0	0	441.142	1104
61	60	0	0	0	0	444.892	1105
61	59	0	0	0	0	426.538	1106
62	59	0	0	0	0	465.556	1107
63	59	0	0	0	0	429.143	1108
64	60	0	0	0	0	439.224	1109
66	60	0	0	0	0	444.221	1110
66	60	0	0	0	0	432.752	1111
67	60	0	0	0	0	441.782	1112
67	62	0	0	0	0	487.209	1113
67	62	0	0	0	0	432.963	1114
68	61	0	0	0	0	482.319	1115
68	63	0	0	0	0	453.751	1116
68	62	0	0	0	0	457.008	1117
68	63	0	0	0	0	449.238	1118
69	61	0	0	0	0	453.65	1119
70	61	0	0	0	0	463.615	1120
70	61	0	0	0	0	490.142	1121
71	61	0	0	0	0	492.28	1122
71	64	0	0	0	0	467.533	1123
72	64	0	0	0	0	461.174	1124
74	62	0	0	0	0	441.964	1125
74	61	0	0	0	0	518.871	1126
75	61	0	0	0	0	477.435	1127
75	61	0	0	0	0	494.1	1128
76	61	0	0	0	0	464.702	1129
76	63	0	0	0	0	506.446	1130
76	63	0	0	0	0	507.316	1131
76	64	0	0	0	0	496.562	1132
79	65	0	0	0	0	497.46	1133
78	65	0	0	0	0	492.148	1134
79	63	0	0	0	0	492.804	1135
79	63	0	0	0	0	483.873	1136
80	63	0	0	0	0	492.486	1137
81	63	0	0	0	0	486.875	1138
81	65	0	0	0	0	484.155	1139
81	64	0	0	0	0	538.24	1140
82	63	0	0	0	0	500.986	1141
82	61	0	0	0	0	458.626	1142
85	58	0	0	0	0	463.374	1143
85	59	0	0	0	0	527.235	1144
85	57	0	0	0	0	462.427	1145
85	55	0	0	0	0	463.767	1146
87	54	0	0	0	0	500.361	1147
87	54	0	0	0	0	497.272	1148
87	55	0	0	0	0	518.717	1149
87	55	0	0	0	0	520.902	1150
87	54	0	0	0	0	499.396	1151
87	57	0	0	0	0	477.826	1152
85	56	0	0	0	0	492.808	1153
85	58	0	0	0	0	532.41	1154
85	58	0	0	0	0	473.357	1155
85	57	0	0	0	0	468.42	1156
87	57	0	0	0	0	525.108	1157
86	59	0	0	0	0	492.074	1158
87	61	0	0	0	0	534.249	1159
87	61	0	0	0	0	551.865	1160
87	61	0	0	0	0	515.583	1161
88	61	0	0	0	0	472.017	1162
80	60	0	0	0	0	480.478	1163
81	64	0	0	0	0	522.856	1164
81	63	0	0	0	0	465.62	1165
82	64	0	0	0	0	512.125	1166
81	63	0	0	0	0	461.095	1167
82	64	0	0	0	0	491.51	1168
82	65	0	0	0	0	488.762	1169
82	64	0	0	0	0	485.204	1170
78	66	0	0	0	0	471.638	1171
79	68	0	0	0	0	426.323	1172
64	67	0	0	0	0	400.208	1173
61	67	0	0	0	0	419.865	1174
51	68	0	0	0	0	404.268	1175
51	68	0	0	0	0	393.299	1176
52	67	0	0	0	0	450.044	1177
51	67	0	0	0	0	412.762	1178
51	68	0	0	0	0	443.051	1179
50	68	0	0	0	0	387.827	1180
49	67	0	0	0	0	381.767	1181
52	67	0	0	0	0	388.02	1182
52	67	0	0	0	0	412.386	1183
52	66	0	0	0	0	357.752	1184
52	66	0	0	0	0	367.543	1185
53	67	0	0	0	0	394.267	1186
54	67	0	0	0	0	361.58	1187
51	66	0	0	0	0	351.574	1188
51	65	0	0	0	0	359.182	1189
50	67	0	0	0	0	367.311	1190
50	62	0	0	0	0	390.915	1191
53	62	0	0	0	0	368.233	1192
53	62	0	0	0	0	361.602	1193
53	62	0	0	0	0	355.775	1194
53	63	0	0	0	0	411.791	1195
53	63	0	0	0	0	400.088	1196
53	63	0	0	0	0	424.644	1197
52	62	0	0	0	0	420.172	1198
53	62	0	0	0	0	398.823	1199
53	62	0	0	0	0	419.197	1200
54	61	0	0	0	0	369.062	1201
55	61	0	0	0	0	364.618	1202
56	61	0	0	0	0	316.559	1203
57	58	0	0	0	0	424.195	1204
58	57	0	0	0	0	352.358	1205
58	58	0	0	0	0	405.497	1206
58	57	0	0	0	0	423.816	1207
59	58	0	0	0	0	425.078	1208
59	58	0	0	0	0	394.83	1209
61	59	0	0	0	0	399.069	1210
61	57	0	0	0	0	385.314	1211
61	56	0	0	0	0	417.281	1212
61	55	0	0	0	0	402.339	1213
63	53	0	0	0	0	371.554	1214
58	52	0	0	0	0	401.571	1215
59	56	0	0	0	0	412.016	1216
59	56	0	0	0	0	377.5	1217
61	57	0	0	0	0	387.539	1218
61	55	0	0	0	0	409.172	1219
61	55	0	0	0	0	409.096	1220
61	54	0	0	0	0	403.178	1221
61	54	0	0	0	0	423.651	1222
61	54	0	0	0	0	383.679	1223
62	53	0	0	0	0	381.522	1224
57	53	0	0	0	0	372.398	1225
57	53	0	0	0	0	378.94	1226
58	53	0	0	0	0	379.113	1227
59	52	0	0	0	0	407.052	1228
60	52	0	0	0	0	374.922	1229
60	52	0	0	0	0	390.525	1230
60	51	0	0	0	0	387.933	1231
61	48	0	0	0	0	368.886	1232
61	48	0	0	0	0	372.102	1233
62	48	0	0	0	0	399.774	1234
62	48	0	0	0	0	372.939	1235
63	48	0	0	0	0	379.333	1236
64	47	0	0	0	0	360.562	1237
64	47	0	0	0	0	380.499	1238
65	47	0	0	0	0	385.605	1239
65	46	0	0	0	0	362.438	1240
65	46	0	0	0	0	398.135	1241
67	46	0	0	0	0	369.123	1242
68	49	0	0	0	0	421.59	1243
68	49	0	0	0	0	393.734	1244
68	49	0	0	0	0	420.071	1245
69	49	0	0	0	0	417.11	1246
69	48	0	0	0	0	366.29	1247
69	50	0	0	0	0	418.126	1248
70	49	0	0	0	0	379.374	1249
71	51	0	0	0	0	380.797	1250
71	52	0	0	0	0	419.979	1251
69	52	0	0	0	0	398.015	1252
69	52	0	0	0	0	391.22	1253
68	52	0	0	0	0	407.842	1254
68	50	0	0	0	0	405.558	1255
69	49	0	0	0	0	388.991	1256
71	47	0	0	0	0	427.368	1257
68	47	0	0	0	0	391.677	1258
69	47	0	0	0	0	403.447	1259
69	47	0	0	0	0	416.897	1260
70	46	0	0	0	0	416.822	1261
71	45	0	0	0	0	409.073	1262
71	45	0	0	0	0	414.05	1263
71	44	0	0	0	0	369.624	1264
73	44	0	0	0	0	383.541	1265
73	46	0	0	0	0	401.806	1266
76	48	0	0	0	0	402.432	1267
76	48	0	0	0	0	449.503	1268
74	48	0	0	0	0	396.503	1269
75	48	0	0	0	0	409.375	1270
75	48	0	0	0	0	423.779	1271
76	48	0	0	0	0	418.34	1272
76	47	0	0	0	0	413.842	1273
77	49	0	0	0	0	467.776	1274
74	49	0	0	0	0	421.025	1275
71	48	0	0	0	0	369.453	1276
72	48	0	0	0	0	415.212	1277
71	48	0	0	0	0	417.914	1278
71	50	0	0	0	0	432.609	1279
70	48	0	0	0	0	408.785	1280
70	47	0	0	0	0	402.662	1281
70	47	0	0	0	0	390.468	1282
60	46	0	0	0	0	360.463	1283
61	49	0	0	0	0	377.216	1284
60	49	0	0	0	0	404.664	1285
61	50	0	0	0	0	371.191	1286
61	49	0	0	0	0	365.787	1287
58	48	0	0	0	0	361.878	1288
58	47	0	0	0	0	350.811	1289
57	46	0	0	0	0	313.821	1290
56	45	0	0	0	0	362.406	1291
56	46	0	0	0	0	366.148	1292
51	47	0	0	0	0	312.032	1293
51	46	0	0	0	0	349.475	1294
50	44	0	0	0	0	333.246	1295
51	44	0	0	0	0	359.82	1296
51	44	0	0	0	0	319.417	1297
53	44	0	0	0	0	334.252	1298
53	44	0	0	0	0	354.636	1299
53	43	0	0	0	0	355.721	1300
53	41	0	0	0	0	264.516	1301
54	41	0	0	0	0	294.798	1302
54	40	0	0	0	0	300.14	1303
54	41	0	0	0	0	299.438	1304
54	41	0	0	0	0	305.798	1305
54	39	0	0	0	0	298.05	1306
55	38	0	0	0	0	299.133	1307
55	36	0	0	0	0	308.091	1308
55	34	0	0	0	0	329.229	1309
56	33	0	0	0	0	310.528	1310
56	33	0	0	0	0	301.037	1311
56	33	0	0	0	0	304.927	1312
56	33	0	0	0	0	329.24	1313
57	34	0	0	0	0	302.062	1314
57	35	0	0	0	0	314.183	1315
57	34	0	0	0	0	314.856	1316
57	33	0	0	0	0	305.157	1317
58	33	0	0	0	0	311.836	1318
59	33	0	0	0	0	314.29	1319
56	31	0	0	0	0	276.437	1320
56	31	0	0	0	0	306.184	1321
57	29	0	0	0	0	323.765	1322
57	29	0	0	0	0	288.839	1323
58	29	0	0	0	0	316.778	1324
59	29	0	0	0	0	306.166	1325
59	30	0	0	0	0	305.504	1326
59	30	0	0	0	0	287.731	1327
59	30	0	0	0	0	303.444	1328
60	30	0	0	0	0	287.274	1329
58	31	0	0	0	0	318.793	1330
58	31	0	0	0	0	305.049	1331
58	31	0	0	0	0	306.328	1332
59	31	0	0	0	0	310.744	1333
60	31	0	0	0	0	324.648	1334
61	28	0	0	0	0	251.328	1335
61	30	0	0	0	0	281.557	1336
61	30	0	0	0	0	275.22	1337
65	31	0	0	0	0	288.142	1338
65	30	0	0	0	0	262.824	1339
65	30	0	0	0	0	261.426	1340
66	31	0	0	0	0	255.799	1341
63	33	0	0	0	0	254.604	1342
62	33	0	0	0	0	269.338	1343
59	33	0	0	0	0	276.636	1344
59	33	0	0	0	0	285.105	1345
59	33	0	0	0	0	271.693	1346
59	32	0	0	0	0	281.35	1347
59	31	0	0	0	0	273.334	1348
60	32	0	0	0	0	278.391	1349
60	32	0	0	0	0	287.238	1350
59	32	0	0	0	0	285.943	1351
59	33	0	0	0	0	286.621	1352
58	33	0	0	0	0	283.062	1353
57	34	0	0	0	0	325.653	1354
58	34	0	0	0	0	317.355	1355
58	35	0	0	0	0	319.772	1356
64	35	0	0	0	0	348.81	1357
65	35	0	0	0	0	336.951	1358
65	35	0	0	0	0	340.823	1359
65	36	0	0	0	0	347.058	1360
65	36	0	0	0	0	340.207	1361
65	34	0	0	0	0	351.279	1362
65	34	0	0	0	0	356.669	1363
65	34	0	0	0	0	338.9	1364
65	33	0	0	0	0	355.147	1365
61	33	0	0	0	0	338.117	1366
63	33	0	0	0	0	329.001	1367
63	33	0	0	0	0	318.347	1368
62	33	0	0	0	0	365.046	1369
62	34	0	0	0	0	335.412	1370
61	34	0	0	0	0	340.997	1371
63	34	0	0	0	0	314.129	1372
64	35	0	0	0	0	342.673	1373
64	35	0	0	0	0	353.176	1374
64	34	0	0	0	0	377.59	1375
65	34	0	0	0	0	329.892	1376
64	35	0	0	0	0	346.897	1377
65	35	0	0	0	0	342.711	1378
65	34	0	0	0	0	341.295	1379
65	34	0	0	0	0	363.248	1380
59	34	0	0	0	0	296.03	1381
56	33	0	0	0	0	316.284	1382
56	33	0	0	0	0	299.705	1383
57	32	0	0	0	0	342.878	1384
57	32	0	0	0	0	316.425	1385
60	32	0	0	0	0	320.665	1386
59	32	0	0	0	0	308.744	1387
71	35	0	0	0	0	264.341	1388
66	35	0	0	0	0	293.663	1389
66	35	0	0	0	0	271.975	1390
65	34	0	0	0	0	291.148	1391
63	34	0	0	0	0	319.15	1392
62	33	0	0	0	0	329.09	1393
58	33	0	0	0	0	316.463	1394
56	33	0	0	0	0	302.721	1395
57	33	0	0	0	0	302.568	1396
52	32	0	0	0	0	308.909	1397
53	33	0	0	0	0	309.793	1398
53	33	0	0	0	0	319.188	1399
53	33	0	0	0	0	290.586	1400
56	33	0	0	0	0	332.69	1401
55	33	0	0	0	0	312.575	1402
55	33	0	0	0	0	315.536	1403
55	33	0	0	0	0	344.992	1404
56	33	0	0	0	0	285.59	1405
56	32	0	0	0	0	335.537	1406
56	32	0	0	0	0	310.138	1407
55	32	0	0	0	0	324.935	1408
55	32	0	0	0	0	321.589	1409
55	33	0	0	0	0	302.834	1410
55	33	0	0	0	0	293.486	1411
55	33	0	0	0	0	298.425	1412
55	33	0	0	0	0	306.719	1413
57	33	0	0	0	0	313.681	1414
55	33	0	0	0	0	275.902	1415
55	34	0	0	0	0	280.525	1416
53	33	0	0	0	0	289.712	1417
53	32	0	0	0	0	304.934	1418
53	32	0	0	0	0	296.894	1419
53	32	0	0	0	0	312.262	1420
53	32	0	0	0	0	247.909	1421
53	31	0	0	0	0	255.649	1422
53	31	0	0	0	0	282.619	1423
53	30	0	0	0	0	307.346	1424
53	30	0	0	0	0	304.015	1425
53	30	0	0	0	0	272.399	1426
53	31	0	0	0	0	304.091	1427
51	31	0	0	0	0	274.697	1428
54	31	0	0	0	0	320.527	1429
54	31	0	0	0	0	294.52	1430
54	32	0	0	0	0	304.408	1431
54	33	0	0	0	0	305.076	1432
54	33	0	0	0	0	302.819	1433
54	33	0	0	0	0	307.438	1434
54	34	0	0	0	0	301.845	1435
56	34	0	0	0	0	313.43	1436
50	29	0	0	0	0	272.716	1437
0	0	0	0	0	0	nan	1438
0	0	0	0	0	0	nan	1439
0	0	0	0	0	0	nan	1440
0	0	0	0	0	0	nan	1441
0	0	0	0	0	0	nan	1442
0	0	0	0	0	0	nan	1443
0	0	0	0	0	0	nan	1444
0	0	0	0	0	0	nan	1445
0	0	0	0	0	0	nan	1446
0	0	0	0	0	0	nan	1447
0	0	0	0	0	0	nan	1448
0	0	0	0	0	0	nan	1449
0	0	0	0	0	0	nan	1450
0	0	0	0	0	0	nan	1451
0	0	0	0	0	0	nan	1452
0	0	0	0	0	0	nan	1453
0	0	0	0	0	0	nan	1454
0	0	0	0	0	0	nan	1455
0	0	0	0	0	0	nan	1456
0	0	0	0	0	0	nan	1457
0	0	0	0	0	0	nan	1458
0	0	0	0	0	0	nan	1459
0	0	0	0	0	0	nan	1460
0	0	0	0	0	0	nan	1461
0	0	0	0	0	0	nan	1462
0	0	0	0	0	0	nan	1463
0	0	0	0	0	0	nan	1464
0	0	0	0	0	0	nan	1465
0	0	0	0	0	0	nan	1466
0	0	0	0	0	0	nan	1467
0	0	0	0	0	0	nan	1468
0	0	0	0	0	0	nan	1469
0	0	0	0	0	0	nan	1470
0	0	0	0	0	0	nan	1471
0	0	0	0	0	0	nan	1472
0	0	0	0	0	0	nan	1473
0	0	0	0	0	0	nan	1474
0	0	0	0	0	0	nan	1475
0	0	0	0	0	0	nan	1476
0	0	0	0	0	0	nan	1477
0	0	0	0	0	0	nan	1478
0	0	0	0	0	0	nan	1479
0	0	0	0	0	0	nan	1480
0	0	0	0	0	0	nan	1481
0	0	0	0	0	0	nan	1482
0	0	0	0	0	0	nan	1483
0	0	0	0	0	0	nan	1484
0	0	0	0	0	0	nan	1485
0	0	0	0	0	0	nan	1486
0	0	0	0	0	0	nan	1487
0	0	0	0	0	0	nan	1488
0	0	0	0	0	0	nan	1489
0	0	0	0	0	0	nan	1490
0	0	0	0	0	0	nan	1491
0	0	0	0	0	0	nan	1492
0	0	0	0	0	0	nan	1493
0	0	0	0	0	0	nan	1494
0	0	0	0	0	0	nan	1495
0	0	0	0	0	0	nan	1496
0	0	0	0	0	0	nan	1497
0	0	0	0	0	0	nan	1498
0	0	0	0	0	0	nan	1499
0	0	0	0	0	0	nan	1500
0	0	0	0	0	0	nan	1501
