unique_top_cov	unique_bot_cov	redundant_top_cov	redundant_bot_cov	raw_redundant_top_cov	raw_redundant_bot_cov	e_value	position
2	0	0	0	0	0	nan	1
2	0	0	0	0	0	-1.35116	2
2	0	0	0	0	0	-1.35116	3
2	0	0	0	0	0	0.293564	4
2	0	0	0	0	0	-1.93651	5
2	0	0	0	0	0	0.922333	6
5	0	0	0	0	0	0.694454	7
5	0	0	0	0	0	10.0413	8
5	0	0	0	0	0	10.7227	9
6	1	0	0	0	0	6.73201	10
6	1	0	0	0	0	18.4915	11
6	1	0	0	0	0	15.4098	12
7	2	0	0	0	0	15.4082	13
7	2	0	0	0	0	22.1123	14
7	3	0	0	0	0	24.6292	15
7	3	0	0	0	0	24.4325	16
7	3	0	0	0	0	16.9853	17
7	3	0	0	0	0	26.0801	18
7	3	0	0	0	0	29.069	19
8	3	0	0	0	0	28.4728	20
9	3	0	0	0	0	36.2693	21
10	3	0	0	0	0	33.684	22
10	3	0	0	0	0	32.366	23
10	3	0	0	0	0	36.1714	24
10	3	0	0	0	0	35.1627	25
10	3	0	0	0	0	33.7206	26
10	3	0	0	0	0	31.2755	27
11	3	0	0	0	0	40.1945	28
11	3	0	0	0	0	37.3952	29
12	3	0	0	0	0	37.7066	30
12	3	0	0	0	0	46.4044	31
13	3	0	0	0	0	45.9392	32
13	4	0	0	0	0	49.282	33
14	4	0	0	0	0	52.8884	34
14	4	0	0	0	0	42.4436	35
14	4	0	0	0	0	52.0985	36
15	4	0	0	0	0	58.6172	37
15	5	0	0	0	0	62.511	38
15	5	0	0	0	0	67.6518	39
15	5	0	0	0	0	56.6866	40
17	5	0	0	0	0	59.1986	41
17	5	0	0	0	0	68.2785	42
17	5	0	0	0	0	74.1161	43
17	5	0	0	0	0	64.2995	44
17	5	0	0	0	0	61.299	45
17	5	0	0	0	0	76.7477	46
18	5	0	0	0	0	67.8756	47
18	5	0	0	0	0	80.7452	48
18	5	0	0	0	0	70.9331	49
19	5	0	0	0	0	81.6086	50
19	5	0	0	0	0	70.6098	51
19	5	0	0	0	0	72.803	52
19	5	0	0	0	0	81.4819	53
19	5	0	0	0	0	74.178	54
19	6	0	0	0	0	84.3152	55
19	6	0	0	0	0	78.944	56
19	6	0	0	0	0	85.198	57
19	6	0	0	0	0	83.4412	58
19	6	0	0	0	0	83.154	59
20	6	0	0	0	0	87.4243	60
20	6	0	0	0	0	86.2295	61
20	6	0	0	0	0	93.2206	62
20	7	0	0	0	0	92.081	63
20	7	0	0	0	0	84.5505	64
20	7	0	0	0	0	83.8973	65
20	7	0	0	0	0	95.6112	66
20	7	0	0	0	0	99.2791	67
20	7	0	0	0	0	89.0081	68
21	7	0	0	0	0	88.9627	69
21	7	0	0	0	0	94.1411	70
21	7	0	0	0	0	93.87	71
21	7	0	0	0	0	96.5715	72
21	8	0	0	0	0	100.223	73
23	8	0	0	0	0	98.5047	74
23	8	0	0	0	0	110.295	75
23	9	0	0	0	0	112.968	76
23	9	0	0	0	0	104.996	77
23	10	0	0	0	0	98.7577	78
23	11	0	0	0	0	101.054	79
23	11	0	0	0	0	103.8	80
22	11	0	0	0	0	100.343	81
23	12	0	0	0	0	108.869	82
23	12	0	0	0	0	111.653	83
22	12	0	0	0	0	118.434	84
22	12	0	0	0	0	114.663	85
22	12	0	0	0	0	119.235	86
22	12	0	0	0	0	112.174	87
21	12	0	0	0	0	114.205	88
21	12	0	0	0	0	115.237	89
21	12	0	0	0	0	117.522	90
20	12	0	0	0	0	98.4093	91
20	13	0	0	0	0	86.0079	92
20	14	0	0	0	0	109.575	93
20	14	0	0	0	0	96.2301	94
22	17	0	0	0	0	104.142	95
22	17	0	0	0	0	111.105	96
20	17	0	0	0	0	130.178	97
20	17	0	0	0	0	117.596	98
20	17	0	0	0	0	122.986	99
20	17	0	0	0	0	121.841	100
20	19	0	0	0	0	136.324	101
21	19	0	0	0	0	125.472	102
21	20	0	0	0	0	145.375	103
21	20	0	0	0	0	124.095	104
21	20	0	0	0	0	141.145	105
21	21	0	0	0	0	133.853	106
22	21	0	0	0	0	136.224	107
22	21	0	0	0	0	132.861	108
22	22	0	0	0	0	158.894	109
21	22	0	0	0	0	143.966	110
21	23	0	0	0	0	152.956	111
21	23	0	0	0	0	148.943	112
21	23	0	0	0	0	163.878	113
21	23	0	0	0	0	150.405	114
20	23	0	0	0	0	148.556	115
20	24	0	0	0	0	151.964	116
20	24	0	0	0	0	162.732	117
20	24	0	0	0	0	141.197	118
21	24	0	0	0	0	157.013	119
20	24	0	0	0	0	142.951	120
21	25	0	0	0	0	139.836	121
21	25	0	0	0	0	143.597	122
21	25	0	0	0	0	142.423	123
21	25	0	0	0	0	142.093	124
22	25	0	0	0	0	155.859	125
23	25	0	0	0	0	138.313	126
23	25	0	0	0	0	142.506	127
24	25	0	0	0	0	138.693	128
24	24	0	0	0	0	140.099	129
23	24	0	0	0	0	143.521	130
23	24	0	0	0	0	171.365	131
23	24	0	0	0	0	161.265	132
23	24	0	0	0	0	173.752	133
23	25	0	0	0	0	173.371	134
23	25	0	0	0	0	173.654	135
23	25	0	0	0	0	181.548	136
24	25	0	0	0	0	155.753	137
24	25	0	0	0	0	160.604	138
24	25	0	0	0	0	148.678	139
24	27	0	0	0	0	153.814	140
24	27	0	0	0	0	145.375	141
26	27	0	0	0	0	146.983	142
24	26	0	0	0	0	143.805	143
24	27	0	0	0	0	12.2606	144
24	27	0	0	0	0	175.529	145
24	28	0	0	0	0	181.111	146
24	28	0	0	0	0	180.542	147
22	28	0	0	0	0	163.842	148
21	28	0	0	0	0	164.299	149
21	27	0	0	0	0	168.012	150
21	27	0	0	0	0	165.508	151
23	27	0	0	0	0	152.596	152
23	26	0	0	0	0	160.011	153
23	25	0	0	0	0	180.724	154
23	25	0	0	0	0	164.723	155
23	25	0	0	0	0	171.046	156
23	25	0	0	0	0	171.756	157
23	25	0	0	0	0	164.229	158
23	25	0	0	0	0	165.626	159
21	25	0	0	0	0	2.65598	160
21	26	0	0	0	0	165.316	161
21	25	0	0	0	0	150.829	162
21	25	0	0	0	0	160.85	163
21	25	0	0	0	0	172.686	164
21	25	0	0	0	0	176.127	165
21	25	0	0	0	0	140.353	166
21	25	0	0	0	0	149.155	167
21	25	0	0	0	0	163.718	168
21	25	0	0	0	0	171.487	169
21	25	0	0	0	0	152.547	170
21	25	0	0	0	0	162.228	171
21	25	0	0	0	0	146.954	172
21	25	0	0	0	0	164.627	173
20	25	0	0	0	0	150.705	174
20	25	0	0	0	0	153.489	175
20	25	0	0	0	0	136.559	176
20	25	0	0	0	0	155.572	177
20	25	0	0	0	0	150.58	178
20	25	0	0	0	0	149.315	179
19	25	0	0	0	0	121.169	180
20	25	0	0	0	0	135.419	181
18	24	0	0	0	0	133.776	182
17	22	0	0	0	0	130.866	183
17	23	0	0	0	0	132.539	184
17	23	0	0	0	0	146.5	185
17	23	0	0	0	0	127.778	186
19	23	0	0	0	0	136.886	187
19	22	0	0	0	0	136.154	188
19	23	0	0	0	0	138.316	189
19	23	0	0	0	0	128.237	190
19	24	0	0	0	0	142.107	191
19	24	0	0	0	0	152.892	192
19	24	0	0	0	0	144.667	193
19	24	0	0	0	0	142.941	194
19	24	0	0	0	0	139.268	195
19	24	0	0	0	0	145.82	196
19	24	0	0	0	0	152.178	197
19	25	0	0	0	0	146.613	198
19	24	0	0	0	0	143.933	199
19	24	0	0	0	0	146.4	200
18	24	0	0	0	0	149.73	201
19	23	0	0	0	0	42.6018	202
20	23	0	0	0	0	136.142	203
20	24	0	0	0	0	126.246	204
20	23	0	0	0	0	148.731	205
20	23	0	0	0	0	131.465	206
20	24	0	0	0	0	127.438	207
20	24	0	0	0	0	132.783	208
20	24	0	0	0	0	145.238	209
20	25	0	0	0	0	135.151	210
21	24	0	0	0	0	139.258	211
21	25	0	0	0	0	160.171	212
21	24	0	0	0	0	129.346	213
21	24	0	0	0	0	138.14	214
18	25	0	0	0	0	134.692	215
18	25	0	0	0	0	156.222	216
18	26	0	0	0	0	150.302	217
18	26	0	0	0	0	154.271	218
18	26	0	0	0	0	136.925	219
18	26	0	0	0	0	152.299	220
17	26	0	0	0	0	143.331	221
17	26	0	0	0	0	149.217	222
17	24	0	0	0	0	5.16793	223
19	25	0	0	0	0	135.693	224
19	25	0	0	0	0	137.811	225
20	25	0	0	0	0	147.19	226
20	23	0	0	0	0	142.031	227
20	23	0	0	0	0	152.877	228
21	23	0	0	0	0	141.502	229
22	23	0	0	0	0	151.811	230
21	23	0	0	0	0	139.815	231
21	21	0	0	0	0	142.146	232
21	22	0	0	0	0	118.037	233
22	22	0	0	0	0	140.106	234
22	22	0	0	0	0	150.636	235
22	21	0	0	0	0	136.431	236
22	20	0	0	0	0	138.078	237
22	20	0	0	0	0	137.044	238
23	20	0	0	0	0	135.65	239
23	20	0	0	0	0	138.029	240
23	20	0	0	0	0	128.579	241
23	20	0	0	0	0	133.205	242
23	18	0	0	0	0	133.905	243
23	19	0	0	0	0	129.185	244
22	19	0	0	0	0	144.406	245
22	19	0	0	0	0	132.369	246
22	19	0	0	0	0	142.666	247
22	19	0	0	0	0	136.737	248
22	19	0	0	0	0	143.298	249
23	19	0	0	0	0	132.483	250
23	20	0	0	0	0	133.654	251
23	20	0	0	0	0	150.481	252
23	20	0	0	0	0	149.404	253
23	20	0	0	0	0	133.9	254
23	20	0	0	0	0	146.127	255
23	20	0	0	0	0	160.711	256
24	20	0	0	0	0	134.22	257
26	20	0	0	0	0	142.818	258
26	20	0	0	0	0	143.874	259
26	20	0	0	0	0	148.9	260
26	18	0	0	0	0	145.054	261
26	18	0	0	0	0	144.677	262
26	17	0	0	0	0	141.767	263
26	17	0	0	0	0	152.261	264
26	16	0	0	0	0	136.152	265
26	16	0	0	0	0	150.913	266
27	16	0	0	0	0	137.737	267
27	17	0	0	0	0	148.947	268
26	17	0	0	0	0	145.814	269
26	17	0	0	0	0	150.979	270
26	18	0	0	0	0	145.132	271
25	18	0	0	0	0	139.07	272
25	17	0	0	0	0	155.315	273
24	17	0	0	0	0	124.836	274
24	17	0	0	0	0	129.283	275
25	17	0	0	0	0	133.563	276
26	17	0	0	0	0	143.338	277
26	16	0	0	0	0	112.126	278
26	15	0	0	0	0	138.714	279
26	15	0	0	0	0	124.689	280
26	16	0	0	0	0	137.533	281
26	16	0	0	0	0	125.949	282
26	17	0	0	0	0	143.767	283
25	15	0	0	0	0	119.459	284
25	15	0	0	0	0	114.962	285
25	16	0	0	0	0	124.194	286
24	15	0	0	0	0	118.464	287
24	16	0	0	0	0	138.172	288
24	16	0	0	0	0	126.154	289
24	16	0	0	0	0	132.764	290
24	16	0	0	0	0	135.922	291
23	16	0	0	0	0	121.164	292
24	16	0	0	0	0	116.437	293
25	14	0	0	0	0	123.632	294
24	14	0	0	0	0	126.015	295
23	14	0	0	0	0	128.509	296
24	14	0	0	0	0	122.261	297
24	14	0	0	0	0	122.098	298
25	14	0	0	0	0	128.103	299
25	14	0	0	0	0	137.711	300
26	14	0	0	0	0	138.508	301
26	15	0	0	0	0	135.583	302
26	15	0	0	0	0	148.405	303
25	15	0	0	0	0	137.988	304
25	15	0	0	0	0	132.903	305
25	15	0	0	0	0	132.739	306
25	15	0	0	0	0	137.801	307
25	14	0	0	0	0	135.028	308
25	14	0	0	0	0	134.345	309
25	14	0	0	0	0	132.546	310
25	14	0	0	0	0	129.884	311
25	14	0	0	0	0	143.639	312
25	15	0	0	0	0	144.605	313
25	15	0	0	0	0	106.159	314
25	15	0	0	0	0	134.556	315
26	15	0	0	0	0	147.677	316
26	15	0	0	0	0	140.743	317
26	15	0	0	0	0	139.069	318
25	15	0	0	0	0	144.173	319
26	15	0	0	0	0	132.218	320
26	16	0	0	0	0	136.339	321
26	15	0	0	0	0	141.432	322
26	15	0	0	0	0	129.809	323
26	15	0	0	0	0	153.841	324
26	15	0	0	0	0	135.783	325
27	15	0	0	0	0	156.371	326
27	15	0	0	0	0	136.696	327
27	15	0	0	0	0	137.063	328
27	15	0	0	0	0	152.306	329
27	15	0	0	0	0	157.388	330
26	15	0	0	0	0	151.845	331
26	15	0	0	0	0	136.833	332
26	16	0	0	0	0	134.611	333
27	17	0	0	0	0	140.635	334
28	17	0	0	0	0	142.258	335
28	17	0	0	0	0	155.616	336
26	17	0	0	0	0	151.169	337
26	17	0	0	0	0	152.296	338
26	17	0	0	0	0	149.305	339
26	18	0	0	0	0	152.025	340
26	18	0	0	0	0	142.276	341
24	18	0	0	0	0	144.999	342
23	18	0	0	0	0	137.481	343
23	18	0	0	0	0	129.11	344
23	18	0	0	0	0	137.128	345
23	17	0	0	0	0	139.895	346
23	17	0	0	0	0	130.534	347
23	16	0	0	0	0	135.787	348
23	16	0	0	0	0	122.244	349
23	16	0	0	0	0	131.653	350
23	16	0	0	0	0	132.334	351
21	16	0	0	0	0	121.927	352
21	15	0	0	0	0	118.756	353
21	15	0	0	0	0	127.009	354
21	15	0	0	0	0	129.794	355
22	16	0	0	0	0	111.333	356
21	16	0	0	0	0	129.941	357
22	16	0	0	0	0	130.152	358
22	16	0	0	0	0	129.438	359
22	15	0	0	0	0	115.676	360
22	15	0	0	0	0	114.986	361
20	15	0	0	0	0	10.6978	362
20	16	0	0	0	0	124.565	363
20	16	0	0	0	0	119.227	364
19	16	0	0	0	0	120.159	365
19	16	0	0	0	0	126.697	366
19	16	0	0	0	0	104.211	367
19	16	0	0	0	0	112.474	368
18	16	0	0	0	0	121.467	369
18	16	0	0	0	0	110.829	370
18	16	0	0	0	0	110.836	371
19	16	0	0	0	0	104.143	372
18	16	0	0	0	0	103.323	373
17	16	0	0	0	0	120.848	374
17	15	0	0	0	0	121.496	375
17	15	0	0	0	0	111.348	376
17	15	0	0	0	0	108.113	377
17	15	0	0	0	0	111.197	378
16	15	0	0	0	0	108.032	379
16	15	0	0	0	0	92.6965	380
16	15	0	0	0	0	102.938	381
16	15	0	0	0	0	110.352	382
16	15	0	0	0	0	94.5892	383
16	15	0	0	0	0	105.976	384
16	15	0	0	0	0	112.388	385
16	15	0	0	0	0	97.3813	386
16	15	0	0	0	0	103.993	387
16	15	0	0	0	0	106.123	388
17	17	0	0	0	0	102.844	389
17	16	0	0	0	0	113.226	390
16	16	0	0	0	0	99.1581	391
16	15	0	0	0	0	90.0522	392
16	15	0	0	0	0	87.3772	393
17	14	0	0	0	0	97.0474	394
17	14	0	0	0	0	99.4972	395
17	14	0	0	0	0	113.565	396
17	15	0	0	0	0	101.989	397
17	15	0	0	0	0	109.4	398
17	16	0	0	0	0	116.399	399
17	16	0	0	0	0	109.598	400
17	15	0	0	0	0	107.384	401
17	15	0	0	0	0	103.741	402
17	15	0	0	0	0	103.206	403
16	19	0	0	0	0	114.774	404
16	19	0	0	0	0	102.046	405
16	19	0	0	0	0	106.238	406
15	19	0	0	0	0	94.055	407
12	19	0	0	0	0	102.619	408
12	19	0	0	0	0	105.092	409
12	19	0	0	0	0	97.9118	410
12	19	0	0	0	0	98.631	411
12	19	0	0	0	0	93.2559	412
10	19	0	0	0	0	94.3925	413
10	19	0	0	0	0	96.419	414
10	19	0	0	0	0	93.5045	415
10	19	0	0	0	0	94.1845	416
10	19	0	0	0	0	93.6197	417
9	18	0	0	0	0	77.2217	418
9	18	0	0	0	0	89.1973	419
9	18	0	0	0	0	89.4971	420
9	17	0	0	0	0	82.0736	421
9	16	0	0.333333	0	1	80.9022	422
9	16	0	0.333333	0	1	85.8429	423
9	16	0	0.333333	0	1	82.3352	424
9	16	0	0.333333	0	1	82.4909	425
9	16	0	0.333333	0	1	85.4432	426
9	16	0	0.333333	0	1	89.2446	427
9	16	0	0.333333	0	1	82.6146	428
9	16	0	0.333333	0	1	81.3648	429
9	16	0	0.333333	0	1	93.7914	430
9	16	0	0.333333	0	1	83.9851	431
9	16	0	0.333333	0	1	75.447	432
9	15	0	0.333333	0	1	74.0974	433
8	15	0	0.333333	0	1	79.3392	434
8	15	0	0.333333	0	1	73.7567	435
8	15	0	0.333333	0	1	75.3427	436
7	14	0	0.333333	0	1	61.7087	437
7	14	0	0.333333	0	1	67.3081	438
7	14	0	0.333333	0	1	71.1493	439
7	14	0	0.333333	0	1	71.4275	440
7	14	0	0.333333	0	1	71.6027	441
7	14	0	0.333333	0	1	70.26	442
7	14	0	0.333333	0	1	65.5349	443
6	14	0	0.333333	0	1	67.7199	444
6	14	0	0.333333	0	1	62.5181	445
6	13	0	0.333333	0	1	56.5146	446
6	13	0	0.333333	0	1	52.0327	447
6	13	0	0.333333	0	1	58.886	448
6	13	0	0.333333	0	1	59.0748	449
6	12	0	0.333333	0	1	53.7839	450
5	12	0	0.333333	0	1	47.5253	451
5	9	0	0.333333	0	1	41.7815	452
5	9	0	0.333333	0	1	40.3564	453
5	9	0	0.333333	0	1	44.153	454
5	9	0	0.333333	0	1	42.8951	455
5	9	0	0.333333	0	1	49.4992	456
5	9	0	0.333333	0	1	43.8321	457
5	9	0	0.333333	0	1	41.6045	458
5	8	0	0.333333	0	1	40.5272	459
5	8	0	0.333333	0	1	33.6512	460
5	6	0	0.333333	0	1	31.3589	461
5	6	0	0	0	0	29.6625	462
5	5	0	0	0	0	31.3589	463
5	5	0	0	0	0	31.6706	464
5	5	0	0	0	0	28.0765	465
5	5	0	0	0	0	26.6423	466
5	5	0	0	0	0	26.4773	467
5	5	0	0	0	0	27.5753	468
5	5	0	0	0	0	28.9013	469
4	5	0	0	0	0	23.2609	470
4	5	0	0	0	0	27.6595	471
4	5	0	0	0	0	25.9183	472
4	5	0	0	0	0	26.8255	473
4	5	0	0	0	0	20.3399	474
4	4	0	0	0	0	24.4969	475
4	4	0	0	0	0	23.2021	476
4	4	0	0	0	0	15.3308	477
3	4	0	0	0	0	19.1029	478
3	4	0	0	0	0	14.559	479
3	4	0	0	0	0	19.2277	480
3	4	0	0	0	0	14.6508	481
3	4	0	0	0	0	19.6328	482
3	4	0	0	0	0	17.1121	483
3	4	0	0	0	0	16.0821	484
3	4	0	0	0	0	19.6081	485
3	4	0	0	0	0	19.6048	486
3	4	0	0	0	0	16.6143	487
3	4	0	0	0	0	18.991	488
3	4	0	0	0	0	16.8822	489
3	3	0	0	0	0	15.6533	490
3	3	0	0	0	0	11.9395	491
3	3	0	0	0	0	13.0549	492
3	3	0	0	0	0	15.6713	493
3	3	0	0	0	0	15.6713	494
3	3	0	0	0	0	14.9892	495
3	3	0	0	0	0	13.4045	496
2	3	0	0	0	0	10.245	497
2	3	0	0	0	0	nan	498
