unique_top_cov	unique_bot_cov	redundant_top_cov	redundant_bot_cov	raw_redundant_top_cov	raw_redundant_bot_cov	e_value	position
5	10	0	0	0	0	49.9342	1
5	10	0	0	0	0	47.2913	2
5	9	0	0	0	0	45.3989	3
5	9	0	0	0	0	43.3963	4
5	9	0	0.5	0	1	46.8128	5
5	9	0	0.5	0	1	44.2219	6
5	9	0	0.5	0	1	49.6478	7
5	9	0	0.5	0	1	49.0328	8
5	9	0	0.5	0	1	40.8163	9
5	9	0	0.5	0	1	47.7578	10
5	9	0	0.5	0	1	43.2353	11
5	9	0	0.5	0	1	49.4497	12
5	9	0	0.5	0	1	49.3116	13
5	9	0	0.5	0	1	44.0131	14
5	9	0	0.5	0	1	49.0768	15
5	9	0	0.5	0	1	49.0768	16
5	9	0	0.5	0	1	37.0915	17
5	9	0	0.5	0	1	42.6037	18
6	8	0	0.5	0	1	42.449	19
6	8	0	0.5	0	1	43.1889	20
6	8	0	0.5	0	1	36.1761	21
6	8	0	0.5	0	1	45.3609	22
6	8	0	0.5	0	1	43.2904	23
6	8	0	0.5	0	1	43.8166	24
6	8	0	0.5	0	1	38.2712	25
6	8	0	0.5	0	1	36.2647	26
6	9	0	0.5	0	1	47.4448	27
6	9	0	0.5	0	1	50.3629	28
6	9	0	1	0	2	50.6415	29
6	9	0	1	0	2	44.334	30
6	9	0	1	0	2	41.2632	31
6	9	0	1	0	2	46.8314	32
6	9	0	1	0	2	38.0328	33
6	8	0	1	0	2	43.9789	34
6	8	0	1	0	2	38.2563	35
6	8	0	1	0	2	35.5443	36
6	8	0	1	0	2	34.2469	37
3	8	0	1	0	2	33.967	38
3	8	0	1	0	2	35.2077	39
3	8	0	1	0	2	25.9506	40
3	8	0	1	0	2	31.1601	41
3	8	0	1	0	2	30.2536	42
3	8	0	1	0	2	35.9562	43
3	8	0	1	0	2	35.6272	44
3	8	0	1	0	2	24.1412	45
4	8	0	1	0	2	29.9706	46
4	8	0	1	0	2	31.7159	47
4	8	0	1	0	2	32.55	48
4	8	0	1	0	2	27.4577	49
4	8	0	1	0	2	33.0667	50
4	8	0	1	0	2	35.8693	51
4	8	0	1	0	2	30.8005	52
4	7	0	1	0	2	24.0606	53
4	7	0	1	0	2	32.2157	54
4	7	0	1	0	2	31.024	55
4	7	0	1	0	2	32.3003	56
4	7	0	1	0	2	35.5017	57
4	7	0	1	0	2	20.3875	58
3	7	0	1	0	2	22.2573	59
3	6	0	0.5	0	1	17.0174	60
3	5	0	0.5	0	1	8.39537	61
3	5	0	0.5	0	1	19.9439	62
3	5	0	0.5	0	1	22.3547	63
3	5	0	0.5	0	1	20.4565	64
3	5	0	0.5	0	1	22.2819	65
3	5	0	0	0	0	12.0464	66
3	4	0	0	0	0	15.7643	67
3	3	0	0	0	0	14.4678	68
3	3	0	0	0	0	15.6884	69
3	3	0	0	0	0	14.1976	70
3	3	0	0	0	0	4.69028	71
3	3	0	0	0	0	15.6884	72
3	3	0	0	0	0	14.4678	73
3	3	0	0	0	0	12.0357	74
3	3	0	0	0	0	2.55141	75
3	3	0	0	0	0	2.44204	76
3	3	0	0	0	0	4.53946	77
3	3	0	0	0	0	4.76292	78
3	3	0	0	0	0	2.01973	79
3	2	0	0	0	0	2.92336	80
2	2	0	0	0	0	4.70718	81
2	2	0	0	0	0	3.93671	82
2	2	0	0	0	0	4.53946	83
2	2	0	0	0	0	4.70718	84
2	2	0	0	0	0	6.43357	85
3	2	0	0	0	0	4.45206	86
3	2	0	0	0	0	4.65484	87
3	2	0	0	0	0	8.77027	88
3	2	0	0	0	0	7.75996	89
3	2	0	0	0	0	6.61763	90
3	2	0	0	0	0	1.72289	91
3	1	0	0	0	0	6.61763	92
3	1	0	0	0	0	5.76247	93
3	1	0	0	0	0	6.26824	94
3	1	0	0	0	0	3.45557	95
3	1	0	0	0	0	7.11145	96
3	1	0	0	0	0	3.83555	97
3	1	0	0	0	0	7.26441	98
3	1	0	0	0	0	5.30889	99
3	1	0	0	0	0	4.57664	100
3	1	0.5	0	1	0	6.78444	101
3	1	0.5	0	1	0	7.11145	102
5	1	0.5	0	1	0	7.19876	103
5	1	0.5	0	1	0	12.5725	104
5	1	0.5	0	1	0	11.5707	105
5	1	0.5	0	1	0	11.7493	106
5	1	0.5	0	1	0	10.2445	107
5	1	0.5	0	1	0	14.9816	108
5	1	0.5	0	1	0	14.0529	109
5	1	0.5	0	1	0	14.142	110
5	1	0.5	0	1	0	14.3908	111
5	1	0.5	0	1	0	14.8111	112
6	1	0.5	0	1	0	11.8282	113
6	1	0.5	0	1	0	12.0978	114
6	1	0.5	0	1	0	8.75075	115
6	1	0.5	0	1	0	12.0173	116
6	1	0.5	0	1	0	16.954	117
6	1	0.5	0	1	0	14.8141	118
6	1	0.5	0	1	0	18.254	119
6	1	0.5	0	1	0	15.0629	120
6	1	0.5	0	1	0	14.1444	121
7	1	0.5	0.5	1	1	17.5047	122
7	1	0.5	0.5	1	1	19.5794	123
7	1	0.5	0.5	1	1	18.9569	124
7	1	0.5	0.5	1	1	18.1304	125
7	1	0.5	0.5	1	1	17.7464	126
7	1	0.5	0.5	1	1	22.236	127
7	1	0.5	0.5	1	1	23.7251	128
7	1	0.5	0.5	1	1	19.4455	129
7	1	0.5	0.5	1	1	23.5945	130
7	1	0.5	0.5	1	1	21.2182	131
7	2	0.5	0.5	1	1	20.634	132
7	2	0.5	0.5	1	1	21.7678	133
7	2	0.5	0.5	1	1	23.9656	134
7	2	0.5	0.5	1	1	24.7311	135
8	2	0.5	0.5	1	1	19.5513	136
8	2	0.5	0.5	1	1	24.7311	137
8	2	0.5	0.5	1	1	23.328	138
8	2	0	0.5	0	1	18.598	139
8	2	0	0.5	0	1	26.8568	140
7	2	0	0.5	0	1	23.8527	141
7	2	0	0.5	0	1	27.5153	142
7	2	0	0.5	0	1	19.6648	143
7	1	0	0.5	0	1	17.3676	144
7	1	0	0.5	0	1	19.8042	145
6	1	0	0.5	0	1	16.9997	146
6	1	0	0.5	0	1	17.0397	147
7	1	0	0.5	0	1	13.7497	148
7	1	0	0.5	0	1	19.7415	149
7	1	0	0.5	0	1	18.4184	150
7	1	0	0.5	0	1	21.3197	151
7	1	0	0.5	0	1	22.6455	152
7	1	0	0.5	0	1	23.7283	153
7	1	0	0.5	0	1	20.6444	154
7	1	0	0.5	0	1	22.7959	155
7	1	0	0.5	0	1	19.5575	156
7	1	0	0.5	0	1	19.664	157
7	1	0	0.5	0	1	21.2661	158
7	1	0	0.5	0	1	21.0329	159
6	1	0	0.5	0	1	19.0928	160
6	1	0	0.5	0	1	20.0562	161
6	1	0	0.5	0	1	17.6977	162
6	1	0	0.5	0	1	21.6585	163
6	1	0	0.5	0	1	21.7569	164
6	1	0	0	0	0	20.0282	165
6	1	0	0	0	0	21.2611	166
6	1	0	0	0	0	21.7569	167
6	1	0	0	0	0	18.9984	168
6	2	0	0	0	0	18.1331	169
6	2	0	0	0	0	18.7067	170
7	2	0	0	0	0	19.6667	171
7	2	0	0	0	0	19.3627	172
7	2	0	0	0	0	14.9541	173
7	2	0	0	0	0	20.263	174
7	3	0	0	0	0	20.263	175
7	3	0	0	0	0	27.3521	176
7	4	0	0	0	0	24.7429	177
7	4	0	0	0	0	32.318	178
7	4	0	0	0	0	37.2716	179
7	4	0	0	0	0	30.6552	180
7	4	0	0	0	0	35.6606	181
7	4	0	0	0	0	35.9069	182
7	4	0	0	0	0	29.0766	183
7	4	0	0	0	0	30.9727	184
7	4	0	0	0	0	34.2332	185
7	4	0	0	0	0	35.1408	186
7	4	0	0	0	0	26.0507	187
7	4	0	0.166667	0	1	36.4807	188
7	4	0	0.166667	0	1	34.2497	189
7	4	0	0.166667	0	1	29.8134	190
7	4	0	0.166667	0	1	33.5947	191
7	4	0	0.166667	0	1	37.4251	192
7	4	0	0.166667	0	1	34.0898	193
7	4	0	0.166667	0	1	34.2967	194
7	4	0	0.166667	0	1	32.4148	195
7	4	0	0.166667	0	1	31.9141	196
7	4	0	0.166667	0	1	37.2978	197
7	4	0	0.166667	0	1	33.5067	198
7	4	0	0.166667	0	1	32.2046	199
7	4	0	0.166667	0	1	34.92	200
7	4	0	0.166667	0	1	34.2026	201
7	4	0	0.166667	0	1	30.9727	202
7	4	0	0.166667	0	1	36.655	203
7	4	0	0.166667	0	1	32.2197	204
7	4	0	0.166667	0	1	34.0484	205
7	4	0	0.166667	0	1	31.3304	206
7	4	0	0.166667	0	1	35.2795	207
7	4	0	0.166667	0	1	33.0765	208
7	4	0	0.166667	0	1	34.3624	209
7	4	0	0.166667	0	1	31.0207	210
7	4	0	0.166667	0	1	36.0944	211
7	4	0	0.166667	0	1	28.9679	212
7	4	0	0.166667	0	1	25.69	213
4	4	0	0.166667	0	1	23.0431	214
4	4	0	0.166667	0	1	19.3861	215
4	4	0	0.166667	0	1	25.7976	216
4	4	0	0.166667	0	1	25.4272	217
4	4	0	0.166667	0	1	17.8698	218
4	4	0	0.166667	0	1	23.8237	219
4	4	0	0.166667	0	1	22.9319	220
4	4	0	0.166667	0	1	22.3899	221
4	4	0	0.166667	0	1	20.9361	222
4	4	0	0.166667	0	1	23.403	223
4	4	0	0.166667	0	1	14.7478	224
3	4	0	0.166667	0	1	20.9176	225
3	4	0	0	0	0	19.5184	226
0	0	0	0	0	0	nan	227
0	0	0	0	0	0	nan	228
0	0	0	0	0	0	nan	229
0	0	0	0	0	0	nan	230
0	0	0	0	0	0	nan	231
0	0	0	0	0	0	nan	232
0	0	0	0	0	0	nan	233
0	0	0	0	0	0	nan	234
0	0	0	0	0	0	nan	235
0	0	0	0	0	0	nan	236
0	0	0	0	0	0	nan	237
0	0	0	0	0	0	nan	238
0	0	0	0	0	0	nan	239
0	0	0	0	0	0	nan	240
0	0	0	0	0	0	nan	241
0	0	0	0	0	0	nan	242
0	0	0	0	0	0	nan	243
0	0	0	0	0	0	nan	244
0	0	0	0	0	0	nan	245
0	0	0	0	0	0	nan	246
0	0	0	0	0	0	nan	247
0	0	0	0	0	0	nan	248
0	0	0	0	0	0	nan	249
0	0	0	0	0	0	nan	250
0	0	0	0	0	0	nan	251
0	0	0	0	0	0	nan	252
0	0	0	0	0	0	nan	253
0	0	0	0	0	0	nan	254
0	0	0	0	0	0	nan	255
0	0	0	0	0	0	nan	256
0	0	0	0	0	0	nan	257
0	0	0	0	0	0	nan	258
0	0	0	0	0	0	nan	259
