unique_top_cov	unique_bot_cov	redundant_top_cov	redundant_bot_cov	raw_redundant_top_cov	raw_redundant_bot_cov	e_value	position
3	0	0	0.5	0	1	nan	1
3	0	0	0.5	0	1	2.47135	2
3	0	0	0.5	0	1	2.05798	3
3	0	0	0.5	0	1	2.10716	4
3	0	0	0.5	0	1	1.84951	5
3	0	0	0.5	0	1	1.51272	6
3	0	0	0.5	0	1	0.4161	7
3	0	0	0.5	0	1	-1.60556	8
3	0	0	0.5	0	1	2.36661	9
3	0	0	0.5	0	1	1.61219	10
3	0	0	0.5	0	1	2.11366	11
3	0	0	0.5	0	1	2.40084	12
3	0	0	0.5	0	1	1.4227	13
3	0	0	0.5	0	1	1.79331	14
3	0	0	0.5	0	1	0.191689	15
3	0	0	0.5	0	1	1.36507	16
3	0	0	0.5	0	1	2.11366	17
3	0	0	0.5	0	1	2.24468	18
3	0	0	0.5	0	1	-0.22567	19
3	0	0	0.5	0	1	2.36963	20
3	0	0	0.5	0	1	2.31976	21
3	0	0	0.5	0	1	2.18935	22
3	0	0	0.5	0	1	2.47135	23
3	0	0	0.5	0	1	2.47135	24
3	0	0	0.5	0	1	1.51272	25
3	0	0	0.5	0	1	1.3162	26
3	0	0	0.5	0	1	2.47135	27
3	0	0	0.5	0	1	1.91425	28
3	0	0	0.5	0	1	2.36963	29
3	0	0	0.5	0	1	2.23965	30
3	0	0	0.5	0	1	2.47135	31
3	0	0	0.5	0	1	2.65537	32
3	0	0	0.5	0	1	2.06337	33
3	1	0	0.5	0	1	1.41294	34
3	1	0	0.5	0	1	0.548264	35
3	1	0	0.5	0	1	6.05605	36
3	1	0	0.5	0	1	5.75822	37
3	1	0	0.5	0	1	6.05605	38
3	1	0	0.5	0	1	3.51107	39
3	1	0	0.5	0	1	5.60787	40
3	1	0	0.5	0	1	5.76359	41
3	1	0	0.5	0	1	5.83627	42
3	1	0	0.5	0	1	4.12501	43
3	1	0	0.5	0	1	3.94254	44
3	1	0	0.5	0	1	1.21545	45
3	1	0	0.5	0	1	6.47718	46
3	1	0	0.5	0	1	1.17305	47
3	1	0	0.5	0	1	4.01423	48
3	1	0	0.5	0	1	2.10483	49
3	1	0	0.5	0	1	4.3165	50
3	1	0	0.5	0	1	3.82349	51
3	1	0	0.5	0	1	6.06653	52
3	1	0	0.5	0	1	5.58438	53
3	1	0	0.5	0	1	3.0796	54
3	1	0	0.5	0	1	7.03884	55
3	1	0	0.5	0	1	5.7023	56
3	2	0	0.5	0	1	5.61961	57
3	2	0	0.5	0	1	5.56352	58
3	2	0	0.5	0	1	9.10462	59
3	2	0	0.5	0	1	8.1199	60
3	3	0	0.5	0	1	7.65425	61
3	3	0	0.5	0	1	8.24504	62
4	3	0	0.5	0	1	9.44725	63
4	3	0	0.5	0	1	11.9764	64
4	3	0	0.5	0	1	15.8742	65
4	3	0	0.5	0	1	15.9015	66
4	3	0	0.5	0	1	17.0794	67
4	3	0	0.5	0	1	17.2522	68
4	3	0	0.5	0	1	16.5371	69
4	3	0	0.5	0	1	15.7499	70
4	3	0	0.5	0	1	6.34381	71
4	3	0	0.5	0	1	16.6119	72
4	3	0	0.5	0	1	16.0844	73
4	3	0	0.5	0	1	15.8688	74
4	3	0	0.5	0	1	16.1156	75
4	3	0	0.5	0	1	16.0502	76
4	3	0	0.5	0	1	15.8642	77
4	3	0	0.5	0	1	13.437	78
5	3	0	0.5	0	1	15.1294	79
5	3	0	0.5	0	1	15.8742	80
5	3	0	0.5	0	1	16.0844	81
5	3	0	0.5	0	1	18.9402	82
5	3	0	0.5	0	1	17.0786	83
5	3	0	0.5	0	1	19.115	84
5	3	0	0.5	0	1	20.2968	85
5	3	0	0.5	0	1	19.228	86
5	3	0	0.5	0	1	19.7114	87
5	5	0	0.5	0	1	20.2402	88
5	5	0	0.5	0	1	19.7114	89
5	5	0	0.5	0	1	19.9115	90
5	5	0	0.5	0	1	21.5201	91
5	5	0	0.5	0	1	21.177	92
5	5	0	0.5	0	1	27.5217	93
5	5	0	0.5	0	1	26.6159	94
5	5	0	0.5	0	1	27.1045	95
5	5	0	0.5	0	1	21.116	96
4	4	0	0.5	0	1	21.4157	97
4	4	0	0.5	0	1	17.5113	98
4	5	0	0.5	0	1	20.2974	99
4	5	0	0.5	0	1	25.0567	100
4	5	0	0.5	0	1	23.7481	101
4	5	0	0.5	0	1	23.311	102
4	5	0	0.5	0	1	25.4912	103
4	5	0	0.5	0	1	23.836	104
4	5	0	0.5	0	1	23.7854	105
4	5	0	0.5	0	1	21.8293	106
4	5	0	0.5	0	1	23.4753	107
4	5	0	0.5	0	1	23.7854	108
4	5	0	0.5	0	1	23.836	109
4	5	0	0.5	0	1	19.292	110
4	5	0	0.5	0	1	25.6094	111
4	5	0	0.5	0	1	21.4238	112
5	5	0	0.5	0	1	22.9496	113
5	5	0	0.5	0	1	27.6311	114
5	5	0	0.5	0	1	27.8453	115
5	5	0	0.5	0	1	27.3398	116
5	5	0	0.5	0	1	25.8137	117
5	5	0	0.5	0	1	23.6227	118
5	5	0	0.5	0	1	25.2542	119
5	6	0	0.5	0	1	25.191	120
5	6	0	0.5	0	1	29.0923	121
4	6	0	0.5	0	1	29.9292	122
4	6	0	0.5	0	1	23.6826	123
4	6	0	0.5	0	1	23.7064	124
4	6	0	0.5	0	1	23.5852	125
4	6	0	0.5	0	1	29.2112	126
4	6	0	0.5	0	1	29.0484	127
4	6	0	0.5	0	1	25.4155	128
4	6	0	0.5	0	1	23.8561	129
4	6	0	0.5	0	1	25.9196	130
4	6	0	0.5	0	1	30.218	131
4	6	0	0.5	0	1	22.6637	132
4	6	0	0.5	0	1	29.248	133
4	6	0	0.5	0	1	29.6602	134
4	6	0	0.5	0	1	30.1452	135
4	6	0	0.5	0	1	24.8104	136
4	6	0	0.5	0	1	28.2909	137
4	6	0	0.5	0	1	27.987	138
4	6	0	0.5	0	1	25.2369	139
4	6	0	0.5	0	1	27.8647	140
4	6	0	0	0	0	28.2111	141
5	6	0	0	0	0	25.1955	142
5	6	0	0	0	0	28.0599	143
4	6	0	0	0	0	25.5326	144
4	6	0	0	0	0	24.5858	145
4	6	0	0	0	0	25.1737	146
4	6	0	0	0	0	25.7411	147
4	6	0	0	0	0	25.1236	148
4	6	0	0	0	0	17.4593	149
4	6	0	0	0	0	28.4568	150
4	6	0	0	0	0	28.847	151
4	6	0	0	0	0	24.7838	152
4	6	0	0	0	0	30.2571	153
4	6	0	0	0	0	25.5979	154
4	6	0	0	0	0	21.9458	155
4	5	0	0	0	0	24.4458	156
4	6	0	0	0	0	21.7353	157
4	6	0	0	0	0	22.6907	158
4	6	0	0	0	0	28.9738	159
4	6	0	0	0	0	29.5744	160
4	6	0	0	0	0	21.879	161
4	6	0	0	0	0	27.5546	162
5	6	0	0	0	0	23.7335	163
4	6	0	0	0	0	28.8896	164
4	6	0	0	0	0	29.7459	165
4	6	0	0	0	0	31.596	166
4	6	0	0	0	0	27.2967	167
4	6	0	0	0	0	29.8329	168
4	6	0	0	0	0	25.7205	169
4	6	0	0	0	0	25.7951	170
4	6	0	0	0	0	27.2938	171
4	7	0	0	0	0	29.7478	172
5	7	0	0	0	0	26.1233	173
5	7	0	0	0	0	23.1838	174
6	7	0	0	0	0	27.9983	175
6	7	0	0	0	0	26.7308	176
6	7	0	0	0	0	27.2938	177
6	7	0	0	0	0	28.8783	178
6	7	0	0	0	0	25.0241	179
6	7	0	0	0	0	41.9093	180
6	7	0	0	0	0	37.4627	181
6	7	0	0	0	0	40.6566	182
6	7	0	0	0	0	32.1432	183
6	8	0	0	0	0	44.4225	184
6	8	0	0	0	0	44.9199	185
6	8	0	0	0	0	44.4558	186
6	8	0	0	0	0	44.8357	187
6	8	0	0	0	0	38.8852	188
6	8	0	0	0	0	44.5851	189
6	8	0	0	0	0	45.2814	190
6	8	0	0	0	0	40.259	191
6	8	0	0	0	0	43.1353	192
6	8	0	0	0	0	43.3756	193
6	7	0	0	0	0	38.4536	194
6	7	0	0	0	0	39.5786	195
6	7	0	0	0	0	42.9031	196
6	7	0	0	0	0	39.5474	197
6	7	0	0	0	0	41.6007	198
6	7	0	0	0	0	44.939	199
6	7	0	0	0	0	42.6291	200
6	7	0	0	0	0	33.2702	201
6	7	0	0	0	0	45.4511	202
6	7	0	0	0	0	43.2796	203
6	7	0	0	0	0	40.2894	204
6	7	0	0	0	0	33.8459	205
6	7	0	0	0	0	37.9024	206
5	7	0	0	0	0	38.2462	207
5	8	0	0	0	0	34.1538	208
5	8	0	0	0	0	39.2486	209
5	8	0	0	0	0	39.5835	210
5	8	0	0	0	0	40.2462	211
5	8	0	0	0	0	38.4047	212
5	8	0	0	0	0	42.1645	213
5	8	0	0	0	0	45.0521	214
5	8	0	0	0	0	34.2526	215
5	8	0	0	0	0	38.6913	216
5	8	0	0	0	0	39.1051	217
5	8	0	0	0	0	37.8658	218
5	8	0	0	0	0	32.7659	219
5	7	0	0	0	0	36.6756	220
5	7	0	0	0	0	38.1464	221
5	7	0	0	0	0	38.26	222
5	7	0	0	0	0	35.0867	223
5	7	0	0	0	0	36.0515	224
5	7	0	0	0	0	40.523	225
5	7	0	0	0	0	39.2321	226
5	7	0	0	0	0	38.3908	227
5	7	0	0	0	0	41.5466	228
5	7	0	0	0	0	35.4496	229
5	7	0	0	0	0	37.0942	230
5	7	0	0	0	0	34.3084	231
5	7	0	0	0	0	36.8867	232
5	7	0	0	0	0	34.4262	233
5	7	0	0	0	0	33.0805	234
5	7	0	0	0	0	41.7343	235
5	7	0	0	0	0	39.1915	236
5	7	0	0	0	0	37.8919	237
6	7	0	0	0	0	39.8077	238
6	7	0	0	0	0	42.7443	239
6	7	0	0	0	0	43.1238	240
6	7	0	0	0	0	37.2628	241
6	7	0	0	0	0	40.223	242
6	7	0	0	0	0	42.9743	243
6	7	0	0	0	0	42.427	244
6	7	0	0	0	0	35.9896	245
6	7	0	0	0	0	43.0714	246
6	7	0	0	0	0	45.411	247
6	7	0	0	0	0	43.4051	248
6	7	0	0	0	0	37.0743	249
7	7	0	0	0	0	38.8483	250
7	7	0	0	0	0	43.9145	251
7	7	0	0	0	0	44.5571	252
7	7	0	0	0	0	45.8434	253
7	7	0	0	0	0	43.5311	254
7	7	0	0	0	0	41.3173	255
7	7	0	0	0	0	43.0427	256
7	7	0	0	0	0	41.4718	257
7	7	0	0	0	0	41.2348	258
7	7	0	0	0	0	40.6625	259
7	7	0	0	0	0	43.4801	260
6	7	0	0	0	0	33.5497	261
6	7	0	0	0	0	37.5603	262
6	7	0	0	0	0	38.7579	263
6	7	0	0	0	0	44.3162	264
7	7	0	0	0	0	43.3215	265
7	7	0	0	0	0	42.743	266
7	7	0	0	0	0	44.8306	267
7	6	0	0	0	0	39.4331	268
7	6	0	0	0	0	41.4991	269
7	5	0	0	0	0	35.9256	270
7	6	0	0	0	0	37.532	271
7	6	0	0	0	0	39.2879	272
7	6	0	0	0	0	43.4129	273
7	6	0	0	0	0	36.5393	274
7	6	0	0	0	0	38.0252	275
7	6	0	0	0	0	38.8605	276
7	6	0	0	0	0	39.0313	277
7	6	0	0	0	0	34.8789	278
6	6	0	0	0	0	38.5105	279
6	7	0	0	0	0	40.9165	280
6	7	0	0	0	0	30.4653	281
6	7	0	0	0	0	40.2035	282
6	7	0	0	0	0	37.5581	283
6	7	0	0	0	0	43.0745	284
6	7	0	0	0	0	35.0224	285
6	7	0	0	0	0	34.4422	286
6	7	0	0	0	0	28.8679	287
6	7	0	0	0	0	35.3674	288
5	6	0	0	0	0	32.567	289
5	6	0	0	0	0	32.4717	290
5	6	0	0	0	0	34.5602	291
5	6	0	0	0	0	35.9112	292
5	6	0	0	0	0	34.0678	293
5	6	0	0	0	0	37.6673	294
5	6	0	0	0	0	32.8577	295
5	6	0	0	0	0	27.5612	296
5	6	0	0	0	0	37.2412	297
5	6	0	0	0	0	37.1936	298
5	6	0	0	0	0	35.3518	299
6	6	0	0	0	0	30.9858	300
6	6	0	0	0	0	37.8147	301
6	6	0	0	0	0	35.9778	302
6	6	0	0	0	0	33.4028	303
6	6	0	0	0	0	33.0183	304
6	6	0	0	0	0	29.9148	305
6	6	0	0	0	0	35.5315	306
6	5	0	0	0	0	37.6902	307
6	5	0	0	0	0	33.5038	308
6	5	0	0	0	0	29.2899	309
6	5	0	0	0	0	37.7014	310
6	5	0	0	0	0	35.3632	311
6	5	0	0	0	0	35.0224	312
6	5	0	0	0	0	36.443	313
6	5	0	0	0	0	35.8823	314
6	5	0	0	0	0	37.2412	315
6	5	0	0	0	0	37.0051	316
6	5	0	0	0	0	34.8439	317
6	5	0	0	0	0	33.9473	318
6	5	0	0	0	0	34.9712	319
6	5	0	0	0	0	26.6711	320
6	5	0	0	0	0	27.6679	321
6	4	0	0	0	0	24.5861	322
5	4	0	0	0	0	25.1846	323
5	4	0	0	0	0	28.9642	324
5	4	0.333333	0	1	0	25.2774	325
5	4	0.333333	0	1	0	27.6679	326
5	4	0.333333	0	1	0	25.8212	327
5	4	0.333333	0	1	0	25.7951	328
5	4	0.333333	0	1	0	27.6549	329
5	4	0.333333	0	1	0	27.8537	330
5	4	0.333333	0	1	0	25.6683	331
5	4	0.333333	0	1	0	26.4475	332
5	4	0.666667	0	2	0	27.6629	333
5	4	0.666667	0	2	0	23.8647	334
5	3	0.666667	0	2	0	23.396	335
5	3	0.666667	0	2	0	21.6301	336
4	3	0.666667	0	2	0	19.6565	337
4	3	1	0	3	0	18.5478	338
4	3	1	0	3	0	18.4464	339
4	3	1	0	3	0	17.5777	340
4	3	1	0	3	0	16.8495	341
4	3	1	0	3	0	12.596	342
2	3	1	0	3	0	12.4765	343
2	3	1	0.333333	3	1	8.61114	344
2	3	1	0.333333	3	1	5.41493	345
2	3	1	0.333333	3	1	7.95572	346
2	2	1	0.333333	3	1	8.0291	347
2	2	1	0.333333	3	1	9.33679	348
2	2	1	0.333333	3	1	8.60767	349
2	2	1	0.333333	3	1	9.27292	350
2	2	1	0.333333	3	1	8.59724	351
2	2	1	0.333333	3	1	9.27292	352
2	2	1	0.333333	3	1	7.98088	353
2	2	1	0.333333	3	1	5.65423	354
2	2	1	0.333333	3	1	8.3809	355
2	2	1	0.333333	3	1	4.53946	356
2	2	1	0.333333	3	1	4.50231	357
2	1	1	0.333333	3	1	5.57154	358
2	1	1	0.333333	3	1	4.48395	359
2	1	1	0.333333	3	1	2.60593	360
2	1	1	0.333333	3	1	5.1418	361
2	1	1	0.333333	3	1	5.56055	362
2	1	1	0.333333	3	1	2.44204	363
2	1	1	0.333333	3	1	4.76292	364
2	1	1	0.333333	3	1	4.76292	365
2	1	1	0.333333	3	1	4.40253	366
2	1	1	0.333333	3	1	4.03987	367
2	1	1	0.333333	3	1	4.70718	368
2	1	1	0.333333	3	1	4.76292	369
2	1	1	0.333333	3	1	4.03987	370
2	1	0.333333	0.333333	1	1	4.4473	371
2	1	0.333333	0.333333	1	1	5.05628	372
2	1	0.333333	0.333333	1	1	-0.0424118	373
1	1	0.333333	0.333333	1	1	-2.99111	374
0	1	0.333333	0.333333	1	1	-3.31162	375
0	1	0.333333	0.333333	1	1	-2.99111	376
0	1	0.333333	0.333333	1	1	-2.99111	377
0	1	0.333333	0.333333	1	1	-3.63238	378
0	1	0.333333	0.333333	1	1	-2.66271	379
0	1	0	0	0	0	-2.99111	380
0	1	0	0	0	0	-2.99111	381
0	1	0	0	0	0	nan	382
0	1	0	0	0	0	nan	383
0	1	0	0	0	0	nan	384
0	1	0	0	0	0	nan	385
0	1	0	0	0	0	nan	386
0	1	0	0	0	0	nan	387
0	0	0	0	0	0	nan	388
0	0	0	0	0	0	nan	389
0	0	0	0	0	0	nan	390
0	0	0	0	0	0	nan	391
0	0	0	0	0	0	nan	392
0	0	0	0	0	0	nan	393
0	0	0	0	0	0	nan	394
0	0	0	0	0	0	nan	395
0	0	0	0	0	0	nan	396
0	0	0	0	0	0	nan	397
0	0	0	0	0	0	nan	398
