unique_top_cov	unique_bot_cov	redundant_top_cov	redundant_bot_cov	raw_redundant_top_cov	raw_redundant_bot_cov	e_value	position
1	2	0	0	0	0	nan	1
1	2	0	0	0	0	nan	2
1	2	0	0	0	0	4.48395	3
1	2	0	0	0	0	5.11726	4
1	2	0	0	0	0	4.18464	5
1	3	0	0	0	0	4.30138	6
1	3	0	0	0	0	3.77406	7
1	3	0	0	0	0	4.76292	8
1	3	0	0	0	0	4.70718	9
1	4	0	0	0	0	6.01338	10
1	4	0	0	0	0	8.28988	11
1	5	0	0	0	0	10.6287	12
1	5	0	0	0	0	13.1911	13
1	6	0	0	0	0	16.3779	14
1	6	0	0	0	0	19.3627	15
1	6	0	0	0	0	19.1946	16
1	6	0	0	0	0	19.8027	17
1	6	0	0	0	0	21.3217	18
1	7	0	0	0	0	19.3059	19
1	7	0	0	0	0	19.6589	20
1	8	0	0.333333	0	1	20.7383	21
1	9	0	0.333333	0	1	25.7067	22
1	9	0	0.333333	0	1	21.6687	23
1	9	0	0.333333	0	1	25.7067	24
1	9	0	0.333333	0	1	25.7893	25
1	10	0	0.333333	0	1	30.7097	26
1	10	0	0.333333	0	1	32.6597	27
1	10	0	0.333333	0	1	29.5293	28
1	10	0	0.333333	0	1	36.8943	29
1	10	0	0.333333	0	1	34.6621	30
1	10	0	0.333333	0	1	37.7295	31
1	10	0	0.333333	0	1	30.1104	32
1	10	0	0.333333	0	1	36.8414	33
1	10	0	0.333333	0	1	37.5669	34
1	10	0	0.333333	0	1	30.7559	35
1	10	0	0.333333	0	1	37.882	36
1	10	0	0.333333	0	1	33.1768	37
1	10	0	0.333333	0	1	36.8798	38
1	10	0	0.333333	0	1	35.1327	39
1	10	0	0.333333	0	1	37.882	40
1	10	0	0.333333	0	1	37.0677	41
1	10	0	0.333333	0	1	37.9114	42
1	10	0	0.333333	0	1	35.1327	43
1	10	0	0.333333	0	1	35.1683	44
1	11	0	0.333333	0	1	34.7217	45
1	11	0	0.333333	0	1	41.8453	46
1	11	0	0.333333	0	1	35.5241	47
2	11	0	0.333333	0	1	39.4799	48
2	11	0	0.333333	0	1	31.8414	49
2	11	0	0.333333	0	1	39.5686	50
3	11	0	0.333333	0	1	38.9977	51
3	11	0	0.333333	0	1	49.8517	52
3	11	0	0.333333	0	1	44.0332	53
3	11	0	0.333333	0	1	32.1311	54
3	11	0	0.333333	0	1	49.3363	55
3	11	0	0.333333	0	1	47.3635	56
3	11	0	0.333333	0	1	40.3367	57
3	11	0	0.333333	0	1	46.665	58
3	11	0	0.333333	0	1	46.8319	59
4	11	0	0.333333	0	1	40.8515	60
4	11	0	0.333333	0	1	40.6079	61
4	11	0	0.333333	0	1	43.8061	62
4	11	0	0.333333	0	1	44.2098	63
4	12	0	0.333333	0	1	49.3493	64
4	12	0	0.333333	0	1	40.9481	65
4	12	0	0.333333	0	1	45.1939	66
4	12	0	0.333333	0	1	46.2965	67
4	12	0	0.333333	0	1	47.0996	68
4	12	0	0.333333	0	1	49.9152	69
4	12	0	0.333333	0	1	51.764	70
4	12	0	0.333333	0	1	52.0624	71
4	12	0	0.333333	0	1	51.4643	72
4	12	0	0.333333	0	1	56.7542	73
4	13	0	0.333333	0	1	53.0922	74
4	13	0	0	0	0	54.418	75
4	14	0	0	0	0	57.4035	76
4	15	0	0	0	0	55.8879	77
5	15	0	0	0	0	60.8012	78
5	15	0	0	0	0	65.9013	79
5	15	0	0	0	0	60.103	80
5	15	0	0	0	0	62.6234	81
5	15	0	0	0	0	59.1907	82
5	15	0	0	0	0	60.3942	83
6	15	0	0	0	0	62.6212	84
6	14	0	0	0	0	65.1358	85
6	14	0	0	0	0	67.3559	86
6	14	0	0	0	0	64.4153	87
6	14	0	0	0	0	65.4562	88
6	14	0	0	0	0	66.7147	89
6	14	0	0	0	0	68.6584	90
7	14	0	0	0	0	55.1223	91
7	14	0	0	0	0	64.8067	92
7	14	0	0	0	0	64.4	93
8	14	0	0	0	0	69.6673	94
8	14	0	0	0	0	68.9921	95
8	14	0	0	0	0	72.1508	96
8	14	0	0	0	0	80.55	97
8	14	0	0	0	0	64.5379	98
8	14	0	0	0	0	76.0405	99
8	15	0	0	0	0	70.6097	100
8	15	0	0	0	0	72.5559	101
8	15	0	0	0	0	78.7284	102
8	15	0	0	0	0	80.1157	103
8	15	0	0	0	0	74.6371	104
8	15	0	0	0	0	76.2841	105
9	15	0	0	0	0	77.3522	106
9	15	0	0	0	0	81.1105	107
9	15	0	0	0	0	88.9762	108
9	15	0	0	0	0	80.275	109
9	15	0	0	0	0	78.6588	110
9	14	0	0	0	0	78.9776	111
9	14	0	0	0	0	78.184	112
9	14	0	0	0	0	78.5418	113
9	16	0	0	0	0	74.3893	114
9	16	0	0	0	0	83.737	115
9	16	0	0	0	0	82.0811	116
9	18	0	0	0	0	82.0811	117
9	19	0	0	0	0	75.1573	118
10	19	0	0	0	0	82.4407	119
10	19	0	0	0	0	80.4717	120
10	19	0	0	0	0	84.8784	121
9	19	0	0	0	0	96.5131	122
9	19	0	0	0	0	89.5759	123
9	19	0	0	0	0	96.2454	124
9	19	0	0	0	0	102.806	125
9	19	0	0	0	0	88.7125	126
9	18	0	0	0	0	84.8011	127
9	18	0	0	0	0	81.5482	128
9	17	0	0	0	0	88.7572	129
9	17	0	0	0	0	85.4278	130
9	17	0	0	0	0	82.3426	131
8	16	0	0	0	0	79.8871	132
8	16	0	0	0	0	76.092	133
8	16	0	0	0	0	81.2298	134
8	16	0	0	0	0	73.9915	135
8	16	0	0	0	0	88.9531	136
8	16	0	0	0	0	74.1707	137
8	16	0	0	0	0	88.775	138
8	16	0	0	0	0	81.5235	139
8	16	0	0	0	0	81.5706	140
8	16	0	0	0	0	81.6822	141
8	16	0	0	0	0	76.2351	142
8	16	0	0	0	0	71.6876	143
8	15	0	0	0	0	77.0343	144
8	15	0	0	0	0	75.3869	145
8	15	0	0	0	0	70.8394	146
8	14	0	0	0	0	77.0009	147
8	14	0	0	0	0	66.3134	148
8	14	0	0	0	0	66.7667	149
8	12	0	0	0	0	69.9067	150
8	13	0	0	0	0	57.1917	151
8	14	0	0	0	0	67.4482	152
7	14	0	0	0	0	62.8113	153
7	14	0	0	0	0	65.3804	154
7	14	0	0	0	0	62.8103	155
7	14	0	0	0	0	63.6068	156
7	14	0	0	0	0	64.849	157
7	14	0	0	0	0	64.7846	158
7	14	0	0	0	0	73.672	159
6	14	0	0	0	0	68.3354	160
6	13	0	0	0	0	54.7822	161
6	12	0	0	0	0	59.4832	162
6	12	0	0	0	0	60.1592	163
6	11	0	0	0	0	58.1906	164
6	11	0	0	0	0	49.6825	165
6	11	0	0	0	0	51.4689	166
5	11	0	0	0	0	54.0244	167
5	11	0	0	0	0	54.1587	168
6	11	0	0	0	0	57.2688	169
6	11	0	0	0	0	54.0248	170
8	11	0	0	0	0	58.6028	171
8	11	0	0	0	0	53.1845	172
9	11	0	0	0	0	54.6871	173
9	11	0	0	0	0	66.6143	174
9	11	0	0	0	0	55.0341	175
9	10	0	0	0	0	62.4853	176
9	10	0	0	0	0	63.9437	177
9	10	0	0	0	0	64.2747	178
9	10	0	0	0	0	62.5535	179
9	13	0	0	0	0	66.4705	180
9	13	0	0	0	0	73.698	181
9	13	0	0	0	0	69.7895	182
9	13	0	0	0	0	75.3923	183
9	13	0	0	0	0	68.948	184
10	13	0	0	0	0	69.9408	185
10	13	0	0	0	0	64.9583	186
10	13	0	0	0	0	69.7551	187
10	13	0	0	0	0	67.9908	188
8	13	0	0	0	0	69.4571	189
8	13	0	0	0	0	67.8625	190
8	13	0	0	0	0	72.5887	191
8	13	0	0	0	0	68.1769	192
8	13	0	0	0	0	66.7806	193
8	13	0	0	0	0	66.7014	194
8	13	0	0	0	0	66.2005	195
8	13	0	0	0	0	71.2313	196
8	13	0	0	0	0	66.1516	197
8	13	0	0	0	0	67.1267	198
8	13	0	0	0	0	67.1053	199
8	12	0	0	0	0	70.8943	200
8	12	0	0	0	0	63.4553	201
8	12	0	0	0	0	65.0557	202
8	12	0	0	0	0	70.6557	203
8	12	0	0	0	0	60.7001	204
9	12	0	0	0	0	55.4771	205
9	13	0	0	0	0	61.2078	206
9	13	0	0	0	0	76.0437	207
9	13	0	0	0	0	72.9776	208
9	13	0	0	0	0	68.3218	209
10	13	0	0	0	0	72.1634	210
10	13	0	0	0	0	75.0833	211
10	13	0	0	0	0	74.8	212
10	13	0	0	0	0	68.09	213
10	13	0	0	0	0	75.6423	214
10	13	0	0	0	0	74.2324	215
10	13	0	0	0	0	77.0223	216
10	13	0	0	0	0	78.1719	217
10	13	0	0	0	0	67.4691	218
10	14	0	0	0	0	79.5784	219
10	14	0	0	0	0	75.7088	220
10	14	0	0	0	0	70.712	221
10	13	0	0	0	0	73.5563	222
10	13	0	0	0	0	71.4449	223
10	13	0	0	0	0	70.9448	224
10	13	0	0	0	0	73.5957	225
10	12	0	0	0	0	73.1739	226
10	11	0	0	0	0	67.3895	227
10	11	0	0	0	0	72.1028	228
10	11	0	0	0	0	65.0074	229
10	12	0	0	0	0	70.008	230
10	12	0	0	0	0	75.4513	231
10	12	0	0	0	0	77.5301	232
10	12	0	0	0	0	62.6453	233
10	11	0	0	0	0	59.751	234
11	12	0	0	0	0	64.3932	235
11	12	0	0	0	0	74.3546	236
11	12	0	0	0	0	81.6059	237
11	12	0	0	0	0	73.2348	238
11	12	0	0	0	0	73.4733	239
11	12	0	0	0	0	79.458	240
11	12	0	0	0	0	73.9533	241
11	12	0	0	0	0	66.8805	242
11	12	0	0	0	0	70.9874	243
10	12	0	0	0	0	69.5557	244
10	11	0	0	0	0	70.4432	245
10	11	0	0	0	0	63.6117	246
10	11	0	0	0	0	69.1846	247
10	11	0	0	0	0	73.1799	248
10	11	0	0	0	0	72.6994	249
10	11	0	0	0	0	63.8766	250
10	11	0	0	0	0	69.6072	251
10	11	0	0	0	0	67.3552	252
10	11	0	0	0	0	72.4364	253
10	11	0	0	0	0	72.8127	254
10	11	0	0	0	0	69.0228	255
10	11	0	0	0	0	72.2502	256
10	11	0	0	0	0	67.5028	257
10	11	0	0	0	0	68.6703	258
10	11	0	0	0	0	72.9523	259
10	10	0	0	0	0	62.3338	260
10	10	0	0	0	0	62.3158	261
10	9	0	0	0	0	61.9841	262
10	9	0	0	0	0	58.1401	263
10	9	0	0	0	0	63.5343	264
10	9	0	0	0	0	56.5303	265
10	9	0	0	0	0	52.33	266
10	8	0	0	0	0	48.6671	267
10	7	0	0	0	0	57.3672	268
9	7	0	0	0	0	50.0433	269
9	9	0	0	0	0	53.2608	270
9	9	0	0	0	0	39.0748	271
9	9	0	0	0	0	50.6856	272
10	9	0	0	0	0	53.3127	273
10	9	0	0	0	0	56.8559	274
10	9	0	0	0	0	57.1156	275
10	9	0	0	0	0	61.8317	276
10	9	0	0	0	0	61.7303	277
10	9	0	0	0	0	52.5318	278
10	9	0	0	0	0	43.0723	279
8	9	0	0	0	0	61.8723	280
8	9	0	0	0	0	61.9569	281
8	9	0	0	0	0	51.7721	282
8	9	0	0	0	0	60.5081	283
8	9	0	0	0	0	61.6734	284
8	9	0	0	0	0	56.5825	285
8	9	0	0	0	0	52.2812	286
8	8	0	0	0	0	57.4912	287
8	8	0	0	0	0	48.4853	288
8	8	0	0	0	0	49.4111	289
8	7	0	0	0	0	48.3402	290
8	7	0	0	0	0	49.4402	291
8	7	0	0	0	0	50.3532	292
8	7	0	0	0	0	49.2321	293
8	7	0	0	0	0	51.9317	294
8	7	0	0	0	0	45.8436	295
8	7	0	0	0	0	47.512	296
8	8	0	0	0	0	48.3874	297
8	9	0	0	0	0	57.8254	298
8	9	0	0	0	0	52.4821	299
8	10	0	0	0	0	52.4311	300
8	10	0	0	0	0	54.435	301
8	10	0	0	0	0	58.5247	302
9	10	0	0	0	0	58.3737	303
9	10	0	0	0	0	60.7885	304
9	10	0	0	0	0	69.7441	305
9	10	0	0	0	0	61.4087	306
9	13	0	0	0	0	68.4925	307
9	13	0	0	0	0	79.8889	308
9	13	0	0	0	0	76.3896	309
9	13	0	0	0	0	71.5488	310
9	14	0	0	0	0	71.9471	311
9	18	0	0	0	0	76.9783	312
9	18	0	0	0	0	93.665	313
9	18	0	0	0	0	96.3985	314
9	18	0	0	0	0	90.1947	315
9	18	0	0	0	0	88.1933	316
9	17	0	0	0	0	83.8157	317
9	17	0	0	0	0	86.4131	318
8	18	0	0	0	0	85.4645	319
8	18	0	0	0	0	85.7036	320
5	18	0	0	0	0	78.2539	321
5	18	0	0	0	0	81.3634	322
4	18	0	0	0	0	76.2429	323
4	18	0	0	0	0	73.7622	324
4	18	0	0	0	0	81.0333	325
4	18	0	0	0	0	81.7749	326
4	18	0	0	0	0	66.4105	327
4	19	0	0	0	0	64.2456	328
4	19	0	0	0	0	81.9529	329
4	18	0	0	0	0	81.1057	330
4	18	0	0	0	0	67.9303	331
4	19	0	0	0	0	73.581	332
4	19	0	0	0	0	81.9068	333
4	19	0	0	0	0	66.4098	334
5	19	0	0	0	0	73.0153	335
5	19	0	0	0	0	77.9242	336
5	19	0	0	0	0	81.5464	337
5	19	0	0	0	0	89.457	338
5	19	0	0	0	0	77.6178	339
5	19	0	0	0	0	85.6459	340
5	19	0	0	0	0	86.1914	341
6	19	0	0	0	0	89.2928	342
6	19	0	0	0	0	85.4581	343
6	19	0	0	0	0	82.984	344
6	19	0	0	0	0	85.2324	345
6	19	0	0	0	0	87.1221	346
7	18	0	0	0	0	84.6824	347
7	18	0	0	0	0	86.2629	348
8	18	0	0	0	0	66.9039	349
8	18	0	0	0	0	68.6204	350
8	18	0	0	0	0	75.7458	351
8	18	0	0	0	0	77.7899	352
8	18	0	0	0	0	76.3057	353
8	17	0	0	0	0	77.3677	354
7	17	0	0	0	0	77.8994	355
9	16	0	0	0	0	77.7536	356
9	16	0	0	0	0	82.2656	357
9	16	0	0	0	0	79.2382	358
9	16	0	0	0	0	75.911	359
9	16	0	0	0	0	81.9007	360
9	15	0	0	0	0	84.5441	361
9	15	0	0	0	0	83.171	362
10	15	0	0	0	0	80.9058	363
10	15	0	0	0	0	78.3244	364
10	15	0	0	0	0	81.0165	365
10	15	0	0	0	0	78.3581	366
10	15	0	0	0	0	76.4806	367
10	15	0	0	0	0	81.3864	368
10	15	0	0	0	0	79.6498	369
11	15	0	0	0	0	77.331	370
11	15	0	0	0	0	76.4925	371
11	17	0	0	0	0	73.7144	372
11	17	0	0	0	0	78.976	373
11	17	0	0	0	0	82.7413	374
11	18	0	0	0	0	76.1227	375
11	18	0	0	0	0	78.1397	376
11	17	0	0	0	0	74.5533	377
11	17	0	0	0	0	91.0918	378
11	18	0	0	0	0	98.9563	379
11	18	0	0	0	0	95.5428	380
11	18	0	0	0	0	97.2682	381
11	18	0	0	0	0	95.3145	382
11	18	0	0	0	0	93.7696	383
10	19	0	0	0	0	81.9014	384
10	18	0	0	0	0	100.769	385
10	18	0	0	0	0	91.6	386
10	18	0	0	0	0	90.0969	387
10	18	0	0	0	0	83.5363	388
10	18	0	0	0	0	88.2027	389
10	18	0	0	0	0	94.8112	390
10	18	0	0	0	0	94.1857	391
10	18	0	0	0	0	99.6579	392
10	18	0	0	0	0	92.6185	393
10	18	0	0	0	0	95.774	394
10	18	0	0	0	0	95.395	395
10	18	0	0	0	0	94.3371	396
10	18	0	0	0	0	92.3112	397
10	18	0	0	0	0	90.904	398
10	18	0	0	0	0	93.3574	399
10	18	0	0	0	0	92.3717	400
10	17	0	0	0	0	88.4725	401
10	17	0	0	0	0	82.1968	402
10	17	0	0	0	0	93.0551	403
10	17	0	0	0	0	89.4479	404
10	17	0	0	0	0	85.9581	405
10	17	0	0	0	0	89.1733	406
10	17	0	0	0	0	97.7788	407
12	17	0	0	0	0	90.1579	408
12	17	0	0	0	0	87.2171	409
12	17	0	0	0	0	103.46	410
13	17	0	0	0	0	95.0663	411
13	17	0	0	0	0	94.9053	412
13	17	0	0	0	0	99.6036	413
13	17	0	0	0	0	98.7532	414
13	17	0	0	0	0	110.501	415
13	17	0	0	0	0	91.6829	416
13	17	0	0	0	0	96.5758	417
13	17	0	0	0	0	91.7485	418
13	17	0	0	0	0	89.0912	419
13	15	0	0	0	0	91.6263	420
12	14	0	0	0	0	88.1725	421
12	14	0	0	0	0	89.9034	422
12	14	0	0	0	0	84.6731	423
12	14	0	0	0	0	79.141	424
12	14	0	0	0	0	88.173	425
12	14	0	0	0	0	92.5137	426
12	14	0	0	0	0	84.9271	427
12	14	0	0	0	0	91.5903	428
13	14	0	0	0	0	86.8445	429
13	12	0	0	0	0	77.6048	430
13	12	0	0	0	0	76.2233	431
12	14	0	0	0	0	73.7697	432
12	14	0	0	0	0	90.6164	433
12	14	0	0	0	0	91.8849	434
12	14	0	0	0	0	79.0726	435
12	14	0	0	0	0	88.0366	436
12	14	0	0	0	0	80.6603	437
12	14	0	0	0	0	90.4256	438
12	14	0	0	0	0	66.6442	439
12	14	0	0	0	0	77.5153	440
8	15	0	0	0	0	68.2526	441
7	15	0	0	0	0	63.054	442
7	15	0	0	0	0	69.5622	443
7	15	0	0	0	0	68.2733	444
7	15	0	0	0	0	66.8609	445
7	15	0	0	0	0	65.1152	446
6	15	0	0	0	0	68.0169	447
6	14	0	0	0	0	58.4384	448
6	14	0	0	0	0	69.1843	449
6	14	0	0	0	0	59.5128	450
5	14	0	0	0	0	63.7546	451
5	14	0	0	0	0	62.3195	452
5	14	0	0	0	0	60.6068	453
5	14	0	0	0	0	59.7176	454
5	14	0	0	0	0	59.264	455
5	14	0	0	0	0	53.4896	456
5	12	0	0	0	0	56.3384	457
5	12	0	0	0	0	52.8837	458
5	12	0	0	0	0	47.1234	459
5	12	0	0	0	0	51.2274	460
5	11	0	0	0	0	37.0501	461
5	8	0	0	0	0	33.8724	462
5	8	0	0	0	0	38.1604	463
5	8	0	0	0	0	39.5062	464
5	8	0	0	0	0	42.8495	465
5	8	0	0	0	0	45.9565	466
5	8	0	0	0	0	38.1172	467
5	8	0	0	0	0	37.2521	468
5	7	0	0	0	0	34.8681	469
5	7	0	0	0	0	35.8116	470
5	7	0	0	0	0	31.4985	471
5	6	0	0	0	0	23.1823	472
5	5	0	0	0	0	26.4283	473
5	5	0	0	0	0	29.6625	474
5	5	0	0	0	0	30.62	475
5	5	0	0	0	0	29.0266	476
5	5	0	0	0	0	25.3305	477
6	5	0	0	0	0	33.4687	478
7	5	0	0	0	0	34.3203	479
7	6	0	0	0	0	31.0227	480
7	6	0	0	0	0	45.6054	481
7	6	0	0	0	0	45.6113	482
7	6	0	0	0	0	28.6882	483
7	6	0	0	0	0	42.3566	484
7	6	0	0	0	0	42.7923	485
7	6	0	0	0	0	41.1656	486
7	6	0	0	0	0	41.1181	487
7	6	0	0	0	0	43.067	488
8	6	0	0	0	0	34.9098	489
8	6	0	0	0	0	45.4648	490
8	6	0	0	0	0	42.6982	491
8	7	0	0	0	0	38.0116	492
8	7	0	0	0	0	44.8146	493
8	7	0	0	0	0	47.3426	494
8	7	0	0	0	0	50.6036	495
8	7	0	0	0	0	45.5461	496
8	7	0	0	0	0	46.4925	497
8	6	0	0	0	0	46.9749	498
9	6	0	0	0	0	49.9312	499
9	6	0	0	0	0	42.4546	500
9	6	0	0	0	0	43.1133	501
9	6	0	0	0	0	48.5311	502
9	6	0	0	0	0	40.049	503
9	6	0	0	0	0	53.2423	504
9	6	0	0	0	0	32.3341	505
9	6	0	0	0	0	51.658	506
9	7	0	0	0	0	45.9015	507
10	5	0	0	0	0	30.3251	508
10	5	0	0	0	0	33.9473	509
10	5	0	0	0	0	35.2889	510
10	4	0	0	0	0	40.1159	511
10	4	0	0	0	0	44.4531	512
9	4	0	0	0	0	29.8343	513
9	4	0	0	0	0	40.6024	514
9	4	0	0	0	0	43.6695	515
9	4	0	0	0	0	37.9992	516
9	4	0	0	0	0	34.0324	517
9	4	0	0	0	0	41.1344	518
9	4	0	0	0	0	42.851	519
10	4	0	0	0	0	40.9575	520
11	4	0	0	0	0	38.9832	521
11	4	0	0	0	0	45.3942	522
11	4	0	0	0	0	45.1108	523
11	4	0	0	0	0	41.6971	524
10	4	0	0	0	0	43.5919	525
10	4	0	0	0	0	40.5361	526
11	4	0	0	0	0	40.0468	527
11	4	0	0	0	0	41.5001	528
11	3	0	0	0	0	46.8319	529
11	3	0	0	0	0	38.9972	530
11	3	0	0	0	0	41.0699	531
10	3	0	0	0	0	42.5015	532
10	3	0	0	0	0	40.593	533
10	3	0	0	0	0	36.2651	534
10	3	0	0	0	0	42.2912	535
10	3	0	0	0	0	37.8026	536
11	4	0	0	0	0	39.4984	537
11	4	0	0	0	0	50.626	538
11	4	0	0	0	0	51.4803	539
11	4	0	0	0	0	47.7832	540
11	4	0	0	0	0	50.1374	541
11	4	0	0	0	0	49.4462	542
11	4	0	0	0	0	53.5722	543
11	4	0	0	0	0	44.489	544
11	4	0	0	0	0	51.4803	545
11	4	0	0	0	0	50.2711	546
11	4	0	0	0	0	52.9872	547
11	4	0	0	0	0	42.2529	548
11	4	0	0	0	0	47.3906	549
11	4	0	0	0	0	43.5353	550
11	4	0	0	0	0	49.2362	551
11	4	0	0	0	0	47.4382	552
10	4	0	0	0	0	44.7997	553
10	4	0	0	0	0	44.8278	554
10	4	0	0	0	0	41.9793	555
10	5	0	0	0	0	43.8935	556
10	5	0	0	0	0	27.2991	557
9	4	0	0	0	0	38.9626	558
8	4	0	0	0	0	38.8538	559
8	4	0	0	0	0	31.2209	560
9	4	0	0	0	0	37.2058	561
9	4	0	0	0	0	32.0913	562
9	4	0	0	0	0	34.92	563
8	4	0	0	0	0	37.3828	564
8	5	0	0	0	0	28.2102	565
8	5	0	0	0	0	37.3993	566
8	5	0	0	0	0	42.6472	567
8	5	0	0	0	0	42.0158	568
8	5	0	0	0	0	37.158	569
8	5	0	0	0	0	43.9664	570
8	5	0	0	0	0	42.3464	571
8	5	0	0	0	0	43.7535	572
8	5	0	0	0	0	34.3308	573
9	5	0	0	0	0	30.4248	574
9	6	0	0	0	0	43.1628	575
9	6	0	0	0	0	46.0316	576
9	5	0	0	0	0	43.0562	577
9	5	0	0	0	0	41.001	578
8	5	0	0	0	0	37.5645	579
8	5	0	0	0	0	39.5062	580
8	5	0	0	0	0	45.4486	581
9	5	0	0	0	0	38.0514	582
9	6	0	0	0	0	49.6478	583
9	6	0	0	0	0	44.3061	584
9	6	0	0	0	0	43.6832	585
9	6	0	0	0	0	44.2698	586
9	6	0	0	0	0	48.4332	587
9	6	0	0	0	0	49.0749	588
9	6	0	0	0	0	44.8945	589
9	6	0	0	0	0	48.9108	590
9	6	0	0	0	0	46.8732	591
9	6	0	0	0	0	48.7749	592
9	6	0	0	0	0	52.6202	593
9	6	0	0	0	0	46.7266	594
8	6	0	0	0	0	43.115	595
7	6	0	0	0	0	40.7021	596
7	6	0	0	0	0	41.1362	597
7	7	0	0	0	0	40.3034	598
7	7	0	0	0	0	49.8501	599
7	8	0	0	0	0	45.6932	600
7	8	0	0	0	0	47.7954	601
7	8	0	0	0	0	42.129	602
7	8	0	0	0	0	49.3927	603
7	8	0	0	0	0	49.4876	604
7	8	0	0	0	0	49.4923	605
7	8	0	0	0	0	49.6981	606
7	8	0	0	0	0	46.8781	607
7	8	0	0	0	0	49.7073	608
6	8	0	0	0	0	43.9963	609
7	8	0	0	0	0	44.9766	610
7	8	0	0	0	0	49.1793	611
7	8	0	0	0	0	45.8447	612
8	8	0	0	0	0	53.2947	613
8	8	0	0	0	0	53.1399	614
8	8	0	0	0	0	50.7077	615
8	8	0	0	0	0	48.3281	616
8	8	0	0	0	0	49.2321	617
8	8	0	0	0	0	49.9763	618
8	7	0	0	0	0	46.3412	619
8	7	0	0	0	0	50.7348	620
8	7	0	0	0	0	53.9608	621
8	7	0	0	0	0	46.8415	622
8	7	0	0	0	0	45.7958	623
8	8	0	0	0	0	50.3225	624
8	8	0	0	0	0	47.4915	625
8	8	0	0	0	0	54.2683	626
8	8	0	0	0	0	42.5832	627
8	8	0	0	0	0	55.6731	628
9	8	0	0	0	0	52.2913	629
8	8	0	0	0	0	47.5697	630
8	8	0	0	0	0	55.6731	631
8	8	0	0	0	0	52.8674	632
8	8	0	0	0	0	46.2308	633
9	8	0	0	0	0	48.0388	634
9	10	0	0	0	0	50.0131	635
9	10	0	0	0	0	54.3105	636
9	10	0	0	0	0	51.237	637
9	10	0	0	0	0	52.0495	638
9	10	0	0	0	0	53.3816	639
9	10	0	0	0	0	58.817	640
9	10	0	0	0	0	50.5903	641
9	10	0	0	0	0	42.1496	642
9	10	0	0	0	0	44.9337	643
8	10	0	0	0	0	44.9422	644
8	10	0	0	0	0	48.4498	645
8	10	0	0	0	0	48.3407	646
8	10	0	0	0	0	49.4784	647
7	10	0	0	0	0	47.0633	648
7	10	0	0	0	0	46.1978	649
7	10	0	0	0	0	47.1907	650
7	9	0	0	0	0	49.115	651
8	9	0	0	0	0	48.7975	652
7	9	0	0	0	0	47.3441	653
7	9	0	0	0	0	52.6381	654
7	9	0	0	0	0	48.6101	655
7	9	0	0	0	0	48.4395	656
7	9	0	0	0	0	43.765	657
7	9	0	0	0	0	42.1405	658
7	8	0	0	0	0	46.9633	659
7	8	0	0	0	0	49.4923	660
7	8	0	0	0	0	50.0282	661
8	8	0	0	0	0	50.4741	662
8	8	0	0	0	0	49.4449	663
8	9	0	0	0	0	46.9588	664
8	9	0	0	0	0	47.2995	665
8	9	0	0	0	0	50.8141	666
8	9	0	0	0	0	44.5548	667
8	9	0	0	0	0	50.8141	668
8	9	0	0	0	0	45.8924	669
8	9	0	0	0	0	42.9441	670
8	9	0	0	0	0	59.653	671
8	9	0	0	0	0	57.75	672
8	9	0	0	0	0	40.4532	673
11	9	0	0	0	0	55.1487	674
11	9	0	0	0	0	67.915	675
11	9	0	0	0	0	73.4978	676
11	9	0	0	0	0	59.5423	677
11	9	0	0	0	0	68.831	678
12	8	0	0	0	0	65.3444	679
12	8	0	0	0	0	70.3235	680
12	8	0	0	0	0	63.7965	681
12	8	0	0	0	0	59.8617	682
11	8	0	0	0	0	60.1205	683
11	7	0	0	0	0	55.9275	684
12	7	0	0	0	0	54.5735	685
12	7	0	0	0	0	56.1944	686
12	7	0	0	0	0	55.193	687
12	7	0	0	0	0	53.4767	688
11	7	0	0	0	0	55.8633	689
11	7	0	0	0	0	62.0918	690
11	7	0	0	0	0	52.8463	691
11	7	0	0	0	0	58.0601	692
11	7	0	0	0	0	51.6154	693
11	7	0	0	0	0	61.5473	694
11	7	0	0	0	0	62.4835	695
12	7	0	0	0	0	61.4058	696
12	7	0	0	0	0	56.1244	697
12	7	0	0	0	0	66.297	698
12	7	0	0	0	0	63.0416	699
12	7	0	0	0	0	65.332	700
12	7	0	0	0	0	54.05	701
12	7	0	0	0	0	60.6531	702
12	7	0	0	0	0	65.3671	703
12	7	0	0	0	0	63.2608	704
12	7	0	0	0	0	63.2605	705
13	7	0	0	0	0	56.0745	706
14	7	0	0	0	0	68.5675	707
14	7	0	0	0	0	66.4305	708
14	7	0	0	0	0	67.5864	709
14	7	0	0	0	0	72.0627	710
14	7	0	0	0	0	67.6548	711
14	7	0	0	0	0	64.7422	712
15	7	0	0	0	0	69.9555	713
15	6	0	0	0	0	65.4975	714
16	5	0	0	0	0	63.17	715
17	5	0	0	0	0	63.949	716
17	5	0	0	0	0	60.3633	717
17	5	0	0	0	0	54.6919	718
17	5	0	0	0	0	74.3705	719
17	5	0	0	0	0	74.1085	720
17	4	0	0	0	0	69.0289	721
17	4	0	0	0	0	60.4465	722
17	5	0	0	0	0	75.8882	723
17	5	0	0	0	0	67.2628	724
16	5	0	0	0	0	71.1878	725
16	5	0	0	0	0	66.1133	726
15	5	0	0	0	0	59.0064	727
15	5	0	0	0	0	72.7106	728
15	5	0	0	0	0	65.3034	729
16	5	0	0	0	0	65.2867	730
16	5	0	0	0	0	68.5328	731
15	4	0	0	0	0	61.5056	732
15	4	0	0	0	0	57.5934	733
15	4	0	0	0	0	54.7725	734
15	4	0	0	0	0	65.7542	735
15	4	0	0	0	0	68.7149	736
15	4	0	0	0	0	56.3245	737
15	5	0	0	0	0	62.9203	738
15	5	0	0	0	0	70.1308	739
15	5	0	0	0	0	64.9464	740
15	5	0	0	0	0	69.592	741
15	5	0	0	0	0	69.6463	742
15	5	0	0	0	0	63.7086	743
15	5	0	0	0	0	66.4977	744
15	5	0	0	0	0	64.871	745
15	5	0	0	0	0	69.3793	746
15	5	0	0	0	0	64.9953	747
15	5	0	0	0	0	67.1848	748
15	5	0	0	0	0	71.8227	749
15	5	0	0	0	0	66.9971	750
16	5	0	0	0	0	64.6558	751
15	5	0	0	0	0	65.9382	752
15	6	0	0	0	0	73.8956	753
15	7	0	0	0	0	65.2423	754
14	7	0	0	0	0	69.1932	755
14	7	0	0	0	0	72.1415	756
14	7	0	0	0	0	64.7665	757
13	7	0	0	0	0	67.0071	758
13	7	0	0	0	0	63.2597	759
13	7	0	0	0	0	67.559	760
14	7	0	0	0	0	61.4469	761
11	8	0	0	0	0	60.9183	762
11	8	0	0	0	0	65.3733	763
11	9	0	0	0	0	63.278	764
11	10	0	0	0	0	65.6046	765
11	10	0	0	0	0	69.1659	766
11	10	0	0	0	0	65.8025	767
11	10	0	0	0	0	65.807	768
11	10	0	0	0	0	71.1709	769
11	10	0	0	0	0	67.3683	770
11	10	0	0	0	0	63.5461	771
11	10	0	0	0	0	67.8153	772
10	10	0	0	0	0	61.3942	773
9	10	0	0	0	0	67.3265	774
9	10	0	0	0	0	49.2274	775
9	10	0	0	0	0	48.5278	776
9	10	0	0	0	0	50.0801	777
9	10	0	0	0	0	46.4852	778
8	10	0	0	0	0	50.0336	779
8	10	0	0	0	0	47.9474	780
6	9	0	0	0	0	47.8876	781
6	10	0	0	0	0	53.9641	782
6	10	0	0	0	0	51.3846	783
6	10	0	0	0	0	50.0336	784
6	9	0	0	0	0	47.195	785
6	9	0	0	0	0	48.9368	786
6	9	0	0	0	0	43.1986	787
6	9	0	0	0	0	50.5982	788
6	9	0	0	0	0	48.9718	789
7	9	0	0	0	0	49.0745	790
7	10	0	0	0	0	54.5602	791
7	10	0	0	0	0	61.8625	792
7	10	0	0	0	0	51.9253	793
7	10	0	0	0	0	57.5651	794
7	10	0	0	0	0	52.9755	795
8	10	0	0	0	0	54.1864	796
8	10	0	0	0	0	63.9261	797
9	10	0	0	0	0	60.5767	798
9	10	0	0	0	0	59.4213	799
9	10	0	0	0	0	61.1221	800
9	10	0	0	0	0	56.5646	801
9	10	0	0	0	0	67.3915	802
9	10	0	0	0	0	66.5973	803
9	10	0	0	0	0	65.5577	804
9	10	0	0	0	0	59.3385	805
9	10	0	0	0	0	62.2791	806
9	10	0	0	0	0	55.8276	807
9	10	0	0	0	0	57.0968	808
9	10	0	0	0	0	63.1414	809
9	10	0	0	0	0	53.1781	810
9	10	0	0	0	0	58.9911	811
8	10	0	0	0	0	57.0878	812
8	10	0	0	0	0	54.9778	813
8	9	0	0	0	0	57.8254	814
8	8	0	0	0	0	51.1893	815
8	8	0	0	0	0	54.2683	816
8	8	0	0	0	0	50.7359	817
8	8	0	0	0	0	57.1501	818
9	8	0	0	0	0	47.0375	819
9	8	0	0	0	0	51.2992	820
9	8	0	0	0	0	51.7373	821
9	8	0	0	0	0	50.6405	822
9	8	0	0	0	0	57.8075	823
9	8	0	0	0	0	59.2149	824
9	8	0	0	0	0	55.975	825
9	8	0	0	0	0	61.6388	826
9	8	0	0	0	0	51.6374	827
9	7	0	0	0	0	49.538	828
9	7	0	0	0	0	50.28	829
9	7	0	0	0	0	54.7324	830
9	7	0	0	0	0	53.6691	831
9	7	0	0	0	0	51.2542	832
9	7	0	0	0	0	47.5871	833
9	7	0	0	0	0	51.934	834
9	8	0	0	0	0	52.4638	835
9	8	0	0	0	0	45.0901	836
9	8	0	0	0	0	54.7919	837
9	8	0	0	0	0	57.7151	838
9	8	0	0	0	0	51.4596	839
9	8	0	0	0	0	57.6633	840
9	9	0	0	0	0	55.1313	841
9	10	0	0	0	0	53.9647	842
9	10	0	0	0	0	69.9496	843
9	10	0	0	0	0	57.4582	844
9	9	0	0	0	0	56.2294	845
9	9	0	0	0	0	54.6303	846
9	9	0	0	0	0	55.6901	847
9	9	0	0	0	0	55.1803	848
8	9	0	0	0	0	57.8203	849
8	9	0	0	0	0	51.8053	850
7	9	0	0	0	0	51.1371	851
7	9	0	0	0	0	50.0725	852
8	9	0	0	0	0	50.0782	853
8	9	0	0	0	0	45.2508	854
8	9	0	0	0	0	53.3957	855
8	9	0	0	0	0	55.2897	856
8	9	0	0	0	0	52.4608	857
8	9	0	0	0	0	50.8577	858
7	9	0	0	0	0	44.0755	859
7	9	0	0	0	0	53.2367	860
7	10	0	0	0	0	51.3586	861
7	10	0	0	0	0	57.6578	862
7	10	0	0	0	0	57.7802	863
7	10	0	0	0	0	56.5779	864
7	10	0	0	0	0	51.8776	865
7	10	0	0	0	0	48.6712	866
7	10	0	0	0	0	55.7946	867
7	10	0	0	0	0	58.6121	868
7	10	0	0	0	0	52.9279	869
7	10	0	0	0	0	54.8964	870
7	10	0	0	0	0	52.309	871
7	11	0	0	0	0	52.9755	872
7	11	0	0	0	0	62.1648	873
7	11	0	0	0	0	60.7717	874
7	11	0	0	0	0	62.4997	875
7	11	0	0	0	0	53.443	876
7	11	0	0	0	0	61.5745	877
7	11	0	0	0	0	60.933	878
7	11	0	0	0	0	57.6549	879
7	11	0	0	0	0	56.1689	880
7	10	0	0	0	0	54.6097	881
7	10	0	0	0	0	53.0014	882
7	10	0	0	0	0	56.7423	883
7	10	0	0	0	0	60.5649	884
7	10	0	0	0	0	58.4177	885
7	10	0	0	0	0	50.0292	886
8	10	0	0	0	0	60.7045	887
8	10	0	0	0	0	62.1234	888
8	11	0	0	0	0	60.0411	889
8	11	0	0	0	0	59.2836	890
9	11	0	0	0	0	54.7648	891
9	11	0	0	0	0	57.4745	892
9	11	0	0	0	0	60.7625	893
9	10	0	0	0	0	55.8327	894
9	10	0	0	0	0	60.1841	895
9	10	0	0	0	0	53.2677	896
9	10	0	0	0	0	56.8595	897
9	10	0	0	0	0	53.7157	898
9	10	0	0	0	0	57.9198	899
8	10	0	0	0	0	46.8798	900
7	9	0	0	0	0	55.0317	901
7	9	0	0	0	0	54.2104	902
8	9	0	0	0	0	51.9338	903
8	9	0	0	0	0	45.6181	904
8	9	0	0	0	0	55.6247	905
8	8	0	0	0	0	48.0865	906
8	8	0	0	0	0	51.3813	907
8	8	0	0	0	0	52.5216	908
8	8	0	0	0	0	52.3319	909
8	8	0	0	0	0	47.1341	910
8	8	0	0	0	0	49.8602	911
8	7	0	0	0	0	47.138	912
8	7	0	0	0	0	48.2322	913
8	7	0	0	0	0	36.4508	914
8	7	0	0	0	0	46.118	915
7	7	0	0	0	0	41.4014	916
7	7	0	0	0	0	45.0993	917
7	7	0	0	0	0	46.7748	918
7	7	0	0	0	0	40.4466	919
7	7	0	0	0	0	41.4968	920
7	7	0	0	0	0	45.9765	921
7	7	0	0	0	0	40.9968	922
7	7	0	0	0	0	40.7543	923
7	7	0	0	0	0	32.8796	924
7	6	0	0	0	0	39.1572	925
7	6	0	0	0	0	38.853	926
7	6	0	0	0	0	40.6535	927
7	6	0	0	0	0	34.4311	928
7	6	0	0	0	0	35.7607	929
7	6	0	0	0	0	38.8935	930
7	6	0	0	0	0	38.4634	931
7	5	0	0	0	0	37.3474	932
8	5	0	0	0	0	36.3568	933
8	5	0	0	0	0	38.3598	934
8	5	0	0	0	0	38.2558	935
9	5	0	0	0	0	38.5257	936
9	5	0	0	0	0	45.8268	937
9	5	0	0	0	0	39.254	938
9	5	0	0	0	0	33.3602	939
7	5	0	0	0	0	36.0575	940
7	5	0	0	0	0	38.4125	941
7	5	0	0	0	0	38.6166	942
7	5	0	0	0	0	37.8615	943
7	5	0	0	0	0	41.4421	944
8	5	0	0	0	0	37.263	945
8	5	0	0	0	0	36.5534	946
9	5	0	0	0	0	38.2558	947
9	5	0	0	0	0	35.2119	948
9	5	0	0	0	0	38.853	949
9	5	0	0	0	0	43.6527	950
9	5	0	0	0	0	45.6093	951
9	5	0	0	0	0	45.1121	952
9	5	0	0	0	0	35.4434	953
9	6	0	0	0	0	39.0648	954
9	6	0	0	0	0	35.5576	955
9	6	0	0	0	0	46.1062	956
9	6	0	0	0	0	39.1478	957
9	6	0	0	0	0	46.446	958
9	6	0	0	0	0	49.8779	959
9	6	0	0	0	0	49.9071	960
10	6	0	0	0	0	43.8969	961
10	5	0	0	0	0	51.3565	962
10	5	0	0	0	0	52.0808	963
10	5	0	0	0	0	45.8053	964
10	5	0	0	0	0	43.8489	965
10	5	0	0	0	0	42.8961	966
10	5	0	0	0	0	39.6156	967
10	5	0	0	0	0	41.3446	968
9	5	0	0	0	0	43.3973	969
9	5	0	0	0	0	46.1927	970
9	5	0	0	0	0	45.2628	971
9	5	0	0	0	0	38.275	972
9	5	0	0	0	0	39.2901	973
9	5	0	0	0	0	41.5549	974
9	5	0	0	0	0	38.7508	975
9	5	0	0	0	0	37.6582	976
9	5	0	0	0	0	36.2994	977
9	5	0	0	0	0	35.5119	978
9	5	0	0	0	0	41.518	979
9	5	0	0	0	0	38.0391	980
9	5	0	0	0	0	37.6582	981
9	5	0	0	0	0	33.9438	982
9	4	0	0	0	0	33.6218	983
9	4	0	0	0	0	41.2186	984
9	3	0	0	0	0	38.5956	985
10	3	0	0	0	0	35.1074	986
11	4	0	0	0	0	39.8151	987
11	4	0	0	0	0	34.1037	988
11	4	0	0	0	0	39.5272	989
11	4	0	0	0	0	37.7637	990
10	4	0	0	0	0	39.8897	991
10	3	0	0	0	0	43.7018	992
10	3	0	0	0	0	37.6372	993
10	3	0	0	0	0	40.1747	994
10	3	0	0	0	0	42.442	995
10	3	0	0	0	0	39.2898	996
10	3	0	0	0	0	21.6994	997
9	3	0	0	0	0	38.2733	998
9	3	0	0	0	0	37.1391	999
9	3	0	0	0	0	36.9558	1000
9	3	0	0	0	0	35.2441	1001
9	3	0	0	0	0	35.5186	1002
8	3	0	0	0	0	35.6209	1003
8	3	0	0	0	0	33.9795	1004
8	3	0	0	0	0	28.7124	1005
8	4	0	0	0	0	30.9177	1006
9	4	0	0	0	0	30.8848	1007
9	4	0	0	0	0	40.9291	1008
9	4	0	0	0	0	39.6858	1009
9	4	0	0	0	0	38.4022	1010
9	3	0	0	0	0	37.3922	1011
9	3	0	0	0	0	34.5791	1012
9	3	0	0	0	0	37.0101	1013
9	3	0	0	0	0	37.6355	1014
9	3	0	0	0	0	40.964	1015
9	3	0	0	0	0	41.5637	1016
9	3	0	0	0	0	41.2399	1017
9	3	0	0	0	0	27.5189	1018
9	3	0	0	0	0	40.377	1019
9	3	0	0	0	0	41.5961	1020
9	3	0	0	0	0	36.1571	1021
9	3	0	0	0	0	40.377	1022
9	3	0	0	0	0	36.3721	1023
10	3	0	0	0	0	37.0632	1024
10	3	0	0	0	0	33.5418	1025
9	3	0	0	0	0	41.3299	1026
9	3	0	0	0	0	35.6086	1027
9	3	0	0	0	0	34.1537	1028
9	3	0	0	0	0	37.2185	1029
9	4	0	0	0	0	33.3997	1030
9	4	0	0	0	0	33.0725	1031
9	4	0	0	0	0	34.8687	1032
9	4	0	0	0	0	35.5084	1033
8	4	0	0	0	0	39.386	1034
8	4	0	0	0	0	35.8257	1035
9	4	0	0	0	0	38.3606	1036
9	4	0	0	0	0	45.37	1037
9	5	0	0	0	0	42.2635	1038
9	5	0	0	0	0	40.1978	1039
9	5	0	0	0	0	47.959	1040
9	5	0	0	0	0	49.6991	1041
9	5	0	0	0	0	37.7757	1042
9	5	0	0	0	0	41.8855	1043
9	5	0	0	0	0	40.2785	1044
9	4	0	0	0	0	40.5978	1045
9	4	0	0	0	0	41.9227	1046
8	4	0	0	0	0	34.206	1047
8	4	0	0	0	0	39.4356	1048
8	4	0	0	0	0	41.8546	1049
8	4	0	0	0	0	40.3911	1050
8	4	0	0	0	0	35.7085	1051
8	4	0	0	0	0	37.2929	1052
8	4	0	0	0	0	39.1087	1053
8	4	0	0	0	0	38.5053	1054
8	4	0	0	0	0	41.7252	1055
8	4	0	0	0	0	38.192	1056
8	4	0	0	0	0	36.7558	1057
8	4	0	0	0	0	38.7143	1058
8	4	0	0	0	0	35.8257	1059
9	4	0	0	0	0	36.1601	1060
9	4	0	0	0	0	45.9015	1061
9	4	0	0	0	0	36.0156	1062
9	4	0	0	0	0	42.8939	1063
9	4	0	0	0	0	42.1157	1064
9	4	0	0	0	0	35.3056	1065
11	4	0	0	0	0	34.8533	1066
13	4	0	0	0	0	43.375	1067
13	4	0	0	0	0	61.8703	1068
13	4	0	0	0	0	57.4841	1069
13	4	0	0	0	0	55.3064	1070
13	4	0	0	0	0	61.9416	1071
13	4	0	0	0	0	51.0004	1072
13	4	0	0	0	0	59.1931	1073
13	4	0	0	0	0	49.1191	1074
13	4	0	0	0	0	60.7998	1075
13	4	0	0	0	0	61.8703	1076
13	4	0	0	0	0	57.4472	1077
13	4	0	0	0	0	56.8725	1078
13	5	0	0	0	0	61.3596	1079
13	6	0	0	0	0	62.9672	1080
13	6	0	0	0	0	55.3582	1081
13	7	0	0	0	0	55.8118	1082
12	8	0	0	0	0	56.0268	1083
12	8	0	0	0	0	62.64	1084
12	8	0	0	0	0	64.6298	1085
11	8	0	0	0	0	56.6344	1086
11	13	0	0	0	0	62.2146	1087
11	13	0	0	0	0	77.7979	1088
10	13	0	0	0	0	76.7489	1089
9	13	0	0	0	0	66.8451	1090
9	13	0	0	0	0	73.2663	1091
9	13	0	0	0	0	68.4442	1092
9	13	0	0	0	0	67.1025	1093
9	13	0	0	0	0	74.0432	1094
9	13	0	0	0	0	73.6793	1095
8	13	0	0	0	0	67.3949	1096
7	13	0	0	0	0	74.1093	1097
7	13	0	0	0	0	68.9881	1098
7	13	0	0	0	0	68.1716	1099
7	13	0	0	0	0	64.6669	1100
7	13	0	0	0	0	68.0505	1101
7	13	0	0	0	0	64.4796	1102
7	12	0	0	0	0	70.0963	1103
7	12	0	0	0	0	61.3877	1104
7	12	0	0	0	0	69.3837	1105
7	12	0	0	0	0	65.5972	1106
7	12	0	0	0	0	57.9146	1107
7	12	0	0	0	0	65.5972	1108
7	12	0	0	0	0	63.744	1109
7	13	0	0	0	0	64.7145	1110
7	13	0	0	0	0	58.1559	1111
7	13	0	0	0	0	73.0686	1112
7	13	0	0	0	0	71.3962	1113
7	13	0	0	0	0	67.0689	1114
7	14	0	0	0	0	68.849	1115
7	14	0	0	0	0	73.3175	1116
7	15	0	0	0	0	67.0927	1117
7	15	0	0	0	0	70.1545	1118
7	14	0	0	0	0	70.3951	1119
7	14	0	0	0	0	71.3103	1120
7	14	0	0	0	0	78.0295	1121
7	14	0	0	0	0	73.9523	1122
7	14	0	0	0	0	73.8532	1123
7	14	0	0	0	0	58.5541	1124
6	14	0	0	0	0	63.6264	1125
6	14	0	0	0	0	67.1171	1126
6	14	0	0	0	0	66.1447	1127
6	14	0	0	0	0	66.1075	1128
6	14	0	0	0	0	59.6324	1129
6	14	0	0	0	0	59.2118	1130
6	14	0	0	0	0	63.6356	1131
6	14	0	0	0	0	58.9749	1132
6	14	0	0	0	0	60.3754	1133
6	14	0	0	0	0	65.6649	1134
7	14	0	0	0	0	69.0041	1135
6	14	0	0	0	0	66.3702	1136
6	14	0	0	0	0	57.5012	1137
6	14	0	0	0	0	58.4548	1138
5	14	0	0	0	0	53.5128	1139
5	14	0	0	0	0	65.1544	1140
4	14	0	0	0	0	56.3736	1141
4	15	0	0	0	0	61.7386	1142
4	15	0	0	0	0	60.3801	1143
4	15	0	0	0	0	57.1185	1144
4	15	0	0	0	0	63.1603	1145
4	15	0	0	0	0	61.0121	1146
5	15	0	0	0	0	56.1087	1147
4	15	0	0	0	0	63.2248	1148
4	15	0	0	0	0	69.2729	1149
4	15	0	0	0	0	62.1229	1150
4	15	0	0	0	0	57.4567	1151
4	15	0	0	0	0	63.2088	1152
3	15	0	0	0	0	60.2339	1153
3	15	0	0	0	0	51.8851	1154
3	14	0	0	0	0	48.0423	1155
3	14	0	0	0	0	61.9696	1156
3	14	0	0	0	0	53.2109	1157
3	13	0	0	0	0	49.1892	1158
4	13	0	0	0	0	50.092	1159
4	13	0	0	0	0	47.086	1160
4	13	0	0	0	0	46.2705	1161
4	13	0	0	0	0	48.396	1162
4	13	0	0	0	0	50.8683	1163
4	13	0	0	0	0	49.5745	1164
4	13	0	0	0	0	47.2452	1165
4	12	0	0	0	0	51.3982	1166
5	12	0	0	0	0	48.2734	1167
6	12	0	0	0	0	50.5268	1168
6	12	0	0	0	0	55.7629	1169
7	12	0	0	0	0	57.961	1170
7	12	0	0	0	0	59.5035	1171
7	12	0	0	0	0	56.7436	1172
7	12	0	0	0	0	61.9446	1173
7	12	0	0	0	0	65.6429	1174
7	12	0	0	0	0	61.2834	1175
7	12	0	0	0	0	56.6196	1176
7	11	0	0	0	0	58.8215	1177
7	11	0	0	0	0	57.8871	1178
7	11	0	0	0	0	50.7586	1179
7	10	0	0	0	0	54.1088	1180
7	9	0	0	0	0	53.5339	1181
7	9	0	0	0	0	51.5199	1182
7	9	0	0	0	0	53.9208	1183
7	9	0	0	0	0	44.8409	1184
7	9	0	0	0	0	44.1542	1185
7	9	0	0	0	0	51.0352	1186
6	9	0	0	0	0	50.1862	1187
7	9	0	0	0	0	46.145	1188
7	9	0	0	0	0	49.569	1189
7	9	0	0	0	0	48.4536	1190
7	9	0	0	0	0	47.2818	1191
7	9	0	0	0	0	50.5317	1192
7	10	0	0	0	0	52.4991	1193
7	10	0	0	0	0	47.234	1194
7	10	0	0	0	0	53.8773	1195
7	10	0	0	0	0	49.3822	1196
7	10	0	0	0	0	47.8744	1197
7	9	0	0	0	0	53.2073	1198
7	9	0	0	0	0	54.3729	1199
7	9	0	0	0	0	47.9225	1200
7	9	0	0	0	0	50.854	1201
7	9	0	0	0	0	44.191	1202
7	8	0	0	0	0	50.1333	1203
8	8	0	0	0	0	50.0282	1204
8	8	0	0	0	0	45.5777	1205
8	8	0	0	0	0	39.5433	1206
8	8	0	0	0	0	42.2623	1207
8	8	0	0	0	0	57.1501	1208
8	8	0	0	0	0	50.5587	1209
8	8	0	0	0	0	49.9957	1210
8	8	0	0	0	0	46.6103	1211
8	8	0	0	0	0	44.6019	1212
8	8	0	0	0	0	48.9189	1213
8	8	0	0	0	0	53.5047	1214
8	9	0	0	0	0	46.5839	1215
8	10	0	0	0	0	54.8599	1216
8	10	0	0	0	0	55.9269	1217
8	10	0	0	0	0	57.4885	1218
8	12	0	0	0	0	58.9911	1219
8	12	0	0	0	0	61.6616	1220
8	13	0	0	0	0	72.2244	1221
8	13	0	0	0	0	65.5008	1222
8	13	0	0	0	0	67.4112	1223
7	12	0	0	0	0	60.4198	1224
7	12	0	0	0	0	60.5632	1225
7	13	0	0	0	0	59.0722	1226
7	13	0	0	0	0	57.7019	1227
7	13	0	0	0	0	48.9221	1228
7	12	0	0	0	0	58.7267	1229
7	11	0	0	0	0	56.6734	1230
7	11	0	0	0	0	65.9111	1231
7	11	0	0	0	0	63.6753	1232
7	11	0	0	0	0	62.9368	1233
7	11	0	0	0	0	59.5973	1234
7	11	0	0	0	0	55.8798	1235
7	12	0	0	0	0	49.9254	1236
7	10	0	0	0	0	51.1573	1237
7	10	0	0	0	0	41.4916	1238
7	10	0	0	0	0	42.0406	1239
6	9	0	0	0	0	47.995	1240
6	9	0	0	0	0	53.1315	1241
6	9	0	0	0	0	48.4917	1242
6	9	0	0	0	0	49.7189	1243
6	9	0	0	0	0	52.3172	1244
7	9	0	0	0	0	53.7	1245
7	9	0	0	0	0	49.538	1246
9	9	0	0	0	0	51.8015	1247
9	9	0	0	0	0	53.6585	1248
9	9	0	0	0	0	58.4943	1249
10	9	0	0	0	0	60.0374	1250
10	9	0	0	0	0	60.7521	1251
10	9	0	0	0	0	58.9694	1252
10	9	0	0	0	0	64.65	1253
9	9	0	0	0	0	55.6118	1254
9	9	0	0	0	0	63.7986	1255
9	9	0	0	0	0	57.9557	1256
9	9	0	0	0	0	65.7666	1257
9	9	0	0	0	0	63.7707	1258
9	9	0	0	0	0	57.6428	1259
9	9	0	0	0	0	57.7469	1260
9	9	0	0	0	0	61.5557	1261
9	9	0	0	0	0	65.5939	1262
9	9	0	0	0	0	59.0433	1263
9	9	0	0	0	0	60.0238	1264
9	9	0	0	0	0	46.6041	1265
9	9	0	0	0	0	48.3501	1266
8	8	0	0	0	0	45.9872	1267
8	8	0	0	0	0	53.8226	1268
8	8	0	0	0	0	40.187	1269
8	8	0	0	0	0	54.3105	1270
8	8	0	0	0	0	52.8833	1271
8	9	0	0	0	0	52.7404	1272
8	9	0	0	0	0	51.286	1273
8	9	0	0	0	0	53.0213	1274
8	9	0	0	0	0	58.5688	1275
9	9	0	0	0	0	52.8435	1276
9	9	0	0	0	0	61.3974	1277
9	9	0	0	0	0	56.9699	1278
9	9	0	0	0	0	60.7536	1279
9	9	0	0	0	0	56.8784	1280
9	9	0	0	0	0	58.4247	1281
9	9	0	0	0	0	53.1091	1282
9	9	0	0	0	0	55.9403	1283
9	9	0	0	0	0	61.991	1284
9	9	0	0	0	0	62.0324	1285
9	9	0	0	0	0	54.9842	1286
9	9	0	0	0	0	58.1283	1287
10	9	0	0	0	0	60.4111	1288
10	9	0	0	0	0	57.5717	1289
10	9	0	0	0	0	57.6361	1290
10	9	0	0	0	0	60.0675	1291
10	9	0	0	0	0	62.1697	1292
10	9	0	0	0	0	59.6652	1293
10	9	0	0	0	0	66.4822	1294
10	9	0	0	0	0	59.6175	1295
11	9	0	0	0	0	50.8082	1296
11	9	0	0	0	0	64.1006	1297
11	10	0	0	0	0	51.0697	1298
11	10	0	0	0	0	65.6008	1299
11	11	0	0	0	0	58.2546	1300
11	10	0	0	0	0	69.0054	1301
11	10	0	0	0	0	66.1467	1302
11	10	0	0	0	0	69.6775	1303
11	10	0	0	0	0	70.2708	1304
11	10	0	0	0	0	70.6001	1305
11	10	0	0	0	0	57.0196	1306
10	10	0	0	0	0	63.3997	1307
10	12	0	0	0	0	61.6666	1308
8	12	0	0	0	0	68.1563	1309
8	12	0	0	0	0	70.3873	1310
8	12	0	0	0	0	60.3423	1311
8	11	0	0	0	0	52.9526	1312
8	11	0	0	0	0	55.68	1313
7	11	0	0	0	0	55.6849	1314
7	11	0	0	0	0	52.6865	1315
7	11	0	0	0	0	55.9825	1316
6	11	0	0	0	0	56.6901	1317
6	11	0	0	0	0	54.4533	1318
6	11	0	0	0	0	50.6317	1319
6	10	0	0	0	0	51.0681	1320
6	10	0	0	0	0	57.23	1321
6	10	0	0	0	0	48.3192	1322
6	10	0	0	0	0	48.4059	1323
6	10	0	0	0	0	48.0639	1324
6	10	0	0	0	0	50.4823	1325
6	9	0	0	0	0	42.0285	1326
6	9	0	0	0	0	42.4468	1327
6	8	0	0	0	0	40.5195	1328
6	8	0	0	0	0	46.6373	1329
6	8	0	0	0	0	44.2656	1330
6	8	0	0	0	0	38.0774	1331
6	8	0	0	0	0	47.8364	1332
6	8	0	0	0	0	35.2075	1333
5	9	0	0	0	0	39.4879	1334
5	9	0	0	0	0	44.9949	1335
5	9	0	0	0	0	42.6504	1336
5	9	0	0	0	0	46.6881	1337
5	9	0	0	0	0	41.9248	1338
5	9	0	0	0	0	47.0042	1339
5	9	0	0	0	0	46.1316	1340
5	9	0	0	0	0	46.2392	1341
5	9	0	0	0	0	45.0199	1342
5	9	0	0	0	0	43.6527	1343
5	9	0	0	0	0	49.5569	1344
5	9	0	0	0	0	46.3462	1345
5	9	0	0	0	0	43.1312	1346
5	8	0	0	0	0	37.9994	1347
5	8	0	0	0	0	38.2081	1348
5	8	0	0	0	0	43.1298	1349
5	8	0	0	0	0	40.6499	1350
5	8	0	0	0	0	36.5349	1351
5	8	0	0	0	0	41.981	1352
5	8	0	0	0	0	41.2618	1353
6	8	0	0	0	0	41.2397	1354
6	8	0	0	0	0	39.7106	1355
6	8	0	0	0	0	42.393	1356
6	8	0	0	0	0	42.4034	1357
6	8	0	0	0	0	39.835	1358
6	8	0	0	0	0	41.8983	1359
6	8	0	0	0	0	39.998	1360
6	8	0	0	0	0	41.188	1361
6	8	0	0	0	0	40.8017	1362
6	7	0	0	0	0	40.6566	1363
6	7	0	0	0	0	42.3977	1364
6	7	0	0	0	0	40.0948	1365
6	7	0	0	0	0	43.0817	1366
6	9	0	0	0	0	41.2439	1367
6	9	0	0	0	0	40.4162	1368
6	8	0	0	0	0	40.9035	1369
6	8	0	0	0	0	46.2338	1370
6	8	0	0	0	0	44.281	1371
6	8	0	0	0	0	44.1977	1372
7	8	0	0	0	0	38.6432	1373
7	8	0	0	0	0	43.4874	1374
7	8	0	0	0	0	47.8008	1375
7	7	0	0	0	0	36.8062	1376
7	7	0	0	0	0	48.0525	1377
7	7	0	0	0	0	47.019	1378
7	7	0	0	0	0	46.6292	1379
7	7	0	0	0	0	45.6474	1380
7	8	0	0	0	0	42.9517	1381
7	8	0	0	0	0	41.1859	1382
7	8	0	0	0	0	42.1958	1383
7	8	0	0	0	0	39.917	1384
7	8	0	0	0	0	43.161	1385
7	8	0	0	0	0	41.1656	1386
7	8	0	0	0	0	39.3974	1387
7	9	0	0	0	0	39.2918	1388
7	9	0	0	0	0	45.8031	1389
7	9	0	0	0	0	39.1539	1390
8	9	0	0	0	0	40.1901	1391
8	8	0	0	0	0	45.4872	1392
8	8	0	0	0	0	51.286	1393
8	8	0	0	0	0	51.9695	1394
8	8	0	0	0	0	43.9414	1395
8	8	0	0	0	0	43.7878	1396
6	8	0	0	0	0	30.9936	1397
6	8	0	0	0	0	32.9293	1398
6	8	0	0	0	0	27.7223	1399
6	8	0	0	0	0	33.5295	1400
6	8	0	0	0	0	34.3588	1401
4	8	0	0	0	0	29.6217	1402
4	8	0	0	0	0	32.094	1403
4	8	0	0	0	0	28.5397	1404
4	7	0	0	0	0	32.4253	1405
4	6	0	0	0	0	27.8391	1406
4	6	0	0	0	0	25.2723	1407
4	6	0	0	0	0	25.8673	1408
4	6	0	0	0	0	26.4329	1409
4	6	0	0	0	0	27.331	1410
4	6	0	0	0	0	31.0813	1411
4	6	0	0	0	0	31.5885	1412
5	6	0	0	0	0	29.459	1413
5	6	0	0	0	0	33.1659	1414
5	6	0	0	0	0	35.0662	1415
5	6	0	0	0	0	32.433	1416
5	6	0	0	0	0	28.4156	1417
5	6	0	0	0	0	30.933	1418
5	5	0	0	0	0	26.3806	1419
5	5	0	0	0	0	31.3589	1420
5	5	0	0	0	0	26.1472	1421
5	4	0	0	0	0	25.1846	1422
5	4	0	0	0	0	24.7337	1423
5	4	0	0	0	0	26.4587	1424
5	4	0	0	0	0	23.8325	1425
6	4	0	0	0	0	25.0935	1426
6	4	0	0	0	0	29.4349	1427
6	4	0	0	0	0	23.8239	1428
5	4	0	0	0	0	22.7133	1429
5	4	0	0	0	0	27.7848	1430
5	5	0	0	0	0	25.7854	1431
5	7	0	0	0	0	28.8252	1432
5	7	0	0	0	0	25.0716	1433
5	7	0	0	0	0	33.8332	1434
6	7	0	0	0	0	32.0135	1435
6	7	0	0	0	0	33.5161	1436
6	7	0	0	0	0	39.9819	1437
6	7	0	0	0	0	41.8732	1438
6	7	0	0	0	0	37.9345	1439
6	7	0	0	0	0	39.3974	1440
6	7	0	0	0	0	39.1062	1441
6	7	0	0	0	0	42.3817	1442
6	7	0	0	0	0	44.8306	1443
6	7	0	0	0	0	32.5013	1444
6	7	0	0	0	0	41.7519	1445
6	7	0	0	0	0	36.5551	1446
6	9	0	0	0	0	33.2623	1447
6	9	0	0	0	0	36.9569	1448
6	9	0	0	0	0	46.3841	1449
6	8	0	0	0	0	42.2861	1450
7	8	0	0	0	0	33.887	1451
7	8	0	0	0	0	45.1535	1452
7	8	0	0	0	0	50.1346	1453
7	8	0	0	0	0	33.7353	1454
7	8	0	0	0	0	49.1464	1455
7	8	0	0	0	0	43.0689	1456
7	8	0	0	0	0	43.138	1457
7	7	0	0	0	0	35.0413	1458
7	7	0	0	0	0	43.4528	1459
7	7	0	0	0	0	37.7701	1460
8	7	0	0	0	0	48.4786	1461
8	7	0	0	0	0	49.4449	1462
8	7	0	0	0	0	47.9428	1463
8	8	0	0	0	0	37.9441	1464
8	8	0	0	0	0	46.5065	1465
8	8	0	0	0	0	49.5079	1466
8	8	0	0	0	0	49.1104	1467
8	8	0	0	0	0	45.7481	1468
8	8	0	0	0	0	47.7796	1469
8	8	0	0	0	0	47.7954	1470
8	8	0	0	0	0	50.2668	1471
8	8	0	0	0	0	56.1155	1472
8	8	0	0	0	0	51.3541	1473
8	8	0	0	0	0	54.3524	1474
9	8	0	0	0	0	50.6882	1475
9	8	0	0	0	0	54.2683	1476
9	8	0	0	0	0	52.5143	1477
9	8	0	0	0	0	55.036	1478
9	8	0	0	0	0	58.5092	1479
9	8	0	0	0	0	51.4969	1480
9	8	0	0	0	0	56.3825	1481
9	8	0	0	0	0	46.9582	1482
9	8	0	0	0	0	45.8332	1483
9	7	0	0	0	0	44.529	1484
11	7	0	0	0	0	46.9891	1485
11	7	0	0	0	0	55.1221	1486
11	7	0	0	0	0	64.5913	1487
11	7	0	0	0	0	54.1684	1488
11	7	0	0	0	0	57.2742	1489
11	7	0	0	0	0	56.4353	1490
11	7	0	0	0	0	57.4839	1491
11	7	0	0	0	0	55.5628	1492
11	7	0	0	0	0	55.8759	1493
11	7	0	0	0	0	58.6443	1494
11	7	0	0	0	0	60.5593	1495
11	7	0	0	0	0	53.3618	1496
11	7	0	0	0	0	61.1269	1497
12	9	0	0	0	0	62.4392	1498
12	9	0	0	0	0	66.6987	1499
12	10	0	0	0	0	72.8374	1500
12	10	0	0	0	0	69.249	1501
12	12	0	0	0	0	70.8598	1502
12	12	0	0	0	0	68.6639	1503
12	13	0	0	0	0	71.8417	1504
13	13	0	0	0	0	93.0943	1505
13	13	0	0	0	0	89.7948	1506
13	13	0	0	0	0	90.1481	1507
13	13	0	0	0	0	83.9598	1508
13	13	0	0	0	0	82.6182	1509
13	13	0	0	0	0	80.2781	1510
13	13	0	0	0	0	80.0642	1511
13	13	0	0	0	0	84.5839	1512
13	13	0	0	0	0	84.2042	1513
13	13	0	0	0	0	87.4245	1514
13	13	0	0	0	0	73.4048	1515
13	13	0	0	0	0	78.9663	1516
14	13	0	0	0	0	94.2009	1517
14	13	0	0	0	0	84.6486	1518
14	13	0	0	0	0	87.82	1519
14	13	0	0	0	0	78.173	1520
14	14	0	0	0	0	99.8111	1521
14	14	0	0	0	0	86.1589	1522
13	14	0	0	0	0	91.7447	1523
13	15	0	0	0	0	95.9501	1524
13	15	0	0	0	0	99.1535	1525
13	15	0	0	0	0	85.8354	1526
13	15	0	0	0	0	94.5391	1527
12	15	0	0	0	0	89.719	1528
12	16	0	0	0	0	90.2646	1529
12	17	0	0	0	0	89.2845	1530
12	17	0	0	0	0	105.228	1531
12	17	0	0	0	0	92.7548	1532
11	17	0	0	0	0	93.0911	1533
11	17	0	0	0	0	96.9974	1534
11	17	0	0	0	0	95.7153	1535
11	18	0	0	0	0	100.933	1536
11	18	0	0	0	0	93.6133	1537
11	17	0	0	0	0	93.8445	1538
11	16	0	0	0	0	83.5373	1539
11	16	0	0	0	0	80.5491	1540
9	16	0	0	0	0	79.5821	1541
9	17	0	0	0	0	80.5626	1542
9	17	0	0	0	0	91.9324	1543
9	17	0	0	0	0	93.5226	1544
9	17	0	0	0	0	80.1645	1545
9	17	0	0	0	0	87.6237	1546
9	17	0	0	0	0	90.2448	1547
9	17	0	0	0	0	85.7368	1548
9	17	0	0	0	0	97.9351	1549
9	17	0	0	0	0	89.279	1550
10	17	0	0	0	0	87.7213	1551
10	17	0	0	0	0	90.8463	1552
10	17	0	0	0	0	86.5124	1553
10	17	0	0	0	0	89.7579	1554
10	17	0	0	0	0	86.748	1555
10	17	0	0	0	0	90.9864	1556
10	17	0	0	0	0	95.6361	1557
10	17	0	0	0	0	87.4016	1558
10	17	0	0	0	0	100.917	1559
10	17	0	0	0	0	84.7326	1560
10	17	0	0	0	0	83.4903	1561
10	17	0	0	0	0	91.8705	1562
10	17	0	0	0	0	100.773	1563
10	17	0	0	0	0	85.7097	1564
10	17	0	0	0	0	85.14	1565
10	17	0	0	0	0	91.0524	1566
10	17	0	0	0	0	87.5796	1567
10	17	0	0	0	0	93.9272	1568
10	17	0	0	0	0	84.9246	1569
10	17	0	0	0	0	97.968	1570
10	17	0	0	0	0	80.8408	1571
8	16	0	0	0	0	78.747	1572
8	16	0	0	0	0	85.2437	1573
8	15	0	0	0	0	75.8412	1574
8	15	0	0	0	0	85.2458	1575
8	15	0	0	0	0	74.9297	1576
8	16	0	0	0	0	86.0714	1577
8	16	0	0	0	0	72.842	1578
8	16	0	0	0	0	80.9091	1579
8	16	0	0	0	0	76.9951	1580
8	16	0	0	0	0	75.8484	1581
8	16	0	0	0	0	77.2612	1582
8	16	0	0	0	0	85.2522	1583
8	16	0	0	0	0	80.9091	1584
8	16	0	0	0	0	77.543	1585
8	17	0	0	0	0	80.638	1586
8	17	0	0	0	0	72.7943	1587
8	17	0	0	0	0	74.5653	1588
8	17	0	0	0	0	73.489	1589
8	17	0	0	0	0	82.9381	1590
8	17	0	0	0	0	81.7299	1591
8	17	0	0	0	0	80.4568	1592
8	17	0	0	0	0	85.4284	1593
8	16	0	0	0	0	76.5819	1594
8	16	0	0	0	0	72.5741	1595
8	16	0	0	0	0	72.5125	1596
8	15	0	0	0	0	72.8743	1597
9	15	0	0	0	0	76.2996	1598
9	15	0	0	0	0	89.5089	1599
9	15	0	0	0	0	77.5734	1600
9	15	0	0	0	0	85.7197	1601
9	15	0	0	0	0	82.4831	1602
9	15	0	0	0	0	81.0383	1603
10	15	0	0	0	0	82.5527	1604
10	15	0	0	0	0	89.6318	1605
10	15	0	0	0	0	80.0785	1606
10	15	0	0	0	0	78.688	1607
10	16	0	0	0	0	73.4857	1608
10	16	0	0	0	0	89.0848	1609
10	16	0	0	0	0	70.2001	1610
9	16	0	0	0	0	61.9342	1611
8	17	0	0	0	0	72.0017	1612
8	18	0	0	0	0	78.1158	1613
8	17	0	0	0	0	76.8567	1614
8	18	0	0	0	0	75.1355	1615
8	18	0	0	0	0	84.2391	1616
9	18	0	0	0	0	85.6073	1617
9	18	0	0	0	0	89.7745	1618
9	18	0	0	0	0	90.0879	1619
9	18	0	0	0	0	96.3111	1620
9	18	0	0	0	0	89.2255	1621
9	18	0	0	0	0	97.3299	1622
9	18	0	0	0	0	81.1347	1623
9	18	0	0	0	0	86.9826	1624
8	18	0	0	0	0	89.0395	1625
8	18	0	0	0	0	89.2406	1626
8	18	0	0	0	0	89.2957	1627
8	18	0	0	0	0	84.9421	1628
8	18	0	0	0	0	90.2294	1629
8	18	0	0	0	0	88.7257	1630
8	18	0	0	0	0	87.0303	1631
9	18	0	0	0	0	84.8487	1632
9	18	0	0	0	0	83.797	1633
9	18	0	0	0	0	85.7193	1634
8	18	0	0	0	0	82.0464	1635
8	18	0	0	0	0	90.157	1636
8	18	0	0	0	0	84.4118	1637
8	18	0	0	0	0	88.0328	1638
8	18	0	0	0	0	91.5792	1639
8	18	0	0	0	0	89.1785	1640
8	18	0	0	0	0	87.2063	1641
8	18	0	0	0	0	88.6573	1642
8	18	0	0	0	0	85.1746	1643
8	18	0	0	0	0	72.8023	1644
8	18	0	0	0	0	91.1029	1645
8	18	0	0	0	0	71.3848	1646
8	18	0	0	0	0	70.9646	1647
6	17	0	0	0	0	76.8125	1648
6	17	0	0	0	0	73.9987	1649
6	16	0	0	0	0	65.8544	1650
6	16	0	0	0	0	74.3724	1651
6	16	0	0	0	0	71.6572	1652
6	16	0	0	0	0	71.6089	1653
6	16	0	0	0	0	69.4091	1654
6	16	0	0	0	0	70.9142	1655
6	16	0	0	0	0	69.699	1656
7	15	0	0	0	0	66.4516	1657
7	15	0	0	0	0	71.6608	1658
7	15	0	0	0	0	69.86	1659
7	15	0	0	0	0	71.798	1660
7	15	0	0	0	0	68.7836	1661
7	15	0	0	0	0	69.2325	1662
7	15	0	0	0	0	71.7975	1663
7	15	0	0	0	0	69.0488	1664
7	15	0	0	0	0	65.2726	1665
7	17	0	0	0	0	77.1704	1666
7	17	0	0	0	0	65.499	1667
7	17	0	0	0	0	76.0619	1668
7	17	0	0	0	0	77.2449	1669
7	17	0	0	0	0	71.2938	1670
7	16	0	0	0	0	80.4939	1671
7	16	0	0	0	0	68.402	1672
7	17	0	0	0	0	70.3661	1673
7	16	0	0	0	0	81.9687	1674
7	16	0	0	0	0	74.0671	1675
7	16	0	0	0	0	70.093	1676
7	16	0	0	0	0	71.6405	1677
7	16	0	0	0	0	71.3411	1678
7	16	0	0	0	0	70.7609	1679
7	14	0	0	0	0	65.6032	1680
7	14	0	0	0	0	67.2462	1681
7	14	0	0	0	0	59.2318	1682
7	13	0	0	0	0	73.9785	1683
7	13	0	0	0	0	67.6466	1684
7	13	0	0	0	0	60.2755	1685
7	13	0	0	0	0	61.2819	1686
7	14	0	0	0	0	64.8604	1687
7	14	0	0	0	0	64.4553	1688
7	14	0	0	0	0	63.6443	1689
7	14	0	0	0	0	60.088	1690
7	14	0	0	0	0	57.6615	1691
7	13	0	0	0	0	52.9566	1692
7	13	0	0	0	0	70.9641	1693
7	13	0	0	0	0	65.0508	1694
7	13	0	0	0	0	68.6317	1695
7	13	0	0	0	0	63.6248	1696
7	14	0	0	0	0	73.2951	1697
7	14	0	0	0	0	67.172	1698
7	14	0	0	0	0	59.0123	1699
7	13	0	0	0	0	61.0691	1700
7	12	0	0	0	0	56.451	1701
7	12	0	0	0	0	58.5732	1702
7	11	0	0	0	0	60.934	1703
6	11	0	0	0	0	54.2657	1704
6	11	0	0	0	0	58.2977	1705
6	11	0	0	0	0	62.015	1706
6	11	0	0	0	0	52.2133	1707
7	11	0	0	0	0	55.5718	1708
8	11	0	0	0	0	65.4463	1709
8	11	0	0	0	0	64.2059	1710
8	11	0	0	0	0	60.9617	1711
8	10	0	0	0	0	61.2928	1712
8	9	0	0	0	0	55.5245	1713
8	9	0	0	0	0	45.0794	1714
8	9	0	0	0	0	61.4728	1715
8	9	0	0	0	0	54.2266	1716
8	9	0	0	0	0	55.6315	1717
8	9	0	0	0	0	48.0789	1718
8	9	0	0	0	0	58.9691	1719
8	9	0	0	0	0	57.7614	1720
8	9	0	0	0	0	56.2429	1721
8	9	0	0	0	0	54.805	1722
8	9	0	0	0	0	56.5804	1723
8	9	0	0	0	0	56.7355	1724
8	9	0	0	0	0	58.047	1725
8	9	0	0	0	0	51.2411	1726
8	9	0	0	0	0	54.0865	1727
8	9	0	0	0	0	60.7168	1728
8	9	0	0	0	0	58.1465	1729
8	9	0	0	0	0	54.4692	1730
8	9	0	0	0	0	55.2452	1731
8	9	0	0	0	0	56.1228	1732
8	9	0	0	0	0	55.776	1733
8	9	0	0	0	0	61.9558	1734
8	9	0	0	0	0	46.2308	1735
8	8	0	0	0	0	53.0412	1736
8	7	0	0	0	0	52.7254	1737
8	7	0	0	0	0	48.4929	1738
8	7	0	0	0	0	52.8135	1739
8	7	0	0	0	0	48.6318	1740
8	7	0	0	0	0	42.1451	1741
8	8	0	0	0	0	46.7461	1742
8	8	0	0	0	0	49.8832	1743
8	8	0	0	0	0	34.2952	1744
8	8	0	0	0	0	46.1865	1745
7	9	0	0	0	0	46.1873	1746
7	10	0	0	0	0	49.0209	1747
6	10	0	0	0	0	53.6723	1748
6	11	0	0	0	0	52.6836	1749
6	11	0	0	0	0	50.3713	1750
6	12	0	0	0	0	52.1179	1751
6	12	0	0	0	0	51.7773	1752
6	12	0	0	0	0	51.2938	1753
6	12	0	0	0	0	60.8906	1754
6	12	0	0	0	0	58.0296	1755
5	12	0	0	0	0	54.0386	1756
5	12	0	0	0	0	57.3029	1757
5	12	0	0	0	0	54.7921	1758
5	12	0	0	0	0	57.995	1759
5	12	0	0	0	0	57.5078	1760
5	12	0	0	0	0	55.4227	1761
5	12	0	0	0	0	55.4857	1762
6	13	0	0	0	0	60.9101	1763
6	13	0	0	0	0	67.6823	1764
6	13	0	0	0	0	63.9616	1765
6	13	0	0	0	0	51.5805	1766
5	13	0	0	0	0	60.814	1767
5	13	0	0	0	0	56.0365	1768
5	13	0	0	0	0	65.1849	1769
5	13	0	0	0	0	61.6047	1770
5	13	0	0	0	0	57.2622	1771
5	13	0	0	0	0	64.1639	1772
5	13	0	0	0	0	62.6125	1773
5	13	0	0	0	0	61.3258	1774
5	14	0	0	0	0	53.3723	1775
5	13	0	0	0	0	55.1507	1776
5	13	0	0	0	0	58.1802	1777
5	13	0	0	0	0	55.8403	1778
5	13	0	0	0	0	58.0715	1779
5	13	0	0	0	0	58.6961	1780
5	13	0	0	0	0	60.827	1781
4	13	0	0	0	0	54.6305	1782
4	13	0	0	0	0	56.336	1783
4	13	0	0	0	0	52.8354	1784
4	13	0	0	0	0	61.7057	1785
4	13	0	0	0	0	56.4815	1786
4	13	0	0	0	0	58.4392	1787
4	13	0	0	0	0	53.5685	1788
5	13	0	0	0	0	53.6151	1789
5	12	0	0	0	0	53.4637	1790
5	12	0	0	0	0	58.6495	1791
5	12	0	0	0	0	51.6288	1792
5	12	0	0	0	0	55.7536	1793
5	12	0	0	0	0	51.288	1794
5	12	0	0	0	0	61.4965	1795
5	12	0	0	0	0	50.9834	1796
5	12	0	0	0	0	56.5902	1797
5	14	0	0	0	0	60.751	1798
6	14	0	0	0	0	53.2229	1799
6	14	0	0	0	0	54.0116	1800
6	14	0	0	0	0	58.0927	1801
6	14	0	0	0	0	65.1771	1802
6	14	0	0	0	0	70.1785	1803
6	14	0	0	0	0	69.014	1804
6	14	0	0	0	0	59.2542	1805
6	13	0	0	0	0	63.2242	1806
6	13	0	0	0	0	50.7435	1807
7	13	0	0	0	0	55.0793	1808
7	13	0	0	0	0	53.009	1809
7	13	0	0	0	0	56.0164	1810
7	12	0	0	0	0	58.0282	1811
7	12	0	0	0	0	60.9417	1812
7	12	0	0	0	0	65.1888	1813
7	12	0	0	0	0	55.1747	1814
7	11	0	0	0	0	60.2641	1815
7	10	0	0	0	0	56.5303	1816
7	10	0	0	0	0	55.3186	1817
7	10	0	0	0	0	55.0269	1818
7	10	0	0	0	0	47.7778	1819
7	10	0	0	0	0	51.7469	1820
7	10	0	0	0	0	47.2765	1821
7	9	0	0	0	0	44.5086	1822
7	9	0	0	0	0	51.7129	1823
7	9	0	0	0	0	46.9633	1824
7	9	0	0	0	0	44.9865	1825
7	9	0	0	0	0	49.6546	1826
7	9	0	0	0	0	50.4741	1827
7	9	0	0	0	0	47.512	1828
8	11	0	0	0	0	44.5562	1829
8	11	0	0	0	0	38.4943	1830
8	12	0	0	0	0	37.5787	1831
8	12	0	0	0	0	44.9851	1832
8	11	0	0	0	0	63.0854	1833
8	12	0	0	0	0	64.1057	1834
8	12	0	0	0	0	65.7285	1835
8	16	0	0	0	0	61.919	1836
8	15	0	0	0	0	72.9931	1837
7	16	0	0	0	0	73.8659	1838
7	18	0	0	0	0	80.9795	1839
6	18	0	0	0	0	77.5878	1840
6	18	0	0	0	0	79.8306	1841
6	18	0	0	0	0	79.5272	1842
6	18	0	0	0	0	80.4968	1843
6	19	0	0	0	0	82.6843	1844
6	19	0	0	0	0	86.5561	1845
6	19	0	0	0	0	81.8795	1846
5	19	0	0	0	0	73.5045	1847
4	19	0	0	0	0	78.7539	1848
4	19	0	0	0	0	70.6095	1849
4	18	0	0	0	0	81.4991	1850
4	18	0	0	0	0	77.9853	1851
4	18	0	0	0	0	73.3138	1852
4	18	0	0	0	0	75.9607	1853
5	18	0	0	0	0	75.6962	1854
5	18	0	0	0	0	75.7006	1855
5	18	0	0	0	0	73.0798	1856
5	18	0	0	0	0	74.7473	1857
5	18	0	0	0	0	80.2997	1858
5	18	0	0	0	0	83.4327	1859
5	18	0	0	0	0	81.2198	1860
5	18	0	0	0	0	75.5528	1861
5	18	0	0	0	0	74.8428	1862
5	18	0	0	0	0	77.8154	1863
5	18	0	0	0	0	75.9239	1864
5	18	0	0	0	0	77.0425	1865
5	18	0	0	0	0	77.3143	1866
5	18	0	0	0	0	80.5617	1867
5	18	0	0	0	0	77.7216	1868
5	18	0	0	0	0	68.6546	1869
5	18	0	0	0	0	78.7074	1870
5	19	0	0	0	0	77.4278	1871
5	21	0	0	0	0	79.7341	1872
5	21	0	0	0	0	77.5231	1873
5	21	0	0	0	0	78.7984	1874
5	21	0	0	0	0	77.5708	1875
5	21	0	0	0	0	82.7914	1876
5	20	0	0	0	0	86.8729	1877
5	19	0	0	0	0	74.0516	1878
5	19	0	0	0	0	84.7974	1879
6	19	0	0	0	0	78.7327	1880
6	19	0	0	0	0	82.6954	1881
6	19	0	0	0	0	89.7229	1882
6	18	0	0	0	0	83.8269	1883
6	18	0	0	0	0	73.5458	1884
6	19	0	0	0	0	88.2778	1885
6	19	0	0	0	0	84.6836	1886
6	19	0	0	0	0	84.9452	1887
6	19	0	0	0	0	88.951	1888
6	19	0	0	0	0	82.7391	1889
6	19	0	0	0	0	92.123	1890
6	19	0	0	0	0	81.4801	1891
6	19	0	0	0	0	92.6967	1892
6	19	0	0	0	0	83.5806	1893
6	19	0	0	0	0	81.6426	1894
6	19	0	0	0	0	86.489	1895
6	18	0	0	0	0	83.6163	1896
6	18	0	0	0	0	82.5438	1897
6	18	0	0	0	0	88.1651	1898
6	18	0	0	0	0	77.7874	1899
6	19	0	0	0	0	79.3937	1900
6	19	0	0	0	0	78.9594	1901
6	21	0	0	0	0	91.6394	1902
6	21	0	0	0	0	88.6694	1903
6	21	0	0	0	0	94.7373	1904
6	21	0	0	0	0	89.8807	1905
6	21	0	0	0	0	87.8269	1906
6	21	0	0	0	0	97.3483	1907
6	21	0	0	0	0	85.0832	1908
6	20	0	0	0	0	85.7482	1909
6	20	0	0	0	0	91.3168	1910
6	20	0	0	0	0	89.5283	1911
6	20	0	0	0	0	97.5387	1912
6	20	0	0	0	0	91.3168	1913
6	20	0	0	0	0	80.2498	1914
6	20	0	0	0	0	96.7522	1915
6	20	0	0	0	0	80.247	1916
6	20	0	0	0	0	78.0717	1917
6	20	0	0	0	0	79.8669	1918
6	21	0	0	0	0	97.008	1919
6	21	0	0	0	0	94.0181	1920
6	22	0	0	0	0	90.6435	1921
6	22	0	0	0	0	86.5839	1922
6	22	0	0	0	0	86.8144	1923
6	21	0	0	0	0	101.318	1924
6	21	0	0	0	0	93.7261	1925
6	22	0	0	0	0	91.3694	1926
7	22	0	0	0	0	93.3797	1927
7	22	0	0	0	0	100.553	1928
7	22	0	0	0	0	95.4412	1929
7	22	0	0	0	0	89.0563	1930
7	21	0	0	0	0	95.7091	1931
7	21	0	0	0	0	89.8628	1932
8	21	0	0	0	0	101.462	1933
8	20	0	0	0	0	86.1592	1934
9	19	0	0	0	0	72.0239	1935
9	19	0	0	0	0	73.1902	1936
10	21	0	0	0	0	103.868	1937
10	21	0	0	0	0	109.548	1938
10	23	0	0	0	0	110.825	1939
10	23	0	0	0	0	113.598	1940
10	24	0	0	0	0	110.297	1941
12	24	0	0	0	0	96.462	1942
11	24	0	0	0	0	107.6	1943
11	24	0	0	0	0	104.107	1944
10	24	0	0	0	0	102.857	1945
10	24	0	0	0	0	116.17	1946
10	24	0	0	0	0	100.113	1947
10	24	0	0	0	0	108.223	1948
9	24	0	0	0	0	109.188	1949
9	24	0	0	0	0	114.341	1950
10	24	0	0	0	0	115.746	1951
10	24	0	0	0	0	114.308	1952
10	24	0	0	0	0	112.392	1953
10	24	0	0	0	0	105.433	1954
10	23	0	0	0	0	115.149	1955
10	23	0	0	0	0	113.605	1956
10	23	0	0	0	0	110.674	1957
10	23	0	0	0	0	108.44	1958
10	23	0	0	0	0	107.826	1959
10	23	0	0	0	0	116.519	1960
10	23	0	0	0	0	110.297	1961
10	23	0	0	0	0	99.2477	1962
9	23	0	0	0	0	104.759	1963
9	23	0	0	0	0	105.531	1964
9	22	0	0	0	0	100.585	1965
9	22	0	0	0	0	104.431	1966
9	23	0	0	0	0	115.493	1967
9	23	0	0	0	0	105.544	1968
9	23	0	0	0	0	103.955	1969
9	24	0	0	0	0	100.456	1970
9	24	0	0	0	0	100.914	1971
9	23	0	0	0	0	103.047	1972
9	23	0	0	0	0	107.761	1973
9	23	0	0	0	0	103.382	1974
9	23	0	0	0	0	102.945	1975
9	22	0	0	0	0	100.055	1976
9	22	0	0	0	0	96.8709	1977
9	22	0	0	0	0	92.5371	1978
9	19	0	0	0	0	89.6471	1979
9	19	0	0	0	0	82.1652	1980
9	18	0	0	0	0	87.6894	1981
9	18	0	0	0	0	92.5274	1982
9	18	0	0	0	0	86.8699	1983
9	18	0	0	0	0	91.7734	1984
9	18	0	0	0	0	83.6365	1985
9	17	0	0	0	0	87.6104	1986
9	17	0	0	0	0	90.2816	1987
9	17	0	0	0	0	89.6944	1988
9	17	0	0	0	0	84.573	1989
9	17	0	0	0	0	85.9278	1990
9	17	0	0	0	0	89.4998	1991
9	17	0	0	0	0	83.6612	1992
9	18	0	0	0	0	81.5334	1993
9	17	0	0	0	0	85.8773	1994
9	17	0	0	0	0	81.4298	1995
9	17	0	0	0	0	77.2778	1996
9	15	0	0	0	0	76.5231	1997
9	15	0	0	0	0	87.3265	1998
9	15	0	0	0	0	81.2898	1999
9	15	0	0	0	0	75.3942	2000
9	17	0	0	0	0	82.4543	2001
9	17	0	0	0	0	78.5374	2002
9	17	0	0	0	0	84.5314	2003
8	17	0	0	0	0	80.3274	2004
8	17	0	0	0	0	81.5427	2005
8	17	0	0	0	0	85.0009	2006
8	16	0	0	0	0	82.4257	2007
8	16	0	0	0	0	88.0358	2008
8	16	0	0	0	0	79.6656	2009
8	16	0	0	0	0	78.545	2010
8	16	0	0	0	0	71.6784	2011
8	16	0	0	0	0	85.8054	2012
10	16	0	0	0	0	74.7338	2013
10	15	0	0	0	0	66.5203	2014
10	15	0	0	0	0	82.7606	2015
10	15	0	0	0	0	76.141	2016
10	15	0	0	0	0	81.7069	2017
10	15	0	0	0	0	89.5555	2018
10	16	0	0	0	0	81.9296	2019
10	15	0	0	0	0	74.749	2020
10	14	0	0	0	0	81.7376	2021
10	14	0	0	0	0	75.2474	2022
10	14	0	0	0	0	64.6995	2023
10	14	0	0	0	0	68.7511	2024
10	14	0	0	0	0	79.4055	2025
10	14	0	0	0	0	77.7723	2026
10	13	0	0	0	0	76.966	2027
9	13	0	0	0	0	66.754	2028
10	13	0	0	0	0	68.9538	2029
10	13	0	0	0	0	66.8983	2030
10	12	0	0	0	0	69.0182	2031
10	12	0	0	0	0	68.9334	2032
10	12	0	0	0	0	73.5337	2033
12	12	0	0	0	0	74.4553	2034
12	12	0	0	0	0	75.9153	2035
12	12	0	0	0	0	80.4548	2036
12	12	0	0	0	0	78.3767	2037
12	12	0	0	0	0	77.0352	2038
12	12	0	0	0	0	81.5954	2039
12	12	0	0	0	0	79.1612	2040
12	12	0	0	0	0	70.4606	2041
12	12	0	0	0	0	78.2301	2042
12	12	0	0	0	0	82.9123	2043
12	12	0	0	0	0	81.7722	2044
12	12	0	0	0	0	81.1773	2045
12	12	0	0	0	0	76.7289	2046
12	12	0	0	0	0	61.8705	2047
12	12	0	0	0	0	69.6567	2048
12	12	0	0	0	0	67.519	2049
12	11	0	0	0	0	61.1557	2050
12	11	0	0	0	0	62.0355	2051
12	9	0	0	0	0	63.6836	2052
12	9	0	0	0	0	67.118	2053
12	9	0	0	0	0	67.2141	2054
12	9	0	0	0	0	73.8411	2055
14	9	0	0	0	0	69.0785	2056
14	9	0	0	0	0	77.8312	2057
14	9	0	0	0	0	75.025	2058
14	9	0	0	0	0	74.5828	2059
14	8	0	0	0	0	71.6327	2060
14	8	0	0	0	0	74.2618	2061
14	8	0	0	0	0	71.7749	2062
14	8	0	0	0	0	73.0127	2063
14	8	0	0	0	0	69.4072	2064
14	7	0	0	0	0	70.3088	2065
14	7	0	0	0	0	64.478	2066
14	7	0	0	0	0	61.1654	2067
14	7	0	0	0	0	62.3191	2068
14	6	0	0	0	0	55.1103	2069
15	6	0	0	0	0	63.7087	2070
15	5	0	0	0	0	68.2812	2071
15	5	0	0	0	0	73.6472	2072
16	5	0	0	0	0	63.077	2073
15	5	0	0	0	0	66.9116	2074
15	5	0	0	0	0	69.2222	2075
15	5	0	0	0	0	59.6795	2076
15	6	0	0	0	0	70.4665	2077
15	7	0	0	0	0	63.9898	2078
15	8	0	0	0	0	68.0737	2079
15	8	0	0	0	0	71.4259	2080
14	8	0	0	0	0	77.3105	2081
14	10	0	0	0	0	76.601	2082
14	13	0	0	0	0	79.4601	2083
14	13	0	0	0	0	95.0851	2084
13	13	0	0	0	0	76.7504	2085
13	13	0	0	0	0	84.3619	2086
13	13	0	0	0	0	80.4242	2087
12	13	0	0	0	0	86.6618	2088
12	13	0	0	0	0	86.5039	2089
12	13	0	0	0	0	84.6849	2090
11	13	0	0	0	0	76.9379	2091
10	14	0	0	0	0	78.3	2092
10	14	0	0	0	0	79.4721	2093
10	14	0	0	0	0	78.9819	2094
10	14	0	0	0	0	78.8913	2095
10	14	0	0	0	0	77.8732	2096
10	14	0	0	0	0	76.1994	2097
10	14	0	0	0	0	66.9889	2098
10	14	0	0	0	0	73.1765	2099
9	14	0	0	0	0	63.4945	2100
8	14	0	0	0	0	74.78	2101
8	14	0	0	0	0	71.9711	2102
8	14	0	0	0	0	70.7444	2103
8	14	0	0	0	0	73.5046	2104
8	14	0	0	0	0	70.3877	2105
8	14	0	0	0	0	81.4109	2106
8	14	0	0	0	0	76.0609	2107
8	14	0	0	0	0	72.4583	2108
8	14	0	0	0	0	81.1522	2109
8	14	0	0	0	0	72.0767	2110
8	14	0	0	0	0	76.2115	2111
8	14	0	0	0	0	77.5016	2112
8	14	0	0	0	0	69.8746	2113
8	14	0	0	0	0	68.5423	2114
8	14	0	0	0	0	73.2212	2115
8	14	0	0	0	0	81.5197	2116
8	14	0	0	0	0	68.5606	2117
8	14	0	0	0	0	63.2403	2118
8	14	0	0	0	0	73.2111	2119
9	13	0	0	0	0	73.6191	2120
9	13	0	0	0	0	68.3377	2121
9	13	0	0	0	0	69.8808	2122
9	13	0	0	0	0	68.1563	2123
9	13	0	0	0	0	65.3881	2124
9	12	0	0	0	0	55.6315	2125
9	10	0	0	0	0	55.4707	2126
9	10	0	0	0	0	56.6514	2127
8	9	0	0	0	0	58.2641	2128
8	9	0	0	0	0	61.9569	2129
8	9	0	0	0	0	55.0836	2130
8	9	0	0	0	0	62.0271	2131
8	9	0	0	0	0	54.4476	2132
8	10	0	0	0	0	58.5443	2133
9	10	0	0	0	0	54.6476	2134
10	10	0	0	0	0	57.7614	2135
10	10	0	0	0	0	54.5999	2136
10	10	0	0	0	0	64.2079	2137
10	10	0	0	0	0	61.3068	2138
11	9	0	0	0	0	57.919	2139
11	9	0	0	0	0	60.4157	2140
11	8	0	0	0	0	64.2808	2141
11	8	0	0	0	0	60.3113	2142
11	8	0	0	0	0	54.1806	2143
11	8	0	0	0	0	59.8844	2144
11	10	0	0	0	0	69.63	2145
11	10	0	0	0	0	68.526	2146
11	10	0	0	0	0	60.6478	2147
11	10	0	0	0	0	62.9649	2148
11	10	0	0	0	0	67.1723	2149
11	9	0	0	0	0	54.1408	2150
11	9	0	0	0	0	64.435	2151
11	9	0	0	0	0	62.9817	2152
11	9	0	0	0	0	60.2153	2153
10	9	0	0	0	0	64.435	2154
10	9	0	0	0	0	62.9817	2155
10	9	0	0	0	0	64.2988	2156
11	9	0	0	0	0	62.3021	2157
11	9	0	0	0	0	61.1206	2158
11	9	0	0	0	0	73.4403	2159
11	9	0	0	0	0	67.7208	2160
11	8	0	0	0	0	64.9266	2161
11	8	0	0	0	0	58.8882	2162
10	9	0	0	0	0	57.8713	2163
10	9	0	0	0	0	69.6508	2164
10	9	0	0	0	0	65.4479	2165
10	9	0	0	0	0	65.0729	2166
10	9	0	0	0	0	62.3191	2167
10	9	0	0	0	0	66.1237	2168
10	9	0	0	0	0	58.1026	2169
10	9	0	0	0	0	59.5539	2170
10	9	0	0	0	0	69.8406	2171
10	9	0	0	0	0	64.8644	2172
10	10	0	0	0	0	61.8352	2173
10	11	0	0	0	0	63.4125	2174
10	11	0	0	0	0	73.4847	2175
10	11	0	0	0	0	66.659	2176
10	12	0	0	0	0	66.8979	2177
10	12	0	0	0	0	69.2365	2178
10	12	0	0	0	0	65.5524	2179
10	12	0	0	0	0	66.2573	2180
10	12	0	0	0	0	50.6511	2181
11	12	0	0	0	0	56.6	2182
11	12	0	0	0	0	63.8092	2183
9	12	0	0	0	0	66.0176	2184
8	13	0	0	0	0	64.9688	2185
8	13	0	0	0	0	69.8293	2186
8	13	0	0	0	0	63.7004	2187
8	13	0	0	0	0	64.7762	2188
8	13	0	0	0	0	66.6068	2189
8	13	0	0	0	0	67.8781	2190
8	12	0	0	0	0	68.4936	2191
8	12	0	0	0	0	66.0116	2192
8	12	0	0	0	0	66.9944	2193
8	12	0	0	0	0	62.4713	2194
7	12	0	0	0	0	62.4547	2195
7	12	0	0	0	0	54.7534	2196
7	12	0	0	0	0	61.4044	2197
7	12	0	0	0	0	58.7389	2198
7	12	0	0	0	0	62.4716	2199
7	12	0	0	0	0	61.5991	2200
7	12	0	0	0	0	57.7244	2201
7	12	0	0	0	0	60.3953	2202
7	12	0	0	0	0	61.1953	2203
7	12	0	0	0	0	65.3654	2204
8	12	0	0	0	0	56.839	2205
8	12	0	0	0	0	59.8671	2206
8	12	0	0	0	0	61.1492	2207
8	13	0	0	0	0	63.7336	2208
8	13	0	0	0	0	68.5446	2209
9	13	0	0	0	0	75.1001	2210
9	13	0	0	0	0	70.1194	2211
9	13	0	0	0	0	77.1683	2212
9	13	0	0	0	0	63.6533	2213
9	13	0	0	0	0	75.382	2214
9	13	0	0	0	0	71.5011	2215
9	13	0	0	0	0	70.0359	2216
9	13	0	0	0	0	68.3683	2217
9	13	0	0	0	0	73.4365	2218
9	13	0	0	0	0	73.0178	2219
9	13	0	0	0	0	69.4288	2220
9	13	0	0	0	0	70.8127	2221
9	13	0	0	0	0	73.5059	2222
9	13	0	0	0	0	73.5368	2223
10	14	0	0	0	0	80.3636	2224
10	14	0	0	0	0	82.8406	2225
10	14	0	0	0	0	75.2955	2226
10	14	0	0	0	0	77.8341	2227
10	14	0	0	0	0	73.3253	2228
10	14	0	0	0	0	78.6409	2229
10	14	0	0	0	0	76.3971	2230
10	14	0	0	0	0	69.6369	2231
10	13	0	0	0	0	68.356	2232
10	11	0	0	0	0	66.2579	2233
10	10	0	0	0	0	61.4125	2234
10	10	0	0	0	0	62.4363	2235
10	10	0	0	0	0	62.2547	2236
10	9	0	0	0	0	59.3788	2237
9	9	0	0	0	0	61.3668	2238
9	9	0	0	0	0	65.7025	2239
9	9	0	0	0	0	57.7637	2240
9	9	0	0	0	0	61.6599	2241
9	9	0	0	0	0	59.687	2242
9	9	0	0	0	0	57.9235	2243
9	9	0	0	0	0	60.1192	2244
9	9	0	0	0	0	61.6018	2245
9	9	0	0	0	0	65.2144	2246
9	9	0	0	0	0	65.3079	2247
9	9	0	0	0	0	62.0324	2248
9	9	0	0	0	0	59.0905	2249
9	9	0	0	0	0	57.0704	2250
9	9	0	0	0	0	65.1702	2251
9	9	0	0	0	0	55.2445	2252
10	9	0	0	0	0	62.0324	2253
10	9	0	0	0	0	59.4789	2254
9	9	0	0	0	0	58.0885	2255
10	9	0	0	0	0	60.0715	2256
10	9	0	0	0	0	63.3649	2257
10	9	0	0	0	0	56.6039	2258
10	9	0	0	0	0	63.1966	2259
10	9	0	0	0	0	60.6411	2260
9	9	0	0	0	0	56.3756	2261
9	9	0	0	0	0	53.1973	2262
8	9	0	0	0	0	42.649	2263
7	9	0	0	0	0	48.1969	2264
7	9	0	0	0	0	49.9135	2265
7	9	0	0	0	0	50.7444	2266
7	9	0	0	0	0	51.6297	2267
7	9	0	0	0	0	49.0857	2268
7	9	0	0	0	0	53.5652	2269
7	9	0	0	0	0	48.5812	2270
7	9	0	0	0	0	48.644	2271
7	9	0	0	0	0	47.3862	2272
7	9	0	0	0	0	46.7943	2273
7	9	0	0	0	0	49.0988	2274
7	9	0	0	0	0	50.7999	2275
7	9	0	0	0	0	50.087	2276
7	9	0	0	0	0	52.1397	2277
7	9	0	0	0	0	48.8192	2278
8	9	0	0	0	0	48.5923	2279
8	9	0	0	0	0	52.9702	2280
8	9	0	0	0	0	52.6787	2281
8	9	0	0	0	0	55.9254	2282
8	8	0	0	0	0	53.2888	2283
9	8	0	0	0	0	52.4045	2284
9	8	0	0	0	0	51.2383	2285
10	8	0	0	0	0	51.8537	2286
10	8	0	0	0	0	43.4972	2287
10	8	0	0	0	0	45.501	2288
10	8	0	0	0	0	38.2127	2289
10	8	0	0	0	0	50.0461	2290
10	8	0	0	0	0	49.6997	2291
10	8	0	0	0	0	47.9395	2292
10	8	0	0	0	0	51.6598	2293
10	9	0	0	0	0	55.7688	2294
10	7	0	0	0	0	49.2462	2295
10	7	0	0	0	0	50.1521	2296
10	7	0	0	0	0	55.8719	2297
10	7	0	0	0	0	56.8037	2298
10	7	0	0	0	0	53.573	2299
10	7	0	0	0	0	58.2473	2300
11	7	0	0	0	0	53.3758	2301
11	7	0	0	0	0	65.9101	2302
11	7	0	0	0	0	59.1517	2303
11	7	0	0	0	0	61.3803	2304
11	7	0	0	0	0	55.6062	2305
11	7	0	0	0	0	61.062	2306
11	7	0	0	0	0	61.1269	2307
11	7	0	0	0	0	63.5295	2308
11	7	0	0	0	0	57.5046	2309
11	8	0	0	0	0	58.2419	2310
12	8	0	0	0	0	61.5011	2311
12	8	0	0	0	0	60.5929	2312
12	6	0	0	0	0	59.3537	2313
12	6	0	0	0	0	60.6369	2314
12	6	0	0	0	0	56.317	2315
12	6	0	0	0	0	60.2725	2316
12	6	0	0	0	0	58.517	2317
12	6	0	0	0	0	61.8288	2318
12	6	0	0	0	0	61.5066	2319
12	6	0	0	0	0	54.7822	2320
12	6	0	0	0	0	52.3557	2321
12	6	0	0	0	0	61.7149	2322
12	5	0	0	0	0	49.329	2323
13	4	0	0	0	0	54.0762	2324
13	4	0	0	0	0	57.7754	2325
13	4	0	0	0	0	48.8967	2326
13	3	0	0	0	0	49.543	2327
13	3	0	0	0	0	47.8408	2328
13	3	0	0	0	0	48.8967	2329
13	3	0	0	0	0	40.1054	2330
14	3	0	0	0	0	41.1435	2331
13	3	0	0	0	0	38.4585	2332
14	3	0	0	0	0	44.5286	2333
14	3	0	0	0	0	45.8544	2334
14	3	0	0	0	0	53.0836	2335
14	3	0	0	0	0	48.8017	2336
13	3	0	0	0	0	47.6833	2337
12	3	0	0	0	0	45.0553	2338
14	3	0	0	0	0	49.1365	2339
14	3	0	0	0	0	57.4288	2340
14	3	0	0	0	0	48.7216	2341
14	3	0	0	0	0	51.4732	2342
14	3	0	0	0	0	52.9262	2343
14	2	0	0	0	0	52.3794	2344
14	2	0	0	0	0	49.9514	2345
14	2	0	0	0	0	53.2443	2346
14	2	0	0	0	0	45.8737	2347
14	2	0	0	0	0	50.9019	2348
14	2	0	0	0	0	53.4646	2349
14	2	0	0	0	0	51.4946	2350
14	2	0	0	0	0	51.8314	2351
14	2	0	0	0	0	51.4732	2352
14	2	0	0	0	0	51.6375	2353
14	2	0	0	0	0	52.0981	2354
16	2	0	0	0	0	53.0358	2355
16	3	0	0	0	0	55.5551	2356
16	3	0	0	0	0	65.3132	2357
16	3	0	0	0	0	53.7685	2358
16	3	0	0	0	0	59.8838	2359
15	3	0	0	0	0	56.177	2360
15	3	0	0	0	0	57.0456	2361
15	3	0	0	0	0	55.3478	2362
15	4	0	0	0	0	60.8718	2363
15	4	0	0	0	0	63.3019	2364
14	4	0	0	0	0	62.1353	2365
14	4	0	0	0	0	58.1364	2366
14	4	0	0	0	0	56.9297	2367
14	5	0	0	0	0	54.157	2368
14	5	0	0	0	0	67.1059	2369
14	5	0	0	0	0	69.9513	2370
14	5	0	0	0	0	68.4044	2371
14	6	0	0	0	0	61.3389	2372
14	6	0	0	0	0	60.7422	2373
14	6	0	0	0	0	53.7693	2374
14	6	0	0	0	0	63.7208	2375
15	6	0	0	0	0	69.4588	2376
15	6	0	0	0	0	63.626	2377
15	6	0	0	0	0	66.7144	2378
15	6	0	0	0	0	69.7944	2379
15	6	0	0	0	0	74.0622	2380
15	6	0	0	0	0	74.0438	2381
15	6	0	0	0	0	76.8299	2382
15	6	0	0	0	0	73.068	2383
15	6	0	0	0	0	69.2454	2384
15	6	0	0	0	0	71.3456	2385
15	6	0	0	0	0	68.3085	2386
15	6	0	0	0	0	77.5298	2387
15	6	0	0	0	0	69.5404	2388
15	6	0	0	0	0	62.7015	2389
14	6	0	0	0	0	64.951	2390
14	6	0	0	0	0	64.08	2391
14	6	0	0	0	0	69.5404	2392
14	6	0	0	0	0	70.4636	2393
14	6	0	0	0	0	69.592	2394
15	10	0	0	0	0	63.3368	2395
15	10	0	0	0	0	61.7646	2396
15	10	0	0	0	0	62.82	2397
15	10	0	0	0	0	83.8682	2398
15	11	0	0	0	0	79.769	2399
15	11	0	0	0	0	79.5253	2400
15	11	0	0	0	0	77.9249	2401
15	11	0	0	0	0	80.9185	2402
14	11	0	0	0	0	93.7953	2403
14	11	0	0	0	0	79.4615	2404
14	11	0	0	0	0	93.2122	2405
14	11	0	0	0	0	76.2742	2406
14	11	0	0	0	0	90.4496	2407
14	11	0	0	0	0	78.9586	2408
14	11	0	0	0	0	93.9982	2409
14	11	0	0	0	0	82.3701	2410
14	11	0	0	0	0	93.2233	2411
14	11	0	0	0	0	92.3742	2412
15	11	0	0	0	0	82.892	2413
15	11	0	0	0	0	85.1511	2414
15	11	0	0	0	0	93.1337	2415
15	11	0	0	0	0	88.1584	2416
15	11	0	0	0	0	84.0063	2417
15	11	0	0	0	0	84.7706	2418
15	11	0	0	0	0	89.376	2419
15	11	0	0	0	0	90.8891	2420
15	11	0	0	0	0	82.5614	2421
15	11	0	0	0	0	88.7371	2422
15	11	0	0	0	0	80.0311	2423
15	11	0	0	0	0	72.085	2424
15	12	0	0	0	0	88.2612	2425
15	12	0	0	0	0	91.1437	2426
15	12	0	0	0	0	95.3069	2427
15	12	0	0	0	0	86.5789	2428
14	12	0	0	0	0	79.1331	2429
14	12	0	0	0	0	78.6667	2430
13	12	0	0	0	0	74.7227	2431
14	12	0	0	0	0	73.9405	2432
15	12	0	0	0	0	67.4906	2433
12	12	0	0	0	0	71.6673	2434
12	12	0	0	0	0	71.5133	2435
11	12	0	0	0	0	70.0911	2436
11	12	0	0	0	0	70.1173	2437
11	12	0	0	0	0	77.2472	2438
11	12	0	0	0	0	74.8301	2439
11	12	0	0	0	0	78.9769	2440
11	14	0	0	0	0	85.531	2441
11	14	0	0	0	0	79.9662	2442
11	14	0	0	0	0	81.5307	2443
12	13	0	0	0	0	77.6029	2444
12	13	0	0	0	0	81.0939	2445
12	13	0	0	0	0	86.8062	2446
12	13	0	0	0	0	76.9378	2447
11	13	0	0	0	0	68.9033	2448
11	13	0	0	0	0	85.4424	2449
10	13	0	0	0	0	73.2519	2450
10	13	0	0	0	0	77.8048	2451
10	13	0	0	0	0	73.8832	2452
10	12	0	0	0	0	72.9527	2453
10	12	0	0	0	0	67.3897	2454
10	12	0	0	0	0	81.0782	2455
10	12	0	0	0	0	76.8423	2456
10	12	0	0	0	0	69.3209	2457
10	12	0	0	0	0	65.2586	2458
10	12	0	0	0	0	68.3231	2459
10	11	0	0	0	0	68.6169	2460
10	11	0	0	0	0	67.5422	2461
10	11	0	0	0	0	70.2207	2462
10	11	0	0	0	0	58.7058	2463
9	11	0	0	0	0	63.0601	2464
8	12	0	0	0	0	64.6015	2465
8	12	0	0	0	0	61.549	2466
8	12	0	0	0	0	64.2142	2467
8	12	0	0	0	0	62.2995	2468
8	11	0	0	0	0	64.8082	2469
8	11	0	0	0	0	69.4929	2470
8	11	0	0	0	0	58.24	2471
8	11	0	0	0	0	57.7195	2472
8	11	0	0	0	0	60.9804	2473
7	11	0	0	0	0	60.0365	2474
7	13	0	0	0	0	61.4521	2475
7	13	0	0	0	0	57.657	2476
7	12	0	0	0	0	64.3787	2477
7	12	0	0	0	0	58.4162	2478
7	12	0	0	0	0	60.1804	2479
7	12	0	0	0	0	69.0395	2480
7	12	0	0	0	0	50.6775	2481
7	12	0	0	0	0	56.8656	2482
7	11	0	0	0	0	61.6496	2483
7	11	0	0	0	0	52.9728	2484
7	11	0	0	0	0	61.2688	2485
7	11	0	0	0	0	57.7236	2486
7	11	0	0	0	0	60.7976	2487
7	11	0	0	0	0	55.3141	2488
7	12	0	0	0	0	58.6253	2489
7	12	0	0	0	0	56.4288	2490
7	12	0	0	0	0	61.6393	2491
7	12	0	0	0	0	59.5142	2492
7	12	0	0	0	0	49.4848	2493
7	12	0	0	0	0	57.1865	2494
7	12	0	0	0	0	61.3232	2495
7	11	0	0	0	0	49.3882	2496
7	11	0	0	0	0	52.5524	2497
7	11	0	0	0	0	60.9776	2498
7	11	0	0	0	0	51.8122	2499
7	12	0	0	0	0	50.5763	2500
7	12	0	0	0	0	56.7212	2501
7	12	0	0	0	0	52.203	2502
7	12	0	0	0	0	62.209	2503
7	12	0	0	0	0	61.033	2504
7	12	0	0	0	0	56.7211	2505
7	12	0	0	0	0	56.962	2506
7	12	0	0	0	0	61.0138	2507
7	12	0	0	0	0	61.8273	2508
7	12	0	0	0	0	62.067	2509
7	12	0	0	0	0	57.9948	2510
7	12	0	0	0	0	60.6121	2511
7	12	0	0	0	0	63.0893	2512
7	12	0	0	0	0	54.3065	2513
7	12	0	0	0	0	58.193	2514
7	12	0	0	0	0	62.6205	2515
7	12	0	0	0	0	51.3707	2516
7	12	0	0	0	0	65.6453	2517
7	12	0	0	0	0	56.8823	2518
7	11	0	0	0	0	61.2313	2519
7	11	0	0	0	0	49.7767	2520
7	12	0	0	0	0	51.0525	2521
7	11	0	0	0	0	64.3511	2522
7	11	0	0	0	0	61.8625	2523
7	10	0	0	0	0	50.9446	2524
7	10	0	0	0	0	60.7559	2525
7	10	0	0	0	0	50.5305	2526
7	10	0	0	0	0	52.9278	2527
7	11	0	0	0	0	59.7827	2528
7	11	0	0	0	0	53.8589	2529
7	10	0	0	0	0	49.7239	2530
7	11	0	0	0	0	57.1217	2531
7	12	0	0	0	0	61.732	2532
7	11	0	0	0	0	52.1782	2533
9	11	0	0	0	0	62.6346	2534
9	11	0	0	0	0	66.7276	2535
9	12	0	0	0	0	58.0318	2536
9	12	0	0	0	0	64.3779	2537
9	12	0	0	0	0	68.8489	2538
9	12	0	0	0	0	59.3282	2539
9	11	0	0	0	0	64.1185	2540
8	11	0	0	0	0	65.0828	2541
9	11	0	0	0	0	65.1299	2542
9	11	0	0	0	0	65.6021	2543
9	12	0	0	0	0	65.719	2544
9	11	0	0	0	0	68.2664	2545
10	11	0	0	0	0	65.9311	2546
10	11	0	0	0	0	72.8507	2547
11	10	0	0	0	0	63.9487	2548
12	11	0	0	0	0	69.0803	2549
12	11	0	0	0	0	67.8774	2550
12	11	0	0	0	0	63.6136	2551
12	11	0	0	0	0	67.5213	2552
13	11	0	0	0	0	69.334	2553
13	11	0	0	0	0	80.7088	2554
13	11	0	0	0	0	77.7967	2555
13	11	0	0	0	0	77.4386	2556
13	10	0	0	0	0	77.0211	2557
13	10	0	0	0	0	83.4083	2558
14	10	0	0	0	0	76.6387	2559
14	10	0	0	0	0	74.5382	2560
14	10	0	0	0	0	77.1952	2561
15	10	0	0	0	0	72.9694	2562
13	10	0	0	0	0	71.834	2563
13	10	0	0	0	0	81.6379	2564
13	10	0	0	0	0	66.9875	2565
13	10	0	0	0	0	76.4329	2566
13	10	0	0	0	0	70.8482	2567
13	10	0	0	0	0	75.9135	2568
13	10	0	0	0	0	75.1427	2569
13	10	0	0	0	0	75.0872	2570
13	10	0	0	0	0	74.2548	2571
13	10	0	0	0	0	68.8261	2572
12	10	0	0	0	0	78.1711	2573
12	10	0	0	0	0	72.8533	2574
12	10	0	0	0	0	76.8401	2575
12	10	0	0	0	0	64.3857	2576
12	10	0	0	0	0	70.2825	2577
12	10	0	0	0	0	73.5023	2578
13	10	0	0	0	0	70.1201	2579
13	10	0	0	0	0	64.3469	2580
13	10	0	0	0	0	78.0611	2581
12	10	0	0	0	0	76.0942	2582
12	10	0	0	0	0	74.8958	2583
12	10	0	0	0	0	72.7476	2584
12	10	0	0	0	0	71.2927	2585
12	10	0	0	0	0	67.0492	2586
12	10	0	0	0	0	70.7478	2587
12	10	0	0	0	0	77.4531	2588
12	10	0	0	0	0	73.3017	2589
12	10	0	0	0	0	70.4293	2590
12	10	0	0	0	0	73.8252	2591
12	10	0	0	0	0	67.17	2592
12	10	0	0	0	0	67.3063	2593
11	10	0	0	0	0	77.9285	2594
11	11	0	0	0	0	68.7831	2595
11	11	0	0	0	0	68.7445	2596
12	11	0	0	0	0	76.1545	2597
12	12	0	0	0	0	80.6148	2598
12	12	0	0	0	0	70.1794	2599
12	12	0	0	0	0	77.6472	2600
12	12	0	0	0	0	81.7309	2601
12	12	0	0	0	0	78.1755	2602
12	12	0	0	0	0	86.4146	2603
12	12	0	0	0	0	81.7514	2604
12	12	0	0	0	0	73.2904	2605
12	12	0	0	0	0	75.5957	2606
12	13	0	0	0	0	86.034	2607
12	13	0	0	0	0	78.284	2608
12	13	0	0	0	0	78.3394	2609
12	13	0	0	0	0	74.789	2610
12	13	0	0	0	0	79.4949	2611
12	13	0	0	0	0	81.793	2612
12	13	0	0	0	0	81.2505	2613
12	13	0	0	0	0	71.9746	2614
12	12	0	0	0	0	83.4853	2615
12	12	0	0	0	0	80.4952	2616
13	11	0	0	0	0	78.4681	2617
13	11	0	0	0	0	76.4675	2618
13	11	0	0	0	0	85.6763	2619
13	11	0	0	0	0	82.2188	2620
13	11	0	0	0	0	80.7379	2621
13	11	0	0	0	0	84.9812	2622
13	11	0	0	0	0	81.7723	2623
13	11	0	0	0	0	69.8683	2624
13	12	0	0	0	0	87.014	2625
13	12	0	0	0	0	75.4689	2626
13	12	0	0	0	0	81.8719	2627
13	12	0	0	0	0	76.3967	2628
14	12	0	0	0	0	81.5164	2629
14	12	0	0	0	0	78.9675	2630
14	12	0	0	0	0	78.7994	2631
14	12	0	0	0	0	79.8896	2632
14	12	0	0	0	0	91.3142	2633
13	12	0	0	0	0	91.6787	2634
13	12	0	0	0	0	87.2651	2635
14	12	0	0	0	0	77.7234	2636
14	12	0	0	0	0	93.1035	2637
14	12	0	0	0	0	82.694	2638
14	12	0	0	0	0	74.8282	2639
13	12	0	0	0	0	76.5202	2640
13	11	0	0	0	0	88.7703	2641
13	11	0	0	0	0	80.1402	2642
13	11	0	0	0	0	80.5938	2643
13	11	0	0	0	0	78.6594	2644
13	11	0	0	0	0	80.3282	2645
13	11	0	0	0	0	73.4273	2646
13	11	0	0	0	0	80.8979	2647
13	11	0	0	0	0	79.1198	2648
12	11	0	0	0	0	76.3954	2649
12	11	0	0	0	0	76.4889	2650
12	10	0	0	0	0	78.1569	2651
12	9	0	0	0	0	66.4571	2652
12	9	0	0	0	0	70.4968	2653
12	9	0	0	0	0	66.5839	2654
12	9	0	0	0	0	67.2023	2655
12	9	0	0	0	0	69.6518	2656
12	8	0	0	0	0	71.5973	2657
12	8	0	0	0	0	61.2424	2658
12	8	0	0	0	0	68.6659	2659
12	8	0	0	0	0	73.0219	2660
13	8	0	0	0	0	66.2488	2661
14	8	0	0	0	0	63.5246	2662
14	8	0	0	0	0	74.2683	2663
14	8	0	0	0	0	77.6551	2664
14	8	0	0	0	0	73.8376	2665
14	8	0	0	0	0	82.0617	2666
14	8	0	0	0	0	71.9019	2667
14	7	0	0	0	0	64.031	2668
15	7	0	0	0	0	69.7819	2669
15	7	0	0	0	0	61.6392	2670
16	7	0	0	0	0	62.1354	2671
16	7	0	0	0	0	82.4978	2672
16	7	0	0	0	0	72.5245	2673
16	7	0	0	0	0	78.2668	2674
16	7	0	0	0	0	75.3396	2675
16	7	0	0	0	0	81.4132	2676
16	7	0	0	0	0	77.9367	2677
16	8	0	0	0	0	82.7974	2678
17	8	0	0	0	0	77.8383	2679
17	9	0	0	0	0	77.1779	2680
17	9	0	0	0	0	78.7442	2681
17	9	0	0	0	0	75.8403	2682
17	9	0	0	0	0	72.605	2683
13	9	0	0	0	0	62.3515	2684
13	9	0	0	0	0	60.5968	2685
13	9	0	0	0	0	69.4718	2686
12	9	0	0	0	0	71.5739	2687
12	9	0	0	0	0	53.5852	2688
9	8	0	0	0	0	49.439	2689
9	7	0	0	0	0	47.0059	2690
9	8	0	0	0	0	40.4241	2691
9	8	0	0	0	0	40.3998	2692
9	8	0	0	0	0	41.584	2693
8	7	0	0	0	0	49.1058	2694
8	7	0	0	0	0	45.8447	2695
8	8	0	0	0	0	44.0833	2696
8	8	0	0	0	0	39.1399	2697
8	8	0	0	0	0	46.511	2698
8	8	0	0	0	0	49.6074	2699
7	9	0	0	0	0	48.5718	2700
7	9	0	0	0	0	50.6498	2701
7	9	0	0	0	0	51.6109	2702
7	9	0	0	0	0	50.976	2703
7	9	0	0	0	0	48.5923	2704
7	9	0	0	0	0	54.1544	2705
7	9	0	0	0	0	52.2607	2706
7	9	0	0	0	0	48.0187	2707
7	9	0	0	0	0	56.9118	2708
8	9	0	0	0	0	43.1431	2709
8	9	0	0	0	0	49.0582	2710
9	9	0	0	0	0	49.9298	2711
9	9	0	0	0	0	46.3622	2712
9	9	0	0	0	0	60.2415	2713
9	9	0	0	0	0	59.7674	2714
10	9	0	0	0	0	61.0699	2715
10	9	0	0	0	0	55.7109	2716
10	9	0	0	0	0	56.9339	2717
11	9	0	0	0	0	57.0812	2718
11	9	0	0	0	0	60.644	2719
11	8	0	0	0	0	54.9875	2720
10	8	0	0	0	0	56.321	2721
10	8	0	0	0	0	61.4955	2722
10	8	0	0	0	0	54.8183	2723
10	8	0	0	0	0	59.135	2724
10	8	0	0	0	0	65.5649	2725
10	8	0	0	0	0	60.1932	2726
10	8	0	0	0	0	55.4834	2727
10	8	0	0	0	0	65.1925	2728
10	8	0	0	0	0	61.5202	2729
10	8	0	0	0	0	54.8739	2730
10	8	0	0	0	0	56.9267	2731
10	8	0	0	0	0	61.0764	2732
10	8	0	0	0	0	62.3785	2733
10	8	0	0	0	0	61.6536	2734
10	8	0	0	0	0	55.8753	2735
10	8	0	0	0	0	58.4342	2736
10	8	0	0	0	0	55.3017	2737
10	8	0	0	0	0	60.9315	2738
10	8	0	0	0	0	55.6587	2739
10	8	0	0	0	0	55.4269	2740
10	8	0	0	0	0	58.4214	2741
10	8	0	0	0	0	61.5039	2742
10	8	0	0	0	0	56.8222	2743
10	8	0	0	0	0	62.0231	2744
10	9	0	0	0	0	65.0968	2745
10	9	0	0	0	0	60.6555	2746
10	9	0	0	0	0	62.4853	2747
10	9	0	0	0	0	64.9165	2748
10	9	0	0	0	0	65.4938	2749
10	9	0	0	0	0	65.8673	2750
10	9	0	0	0	0	66.7608	2751
11	9	0	0	0	0	62.2852	2752
11	8	0	0	0	0	59.9643	2753
11	8	0	0	0	0	50.3783	2754
11	9	0	0	0	0	65.2498	2755
10	9	0	0	0	0	60.0193	2756
10	9	0	0	0	0	65.7203	2757
10	9	0	0	0	0	59.9172	2758
10	9	0	0	0	0	54.7699	2759
10	9	0	0	0	0	57.6136	2760
10	9	0	0	0	0	59.3301	2761
11	10	0	0	0	0	61.8146	2762
11	10	0	0	0	0	62.8507	2763
10	10	0	0	0	0	66.6953	2764
10	10	0	0	0	0	63.5966	2765
10	11	0	0	0	0	62.6495	2766
9	11	0	0	0	0	60.7109	2767
9	11	0	0	0	0	67.4345	2768
9	11	0	0	0	0	66.2612	2769
9	11	0	0	0	0	65.4479	2770
9	11	0	0	0	0	68.3181	2771
9	11	0	0	0	0	65.1195	2772
9	11	0	0	0	0	68.3021	2773
9	11	0	0	0	0	67.75	2774
10	10	0	0	0	0	64.1579	2775
10	12	0	0	0	0	64.062	2776
10	12	0	0	0	0	74.2992	2777
10	13	0	0	0	0	74.8278	2778
9	13	0	0	0	0	66.7528	2779
9	13	0	0	0	0	72.0506	2780
9	13	0	0	0	0	67.0633	2781
9	12	0	0	0	0	63.7129	2782
10	12	0	0	0	0	59.1422	2783
11	12	0	0	0	0	64.6976	2784
10	12	0	0	0	0	68.0296	2785
10	12	0	0	0	0	76.3151	2786
9	12	0	0	0	0	68.0467	2787
9	11	0	0	0	0	65.6967	2788
9	11	0	0	0	0	69.2888	2789
9	10	0	0	0	0	63.9793	2790
9	10	0	0	0	0	66.2103	2791
9	10	0	0	0	0	51.0011	2792
10	10	0	0	0	0	58.8063	2793
10	10	0	0	0	0	71.2799	2794
10	10	0	0	0	0	60.0017	2795
10	10	0	0	0	0	67.1123	2796
10	10	0	0	0	0	55.7129	2797
10	10	0	0	0	0	63.9964	2798
10	10	0	0	0	0	70.1611	2799
10	10	0	0	0	0	62.7541	2800
10	10	0	0	0	0	58.4538	2801
10	10	0	0	0	0	65.4036	2802
10	10	0	0	0	0	69.2882	2803
10	11	0	0	0	0	66.3096	2804
10	11	0	0	0	0	67.7034	2805
10	11	0	0	0	0	75.1885	2806
11	11	0	0	0	0	66.6058	2807
11	11	0	0	0	0	72.1523	2808
11	11	0	0	0	0	62.853	2809
11	11	0	0	0	0	77.5132	2810
12	11	0	0	0	0	67.5125	2811
12	12	0	0	0	0	78.6492	2812
12	12	0	0	0	0	64.3162	2813
12	13	0	0	0	0	63.9192	2814
12	14	0	0	0	0	62.2734	2815
11	14	0	0	0	0	58.1769	2816
11	14	0	0	0	0	52.3545	2817
10	14	0	0	0	0	61.4948	2818
9	14	0	0	0	0	53.3183	2819
9	13	0	0	0	0	61.3465	2820
8	13	0	0	0	0	70.179	2821
8	13	0	0	0	0	74.359	2822
8	13	0	0	0	0	64.0653	2823
8	13	0	0	0	0	67.1805	2824
8	12	0	0	0	0	63.5417	2825
8	12	0	0	0	0	61.5506	2826
8	12	0	0	0	0	57.478	2827
9	11	0	0	0	0	61.8576	2828
9	11	0	0	0	0	60.8837	2829
9	11	0	0	0	0	55.3264	2830
9	11	0	0	0	0	65.818	2831
9	11	0	0	0	0	62.8178	2832
9	10	0	0	0	0	61.9587	2833
9	10	0	0	0	0	63.6854	2834
9	10	0	0	0	0	57.6129	2835
9	10	0	0	0	0	53.8454	2836
8	9	0	0	0	0	59.1019	2837
8	9	0	0	0	0	58.9001	2838
8	9	0	0	0	0	55.7805	2839
8	9	0	0	0	0	54.4185	2840
8	9	0	0	0	0	48.5622	2841
8	9	0	0	0	0	47.1451	2842
8	9	0	0	0	0	51.3965	2843
8	9	0	0	0	0	56.2435	2844
8	10	0	0	0	0	52.7221	2845
8	10	0	0	0	0	52.2184	2846
8	10	0	0	0	0	57.7651	2847
8	10	0	0	0	0	57.5927	2848
8	10	0	0	0	0	58.9906	2849
8	10	0	0	0	0	54.9049	2850
8	10	0	0	0	0	49.9048	2851
8	10	0	0	0	0	44.2007	2852
8	10	0	0	0	0	54.1027	2853
7	9	0	0	0	0	51.4888	2854
7	9	0	0	0	0	48.4739	2855
7	9	0	0	0	0	47.4117	2856
7	9	0	0	0	0	48.9193	2857
7	9	0	0	0	0	48.04	2858
7	9	0	0	0	0	44.4046	2859
7	9	0	0	0	0	43.185	2860
7	9	0	0	0	0	48.4514	2861
6	9	0	0	0	0	48.4055	2862
6	9	0	0	0	0	47.5444	2863
6	9	0	0	0	0	44.9077	2864
6	9	0	0	0	0	48.0932	2865
6	9	0	0	0	0	48.0178	2866
6	9	0	0	0	0	46.8692	2867
5	9	0	0	0	0	42.8305	2868
5	9	0	0	0	0	45.5751	2869
5	9	0	0	0	0	32.126	2870
5	9	0	0	0	0	40.9833	2871
5	9	0	0	0	0	46.0675	2872
5	9	0	0	0	0	46.6429	2873
5	9	0	0	0	0	37.5	2874
5	9	0	0	0	0	46.4758	2875
5	9	0	0	0	0	41.2109	2876
5	9	0	0	0	0	44.5451	2877
5	9	0	0	0	0	40.451	2878
5	9	0	0	0	0	44.6756	2879
5	9	0	0	0	0	42.7604	2880
5	9	0	0	0	0	34.3822	2881
5	9	0	0	0	0	43.6751	2882
5	9	0	0	0	0	40.7707	2883
5	9	0	0	0	0	46.9058	2884
5	9	0	0	0	0	33.5117	2885
5	9	0	0	0	0	44.0395	2886
5	9	0	0	0	0	47.1781	2887
5	9	0	0	0	0	38.6813	2888
5	9	0	0	0	0	40.7795	2889
5	9	0.2	0	1	0	39.4977	2890
5	9	0.2	0	1	0	40.2239	2891
5	9	0.2	0	1	0	33.9515	2892
5	8	0.2	0	1	0	35.0168	2893
5	8	0.2	0	1	0	28.4902	2894
5	7	0.2	0	1	0	36.5349	2895
5	7	0.2	0	1	0	32.0275	2896
5	7	0.2	0.333333	1	1	36.1343	2897
5	7	0.2	0.333333	1	1	35.2991	2898
5	7	0.2	0.333333	1	1	31.0792	2899
5	7	0.2	0.333333	1	1	30.4382	2900
5	7	0.2	0.333333	1	1	33.0946	2901
5	7	0.2	0.333333	1	1	34.1336	2902
5	7	0.2	0.333333	1	1	26.8992	2903
5	7	0.2	0.333333	1	1	36.4909	2904
5	7	0.2	0.333333	1	1	37.6626	2905
5	7	0.2	0.333333	1	1	34.3989	2906
5	7	0.2	0.333333	1	1	33.2427	2907
5	7	0.2	0.333333	1	1	32.8494	2908
5	7	0.2	0.333333	1	1	33.9383	2909
5	7	0.2	0.333333	1	1	24.8252	2910
4	5	0.2	0.333333	1	1	19.0914	2911
4	4	0.2	0.333333	1	1	20.3251	2912
4	4	0.2	0.333333	1	1	22.6191	2913
4	4	0.2	0.333333	1	1	17.9833	2914
4	4	0.2	0.333333	1	1	13.9713	2915
4	3	0.2	0.333333	1	1	10.3572	2916
4	3	0.2	0.333333	1	1	10.3764	2917
4	3	0.2	0.333333	1	1	11.0314	2918
2	3	0.2	0.333333	1	1	7.02115	2919
2	3	0.2	0.333333	1	1	7.57037	2920
2	3	0.2	0.333333	1	1	8.36948	2921
2	3	0.2	0.333333	1	1	4.62315	2922
2	3	0.2	0.333333	1	1	8.00741	2923
2	3	0.2	0.333333	1	1	8.93638	2924
2	3	0.2	0.333333	1	1	6.2394	2925
2	2	0.2	0.333333	1	1	6.41856	2926
2	2	0.2	0.333333	1	1	6.4719	2927
2	2	0.2	0.333333	1	1	6.21445	2928
2	2	0.2	0.333333	1	1	5.75588	2929
2	2	0.2	0.333333	1	1	6.21445	2930
2	2	0.2	0.333333	1	1	6.21445	2931
2	2	0	0.333333	0	1	5.9454	2932
2	2	0	0.333333	0	1	1.67153	2933
1	2	0	0.333333	0	1	2.49551	2934
1	2	0	0.333333	0	1	2.21157	2935
1	2	0	0.333333	0	1	3.18552	2936
1	2	0	0	0	0	1.17156	2937
1	2	0	0	0	0	2.39882	2938
1	2	0	0	0	0	2.36116	2939
1	2	0	0	0	0	2.62632	2940
1	2	0	0	0	0	3.23845	2941
1	2	0	0	0	0	2.40385	2942
1	2	0	0	0	0	2.62983	2943
1	2	0	0	0	0	0.462368	2944
1	2	0	0	0	0	2.04747	2945
1	2	0	0	0	0	2.62632	2946
1	2	0	0	0	0	-1.02741	2947
1	2	0	0	0	0	2.62308	2948
1	2	0	0	0	0	2.70492	2949
1	2	0	0	0	0	nan	2950
