unique_top_cov	unique_bot_cov	redundant_top_cov	redundant_bot_cov	raw_redundant_top_cov	raw_redundant_bot_cov	e_value	position
0	1	0	0	0	0	nan	1
0	1	0	0	0	0	nan	2
0	1	0	0	0	0	nan	3
0	2	0	0	0	0	-2.66271	4
0	2	0	0	0	0	0.694454	5
0	2	0	0	0	0	-1.35116	6
0	2	0	0	0	0	0.542567	7
0	2	0	0	0	0	0.694454	8
0	2	0	0	0	0	0.922333	9
0	2	0	0	0	0	1.45179	10
0	2	0	0	0	0	0.922333	11
0	2	0.333333	0	1	0	0.694454	12
0	2	0.333333	0	1	0	0.922333	13
0	2	0.333333	0	1	0	1.0307	14
0	2	0.333333	0	1	0	1.45179	15
0	2	0.333333	0	1	0	0.694454	16
0	3	0.333333	0	1	0	0.800438	17
0	3	0.333333	0	1	0	4.59399	18
0	3	0.333333	0	1	0	4.59399	19
0	3	0.333333	0	1	0	4.39125	20
0	3	0.333333	0	1	0	4.39125	21
0	3	0.333333	0	1	0	4.81702	22
0	3	0.333333	0	1	0	4.81702	23
0	3	0.333333	0	1	0	4.81702	24
0	3	0.333333	0	1	0	5.54668	25
0	3	0.333333	0	1	0	4.81702	26
0	3	0.333333	0	1	0	4.81702	27
0	3	0.333333	0	1	0	4.81702	28
0	3	0.333333	0	1	0	4.81702	29
0	3	0.333333	0	1	0	4.59399	30
0	3	0.333333	0	1	0	4.39125	31
0	3	0.333333	0	1	0	4.6495	32
0	3	0.333333	0	1	0	5.58007	33
0	3	0.333333	0	1	0	0.947506	34
0	3	0.333333	0	1	0	5.54668	35
0	3	0.333333	0	1	0	5.58007	36
0	3	0.333333	0	1	0	5.58007	37
0	3	0.333333	0	1	0	5.2455	38
0	3	0.333333	0	1	0	4.6495	39
0	3	0.333333	0	1	0	4.6495	40
0	3	0.333333	0	1	0	4.6495	41
0	3	0.333333	0	1	0	4.81702	42
0	3	0.333333	0	1	0	4.39125	43
0	3	0.333333	0	1	0	4.6495	44
0	3	0.333333	0	1	0	4.39125	45
0	3	0.333333	0	1	0	5.54668	46
0	3	0.333333	0	1	0	4.41029	47
0	3	0.333333	0	1	0	4.6495	48
0	3	0.333333	0	1	0	4.59399	49
0	3	0.333333	0	1	0	4.81702	50
0	3	0.333333	0	1	0	4.81702	51
0	3	0.333333	0	1	0	4.6495	52
0	3	0.333333	0	1	0	4.6495	53
0	3	0.333333	0	1	0	4.81702	54
0	3	0.333333	0	1	0	2.49638	55
0	3	0.333333	0	1	0	4.81702	56
1	3	0.333333	0	1	0	4.6495	57
1	3	0.333333	0	1	0	7.77129	58
1	3	0.333333	0	1	0	7.98902	59
1	3	0.333333	0	1	0	8.39615	60
1	3	0.333333	0	1	0	9.636	61
1	3	0.333333	0	1	0	8.28988	62
1	3	0.333333	0	1	0	8.0828	63
1	3	0.333333	0	1	0	6.40018	64
1	3	0.333333	0	1	0	3.76974	65
1	3	0.333333	0	1	0	7.92042	66
1	3	0.333333	0	1	0	9.29328	67
1	3	0.333333	0	1	0	7.8832	68
1	3	0.333333	0	1	0	7.12802	69
1	3	0.333333	0	1	0	8.54448	70
1	3	0.333333	0	1	0	8.28988	71
1	3	0.333333	0	1	0	8.28988	72
1	3	0	0	0	0	8.54448	73
1	3	0	0	0	0	8.54448	74
1	3	0	0	0	0	8.54448	75
1	3	0	0	0	0	8.54448	76
1	3	0	0	0	0	8.39615	77
1	3	0	0	0	0	9.37508	78
2	3	0	0	0	0	8.6488	79
2	3	0	0	0	0	12.1819	80
2	3	0	0	0	0	12.4268	81
2	3	0	0	0	0	12.2715	82
2	3	0	0	0	0	12.2715	83
2	3	0	0	0	0	10.245	84
2	3	0	0	0	0	11.7781	85
2	3	0	0	0	0	13.4045	86
2	3	0	0	0	0	12.2715	87
2	3	0	0	0	0	12.4765	88
2	3	0	0	0	0	12.4765	89
2	3	0	0	0	0	11.3666	90
3	3	0	0	0	0	12.4268	91
3	3	0	0	0	0	12.4268	92
3	3	0	0	0	0	17.5671	93
3	3	0	0	0	0	14.7817	94
3	3	0	0	0	0	15.1963	95
3	3	0	0	0	0	16.301	96
3	3	0	0	0	0	14.0887	97
4	3	0	0	0	0	15.6713	98
4	3	0	0	0	0	18.8784	99
5	3	0	0	0	0	18.2293	100
5	3	0	0	0	0	16.9464	101
5	3	0	0	0	0	17.9317	102
5	3	0	0	0	0	19.9412	103
5	3	0	0	0	0	18.9413	104
5	3	0	0	0	0	23.4991	105
5	3	0	0	0	0	17.3987	106
5	3	0	0	0	0	23.7408	107
6	3	0	0	0	0	23.4436	108
6	3	0	0	0	0	23.7153	109
6	3	0	0	0	0	25.4529	110
6	3	0	0	0	0	28.7402	111
6	3	0	0	0	0	18.1734	112
6	3	0	0	0	0	27.8991	113
6	3	0	0	0	0	25.2843	114
6	3	0	0	0	0	26.8306	115
6	4	0	0	0	0	25.665	116
6	4	0	0	0	0	26.8209	117
6	4	0	0	0	0	29.0165	118
6	4	0	0	0	0	25.8491	119
5	4	0	0	0	0	21.4884	120
5	4	0	0	0	0	26.3317	121
5	4	0	0	0	0	24.7471	122
5	5	0	0	0	0	21.7249	123
5	5	0	0	0	0	26.3808	124
5	5	0	0	0	0	28.2658	125
5	5	0	0	0	0	26.8164	126
5	5	0	0	0	0	23.5226	127
5	5	0	0	0	0	29.476	128
5	5	0	0	0	0	25.5717	129
5	5	0	0	0	0	23.2574	130
5	8	0	0	0	0	30.0667	131
5	8	0	0	0	0	37.0982	132
5	8	0	0	0	0	37.0064	133
5	8	0	0	0	0	36.6999	134
5	8	0	0	0	0	37.2405	135
5	8	0	0	0	0	42.2531	136
5	8	0	0	0	0	42.1446	137
5	8	0	0	0	0	36.1855	138
5	8	0	0	0	0	44.7488	139
5	8	0	0	0	0	35.3279	140
5	8	0	0	0	0	40.6993	141
5	8	0	0	0	0	38.4534	142
5	8	0	0	0	0	36.8555	143
5	7	0	0	0	0	37.195	144
5	8	0	0	0	0	35.9606	145
5	8	0	0	0	0	30.0405	146
5	8	0	0	0	0	34.7857	147
5	8	0	0	0	0	41.4421	148
5	8	0	0	0	0	37.7062	149
5	8	0	0	0	0	35.3073	150
5	8	0	0	0	0	31.1552	151
5	8	0	0	0	0	39.1939	152
5	8	0	0	0	0	36.7303	153
4	7	0	0	0	0	26.5295	154
4	7	0	0	0	0	30.8291	155
4	7	0	0	0	0	29.7957	156
4	6	0	0	0	0	29.1262	157
6	6	0	0	0	0	30.9263	158
7	6	0	0	0	0	35.0721	159
7	6	0	0	0	0	38.4643	160
7	6	0	0	0	0	41.3474	161
7	6	0	0	0	0	34.8288	162
7	6	0	0	0	0	38.7888	163
7	6	0	0	0	0	34.1792	164
7	6	0	0	0	0	40.3034	165
7	6	0	0	0	0	33.3267	166
7	6	0	0	0	0	41.091	167
7	6	0	0	0	0	39.1269	168
7	6	0	0	0	0	39.5984	169
7	6	0	0	0	0	34.3119	170
7	6	0	0	0	0	42.2945	171
7	6	0	0	0	0	35.5445	172
7	6	0	0	0	0	44.8223	173
7	6	0	0	0	0	40.7737	174
8	7	0	0	0	0	30.6399	175
8	7	0	0	0	0	42.4073	176
8	7	0	0	0	0	46.1873	177
8	6	0	0	0	0	43.0735	178
8	6	0	0	0	0	42.4678	179
8	6	0	0	0	0	44.6853	180
8	6	0	0	0	0	42.969	181
8	6	0	0	0	0	41.8337	182
8	6	0	0	0	0	43.5519	183
8	6	0	0	0	0	39.8854	184
8	7	0	0	0	0	39.5929	185
8	7	0	0	0	0	52.4289	186
8	7	0	0	0	0	33.0265	187
8	7	0	0	0	0	48.7374	188
8	7	0	0	0	0	46.185	189
8	7	0	0	0	0	53.3128	190
8	7	0	0	0	0	45.9817	191
8	6	0	0	0	0	45.8795	192
8	6	0	0	0	0	41.41	193
8	6	0	0	0	0	41.2634	194
8	6	0	0	0	0	46.1408	195
9	6	0	0	0	0	45.1639	196
9	6	0	0	0	0	45.3315	197
9	8	0	0	0	0	43.98	198
9	8	0	0	0	0	48.3407	199
10	8	0	0	0	0	49.9245	200
10	8	0	0	0	0	61.5613	201
10	8	0	0	0	0	53.2747	202
10	8	0	0	0	0	54.6728	203
10	9	0	0	0	0	65.678	204
10	9	0	0	0	0	60.8327	205
10	9	0	0	0	0	54.3739	206
9	9	0	0	0	0	52.919	207
9	8	0	0	0	0	56.8049	208
9	8	0	0	0	0	44.627	209
9	8	0	0	0	0	57.7688	210
9	8	0	0	0	0	55.1313	211
9	9	0	0	0	0	61.8688	212
9	9	0	0	0	0	52.9839	213
10	8	0	0	0	0	56.2943	214
10	8	0	0	0	0	61.4493	215
10	8	0	0	0	0	60.4722	216
10	8	0	0	0	0	59.4754	217
10	8	0	0	0	0	60.3699	218
10	8	0	0	0	0	54.6251	219
10	8	0	0	0	0	65.0152	220
10	8	0	0	0	0	53.6548	221
10	8	0	0	0	0	60.8099	222
11	8	0	0	0	0	62.2852	223
11	8	0	0	0	0	65.9269	224
11	8	0	0	0	0	59.3662	225
11	8	0	0	0	0	61.0957	226
11	8	0	0	0	0	69.63	227
11	8	0	0	0	0	61.4058	228
11	7	0	0	0	0	62.1735	229
11	7	0	0	0	0	52.2263	230
11	7	0	0	0	0	59.3691	231
12	7	0	0	0	0	57.9375	232
12	8	0	0	0	0	62.5885	233
12	8	0	0	0	0	72.4782	234
12	8	0	0	0	0	67.6448	235
12	8	0	0	0	0	68.1563	236
12	8	0	0	0	0	65.0208	237
12	8	0	0	0	0	65.2954	238
12	8	0	0	0	0	62.5363	239
12	8	0	0	0	0	63.9129	240
11	8	0	0	0	0	66.2466	241
11	8	0	0	0	0	56.9591	242
11	8	0	0	0	0	62.7633	243
11	8	0	0	0	0	64.3833	244
12	8	0	0	0	0	65.7123	245
12	8	0	0	0	0	65.9914	246
12	8	0	0	0	0	62.1663	247
12	8	0	0	0	0	67.8708	248
12	8	0	0	0	0	59.7521	249
11	8	0	0	0	0	66.0077	250
11	8	0	0	0	0	61.9261	251
12	8	0	0	0	0	66.6546	252
12	8	0	0	0	0	66.3494	253
12	8	0	0	0	0	64.0052	254
12	8	0	0	0	0	53.0001	255
13	8	0	0	0	0	59.8662	256
13	8	0	0	0	0	59.7541	257
12	8	0	0	0	0	63.4199	258
13	8	0	0	0	0	64.7399	259
13	8	0	0	0	0	69.1754	260
13	8	0	0	0	0	67.3497	261
13	8	0	0	0	0	64.1834	262
13	8	0	0	0	0	67.3668	263
13	8	0	0	0	0	66.9275	264
13	8	0	0	0	0	68.8332	265
13	8	0	0	0	0	77.1766	266
13	8	0	0	0	0	68.7052	267
13	8	0	0	0	0	72.051	268
13	8	0	0	0	0	66.6528	269
13	8	0	0	0	0	68.4929	270
13	8	0	0	0	0	69.8512	271
14	8	0	0	0	0	71.4417	272
14	8	0	0	0	0	73.1835	273
15	8	0	0	0	0	72.3299	274
15	8	0	0	0	0	66.3382	275
16	8	0	0	0	0	74.5478	276
16	9	0	0	0	0	75.1085	277
16	9	0	0	0	0	65.4619	278
16	9	0	0	0	0	76.3865	279
16	9	0	0	0	0	80.3137	280
16	8	0	0	0	0	76.7376	281
16	8	0	0	0	0	83.9621	282
17	8	0	0	0	0	72.7178	283
17	7	0	0	0	0	73.2707	284
17	7	0	0	0	0	69.1831	285
17	7	0	0	0	0	83.1583	286
17	7	0	0	0	0	76.7623	287
17	7	0	0	0	0	81.5038	288
17	6	0	0	0	0	72.9884	289
17	6	0	0	0	0	77.3663	290
17	6	0	0	0	0	81.2339	291
17	6	0	0	0	0	78.1705	292
17	6	0	0	0	0	78.2931	293
16	6	0	0	0	0	51.0255	294
16	6	0	0	0	0	59.4233	295
17	6	0	0	0	0	71.3485	296
17	6	0	0	0	0	82.4996	297
17	6	0	0	0	0	76.0883	298
17	7	0	0	0	0	74.103	299
17	7	0	0	0	0	73.6455	300
17	7	0	0	0	0	53.3453	301
17	6	0	0	0	0	56.8191	302
17	6	0	0	0	0	50.0606	303
17	5	0	0	0	0	57.1344	304
17	5	0	0	0	0	56.7067	305
17	5	0	0	0	0	52.9314	306
17	5	0	0	0	0	47.0036	307
14	5	0	0	0	0	56.1594	308
12	5	0	0	0	0	57.3389	309
12	5	0	0	0	0	55.5779	310
12	5	0	0	0	0	54.9237	311
12	5	0	0	0	0	56.0022	312
12	5	0	0	0	0	48.2955	313
12	5	0	0	0	0	52.8699	314
12	5	0	0	0	0	53.6151	315
12	5	0	0	0	0	50.6931	316
12	5	0	0	0	0	47.2653	317
12	4	0	0	0	0	46.3882	318
12	4	0	0	0	0	52.696	319
12	4	0	0	0	0	53.2406	320
12	4	0	0	0	0	47.9276	321
12	5	0	0	0	0	50.0619	322
12	5	0	0	0	0	56.2172	323
12	5	0	0	0	0	54.4494	324
12	5	0	0	0	0	53.1255	325
12	5	0	0	0	0	50.0269	326
12	4	0	0	0	0	48.4973	327
12	4	0	0	0	0	50.6454	328
12	4	0	0	0	0	50.9456	329
12	4	0	0	0	0	51.2084	330
12	4	0	0	0	0	41.5966	331
12	4	0	0	0	0	42.0804	332
12	4	0	0	0	0	45.1075	333
11	4	0	0	0	0	42.9931	334
11	4	0	0	0	0	51.6843	335
11	5	0	0	0	0	44.7735	336
11	5	0	0	0	0	45.664	337
11	5	0	0	0	0	48.8155	338
11	5	0	0	0	0	50.432	339
11	5	0	0	0	0	49.0289	340
11	5	0	0	0	0	46.4284	341
11	5	0	0	0	0	47.5263	342
11	6	0	0	0	0	51.4689	343
11	6	0	0	0	0	55.3529	344
11	6	0	0	0	0	52.182	345
11	6	0	0	0	0	57.0243	346
11	6	0	0	0	0	56.3816	347
11	6	0	0	0	0	47.2427	348
11	6	0	0	0	0	48.9008	349
9	6	0	0	0	0	48.5896	350
9	6	0	0	0	0	49.2593	351
9	6	0	0	0	0	50.7192	352
10	7	0	0	0	0	50.9485	353
10	7	0	0	0	0	48.9425	354
10	7	0	0	0	0	47.1401	355
10	9	0	0	0	0	55.6361	356
10	9	0	0	0	0	56.5338	357
10	9	0	0	0	0	47.9356	358
10	9	0	0	0	0	53.9738	359
10	9	0	0	0	0	51.0413	360
10	9	0	0	0	0	53.1754	361
10	8	0	0	0	0	60.6243	362
10	8	0	0	0	0	59.8762	363
10	8	0	0	0	0	52.9225	364
8	8	0	0	0	0	43.9059	365
8	8	0	0	0	0	44.2462	366
9	7	0	0	0	0	45.6979	367
9	6	0	0	0	0	52.9081	368
9	6	0	0	0	0	47.3526	369
9	6	0	0	0	0	50.3298	370
9	6	0	0	0	0	44.06	371
9	6	0	0	0	0	46.1012	372
9	7	0	0	0	0	50.6954	373
9	8	0	0	0	0	55.2736	374
9	8	0	0	0	0	56.5168	375
10	8	0	0	0	0	52.669	376
10	9	0	0	0	0	55.0836	377
11	9	0	0	0	0	52.0505	378
11	9	0	0	0	0	66.2056	379
10	9	0	0	0	0	65.0729	380
11	9	0	0	0	0	66.0369	381
11	9	0	0	0	0	63.962	382
11	8	0	0	0	0	67.3285	383
11	9	0	0	0	0	66.1073	384
11	9	0	0	0	0	73.6736	385
11	9	0	0	0	0	67.359	386
11	9	0	0	0	0	66.6015	387
11	9	0	0	0	0	70.2388	388
11	9	0	0	0	0	62.6104	389
11	9	0	0	0	0	62.5138	390
11	9	0	0	0	0	65.4106	391
11	9	0	0	0	0	64.1052	392
11	9	0	0	0	0	68.3606	393
11	9	0	0	0	0	73.3868	394
11	9	0	0	0	0	67.4891	395
11	9	0	0	0	0	66.1964	396
12	9	0	0	0	0	70.7395	397
13	9	0	0	0	0	77.5286	398
13	9	0	0	0	0	74.2031	399
13	10	0	0	0	0	66.5048	400
12	10	0	0	0	0	69.7381	401
12	10	0	0	0	0	72.1712	402
12	10	0	0	0	0	66.0017	403
12	10	0	0	0	0	74.4431	404
12	10	0	0	0	0	72.153	405
11	10	0	0	0	0	72.0552	406
11	10	0	0	0	0	71.1472	407
12	10	0	0	0	0	69.5496	408
12	10	0	0	0	0	73.1846	409
12	10	0	0	0	0	73.5403	410
12	10	0	0	0	0	71.9896	411
12	11	0	0	0	0	58.1456	412
12	11	0	0	0	0	73.0225	413
12	11	0	0	0	0	66.997	414
12	11	0	0	0	0	67.133	415
12	11	0	0	0	0	63.8579	416
11	12	0	0	0	0	57.3855	417
12	12	0	0	0	0	68.5931	418
12	12	0	0	0	0	72.4198	419
12	12	0	0	0	0	63.283	420
12	12	0	0	0	0	60.3978	421
10	12	0	0	0	0	67.6993	422
10	12	0	0	0	0	59.1268	423
10	12	0	0	0	0	76.7981	424
11	12	0	0	0	0	70.3598	425
11	12	0	0	0	0	77.4667	426
11	12	0	0	0	0	67.5492	427
11	13	0	0	0	0	73.3515	428
11	14	0	0	0	0	75.7662	429
11	14	0	0	0	0	74.7811	430
11	14	0	0	0	0	83.3854	431
11	14	0	0	0	0	75.3262	432
10	14	0	0	0	0	78.4759	433
10	14	0	0	0	0	75.8752	434
10	14	0	0	0	0	74.6471	435
10	14	0	0	0	0	83.1819	436
10	14	0	0	0	0	89.7423	437
10	14	0	0	0	0	81.0775	438
10	14	0	0	0	0	75.8469	439
10	14	0	0	0	0	74.1793	440
10	15	0	0	0	0	79.8033	441
10	15	0	0	0	0	75.9708	442
10	15	0	0	0	0	79.186	443
10	15	0	0	0	0	78.8327	444
10	14	0	0	0	0	81.5298	445
10	14	0	0	0	0	67.8821	446
10	14	0	0	0	0	85.0881	447
10	14	0	0	0	0	78.7813	448
10	14	0	0	0	0	70.9816	449
10	14	0	0	0	0	78.9214	450
10	14	0	0	0	0	78.0364	451
10	14	0	0	0	0	78.3934	452
10	14	0	0	0	0	63.8795	453
10	14	0	0	0	0	81.4542	454
10	14	0	0	0	0	75.5884	455
10	14	0	0	0	0	81.1267	456
10	13	0	0	0	0	79.8303	457
10	13	0	0	0	0	77.9397	458
10	13	0	0	0	0	79.9033	459
10	13	0	0	0	0	77.0433	460
10	13	0	0	0	0	77.8527	461
10	13	0	0	0	0	67.7955	462
12	13	0	0	0	0	78.8922	463
12	13	0	0	0	0	75.997	464
12	13	0	0	0	0	80.9056	465
12	13	0	0	0	0	75.8695	466
12	13	0	0	0	0	72.9334	467
12	13	0	0	0	0	77.8443	468
12	13	0	0	0	0	79.8458	469
12	13	0	0	0	0	88.0769	470
12	13	0	0	0	0	84.3663	471
12	13	0	0	0	0	76.297	472
12	13	0	0	0	0	82.2303	473
12	13	0	0	0	0	80.1307	474
12	13	0	0	0	0	88.6411	475
12	13	0	0	0	0	80.5491	476
12	12	0	0	0	0	72.5422	477
12	12	0	0	0	0	77.9188	478
12	12	0	0	0	0	78.1917	479
12	12	0	0	0	0	69.5673	480
12	12	0	0	0	0	73.9898	481
12	12	0	0	0	0	76.7651	482
12	12	0	0	0	0	75.8973	483
12	12	0	0	0	0	71.7594	484
12	12	0	0	0	0	72.4602	485
12	11	0	0	0	0	73.5924	486
12	11	0	0	0	0	77.2529	487
12	11	0	0	0	0	79.9177	488
12	11	0	0	0	0	71.2	489
12	11	0	0	0	0	75.191	490
12	11	0	0	0	0	80.0038	491
13	11	0	0	0	0	75.9363	492
13	11	0	0	0	0	69.5281	493
12	11	0	0	0	0	77.2588	494
12	12	0	0	0	0	78.3686	495
13	12	0	0	0	0	71.2865	496
13	12	0	0	0	0	71.6059	497
13	14	0	0	0	0	78.9204	498
12	14	0	0	0	0	80.8187	499
12	14	0	0	0	0	78.3715	500
12	14	0	0	0	0	76.597	501
12	14	0	0	0	0	78.0492	502
10	14	0	0	0	0	71.3831	503
10	13	0	0	0	0	68.847	504
10	13	0	0	0	0	69.9602	505
10	11	0	0	0	0	68.904	506
10	12	0	0	0	0	68.58	507
10	12	0	0	0	0	74.4986	508
10	12	0	0	0	0	64.6768	509
10	12	0	0	0	0	65.4293	510
10	12	0	0	0	0	72.0813	511
10	12	0	0	0	0	68.392	512
10	12	0	0	0	0	61.0812	513
10	11	0	0	0	0	64.6893	514
10	11	0	0	0	0	60.8059	515
10	11	0	0	0	0	64.8865	516
7	11	0	0	0	0	49.7466	517
7	11	0	0	0	0	53.4749	518
7	11	0	0	0	0	58.3692	519
7	11	0	0	0	0	49.9763	520
7	11	0	0	0	0	48.3096	521
7	10	0	0	0	0	51.6317	522
7	9	0	0	0	0	47.011	523
7	9	0	0	0	0	43.0027	524
7	10	0	0	0	0	48.333	525
7	11	0	0	0	0	50.4272	526
7	10	0	0	0	0	50.4315	527
7	11	0	0	0	0	53.278	528
7	11	0	0	0	0	50.3273	529
7	15	0	0	0	0	53.5332	530
7	15	0	0	0	0	54.2093	531
7	16	0	0	0	0	52.9878	532
7	16	0	0	0	0	50.7488	533
7	16	0	0	0	0	50.2915	534
6	16	0	0	0	0	44.4871	535
6	16	0	0	0	0	73.1236	536
6	16	0	0	0	0	68.5599	537
5	16	0	0	0	0	71.3902	538
5	16	0	0	0	0	68.3956	539
5	16	0	0	0	0	77.1423	540
5	16	0	0	0	0	63.6558	541
5	16	0	0	0	0	69.7565	542
5	16	0	0	0	0	64.9232	543
5	16	0	0	0	0	67.1428	544
5	16	0	0	0	0	60.7222	545
5	16	0	0	0	0	70.0507	546
5	16	0	0	0	0	69.6976	547
5	16	0	0	0	0	63.6352	548
4	16	0	0	0	0	67.1024	549
4	16	0	0	0	0	69.9052	550
4	16	0	0	0	0	67.6246	551
4	16	0	0	0	0	62.5156	552
4	16	0	0	0	0	58.1152	553
4	16	0	0	0	0	62.0623	554
4	16	0	0	0	0	60.4322	555
4	16	0	0	0	0	56.8291	556
4	16	0	0	0	0	53.7133	557
4	15	0	0	0	0	70.1066	558
4	15	0	0	0	0	60.0921	559
4	15	0	0	0	0	66.0318	560
4	15	0	0	0	0	63.1289	561
4	15	0	0	0	0	59.0005	562
4	15	0	0	0	0	63.6486	563
5	15	0	0	0	0	62.628	564
5	15	0	0	0	0	56.9	565
5	15	0	0	0	0	64.2689	566
5	15	0	0	0	0	73.4591	567
5	15	0	0	0	0	66.6494	568
5	15	0	0	0	0	65.6127	569
5	15	0	0	0	0	61.9624	570
5	14	0	0	0	0	58.8117	571
5	14	0	0	0	0	62.5758	572
5	15	0	0	0	0	68.1598	573
5	15	0	0	0	0	65.016	574
5	15	0	0	0	0	62.27	575
5	15	0	0	0	0	55.288	576
5	14	0	0	0	0	46.4547	577
5	14	0	0	0	0	60.1831	578
5	13	0	0	0	0	52.7355	579
6	12	0	0	0	0	55.7881	580
6	12	0	0	0	0	57.3161	581
6	12	0	0	0	0	57.2715	582
6	14	0	0	0	0	55.7881	583
6	14	0	0	0	0	68.0995	584
7	14	0	0	0	0	60.2803	585
7	14	0	0	0	0	69.5258	586
7	14	0	0	0	0	70.0336	587
7	14	0	0	0	0	61.0811	588
7	13	0	0	0	0	50.8064	589
7	13	0	0	0	0	65.173	590
7	12	0	0	0	0	61.8105	591
7	12	0	0	0	0	60.5632	592
7	12	0	0	0	0	62.7601	593
7	12	0	0	0	0	51.9695	594
7	12	0	0	0	0	54.058	595
8	12	0	0	0	0	54.4533	596
8	12	0	0	0	0	53.2299	597
7	12	0	0	0	0	51.1325	598
7	11	0	0	0	0	51.8893	599
7	10	0	0	0	0	57.8719	600
7	10	0	0	0	0	61.6596	601
8	11	0	0	0	0	56.1215	602
8	11	0	0	0	0	64.454	603
8	11	0	0	0	0	63.0397	604
8	11	0	0	0	0	57.6222	605
9	11	0	0	0	0	58.4135	606
9	11	0	0	0	0	58.0626	607
9	11	0	0	0	0	60.5677	608
9	11	0	0	0	0	57.0576	609
9	11	0	0	0	0	60.2108	610
9	11	0	0	0	0	56.9853	611
9	11	0	0	0	0	63.3127	612
9	11	0	0	0	0	65.5628	613
9	11	0	0	0	0	64.2097	614
9	11	0	0	0	0	56.5402	615
9	11	0	0	0	0	63.4125	616
9	10	0	0	0	0	65.3053	617
9	10	0	0	0	0	65.2786	618
9	10	0	0	0	0	52.6716	619
9	11	0	0	0	0	61.4512	620
9	11	0	0	0	0	65.1378	621
9	11	0	0	0	0	62.4807	622
9	11	0	0	0	0	68.9522	623
9	11	0	0	0	0	58.702	624
9	11	0	0	0	0	64.7109	625
9	11	0	0	0	0	62.6104	626
9	11	0	0	0	0	57.1711	627
9	11	0	0	0	0	69.8327	628
10	11	0	0	0	0	63.4552	629
10	10	0	0	0	0	61.4261	630
10	10	0	0	0	0	66.8276	631
10	10	0	0	0	0	62.4139	632
10	10	0	0	0	0	66.8443	633
10	10	0	0	0	0	66.7722	634
11	15	0	0	0	0	62.9628	635
11	15	0	0	0	0	63.4474	636
11	15	0	0	0	0	67.8774	637
11	15	0	0	0	0	61.8959	638
11	15	0	0	0	0	84.808	639
11	15	0	0	0	0	87.5348	640
11	15	0	0	0	0	88.7884	641
10	15	0	0	0	0	81.6746	642
10	15	0	0	0	0	80.7108	643
9	15	0	0	0	0	79.426	644
9	15	0	0	0	0	79.4571	645
9	15	0	0	0	0	85.4999	646
9	15	0	0	0	0	77.5463	647
9	15	0	0	0	0	77.3951	648
9	15	0	0	0	0	84.5508	649
9	15	0	0	0	0	78.332	650
9	15	0	0	0	0	81.2898	651
9	15	0	0	0	0	80.524	652
9	15	0	0	0	0	83.693	653
9	15	0	0	0	0	82.136	654
8	15	0	0	0	0	77.8884	655
8	15	0	0	0	0	85.1055	656
8	15	0	0	0	0	76.5328	657
8	15	0	0	0	0	69.636	658
8	15	0	0	0	0	75.5316	659
8	15	0	0	0	0	76.1502	660
8	15	0	0	0	0	70.4721	661
8	14	0	0	0	0	75.1499	662
8	14	0	0	0	0	70.7087	663
8	14	0	0	0	0	65.5068	664
8	14	0	0	0	0	69.2064	665
8	14	0	0	0	0	71.5403	666
8	13	0	0	0	0	68.4476	667
8	13	0	0	0	0	71.8477	668
8	13	0	0	0	0	70.6134	669
8	13	0	0	0	0	73.4858	670
8	13	0	0	0	0	72.8268	671
8	13	0	0	0	0	70.7087	672
8	13	0	0	0	0	67.4669	673
8	13	0	0	0	0	62.449	674
8	13	0	0	0	0	63.7588	675
8	11	0	0	0	0	62.2159	676
8	11	0	0	0	0	63.8832	677
8	11	0	0	0	0	65.141	678
8	11	0	0	0	0	59.4263	679
8	9	0	0	0	0	55.6315	680
8	9	0	0	0	0	52.6271	681
8	9	0	0	0	0	50.9595	682
8	9	0	0	0	0	57.2906	683
8	9	0	0	0	0	55.1313	684
8	9	0	0	0	0	55.0836	685
8	9	0	0	0	0	53.1931	686
8	9	0	0	0	0	50.0213	687
7	9	0	0	0	0	53.885	688
6	9	0	0	0	0	49.7067	689
6	10	0	0	0	0	53.6906	690
6	11	0	0	0	0	48.4917	691
6	13	0	0	0	0	52.5349	692
6	13	0	0	0	0	45.3137	693
7	13	0	0	0	0	49.6814	694
7	13	0	0	0	0	51.533	695
7	13	0	0	0	0	55.0496	696
7	13	0	0	0	0	60.2805	697
7	13	0	0	0	0	59.3756	698
6	13	0	0	0	0	60.8289	699
6	14	0	0	0	0	61.2071	700
4	14	0	0	0	0	51.6274	701
4	14	0	0	0	0	64.8643	702
4	14	0	0	0	0	58.7336	703
4	14	0	0	0	0	55.5674	704
4	14	0	0	0	0	53.1112	705
4	14	0	0	0	0	59.767	706
4	14	0	0	0	0	65.2409	707
4	14	0	0	0	0	60.1594	708
3	14	0	0	0	0	56.4352	709
3	14	0	0	0	0	53.2446	710
3	14	0	0	0	0	56.3249	711
3	15	0	0	0	0	61.2958	712
5	15	0	0	0	0	58.6613	713
5	15	0	0	0	0	54.4128	714
5	15	0	0	0	0	64.871	715
5	15	0	0	0	0	67.533	716
5	14	0	0	0	0	56.0012	717
5	14	0	0	0	0	54.63	718
5	14	0	0	0	0	57.6397	719
5	14	0	0	0	0	66.5014	720
5	14	0	0	0	0	57.7638	721
5	13	0	0	0	0	56.9314	722
5	12	0	0	0	0	58.3763	723
6	12	0	0	0	0	45.8257	724
6	12	0	0	0	0	54.6908	725
6	12	0	0	0	0	54.691	726
6	12	0	0	0	0	55.994	727
7	12	0	0	0	0	65.7987	728
8	12	0	0	0	0	54.8043	729
8	12	0	0	0	0	52.6486	730
7	12	0	0	0	0	51.0196	731
7	12	0	0	0	0	51.99	732
7	11	0	0	0	0	60.0588	733
7	11	0	0	0	0	49.0963	734
7	11	0	0	0	0	57.4201	735
7	11	0	0	0	0	53.6812	736
7	10	0	0	0	0	46.876	737
7	10	0	0	0	0	47.4609	738
7	10	0	0	0	0	53.4767	739
7	10	0	0	0	0	52.8634	740
7	10	0	0	0	0	55.476	741
8	10	0	0	0	0	51.9467	742
8	10	0	0	0	0	61.1928	743
8	10	0	0	0	0	47.3985	744
8	10	0	0	0	0	60.821	745
8	10	0	0	0	0	55.7297	746
8	10	0	0	0	0	58.6272	747
8	10	0	0	0	0	61.8927	748
9	10	0	0	0	0	58.3423	749
9	10	0	0	0	0	50.619	750
8	10	0	0	0	0	50.227	751
8	10	0	0	0	0	50.05	752
9	10	0	0	0	0	56.9744	753
9	10	0	0	0	0	65.1778	754
9	10	0	0	0	0	57.1135	755
9	10	0	0	0	0	63.3694	756
9	10	0	0	0	0	55.1573	757
9	10	0	0	0	0	64.959	758
9	10	0	0	0	0	63.5092	759
9	10	0	0	0	0	52.8479	760
9	10	0	0	0	0	55.6805	761
9	10	0	0	0	0	57.3798	762
9	10	0	0	0	0	63.3849	763
9	10	0	0	0	0	65.382	764
9	11	0	0	0	0	58.2205	765
9	12	0	0	0	0	49.8637	766
8	12	0	0	0	0	54.6145	767
7	12	0	0	0	0	59.5637	768
7	12	0	0	0	0	52.9593	769
7	12	0	0	0	0	61.7798	770
7	12	0	0	0	0	58.574	771
6	12	0	0	0	0	41.942	772
6	12	0	0	0	0	56.4686	773
6	12	0	0	0	0	56.928	774
6	11	0	0	0	0	46.3587	775
6	11	0	0	0	0	41.9475	776
6	11	0	0	0	0	48.4795	777
6	11	0	0	0	0	51.3226	778
6	11	0	0	0	0	44.065	779
6	11	0	0	0	0	46.1445	780
6	11	0	0	0	0	51.5317	781
6	11	0	0	0	0	48.855	782
6	10	0	0	0	0	36.8908	783
6	10	0	0	0	0	32.299	784
6	6	0	0	0	0	33.2817	785
6	6	0	0	0	0	36.2226	786
6	6	0	0	0	0	34.5361	787
6	6	0	0	0	0	37.5502	788
6	6	0	0	0	0	28.6685	789
6	6	0	0	0	0	36.1237	790
5	6	0	0	0	0	33.0494	791
5	7	0	0	0	0	33.6089	792
5	7	0	0	0	0	32.5442	793
5	7	0	0	0	0	30.3475	794
5	7	0	0	0	0	30.5562	795
4	7	0	0	0	0	29.9597	796
4	7	0	0	0	0	24.6784	797
4	7	0	0	0	0	26.3491	798
4	7	0	0	0	0	24.3631	799
5	6	0	0	0	0	20.6716	800
4	6	0	0	0	0	23.6441	801
4	6	0	0	0	0	28.276	802
4	6	0	0	0	0	31.2346	803
5	6	0	0	0	0	22.4079	804
5	6	0	0	0	0	32.7298	805
6	6	0	0	0	0	33.0082	806
6	6	0	0	0	0	28.8571	807
6	6	0	0	0	0	35.2966	808
6	6	0	0	0	0	33.2211	809
6	6	0	0	0	0	30.7318	810
6	6	0	0	0	0	35.0768	811
7	6	0	0	0	0	36.8037	812
7	6	0	0	0	0	38.4051	813
7	6	0	0	0	0	41.7209	814
7	6	0	0	0	0	26.5726	815
7	6	0	0	0	0	28.8532	816
7	6	0	0	0	0	35.142	817
7	6	0	0	0	0	33.8544	818
7	6	0	0	0	0	32.7819	819
7	6	0	0	0	0	31.446	820
7	4	0	0	0	0	31.8592	821
7	4	0	0	0	0	35.2402	822
7	4	0	0	0	0	28.9177	823
7	4	0	0	0	0	28.2836	824
7	4	0	0	0	0	30.2305	825
7	3	0	0	0	0	29.9742	826
7	4	0	0	0	0	33.1311	827
7	4	0	0	0	0	25.6	828
7	4	0	0	0	0	25.5842	829
7	4	0	0	0	0	32.6486	830
7	4	0	0	0	0	34.4562	831
7	5	0	0	0	0	33.7824	832
7	5	0	0	0	0	33.7648	833
7	5	0	0	0	0	35.4388	834
7	5	0	0	0	0	41.7519	835
7	5	0	0	0	0	37.9257	836
7	5	0	0	0	0	40.8793	837
7	5	0	0	0	0	33.9894	838
7	5	0	0	0	0	33.4518	839
7	5	0	0	0	0	32.9139	840
7	5	0	0	0	0	34.0317	841
7	4	0	0	0	0	37.6762	842
7	4	0	0	0	0	26.9601	843
7	4	0	0	0	0	37.902	844
7	4	0	0	0	0	37.2502	845
7	4	0	0	0	0	35.7254	846
7	4	0	0	0	0	35.4418	847
7	5	0	0	0	0	37.8267	848
7	5	0	0	0	0	30.4698	849
7	5	0	0	0	0	30.5175	850
7	5	0	0	0	0	40.209	851
7	5	0	0	0	0	35.3073	852
7	5	0	0	0	0	41.737	853
7	5	0	0	0	0	36.515	854
6	5	0	0	0	0	29.6296	855
6	5	0	0	0	0	35.3283	856
6	5	0	0	0	0	37.7014	857
6	5	0	0	0	0	31.4697	858
6	5	0	0	0	0	33.7861	859
5	5	0	0	0	0	31.5341	860
5	5	0	0	0	0	31.5341	861
5	5	0	0	0	0	31.6706	862
6	5	0	0	0	0	29.1716	863
6	5	0	0	0	0	33.0658	864
6	5	0	0	0	0	30.9368	865
6	5	0	0	0	0	30.5679	866
6	5	0	0	0	0	28.5926	867
6	5	0	0	0	0	33.7858	868
6	5	0	0	0	0	33.6333	869
6	4	0	0	0	0	31.4495	870
6	4	0	0	0	0	31.1701	871
6	4	0	0	0	0	31.6344	872
6	4	0	0	0	0	32.1675	873
6	4	0	0	0	0	32.9208	874
6	4	0	0	0	0	28.0447	875
6	4	0	0	0	0	26.9738	876
6	4	0	0	0	0	28.4759	877
6	4	0	0	0	0	31.2992	878
6	4	0	0	0	0	29.818	879
6	4	0	0	0	0	33.0648	880
7	4	0	0	0	0	31.6254	881
7	4	0	0	0	0	30.5679	882
7	4	0	0	0	0	28.9744	883
7	4	0	0	0	0	33.7857	884
7	4	0	0	0	0	31.6254	885
7	4	0	0	0	0	31.4852	886
7	4	0	0	0	0	36.0849	887
7	4	0	0	0	0	29.9227	888
7	5	0	0	0	0	32.8164	889
7	6	0	0	0	0	39.7374	890
7	6	0	0	0	0	42.2425	891
7	6	0	0	0	0	36.1205	892
7	6	0	0	0	0	39.6061	893
7	6	0	0	0	0	32.5658	894
6	6	0	0	0	0	35.6686	895
6	6	0	0	0	0	36.3273	896
6	6	0	0	0	0	41.7462	897
6	6	0	0	0	0	38.7324	898
6	6	0	0	0	0	23.6278	899
6	5	0	0	0	0	33.0183	900
7	5	0	0	0	0	32.3543	901
7	5	0	0	0	0	33.7598	902
7	5	0	0	0	0	34.3138	903
7	5	0	0	0	0	35.6641	904
7	5	0	0	0	0	36.5242	905
6	5	0	0	0	0	35.3283	906
6	5	0	0	0	0	31.3568	907
6	5	0	0	0	0	31.4208	908
6	5	0	0	0	0	34.0838	909
6	5	0	0	0	0	33.6154	910
5	5	0	0	0	0	30.4603	911
5	5	0	0	0	0	23.2789	912
5	5	0	0	0	0	30.9886	913
5	5	0	0	0	0	18.7874	914
5	5	0	0	0	0	19.8891	915
6	5	0	0	0	0	21.6533	916
5	5	0	0	0	0	28.8877	917
5	5	0	0	0	0	25.232	918
5	6	0	0	0	0	26.7896	919
5	6	0	0	0	0	29.5348	920
5	8	0	0	0	0	28.8409	921
5	8	0	0	0	0	40.1391	922
5	8	0	0	0	0	37.2987	923
5	7	0	0	0	0	37.9144	924
5	7	0	0	0	0	35.3291	925
5	7	0	0	0	0	35.9129	926
5	7	0	0	0	0	41.863	927
5	7	0	0	0	0	33.3681	928
5	7	0	0	0	0	38.2944	929
5	7	0	0	0	0	38.4574	930
5	7	0	0	0	0	41.7531	931
5	7	0	0	0	0	41.6681	932
5	7	0	0	0	0	40.5826	933
5	7	0	0	0	0	35.2197	934
5	7	0	0	0	0	41.7519	935
5	7	0	0	0	0	35.8857	936
6	7	0	0	0	0	36.3092	937
6	7	0	0	0	0	41.4312	938
6	7	0	0	0	0	37.9305	939
6	6	0	0	0	0	32.0864	940
6	6	0	0	0	0	36.8054	941
5	6	0	0	0	0	33.6331	942
5	6	0	0	0	0	34.9658	943
6	6	0	0	0	0	31.4903	944
6	6	0	0	0	0	40.4975	945
6	6	0	0	0	0	39.5186	946
6	6	0	0	0	0	32.8686	947
6	5	0	0	0	0	30.0039	948
6	5	0	0	0	0	36.3706	949
6	5	0	0	0	0	35.8965	950
6	5	0	0	0	0	30.9649	951
6	5	0	0	0	0	33.0658	952
6	5	0	0	0	0	37.7014	953
6	5	0	0	0	0	25.8761	954
6	5	0	0	0	0	31.0813	955
6	5	0	0	0	0	28.4283	956
6	4	0	0	0	0	28.5251	957
6	4	0	0	0	0	29.0789	958
6	4	0	0	0	0	33.6551	959
6	4	0	0	0	0	23.1761	960
6	4	0	0	0	0	27.5692	961
6	3	0	0	0	0	29.827	962
6	3	0	0	0	0	27.3452	963
6	3	0	0	0	0	28.0626	964
6	3	0	0	0	0	26.4673	965
7	4	0	0	0	0	26.1321	966
7	4	0	0	0	0	33.1239	967
7	4	0	0	0	0	31.5425	968
7	4	0	0	0	0	31.7697	969
7	4	0	0	0	0	31.7697	970
7	4	0	0	0	0	37.7212	971
7	4	0	0	0	0	34.8758	972
7	4	0	0	0	0	34.0791	973
7	4	0	0	0	0	37.8921	974
7	4	0	0	0	0	32.9614	975
7	4	0	0	0	0	37.902	976
7	4	0	0	0	0	32.4148	977
7	4	0	0	0	0	34.8758	978
7	4	0	0	0	0	35.615	979
7	4	0	0	0	0	33.9159	980
7	4	0	0	0	0	32.4192	981
7	4	0	0	0	0	36.1449	982
7	4	0	0	0	0	33.463	983
7	4	0	0	0	0	29.8137	984
7	4	0	0	0	0	37.8921	985
7	4	0	0	0	0	31.8015	986
7	4	0	0	0	0	29.1204	987
7	4	0	0	0	0	29.766	988
7	4	0	0	0	0	37.8921	989
7	4	0	0	0	0	35.2795	990
8	4	0	0	0	0	27.2262	991
8	5	0	0	0	0	35.219	992
8	5	0	0	0	0	32.7468	993
8	5	0	0	0	0	39.0785	994
7	5	0	0	0	0	34.7494	995
7	5	0	0	0	0	40.9941	996
7	5	0	0	0	0	39.2489	997
7	5	0	0	0	0	35.3632	998
7	5	0	0	0	0	31.822	999
6	5	0	0	0	0	36.0289	1000
6	5	0	0	0	0	37.6826	1001
6	5	0	0	0	0	29.3376	1002
6	5	0	0	0	0	36.72	1003
6	5	0	0	0	0	34.3309	1004
7	5	0	0	0	0	34.9271	1005
7	5	0	0	0	0	35.4867	1006
7	5	0	0	0	0	35.3632	1007
7	5	0	0	0	0	34.4614	1008
7	5	0	0	0	0	41.737	1009
7	5	0	0	0	0	36.3644	1010
7	5	0	0	0	0	37.263	1011
7	5	0	0	0	0	35.7033	1012
6	6	0	0	0	0	29.8182	1013
6	6	0	0	0	0	31.8696	1014
6	6	0	0	0	0	32.3061	1015
6	6	0	0	0	0	37.5954	1016
6	6	0	0	0	0	34.853	1017
6	6	0	0	0	0	39.5916	1018
6	6	0	0	0	0	38.4481	1019
6	6	0	0	0	0	37.7889	1020
6	6	0	0	0	0	37.654	1021
6	6	0	0	0	0	36.1528	1022
6	6	0	0	0	0	41.4605	1023
6	6	0	0	0	0	35.8117	1024
6	6	0	0	0	0	36.217	1025
7	6	0	0	0	0	33.4072	1026
7	6	0	0	0	0	38.5105	1027
7	6	0	0	0	0	38.1159	1028
7	6	0	0	0	0	35.1714	1029
6	6	0	0	0	0	38.1159	1030
6	6	0	0	0	0	28.5727	1031
6	6	0	0	0	0	28.4283	1032
6	5	0	0	0	0	31.5885	1033
7	5	0	0	0	0	30.0264	1034
7	5	0	0	0	0	31.0369	1035
7	5	0	0	0	0	32.0145	1036
7	4	0	0	0	0	30.5679	1037
7	4	0	0	0	0	30.7189	1038
6	4	0	0	0	0	29.2238	1039
6	4	0	0	0	0	28.4195	1040
6	4	0	0	0	0	26.3762	1041
6	4	0	0	0	0	28.5008	1042
5	4	0	0	0	0	27.2426	1043
5	4	0	0	0	0	26.4066	1044
5	4	0	0	0	0	24.686	1045
5	4	0	0	0	0	27.6868	1046
5	4	0	0	0	0	21.3717	1047
5	4	0	0	0	0	25.0185	1048
5	4	0	0	0	0	22.5339	1049
5	4	0	0	0	0	27.2867	1050
5	4	0	0	0	0	26.8378	1051
5	4	0	0	0	0	27.8081	1052
5	4	0	0	0	0	24.0854	1053
5	4	0	0	0	0	29.8329	1054
5	4	0	0	0	0	22.9097	1055
5	4	0	0	0	0	24.282	1056
5	4	0	0	0	0	28.7138	1057
5	4	0	0	0	0	28.2681	1058
5	4	0	0	0	0	27.2938	1059
5	4	0	0	0	0	27.0782	1060
5	4	0	0	0	0	27.8081	1061
5	4	0	0	0	0	27.0935	1062
5	4	0	0	0	0	27.2424	1063
5	4	0	0	0	0	26.0236	1064
5	5	0	0	0	0	26.3116	1065
5	5	0	0	0	0	28.3026	1066
6	5	0	0	0	0	29.6076	1067
6	6	0	0	0	0	31.1327	1068
6	6	0	0	0	0	26.7519	1069
6	6	0	0	0	0	36.3427	1070
6	5	0	0	0	0	29.9506	1071
6	5	0	0	0	0	33.4809	1072
6	5	0	0	0	0	37.3899	1073
6	5	0	0	0	0	33.1067	1074
6	5	0	0	0	0	32.4644	1075
6	6	0	0	0	0	24.7444	1076
5	6	0	0	0	0	31.228	1077
5	6	0	0	0	0	25.1431	1078
4	6	0	0	0	0	29.5462	1079
4	6	0	0	0	0	30.5679	1080
4	6	0	0	0	0	30.5924	1081
4	6	0	0	0	0	29.1262	1082
4	6	0	0	0	0	29.6787	1083
4	6	0	0	0	0	32.7569	1084
4	6	0	0	0	0	27.8155	1085
4	6	0	0	0	0	31.0813	1086
4	7	0	0	0	0	33.7871	1087
4	8	0	0	0	0	30.406	1088
4	8	0	0	0	0	36.8848	1089
5	8	0	0	0	0	37.8535	1090
5	8	0	0	0	0	39.9562	1091
5	8	0	0	0	0	38.2289	1092
5	8	0	0	0	0	40.971	1093
5	8	0	0	0	0	45.4486	1094
5	8	0	0	0	0	36.5218	1095
5	8	0	0	0	0	45.4882	1096
5	8	0	0	0	0	30.051	1097
5	8	0	0	0	0	38.4518	1098
5	11	0	0	0	0	45.804	1099
5	11	0	0	0	0	44.627	1100
5	12	0	0	0	0	49.5551	1101
5	12	0	0	0	0	46.0345	1102
5	12	0	0	0	0	53.1987	1103
5	11	0	0	0	0	49.826	1104
5	10	0	0	0	0	47.4391	1105
5	10	0	0	0	0	40.698	1106
5	10	0	0	0	0	51.7764	1107
5	10	0	0	0	0	53.3852	1108
5	10	0	0	0	0	44.1095	1109
5	10	0	0	0	0	53.1383	1110
5	10	0	0	0	0	45.7357	1111
5	10	0	0	0	0	47.0048	1112
5	10	0	0	0	0	49.0311	1113
5	10	0	0	0	0	53.1304	1114
5	10	0	0	0	0	44.4295	1115
5	10	0	0	0	0	47.1072	1116
5	10	0	0	0	0	44.5904	1117
5	10	0	0	0	0	44.8171	1118
5	10	0	0	0	0	47.3003	1119
5	10	0	0	0	0	46.7306	1120
5	9	0	0	0	0	38.823	1121
5	9	0	0	0	0	38.3552	1122
5	9	0	0	0	0	48.715	1123
5	9	0	0	0	0	44.8138	1124
5	9	0	0	0	0	45.234	1125
5	9	0	0	0	0	44.9475	1126
5	9	0	0	0	0	49.1397	1127
5	9	0	0	0	0	46.2857	1128
5	9	0	0	0	0	46.2392	1129
5	9	0	0	0	0	45.9383	1130
5	9	0	0	0	0	48.1538	1131
5	10	0	0	0	0	43.1628	1132
5	10	0	0	0	0	39.6453	1133
5	10	0	0	0	0	42.8001	1134
5	9	0	0	0	0	41.3415	1135
5	9	0	0	0	0	49.7197	1136
5	9	0	0	0	0	45.1844	1137
5	9	0	0	0	0	44.9248	1138
5	9	0	0	0	0	43.83	1139
5	9	0	0	0	0	46.6881	1140
5	9	0	0	0	0	48.965	1141
5	9	0	0	0	0	48.461	1142
5	9	0	0	0	0	46.4415	1143
5	9	0	0	0	0	45.1493	1144
5	8	0	0	0	0	43.1298	1145
5	9	0	0	0	0	45.4175	1146
5	9	0	0	0	0	44.8657	1147
6	9	0	0	0	0	37.7558	1148
6	9	0	0	0	0	46.8128	1149
6	9	0	0	0	0	46.9294	1150
6	10	0	0	0	0	45.3402	1151
5	10	0	0	0	0	41.3425	1152
5	10	0	0	0	0	44.5296	1153
5	10	0	0	0	0	45.7882	1154
4	10	0	0	0	0	40.8082	1155
4	10	0	0	0	0	44.6055	1156
4	10	0	0	0	0	41.9379	1157
4	10	0	0	0	0	41.7936	1158
4	10	0	0	0	0	37.1344	1159
4	10	0	0	0	0	47.6026	1160
4	10	0	0	0	0	43.0917	1161
4	10	0	0	0	0	38.3052	1162
4	10	0	0	0	0	35.2193	1163
4	10	0	0	0	0	37.8175	1164
3	10	0	0	0	0	35.2193	1165
3	10	0	0	0	0	35.2193	1166
3	10	0	0	0	0	35.6655	1167
3	10	0	0	0	0	37.1033	1168
3	9	0	0	0	0	35.2193	1169
2	9	0	0	0	0	35.5567	1170
2	9	0	0	0	0	36.7617	1171
2	9	0	0	0	0	29.6615	1172
2	9	0	0	0	0	32.676	1173
2	9	0	0	0	0	37.8175	1174
2	9	0	0	0	0	32.7899	1175
1	9	0	0	0	0	33.2719	1176
1	9	0	0	0	0	32.611	1177
1	9	0	0	0	0	29.2828	1178
1	9	0	0	0	0	23.9402	1179
1	9	0	0	0	0	33.5862	1180
1	9	0	0	0	0	28.5762	1181
1	9	0	0	0	0	29.2828	1182
1	9	0	0	0	0	32.9861	1183
2	9	0	0	0	0	32.5668	1184
2	9	0	0	0	0	30.6641	1185
2	9	0	0	0	0	34.5099	1186
2	9	0	0	0	0	28.8159	1187
2	9	0	0	0	0	33.0851	1188
2	9	0	0	0	0	33.2719	1189
1	9	0	0	0	0	27.65	1190
1	9	0	0	0	0	33.7812	1191
2	9	0	0	0	0	27.3179	1192
4	9	0	0	0	0	36.9708	1193
4	9	0	0	0	0	41.9082	1194
4	9	0	0	0	0	38.6621	1195
4	9	0	0	0	0	41.5387	1196
5	9	0	0	0	0	32.5534	1197
5	9	0	0	0	0	38.2586	1198
5	9	0	0	0	0	47.5925	1199
5	9	0	0	0	0	45.2254	1200
5	10	0	0	0	0	44.4234	1201
5	10	0	0	0	0	40.9107	1202
5	10	0	0	0	0	45.3736	1203
5	10	0	0	0	0	51.008	1204
5	10	0	0	0	0	42.1533	1205
5	10	0	0	0	0	47.0472	1206
5	10	0	0	0	0	43.1865	1207
5	10	0	0	0	0	49.5989	1208
5	10	0	0	0	0	49.5966	1209
5	10	0	0	0	0	41.3785	1210
5	10	0	0	0	0	39.8732	1211
5	10	0	0	0	0	41.4922	1212
5	10	0	0	0	0	41.296	1213
5	10	0	0	0	0	43.0395	1214
5	9	0	0	0	0	45.7026	1215
5	9	0	0	0	0	48.1538	1216
5	9	0	0	0	0	43.2363	1217
5	9	0	0	0	0	42.2482	1218
5	9	0	0	0	0	43.8803	1219
5	9	0	0	0	0	41.9892	1220
5	10	0	0	0	0	38.0498	1221
5	10	0	0	0	0	48.0981	1222
5	10	0	0	0	0	36.6643	1223
6	10	0	0	0	0	44.132	1224
6	9	0	0	0	0	37.1057	1225
6	8	0	0	0	0	43.3267	1226
6	8	0	0	0	0	40.6703	1227
6	7	0	0	0	0	44.5061	1228
7	7	0	0	0	0	41.0486	1229
7	7	0	0	0	0	38.9628	1230
7	7	0	0	0	0	40.7608	1231
7	7	0	0	0	0	48.0728	1232
7	7	0	0	0	0	45.0679	1233
7	6	0	0	0	0	36.8493	1234
7	7	0	0	0	0	44.8922	1235
8	7	0	0	0	0	35.4324	1236
8	7	0	0	0	0	43.0817	1237
8	6	0	0	0	0	41.882	1238
9	6	0	0	0	0	44.067	1239
9	6	0	0	0	0	43.5448	1240
9	6	0	0	0	0	46.6426	1241
9	6	0	0	0	0	45.9982	1242
9	7	0	0	0	0	44.5355	1243
9	7	0	0	0	0	51.2566	1244
9	10	0	0	0	0	51.1371	1245
9	10	0	0	0	0	66.3083	1246
9	10	0	0	0	0	56.6633	1247
10	12	0	0	0	0	60.2849	1248
10	12	0	0	0	0	64.0136	1249
10	12	0	0	0	0	61.3166	1250
10	12	0	0	0	0	62.4629	1251
10	12	0	0	0	0	62.6594	1252
10	12	0	0	0	0	61.7264	1253
10	12	0	0	0	0	76.1657	1254
10	13	0	0	0	0	71.8448	1255
10	13	0	0	0	0	77.3265	1256
10	13	0	0	0	0	67.4417	1257
11	13	0	0	0	0	71.7457	1258
10	13	0	0	0	0	73.7738	1259
10	13	0	0	0	0	82.8175	1260
10	13	0	0	0	0	67.4771	1261
10	13	0	0	0	0	73.1003	1262
10	13	0	0	0	0	72.1941	1263
9	13	0	0	0	0	77.7723	1264
9	13	0	0	0	0	71.5974	1265
9	13	0	0	0	0	66.863	1266
9	13	0	0	0	0	77.3873	1267
9	13	0	0	0	0	70.2999	1268
9	13	0	0	0	0	73.7018	1269
9	13	0	0	0	0	75.0977	1270
9	13	0	0	0	0	65.2923	1271
9	13	0	0	0	0	73.7933	1272
9	14	0	0	0	0	79.5895	1273
9	14	0	0	0	0	77.8779	1274
9	14	0	0	0	0	76.5914	1275
9	14	0	0	0	0	77.84	1276
9	13	0	0	0	0	70.9482	1277
9	13	0	0	0	0	72.2147	1278
9	12	0	0	0	0	64.9114	1279
8	12	0	0	0	0	59.8689	1280
8	12	0	0	0	0	65.3904	1281
8	11	0	0	0	0	69.8197	1282
9	11	0	0	0	0	69.2695	1283
9	11	0	0	0	0	68.7534	1284
9	12	0	0	0	0	68.1681	1285
9	12	0	0	0	0	71.3152	1286
9	12	0	0	0	0	66.1208	1287
9	12	0	0	0	0	70.8008	1288
9	12	0	0	0	0	77.9348	1289
9	12	0	0	0	0	67.1234	1290
9	12	0	0	0	0	77.4191	1291
9	12	0	0	0	0	70.4521	1292
9	12	0	0	0	0	72.7987	1293
9	12	0	0	0	0	62.3527	1294
9	12	0	0	0	0	77.9294	1295
9	12	0	0	0	0	65.4928	1296
9	12	0	0	0	0	62.1669	1297
9	12	0	0	0	0	62.3112	1298
8	11	0	0	0	0	54.8739	1299
8	11	0	0	0	0	60.011	1300
8	10	0	0	0	0	60.0214	1301
8	10	0	0	0	0	52.9189	1302
8	10	0	0	0	0	55.1741	1303
8	10	0	0	0	0	59.0234	1304
8	10	0	0	0	0	65.9934	1305
8	10	0	0	0	0	60.529	1306
8	10	0	0	0	0	61.2364	1307
8	10	0	0	0	0	62.3494	1308
9	10	0	0	0	0	60.3113	1309
9	10	0	0	0	0	60.771	1310
10	10	0	0	0	0	70.0228	1311
10	10	0	0	0	0	58.4061	1312
10	10	0	0	0	0	61.1923	1313
10	10	0	0	0	0	65.7773	1314
10	10	0	0	0	0	66.7589	1315
10	10	0	0	0	0	58.5234	1316
10	10	0	0	0	0	67.7126	1317
10	10	0	0	0	0	69.4343	1318
10	10	0	0	0	0	66.5725	1319
10	10	0	0	0	0	66.6622	1320
10	10	0	0	0	0	71.4439	1321
10	10	0	0	0	0	67.4383	1322
10	10	0	0	0	0	70.0209	1323
10	10	0	0	0	0	69.8074	1324
10	10	0	0	0	0	61.3975	1325
9	10	0	0	0	0	59.3965	1326
9	10	0	0	0	0	59.7174	1327
9	10	0	0	0	0	58.1148	1328
9	10	0	0	0	0	58.1188	1329
10	10	0	0	0	0	53.8369	1330
10	10	0	0	0	0	61.2689	1331
10	10	0	0	0	0	57.4047	1332
10	9	0	0	0	0	61.9105	1333
9	9	0	0	0	0	62.679	1334
9	9	0	0	0	0	57.1014	1335
9	9	0	0	0	0	63.3191	1336
9	9	0	0	0	0	61.5149	1337
10	9	0	0	0	0	50.8282	1338
10	9	0	0	0	0	58.5522	1339
10	8	0	0	0	0	53.8681	1340
10	8	0	0	0	0	54.7773	1341
10	8	0	0	0	0	62.3785	1342
10	8	0	0	0	0	57.6625	1343
10	8	0	0	0	0	52.4681	1344
11	8	0	0	0	0	56.0621	1345
11	8	0	0	0	0	62.3785	1346
11	8	0	0	0	0	54.4215	1347
11	8	0	0	0	0	62.306	1348
11	8	0	0	0	0	62.8848	1349
11	8	0	0	0	0	57.4789	1350
11	8	0	0	0	0	57.9803	1351
12	7	0	0	0	0	57.9797	1352
12	8	0	0	0	0	63.2129	1353
12	8	0	0	0	0	62.0709	1354
13	8	0	0	0	0	63.9784	1355
13	8	0	0	0	0	64.8074	1356
13	8	0	0	0	0	68.3652	1357
12	8	0	0	0	0	60.2091	1358
12	8	0	0	0	0	63.4809	1359
12	8	0	0	0	0	65.8521	1360
12	8	0	0	0	0	73.4115	1361
12	8	0	0	0	0	63.1151	1362
12	8	0	0	0	0	64.8341	1363
12	7	0	0	0	0	62.9562	1364
12	7	0	0	0	0	64.5952	1365
12	7	0	0	0	0	57.8055	1366
12	7	0	0	0	0	65.2465	1367
12	7	0	0	0	0	56.0745	1368
12	7	0	0	0	0	69.75	1369
12	7	0	0	0	0	54.6891	1370
13	7	0	0	0	0	59.4172	1371
13	7	0	0	0	0	65.1767	1372
13	7	0	0	0	0	66.4183	1373
13	7	0	0	0	0	61.8732	1374
13	7	0	0	0	0	57.5142	1375
13	7	0	0	0	0	63.0174	1376
15	8	0	0	0	0	58.2163	1377
15	8	0	0	0	0	67.4648	1378
14	8	0	0	0	0	62.1147	1379
14	8	0	0	0	0	69.3097	1380
14	8	0	0	0	0	68.6416	1381
14	9	0	0	0	0	70.8287	1382
14	9	0	0	0	0	65.2027	1383
14	9	0	0	0	0	62.8784	1384
14	11	0	0	0	0	66.9116	1385
13	11	0	0	0	0	63.3113	1386
13	11	0	0	0	0	68.7259	1387
13	11	0	0	0	0	65.2561	1388
12	10	0	0	0	0	59.0639	1389
12	9	0	0	0	0	52.4743	1390
11	8	0	0	0	0	56.9458	1391
10	7	0	0	0	0	55.9819	1392
10	7	0	0	0	0	60.6809	1393
10	7	0	0	0	0	50.2433	1394
10	6	0	0	0	0	52.8005	1395
10	6	0	0	0	0	57.1732	1396
11	6	0	0	0	0	53.1149	1397
11	6	0	0	0	0	51.7014	1398
11	6	0	0	0	0	50.7107	1399
11	6	0	0	0	0	55.5242	1400
11	6	0	0	0	0	54.7301	1401
11	6	0	0	0	0	61.6715	1402
11	6	0	0	0	0	51.3753	1403
11	7	0	0	0	0	55.5275	1404
11	7	0	0	0	0	62.4799	1405
11	7	0	0	0	0	63.4719	1406
11	7	0	0	0	0	61.7034	1407
11	7	0	0	0	0	47.8456	1408
11	7	0	0	0	0	59.2083	1409
11	7	0	0	0	0	61.7366	1410
11	8	0	0	0	0	59.9633	1411
12	8	0	0	0	0	65.9675	1412
12	8	0	0	0	0	64.4576	1413
12	8	0	0	0	0	68.8622	1414
12	8	0	0	0	0	65.1031	1415
12	8	0	0	0	0	63.5735	1416
12	8	0	0	0	0	69.6112	1417
12	9	0	0	0	0	70.4857	1418
12	9	0	0	0	0	51.8504	1419
12	9	0	0	0	0	69.1054	1420
12	9	0	0	0	0	68.5053	1421
12	9	0	0	0	0	69.0034	1422
13	9	0	0	0	0	62.9521	1423
13	10	0	0	0	0	77.3819	1424
13	10	0	0	0	0	73.1368	1425
13	10	0	0	0	0	72.4318	1426
13	10	0	0	0	0	75.3871	1427
13	11	0	0	0	0	73.8944	1428
14	11	0	0	0	0	81.3812	1429
14	11	0	0	0	0	75.434	1430
14	11	0	0	0	0	85.4199	1431
14	11	0	0	0	0	81.1111	1432
14	11	0	0	0	0	83.4422	1433
14	11	0	0	0	0	80.7232	1434
14	11	0	0	0	0	93.0236	1435
14	11	0	0	0	0	74.34	1436
15	11	0	0	0	0	77.4212	1437
14	11	0	0	0	0	77.896	1438
14	11	0	0	0	0	81.4277	1439
14	11	0	0	0	0	83.6496	1440
14	11	0	0	0	0	80.314	1441
14	11	0	0	0	0	77.5315	1442
13	11	0	0	0	0	81.3256	1443
13	11	0	0	0	0	83.7499	1444
13	11	0	0	0	0	77.979	1445
13	11	0	0	0	0	82.8789	1446
13	11	0	0	0	0	81.1509	1447
14	11	0	0	0	0	84.954	1448
14	11	0	0	0	0	66.031	1449
14	11	0	0	0	0	85.152	1450
14	10	0	0	0	0	84.491	1451
14	10	0	0	0	0	79.4294	1452
14	11	0	0	0	0	82.1263	1453
13	10	0	0	0	0	79.8741	1454
13	10	0	0	0	0	75.0828	1455
13	10	0	0	0	0	75.5884	1456
13	10	0	0	0	0	73.2865	1457
13	10	0	0	0	0	66.2409	1458
13	10	0	0	0	0	69.7518	1459
13	10	0	0	0	0	62.8918	1460
10	10	0	0	0	0	66.6458	1461
10	10	0	0	0	0	63.9439	1462
10	10	0	0	0	0	63.3508	1463
10	10	0	0	0	0	51.6872	1464
10	10	0	0	0	0	72.8023	1465
10	11	0	0	0	0	73.3935	1466
10	11	0	0	0	0	65.8037	1467
10	11	0	0	0	0	67.1665	1468
10	11	0	0	0	0	73.868	1469
10	11	0	0	0	0	66.9539	1470
10	12	0	0	0	0	72.6994	1471
10	12	0	0	0	0	64.901	1472
10	13	0	0	0	0	72.0763	1473
10	13	0	0	0	0	70.8634	1474
10	12	0	0	0	0	69.5333	1475
10	12	0	0	0	0	76.8804	1476
10	12	0	0	0	0	71.6242	1477
10	13	0	0	0	0	67.8135	1478
10	12	0	0	0	0	72.8076	1479
10	12	0	0	0	0	65.6304	1480
10	13	0	0	0	0	76.9271	1481
10	13	0	0	0	0	80.5338	1482
10	13	0	0	0	0	64.9628	1483
9	12	0	0	0	0	70.4357	1484
9	12	0	0	0	0	69.0453	1485
9	13	0	0	0	0	70.7742	1486
9	13	0	0	0	0	82.0599	1487
9	13	0	0	0	0	71.4197	1488
9	15	0	0	0	0	77.1417	1489
8	15	0	0	0	0	75.7828	1490
8	16	0	0	0	0	74.7436	1491
8	15	0	0	0	0	58.0681	1492
9	15	0	0	0	0	64.1137	1493
9	15	0	0	0	0	59.3575	1494
9	15	0	0	0	0	54.5682	1495
9	15	0	0	0	0	60.1817	1496
9	15	0	0	0	0	52.6159	1497
5	15	0	0	0	0	65.8521	1498
5	15	0	0	0	0	61.4864	1499
5	15	0	0	0	0	65.6814	1500
5	15	0	0	0	0	63.9633	1501
5	15	0	0	0	0	55.7299	1502
5	15	0	0	0	0	70.3384	1503
5	15	0	0	0	0	65.9294	1504
5	14	0	0	0	0	62.693	1505
5	14	0	0	0	0	64.0711	1506
5	14	0	0	0	0	61.0255	1507
5	14	0	0	0	0	58.8773	1508
5	14	0	0	0	0	64.2168	1509
5	14	0	0	0	0	69.4116	1510
5	14	0	0	0	0	64.2168	1511
5	14	0	0	0	0	48.9723	1512
5	13	0	0	0	0	61.3021	1513
5	13	0	0	0	0	62.1146	1514
5	13	0	0	0	0	55.8709	1515
5	13	0	0	0	0	49.6184	1516
5	13	0	0	0	0	61.0768	1517
5	13	0	0	0	0	55.6153	1518
5	13	0	0	0	0	65.0181	1519
5	13	0	0	0	0	65.9041	1520
5	13	0	0	0	0	59.7609	1521
5	14	0	0	0	0	63.0871	1522
5	14	0	0	0	0	63.1244	1523
5	14	0	0	0	0	61.6571	1524
5	14	0	0	0	0	45.985	1525
5	14	0	0	0	0	46.4415	1526
5	13	0	0	0	0	44.7478	1527
5	13	0	0	0	0	46.0336	1528
5	13	0	0	0	0	40.1646	1529
5	13	0	0	0	0	45.4588	1530
5	12	0	0	0	0	46.2882	1531
5	12	0	0	0	0	38.6952	1532
5	12	0	0	0	0	45.8178	1533
5	11	0	0	0	0	36.4906	1534
6	10	0	0	0	0	26.1775	1535
6	11	0	0	0	0	49.9342	1536
6	11	0	0	0	0	48.6984	1537
6	11	0	0	0	0	56.3171	1538
6	11	0	0	0	0	54.5854	1539
7	11	0	0	0	0	51.2287	1540
7	11	0	0	0	0	56.1167	1541
7	12	0	0	0	0	64.1705	1542
7	12	0	0	0	0	64.5265	1543
7	12	0	0	0	0	61.1818	1544
7	12	0	0	0	0	64.7127	1545
7	12	0	0	0	0	64.8961	1546
7	12	0	0	0	0	45.3838	1547
7	12	0	0	0	0	64.8057	1548
7	12	0	0	0	0	61.7131	1549
7	12	0	0	0	0	53.8155	1550
7	12	0	0	0	0	59.3386	1551
7	12	0	0	0	0	43.7793	1552
7	13	0	0	0	0	59.8222	1553
7	13	0	0	0	0	56.608	1554
7	13	0	0	0	0	52.7986	1555
7	13	0	0	0	0	58.158	1556
7	12	0	0	0	0	55.693	1557
7	12	0	0	0	0	64.099	1558
6	12	0	0	0	0	51.0272	1559
6	12	0	0	0	0	55.0025	1560
6	12	0	0	0	0	51.1344	1561
6	12	0	0	0	0	55.0439	1562
5	12	0	0	0	0	58.348	1563
5	12	0	0	0	0	54.787	1564
5	12	0	0	0	0	50.8515	1565
5	12	0	0	0	0	57.5607	1566
5	12	0	0	0	0	60.7095	1567
5	12	0	0	0	0	51.5242	1568
5	12	0	0	0	0	51.6904	1569
5	12	0	0	0	0	56.7531	1570
5	12	0	0	0	0	55.1439	1571
5	12	0	0	0	0	54.4579	1572
4	12	0	0	0	0	48.3921	1573
4	13	0	0	0	0	56.763	1574
4	13	0	0	0	0	49.3337	1575
4	12	0	0	0	0	47.9242	1576
4	12	0	0	0	0	47.5992	1577
4	11	0	0	0	0	47.0505	1578
4	11	0	0	0	0	46.249	1579
4	11	0	0	0	0	48.5486	1580
4	11	0	0	0	0	42.0853	1581
4	11	0	0	0	0	51.3464	1582
4	11	0	0	0	0	49.2362	1583
4	11	0	0	0	0	49.1887	1584
4	11	0	0	0	0	43.8901	1585
4	11	0	0	0	0	41.008	1586
4	11	0	0	0	0	41.7502	1587
4	11	0	0	0	0	46.9003	1588
4	11	0	0	0	0	46.686	1589
4	11	0	0	0	0	49.7436	1590
5	11	0	0	0	0	43.205	1591
5	11	0	0	0	0	49.0312	1592
5	11	0	0	0	0	47.3906	1593
5	11	0	0	0	0	47.1079	1594
5	11	0	0	0	0	49.9877	1595
5	11	0	0	0	0	48.6491	1596
5	11	0	0	0	0	48.6563	1597
5	11	0	0	0	0	50.4881	1598
5	10	0	0	0	0	34.9433	1599
6	10	0	0	0	0	47.914	1600
6	10	0	0	0	0	48.9326	1601
6	11	0	0	0	0	50.5248	1602
6	10	0	0	0	0	50.9201	1603
6	10	0	0	0	0	43.8275	1604
6	10	0	0	0	0	53.1824	1605
6	10	0	0	0	0	48.0966	1606
6	10	0	0	0	0	47.8834	1607
6	9	0	0	0	0	44.0501	1608
6	9	0	0	0	0	53.5343	1609
6	9	0	0	0	0	41.3003	1610
6	9	0	0	0	0	49.0757	1611
6	8	0	0	0	0	45.9902	1612
6	8	0	0	0	0	46.7169	1613
7	8	0	0	0	0	46.0284	1614
7	8	0	0	0	0	46.6799	1615
8	8	0	0	0	0	47.0631	1616
8	8	0	0	0	0	41.0697	1617
8	8	0	0	0	0	50.0771	1618
8	8	0	0	0	0	51.076	1619
9	8	0	0	0	0	45.5491	1620
10	8	0	0	0	0	49.4868	1621
10	8	0	0	0	0	53.4203	1622
10	8	0	0	0	0	55.067	1623
10	8	0	0	0	0	60.3786	1624
10	8	0	0	0	0	57.4582	1625
10	8	0	0	0	0	55.2051	1626
9	8	0	0	0	0	58.2146	1627
9	8	0	0	0	0	54.9226	1628
9	8	0	0	0	0	61.0226	1629
9	8	0	0	0	0	54.9181	1630
9	8	0	0	0	0	50.5715	1631
9	8	0	0	0	0	46.3873	1632
9	9	0	0	0	0	50.3577	1633
9	9	0	0	0	0	50.3009	1634
9	8	0	0	0	0	50.4823	1635
9	8	0	0	0	0	50.9066	1636
9	7	0	0	0	0	50.6451	1637
9	7	0	0	0	0	45.2429	1638
9	7	0	0	0	0	39.1474	1639
9	5	0	0	0	0	36.002	1640
9	5	0	0	0	0	49.6991	1641
9	5	0	0	0	0	48.1716	1642
9	5	0	0	0	0	46.9773	1643
9	5	0	0	0	0	49.8468	1644
9	5	0	0	0	0	49.1156	1645
9	5	0	0	0	0	38.2586	1646
9	5	0	0	0	0	43.1039	1647
9	5	0	0	0	0	45.985	1648
9	5	0	0	0	0	44.7386	1649
10	7	0	0	0	0	42.7518	1650
10	7	0	0	0	0	48.2074	1651
8	7	0	0	0	0	49.1058	1652
8	7	0	0	0	0	49.4449	1653
8	7	0	0	0	0	48.4407	1654
8	7	0	0	0	0	47.5671	1655
8	7	0	0	0	0	50.4234	1656
9	7	0	0	0	0	50.3807	1657
9	7	0	0	0	0	45.4416	1658
10	7	0	0	0	0	49.4266	1659
9	8	0	0	0	0	51.4009	1660
9	8	0	0	0	0	48.3779	1661
9	9	0	0	0	0	51.6774	1662
9	8	0	0	0	0	55.2024	1663
10	8	0	0	0	0	43.037	1664
11	8	0	0	0	0	55.0836	1665
11	9	0	0	0	0	61.8784	1666
11	9	0	0	0	0	68.6638	1667
11	9	0	0	0	0	67.721	1668
11	9	0	0	0	0	71.9589	1669
11	9	0	0	0	0	59.2659	1670
11	9	0	0	0	0	62.3713	1671
11	8	0	0	0	0	58.0833	1672
11	8	0	0	0	0	65.2983	1673
11	9	0	0	0	0	62.5765	1674
11	9	0	0	0	0	63.3963	1675
9	9	0	0	0	0	65.0111	1676
9	9	0	0	0	0	55.8074	1677
8	9	0	0	0	0	55.6996	1678
8	9	0	0	0	0	55.4458	1679
8	9	0	0	0	0	51.6256	1680
8	9	0	0	0	0	54.1135	1681
8	9	0	0	0	0	57.176	1682
9	9	0	0	0	0	57.2434	1683
9	9	0	0	0	0	59.7717	1684
9	9	0	0	0	0	51.2496	1685
9	9	0	0	0	0	59.0701	1686
9	10	0	0	0	0	61.5557	1687
9	10	0	0	0	0	69.3755	1688
9	10	0	0	0	0	64.8644	1689
9	10	0	0	0	0	64.6565	1690
9	10	0	0	0	0	64.3189	1691
9	11	0	0	0	0	69.95	1692
9	11	0	0	0	0	63.0628	1693
9	11	0	0	0	0	65.9261	1694
9	11	0	0	0	0	68.7061	1695
9	13	0	0	0	0	64.2085	1696
10	13	0	0	0	0	57.8188	1697
10	13	0	0	0	0	51.6549	1698
10	13	0	0	0	0	69.658	1699
10	13	0	0	0	0	62.5235	1700
8	13	0	0	0	0	66.1239	1701
9	13	0	0	0	0	70.0129	1702
8	13	0	0	0	0	64.2175	1703
8	13	0	0	0	0	73.0686	1704
8	13	0	0	0	0	68.9044	1705
8	13	0	0	0	0	78.0117	1706
9	13	0	0	0	0	68.8975	1707
9	13	0	0	0	0	74.1196	1708
9	13	0	0	0	0	70.8838	1709
10	14	0	0	0	0	73.163	1710
10	14	0	0	0	0	81.7747	1711
10	14	0	0	0	0	81.983	1712
10	14	0	0	0	0	77.1201	1713
10	14	0	0	0	0	79.2106	1714
10	14	0	0	0	0	86.0694	1715
10	14	0	0	0	0	84.0482	1716
10	14	0	0	0	0	83.7384	1717
10	14	0	0	0	0	80.4219	1718
10	14	0	0	0	0	85.1232	1719
10	14	0	0	0	0	85.0835	1720
10	14	0	0	0	0	78.401	1721
11	14	0	0	0	0	77.7697	1722
11	14	0	0	0	0	82.3026	1723
11	13	0	0	0	0	84.7018	1724
11	13	0	0	0	0	81.9003	1725
11	13	0	0	0	0	80.5808	1726
11	13	0	0	0	0	83.1245	1727
11	15	0	0	0	0	74.7955	1728
11	15	0	0	0	0	82.7679	1729
11	15	0	0	0	0	76.1717	1730
11	14	0	0	0	0	75.5092	1731
11	14	0	0	0	0	71.5231	1732
11	14	0	0	0	0	77.7383	1733
11	14	0	0	0	0	85.812	1734
9	14	0	0	0	0	75.6357	1735
9	14	0	0	0	0	80.2714	1736
9	14	0	0	0	0	70.5034	1737
9	13	0	0	0	0	75.3128	1738
9	13	0	0	0	0	77.2134	1739
9	13	0	0	0	0	78.9778	1740
9	13	0	0	0	0	68.6389	1741
9	13	0	0	0	0	60.2692	1742
9	13	0	0	0	0	79.6456	1743
9	13	0	0	0	0	79.0406	1744
9	13	0	0	0	0	75.893	1745
9	13	0	0	0	0	80.0155	1746
9	13	0	0	0	0	72.6516	1747
9	13	0	0	0	0	77.4507	1748
9	13	0	0	0	0	80.6971	1749
9	13	0	0	0	0	59.2863	1750
9	11	0	0	0	0	51.0432	1751
9	10	0	0	0	0	58.7844	1752
9	10	0	0	0	0	53.9056	1753
9	10	0	0	0	0	59.6636	1754
9	9	0	0	0	0	47.3731	1755
9	9	0	0	0	0	51.4893	1756
8	9	0	0	0	0	52.572	1757
9	9	0	0	0	0	56.9681	1758
9	9	0	0	0	0	61.2152	1759
9	8	0	0	0	0	57.7151	1760
9	9	0	0	0	0	59.4893	1761
9	9	0	0	0	0	53.5279	1762
9	9	0	0	0	0	57.2077	1763
9	9	0	0	0	0	54.8227	1764
9	9	0	0	0	0	60.0936	1765
8	9	0	0	0	0	53.9866	1766
8	9	0	0	0	0	53.5323	1767
8	9	0	0	0	0	49.3314	1768
8	9	0	0	0	0	57.9878	1769
8	9	0	0	0	0	54.627	1770
8	9	0	0	0	0	59.4778	1771
8	10	0	0	0	0	59.9673	1772
8	10	0	0	0	0	53.5311	1773
8	10	0	0	0	0	56.6645	1774
8	10	0	0	0	0	59.0733	1775
8	11	0	0	0	0	58.8647	1776
8	11	0	0	0	0	64.6555	1777
8	11	0	0	0	0	65.2983	1778
8	11	0	0	0	0	62.9677	1779
8	11	0	0	0	0	59.3006	1780
8	11	0	0	0	0	66.9368	1781
8	11	0	0	0	0	61.321	1782
8	12	0	0	0	0	55.8686	1783
9	11	0	0	0	0	63.4326	1784
9	10	0	0	0	0	57.0184	1785
9	10	0	0	0	0	62.225	1786
9	11	0	0	0	0	59.663	1787
10	11	0	0	0	0	68.6974	1788
10	11	0	0	0	0	65.0163	1789
10	11	0	0	0	0	66.2612	1790
10	11	0	0	0	0	67.1593	1791
10	11	0	0	0	0	66.894	1792
10	11	0	0	0	0	63.6814	1793
10	11	0	0	0	0	68.3395	1794
9	11	0	0	0	0	70.5838	1795
9	11	0	0	0	0	69.3856	1796
9	11	0	0	0	0	65.3772	1797
9	11	0	0	0	0	69.3856	1798
9	12	0	0	0	0	63.2972	1799
8	11	0	0	0	0	53.5749	1800
8	11	0	0	0	0	62.388	1801
9	11	0	0	0	0	62.3698	1802
9	10	0	0	0	0	63.4344	1803
9	10	0	0	0	0	63.3677	1804
9	10	0	0	0	0	64.083	1805
9	10	0	0	0	0	59.0517	1806
9	10	0	0	0	0	66.1718	1807
9	10	0	0	0	0	54.8462	1808
10	10	0	0	0	0	57.1174	1809
10	10	0	0	0	0	65.8	1810
9	10	0	0	0	0	63.346	1811
9	9	0	0	0	0	57.6194	1812
10	9	0	0	0	0	55.7315	1813
10	9	0	0	0	0	65.9416	1814
10	9	0	0	0	0	62.1548	1815
10	9	0	0	0	0	69.4322	1816
10	9	0	0	0	0	63.1593	1817
10	9	0	0	0	0	69.7422	1818
10	11	0	0	0	0	60.3457	1819
10	11	0	0	0	0	55.3172	1820
10	11	0	0	0	0	63.4344	1821
10	14	0	0	0	0	74.4892	1822
10	15	0	0	0	0	68.9053	1823
9	15	0	0	0	0	76.7915	1824
8	15	0	0	0	0	75.2447	1825
8	15	0	0	0	0	71.097	1826
8	15	0	0	0	0	74.2896	1827
8	15	0	0	0	0	75.7706	1828
8	15	0	0	0	0	71.275	1829
8	15	0	0	0	0	66.286	1830
8	15	0	0	0	0	81.9772	1831
7	15	0	0	0	0	70.9393	1832
7	15	0	0	0	0	81.3128	1833
7	15	0	0	0	0	72.7615	1834
7	15	0	0	0	0	70.3966	1835
7	15	0	0	0	0	72.4436	1836
7	14	0	0	0	0	73.1403	1837
7	15	0	0	0	0	77.0735	1838
7	15	0	0	0	0	71.0239	1839
7	15	0	0	0	0	68.632	1840
8	15	0	0	0	0	78.3095	1841
8	15	0	0	0	0	78.3896	1842
8	15	0	0	0	0	85.2435	1843
8	15	0	0	0	0	77.9488	1844
9	15	0	0	0	0	77.5395	1845
9	15	0	0	0	0	84.9843	1846
8	15	0	0	0	0	72.4631	1847
8	15	0	0	0	0	79.0775	1848
8	15	0	0	0	0	76.0806	1849
8	15	0	0	0	0	76.3719	1850
8	15	0	0	0	0	79.1164	1851
8	15	0	0	0	0	79.9387	1852
8	15	0	0	0	0	80.4121	1853
7	15	0	0	0	0	73.48	1854
7	15	0	0	0	0	72.924	1855
6	15	0	0	0	0	70.7145	1856
6	15	0	0	0	0	58.8228	1857
6	15	0	0	0	0	69.2142	1858
6	15	0	0	0	0	73.309	1859
6	15	0	0	0	0	67.3324	1860
6	15	0	0	0	0	72.0691	1861
6	15	0	0	0	0	59.605	1862
6	14	0	0	0	0	64.8225	1863
6	14	0	0	0	0	61.5135	1864
6	13	0	0	0	0	57.4617	1865
6	13	0	0	0	0	61.2418	1866
6	12	0	0	0	0	61.5641	1867
6	11	0	0	0	0	58.3539	1868
6	11	0	0	0	0	56.2319	1869
6	11	0	0	0	0	53.6857	1870
6	11	0	0	0	0	50.9397	1871
6	11	0	0	0	0	61.2103	1872
6	11	0	0	0	0	59.6752	1873
6	11	0	0	0	0	54.5225	1874
6	11	0	0	0	0	55.6411	1875
6	11	0	0	0	0	59.7781	1876
6	11	0	0	0	0	57.8188	1877
6	11	0	0	0	0	54.3612	1878
6	11	0	0	0	0	62.0811	1879
6	11	0	0	0	0	51.5841	1880
6	11	0	0	0	0	56.5257	1881
6	11	0	0	0	0	56.8143	1882
6	11	0	0	0	0	59.8778	1883
6	11	0	0	0	0	60.1826	1884
6	11	0	0	0	0	52.4256	1885
6	11	0	0	0	0	57.3686	1886
7	11	0	0	0	0	58.4132	1887
7	11	0	0	0	0	52.604	1888
7	10	0	0	0	0	52.7753	1889
7	11	0	0	0	0	58.556	1890
7	11	0	0	0	0	61.9317	1891
7	11	0	0	0	0	57.8332	1892
7	11	0	0	0	0	56.77	1893
7	11	0	0	0	0	58.3942	1894
8	11	0	0	0	0	54.6825	1895
8	11	0	0	0	0	54.9272	1896
8	10	0	0	0	0	61.1358	1897
7	10	0	0	0	0	53.5845	1898
7	10	0	0	0	0	49.1334	1899
7	10	0	0	0	0	56.0824	1900
7	10	0	0	0	0	47.9917	1901
7	10	0	0	0	0	53.7281	1902
7	9	0	0	0	0	53.8744	1903
8	9	0	0	0	0	45.8801	1904
8	9	0	0	0	0	57.4582	1905
8	10	0	0	0	0	58.8582	1906
8	10	0	0	0	0	57.798	1907
8	10	0	0	0	0	58.0453	1908
8	10	0	0	0	0	56.4731	1909
8	10	0	0	0	0	60.5767	1910
8	10	0	0	0	0	61.9337	1911
8	10	0	0	0	0	63.3827	1912
8	10	0	0	0	0	61.5039	1913
8	10	0	0	0	0	61.4493	1914
9	10	0	0	0	0	58.2682	1915
9	10	0	0	0	0	44.004	1916
9	10	0	0	0	0	45.8663	1917
9	9	0	0	0	0	61.2928	1918
9	9	0	0	0	0	58.047	1919
11	10	0	0	0	0	52.2907	1920
11	10	0	0	0	0	49.3854	1921
11	9	0	0	0	0	60.9147	1922
11	9	0	0	0	0	53.6497	1923
11	9	0	0	0	0	64.5061	1924
11	9	0	0	0	0	57.2251	1925
11	9	0	0	0	0	65.116	1926
11	9	0	0	0	0	60.0755	1927
12	9	0	0	0	0	65.9117	1928
11	9	0	0	0	0	60.1147	1929
11	10	0	0	0	0	58.0234	1930
11	10	0	0	0	0	66.9348	1931
11	10	0	0	0	0	69.7206	1932
11	10	0	0	0	0	61.1825	1933
11	10	0	0	0	0	64.4223	1934
11	10	0	0	0	0	59.1691	1935
10	10	0	0	0	0	64.3918	1936
10	10	0	0	0	0	66.4337	1937
9	10	0	0	0	0	56.5156	1938
9	10	0	0	0	0	62.8782	1939
9	10	0	0	0	0	58.2743	1940
10	10	0	0	0	0	64.1991	1941
10	9	0	0	0	0	64.0353	1942
10	9	0	0	0	0	59.852	1943
10	9	0	0	0	0	65.3522	1944
10	9	0	0	0	0	56.9242	1945
10	9	0	0	0	0	62.4868	1946
11	9	0	0	0	0	59.2128	1947
11	9	0	0	0	0	56.8631	1948
11	9	0	0	0	0	61.3412	1949
12	9	0	0	0	0	66.2247	1950
12	8	0	0	0	0	57.4905	1951
12	8	0	0	0	0	55.1646	1952
12	9	0	0	0	0	63.8519	1953
12	9	0	0	0	0	67.8473	1954
12	9	0	0	0	0	66.5255	1955
12	10	0	0	0	0	63.7873	1956
12	10	0	0	0	0	69.6979	1957
12	10	0	0	0	0	72.1229	1958
12	10	0	0	0	0	68.4723	1959
12	10	0	0	0	0	63.926	1960
13	10	0	0	0	0	75.0748	1961
13	10	0	0	0	0	75.8059	1962
13	11	0	0	0	0	76.6448	1963
13	11	0	0	0	0	74.2413	1964
13	11	0	0	0	0	77.4069	1965
13	11	0	0	0	0	81.32	1966
13	11	0	0	0	0	79.9184	1967
13	11	0	0	0	0	73.5499	1968
14	9	0	0	0	0	73.0833	1969
14	10	0	0	0	0	72.5602	1970
14	10	0	0	0	0	64.4574	1971
14	8	0	0	0	0	69.2936	1972
14	7	0	0	0	0	74.31	1973
14	7	0	0	0	0	75.7581	1974
14	7	0	0	0	0	67.9164	1975
14	7	0	0	0	0	67.4731	1976
14	7	0	0	0	0	68.866	1977
14	7	0	0	0	0	74.0253	1978
15	7	0	0	0	0	69.5104	1979
15	7	0	0	0	0	78.8453	1980
15	7	0	0	0	0	77.6664	1981
15	8	0	0	0	0	77.2299	1982
15	8	0	0	0	0	75.945	1983
15	8	0	0	0	0	80.3087	1984
15	8	0	0	0	0	75.043	1985
15	9	0	0	0	0	78.6952	1986
15	9	0	0	0	0	76.7261	1987
15	9	0	0	0	0	83.4289	1988
15	9	0	0	0	0	80.7885	1989
15	9	0	0	0	0	76.7277	1990
15	9	0	0	0	0	75.4392	1991
15	9	0	0	0	0	69.7585	1992
15	9	0	0	0	0	73.9584	1993
14	9	0	0	0	0	71.8423	1994
13	9	0	0	0	0	70.5784	1995
13	9	0	0	0	0	81.7752	1996
13	9	0	0	0	0	77.5887	1997
13	9	0	0	0	0	67.0884	1998
13	10	0	0	0	0	76.9556	1999
13	10	0	0	0	0	76.9974	2000
13	10	0	0	0	0	69.797	2001
13	10	0	0	0	0	80.8468	2002
13	10	0	0	0	0	74.5898	2003
14	10	0	0	0	0	68.8346	2004
14	10	0	0	0	0	74.0035	2005
14	10	0	0	0	0	75.1836	2006
14	10	0	0	0	0	73.117	2007
14	9	0	0	0	0	76.1322	2008
14	9	0	0	0	0	78.7552	2009
14	9	0	0	0	0	74.5281	2010
14	9	0	0	0	0	83.0586	2011
14	9	0	0	0	0	80.3444	2012
15	9	0	0	0	0	73.4834	2013
16	9	0	0	0	0	72.2373	2014
16	9	0	0	0	0	70.9794	2015
17	9	0	0	0	0	87.4489	2016
17	9	0	0	0	0	89.4895	2017
17	9	0	0	0	0	89.1265	2018
18	9	0	0	0	0	89.7458	2019
18	9	0	0	0	0	95.1713	2020
18	9	0	0	0	0	91.1007	2021
18	9	0	0	0	0	89.3848	2022
18	10	0	0	0	0	89.6628	2023
18	10	0	0	0	0	99.4908	2024
18	10	0	0	0	0	91.0677	2025
18	10	0	0	0	0	102.639	2026
18	10	0	0	0	0	93.8512	2027
19	10	0	0	0	0	94.9152	2028
19	10	0	0	0	0	87.8882	2029
19	10	0	0	0	0	96.0762	2030
19	10	0	0	0	0	94.6838	2031
19	10	0	0	0	0	96.8499	2032
19	10	0	0	0	0	98.4221	2033
19	10	0	0	0	0	98.1588	2034
19	10	0	0	0	0	97.0433	2035
19	10	0	0	0	0	98.7188	2036
19	10	0	0	0	0	92.7484	2037
19	10	0	0	0	0	88.8953	2038
19	10	0	0	0	0	103.473	2039
19	9	0	0	0	0	97.3468	2040
20	9	0	0	0	0	103.478	2041
20	9	0	0	0	0	94.8912	2042
20	9	0	0	0	0	89.9666	2043
20	9	0	0	0	0	104.402	2044
20	10	0	0	0	0	89.1121	2045
20	10	0	0	0	0	91.2318	2046
20	10	0	0	0	0	92.2823	2047
20	11	0	0	0	0	102.239	2048
20	11	0	0	0	0	99.9075	2049
20	10	0	0	0	0	99.4704	2050
20	10	0	0	0	0	105.739	2051
19	10	0	0	0	0	96.0096	2052
18	10	0	0	0	0	96.5235	2053
17	10	0	0	0	0	87.0176	2054
17	10	0	0	0	0	87.9736	2055
17	11	0	0	0	0	99.5315	2056
17	11	0	0	0	0	98.2611	2057
17	11	0	0	0	0	92.241	2058
17	11	0	0	0	0	96.2883	2059
17	11	0	0	0	0	96.4056	2060
17	12	0	0	0	0	91.8938	2061
17	12	0	0	0	0	97.9618	2062
17	12	0	0	0	0	94.6937	2063
17	12	0	0	0	0	99.3879	2064
16	12	0	0	0	0	94.6797	2065
16	12	0	0	0	0	85.7439	2066
16	13	0	0	0	0	97.5136	2067
16	13	0	0	0	0	84.1604	2068
16	13	0	0	0	0	90.9444	2069
15	12	0	0	0	0	85.8947	2070
14	12	0	0	0	0	86.9669	2071
14	12	0	0	0	0	87.7516	2072
14	12	0	0	0	0	79.6188	2073
12	10	0	0	0	0	69.9772	2074
12	10	0	0	0	0	74.4431	2075
12	10	0	0	0	0	73.9989	2076
12	11	0	0	0	0	75.8656	2077
12	11	0	0	0	0	77.0068	2078
11	11	0	0	0	0	61.497	2079
11	10	0	0	0	0	61.1273	2080
11	10	0	0	0	0	68.7061	2081
11	10	0	0	0	0	70.0642	2082
11	10	0	0	0	0	65.7793	2083
12	9	0	0	0	0	61.1993	2084
12	10	0	0	0	0	73.6971	2085
13	10	0	0	0	0	72.1621	2086
13	10	0	0	0	0	70.9801	2087
12	12	0	0	0	0	76.4405	2088
12	11	0	0	0	0	74.0499	2089
12	11	0	0	0	0	77.8882	2090
12	11	0	0	0	0	74.2886	2091
12	11	0	0	0	0	78.2497	2092
12	11	0	0	0	0	66.575	2093
12	11	0	0	0	0	77.6312	2094
12	11	0	0	0	0	77.4493	2095
12	11	0	0	0	0	70.9398	2096
10	11	0	0	0	0	69.7206	2097
10	11	0	0	0	0	70.9309	2098
10	11	0	0	0	0	61.037	2099
10	11	0	0	0	0	65.9674	2100
10	11	0	0	0	0	66.4157	2101
9	11	0	0	0	0	64.8759	2102
9	11	0	0	0	0	66.2135	2103
9	11	0	0	0	0	60.9086	2104
9	11	0	0	0	0	63.4125	2105
9	10	0	0	0	0	59.5257	2106
8	10	0	0	0	0	51.7992	2107
8	10	0	0	0	0	58.9615	2108
8	10	0	0	0	0	54.6251	2109
8	10	0	0	0	0	57.3065	2110
8	10	0	0	0	0	55.9027	2111
8	9	0	0	0	0	59.0019	2112
9	9	0	0	0	0	57.2282	2113
9	9	0	0	0	0	56.2512	2114
9	10	0	0	0	0	59.2615	2115
9	10	0	0	0	0	58.197	2116
9	10	0	0	0	0	51.3842	2117
9	10	0	0	0	0	60.52	2118
9	10	0	0	0	0	57.9376	2119
9	10	0	0	0	0	61.8622	2120
8	10	0	0	0	0	46.5085	2121
8	9	0	0	0	0	60.9995	2122
8	9	0	0	0	0	48.1812	2123
8	9	0	0	0	0	51.3848	2124
8	10	0	0	0	0	61.0883	2125
8	10	0	0	0	0	65.1116	2126
8	10	0	0	0	0	59.6227	2127
8	10	0	0	0	0	57.3711	2128
8	10	0	0	0	0	62.2557	2129
8	10	0	0	0	0	61.1322	2130
8	10	0	0	0	0	54.3648	2131
8	10	0	0	0	0	60.1668	2132
8	10	0	0	0	0	65.2536	2133
8	10	0	0	0	0	62.2557	2134
8	11	0	0	0	0	64.7448	2135
8	11	0	0	0	0	54.1239	2136
8	12	0	0	0	0	56.2511	2137
8	12	0	0	0	0	60.2189	2138
9	12	0	0	0	0	61.2472	2139
9	12	0	0	0	0	61.7053	2140
9	12	0	0	0	0	58.5612	2141
9	13	0	0	0	0	61.4521	2142
8	13	0	0	0	0	76.8915	2143
8	13	0	0	0	0	72.8935	2144
8	13	0	0	0	0	69.8655	2145
8	13	0	0	0	0	69.1898	2146
8	13	0	0	0	0	71.7018	2147
8	13	0	0	0	0	68.6782	2148
9	13	0	0	0	0	72.1883	2149
9	13	0	0	0	0	76.7274	2150
9	13	0	0	0	0	76.5736	2151
9	13	0	0	0	0	74.0851	2152
9	13	0	0	0	0	69.6595	2153
9	12	0	0	0	0	63.053	2154
9	12	0	0	0	0	68.2582	2155
9	12	0	0	0	0	78.1484	2156
9	12	0	0	0	0	65.3837	2157
9	12	0	0	0	0	69.7858	2158
9	12	0	0	0	0	69.4456	2159
9	12	0	0	0	0	71.3231	2160
9	12	0	0	0	0	73.5769	2161
9	12	0	0	0	0	62.8039	2162
9	12	0	0	0	0	66.6544	2163
10	12	0	0	0	0	62.8723	2164
10	11	0	0	0	0	54.9732	2165
10	11	0	0	0	0	57.6047	2166
10	11	0	0	0	0	70.7145	2167
10	11	0	0	0	0	71.1471	2168
9	11	0	0	0	0	66.1658	2169
9	11	0	0	0	0	68.7644	2170
10	11	0	0	0	0	66.6981	2171
10	12	0	0	0	0	73.5855	2172
10	12	0	0	0	0	75.1264	2173
10	11	0	0	0	0	66.0995	2174
10	11	0	0	0	0	66.5486	2175
10	11	0	0	0	0	78.0228	2176
10	11	0	0	0	0	66.9645	2177
10	11	0	0	0	0	65.3455	2178
10	11	0	0	0	0	68.8587	2179
10	11	0	0	0	0	69.229	2180
11	11	0	0	0	0	72.5397	2181
11	11	0	0	0	0	66.1961	2182
11	11	0	0	0	0	65.7175	2183
10	11	0	0	0	0	60.3578	2184
10	11	0	0	0	0	77.6867	2185
10	12	0	0	0	0	67.4905	2186
10	12	0	0	0	0	70.0005	2187
10	12	0	0	0	0	66.3089	2188
10	12	0	0	0	0	62.0138	2189
10	12	0	0	0	0	64.768	2190
9	12	0	0	0	0	59.5427	2191
9	12	0	0	0	0	76.3277	2192
9	12	0	0	0	0	66.1394	2193
9	12	0	0	0	0	66.843	2194
9	12	0	0	0	0	59.6248	2195
9	12	0	0	0	0	58.3271	2196
9	12	0	0	0	0	56.2045	2197
8	12	0	0	0	0	60.5006	2198
8	12	0	0	0	0	65.539	2199
8	12	0	0	0	0	66.41	2200
9	12	0	0	0	0	68.7013	2201
9	12	0	0	0	0	62.0709	2202
9	12	0	0	0	0	70.2048	2203
10	12	0	0	0	0	71.6967	2204
10	12	0	0	0	0	63.8824	2205
11	11	0	0	0	0	66.9016	2206
11	11	0	0	0	0	69.5022	2207
11	11	0	0	0	0	68.1994	2208
11	11	0	0	0	0	78.725	2209
11	11	0	0	0	0	62.443	2210
11	10	0	0	0	0	64.9467	2211
11	10	0	0	0	0	69.1182	2212
11	10	0	0	0	0	62.934	2213
11	10	0	0	0	0	63.1594	2214
11	9	0	0	0	0	63.444	2215
11	9	0	0	0	0	63.2172	2216
11	8	0	0	0	0	53.6243	2217
12	8	0	0	0	0	62.969	2218
12	8	0	0	0	0	61.764	2219
12	7	0	0	0	0	58.4169	2220
12	7	0	0	0	0	63.9584	2221
12	7	0	0	0	0	54.6695	2222
12	7	0	0	0	0	54.1253	2223
12	7	0	0	0	0	54.2803	2224
12	7	0	0	0	0	51.6584	2225
11	7	0	0	0	0	53.8332	2226
11	7	0	0	0	0	60.934	2227
11	7	0	0	0	0	53.5084	2228
11	7	0	0	0	0	46.7931	2229
11	7	0	0	0	0	52.7416	2230
11	7	0	0	0	0	56.7729	2231
11	7	0	0	0	0	54.7105	2232
11	7	0	0	0	0	44.1188	2233
10	7	0	0	0	0	46.4719	2234
10	7	0	0	0	0	42.5296	2235
10	7	0	0	0	0	39.6366	2236
8	7	0	0	0	0	30.5736	2237
8	6	0	0	0	0	45.128	2238
8	6	0	0	0	0	35.7184	2239
8	6	0	0	0	0	43.0438	2240
9	6	0	0	0	0	43.1006	2241
9	6	0	0	0	0	45.1524	2242
9	6	0	0	0	0	48.4332	2243
9	6	0	0	0	0	41.6359	2244
9	6	0	0	0	0	48.1831	2245
9	6	0	0	0	0	45.6394	2246
9	6	0	0	0	0	50.1868	2247
9	6	0	0	0	0	41.3009	2248
9	5	0	0	0	0	48.7634	2249
9	5	0	0	0	0	45.7705	2250
9	5	0	0	0	0	43.5142	2251
9	5	0	0	0	0	49.8497	2252
10	5	0	0	0	0	45.447	2253
10	5	0	0	0	0	49.3358	2254
10	5	0	0	0	0	49.6377	2255
10	5	0	0	0	0	46.5772	2256
10	5	0	0	0	0	44.4935	2257
10	5	0	0	0	0	44.6553	2258
9	5	0	0	0	0	44.1294	2259
9	5	0	0	0	0	38.8075	2260
9	5	0	0	0	0	39.2573	2261
9	5	0	0	0	0	36.2093	2262
9	5	0	0	0	0	41.5668	2263
9	5	0	0	0	0	37.1918	2264
9	4	0	0	0	0	37.8096	2265
8	4	0	0	0	0	36.7558	2266
8	4	0	0	0	0	39.842	2267
8	4	0	0	0	0	36.9143	2268
8	4	0	0	0	0	35.063	2269
8	4	0	0	0	0	39.1087	2270
8	4	0	0	0	0	40.7305	2271
8	4	0	0	0	0	41.0982	2272
9	6	0	0	0	0	34.5613	2273
9	6	0	0	0	0	40.9569	2274
10	5	0	0	0	0	40.939	2275
10	5	0	0	0	0	51.0302	2276
10	5	0	0	0	0	47.3706	2277
10	5	0	0	0	0	49.826	2278
10	5	0	0	0	0	46.786	2279
10	5	0	0	0	0	52.883	2280
10	5	0	0	0	0	43.6798	2281
10	5	0	0	0	0	49.6991	2282
9	5	0	0	0	0	41.715	2283
9	5	0	0	0	0	41.2969	2284
9	5	0	0	0	0	44.1683	2285
9	5	0	0	0	0	44.4295	2286
9	5	0	0	0	0	47.2802	2287
9	5	0	0	0	0	45.1117	2288
9	5	0	0	0	0	44.7005	2289
9	5	0	0	0	0	47.0364	2290
9	5	0	0	0	0	45.7026	2291
9	5	0	0	0	0	46.2392	2292
9	5	0	0	0	0	45.3625	2293
9	5	0	0	0	0	42.7351	2294
9	5	0	0	0	0	42.6472	2295
9	5	0	0	0	0	42.8798	2296
8	6	0	0	0	0	41.4438	2297
8	7	0	0	0	0	40.1635	2298
8	7	0	0	0	0	48.6959	2299
8	7	0	0	0	0	50.0227	2300
8	7	0	0	0	0	48.5147	2301
8	7	0	0	0	0	46.3545	2302
8	7	0	0	0	0	53.3708	2303
8	7	0	0	0	0	43.9539	2304
8	7	0	0	0	0	53.5887	2305
8	7	0	0	0	0	52.5279	2306
8	7	0	0	0	0	47.0123	2307
8	7	0	0	0	0	53.7714	2308
8	7	0	0	0	0	41.8191	2309
8	7	0	0	0	0	47.5433	2310
8	7	0	0	0	0	50.7873	2311
8	7	0	0	0	0	29.6625	2312
8	6	0	0	0	0	31.1327	2313
5	5	0	0	0	0	33.0455	2314
5	5	0	0	0	0	33.7883	2315
5	5	0	0	0	0	24.2802	2316
5	5	0	0	0	0	31.5865	2317
5	5	0	0	0	0	33.5844	2318
5	5	0	0	0	0	30.573	2319
5	5	0	0	0	0	33.5818	2320
5	5	0	0	0	0	31.0883	2321
5	5	0	0	0	0	30.1945	2322
6	5	0	0	0	0	29.5614	2323
5	6	0	0	0	0	25.8869	2324
5	6	0	0	0	0	27.67	2325
5	6	0	0	0	0	36.2269	2326
5	6	0	0	0	0	34.136	2327
5	6	0	0	0	0	28.6714	2328
5	6	0	0	0	0	37.6826	2329
5	6	0	0	0	0	31.0821	2330
4	6	0	0	0	0	31.5474	2331
4	6	0	0	0	0	30.1257	2332
4	6	0	0	0	0	27.3699	2333
4	6	0	0	0	0	30.2467	2334
4	6	0	0	0	0	32.1891	2335
4	8	0	0	0	0	33.6333	2336
4	8	0	0	0	0	37.7103	2337
4	8	0	0	0	0	37.6319	2338
4	8	0	0	0	0	36.5974	2339
4	8	0	0	0	0	38.7143	2340
4	8	0	0	0	0	33.7682	2341
4	8	0	0	0	0	36.6583	2342
4	8	0	0	0	0	37.2929	2343
4	8	0	0	0	0	40.2867	2344
4	9	0	0	0	0	26.2051	2345
4	9	0	0	0	0	33.2669	2346
4	9	0	0	0	0	39.4356	2347
5	9	0	0	0	0	45.4431	2348
5	9	0	0	0	0	40.8163	2349
5	9	0	0	0	0	49.7307	2350
5	9	0	0	0	0	35.4667	2351
5	9	0	0	0	0	38.6213	2352
5	9	0	0	0	0	45.8874	2353
5	9	0	0	0	0	40.2633	2354
6	9	0	0	0	0	42.851	2355
6	9	0	0	0	0	45.8874	2356
5	11	0	0	0	0	38.2604	2357
5	11	0	0	0	0	45.8794	2358
6	11	0	0	0	0	53.1777	2359
6	12	0	0	0	0	52.5837	2360
6	12	0	0	0	0	57.3363	2361
6	12	0	0	0	0	55.0945	2362
7	12	0	0	0	0	61.2418	2363
7	12	0	0	0	0	61.8397	2364
7	12	0	0	0	0	66.9408	2365
7	12	0	0	0	0	61.8102	2366
7	12	0	0	0	0	60.2075	2367
7	12	0	0	0	0	66.0583	2368
7	12	0	0	0	0	59.0645	2369
7	12	0	0	0	0	64.5747	2370
7	12	0	0	0	0	69.1575	2371
7	12	0	0	0	0	63.2638	2372
7	12	0	0	0	0	57.4286	2373
7	12	0	0	0	0	58.4852	2374
7	11	0	0	0	0	62.2384	2375
7	11	0	0	0	0	58.7093	2376
7	11	0	0	0	0	63.6362	2377
7	11	0	0	0	0	60.2189	2378
7	11	0	0	0	0	57.5278	2379
7	11	0	0	0	0	62.5015	2380
7	11	0	0	0	0	49.8541	2381
7	12	0	0	0	0	59.5304	2382
7	12	0	0	0	0	54.8608	2383
7	12	0	0	0	0	66.0643	2384
7	11	0	0	0	0	61.0801	2385
7	11	0	0	0	0	56.2846	2386
7	11	0	0	0	0	58.7231	2387
7	11	0	0	0	0	57.0743	2388
7	11	0	0	0	0	66.0625	2389
7	11	0	0	0	0	62.3962	2390
7	11	0	0	0	0	60.0105	2391
7	11	0	0	0	0	66.0506	2392
7	11	0	0	0	0	55.1836	2393
7	10	0	0	0	0	54.229	2394
7	10	0	0	0	0	51.6606	2395
7	10	0	0	0	0	54.6348	2396
7	10	0	0	0	0	52.7668	2397
7	10	0	0	0	0	56.6947	2398
7	10	0	0	0	0	55.9873	2399
8	10	0	0	0	0	56.7822	2400
8	10	0	0	0	0	55.3279	2401
8	10	0	0	0	0	53.1323	2402
8	10	0	0	0	0	52.6517	2403
8	10	0	0	0	0	65.4759	2404
8	10	0	0	0	0	56.4731	2405
8	10	0	0	0	0	61.3456	2406
8	10	0	0	0	0	59.5504	2407
8	10	0	0	0	0	52.4371	2408
8	10	0	0	0	0	61.6897	2409
8	10	0	0	0	0	64.4042	2410
8	10	0	0	0	0	65.0421	2411
8	10	0	0	0	0	57.9408	2412
8	10	0	0	0	0	56.3686	2413
8	10	0	0	0	0	51.4772	2414
8	9	0	0	0	0	49.0213	2415
8	9	0	0	0	0	54.3937	2416
8	9	0	0	0	0	35.6158	2417
7	9	0	0	0	0	45.0687	2418
7	9	0	0	0	0	44.2538	2419
7	9	0	0	0	0	41.2231	2420
7	9	0	0	0	0	44.4986	2421
7	9	0	0	0	0	49.173	2422
7	8	0	0	0	0	32.2349	2423
7	8	0	0	0	0	36.5135	2424
5	8	0	0	0	0	36.3111	2425
5	9	0	0	0	0	36.5826	2426
5	9	0	0	0	0	40.898	2427
5	9	0	0	0	0	46.1733	2428
5	9	0	0	0	0	41.5364	2429
5	9	0	0	0	0	34.0268	2430
5	8	0	0	0	0	36.697	2431
5	8	0	0	0	0	32.2868	2432
5	8	0	0	0	0	33.113	2433
4	8	0	0	0	0	32.9598	2434
4	8	0	0	0	0	32.1532	2435
4	8	0	0	0	0	34.7532	2436
4	8	0	0	0	0	35.5266	2437
4	8	0	0	0	0	34.0488	2438
4	8	0	0	0	0	35.0655	2439
4	8	0	0	0	0	35.0615	2440
4	8	0	0	0	0	24.9612	2441
4	8	0	0	0	0	34.2511	2442
4	8	0	0	0	0	32.1242	2443
4	8	0	0	0	0	34.9844	2444
4	8	0	0	0	0	30.0852	2445
4	7	0	0	0	0	34.0165	2446
4	7	0	0	0	0	34.6215	2447
4	7	0	0	0	0	33.0289	2448
4	7	0.333333	0	1	0	33.106	2449
4	7	0.666667	0	2	0	37.0079	2450
4	7	0.666667	0	2	0	27.9199	2451
4	7	1	0	3	0	34.6301	2452
4	7	1	0	3	0	32.5118	2453
4	7	1	0	3	0	33.138	2454
4	7	1	0	3	0	32.5301	2455
4	7	1	0	3	0	28.6802	2456
4	6	1	0	3	0	31.2921	2457
4	6	1	0	3	0	32.1419	2458
4	6	1	0	3	0	30.556	2459
4	6	1	0	3	0	27.8312	2460
4	6	1	0	3	0	30.785	2461
4	6	1.33333	0	4	0	33.14	2462
4	6	1.33333	0	4	0	31.2921	2463
4	6	1.33333	0	4	0	30.2468	2464
4	6	1.33333	0	4	0	30.0353	2465
4	6	1.33333	0	4	0	28.8995	2466
4	6	1.33333	0	4	0	29.6787	2467
4	6	1.33333	0	4	0	24.9792	2468
4	6	1.33333	0	4	0	27.3671	2469
4	6	1.33333	0	4	0	27.3988	2470
4	6	1.33333	0	4	0	29.9065	2471
4	6	1.33333	0.333333	4	1	26.731	2472
4	6	1.33333	0.333333	4	1	26.0129	2473
4	5	1.33333	0.333333	4	1	16.2872	2474
4	5	1.33333	0.333333	4	1	19.4967	2475
4	4	1.33333	0.333333	4	1	19.575	2476
4	3	1.33333	0.333333	4	1	18.8162	2477
4	3	1.33333	0.333333	4	1	19.7863	2478
4	3	1.33333	0.333333	4	1	16.2607	2479
4	3	1.33333	0.333333	4	1	16.6325	2480
4	3	1.33333	0.333333	4	1	15.4046	2481
4	3	1.33333	0.333333	4	1	15.8573	2482
4	3	1.33333	0.333333	4	1	17.0929	2483
4	3	1.33333	0.333333	4	1	16.8851	2484
4	3	1.33333	0.333333	4	1	15.0379	2485
4	2	1.33333	0.333333	4	1	14.9277	2486
4	2	1.33333	0.333333	4	1	15.4324	2487
4	2	1.33333	0.333333	4	1	14.8107	2488
4	2	1.33333	0.333333	4	1	15.7098	2489
4	2	1.33333	0.333333	4	1	17.2193	2490
4	2	1.33333	0.333333	4	1	16.6337	2491
4	2	1.33333	0.333333	4	1	15.3642	2492
4	2	1.33333	0.333333	4	1	11.2708	2493
4	2	1.33333	0.333333	4	1	11.4425	2494
4	1	1.33333	0.333333	4	1	11.8185	2495
4	1	1.33333	0.333333	4	1	12.9216	2496
4	1	1.33333	0.333333	4	1	11.591	2497
4	1	1.33333	0.333333	4	1	12.2091	2498
4	1	1.33333	0.333333	4	1	10.0133	2499
4	1	1.33333	0.333333	4	1	11.7812	2500
4	1	1.33333	0.333333	4	1	11.0868	2501
4	1	1.33333	0.333333	4	1	6.8853	2502
4	1	1.33333	0.333333	4	1	5.51521	2503
4	1	0.666667	0.333333	2	1	7.53254	2504
3	1	0	0.333333	0	1	7.97627	2505
3	1	0	0.333333	0	1	4.55783	2506
3	0	0	0.333333	0	1	4.55783	2507
3	0	0	0.333333	0	1	4.26697	2508
3	0	0	0.333333	0	1	4.10098	2509
3	0	0	0.333333	0	1	0.704153	2510
2	0	0	0.333333	0	1	-1.56904	2511
2	0	0	0.333333	0	1	0.43351	2512
2	0	0	0.333333	0	1	0.194012	2513
2	0	0	0.333333	0	1	-3.43604	2514
2	0	0	0.333333	0	1	-3.43604	2515
1	0	0	0.333333	0	1	-3.37749	2516
1	0	0	0.333333	0	1	nan	2517
0	0	0	0.333333	0	1	nan	2518
0	0	0	0	0	0	nan	2519
