unique_top_cov	unique_bot_cov	redundant_top_cov	redundant_bot_cov	raw_redundant_top_cov	raw_redundant_bot_cov	e_value	position
0	0	0	0	0	0	nan	1
0	0	0	0	0	0	nan	2
0	0	0	0	0	0	nan	3
0	0	0	0	0	0	nan	4
0	0	0	0	0	0	nan	5
0	0	0	0	0	0	nan	6
0	0	0	0	0	0	nan	7
0	0	0	0	0	0	nan	8
0	0	0	0	0	0	nan	9
1	0	0	0	0	0	nan	10
1	0	0	0	0	0	nan	11
1	0	0	0	0	0	-2.99111	12
1	0	0	0	0	0	-3.21596	13
1	0	0	0	0	0	-3.31162	14
1	0	0	0	0	0	-3.05903	15
1	0	0	0	0	0	-3.63238	16
1	0	0	0	0	0	-2.66271	17
1	0	0	0	0	0	-5.26386	18
1	0	0	0	0	0	-3.21596	19
1	0	0	0	0	0	-4.9184	20
1	0	0	0	0	0	-3.05903	21
1	0	0	0	0	0	-2.69155	22
1	0	0	0	0	0	-3.39538	23
1	0	0	0	0	0	-4.9184	24
1	0	0	0	0	0	-2.99111	25
1	0	0	0	0	0	-2.99111	26
2	1	0	0	0	0	-2.66271	27
2	1	0	0	0	0	4.03987	28
2	1	0	0	0	0	3.35889	29
2	1	0	0	0	0	4.48395	30
2	1	0	0	0	0	1.97085	31
2	1	0	0	0	0	4.4473	32
2	1	0	0	0	0	4.35624	33
2	1	0	0	0	0	3.6908	34
2	1	0	0	0	0	0.487707	35
3	1	0	0	0	0	4.12919	36
3	1	0	0	0	0	7.95429	37
3	1	0	0	0	0	7.92967	38
3	1	0	0	0	0	7.55507	39
3	1	0	0	0	0	4.82673	40
3	1	0	0	0	0	7.94681	41
3	1	0	0	0	0	4.4414	42
3	1	0	0	0	0	5.46411	43
3	1	0	0	0	0	7.08382	44
3	1	0	0	0	0	6.50611	45
3	1	0	0	0	0	6.82412	46
3	3	0	0	0	0	5.4825	47
3	3	0	0	0	0	13.6334	48
3	3	0	0	0	0	14.0193	49
3	3	0	0	0	0	14.252	50
3	3	0	0	0	0	13.4261	51
3	3	0	0	0	0	12.1495	52
3	3	0	0	0	0	13.431	53
3	3	0	0	0	0	10.0708	54
3	3	0	0	0	0	16.0592	55
3	3	0	0	0	0	13.7036	56
3	3	0	0	0	0	11.7053	57
3	3	0	0	0	0	15.2467	58
3	3	0	0	0	0	12.7728	59
3	3	0	0	0	0	13.6568	60
3	3	0	0	0	0	13.7608	61
3	3	0	0	0	0	15.8205	62
3	3	0	0	0	0	14.816	63
3	3	0	0	0	0	16.065	64
3	3	0	0	0	0	13.7241	65
3	3	0	0	0	0	15.6454	66
3	3	0	0	0	0	13.5308	67
3	3	0	0	0	0	13.1311	68
3	3	0	0	0	0	14.8527	69
3	3	0	0	0	0	9.9736	70
3	3	0	0	0	0	15.6454	71
3	3	0	0	0	0	14.8418	72
3	3	0	0	0	0	14.8527	73
3	3	0	0	0	0	14.8527	74
3	3	0	0	0	0	14.8527	75
3	3	0	0	0	0	12.6732	76
3	3	0	0	0	0	14.6103	77
3	3	0	0	0	0	14.6103	78
3	3	0	0	0	0	15.8224	79
3	3	0	0	0	0	11.5386	80
3	3	0	0	0	0	12.182	81
3	3	0	0	0	0	12.6218	82
3	3	0	0	0	0	11.5226	83
3	3	0	0	0	0	14.6103	84
3	3	0	0	0	0	14.8046	85
3	3	0	0	0	0	16.065	86
3	3	0	0	0	0	14.6481	87
3	3	0	0	0	0	16.0592	88
3	3	0	0	0	0	15.0957	89
3	3	0	0	0	0	14.8046	90
3	3	0	0	0	0	14.8527	91
3	3	0	0	0	0	12.182	92
3	3	0	0	0	0	14.8046	93
3	3	0	0	0	0	14.8046	94
3	3	0	0	0	0	14.8527	95
3	3	0	0	0	0	14.8046	96
3	3	0	0	0	0	14.9824	97
3	3	0	0	0	0	14.5792	98
4	3	0	0	0	0	14.6481	99
4	3	0	0	0	0	11.3809	100
4	3	0	0	0	0	11.4284	101
4	3	0	0	0	0	12.0873	102
4	3	0	0	0	0	14.8527	103
4	3	0	0	0	0	16.0294	104
4	3	0	0	0	0	17.6396	105
5	3	0	0	0	0	18.4853	106
5	3	0	0	0	0	23.4042	107
5	3	0	0	0	0	18.606	108
5	3	0	0	0	0	18.7785	109
5	3	0	0	0	0	20.0857	110
5	3	0	0	0	0	16.2413	111
5	4	0	0	0	0	16.8186	112
5	4	0	0	0	0	26.2989	113
5	5	0	0	0	0	27.8108	114
5	5	0	0	0	0	22.5438	115
5	5	0	0	0	0	30.9847	116
5	6	0	0	0	0	29.5152	117
6	6	0	0	0	0	30.3747	118
6	6	0	0	0	0	32.4225	119
6	6	0	0	0	0	36.1836	120
6	6	0	0	0	0	21.0224	121
6	6	0	0	0	0	37.8256	122
5	7	0	0	0	0	35.0114	123
7	7	0	0	0	0	40.5424	124
7	7	0	0	0	0	38.1172	125
7	7	0	0	0	0	35.1704	126
7	7	0	0	0	0	34.0029	127
7	7	0	0	0	0	44.0148	128
7	7	0	0	0	0	47.0624	129
7	7	0	0	0	0	45.535	130
7	7	0	0	0	0	44.3254	131
7	7	0	0	0	0	42.1794	132
6	7	0	0	0	0	45.0919	133
6	7	0	0	0	0	35.9474	134
6	7	0	0	0	0	42.6357	135
7	7	0	0	0	0	42.3823	136
8	7	0	0	0	0	41.4286	137
8	9	0	0	0	0	43.4741	138
8	10	0	0	0	0	38.1626	139
8	10	0	0	0	0	52.5662	140
8	12	0	1	0	2	51.8946	141
8	12	0	1	0	2	51.0618	142
8	11	0	1	0	2	58.0625	143
8	11	0	1	0	2	57.6878	144
8	11	0	1	0	2	52.2402	145
8	11	0	1	0	2	55.8044	146
8	11	0	1	0	2	56.4877	147
7	11	0	1	0	2	60.3638	148
7	11	0.5	1	1	2	63.0816	149
7	11	0.5	1	1	2	52.9903	150
7	11	0.5	1	1	2	59.1994	151
7	11	0.5	1	1	2	57.2221	152
7	11	0.5	1	1	2	58.0972	153
7	11	0.5	1	1	2	61.2319	154
7	11	0.5	1	1	2	59.6184	155
7	11	0.5	1	1	2	57.5808	156
7	11	0.5	1	1	2	61.6029	157
7	11	0.5	1	1	2	57.358	158
7	11	0.5	1	1	2	54.4049	159
6	11	0.5	1	1	2	58.0408	160
6	11	0.5	1	1	2	52.9832	161
6	11	0.5	1	1	2	58.9979	162
6	11	0.5	1	1	2	54.542	163
6	11	0.5	1	1	2	53.3739	164
6	11	0.5	1	1	2	48.8496	165
6	11	0.5	1	1	2	51.2849	166
6	10	0.5	1	1	2	57.8316	167
7	10	0.5	1	1	2	51.0541	168
7	10	0.5	1	1	2	49.7912	169
7	10	0.5	1	1	2	51.7851	170
8	10	0.5	1	1	2	49.4295	171
8	10	0.5	1	1	2	53.382	172
8	10	0.5	1	1	2	61.887	173
8	10	0.5	1	1	2	62.2935	174
8	10	0.5	1	1	2	61.4241	175
8	10	0.5	1	1	2	59.3917	176
8	10	0.5	1	1	2	56.4296	177
8	10	0.5	1	1	2	64.3817	178
8	10	0.5	1	1	2	51.9194	179
8	9	0.5	0.5	1	1	44.9635	180
8	9	0.5	0.5	1	1	52.6475	181
8	8	0.5	0.5	1	1	53.1313	182
8	8	0.5	0.5	1	1	52.6475	183
8	8	0.5	0.5	1	1	54.513	184
8	8	0.5	0.5	1	1	55.937	185
8	8	0.5	0.5	1	1	54.485	186
9	8	0.5	0.5	1	1	54.2408	187
9	8	0.5	0.5	1	1	57.823	188
9	8	0.5	0.5	1	1	48.6885	189
9	8	0.5	0.5	1	1	53.7098	190
9	8	0.5	0.5	1	1	56.8311	191
9	8	0	0.5	0	1	51.2338	192
9	8	0	0.5	0	1	53.4689	193
10	8	0	0.5	0	1	47.9729	194
10	8	0	0.5	0	1	56.5762	195
10	8	0	0	0	0	65.7404	196
10	8	0	0	0	0	53.2785	197
10	8	0	0	0	0	59.543	198
10	8	0	0	0	0	56.1602	199
10	8	0	0	0	0	65.0437	200
10	8	0	0	0	0	59.4052	201
10	8	0	0	0	0	62.147	202
10	8	0	0	0	0	65.1465	203
10	9	0	0	0	0	57.3058	204
11	9	0	0	0	0	55.8453	205
11	10	0	0	0	0	58.3766	206
11	10	0	0	0	0	58.4301	207
11	10	0	0	0	0	66.5851	208
11	10	0	0	0	0	59.0945	209
10	10	0	0	0	0	65.0545	210
10	10	0	0	0	0	69.9345	211
11	11	0	0	0	0	67.0242	212
10	11	0	0	0	0	64.3532	213
11	11	0	0	0	0	72.0676	214
11	11	0	0	0	0	67.1532	215
11	11	0	0	0	0	60.5953	216
11	11	0	0	0	0	67.5284	217
11	11	0	0	0	0	69.9437	218
11	10	0	0	0	0	72.1548	219
11	10	0	0	0	0	71.639	220
10	10	0	0	0	0	64.9345	221
10	11	0	0	0	0	68.5979	222
10	11	0	0	0	0	65.66	223
10	11	0	0	0	0	62.9629	224
10	11	0	0	0	0	66.9101	225
10	11	0	0	0	0	57.1232	226
10	11	0	0	0	0	65.9838	227
7	11	0	0	0	0	57.5267	228
7	11	0	0	0	0	65.5588	229
7	11	0	0	0	0	60.2931	230
7	11	0	0	0	0	58.7212	231
7	11	0	0	0	0	60.3759	232
7	11	0	0.5	0	1	64.7065	233
7	11	0	0.5	0	1	58.6258	234
7	11	0	0.5	0	1	64.4987	235
7	11	0	0.5	0	1	57.0743	236
7	11	0	0.5	0	1	62.3962	237
7	11	0	0.5	0	1	44.7037	238
7	11	0	0.5	0	1	62.1138	239
7	11	0	0.5	0	1	59.3055	240
7	11	0	0.5	0	1	55.6711	241
7	11	0	0.5	0	1	58.0829	242
7	11	0	0.5	0	1	50.2018	243
7	11	0	0.5	0	1	61.8902	244
7	11	0	0.5	0	1	59.7699	245
7	11	0	0.5	0	1	59.1746	246
7	11	0	0.5	0	1	58.4153	247
7	11	0	0.5	0	1	56.5779	248
7	10	0	0.5	0	1	52.9838	249
7	12	0	0.5	0	1	58.507	250
8	12	0	0.5	0	1	59.0129	251
8	12	0.5	0.5	1	1	62.2501	252
8	12	0.5	0.5	1	1	69.6431	253
8	12	0.5	0.5	1	1	63.0339	254
8	12	0.5	0.5	1	1	72.0154	255
8	12	0.5	0.5	1	1	66.0133	256
8	12	0.5	0.5	1	1	65.0427	257
8	12	0.5	0.5	1	1	65.3909	258
9	12	0.5	0.5	1	1	57.2556	259
9	12	0.5	0.5	1	1	69.7653	260
8	12	0.5	0.5	1	1	66.3167	261
9	12	0.5	0.5	1	1	63.2006	262
10	12	0.5	0.5	1	1	61.2484	263
10	12	0.5	0.5	1	1	71.7613	264
10	12	0.5	0.5	1	1	66.7929	265
10	12	0.5	0.5	1	1	59.8871	266
10	11	0.5	0.5	1	1	66.0894	267
10	10	0.5	0.5	1	1	61.0088	268
10	10	0.5	0.5	1	1	57.9958	269
10	10	0.5	0.5	1	1	64.4613	270
10	10	0.5	0.5	1	1	59.1121	271
10	10	0.5	0.5	1	1	55.7509	272
10	10	1	0.5	2	1	48.8985	273
9	10	1	0.5	2	1	57.8611	274
9	10	1	0.5	2	1	54.6164	275
9	10	1	0.5	2	1	51.0505	276
10	9	1	0.5	2	1	59.4819	277
10	9	1	0.5	2	1	57.4458	278
10	9	1	0.5	2	1	59.9144	279
10	9	1	0.5	2	1	55.3226	280
11	9	1	0.5	2	1	58.7631	281
11	9	1	0.5	2	1	53.1342	282
11	9	1	0.5	2	1	54.8468	283
11	10	1	0.5	2	1	59.6323	284
11	10	1	0.5	2	1	55.3373	285
11	10	1	0.5	2	1	64.3743	286
11	10	1	0.5	2	1	64.7267	287
11	9	1	0.5	2	1	63.8085	288
11	10	1	0.5	2	1	65.0935	289
11	10	1	0.5	2	1	58.6169	290
11	8	1	0.5	2	1	61.7816	291
11	8	1	0.5	2	1	55.084	292
11	8	1	0.5	2	1	65.4015	293
11	8	0.5	0.5	1	1	59.2353	294
11	8	0.5	0.5	1	1	61.8034	295
11	8	0.5	0.5	1	1	62.3389	296
11	8	0.5	0.5	1	1	61.9507	297
11	8	0.5	0.5	1	1	43.0535	298
11	8	0.5	0.5	1	1	61.8168	299
12	8	0.5	0.5	1	1	56.8705	300
12	9	0.5	0.5	1	1	66.7403	301
12	9	0.5	0.5	1	1	58.5573	302
12	9	0.5	0.5	1	1	65.7276	303
12	9	0.5	0.5	1	1	62.7773	304
12	9	0.5	0.5	1	1	65.2088	305
12	9	0.5	0.5	1	1	52.6323	306
12	8	0.5	0.5	1	1	57.0046	307
12	8	0.5	0.5	1	1	70.2312	308
12	8	0	0.5	0	1	69.6862	309
12	8	0	0	0	0	64.8751	310
12	8	0	0	0	0	57.6483	311
12	8	0	0	0	0	65.8479	312
12	8	0	0	0	0	64.9397	313
12	8	0	0	0	0	64.6761	314
12	8	0	0	0	0	60.7801	315
12	8	0	0	0	0	54.2605	316
13	8	0	0	0	0	59.9842	317
14	8	0	0	0	0	61.644	318
14	8	0	0	0	0	65.387	319
14	7	0	0	0	0	63.9214	320
14	7	0	0	0	0	61.3553	321
14	7	0	0	0	0	55.776	322
14	7	0	0	0	0	67.4145	323
13	7	0	0	0	0	56.5816	324
13	7	0	0	0	0	64.5326	325
13	7	0	0	0	0	63.6946	326
14	7	0	0	0	0	60.3921	327
14	7	0	0	0	0	64.7037	328
14	7	0	0	0	0	67.0019	329
14	6	0	0	0	0	59.774	330
14	7	0	0	0	0	57.7316	331
14	8	0	0	0	0	67.3834	332
14	7	0	0	0	0	53.2743	333
14	8	0	0	0	0	55.2077	334
14	8	0	0	0	0	54.7747	335
12	8	0	0	0	0	49.919	336
11	8	0	0	0	0	51.9643	337
10	8	0	0	0	0	52.7422	338
10	8	0	0	0	0	47.2123	339
10	8	0	0	0	0	56.4745	340
10	8	0	0	0	0	63.5357	341
10	8	0	0	0	0	56.4752	342
10	8	0	0	0	0	59.715	343
10	9	0	0	0	0	64.002	344
10	9	0	0	0	0	56.9069	345
10	9	0	0	0	0	64.5113	346
10	9	0	0	0	0	68.2449	347
10	9	0	0	0	0	59.5171	348
10	10	0	0	0	0	63.0654	349
10	10	0	0	0	0	66.066	350
10	10	0	0	0	0	65.4085	351
9	10	0	0	0	0	52.6427	352
10	10	0	0	0	0	55.5048	353
10	10	0	0	0	0	56.6505	354
10	10	0	0	0	0	67.1233	355
10	10	0	0	0	0	71.3454	356
10	10	0	0	0	0	63.5209	357
10	10	0	0	0	0	66.912	358
10	10	0	0	0	0	63.1294	359
10	11	0	0	0	0	71.8675	360
10	11	0	0	0	0	66.4561	361
10	11	0	0	0	0	59.8323	362
10	11	0	0	0	0	76.4669	363
10	11	0	0	0	0	64.0384	364
10	11	0	0	0	0	64.5085	365
10	11	0	0	0	0	64.5701	366
10	11	0	0	0	0	61.0803	367
10	10	0	0	0	0	60.0962	368
10	10	0	0	0	0	60.0139	369
10	10	0	0	0	0	57.8018	370
10	10	0	0	0	0	64.4294	371
10	10	0	0	0	0	57.0339	372
10	10	0	0	0	0	59.5408	373
10	12	0	0	0	0	64.4811	374
9	12	0	0	0	0	62.954	375
9	12	0	0	0	0	63.7538	376
9	12	0	0	0	0	64.0761	377
9	12	0	0	0	0	61.3477	378
9	12	0	0	0	0	76.0491	379
9	12	0	0	0	0	66.6384	380
9	12	0	0	0	0	73.481	381
9	12	0	0	0	0	75.7143	382
9	12	0	0	0	0	55.6686	383
9	12	0	0	0	0	69.1618	384
10	12	0	0	0	0	75.5557	385
10	12	0	0	0	0	73.1283	386
11	12	0	0	0	0	80.4839	387
11	12	0	0	0	0	78.6941	388
11	12	0	0	0	0	76.9228	389
11	12	0	0	0	0	74.0629	390
11	12	0	0	0	0	79.7226	391
11	12	0	0	0	0	76.888	392
11	14	0	0	0	0	84.2525	393
11	14	0	0	0	0	80.4883	394
11	14	0	0	0	0	81.663	395
11	14	0	0	0	0	81.2841	396
11	14	0	0	0	0	79.2184	397
12	13	0	0	0	0	82.361	398
12	13	0	0	0	0	75.4683	399
12	13	0	0	0	0	84.0542	400
10	13	0	0	0	0	71.5644	401
10	13	0	0	0	0	60.8594	402
10	13	0	0	0	0	73.8755	403
10	13	0	0	0	0	80.3003	404
10	13	0	0	0	0	79.1165	405
10	12	0	0	0	0	70.151	406
10	12	0	0	0	0	73.9062	407
10	13	0	0	0	0	75.5528	408
10	13	0	0	0	0	82.1068	409
10	13	0	0	0	0	77.5352	410
10	13	0	0	0	0	74.6293	411
10	13	0	0	0	0	79.4836	412
10	13	0	0	0	0	86.0782	413
10	13	0	0	0	0	76.0718	414
11	13	0	0	0	0	73.3102	415
11	13	0	0	0	0	82.629	416
11	13	0	0	0	0	74.7884	417
11	14	0	0	0	0	84.7734	418
10	14	0	0	0	0	80.5285	419
10	14	0	0	0	0	81.5777	420
11	14	0	0	0	0	84.0849	421
11	14	0	0	0	0	80.0874	422
11	14	0	0	0	0	79.6827	423
11	14	0	0	0	0	80.5449	424
11	13	0	0	0	0	83.5707	425
11	13	0	0	0	0	80.7869	426
10	13	0	0	0	0	78.9894	427
10	13	0	0	0	0	74.9553	428
10	13	0	0	0	0	78.8803	429
10	13	0	0	0	0	78.7356	430
10	13	0	0	0	0	81.1701	431
10	13	0	0	0	0	77.7843	432
11	13	0	0	0	0	74.6937	433
11	13	0	0	0	0	81.0164	434
11	13	0	0	0	0	76.4727	435
11	13	0	0	0	0	80.5808	436
11	13	0	0	0	0	81.2948	437
10	12	0	0	0	0	70.1382	438
10	12	0	0	0	0	71.084	439
10	12	0	0	0	0	73.0687	440
10	13	0	0	0	0	76.6118	441
10	13	0	0	0	0	72.2053	442
10	12	0	0	0	0	74.5462	443
10	12	0	0	0	0	75.936	444
10	12	0	0	0	0	75.6184	445
10	12	0	0	0	0	72.6812	446
10	12	0	0	0	0	72.7953	447
10	12	0	0	0	0	61.8406	448
10	13	0	0	0	0	58.4727	449
8	13	0	0	0	0	62.4667	450
8	14	0	0	0	0	57.5098	451
8	14	0	0	0	0	62.2617	452
8	14	0	0	0	0	57.2052	453
8	14	0	0	0	0	58.705	454
8	15	0	0	0	0	81.1514	455
8	15	0	0	0	0	74.1848	456
8	15	0	0	0	0	64.2332	457
8	15	0	0	0	0	73.5934	458
8	15	0	0	0	0	66.4033	459
7	15	0	0	0	0	74.2388	460
7	15	0	0	0	0	66.5252	461
9	15	0	0	0	0	64.0567	462
9	15	0	0	0	0	84.6339	463
9	15	0	0	0	0	84.7463	464
9	15	0	0	0	0	74.6686	465
10	15	0	0	0	0	72.6036	466
10	16	0	0	0	0	77.0091	467
10	16	0	0	0	0	74.442	468
9	16	0	0	0	0	70.4989	469
9	15	0	0	0	0	77.1864	470
10	15	0	0	0	0	73.2072	471
11	15	0	0	0	0	75.4324	472
12	15	0	0	0	0	94.0719	473
12	15	0	0	0	0	89.8329	474
12	15	0	0	0	0	84.6576	475
12	14	0	0	0	0	91.5903	476
12	15	0	0	0	0	86.1522	477
12	15	0	0	0	0	89.7165	478
13	16	0	0	0	0	68.5505	479
14	13	0	0	0	0	76.7593	480
14	12	0	0	0	0	84.936	481
14	12	0	0	0	0	75.5938	482
14	12	0	0	0	0	85.4992	483
14	12	0	0	0	0	92.2113	484
14	12	0	0	0	0	89.7181	485
14	12	0	0	0	0	89.8684	486
14	12	0	0	0	0	89.7628	487
14	12	0	0	0	0	88.8819	488
14	12	0	0	0	0	89.8109	489
14	13	0	0	0	0	92.6614	490
14	13	0	0	0	0	71.8285	491
14	13	0	0	0	0	95.7411	492
14	13	0	0	0	0	86.4817	493
14	15	0	0	0	0	88.5822	494
14	15	0	0	0	0	87.6802	495
14	16	0	0	0	0	94.576	496
14	16	0	0	0	0	88.965	497
13	16	0	0	0	0	85.367	498
13	16	0	0	0	0	102.091	499
13	16	0	0	0	0	97.9053	500
13	16	0	0	0	0	90.8659	501
13	16	0	0	0	0	84.2477	502
10	16	0	0	0	0	80.6063	503
10	15	0	0	0	0	88.8119	504
10	15	0	0	0	0	84.662	505
10	15	0	0	0	0	83.6023	506
10	15	0	0	0	0	84.7753	507
10	15	0	0	0	0	85.8623	508
10	15	0	0	0	0	93.8696	509
10	16	0	0	0	0	76.0521	510
10	16	0	0	0	0	74.4142	511
10	16	0	0	0	0	78.351	512
10	16	0	0	0	0	82.2834	513
10	16	0	0	0	0	84.0741	514
10	16	0	0	0	0	92.7599	515
10	16	0	0	0	0	86.9568	516
10	16	0	0	0	0	72.3897	517
10	16	0	0	0	0	93.5125	518
10	16	0	0	0	0	96.8153	519
10	16	0	0	0	0	95.4787	520
10	17	0	0	0	0	78.9772	521
10	17	0	0	0	0	80.1873	522
10	17	0	0	0	0	73.3858	523
10	15	0	0	0	0	77.3771	524
10	15	0	0	0	0	87.0102	525
10	15	0	0	0	0	90.8465	526
10	15	0	0	0	0	86.4183	527
10	15	0	0	0	0	71.8202	528
10	15	0	0	0	0	82.94	529
12	15	0	0	0	0	87.962	530
12	14	0	0	0	0	88.8535	531
12	14	0	0	0	0	84.177	532
12	14	0	0	0	0	93.0952	533
12	14	0	0	0	0	80.5779	534
12	14	0	0	0	0	84.726	535
12	14	0	0	0	0	95.6141	536
13	14	0	0	0	0	84.8564	537
13	14	0	0	0	0	83.0495	538
13	14	0	0	0	0	91.831	539
13	14	0	0	0	0	93.3617	540
13	14	0	0	0	0	86.965	541
13	14	0	0	0	0	86.5616	542
13	13	0	0	0	0	86.818	543
13	13	0	0	0	0	81.4069	544
13	13	0	0	0	0	86.9487	545
13	13	0	0	0	0	91.1535	546
13	13	0	0	0	0	90.6467	547
14	13	0	0	0	0	83.1918	548
14	13	0	0	0	0	87.8671	549
14	13	0	0	0	0	85.3349	550
14	13	0	0	0	0	92.6083	551
14	13	0	0	0	0	95.4748	552
14	13	0	0	0	0	92.0713	553
14	13	0	0	0	0	87.4309	554
14	13	0	0	0	0	86.7018	555
14	11	0	0	0	0	66.6901	556
14	11	0	0	0	0	90.3394	557
14	11	0	0	0	0	90.3787	558
15	11	0	0	0	0	78.678	559
15	11	0	0	0	0	75.4315	560
15	10	0	0	0	0	74.9579	561
16	10	0	0	0	0	83.6769	562
16	11	0	0	0	0	89.4487	563
16	12	0	0	0	0	94.4129	564
16	13	0	0	0	0	95.1675	565
16	13	0	0	0	0	84.8265	566
16	13	0	0	0	0	91.1298	567
16	12	0	0	0	0	90.5428	568
16	12	0	0	0	0	88.5609	569
16	12	0	0	0	0	90.6859	570
14	12	0	0	0	0	88.8392	571
14	12	0	0	0	0	89.8135	572
14	11	0	0	0	0	81.8751	573
13	11	0	0	0	0	83.4025	574
13	11	0	0	0	0	83.21	575
13	11	0	0	0	0	80.015	576
13	11	0	0	0	0	79.5952	577
13	11	0	0	0	0	82.2975	578
13	11	0	0	0	0	82.206	579
13	11	0	0	0	0	86.8931	580
14	11	0	0	0	0	73.1944	581
14	11	0	0	0	0	84.7218	582
15	11	0	0	0	0	70.5668	583
16	11	0	0	0	0	82.5268	584
16	11	0	0	0	0	84.7111	585
16	11	0	0	0	0	96.0449	586
16	11	0	0	0	0	92.6159	587
16	11	0	0	0	0	97.3351	588
16	11	0	0	0	0	100.746	589
16	11	0	0	0	0	91.2219	590
16	11	0	0	0	0	81.0843	591
16	11	0	0	0	0	96.9343	592
16	11	0	0	0	0	98.7998	593
16	11	0	0	0	0	82.0663	594
13	11	0	0	0	0	67.0062	595
13	11	0	0	0	0	87.352	596
13	11	0	0	0	0	84.138	597
13	11	0	0	0	0	81.3224	598
13	10	0	0	0	0	62.6484	599
14	10	0	0	0	0	72.003	600
13	9	0	0	0	0	66.102	601
13	9	0	0	0	0	77.4528	602
13	9	0	0	0	0	76.758	603
13	9	0	0	0	0	71.2309	604
13	8	0	0	0	0	72.1833	605
13	8	0	0	0	0	54.4181	606
14	8	0	0	0	0	73.1346	607
14	8	0	0	0	0	72.8528	608
14	8	0	0	0	0	73.1484	609
14	8	0	0	0	0	71.3404	610
14	8	0	0	0	0	76.7528	611
14	8	0	0	0	0	57.2682	612
14	8	0	0	0	0	67.5636	613
14	8	0	0	0	0	67.5429	614
14	8	0	0	0	0	72.9167	615
14	8	0	0	0	0	67.1985	616
14	7	0	0	0	0	74.7916	617
14	7	0	0	0	0	67.1025	618
14	7	0	0	0	0	68.465	619
14	8	0	0	0	0	73.2848	620
14	7	0	0	0	0	70.7176	621
14	7	0	0	0	0	70.7137	622
14	7	0	0	0	0	58.3803	623
14	7	0	0	0	0	67.0721	624
14	6	0	0	0	0	67.456	625
14	6	0	0	0	0	73.672	626
15	6	0	0	0	0	73.794	627
16	6	0	0	0	0	61.0501	628
15	5	0	0	0	0	62.0679	629
16	5	0	0	0	0	61.5302	630
16	5	0	0	0	0	66.8572	631
17	5	0	0	0	0	72.3396	632
18	5	0	0	0	0	76.3356	633
18	5	0	0	0	0	74.2927	634
18	6	0	0	0	0	78.375	635
18	6	0	0	0	0	89.4952	636
18	6	0	0	0	0	77.6702	637
18	6	0	0	0	0	86.533	638
18	6	0	0	0	0	71.2435	639
18	5	0	0	0	0	78.9301	640
18	5	0	0	0	0	85.9618	641
18	5	0	0	0	0	66.3628	642
18	5	0	0	0	0	69.3525	643
18	5	0	0	0	0	76.7932	644
18	5	0	0	0	0	83.8308	645
19	5	0	0	0	0	85.3304	646
20	5	0	0	0	0	82.9557	647
20	5	0	0	0	0	80.2196	648
20	5	0	0	0	0	93.3916	649
20	5	0	0	0	0	80.1843	650
20	5	0	0	0	0	82.888	651
21	5	0	0	0	0	93.6912	652
22	5	0	0	0	0	87.5123	653
22	5	0	0	0	0	88.1515	654
22	5	0	0	0	0	80.485	655
22	5	0	0	0	0	97.8583	656
22	5	0	0	0	0	94.3963	657
21	5	0	0	0	0	91.7027	658
21	5	0	0	0	0	90.4387	659
21	5	0	0	0	0	87.1152	660
21	5	0	0	0	0	96.3257	661
22	5	0	0	0	0	86.9014	662
22	5	0	0	0	0	90.8825	663
22	5	0	0	0	0	91.1681	664
22	5	0	0	0	0	88.0285	665
22	5	0	0	0	0	91.0814	666
22	5	0	0	0	0	101.386	667
22	5	0	0	0	0	88.2049	668
22	5	0	0	0	0	94.9351	669
21	5	0	0	0	0	90.0005	670
21	5	0	0	0	0	85.6677	671
21	5	0	0	0	0	90.4565	672
21	6	0	0	0	0	81.0299	673
22	8	0	0	0	0	98.1928	674
22	8	0	0	0	0	100.443	675
22	8	0	0	0	0	105.746	676
22	8	0	0	0	0	88.0329	677
21	8	0	0	0	0	85.602	678
21	8	0	0	0	0	91.2132	679
18	8	0	0	0	0	84.4563	680
18	8	0	0	0	0	81.466	681
18	8	0	0	0	0	71.0284	682
18	8	0	0	0	0	81.6388	683
18	8	0	0	0	0	71.2371	684
14	8	0	0	0	0	68.012	685
14	8	0	0	0	0	77.1259	686
13	8	0	0	0	0	71.2558	687
13	8	0	0	0	0	76.6477	688
13	8	0	0	0	0	65.9401	689
13	8	0	0	0	0	73.5399	690
14	8	0	0	0	0	66.6099	691
14	8	0	0	0	0	73.6954	692
14	8	0	0	0	0	64.36	693
14	8	0	0	0	0	70.4966	694
13	8	0	0	0	0	67.9479	695
14	8	0	0	0	0	70.6905	696
14	7	0	0	0	0	72.702	697
14	7	0	0	0	0	62.3478	698
15	7	0	0	0	0	67.8411	699
15	7	0	0	0	0	75.5527	700
15	7	0	0	0	0	73.2571	701
15	7	0	0	0	0	77.7043	702
15	7	0	0	0	0	70.7174	703
15	7	0	0	0	0	72.8788	704
15	7	0	0	0	0	77.7323	705
15	7	0	0	0	0	73.6532	706
15	7	0	0	0	0	61.5624	707
15	7	0	0	0	0	60.0805	708
13	6	0	0	0	0	60.5806	709
13	6	0	0	0	0	61.3064	710
13	7	0	0	0	0	56.9678	711
12	7	0	0	0	0	53.0098	712
13	9	0	0	0	0	64.6675	713
13	8	0	0	0	0	54.2611	714
13	8	0	0	0	0	64.8612	715
14	8	0	0	0	0	63.359	716
14	8	0	0	0	0	63.6439	717
14	8	0	0	0	0	71.3368	718
15	8	0	0	0	0	69.0856	719
15	8	0	0	0	0	64.2875	720
15	8	0	0	0	0	71.4594	721
13	8	0	0	0	0	65.0209	722
13	8	0	0	0	0	65.9679	723
12	8	0	0	0	0	64.1845	724
12	8	0	0	0	0	60.4535	725
12	8	0	0	0	0	63.906	726
12	9	0	0	0	0	65.9867	727
12	9	0	0	0	0	62.0013	728
12	9	0	0	0	0	59.3726	729
12	8	0	0	0	0	62.0001	730
12	8	0	0	0	0	66.3878	731
12	9	0	0	0	0	69.103	732
12	9	0	0	0	0	69.4715	733
12	9	0	0	0	0	63.6584	734
12	9	0	0	0	0	66.5107	735
12	9	0	0	0	0	76.6037	736
12	9	0	0	0	0	73.0143	737
12	9	0	0	0	0	58.8722	738
12	9	0	0	0	0	57.2729	739
12	9	0	0	0	0	62.2532	740
12	9	0	0	0	0	68.6082	741
12	9	0	0	0	0	61.6826	742
12	9	0	0	0	0	61.5216	743
12	9	0	0	0	0	62.2055	744
10	9	0	0	0	0	64.5668	745
10	9	0	0	0	0	67.3348	746
10	9	0	0	0	0	53.4716	747
10	10	0	0	0	0	66.5337	748
10	12	0	0	0	0	60.7163	749
10	12	0	0	0	0	67.1664	750
10	12	0	0	0	0	55.9515	751
10	12	0	0	0	0	59.3536	752
10	12	0	0	0	0	55.5215	753
10	13	0	0	0	0	63.0159	754
10	13	0	0	0	0	63.6747	755
9	13	0	0	0	0	58.2832	756
9	13	0	0	0	0	56.2148	757
8	13	0	0	0	0	57.2822	758
8	13	0	0	0	0	56.8548	759
9	12	0	0	0	0	66.1777	760
10	12	0	0	0	0	68.7699	761
9	12	0	0	0	0	75.309	762
9	12	0	0	0	0	71.0956	763
9	12	0	0	0	0	69.4283	764
10	12	0	0	0	0	68.5829	765
11	12	0	0	0	0	62.1249	766
12	12	0	0	0	0	79.9288	767
12	12	0	0	0	0	73.2715	768
12	11	0	0	0	0	79.1107	769
12	11	0	0	0	0	76.838	770
12	11	0	0	0	0	67.9982	771
12	12	0	0	0	0	62.1581	772
13	12	0	0	0	0	83.9736	773
13	12	0	0	0	0	81.3484	774
13	12	0	0	0	0	87.6522	775
14	12	0	0	0	0	80.3661	776
14	12	0	0	0	0	85.2011	777
14	12	0	0	0	0	78.5268	778
14	12	0	0	0	0	73.7309	779
14	12	0	0	0	0	85.2752	780
14	12	0	0	0	0	75.1056	781
14	11	0	0	0	0	88.2322	782
14	11	0	0	0	0	76.9614	783
14	11	0	0	0	0	79.8035	784
14	11	0	0	0	0	80.5044	785
13	11	0	0	0	0	81.6532	786
13	11	0	0	0	0	81.0595	787
13	11	0	0	0	0	76.5198	788
13	11	0	0	0	0	75.334	789
13	11	0	0	0	0	87.4408	790
13	11	0	0	0	0	75.6621	791
13	11	0	0	0	0	82.3669	792
13	11	0	0	0	0	82.3056	793
13	11	0	0	0	0	71.0925	794
13	11	0	0	0	0	84.4786	795
13	11	0	0	0	0	79.4852	796
13	11	0	0	0	0	79.3895	797
13	11	0	0	0	0	79.6804	798
13	11	0	0	0	0	79.1699	799
13	11	0	0	0	0	80.0367	800
13	12	0	0	0	0	73.7615	801
11	12	0	0	0	0	73.0046	802
11	12	0	0	0	0	61.2788	803
11	12	0	0	0	0	74.2173	804
11	12	0	0	0	0	74.3005	805
11	12	0	0	0	0	72.2049	806
11	12	0	0	0	0	78.3733	807
11	12	0	0	0	0	71.4094	808
11	12	0	0	0	0	71.2648	809
11	14	0	0	0	0	74.2653	810
11	14	0.5	0	1	0	83.6093	811
11	14	0.5	0	1	0	73.1758	812
11	15	0.5	0	1	0	63.9429	813
11	14	0.5	0	1	0	69.4261	814
11	14	0.5	0	1	0	71.2621	815
11	14	0.5	0	1	0	65.4224	816
11	13	0.5	0	1	0	66.2203	817
11	13	0.5	0	1	0	66.301	818
9	13	0.5	0	1	0	63.4876	819
9	13	0.5	0	1	0	58.5726	820
10	14	0.5	0	1	0	70.4922	821
10	14	0.5	0	1	0	83.5007	822
10	14	0.5	0	1	0	73.8206	823
10	13	0.5	0	1	0	67.599	824
10	13	0.5	0	1	0	75.7866	825
10	13	0.5	0	1	0	83.4432	826
10	13	0.5	0	1	0	81.334	827
10	13	0.5	0	1	0	72.1443	828
10	13	0.5	0	1	0	69.96	829
10	13	0.5	0	1	0	73.1179	830
10	13	0.5	0	1	0	74.5927	831
10	14	0.5	0	1	0	61.0983	832
10	14	0.5	0	1	0	63.2496	833
10	13	0.5	0	1	0	63.9815	834
9	15	0.5	0	1	0	61.1987	835
9	15	0.5	0	1	0	69.896	836
9	15	0.5	0	1	0	78.549	837
9	15	0.5	0	1	0	83.1612	838
9	15	0.5	0	1	0	68.7061	839
9	15	0.5	0	1	0	59.2043	840
6	15	0.5	0	1	0	66.3817	841
6	15	0.5	0	1	0	65.7388	842
6	15	0.5	0	1	0	71.6552	843
6	15	0.5	0	1	0	61.3131	844
6	14	0.5	0	1	0	64.4915	845
7	14	0.5	0	1	0	66.2812	846
7	14	0	0	0	0	75.3041	847
7	14	0	0	0	0	70.2922	848
7	14	0	0	0	0	66.0702	849
6	13	0	0	0	0	52.7045	850
7	13	0	0	0	0	61.0589	851
6	13	0	0	0	0	63.866	852
6	13	0	0	0	0	59.5242	853
6	13	0	0	0	0	61.7416	854
6	13	0	0	0	0	65.2801	855
6	13	0	0	0	0	62.5375	856
6	13	0	0	0	0	64.9856	857
6	13	0	0	0	0	61.9456	858
6	13	0	0	0	0	64.3607	859
6	14	0	0	0	0	56.9276	860
6	14	0	0	0	0	54.5413	861
6	14	0	0	0	0	64.4737	862
6	13	0	0	0	0	66.5751	863
6	13	0	0	0	0	61.5812	864
6	13	0	0	0	0	62.991	865
6	13	0	0	0	0	60.22	866
5	13	0	0	0	0	58.283	867
5	13	0	0	0	0	52.5419	868
5	13	0	0	0	0	57.333	869
6	13	0	0	0	0	62.8541	870
6	13	0	0	0	0	57.8907	871
6	13	0	0	0	0	61.0745	872
6	13	0	0	0	0	61.957	873
6	12	0	0	0	0	52.6311	874
5	12	0	0	0	0	55.1815	875
5	12	0	0	0	0	53.1599	876
5	12	0	0	0	0	50.659	877
5	12	0	0	0	0	54.7682	878
5	12	0	0	0	0	45.5437	879
6	12	0	0	0	0	56.0929	880
6	12	0	0	0	0	51.53	881
6	13	0	0	0	0	51.8371	882
6	11	0	0	0	0	49.165	883
7	11	0	0	0	0	57.0317	884
7	11	0	0	0	0	61.8551	885
7	11	0	0	0	0	55.4463	886
7	11	0	0	0	0	53.9596	887
7	11	0	0	0	0	56.966	888
7	11	0	0	0	0	45.9721	889
7	11	0	0	0	0	60.9998	890
7	12	0	0	0	0	62.8408	891
7	12	0	0	0	0	55.1671	892
7	12	0	0	0	0	59.3677	893
7	12	0	0	0	0	66.3788	894
7	12	0	0	0	0	57.4896	895
7	12	0	0	0	0	62.6631	896
7	12	0	0	0	0	65.0807	897
7	12	0	0	0	0	60.2908	898
7	11	0	0	0	0	53.9317	899
7	11	0	0	0	0	56.2333	900
7	11	0	0	0	0	64.3549	901
7	11	0	0	0	0	56.2349	902
7	12	0	0	0	0	59.8019	903
7	12	0	0	0	0	53.8926	904
7	12	0	0	0	0	57.7518	905
7	12	0	0	0	0	63.1439	906
7	12	0	0	0	0	60.3384	907
7	13	0	0	0	0	65.1574	908
7	13	0	0	0	0	52.2619	909
7	12	0	0	0	0	52.5847	910
5	12	0	0	0	0	52.3427	911
5	12	0	0	0	0	48.9131	912
5	11	0	0	0	0	50.2621	913
5	12	0	0	0	0	53.3532	914
5	12	0	0	0	0	50.3316	915
5	12	0	0	0	0	53.7998	916
5	12	0	0	0	0	56.4352	917
5	12	0	0	0	0	52.1052	918
5	12	0	0	0	0	47.0611	919
5	12	0	0	0	0	54.2256	920
5	13	0	0	0	0	55.7318	921
5	13	0	0	0	0	57.6099	922
5	13	0	0	0	0	58.6838	923
5	13	0	0	0	0	57.4863	924
5	13	0	0	0	0	57.534	925
5	13	0	0	0	0	53.8516	926
5	13	0	0	0	0	63.7271	927
5	15	0	0	0	0	53.3012	928
5	15	0	0	0	0	61.2534	929
5	18	0	0	0	0	53.395	930
5	18	0	0	0	0	77.8468	931
5	18	0	0	0	0	72.3815	932
5	18	0	0	0	0	79.6956	933
5	18	0	0	0	0	74.5858	934
5	18	0	0	0	0	67.5658	935
5	19	0	0	0	0	76.3549	936
5	19	0	0	0	0	71.9638	937
5	19	0	0	0	0	75.8771	938
3	19	0	0	0	0	73.412	939
3	19	0	0	0	0	67.4588	940
3	19	0	0	0	0	74.182	941
3	19	0	0	0	0	80.41	942
3	19	0	0	0	0	73.5717	943
3	19	0	0	0	0	74.5853	944
3	18	0	0	0	0	67.8673	945
3	18	0	0	0	0	72.7437	946
3	18	0	0	0	0	72.8692	947
3	18	0	0	0	0	71.2586	948
3	18	0	0	0	0	68.2524	949
3	18	0	0	0	0	70.9698	950
3	18	0	0	0	0	69.9033	951
3	18	0	0	0	0	74.0205	952
3	18	0	0	0	0	68.9664	953
3	18	0	0	0	0	73.9825	954
3	18	0	0	0	0	69.1583	955
3	18	0	0	0	0	70.9224	956
3	18	0	0	0	0	65.1367	957
3	18	0	0	0	0	70.6271	958
3	18	0	0	0	0	60.1623	959
3	17	0	0	0	0	59.6611	960
3	16	0	0	0	0	63.2288	961
3	16	0	0	0	0	65.3085	962
3	15	0	0	0	0	60.2977	963
3	15	0	0	0	0	59.1127	964
3	15	0	0	0	0	59.1258	965
3	16	0	0	0	0	60.8854	966
3	18	0	0	0	0	58.7893	967
3	18	0	0	0	0	56.0695	968
3	18	0	0	0	0	56.9646	969
3	18	0	0	0	0	60.7725	970
2	18	0	0	0	0	64.4608	971
2	18	0	0	0	0	72.7729	972
2	18	0	0	0	0	65.0277	973
2	18	0	0	0	0	72.4242	974
2	18	0	0	0	0	70.0948	975
2	18	0	0	0	0	66.7445	976
2	18	0	0	0	0	69.712	977
2	17	0	0	0	0	65.8981	978
2	17	0	0	0	0	63.6217	979
2	17	0	0	0	0	56.9633	980
2	17	0	0	0	0	58.1287	981
2	16	0	0	0	0	50.6841	982
1	16	0	0	0	0	47.3065	983
1	16	0	0	0	0	49.4547	984
1	15	0	0	0	0	50.523	985
0	15	0	0	0	0	53.7451	986
0	15	0	0	0	0	53.8668	987
0	15	0	0	0	0	51.4182	988
0	15	0	0	0	0	51.1441	989
0	15	0	0	0	0	50.6779	990
0	15	0	0	0	0	53.8668	991
0	15	0	0	0	0	47.8082	992
0	15	0	0	0	0	48.8042	993
0	15	0	0	0	0	46.5943	994
0	15	0	0	0	0	47.5267	995
0	15	0	0	0	0	48.3083	996
0	15	0	0	0	0	51.4182	997
0	15	0	0	0	0	47.6155	998
0	15	0	0	0	0	44.8509	999
0	14	0	0	0	0	44.9105	1000
0	14	0	0	0	0	47.2733	1001
0	14	0	0	0	0	49.7531	1002
0	14	0	0	0	0	41.7659	1003
0	16	0	0	0	0	45.3516	1004
0	16	0	0	0	0	41.7659	1005
0	16	0	0	0	0	53.1236	1006
0	16	0	0	0	0	51.3447	1007
0	16	0	0	0	0	54.3293	1008
0	16	0	0	0	0	51.9941	1009
0	16	0	0	0	0	53.2332	1010
0	16	0	0	0	0	47.4375	1011
0	17	0	0	0	0	56.379	1012
0	17	0	0	0	0	54.2786	1013
0	17	0	0	0	0	59.9538	1014
0	17	0	0	0	0	53.8946	1015
1	17	0	0	0	0	54.386	1016
1	17	0	0	0	0	55.3882	1017
1	17	0	0	0	0	65.3113	1018
1	17	0	0	0	0	51.7766	1019
1	17	0	0	0	0	57.1282	1020
2	17	0	0	0	0	51.5864	1021
3	17	0	0	0	0	59.7012	1022
3	17	0	0	0	0	68.4628	1023
3	16	0	0	0	0	67.9901	1024
3	16	0	0	0	0	63.0992	1025
3	16	0	0	0	0	61.0694	1026
3	16	0	0	0	0	57.6916	1027
3	17	0	0	0	0	58.1125	1028
3	16	0	0	0	0	60.2803	1029
4	16	0	0	0	0	67.7621	1030
4	16	0	0	0	0	66.3613	1031
4	16	0	0	0	0	60.3188	1032
5	16	0	0	0	0	68.2396	1033
5	15	0	0	0	0	58.9464	1034
5	15	0	0	0	0	64.2612	1035
5	15	0	0	0	0	54.9902	1036
5	15	0	0	0	0	50.9817	1037
5	15	0	0	0	0	66.1057	1038
6	14	0	0	0	0	48.7166	1039
7	14	0	0	0	0	68.1289	1040
8	14	0	0	0	0	63.9316	1041
8	14	0	0	0	0	69.224	1042
8	14	0	0	0	0	67.1346	1043
8	14	0	0	0	0	64.1474	1044
9	13	0	0	0	0	69.0622	1045
9	13	0	0	0	0	69.0185	1046
9	13	0	0	0	0	55.0055	1047
10	13	0	0	0	0	80.1887	1048
10	13	0	0	0	0	76.6489	1049
10	13	0	0	0	0	67.4786	1050
10	13	0	0	0	0	78.439	1051
10	13	0	0	0	0	70.9288	1052
10	13	0	0	0	0	73.9847	1053
10	13	0	0	0	0	70.6769	1054
11	13	0	0	0	0	80.7779	1055
11	14	0	0	0	0	78.6236	1056
11	14	0	0	0	0	66.9586	1057
11	14	0	0	0	0	83.1942	1058
10	14	0	0	0	0	80.6458	1059
10	14	0	0	0	0	78.3498	1060
10	14	0	0	0	0	83.0372	1061
10	15	0	0	0	0	79.5328	1062
10	15	0	0	0	0	79.6693	1063
10	14	0	0	0	0	77.883	1064
10	14	0	0	0	0	80.9809	1065
10	14	0	0	0	0	74.4928	1066
10	14	0	0	0	0	85.8854	1067
10	14	0	0	0	0	85.9407	1068
11	14	0	0	0	0	76.4721	1069
11	14	0	0	0	0	75.8536	1070
11	14	0	0	0	0	76.9592	1071
11	13	0	0	0	0	70.8791	1072
11	13	0	0	0	0	82.4828	1073
11	13	0	0	0	0	84.0452	1074
11	13	0	0	0	0	80.4934	1075
11	15	0	0	0	0	82.8579	1076
11	15	0	0	0	0	89.7519	1077
11	14	0	0	0	0	72.559	1078
11	14	0	0	0	0	73.0165	1079
11	11	0	0	0	0	68.1465	1080
11	11	0	0	0	0	78.3144	1081
11	11	0	0	0	0	79.6966	1082
12	11	0	0	0	0	62.3786	1083
12	11	0	0	0	0	67.6341	1084
11	11	0	0	0	0	65.7123	1085
11	10	0	0	0	0	77.0694	1086
11	10	0	0	0	0	77.1064	1087
11	10	0	0	0	0	67.3108	1088
11	10	0	0	0	0	73.4488	1089
11	10	0	0	0	0	71.1271	1090
11	10	0	0	0	0	78.0856	1091
11	10	0	0	0	0	72.5391	1092
11	11	0	0	0	0	77.3392	1093
11	11	0	0	0	0	73.0603	1094
11	11	0	0	0	0	70.5383	1095
11	11	0	0	0	0	76.2304	1096
12	11	0	0	0	0	78.8964	1097
12	11	0	0	0	0	81.2198	1098
12	11	0	0	0	0	71.992	1099
12	11	0	0	0	0	78.2889	1100
12	11	0	0	0	0	77.4497	1101
11	11	0	0	0	0	75.1784	1102
11	11	0	0	0	0	75.2179	1103
10	11	0	0	0	0	64.387	1104
10	11	0	0	0	0	78.021	1105
10	11	0	0	0	0	70.5126	1106
10	11	0	0	0	0	76.5623	1107
10	11	0	0	0	0	71.1039	1108
10	12	0	0	0	0	73.2287	1109
10	12	0	0	0	0	66.3083	1110
10	12	0	0	0	0	73.5458	1111
10	12	0	0	0	0	73.5105	1112
10	12	0	0	0	0	76.6403	1113
10	12	0	0	0	0	80.8998	1114
10	12	0	0	0	0	73.9076	1115
10	12	0	0	0	0	70.173	1116
10	11	0	0	0	0	78.0856	1117
11	11	0	0	0	0	69.8017	1118
11	11	0	0	0	0	69.3399	1119
10	11	0	0	0	0	68.0138	1120
10	11	0	0	0	0	76.0045	1121
10	12	0	0	0	0	65.9036	1122
10	12	0	0	0	0	81.7611	1123
10	12	0	0	0	0	75.936	1124
10	12	0	0	0	0	71.5069	1125
11	12	0	0	0	0	70.9448	1126
11	12	0	0	0	0	85.8581	1127
11	12	0	0	0	0	64.6042	1128
11	12	0	0	0	0	71.7329	1129
11	11	0	0	0	0	81.3828	1130
11	11	0	0	0	0	71.7019	1131
11	11	0	0	0	0	75.4052	1132
11	11	0	0	0	0	72.0567	1133
11	11	0	0	0	0	77.1066	1134
11	11	0	0	0	0	78.2802	1135
11	11	0	0	0	0	74.6453	1136
11	11	0	0	0	0	78.0192	1137
11	11	0	0	0	0	69.1755	1138
10	11	0	0	0	0	63.9413	1139
10	11	0	0	0	0	75.133	1140
10	12	0	0	0	0	70.1033	1141
10	12	0	0	0	0	71.0042	1142
10	12	0	0	0	0	72.5655	1143
10	12	0	0	0	0	73.9629	1144
10	12	0	0	0	0	67.9601	1145
10	12	0	0	0	0	72.5995	1146
10	12	0	0	0	0	64.9901	1147
10	12	0	0	0	0	62.7036	1148
8	13	0	0	0	0	68.5004	1149
7	13	0	0	0	0	61.2689	1150
7	13	0	0	0	0	66.9143	1151
7	13	0	0	0	0	58.8172	1152
7	13	0	0	0	0	63.9263	1153
7	12	0	0	0	0	69.0395	1154
7	12	0	0	0	0	61.7868	1155
7	12	0	0	0	0	57.7122	1156
7	12	0	0	0	0	54.5783	1157
5	12	0	0	0	0	50.7763	1158
5	12	0	0	0	0	61.7375	1159
5	12	0	0	0	0	56.1297	1160
5	12	0	0	0	0	44.3279	1161
5	12	0	0	0	0	53.1302	1162
5	11	0	0	0	0	52.4917	1163
5	11	0	0	0	0	54.1706	1164
5	11	0	0	0	0	51.3937	1165
6	11	0	0	0	0	48.7445	1166
6	11	0	0	0	0	47.3307	1167
5	11	0	0	0	0	51.7274	1168
5	10	0	0	0	0	50.6394	1169
5	10	0	0	0	0	47.998	1170
5	10	0	0	0	0	41.5916	1171
5	10	0	0	0	0	46.7131	1172
5	9	0	0	0	0	43.8969	1173
5	9	0	0	0	0	48.9414	1174
5	9	0	0	0	0	38.0985	1175
5	9	0	0	0	0	46.4227	1176
5	9	0	0	0	0	48.9589	1177
5	9	0	0	0	0	41.7957	1178
5	10	0	0	0	0	46.9599	1179
5	10	0	0	0	0	47.0953	1180
5	10	0	0	0	0	48.3238	1181
5	10	0	0	0	0	44.0888	1182
5	10	0	0	0	0	49.2883	1183
5	10	0	0	0	0	53.4447	1184
5	10	0	0	0	0	51.6516	1185
5	10	0	0	0	0	40.3324	1186
6	10	0	0	0	0	42.4122	1187
5	10	0	0	0	0	46.9506	1188
5	11	0	0	0	0	45.896	1189
5	11	0	0	0	0	46.4782	1190
5	11	0	0	0	0	40.1149	1191
5	11	0	0	0	0	44.3472	1192
5	10	0	0	0	0	41.0558	1193
5	8	0	0	0	0	38.7778	1194
5	8	0	0	0	0	39.6152	1195
5	8	0	0	0	0	36.5446	1196
5	8	0	0	0	0	41.9361	1197
4	8	0	0	0	0	37.502	1198
4	8	0	0	0	0	35.7075	1199
4	8	0	0	0	0	41.2892	1200
4	8	0	0	0	0	38.7739	1201
4	8	0	0	0	0	36.2569	1202
4	8	0	0	0	0	37.8059	1203
4	8	0	0	0	0	38.4586	1204
4	8	0	0	0	0	35.8208	1205
4	8	0	0	0	0	34.2217	1206
4	8	0	0	0	0	37.4965	1207
3	8	0	0	0	0	34.4458	1208
3	8	0	0	0	0	34.1125	1209
3	8	0	0	0	0	35.1176	1210
3	8	0	0	0	0	29.216	1211
4	8	0	0	0	0	34.2877	1212
4	8	0	0	0	0	37.9881	1213
4	8	0	0	0	0	31.9305	1214
4	7	0	0	0	0	35.6606	1215
4	7	0	0	0	0	34.7551	1216
4	7	0	0	0	0	29.6217	1217
4	7	0	0	0	0	27.6385	1218
4	7	0	0	0	0	34.4093	1219
5	7	0	0	0	0	33.8208	1220
5	7	0	0	0	0	35.9334	1221
5	7	0	0	0	0	35.2432	1222
5	7	0	0	0	0	33.5331	1223
5	6	0	0	0	0	34.136	1224
5	6	0	0	0	0	27.8189	1225
5	7	0	0	0	0	33.0658	1226
5	7	0	0	0	0	38.7655	1227
5	7	0	0	0	0	38.3026	1228
5	7	0	0	0	0	34.8835	1229
5	7	0	0	0	0	32.783	1230
5	7	0	0	0	0	38.8935	1231
5	7	0	0	0	0	41.292	1232
5	7	0	0	0	0	32.8723	1233
5	6	0	0	0	0	34.2339	1234
5	6	0	0	0	0	33.3732	1235
5	6	0	0	0	0	37.468	1236
5	6	0	0	0	0	30.275	1237
5	6	0	0	0	0	32.9208	1238
5	6	0	0	0	0	35.5702	1239
5	6	0	0	0	0	31.4903	1240
5	6	0	0	0	0	31.2619	1241
5	6	0	0	0	0	32.9945	1242
5	5	0	0	0	0	33.6418	1243
5	5	0	0	0	0	30.0129	1244
5	5	0	0	0	0	30.4802	1245
5	5	0	0	0	0	32.2031	1246
5	5	0	0	0	0	29.0266	1247
5	5	0	0	0	0	30.4802	1248
5	5	0	0	0	0	26.3806	1249
5	5	0	0	0	0	31.5341	1250
5	6	0	0	0	0	32.3003	1251
5	6	0	0	0	0	30.3061	1252
5	6	0	0	0	0	32.4225	1253
7	6	0	0	0	0	33.6546	1254
7	6	0	0	0	0	32.8686	1255
7	7	0	0	0	0	39.0625	1256
7	7	0	0	0	0	38.1082	1257
7	6	0	0	0	0	42.5283	1258
7	6	0	0	0	0	39.6107	1259
7	6	0	0	0	0	42.5665	1260
7	6	0	0	0	0	38.056	1261
7	6	0	0	0	0	43.2163	1262
7	6	0	0	0	0	39.6321	1263
7	6	0	0	0	0	41.0495	1264
8	6	0	0	0	0	33.9246	1265
8	6	0	0	0	0	41.5855	1266
8	6	0	0	0	0	39.7745	1267
7	6	0	0	0	0	37.973	1268
7	6	0	0	0	0	37.7625	1269
7	6	0	0	0	0	38.7655	1270
7	6	0	0	0	0	37.1677	1271
7	5	0	0	0	0	35.713	1272
7	5	0	0	0	0	41.2645	1273
7	5	0	0	0	0	34.8279	1274
7	6	0	0	0	0	39.0968	1275
7	6	0	0	0	0	43.6957	1276
7	6	0	0	0	0	40.704	1277
7	6	0	0	0	0	40.6566	1278
7	6	0	0	0	0	40.704	1279
8	6	0	0	0	0	42.3411	1280
8	6	0	0	0	0	48.8583	1281
8	6	0	0	0	0	47.7116	1282
8	6	0	0	0	0	38.3983	1283
9	6	0	0	0	0	44.7619	1284
9	6	0	0	0	0	46.2622	1285
9	6	0	0	0	0	44.0501	1286
9	6	0	0	0	0	41.0982	1287
9	6	0	0	0	0	42.7764	1288
9	6	0	0	0	0	42.8294	1289
8	6	0	0	0	0	43.8494	1290
8	6	0	0	0	0	44.3977	1291
8	6	0	0	0	0	43.4129	1292
7	6	0	0	0	0	34.9138	1293
7	6	0	0	0	0	45.6054	1294
7	6	0	0	0	0	39.4447	1295
7	6	0	0	0	0	38.1766	1296
7	6	0	0	0	0	38.3957	1297
6	6	0	0	0	0	34.2269	1298
6	6	0	0	0	0	38.6625	1299
6	6	0	0	0	0	37.7491	1300
6	6	0	0	0	0	38.8167	1301
6	6	0	0	0	0	32.5502	1302
6	6	0	0	0	0	37.4322	1303
6	6	0	0	0	0	22.9921	1304
5	6	0	0	0	0	24.5394	1305
5	5	0	0	0	0	30.1955	1306
5	5	0	0	0	0	28.3317	1307
5	5	0	0	0	0	30.5226	1308
5	5	0	0	0	0	24.5861	1309
5	5	0	0	0	0	27.1977	1310
5	4	0	0	0	0	26.8203	1311
5	4	0	0	0	0	26.8378	1312
5	4	0	0	0	0	20.1693	1313
5	4	0	0	0	0	29.5614	1314
5	4	0	0	0	0	29.3903	1315
5	4	0	0	0	0	24.5861	1316
5	4	0	0	0	0	27.9983	1317
5	4	0	0	0	0	26.1104	1318
5	4	0	0	0	0	25.6405	1319
5	4	0	0	0	0	22.596	1320
5	4	0	0	0	0	27.2424	1321
5	4	0	0	0	0	27.6549	1322
5	4	0	0	0	0	27.6549	1323
5	4	0	0	0	0	24.4115	1324
5	3	0	0	0	0	14.794	1325
5	3	0	0	0	0	21.6403	1326
5	3	0	0	0	0	20.0759	1327
5	3	0	0	0	0	20.9298	1328
5	2	0	0	0	0	19.0972	1329
5	2	0	0	0	0	21.6403	1330
5	2	0	0	0	0	16.2924	1331
5	2	0	0	0	0	14.9384	1332
5	2	0	0	0	0	18.8917	1333
5	2	0	0	0	0	14.353	1334
5	2	0	0	0	0	19.8534	1335
5	2	0	0	0	0	19.9379	1336
5	2	0	0	0	0	11.2907	1337
5	2	0	0	0	0	12.323	1338
4	1	0	0	0	0	12.323	1339
4	1	0	0	0	0	10.2985	1340
4	1	0	0	0	0	12.323	1341
4	1	0	0	0	0	10.2414	1342
4	1	0	0	0	0	12.5129	1343
4	1	0	0	0	0	13.4207	1344
4	1	0	0	0	0	12.1296	1345
4	1	0	0	0	0	12.323	1346
4	1	0	0	0	0	12.1296	1347
4	1	0	0	0	0	12.1296	1348
4	1	0	0	0	0	11.8184	1349
4	1	0	0	0	0	12.5254	1350
4	1	0	0	0	0	12.3762	1351
4	1	0	0	0	0	12.1296	1352
4	1	0	0	0	0	13.5046	1353
4	1	0	0	0	0	11.6805	1354
4	1	0	0	0	0	12.5254	1355
4	1	0	0	0	0	13.6834	1356
4	1	0	0	0	0	13.4685	1357
4	1	0	0	0	0	10.4926	1358
5	1	0	0	0	0	13.6783	1359
5	1	0	0	0	0	12.3762	1360
5	1	0	0	0	0	13.6783	1361
5	1	0	0	0	0	12.1296	1362
5	1	0	0	0	0	16.2038	1363
5	1	0	0	0	0	14.0849	1364
6	1	0	0	0	0	15.1563	1365
6	1	0	0	0	0	16.2038	1366
6	1	0	0	0	0	13.5462	1367
6	1	0	0	0	0	14.0849	1368
6	1	0	0	0	0	21.7569	1369
6	1	0	0	0	0	17.006	1370
6	1	0	0	0	0	19.4655	1371
6	1	0	0	0	0	18.0413	1372
6	1	0	0	0	0	19.4077	1373
6	1	0	0	0	0	19.4511	1374
6	1	0	0	0	0	21.6481	1375
6	1	0	0	0	0	16.5533	1376
6	1	0	0	0	0	17.5527	1377
6	1	0	0	0	0	19.7114	1378
7	1	0	0	0	0	20.0282	1379
7	1	0	0	0	0	19.3627	1380
7	1	0	0	0	0	17.9278	1381
7	2	0	0	0	0	19.8027	1382
7	2	0	0	0	0	20.0282	1383
7	2	0	0	0	0	24.7905	1384
7	2	0	0	0	0	22.0941	1385
7	2	0	0	0	0	27.3966	1386
7	2	0	0	0	0	21.6406	1387
7	2	0	0	0	0	27.5196	1388
7	2	0	0	0	0	25.5636	1389
7	2	0	0	0	0	25.0975	1390
7	2	0	0	0	0	27.7164	1391
8	2	0	0	0	0	29.4267	1392
8	2	0	0	0	0	27.7164	1393
8	3	0	0	0	0	31.75	1394
8	3	0	0	0	0	31.75	1395
8	3	0	0	0	0	32.2658	1396
8	3	0	0	0	0	34.1247	1397
8	3	0	0	0	0	31.0228	1398
8	3	0	0	0	0	27.8721	1399
8	4	0	0	0	0	30.038	1400
8	3	0	0	0	0	32.4622	1401
8	3	0	0	0	0	32.3362	1402
8	4	0	0	0	0	26.4547	1403
6	4	0	0	0	0	26.7264	1404
6	4	0	0	0	0	29.4383	1405
6	4	0	0	0	0	22.5662	1406
5	4	0	0	0	0	26.9503	1407
5	4	0	0	0	0	26.3035	1408
5	4	0	0	0	0	22.3608	1409
5	4	0	0	0	0	26.7407	1410
5	5	0	0	0	0	29.4383	1411
5	5	0	0	0	0	31.1768	1412
5	5	0	0	0	0	27.9798	1413
5	5	0	0	0	0	31.4985	1414
5	5	0	0	0	0	28.1242	1415
5	5	0	0	0	0	31.0883	1416
5	5	0	0	0	0	26.5739	1417
6	5	0	0	0	0	31.6706	1418
6	5	0	0	0	0	37.1798	1419
6	5	0	0	0	0	30.2705	1420
6	5	0	0	0	0	35.9069	1421
6	5	0	0	0	0	33.7878	1422
6	5	0	0	0	0	34.0364	1423
6	5	0	0	0	0	35.4117	1424
6	5	0	0	0	0	35.544	1425
6	5	0	0	0	0	28.7694	1426
7	4	0	0	0	0	31.184	1427
7	4	0	0	0	0	31.0813	1428
7	4	0	0	0	0	28.0447	1429
6	4	0	0	0	0	31.4495	1430
6	4	0	0	0	0	32.4214	1431
6	4	0	0	0	0	29.5867	1432
6	4	0	0	0	0	25.3659	1433
6	4	0	0	0	0	30.7658	1434
6	4	0	0	0	0	27.6186	1435
6	4	0	0	0	0	20.6757	1436
5	4	0	0	0	0	24.1877	1437
5	4	0	0	0	0	28.5859	1438
5	4	0	0	0	0	28.2027	1439
5	4	0	0	0	0	27.8537	1440
5	4	0	0	0	0	27.6186	1441
5	4	0	0	0	0	23.1316	1442
5	4	0	0	0	0	23.0347	1443
5	4	0	0	0	0	29.5614	1444
5	4	0	0	0	0	27.9983	1445
5	4	0	0	0	0	27.6186	1446
5	4	0	0	0	0	23.6983	1447
5	4	0	0	0	0	25.6683	1448
5	4	0	0	0	0	27.7041	1449
5	4	0	0	0	0	27.3328	1450
5	4	0	0	0	0	25.1324	1451
5	4	0	0	0	0	27.6186	1452
5	4	0	0	0	0	22.6828	1453
5	4	0	0	0	0	27.8537	1454
5	4	0	0	0	0	27.7041	1455
5	4	0	0	0	0	27.8081	1456
5	4	0	0	0	0	27.4941	1457
5	4	0	0	0	0	27.3573	1458
5	4	0	0	0	0	29.1302	1459
6	4	0	0	0	0	27.4775	1460
6	4	0	0	0	0	27.1977	1461
6	4	0	0	0	0	33.1573	1462
6	4	0	0	0	0	30.4082	1463
6	4	0	0	0	0	31.5474	1464
6	4	0	0	0	0	30.9443	1465
6	4	0	0	0	0	28.6558	1466
6	4	0	0	0	0	30.4552	1467
6	4	0	0	0	0	26.9738	1468
6	4	0	0	0	0	31.6254	1469
6	5	0	0	0	0	30.9845	1470
6	5	0	0	0	0	32.6741	1471
6	5	0	0	0	0	34.0631	1472
6	5	0	0	0	0	35.3632	1473
6	5	0	0	0	0	35.5315	1474
6	5	0	0	0	0	35.3769	1475
6	5	0	0	0	0	37.6673	1476
6	5	0	0	0	0	34.9712	1477
6	6	0	0	0	0	33.3815	1478
6	6	0	0	0	0	33.0542	1479
6	6	0	0	0	0	38.904	1480
6	6	0	0	0	0	37.2956	1481
6	6	0	0	0	0	37.4119	1482
6	6	0	0	0	0	34.2615	1483
6	6	0	0	0	0	31.0118	1484
6	6	0	0	0	0	39.9774	1485
6	6	0	0	0	0	38.5105	1486
6	6	0	0	0	0	34.3442	1487
6	6	0	0	0	0	37.4322	1488
6	6	0	0	0	0	39.9006	1489
6	6	0	0	0	0	40.8307	1490
7	6	0	0	0	0	30.6354	1491
7	6	0	0	0	0	35.764	1492
7	6	0	0	0	0	38.2421	1493
7	6	0	0	0	0	39.1539	1494
7	6	0	0	0	0	35.1412	1495
8	6	0	0	0	0	41.1716	1496
7	6	0	0	0	0	40.0948	1497
7	6	0	0	0	0	38.7578	1498
7	6	0	0	0	0	45.0137	1499
7	6	0	0	0	0	38.8963	1500
7	6	0	0	0	0	42.4947	1501
7	7	0	0	0	0	39.3168	1502
7	7	0	0	0	0	34.6122	1503
7	7	0	0	0	0	29.0374	1504
4	7	0	0	0	0	29.818	1505
4	6	0	0	0	0	29.6501	1506
4	6	0	0	0	0	33.7857	1507
4	6	0	0	0	0	31.3096	1508
4	6	0	0	0	0	27.7022	1509
4	6	0	0	0	0	29.3633	1510
4	6	0	0	0	0	30.8053	1511
4	6	0	0	0	0	25.2843	1512
4	6	0	0	0	0	21.087	1513
3	6	0	0	0	0	18.9878	1514
3	6	0	0	0	0	20.038	1515
3	6	0	0	0	0	22.0008	1516
3	6	0	0	0	0	28.3483	1517
3	6	0	0	0	0	22.0896	1518
3	6	0	0	0	0	29.5498	1519
3	6	0	0	0	0	23.3142	1520
3	6	0	0	0	0	26.2917	1521
4	6	0	0	0	0	20.6036	1522
4	6	0	0	0	0	28.4239	1523
4	6	0	0	0	0	30.6239	1524
4	6	0	0	0	0	26.3701	1525
4	6	0	0	0	0	31.125	1526
4	6	0	0	0	0	21.911	1527
4	6	0	0	0	0	24.7982	1528
4	6	0	0	0	0	29.2095	1529
4	6	0	0	0	0	25.5467	1530
4	6	0	0	0	0	17.9277	1531
4	6	0	0	0	0	31.614	1532
4	6	0	0	0	0	31.1765	1533
4	6	0	0	0	0	26.7897	1534
4	6	0	0	0	0	26.5971	1535
4	6	0	0	0	0	25.4438	1536
4	6	0	0	0	0	25.6845	1537
4	5	0	0	0	0	20.9838	1538
4	6	0	0	0	0	26.4154	1539
6	7	0	0	0	0	18.739	1540
6	7	0	0	0	0	26.7264	1541
6	7	0	0	0	0	41.3741	1542
6	7	0	0	0	0	33.8339	1543
6	6	0	0	0	0	25.7359	1544
6	6	0	0	0	0	33.7643	1545
6	7	0	0	0	0	33.7178	1546
6	7	0	0	0	0	39.4459	1547
6	7	0	0	0	0	41.9101	1548
6	7	0	0	0	0	35.3769	1549
6	6	0	0	0	0	32.0662	1550
6	5	0	0	0	0	31.9391	1551
6	5	0	0	0	0	35.3553	1552
6	5	0	0	0	0	33.3732	1553
6	5	0	0	0	0	28.5804	1554
6	4	0	0	0	0	32.8121	1555
6	5	0	0	0	0	33.605	1556
6	5	0	0	0	0	28.2874	1557
6	7	0	0	0	0	35.2897	1558
7	7	0	0	0	0	35.9112	1559
8	7	0	0	0	0	43.0006	1560
8	7	0	0	0	0	42.4826	1561
8	7	0	0	0	0	40.3943	1562
8	6	0	0	0	0	45.3291	1563
8	10	0	0	0	0	40.1507	1564
7	10	0	0	0	0	45.5281	1565
7	10	0	0	0	0	51.7333	1566
7	10	0	0	0	0	55.5138	1567
7	10	0	0	0	0	52.879	1568
7	10	0	0	0	0	61.3393	1569
7	10	0	0	0	0	54.1829	1570
7	10	0	0	0	0	55.4749	1571
7	10	0	0	0	0	60.4472	1572
7	10	0	0	0	0	52.5709	1573
7	10	0	0	0	0	55.1235	1574
7	10	0	0	0	0	51.4365	1575
7	10	0	0	0	0	56.4237	1576
7	10	0	0	0	0	60.3748	1577
7	10	0	0	0	0	50.7785	1578
7	11	0	0	0	0	53.4014	1579
6	11	0	0	0	0	56.8344	1580
6	13	0	0	0	0	61.9496	1581
6	13	0	0	0	0	64.7079	1582
6	13	0	0	0	0	57.6615	1583
6	13	0	0	0	0	61.7055	1584
6	13	0	0	0	0	62.0223	1585
6	13	0	0	0	0	65.0729	1586
6	13	0	0	0	0	57.8702	1587
6	13	0	0	0	0	69.2789	1588
6	13	0	0	0	0	65.7495	1589
6	13	0	0	0	0	62.5235	1590
6	13	0	0	0	0	60.4076	1591
7	13	0	0	0	0	64.1759	1592
7	13	0	0	0	0	65.985	1593
7	13	0	0	0	0	74.0432	1594
7	13	0	0	0	0	67.0056	1595
7	13	0	0	0	0	65.8365	1596
7	13	0	0	0	0	63.9737	1597
7	14	0	0	0	0	65.1606	1598
7	14	0	0	0	0	70.7609	1599
7	14	0	0	0	0	73.7015	1600
7	14	0	0	0	0	74.7587	1601
7	14	0	0	0	0	73.7868	1602
7	14	0	0	0	0	72.2673	1603
7	14	0	0	0	0	67.6583	1604
8	14	0	0	0	0	70.927	1605
8	14	0	0	0	0	56.9805	1606
8	14	0	0	0	0	70.2346	1607
8	14	0	0	0	0	82.194	1608
8	14	0	0	0	0	69.8548	1609
8	14	0	0	0	0	69.843	1610
8	14	0	0	0	0	77.6306	1611
8	14	0	0	0	0	73.915	1612
8	14	0	0	0	0	63.8149	1613
8	14	0	0	0	0	75.5766	1614
8	14	0	0	0	0	71.3719	1615
8	14	0	0	0	0	67.6506	1616
8	14	0	0	0	0	67.5107	1617
8	14	0	0	0	0	77.8003	1618
8	14	0	0	0	0	66.722	1619
8	15	0	0	0	0	77.7277	1620
8	14	0	0	0	0	58.7943	1621
8	14	0	0	0	0	75.7155	1622
8	14	0	0	0	0	75.9098	1623
8	14	0	0	0	0	72.8508	1624
8	14	0	0	0	0	67.5584	1625
8	13	0	0	0	0	67.6073	1626
8	13	0	0	0	0	77.9318	1627
8	13	0	0	0	0	59.7046	1628
7	13	0	0	0	0	64.8631	1629
7	13	0	0	0	0	73.9921	1630
7	13	0	0	0	0	72.0379	1631
7	13	0	0	0	0	47.6876	1632
7	13	0	0	0	0	65.7506	1633
7	12	0	0	0	0	61.2216	1634
8	12	0	0	0	0	58.3682	1635
8	11	0	0	0	0	59.1256	1636
8	11	0	0	0	0	66.1073	1637
8	11	0	0	0	0	69.4402	1638
8	11	0	0	0	0	60.4387	1639
8	11	0	0	0	0	57.7649	1640
8	11	0	0	0	0	61.9582	1641
8	11	0	0	0	0	62.969	1642
9	11	0	0	0	0	65.6166	1643
9	11	0	0	0	0	64.3617	1644
9	11	0	0	0	0	65.2912	1645
7	11	0	0	0	0	55.4958	1646
7	11	0	0	0	0	44.183	1647
7	11	0	0	0	0	61.4734	1648
7	11	0	0	0	0	53.1168	1649
8	11	0	0	0	0	49.7324	1650
7	11	0	0	0	0	61.9645	1651
7	12	0	0	0	0	56.3063	1652
7	12	0	0	0	0	59.8235	1653
7	12	0	0	0	0	58.1412	1654
7	12	0	0	0	0	57.7098	1655
7	12	0	0	0	0	62.8735	1656
7	12	0	0	0	0	67.3802	1657
7	12	0	0	0	0	58.2059	1658
7	12	0	0	0	0	63.6319	1659
7	12	0	0	0	0	66.3566	1660
7	12	0	0	0	0	62.5277	1661
7	12	0	0	0	0	53.6323	1662
7	11	0	0	0	0	64.7814	1663
8	11	0	0	0	0	56.8695	1664
8	13	0	0	0	0	61.2601	1665
8	13	0	0	0	0	73.9553	1666
8	13	0	0	0	0	67.265	1667
8	13	0	0	0	0	51.3838	1668
8	13	0	0	0	0	53.4767	1669
8	13	0	0	0	0	60.3469	1670
8	13	0	0	0	0	52.8314	1671
6	13	0	0	0	0	50.2522	1672
6	13	0	0	0	0	55.5726	1673
5	12	0	0	0	0	48.3747	1674
5	12	0	0	0	0	49.1813	1675
5	12	0	0	0	0	52.7361	1676
5	12	0	0	0	0	54.9973	1677
5	12	0	0	0	0	44.5255	1678
5	11	0	0	0	0	47.6028	1679
5	11	0	0	0	0	53.0362	1680
5	11	0	0	0	0	46.886	1681
5	11	0	0	0	0	48.9709	1682
5	11	0	0	0	0	49.0538	1683
5	12	0	0	0	0	48.5581	1684
6	12	0	0	0	0	44.6234	1685
6	12	0	0	0	0	49.8911	1686
6	12	0	0	0	0	55.0922	1687
6	15	0	0	0	0	50.7274	1688
6	14	0	0	0	0	67.933	1689
6	13	0	0	0	0	56.4078	1690
6	13	0	0	0	0	61.0612	1691
6	13	0	0	0	0	61.7405	1692
6	13	0	0	0	0	60.7351	1693
6	13	0	0	0	0	63.0557	1694
7	13	0	0	0	0	62.6588	1695
7	13	0	0	0	0	67.4551	1696
7	13	0	0	0	0	57.9581	1697
7	14	0	0	0	0	69.6315	1698
7	14	0	0	0	0	65.6448	1699
7	14	0	0	0	0	56.5364	1700
7	13	0	0	0	0	55.8001	1701
7	13	0	0	0	0	60.558	1702
7	13	0	0	0	0	60.4404	1703
7	12	0	0	0	0	57.7703	1704
7	12	0	0	0	0	67.5378	1705
7	12	0	0	0	0	62.2796	1706
7	13	0	0	0	0	63.6467	1707
8	13	0	0	0	0	71.5242	1708
8	13	0	0	0	0	66.6254	1709
8	13	0	0	0	0	62.5691	1710
8	13	0	0	0	0	69.1343	1711
8	12	0	0	0	0	71.3118	1712
8	12	0	0	0	0	61.6614	1713
8	11	0	0	0	0	59.5312	1714
8	11	0	0	0	0	69.3532	1715
8	11	0	0	0	0	60.5634	1716
9	11	0	0	0	0	69.8197	1717
9	12	0	0	0	0	65.5313	1718
10	12	0	0	0	0	68.9644	1719
10	13	0	0	0	0	78.7755	1720
10	13	0	0	0	0	80.6317	1721
10	13	0	0	0	0	77.1125	1722
10	13	0	0	0	0	80.0367	1723
10	13	0	0	0	0	75.2635	1724
10	13	0	0	0	0	75.4982	1725
10	13	0	0	0	0	81.5923	1726
10	13	0	0	0	0	78.9993	1727
10	13	0	0	0	0	78.9139	1728
10	13	0	0	0	0	67.1225	1729
10	14	0	0	0	0	77.632	1730
10	14	0	0	0	0	81.0183	1731
10	14	0	0	0	0	78.6173	1732
10	14	0	0	0	0	77.0574	1733
10	14	0	0	0	0	81.7786	1734
10	14	0	0	0	0	81.3593	1735
10	14	0	0	0	0	73.8055	1736
9	14	0	0	0	0	85.7375	1737
9	14	0	0	0	0	74.8634	1738
9	14	0	0	0	0	66.9327	1739
9	14	0	0	0	0	78.9943	1740
9	14	0	0	0	0	83.0874	1741
9	14	0	0	0	0	81.3927	1742
9	14	0	0	0	0	71.0874	1743
9	14	0	0	0	0	68.8505	1744
9	14	0	0	0	0	75.1031	1745
9	14	0	0	0	0	84.4544	1746
9	14	0	0	0	0	83.7959	1747
9	14	0	0	0	0	73.4297	1748
9	14	0	0	0	0	86.0339	1749
9	14	0	0	0	0	80.3954	1750
9	14	0	0	0	0	78.8336	1751
9	14	0	0	0	0	80.3487	1752
10	14	0	0	0	0	70.361	1753
10	14	0	0	0	0	68.9414	1754
9	13	0	0	0	0	72.1467	1755
9	13	0	0	0	0	75.3539	1756
9	13	0	0	0	0	63.9478	1757
9	13	0	0	0	0	80.16	1758
9	13	0	0	0	0	75.6161	1759
9	13	0	0	0	0	77.0725	1760
9	13	0	0	0	0	76.596	1761
9	14	0	0	0	0	79.4172	1762
9	14	0	0	0	0	76.8711	1763
9	14	0	0	0	0	73.2526	1764
9	14	0	0	0	0	56.6928	1765
9	14	0	0	0	0	61.8259	1766
9	14	0	0	0	0	68.0826	1767
9	14	0	0	0	0	64.764	1768
8	14	0	0	0	0	62.3748	1769
8	13	0	0	0	0	69.6077	1770
7	12	0	0	0	0	62.0321	1771
7	12	0	0	0	0	63.6525	1772
7	12	0	0	0	0	68.6245	1773
7	12	0	0	0	0	52.2139	1774
7	12	0	0	0	0	55.3298	1775
7	12	0	0	0	0	67.5069	1776
7	12	0	0	0	0	58.3684	1777
7	11	0	0	0	0	60.5102	1778
7	11	0	0	0	0	65.0079	1779
7	11	0	0	0	0	53.0424	1780
7	11	0	0	0	0	59.3215	1781
7	11	0	0	0	0	56.4329	1782
7	11	0	0	0	0	62.5603	1783
8	11	0	0	0	0	52.3511	1784
7	10	0	0	0	0	51.2254	1785
7	10	0	0	0	0	54.1067	1786
7	10	0	0	0	0	40.1447	1787
7	10	0	0	0	0	48.3673	1788
7	10	0	0	0	0	45.0322	1789
6	10	0	0	0	0	39.6978	1790
6	10	0	0	0	0	48.6492	1791
6	10	0	0	0	0	50.2844	1792
8	10	0	0	0	0	50.4505	1793
8	9	0	0	0	0	43.2362	1794
8	9	0	0	0	0	50.7693	1795
8	9	0	0	0	0	57.9094	1796
8	9	0	0	0	0	52.4115	1797
8	9	0	0	0	0	56.6837	1798
8	9	0	0	0	0	49.9442	1799
8	9	0	0	0	0	53.3145	1800
8	9	0	0	0	0	46.1634	1801
10	8	0	0	0	0	52.3558	1802
10	8	0	0	0	0	60.5699	1803
10	8	0	0	0	0	59.4646	1804
10	8	0	0	0	0	52.8657	1805
9	8	0	0	0	0	52.3111	1806
9	8	0	0	0	0	49.0513	1807
9	7	0	0	0	0	51.185	1808
9	7	0	0	0	0	47.6682	1809
9	7	0	0	0	0	53.7155	1810
10	7	0	0	0	0	50.0543	1811
10	7	0	0	0	0	50.8319	1812
10	7	0	0	0	0	51.2549	1813
10	7	0	0	0	0	49.6894	1814
10	6	0	0	0	0	42.9883	1815
10	6	0	0	0	0	47.0191	1816
10	6	0	0	0	0	52.3179	1817
10	6	0	0	0	0	50.7188	1818
10	6	0	0	0	0	51.9761	1819
10	6	0	0	0	0	49.637	1820
10	6	0	0	0	0	50.9884	1821
10	6	0	0	0	0	47.6878	1822
10	6	0	0	0	0	54.7482	1823
10	6	0	0	0	0	48.8545	1824
11	6	0	0	0	0	47.5825	1825
11	6	0	0	0	0	46.8564	1826
11	6	0	0	0	0	53.2523	1827
11	6	0	0	0	0	48.9014	1828
11	6	0	0	0	0	60.2177	1829
11	6	0	0	0	0	49.8565	1830
11	6	0	0	0	0	49.2765	1831
11	6	0	0	0	0	50.9362	1832
11	5	0	0	0	0	44.0318	1833
11	5	0	0	0	0	52.3336	1834
12	5	0	0	0	0	50.2221	1835
12	6	0	0	0	0	51.8603	1836
12	6	0	0	0	0	52.5971	1837
12	5	0	0	0	0	54.192	1838
12	5	0	0	0	0	52.1126	1839
12	5	0	0	0	0	55.0789	1840
12	5	0	0	0	0	50.8748	1841
12	5	0	0	0	0	46.6649	1842
12	5	0	0	0	0	50.1226	1843
12	5	0	0	0	0	42.2547	1844
9	5	0	0	0	0	43.807	1845
9	5	0	0	0	0	34.4448	1846
9	5	0	0	0	0	30.2763	1847
9	4	0	0	0	0	31.3353	1848
9	4	0	0	0	0	35.8372	1849
9	4	0	0	0	0	36.4242	1850
9	3	0	0	0	0	35.9753	1851
9	3	0	0	0	0	36.5074	1852
9	3	0	0	0	0	36.0661	1853
9	3	0	0	0	0	32.7119	1854
9	3	0	0	0	0	30.6916	1855
9	2	0	0	0	0	24.8249	1856
10	2	0	0	0	0	32.475	1857
10	2	0	0	0	0	27.9361	1858
10	2	0	0	0	0	37.9654	1859
10	2	0	0	0	0	36.5139	1860
10	3	0	0	0	0	41.6148	1861
10	3	0	0	0	0	33.764	1862
10	3	0	0	0	0	33.3681	1863
10	3	0	0	0	0	35.0585	1864
9	4	0	0	0	0	32.7225	1865
9	4	0	0	0	0	41.3954	1866
8	4	0	0	0	0	41.7656	1867
8	4	0	0	0	0	27.2575	1868
8	3	0	0	0	0	33.1227	1869
8	3	0	0	0	0	35.1689	1870
8	3	0	0	0	0	32.5746	1871
8	3	0	0	0	0	34.3573	1872
8	4	0	0	0	0	37.8272	1873
8	4	0	0	0	0	34.9263	1874
8	4	0	0	0	0	31.4302	1875
8	4	0	0	0	0	37.3277	1876
8	4	0	0	0	0	34.5141	1877
8	4	0	0	0	0	38.6419	1878
9	4	0	0	0	0	38.8163	1879
9	4	0	0	0	0	36.8848	1880
9	4	0	0	0	0	41.1149	1881
9	4	0	0	0	0	32.1036	1882
9	4	0	0	0	0	45.8092	1883
9	4	0	0	0	0	40.8586	1884
9	4	0	0	0	0	40.8082	1885
9	4	0	0	0	0	42.0451	1886
9	4	0	0	0	0	40.4078	1887
9	4	0	0	0	0	39.2618	1888
9	4	0	0	0	0	39.454	1889
9	4	0	0	0	0	45.886	1890
9	4	0	0	0	0	36.867	1891
8	4	0	0	0	0	31.1199	1892
8	4	0	0	0	0	37.012	1893
8	4	0	0	0	0	39.4641	1894
8	4	0	0	0	0	32.4136	1895
8	4	0	0	0	0	37.4009	1896
8	4	0	0	0	0	41.5668	1897
8	4	0	0	0	0	36.3293	1898
8	4	0	0	0	0	41.2019	1899
9	4	0	0	0	0	41.422	1900
9	4	0	0	0	0	38.6631	1901
9	3	0	0	0	0	34.0344	1902
9	3	0	0	0	0	37.6582	1903
9	3	0	0	0	0	37.6149	1904
9	3	0	0	0	0	37.4965	1905
8	3	0	0	0	0	35.9412	1906
8	3	0	0	0	0	27.5691	1907
8	3	0	0	0	0	37.6588	1908
8	3	0	0	0	0	33.674	1909
8	3	0	0	0	0	31.0274	1910
8	4	0	0	0	0	34.8245	1911
8	4	0	0	0	0	33.8921	1912
9	4	0	0	0	0	38.0085	1913
9	4	0	0	0	0	38.1161	1914
9	4	0	0	0	0	40.8609	1915
9	4	0	0	0	0	43.2499	1916
9	4	0	0	0	0	43.6013	1917
9	4	0	0	0	0	40.5978	1918
9	4	0	0	0	0	39.6188	1919
9	4	0	0	0	0	34.8497	1920
9	4	0	0	0	0	41.1601	1921
9	4	0	0	0	0	44.9074	1922
9	4	0	0	0	0	39.8323	1923
9	4	0	0	0	0	43.2383	1924
9	4	0	0	0	0	33.3495	1925
10	4	0	0	0	0	40.8082	1926
10	4	0	0	0	0	42.8888	1927
10	4	0	0	0	0	42.1494	1928
10	4	0	0	0	0	41.6158	1929
10	4	0	0	0	0	41.9931	1930
10	4	0	0	0	0	39.6156	1931
10	3	0	0	0	0	45.3616	1932
10	3	0	0	0	0	39.4017	1933
10	3	0	0	0	0	43.2597	1934
10	3	0	0	0	0	40.593	1935
10	3	0	0	0	0	41.4452	1936
10	3	0	0	0	0	36.258	1937
10	3	0	0	0	0	42.7493	1938
10	3	0	0	0	0	43.5592	1939
10	3	0	0	0	0	41.8335	1940
10	3	0	0	0	0	37.6671	1941
10	3	0	0	0	0	39.2125	1942
9	4	0	0	0	0	41.5613	1943
9	4	0	0	0	0	35.0201	1944
9	6	0	0	0	0	38.0858	1945
9	6	0	0	0	0	41.7711	1946
9	6	0	0	0	0	32.8179	1947
9	6	0	0	0	0	38.9865	1948
9	6	0	0	0	0	46.145	1949
9	6	0	0	0	0	28.2712	1950
9	6	0	0	0	0	33.3491	1951
5	6	0	0	0	0	35.5315	1952
5	6	0	0	0	0	37.8241	1953
5	6	0	0	0	0	35.087	1954
5	6	0	0	0	0	28.0786	1955
5	6	0	0	0	0	34.0934	1956
5	6	0	0	0	0	35.4787	1957
5	6	0	0	0	0	35.5315	1958
5	6	0	0	0	0	35.4117	1959
5	6	0	0	0	0	33.6512	1960
5	6	0	0	0	0	35.0575	1961
5	6	0	0	0	0	35.0662	1962
5	6	0	0	0	0	31.9868	1963
5	9	0	0	0	0	35.5315	1964
5	9	0	0	0	0	33.8952	1965
5	9	0	0	0	0	32.5392	1966
5	9	0	0	0	0	34.9712	1967
5	9	0	0	0	0	34.9783	1968
5	9	0	0	0	0	42.6516	1969
5	9	0	0	0	0	38.4171	1970
5	9	0	0	0	0	46.8195	1971
5	9	0	0	0	0	39.0662	1972
3	9	0	0	0	0	36.4213	1973
3	9	0	0	0	0	35.873	1974
3	9	0	0	0	0	41.5637	1975
3	9	0	0	0	0	37.9451	1976
4	9	0	0	0	0	36.6061	1977
4	9	0	0	0	0	43.4085	1978
4	9	0	0	0	0	45.6087	1979
5	9	0	0	0	0	41.5998	1980
5	9	0	0	0	0	38.0199	1981
5	9	0	0	0	0	39.0057	1982
5	9	0	0	0	0	41.1887	1983
5	9	0	0	0	0	47.0768	1984
5	9	0	0	0	0	42.0059	1985
5	9	0	0	0	0	42.0548	1986
5	9	0	0	0	0	44.4918	1987
6	9	0	0	0	0	44.7005	1988
6	9	0	0	0	0	53.5053	1989
6	9	0	0	0	0	50.3426	1990
7	9	0	0	0	0	45.7359	1991
7	9	0	0	0	0	47.0633	1992
7	9	0	0	0	0	52.9607	1993
7	9	0	0	0	0	43.7528	1994
7	9	0	0	0	0	45.7359	1995
7	9	0	0	0	0	50.8431	1996
7	9	0	0	0	0	50.7882	1997
7	9	0	0	0	0	56.9877	1998
8	9	0	0	0	0	50.6271	1999
8	9	0	0	0	0	52.727	2000
8	9	0	0	0	0	56.817	2001
8	11	0	0	0	0	54.0543	2002
8	11	0	0	0	0	59.5581	2003
8	11	0	0	0	0	54.0506	2004
8	11	0	0	0	0	59.3215	2005
8	11	0	0	0	0	59.8762	2006
8	11	0	0	0	0	56.4254	2007
9	11	0	0	0	0	57.4756	2008
9	11	0	0	0	0	65.5847	2009
11	11	0	0	0	0	58.4522	2010
11	10	0	0	0	0	54.5457	2011
11	10	0	0	0	0	52.9125	2012
11	10	0	0	0	0	68.0305	2013
11	10	0	0	0	0	65.8231	2014
11	9	0	0	0	0	65.3564	2015
11	9	0	0	0	0	68.4082	2016
11	9	0	0	0	0	69.3399	2017
11	9	0	0	0	0	56.5936	2018
11	9	0	0	0	0	64.3645	2019
11	9	0	0	0	0	58.3287	2020
11	9	0	0	0	0	64.861	2021
11	9	0	0	0	0	67.0817	2022
10	9	0	0	0	0	61.9525	2023
10	9	0	0	0	0	65.4989	2024
10	9	0	0	0	0	70.0245	2025
10	9	0	0	0	0	58.0705	2026
10	9	0	0	0	0	62.207	2027
10	9	0	0	0	0	52.3365	2028
10	9	0	0	0	0	62.8514	2029
10	9	0	0	0	0	69.0107	2030
10	9	0	0	0	0	47.0852	2031
10	9	0	0	0	0	49.1367	2032
8	8	0	0	0	0	45.5825	2033
8	8	0	0	0	0	50.0996	2034
8	8	0	0	0	0	49.2842	2035
8	7	0	0	0	0	46.53	2036
8	7	0	0	0	0	49.3927	2037
8	7	0	0	0	0	42.7384	2038
8	8	0	0	0	0	44.0643	2039
8	8	0	0	0	0	51.0904	2040
8	9	0	0	0	0	47.9428	2041
7	9	0	0	0	0	53.0265	2042
7	9	0	0	0	0	53.0144	2043
7	9	0	0	0	0	45.5382	2044
7	9	0	0	0	0	47.9829	2045
8	9	0	0	0	0	44.756	2046
8	9	0	0	0	0	54.4463	2047
8	9	0	0	0	0	52.3319	2048
8	8	0	0	0	0	53.8889	2049
8	8	0	0	0	0	48.4098	2050
8	7	0	0	0	0	53.7621	2051
8	7	0	0	0	0	40.6245	2052
8	7	0	0	0	0	47.8357	2053
8	7	0	0	0	0	49.4416	2054
8	7	0	0	0	0	52.1472	2055
8	7	0	0	0	0	49.9298	2056
8	7	0	0	0	0	39.9923	2057
9	7	0	0	0	0	52.8877	2058
9	7	0	0	0	0	48.9982	2059
9	6	0	0	0	0	43.7225	2060
9	6	0	0	0	0	50.7381	2061
9	7	0	0	0	0	51.3766	2062
9	7	0	0	0	0	40.8894	2063
10	7	0	0	0	0	48.1536	2064
10	7	0	0	0	0	48.7794	2065
10	7	0	0	0	0	50.5628	2066
10	7	0	0	0	0	49.1904	2067
10	7	0	0	0	0	39.8841	2068
9	7	0	0	0	0	47.4053	2069
9	7	0	0	0	0	46.519	2070
8	7	0	0	0	0	43.9271	2071
8	7	0	0	0	0	41.0544	2072
8	7	0	0	0	0	49.0422	2073
8	7	0	0	0	0	51.6791	2074
8	7	0	0	0	0	41.45	2075
8	7	0	0	0	0	46.6387	2076
8	7	0	0	0	0	49.0593	2077
8	7	0	0	0	0	49.6366	2078
8	7	0	0	0	0	32.1706	2079
8	7	0	0	0	0	40.2694	2080
8	7	0	0	0	0	41.2915	2081
8	7	0	0	0	0	40.6833	2082
8	7	0	0	0	0	38.2542	2083
8	7	0	0	0	0	46.2423	2084
8	7	0	0	0	0	44.7812	2085
7	7	0	0	0	0	37.5511	2086
7	7	0	0	0	0	44.2433	2087
7	7	0	0	0	0	44.7189	2088
7	7	0	0	0	0	42.4247	2089
7	7	0	0	0	0	32.5094	2090
7	7	0	0	0	0	35.4399	2091
7	7	0	0	0	0	35.198	2092
7	5	0	0	0	0	31.238	2093
7	5	0	0	0	0	32.5448	2094
7	4	0	0	0	0	33.1262	2095
7	4	0	0	0	0	30.9477	2096
7	4	0	0	0	0	30.1973	2097
7	4	0	0	0	0	30.8525	2098
7	4	0	0	0	0	27.8957	2099
7	4	0	0	0	0	36.2987	2100
7	4	0	0	0	0	35.9817	2101
7	4	0	0	0	0	26.2519	2102
7	4	0	0	0	0	34.8127	2103
7	4	0	0	0	0	28.596	2104
7	4	0	0	0	0	34.2256	2105
7	4	0	0	0	0	36.3492	2106
7	4	0	0	0	0	34.7339	2107
7	4	0	0	0	0	35.1425	2108
7	4	0	0	0	0	28.4583	2109
7	4	0	0	0	0	36.0876	2110
7	4	0	0	0	0	32.1627	2111
7	4	0	0	0	0	29.8539	2112
7	4	0	0	0	0	29.6289	2113
7	3	0	0	0	0	32.223	2114
7	3	0	0	0	0	29.9955	2115
7	3	0	0	0	0	29.6156	2116
7	3	0	0	0	0	31.4456	2117
7	3	0	0	0	0	31.0621	2118
7	3	0	0	0	0	29.9955	2119
7	3	0	0	0	0	26.1148	2120
7	3	0	0	0	0	31.6187	2121
7	4	0	0	0	0	24.8485	2122
6	4	0	0	0	0	19.5207	2123
6	4	0	0	0	0	21.2499	2124
6	4	0	0	0	0	20.2441	2125
4	4	0	0	0	0	20.0352	2126
4	4	0	0	0	0	21.068	2127
4	4	0	0	0	0	22.3704	2128
4	4	0	0	0	0	21.7034	2129
4	4	0	0	0	0	22.6748	2130
4	4	0	0	0	0	20.0908	2131
4	5	0	0	0	0	19.4184	2132
4	5	0	0	0	0	23.1071	2133
4	5	0	0	0	0	25.8325	2134
4	5	0	0	0	0	24.3892	2135
5	5	0	0	0	0	24.574	2136
5	5	0	0	0	0	23.5474	2137
5	4	0	0	0	0	24.263	2138
5	4	0	0	0	0	27.9826	2139
5	4	0	0	0	0	25.1768	2140
5	4	0	0	0	0	21.6656	2141
5	4	0	0	0	0	25.4801	2142
5	4	0	0	0	0	22.7141	2143
5	4	0	0	0	0	24.0256	2144
5	4	0	0	0	0	27.4648	2145
5	4	0	0	0	0	25.6451	2146
5	4	0	0	0	0	21.1168	2147
5	4	0	0	0	0	25.0809	2148
5	4	0	0	0	0	23.2142	2149
5	4	0	0.333333	0	1	26.8616	2150
5	4	0	0.333333	0	1	19.2071	2151
5	3	0	0.333333	0	1	20.343	2152
5	3	0	0.333333	0	1	19.9697	2153
5	3	0	0.333333	0	1	7.08523	2154
5	3	0	0.333333	0	1	7.52931	2155
5	3	0	0.333333	0	1	3.32633	2156
5	3	0	0.333333	0	1	7.52931	2157
1	3	0	0.333333	0	1	7.06292	2158
1	3	0	0.666667	0	2	3.5599	2159
1	3	0	0.666667	0	2	7.27597	2160
1	3	0	0.666667	0	2	6.22451	2161
1	3	0	0.666667	0	2	3.29358	2162
1	3	0	0.666667	0	2	4.83217	2163
1	3	0	0.666667	0	2	6.87203	2164
1	3	0	0.666667	0	2	4.58567	2165
1	3	0	0.666667	0	2	7.86274	2166
1	3	0	0.666667	0	2	6.87203	2167
1	3	0	0.666667	0	2	2.7901	2168
1	3	0	0.666667	0	2	3.315	2169
1	2	0	0.666667	0	2	3.20039	2170
1	2	0	0.666667	0	2	3.315	2171
1	2	0	0.666667	0	2	-0.407264	2172
1	1	0	0.666667	0	2	-5.07938	2173
1	1	0	0.666667	0	2	-0.947061	2174
1	1	0	0.666667	0	2	-0.378811	2175
1	1	0	0.666667	0	2	-0.937575	2176
1	1	0	0.666667	0	2	-0.947061	2177
1	1	0	0.666667	0	2	-0.712697	2178
1	1	0	0.666667	0	2	-0.712697	2179
1	1	0	0.666667	0	2	-1.92809	2180
1	1	0	0.666667	0	2	-0.712697	2181
1	1	0	0.666667	0	2	-4.65058	2182
1	0	0	0.666667	0	2	-4.64585	2183
1	0	0	0.666667	0	2	-4.65726	2184
1	0	0	0.666667	0	2	-4.64585	2185
1	0	0	0.666667	0	2	-4.66622	2186
1	0	0	0.666667	0	2	-4.64555	2187
1	0	0	0.666667	0	2	-4.64585	2188
1	0	0	0.666667	0	2	-4.64555	2189
1	0	0	0.666667	0	2	-4.65216	2190
1	0	0	0.666667	0	2	-4.64555	2191
1	0	0	0.666667	0	2	-4.65216	2192
1	0	0	0.666667	0	2	-4.64585	2193
1	0	0	0.666667	0	2	-4.65058	2194
1	0	0	0.666667	0	2	-4.64555	2195
1	0	0	0.666667	0	2	-4.66095	2196
1	0	0	0.666667	0	2	-4.66095	2197
1	0	0	0.666667	0	2	-4.66095	2198
1	0	0	0.666667	0	2	-4.66095	2199
1	0	0	0.666667	0	2	-4.66095	2200
1	0	0	0.666667	0	2	nan	2201
0	0	0	0.666667	0	2	nan	2202
0	0	0	0.666667	0	2	nan	2203
0	0	0	0.666667	0	2	nan	2204
0	0	0	0.666667	0	2	nan	2205
0	0	0	0.666667	0	2	nan	2206
0	0	0	0	0	0	nan	2207
0	0	0	0	0	0	nan	2208
0	0	0	0	0	0	nan	2209
0	0	0	0	0	0	nan	2210
0	0	0	0	0	0	nan	2211
0	0	0	0	0	0	nan	2212
0	0	0	0	0	0	nan	2213
0	0	0	0	0	0	nan	2214
