unique_top_cov	unique_bot_cov	redundant_top_cov	redundant_bot_cov	raw_redundant_top_cov	raw_redundant_bot_cov	e_value	position
1	0	0	0.333333	0	1	nan	1
1	0	0	0.333333	0	1	nan	2
1	0	0	0.333333	0	1	nan	3
1	0	0	0.333333	0	1	-3.63238	4
1	0	0	0.333333	0	1	-3.63238	5
2	0	0	0.333333	0	1	-5.20277	6
2	0	0	0.333333	0	1	-5.20277	7
2	0	0	0.333333	0	1	0.922333	8
2	0	0	0.333333	0	1	-2.57488	9
2	0	0	0.333333	0	1	0.800438	10
2	0	0	0.333333	0	1	0.542567	11
2	0	0	0.333333	0	1	0.694454	12
2	0	0	0.333333	0	1	0.222423	13
3	0	0	0.333333	0	1	0.0153987	14
3	0	0	0.333333	0	1	5.2455	15
3	0	0	0.333333	0	1	4.59399	16
3	0	0	0.333333	0	1	4.81702	17
3	0	0	0.333333	0	1	3.57394	18
3	0	0	0.333333	0	1	1.96452	19
3	0	0	0.333333	0	1	4.07288	20
3	0	0	0.333333	0	1	3.94158	21
3	0	0	0.333333	0	1	4.59399	22
3	0	0	0.333333	0	1	5.2455	23
3	0	0	0.333333	0	1	3.14	24
3	0	0	0.333333	0	1	4.39125	25
3	0	0	0.333333	0	1	3.41784	26
3	0	0	0.333333	0	1	3.78697	27
3	0	0	0.333333	0	1	4.47802	28
3	0	0	0.333333	0	1	5.2455	29
3	0	0	0.333333	0	1	3.97375	30
3	0	0	0.333333	0	1	2.55396	31
3	0	0	0.333333	0	1	2.55396	32
3	0	0	0.333333	0	1	3.0375	33
3	0	0	0.333333	0	1	-0.702973	34
3	0	0	0.333333	0	1	4.82229	35
3	0	0	0.333333	0	1	4.39125	36
3	0	0	0.333333	0	1	2.55396	37
3	1	0	0.333333	0	1	3.14	38
3	1	0	0.333333	0	1	5.9079	39
3	1	0	0.333333	0	1	7.8832	40
3	1	0	0	0	0	7.51215	41
3	1	0	0	0	0	5.9079	42
3	1	0	0	0	0	8.43395	43
3	1	0	0	0	0	8.43395	44
3	1	0	0	0	0	8.43395	45
3	1	0	0	0	0	8.6488	46
4	1	0	0	0	0	8.43395	47
4	1	0	0	0	0	11.6977	48
4	1	0	0	0	0	9.45514	49
4	1	0	0	0	0	9.73089	50
4	1	0	0	0	0	11.726	51
4	1	0	0	0	0	11.1555	52
5	1	0	0	0	0	9.81031	53
5	1	0	0	0	0	17.7241	54
5	1	0	0	0	0	13.5935	55
5	1	0	0	0	0	16.3961	56
5	1	0	0	0	0	16.3961	57
5	1	0	0	0	0	15.3477	58
5	1	0	0	0	0	13.3382	59
5	1	0	0	0	0	16.7279	60
5	1	0	0	0	0	13.1689	61
5	1	0	0	0	0	16.5608	62
5	1	0	0	0	0	16.2083	63
6	2	0	0	0	0	16.2038	64
6	2	0	0	0	0	23.0361	65
6	2	0	0	0	0	23.5061	66
6	3	0	0	0	0	22.8292	67
6	3	0	0	0	0	22.8656	68
6	3	0	0	0	0	26.0602	69
6	3	0	0	0	0	27.3007	70
6	3	0	0	0	0	19.0075	71
6	3	0	0	0	0	27.7624	72
6	3	0	0	0	0	25.7726	73
6	3	0	0	0	0	27.5692	74
6	4	0	0	0	0	26.8924	75
6	4	0	0	0	0	30.1214	76
6	4	0	0	0	0	28.1764	77
6	4	0	0	0	0	33.6333	78
6	4	0	0	0	0	30.1057	79
6	4	0	0	0	0	28.4195	80
6	4	0	0	0	0	32.4214	81
6	4	0	0	0	0	21.6751	82
6	4	0	0	0	0	30.3743	83
6	4	0	0	0	0	29.1262	84
6	4	0	0	0	0	27.0783	85
6	5	0	0	0	0	32.5269	86
6	5	0	0	0	0	33.6333	87
6	5	0	0	0	0	29.774	88
6	5	0	0	0	0	28.2299	89
6	5	0	0	0	0	31.2622	90
6	5	0	0	0	0	36.3225	91
7	5	0	0	0	0	34.1889	92
7	5	0	0	0	0	33.2401	93
7	5	0	0	0	0	32.7477	94
8	5	0	0	0	0	31.1992	95
8	5	0	0	0	0	33.7022	96
8	5	0	0	0	0	40.827	97
8	6	0	0	0	0	38.809	98
8	6	0	0	0	0	39.2892	99
7	6	0	0	0	0	40.8809	100
7	6	0	0	0	0	40.3888	101
7	7	0	0	0	0	40.3917	102
7	7	0	0	0	0	31.648	103
7	7	0	0	0	0	33.8328	104
7	7	0	0	0	0	30.9699	105
7	7	0	0	0	0	37.837	106
5	7	0	0	0	0	36.49	107
5	7	0	0	0	0	39.6898	108
5	7	0	0	0	0	36.5431	109
5	7	0	0	0	0	37.4986	110
5	7	0	0	0	0	35.5107	111
4	7	0	0	0	0	29.8995	112
4	7	0	0	0	0	32.6641	113
5	7	0	0	0	0	35.8638	114
5	7	0	0	0	0	35.0779	115
5	7	0	0	0	0	35.7409	116
5	7	0	0	0	0	37.8021	117
5	7	0	0	0	0	37.8021	118
5	7	0	0	0	0	33.8647	119
5	7	0	0	0	0	34.2963	120
5	7	0	0	0	0	35.8594	121
5	7	0	0	0	0	33.9395	122
5	7	0	0	0	0	33.5379	123
5	7	0	0	0	0	37.046	124
5	7	0	0	0	0	37.2464	125
5	7	0	0	0	0	24.1875	126
5	7	0	0	0	0	32.3749	127
5	6	0	0	0	0	37.4376	128
5	6	0	0	0	0	32.9661	129
6	6	0	0	0	0	35.8965	130
6	6	0	0	0	0	32.8075	131
6	6	0	0	0	0	30.8994	132
6	6	0	0	0	0	34.5717	133
6	6	0	0	0	0	32.3226	134
6	7	0	0	0	0	37.8243	135
6	7	0	0	0	0	34.413	136
6	7	0	0	0	0	34.9712	137
6	7	0	0	0	0	34.9712	138
7	7	0	0	0	0	40.4975	139
7	7	0	0	0	0	44.4984	140
7	7	0	0	0	0	46.5865	141
8	8	0	0	0	0	43.5495	142
8	10	0	0	0	0	55.184	143
8	10	0	0	0	0	57.9551	144
8	12	0	0.5	0	1	61.4503	145
8	12	0	0.5	0	1	61.6046	146
8	12	0	0.5	0	1	60.8688	147
9	12	0	0.5	0	1	55.2598	148
8	12	0	0.5	0	1	72.4442	149
8	12	0	0.5	0	1	61.2295	150
7	12	0	0.5	0	1	57.1123	151
7	12	0	0.5	0	1	61.9847	152
7	12	0	0.5	0	1	51.9228	153
7	12	0	0.5	0	1	63.0078	154
7	12	0	0.5	0	1	63.0838	155
7	12	0	0.5	0	1	58.2352	156
7	12	0	0.5	0	1	58.158	157
7	11	0	0.5	0	1	59.9276	158
7	11	0	0.5	0	1	65.6917	159
7	11	0	0.5	0	1	58.9182	160
8	11	0	0.5	0	1	59.5779	161
8	11	0	0.5	0	1	65.0977	162
8	11	0	0.5	0	1	62.2146	163
8	11	0	0.5	0	1	62.6537	164
8	11	0	0.5	0	1	66.6386	165
8	11	0	0.5	0	1	65.2551	166
8	11	0	0.5	0	1	58.3199	167
8	11	0	0.5	0	1	65.2044	168
8	11	0	0.5	0	1	61.8796	169
8	11	0	0.5	0	1	57.0124	170
8	11	0	0.5	0	1	64.9542	171
8	11	0	0.5	0	1	65.3904	172
8	11	0	0.5	0	1	64.9069	173
8	11	0	0.5	0	1	62.7199	174
8	11	0	0.5	0	1	61.975	175
8	12	0	0.5	0	1	55.8235	176
8	12	0	0.5	0	1	66.6097	177
8	12	0	0.5	0	1	66.2051	178
8	12	0	0.5	0	1	71.9532	179
8	12	0	0.5	0	1	62.1802	180
8	12	0	0	0	0	65.1716	181
8	12	0	0	0	0	69.9522	182
8	12	0	0	0	0	64.1653	183
8	12	0	0	0	0	67.1547	184
8	12	0	0	0	0	53.2303	185
8	12	0	0	0	0	56.622	186
8	12	0	0	0	0	57.0266	187
7	11	0	0	0	0	57.3876	188
7	11	0	0	0	0	65.5302	189
7	11	0	0	0	0	58.3849	190
7	10	0	0	0	0	53.4558	191
7	10	0	0	0	0	53.0375	192
7	10	0	0	0	0	57.1913	193
7	10	0	0	0	0	52.6854	194
7	10	0	0	0	0	57.1913	195
7	10	0	0	0	0	49.634	196
7	10	0	0	0	0	49.8287	197
7	10	0	0	0	0	53.7818	198
7	11	0	0	0	0	52.8789	199
7	11	0	0	0	0	53.5011	200
7	11	0	0	0	0	53.1323	201
7	11	0	0	0	0	53.1453	202
7	11	0	0	0	0	53.6852	203
8	11	0	0	0	0	52.9755	204
8	11	0	0	0	0	51.4197	205
8	11	0	0	0	0	58.1376	206
8	11	0	0	0	0	57.9267	207
8	11	0	0	0	0	59.9358	208
8	11	0	0	0	0	51.7013	209
9	11	0	0	0	0	62.2146	210
9	11	0	0	0	0	63.3046	211
8	11	0	0	0	0	55.1485	212
8	10	0	0	0	0	56.1333	213
8	9	0	0	0	0	61.9558	214
8	9	0	0	0	0	47.6443	215
8	9	0	0	0	0	56.3832	216
8	9	0	0	0	0	54.7475	217
8	9	0	0	0	0	50.783	218
8	9	0	0	0	0	56.3465	219
8	9	0	0	0	0	52.3322	220
8	9	0	0	0	0	57.2906	221
8	9	0	0	0	0	56.199	222
8	9	0	0	0	0	59.4105	223
8	9	0	0	0	0	56.1465	224
8	9	0	0	0	0	56.8416	225
8	8	0	0	0	0	50.0282	226
7	8	0	0	0	0	41.984	227
7	8	0	0	0	0	50.4658	228
7	8	0	0	0	0	53.1817	229
7	8	0	0	0	0	49.5741	230
7	8	0	0	0	0	46.9023	231
7	8	0	0	0	0	45.6335	232
7	8	0	0	0	0	53.1946	233
7	8	0	0	0	0	47.0251	234
7	8	0	0	0	0	43.4866	235
7	8	0	0	0	0	46.1354	236
7	8	0	0	0	0	43.7924	237
7	7	0	0	0	0	49.6918	238
7	7	0	0	0	0	43.2441	239
7	7	0	0	0	0	47.8433	240
7	7	0	0	0	0	40.8225	241
7	7	0	0	0	0	45.0517	242
7	7	0	0	0	0	46.7542	243
7	7	0	0	0	0	47.8886	244
7	7	0	0	0	0	45.5281	245
6	7	0	0	0	0	35.2586	246
6	7	0	0	0	0	44.3884	247
6	7	0	0	0	0	39.0096	248
6	7	0	0	0	0	40.8259	249
6	7	0	0	0	0	43.3547	250
6	7	0	0	0	0	37.6018	251
5	7	0	0	0	0	40.0791	252
5	7	0	0	0	0	34.2171	253
5	7	0	0	0	0	39.2879	254
5	7	0	0	0	0	41.8574	255
5	7	0	0	0	0	33.1321	256
5	7	0	0	0	0	38.9549	257
5	7	0	0	0	0	39.1915	258
5	7	0	0	0	0	36.2692	259
5	7	0	0	0	0	34.5114	260
5	7	0	0	0	0	33.6077	261
5	7	0	0	0	0	30.276	262
5	7	0	0	0	0	24.5272	263
4	7	0	0	0	0	37.828	264
4	7	0	0	0	0	33.4529	265
4	7	0	0	0	0	33.615	266
4	7	0	0	0	0	34.0001	267
5	7	0	0	0	0	31.8621	268
5	7	0	0	0	0	35.2802	269
5	7	0	0	0	0	40.0161	270
5	7	0	0	0	0	37.5454	271
5	7	0	0	0	0	33.4098	272
5	7	0	0	0	0	36.2124	273
5	7	0	0	0	0	37.8669	274
5	7	0	0	0	0	35.4628	275
6	7	0	0	0	0	35.2197	276
6	7	0	0	0	0	35.8216	277
6	7	0	0	0	0	30.8369	278
5	7	0	0	0	0	33.4154	279
5	7	0	0	0	0	32.669	280
5	6	0	0	0	0	30.5207	281
5	6	0	0	0	0	27.491	282
5	6	0	0	0	0	31.9621	283
5	6	0	0	0	0	31.6075	284
5	6	0	0	0	0	35.4118	285
5	6	0	0	0	0	29.3461	286
5	6	0	0	0	0	33.5734	287
5	6	0	0	0	0	34.0838	288
5	7	0	0	0	0	36.9722	289
5	7	0	0	0	0	31.2293	290
5	7	0	0	0	0	29.7402	291
5	8	0	0	0	0	28.9168	292
6	6	0	0	0	0	29.6741	293
6	9	0	0	0	0	30.3883	294
6	7	0	0	0	0	41.6187	295
6	7	0	0	0	0	30.7147	296
6	8	0	0	0	0	32.3667	297
5	8	0	0	0	0	32.4892	298
5	8	0	0	0	0	37.4628	299
5	8	0	0	0	0	38.853	300
5	8	0	0	0	0	33.6038	301
5	9	0	0	0	0	41.4614	302
5	9	0	0	0	0	45.985	303
5	9	0	0	0	0	39.311	304
5	9	0	0	0	0	43.2645	305
5	9	0	0	0	0	42.0251	306
5	9	0	0	0	0	40.747	307
5	9	0	0	0	0	44.6027	308
5	9	0	0	0	0	46.8128	309
5	9	0	0	0	0	46.2392	310
5	9	0	0	0	0	49.7197	311
5	9	0	0	0	0	44.0413	312
5	9	0	0	0	0	46.9306	313
6	9	0	0	0	0	44.1054	314
6	9	0	0	0	0	47.9771	315
6	9	0	0	0	0	52.8214	316
6	9	0	0	0	0	41.8981	317
6	8	0	0	0	0	45.6614	318
7	8	0	0	0	0	38.7526	319
7	8	0	0	0	0	43.9487	320
7	8	0	0	0	0	49.4923	321
8	8	0	0	0	0	49.8796	322
8	8	0	0	0	0	46.511	323
8	8	0	0	0	0	48.9189	324
8	8	0	0	0	0	49.8249	325
8	8	0	0	0	0	50.2356	326
8	8	0	0	0	0	56.3115	327
8	8	0	0	0	0	48.6844	328
8	8	0	0	0	0	51.5288	329
8	8	0	0	0	0	50.3322	330
8	8	0	0	0	0	47.7378	331
8	8	0	0	0	0	53.3816	332
8	8	0	0	0	0	47.3042	333
8	7	0	0	0	0	47.487	334
8	7	0	0	0	0	49.0628	335
8	7	0	0	0	0	45.989	336
8	7	0	0	0	0	48.785	337
8	7	0	0	0	0	47.1862	338
8	7	0	0	0	0	46.1994	339
8	6	0	0	0	0	41.0967	340
8	6	0	0	0	0	45.6053	341
8	6	0	0	0	0	44.15	342
8	6	0	0	0	0	44.5978	343
9	6	0	0	0	0	44.5506	344
9	6	0	0	0	0	46.1408	345
9	6	0	0	0	0	44.7749	346
9	5	0	0	0	0	40.2467	347
9	5	0	0	0	0	37.8099	348
9	5	0	0	0	0	49.2365	349
9	5	0	0	0	0	46.2921	350
9	5	0	0	0	0	48.0982	351
10	5	0	0	0	0	43.1133	352
10	5	0	0	0	0	49.0504	353
10	6	0	0	0	0	44.5584	354
10	6	0	0	0	0	44.0784	355
10	6	0	0	0	0	44.6635	356
10	6	0	0	0	0	46.1408	357
10	6	0	0	0	0	39.7411	358
10	6	0	0	0	0	38.9446	359
8	6	0	0	0	0	45.6504	360
8	6	0	0	0	0	44.1008	361
8	6	0	0	0	0	39.9281	362
8	6	0	0	0	0	46.9565	363
8	6	0	0	0	0	45.906	364
8	6	0	0	0	0	42.5646	365
8	6	0	0	0	0	47.7376	366
8	6	0	0	0	0	48.2584	367
8	6	0	0	0	0	39.7106	368
8	5	0	0	0	0	43.456	369
8	5	0	0	0	0	42.2997	370
8	5	0	0	0	0	43.4508	371
8	5	0	0	0	0	37.1631	372
8	4	0	0	0	0	37.5015	373
8	4	0	0	0	0	29.4586	374
8	4	0	0	0	0	29.9291	375
8	4	0	0	0	0	37.8847	376
8	4	0	0	0	0	38.8621	377
8	4	0	0	0	0	38.4289	378
8	4	0	0	0	0	37.6518	379
8	4	0	0	0	0	29.7398	380
9	4	0	0	0	0	37.0222	381
9	4	0	0	0	0	42.971	382
9	4	0	0	0	0	37.8287	383
9	4	0	0	0	0	42.3986	384
9	4	0	0	0	0	40.6215	385
10	4	0	0	0	0	38.731	386
10	4	0	0	0	0	35.5196	387
10	4	0	0	0	0	33.2776	388
9	4	0	0	0	0	43.0721	389
9	4	0	0	0	0	40.0022	390
9	4	0	0	0	0	39.4061	391
9	4	0	0	0	0	37.1625	392
9	4	0	0	0	0	43.1777	393
9	4	0	0	0	0	43.2939	394
9	4	0	0	0	0	38.6961	395
9	4	0	0	0	0	43.7491	396
10	4	0	0	0	0	39.3454	397
10	4	0	0	0	0	41.1383	398
11	4	0	0	0	0	42.0234	399
11	4	0	0	0	0	47.0905	400
11	4	0	0	0	0	50.5972	401
11	4	0	0	0	0	41.743	402
11	4	0	0	0	0	41.8212	403
12	4	0	0	0	0	46.1848	404
12	4	0	0	0	0	41.1139	405
12	4	0	0	0	0	51.9937	406
12	4	0	0	0	0	49.8651	407
12	4	0	0	0	0	49.4218	408
12	4	0	0	0	0	57.2888	409
12	4	0	0	0	0	51.5553	410
12	4	0	0	0	0	48.2395	411
12	2	0	0	0	0	38.2549	412
12	2	0	0	0	0	40.5066	413
12	3	0	0	0	0	45.2861	414
12	3	0	0	0	0	48.0615	415
12	3	0	0	0	0	43.2397	416
12	3	0	0	0	0	36.7201	417
11	3	0	0	0	0	27.9611	418
11	3	0	0	0	0	45.3779	419
10	3	0	0	0	0	42.9447	420
10	4	0	0	0	0	44.3398	421
10	4	0	0	0	0	49.4366	422
10	4	0	0	0	0	44.8189	423
10	4	0	0	0	0	43.2734	424
10	4	0	0	0	0	49.7294	425
10	4	0	0	0	0	46.2753	426
10	4	0	0	0	0	45.3674	427
10	4	0	0	0	0	38.4741	428
10	4	0	0	0	0	45.5942	429
10	4	0	0	0	0	41.7237	430
10	4	0	0	0	0	45.2703	431
10	4	0	0	0	0	49.4373	432
10	4	0	0	0	0	43.2961	433
10	4	0	0	0	0	45.5098	434
10	5	0	0	0	0	39.5093	435
10	6	0	0	0	0	51.7726	436
12	6	0	0	0	0	50.745	437
12	6	0	0	0	0	46.4574	438
13	6	0	0	0	0	54.5207	439
13	6	0	0	0	0	64.2414	440
13	6	0	0	0	0	64.7845	441
13	5	0	0	0	0	49.376	442
13	5	0	0	0	0	49.5847	443
13	5	0	0	0	0	59.1543	444
13	5	0	0	0	0	65.0261	445
13	6	0	0	0	0	50.6686	446
13	6	0	0	0	0	69.6315	447
13	6	0	0	0	0	64.4621	448
13	6	0	0	0	0	64.6706	449
13	6	0	0	0	0	69.2629	450
13	6	0	0	0	0	57.6914	451
13	6	0	0	0	0	57.7623	452
13	8	0	0	0	0	65.7518	453
13	8	0	0	0	0	68.8699	454
13	8	0	0	0	0	58.1831	455
13	7	0	0	0	0	71.0047	456
13	7	0	0	0	0	63.7175	457
14	7	0	0.5	0	1	69.1223	458
15	7	0	0.5	0	1	63.0539	459
15	7	0	0.5	0	1	70.1123	460
15	7	0	0.5	0	1	63.0749	461
14	7	0	0.5	0	1	71.3274	462
14	7	0	0.5	0	1	71.8561	463
13	7	0	0.5	0	1	67.1636	464
13	7	0	0.5	0	1	68.9089	465
13	7	0	0.5	0	1	58.707	466
12	7	0	0.5	0	1	61.5813	467
13	7	0	0.5	0	1	65.9468	468
13	7	0	0.5	0	1	56.1418	469
13	7	0	0.5	0	1	65.69	470
13	7	0	0.5	0	1	62.056	471
13	7	0	0.5	0	1	66.384	472
14	7	0	0.5	0	1	67.7119	473
14	7	0	0.5	0	1	66.9327	474
14	7	0	0.5	0	1	67.3356	475
14	7	0	0.5	0	1	68.7402	476
15	7	0	0.5	0	1	69.2078	477
15	7	0	0.5	0	1	70.0857	478
15	7	0	0.5	0	1	73.0998	479
15	7	0	0.5	0	1	79.3286	480
15	7	0	0.5	0	1	75.9053	481
15	7	0	0.5	0	1	74.5212	482
15	7	0	0.5	0	1	76.9417	483
15	7	0	0.5	0	1	72.9758	484
15	7	0	0.5	0	1	66.3622	485
15	7	0	0.5	0	1	71.8385	486
15	8	0	0.5	0	1	55.4796	487
15	8	0	0.5	0	1	70.2862	488
15	8	0	0.5	0	1	72.4913	489
15	8	0	0.5	0	1	79.2016	490
15	8	0	0.5	0	1	76.8835	491
15	8	0	0.5	0	1	77.5351	492
15	8	0	0.5	0	1	57.7766	493
13	8	0	0.5	0	1	66.2688	494
13	8	0	0.5	0	1	72.068	495
13	8	0	0.5	0	1	68.8451	496
13	8	0	0.5	0	1	77.9368	497
13	8	0	0.5	0	1	68.8482	498
13	8	0	0.5	0	1	70.3298	499
13	8	0	0.5	0	1	64.8404	500
13	8	0	0.5	0	1	73.223	501
13	8	0	0.5	0	1	72.218	502
13	8	0	0.5	0	1	67.6279	503
13	8	0	0.5	0	1	71.3854	504
13	8	0	0.5	0	1	71.915	505
13	8	0	0.5	0	1	67.4617	506
13	8	0	0.5	0	1	68.5698	507
13	8	0	0.5	0	1	73.6825	508
13	8	0	0.5	0	1	70.2821	509
13	8	0	0.5	0	1	65.7688	510
15	8	0	0.5	0	1	68.1507	511
15	8	0	0.5	0	1	78.6111	512
15	8	0	0	0	0	75.9063	513
15	8	0	0	0	0	70.4557	514
15	8	0	0	0	0	82.5109	515
15	8	0	0	0	0	77.3701	516
15	8	0	0	0	0	76.3238	517
15	8	0	0	0	0	72.5247	518
15	8	0	0	0	0	72.8947	519
15	7	0	0	0	0	58.3182	520
15	8	0	0	0	0	71.4294	521
16	8	0	0	0	0	80.1525	522
16	8	0	0	0	0	78.2716	523
16	8	0	0	0	0	79.3324	524
16	8	0	0	0	0	76.6453	525
16	8	0	0	0	0	78.2265	526
16	8	0	0	0	0	83.956	527
15	8	0	0	0	0	79.7993	528
15	8	0	0	0	0	71.0545	529
15	8	0	0	0	0	71.5607	530
15	8	0	0	0	0	67.3958	531
15	7	0	0	0	0	72.814	532
15	6	0	0	0	0	61.4197	533
15	6	0	0	0	0	67.9342	534
14	6	0	0	0	0	68.527	535
14	6	0	0	0	0	70.5844	536
14	6	0	0	0	0	66.8449	537
14	6	0	0	0	0	68.087	538
14	6	0	0	0	0	64.5949	539
14	6	0	0	0	0	66.1629	540
14	6	0	0	0	0	69.9269	541
14	6	0	0	0	0	66.3447	542
14	6	0	0	0	0	67.0678	543
14	6	0	0	0	0	67.3878	544
14	6	0	0	0	0	68.6411	545
14	6	0	0	0	0	66.1123	546
13	6	0	0	0	0	62.2898	547
13	6	0	0	0	0	60.745	548
14	6	0	0	0	0	61.5751	549
14	6	0	0	0	0	58.2437	550
14	5	0	0	0	0	58.2712	551
14	5	0	0	0	0	61.6182	552
14	5	0	0	0	0	57.6312	553
14	5	0	0	0	0	64.2286	554
14	5	0	0	0	0	59.8142	555
16	5	0	0	0	0	60.9289	556
16	5	0	0	0	0	66.3793	557
16	5	0	0	0	0	65.4408	558
16	5	0	0	0	0	66.0773	559
16	6	0	0	0	0	63.9885	560
16	6	0	0	0	0	60.8383	561
16	6	0	0	0	0	66.4099	562
16	7	0	0	0	0	69.1855	563
16	7	0	0	0	0	71.1415	564
16	7	0	0	0	0	73.007	565
16	7	0	0	0	0	68.7487	566
16	6	0	0	0	0	71.424	567
16	6	0	0	0	0	68.9889	568
15	6	0	0	0	0	70.3818	569
15	6	0	0	0	0	71.3127	570
15	6	0	0	0	0	63.0766	571
15	6	0	0	0	0	68.1642	572
15	6	0	0	0	0	75.4661	573
15	6	0	0	0	0	68.6141	574
15	7	0	0	0	0	77.2652	575
15	7	0	0	0	0	63.9206	576
15	7	0	0	0	0	66.5649	577
16	11	0	0	0	0	76.9372	578
16	11	0	0	0	0	73.4317	579
17	11	0	0	0	0	75.6414	580
17	11	0	0	0	0	66.4708	581
17	12	0	0	0	0	87.1962	582
17	12	0	0	0	0	87.3958	583
16	12	0	0	0	0	86.6524	584
16	12	0	0	0	0	93.8187	585
16	12	0	0	0	0	77.4732	586
12	12	0	0	0	0	77.1472	587
12	12	0	0	0	0	75.7373	588
11	12	0	0	0	0	78.0843	589
11	12	0	0	0	0	83.5329	590
11	12	0	0	0	0	77.2399	591
11	12	0	0	0	0	77.6484	592
11	12	0	0	0	0	75.6762	593
11	12	0	0	0	0	77.7852	594
11	12	0	0	0	0	85.42	595
11	12	0	0	0	0	77.3082	596
11	13	0	0	0	0	76.5748	597
11	14	0	0	0	0	85.0538	598
11	14	0	0	0	0	83.7336	599
11	14	0	0	0	0	80.3312	600
12	15	0	0	0	0	82.5345	601
12	15	0	0	0	0	85.5861	602
12	14	0	0	0	0	88.0647	603
12	14	0	0	0	0	86.03	604
12	14	0	0	0	0	82.4953	605
12	14	0	0	0	0	74.4798	606
12	13	0	0	0	0	84.4987	607
12	13	0	0	0	0	82.9196	608
10	13	0	0	0	0	77.3444	609
10	13	0	0	0	0	84.1202	610
10	13	0	0	0	0	83.4495	611
10	13	0	0	0	0	73.4867	612
10	13	0	0	0	0	74.9452	613
10	13	0	0	0	0	77.8443	614
10	13	0	0	0	0	78.2852	615
10	13	0	0	0	0	78.3929	616
10	13	0	0	0	0	77.557	617
10	15	0	0	0	0	81.012	618
10	15	0	0	0	0	80.3152	619
10	15	0	0	0	0	85.132	620
10	15	0	0	0	0	80.7058	621
10	15	0	0	0	0	84.5406	622
10	15	0	0	0	0	81.8045	623
10	15	0	0	0	0	84.7283	624
10	15	0	0	0	0	78.6706	625
10	15	0	0	0	0	74.8864	626
8	15	0	0	0	0	77.5427	627
8	14	0	0	0	0	68.5388	628
9	14	0	0	0	0	71.4528	629
9	14	0	0	0	0	69.4978	630
9	14	0	0	0	0	74.9216	631
10	14	0	0	0	0	74.5432	632
9	14	0	0	0	0	79.0416	633
9	14	0	0	0	0	79.1155	634
9	14	0	0	0	0	75.0659	635
9	14	0	0	0	0	70.5195	636
9	14	0	0	0	0	74.1652	637
9	14	0	0	0	0	85.079	638
9	14	0	0	0	0	65.3928	639
10	13	0	0	0	0	70.7911	640
10	13	0	0	0	0	69.8979	641
10	13	0	0	0	0	72.6158	642
10	13	0	0	0	0	67.9487	643
10	13	0	0	0	0	70.1	644
10	11	0	0	0	0	71.5109	645
10	11	0	0	0	0	77.5895	646
10	11	0	0	0	0	66.6762	647
10	12	0	0	0	0	65.3962	648
10	12	0	0	0	0	70.1477	649
10	12	0	0	0	0	75.9886	650
10	12	0	0	0	0	79.9198	651
10	12	0	0	0	0	70.1652	652
10	12	0	0	0	0	70.3609	653
10	11	0	0	0	0	68.4166	654
10	12	0	0	0	0	62.2191	655
10	12	0	0	0	0	77.2286	656
10	12	0	0	0	0	72.1987	657
10	13	0	0	0	0	73.5713	658
10	13	0	0	0	0	75.8059	659
10	13	0	0	0	0	77.7628	660
9	13	0	0	0	0	69.9505	661
9	13	0	0	0	0	68.3606	662
9	11	0	0	0	0	67.2619	663
10	11	0	0	0	0	61.9093	664
10	11	0	0	0	0	77.5318	665
10	11	0	0	0	0	66.3575	666
10	11	0	0	0	0	63.5018	667
10	11	0	0	0	0	74.917	668
10	11	0	0	0	0	67.8278	669
10	11	0	0	0	0	59.9633	670
10	10	0	0	0	0	69.0438	671
10	10	0	0	0	0	59.1651	672
10	10	0	0	0	0	57.0415	673
10	9	0	0	0	0	60.2153	674
10	9	0	0	0	0	61.8185	675
10	9	0	0	0	0	63.6572	676
10	9	0	0	0	0	68.7548	677
11	9	0	0	0	0	61.8141	678
11	9	0	0	0	0	59.8933	679
11	9	0	0	0	0	67.359	680
12	9	0	0	0	0	67.22	681
12	9	0	0	0	0	75.9054	682
13	9	0	0	0	0	69.1576	683
13	9	0	0	0	0	73.9908	684
13	9	0	0	0	0	57.9115	685
13	8	0	0	0	0	62.5776	686
13	8	0	0	0	0	70.1694	687
13	8	0	0	0	0	58.9025	688
13	8	0	0	0	0	77.0397	689
13	8	0	0	0	0	73.1706	690
13	8	0	0	0	0	76.7594	691
13	8	0	0	0	0	65.9261	692
13	8	0	0	0	0	70.5463	693
13	8	0	0	0	0	66.2517	694
13	8	0	0	0	0	75.9002	695
13	8	0	0	0	0	69.8342	696
13	8	0	0	0	0	71.6254	697
13	8	0	0	0	0	64.0662	698
13	8	0	0	0	0	67.7246	699
13	8	0	0	0	0	71.8762	700
13	8	0	0	0	0	72.8508	701
14	8	0	0	0	0	73.1717	702
14	8	0	0	0	0	72.3071	703
14	8	0	0	0	0	56.4293	704
14	7	0	0	0	0	63.7463	705
12	7	0	0	0	0	63.3776	706
12	7	0	0	0	0	59.43	707
12	7	0	0	0	0	63.3776	708
12	7	0	0	0	0	63.814	709
12	7	0	0	0	0	61.6174	710
12	8	0	0	0	0	63.3125	711
13	8	0	0	0	0	52.314	712
13	8	0	0	0	0	46.9318	713
12	7	0	0	0	0	51.2294	714
12	7	0	0	0	0	53.0693	715
12	7	0	0	0	0	54.5128	716
12	7	0	0	0	0	50.701	717
12	6	0	0	0	0	51.2938	718
12	6	0	0	0	0	49.9227	719
11	6	0	0	0	0	58.0456	720
11	8	0	0	0	0	55.3313	721
11	8	0	0	0	0	45.5478	722
11	8	0	0	0	0	49.5609	723
11	8	0	0	0	0	62.9729	724
11	7	0	0	0	0	56.5257	725
11	7	0	0	0	0	51.0848	726
11	7	0	0	0	0	48.174	727
11	6	0	0	0	0	54.5726	728
12	6	0	0	0	0	54.5441	729
11	6	0	0	0	0	53.3448	730
11	6	0	0	0	0	55.6188	731
11	6	0	0	0	0	48.7449	732
12	6	0	0	0	0	48.0854	733
12	6	0	0	0	0	59.1711	734
12	6	0	0	0	0	60.4388	735
12	6	0	0	0	0	58.7027	736
12	6	0	0	0	0	64.9951	737
12	7	0	0	0	0	62.0298	738
12	7	0	0	0	0	60.8502	739
12	7	0	0	0	0	66.5662	740
13	7	0	0	0	0	55.3324	741
13	7	0	0	0	0	52.8711	742
13	5	0	0	0	0	55.5242	743
13	5	0	0	0	0	51.7564	744
13	5	0	0	0	0	64.7845	745
13	5	0	0	0	0	64.1422	746
13	5	0	0	0	0	55.8232	747
13	5	0	0	0	0	60.7665	748
13	5	0	0	0	0	51.9625	749
13	5	0	0	0	0	59.3192	750
12	5	0	0	0	0	57.9167	751
12	5	0	0	0	0	55.4324	752
12	5	0	0	0	0	57.5078	753
12	5	0	0	0	0	61.6744	754
12	5	0	0	0	0	61.9666	755
13	5	0	0	0	0	57.1344	756
13	5	0	0	0	0	55.5391	757
13	5	0	0	0	0	58.2903	758
13	5	0	0	0	0	58.4082	759
13	5	0	0	0	0	61.1655	760
13	5	0	0	0	0	58.8612	761
13	5	0	0	0	0	58.1809	762
13	5	0	0	0	0	59.23	763
13	5	0	0	0	0	59.23	764
13	5	0	0	0	0	61.8309	765
13	6	0	0	0	0	58.7291	766
13	6	0	0	0	0	57.0822	767
13	6	0	0	0	0	65.9806	768
12	6	0	0	0	0	60.3364	769
12	6	0	0	0	0	61.4003	770
12	6	0	0	0	0	54.0248	771
12	6	0	0	0	0	58.4819	772
12	6	0	0	0	0	66.0003	773
12	6	0	0	0	0	63.2078	774
12	6	0	0	0	0	56.0764	775
12	8	0	0	0	0	60.271	776
12	8	0	0	0	0	50.566	777
12	8	0	0	0	0	62.8332	778
11	8	0	0	0	0	63.517	779
11	8	0	0	0	0	63.8137	780
11	8	0	0	0	0	57.0741	781
8	8	0	0	0	0	57.6339	782
8	8	0	0	0	0	48.0877	783
8	8	0	0	0	0	54.2683	784
8	8	0	0	0	0	50.7578	785
8	8	0	0	0	0	57.9932	786
8	8	0	0	0	0	54.4725	787
8	8	0	0	0	0	50.9227	788
8	8	0	0	0	0	54.2683	789
8	8	0	0	0	0	52.1715	790
8	8	0	0	0	0	54.6886	791
8	8	0	0	0	0	51.848	792
9	8	0	0	0	0	50.1225	793
9	8	0	0	0	0	61.8723	794
9	8	0	0	0	0	56.2656	795
9	8	0	0	0	0	57.7614	796
9	9	0	0	0	0	55.2424	797
9	9	0	0	0	0	53.7717	798
9	10	0	0	0	0	49.9782	799
9	10	0	0	0	0	57.9234	800
10	10	0	0	0	0	52.3792	801
10	10	0	0	0	0	51.8342	802
9	10	0	0	0	0	68.9133	803
9	10	0	0	0	0	62.3558	804
9	10	0	0	0	0	61.5557	805
9	10	0	0	0	0	61.2314	806
9	10	0	0	0	0	61.6018	807
9	9	0	0	0	0	66.0575	808
9	9	0	0	0	0	60.085	809
9	9	0	0	0	0	62.3319	810
9	9	0	0	0	0	57.9067	811
9	9	0	0	0	0	62.3558	812
9	9	0	0	0	0	62.3558	813
9	9	0	0	0	0	60.0164	814
9	9	0	0	0	0	61.705	815
9	9	0	0	0	0	59.5229	816
9	9	0	0	0	0	65.9139	817
9	9	0	0	0	0	59.0905	818
9	9	0	0	0	0	61.6599	819
9	9	0	0	0	0	60.4909	820
9	9	0	0	0	0	61.3974	821
9	10	0	0	0	0	65.1695	822
9	10	0	0	0	0	65.0111	823
9	10	0	0	0	0	68.8073	824
9	10	0	0	0	0	61.8623	825
9	10	0	0	0	0	65.4421	826
9	10	0	0	0	0	58.477	827
8	10	0	0	0	0	53.5672	828
8	10	0	0	0	0	54.4116	829
8	10	0	0	0	0	52.3609	830
7	10	0	0	0	0	53.9726	831
7	10	0	0	0	0	52.6836	832
6	10	0	0	0	0	53.9812	833
6	10	0	0	0	0	53.2299	834
6	10	0	0	0	0	54.1668	835
7	10	0	0	0	0	51.0848	836
7	10	0	0	0	0	52.7313	837
7	10	0	0	0	0	49.9648	838
7	10	0	0	0	0	61.954	839
7	10	0	0	0	0	49.5847	840
7	10	0	0	0	0	47.0013	841
6	10	0	0	0	0	52.9528	842
6	10	0	0	0	0	57.2157	843
6	10	0	0	0	0	52.9169	844
7	10	0	0	0	0	57.6122	845
7	10	0	0	0	0	52.9545	846
7	10	0	0	0	0	57.1807	847
7	10	0	0	0	0	55.5592	848
7	10	0	0	0	0	53.8462	849
7	10	0	0	0	0	58.536	850
8	10	0	0	0	0	52.5153	851
9	10	0	0	0	0	51.4881	852
9	10	0	0	0	0	50.9403	853
8	10	0	0	0	0	55.7426	854
9	10	0	0	0	0	52.5299	855
9	10	0	0	0	0	57.4885	856
9	10	0	0	0	0	57.6797	857
8	10	0	0	0	0	56.7801	858
9	10	0	0	0	0	55.4834	859
9	10	0	0	0	0	54.7761	860
9	9	0	0	0	0	58.6382	861
9	9	0	0	0	0	56.6347	862
9	10	0	0	0	0	56.7991	863
9	10	0	0	0	0	62.7721	864
9	10	0	0	0	0	65.4487	865
9	10	0	0	0	0	47.4094	866
9	10	0	0	0	0	56.9261	867
9	9	0	0	0	0	56.3732	868
10	9	0	0	0	0	60.6197	869
10	9	0	0	0	0	54.7843	870
10	7	0	0	0	0	53.8541	871
9	7	0	0	0	0	42.3604	872
9	7	0	0	0	0	56.8168	873
9	7	0	0	0	0	43.8578	874
9	8	0	0	0	0	49.8361	875
9	8	0	0	0	0	46.8745	876
9	8	0	0	0	0	56.4484	877
9	8	0	0	0	0	49.827	878
7	8	0	0	0	0	47.0111	879
7	8	0	0	0	0	42.1405	880
7	8	0	0	0	0	46.3892	881
7	8	0	0	0	0	48.9741	882
7	8	0	0	0	0	49.3452	883
7	8	0	0	0	0	50.083	884
7	8	0	0	0	0	49.5397	885
7	8	0	0	0	0	42.5974	886
7	8	0	0	0	0	50.3807	887
7	8	0	0	0	0	49.3476	888
7	8	0	0	0	0	45.9782	889
8	8	0	0	0	0	48.8938	890
8	8	0	0	0	0	47.2949	891
8	8	0	0	0	0	45.3971	892
8	8	0	0	0	0	53.5404	893
9	8	0	0	0	0	51.1893	894
9	8	0	0	0	0	56.5214	895
9	8	0	0	0	0	50.7055	896
9	7	0	0	0	0	49.8783	897
9	7	0	0	0	0	50.0305	898
9	7	0	0	0	0	53.9896	899
9	7	0	0	0	0	51.7343	900
9	7	0	0	0	0	53.3497	901
9	7	0	0	0	0	52.6882	902
9	7	0	0	0	0	49.2777	903
9	7	0	0	0	0	51.8371	904
9	7	0	0	0	0	44.4442	905
9	7	0	0	0	0	48.7366	906
9	7	0	0	0	0	57.0473	907
9	7	0	0	0	0	49.7598	908
9	7	0	0	0	0	50.4749	909
9	7	0	0	0	0	49.5909	910
9	8	0	0	0	0	51.9157	911
9	7	0	0	0	0	46.9454	912
9	7	0	0	0	0	46.1078	913
9	7	0	0	0	0	54.3189	914
10	7	0	0	0	0	49.5596	915
10	6	0	0	0	0	46.4542	916
10	6	0	0	0	0	41.1604	917
10	6	0	0	0	0	52.7316	918
10	7	0	0	0	0	48.8271	919
10	6	0	0	0	0	50.6806	920
10	6	0	0	0	0	52.509	921
10	6	0	0	0	0	51.7726	922
10	6	0	0	0	0	49.6441	923
10	6	0	0	0	0	53.9688	924
10	6	0	0	0	0	39.6685	925
10	5	0	0	0	0	48.1161	926
10	5	0	0	0	0	42.3179	927
10	5	0	0	0	0	50.964	928
10	5	0	0	0	0	44.7021	929
10	5	0	0	0	0	49.6572	930
10	5	0	0	0	0	45.6622	931
12	4	0	0	0	0	48.4433	932
12	4	0	0	0	0	49.978	933
12	5	0	0	0	0	53.0781	934
12	5	0	0	0	0	56.2251	935
12	5	0	0	0	0	61.0813	936
12	5	0	0	0	0	55.7881	937
12	5	0	0	0	0	53.7845	938
12	5	0	0	0	0	56.2251	939
12	5	0	0	0	0	55.6992	940
12	6	0	0	0	0	61.6657	941
12	6	0	0	0	0	60.2068	942
12	6	0	0	0	0	46.4085	943
12	6	0	0	0	0	65.4786	944
12	6	0	0	0	0	65.6095	945
12	6	0	0	0	0	49.7807	946
12	5	0	0	0	0	58.389	947
12	5	0	0	0	0	61.159	948
12	5	0	0	0	0	61.4608	949
12	5	0	0	0	0	56.9247	950
12	5	0	0	0	0	57.25	951
11	5	0	0	0	0	50.5415	952
11	5	0	0	0	0	37.1453	953
11	5	0	0	0	0	57.8322	954
11	5	0	0	0	0	49.9349	955
11	5	0	0	0	0	55.551	956
12	5	0	0	0	0	47.4297	957
12	5	0	0	0	0	48.9812	958
12	5	0	0	0	0	60.603	959
12	5	0	0	0	0	56.3311	960
12	5	0	0	0	0	62.1018	961
12	5	0	0	0	0	57.983	962
13	5	0	0	0	0	52.4859	963
12	5	0	0	0	0	43.0535	964
12	5	0	0	0	0	56.8059	965
12	5	0	0	0	0	53.1401	966
12	6	0	0	0	0	57.9093	967
12	6	0	0	0	0	53.1401	968
12	6	0	0	0	0	61.9665	969
12	6	0	0	0	0	60.9135	970
12	6	0	0	0	0	55.932	971
12	7	0	0	0	0	61.4734	972
12	7	0	0	0	0	56.6901	973
12	7	0	0	0	0	58.4099	974
12	7	0	0	0	0	60.4004	975
11	7	0	0	0	0	55.6884	976
11	7	0	0	0	0	60.3603	977
11	7	0	0	0	0	51.7376	978
11	7	0	0	0	0	64.5787	979
11	7	0	0	0	0	43.3039	980
11	7	0	0	0	0	56.0241	981
11	8	0	0	0	0	65.5488	982
11	8	0	0	0	0	56.793	983
11	8	0	0	0	0	56.8513	984
11	8	0	0	0	0	57.0233	985
10	8	0	0	0	0	59.6226	986
10	8	0	0	0	0	61.2879	987
10	8	0	0	0	0	44.544	988
10	8	0	0	0	0	44.5978	989
11	8	0	0	0	0	46.8935	990
7	9	0	0	0	0	29.9061	991
7	10	0	0	0	0	49.6991	992
7	10	0	0	0	0	40.0857	993
7	10	0	0	0	0	49.8484	994
6	10	0	0	0	0	38.4517	995
6	10	0	0	0	0	47.1357	996
6	10	0	0	0	0	42.2983	997
6	10	0	0	0	0	47.9343	998
7	10	0	0	0	0	54.49	999
7	10	0	0	0	0	50.0165	1000
7	10	0	0	0	0	48.5453	1001
6	10	0	0	0	0	54.5128	1002
6	10	0	0	0	0	54.4247	1003
6	10	0	0	0	0	45.7117	1004
6	10	0	0	0	0	51.3463	1005
6	10	0	0	0	0	43.9268	1006
6	10	0	0	0	0	47.093	1007
6	11	0	0	0	0	48.5529	1008
6	11	0	0	0	0	51.7493	1009
6	11	0	0	0	0	54.1417	1010
6	11	0	0	0	0	54.9981	1011
6	11	0	0	0	0	56.1167	1012
6	11	0	0	0	0	55.5461	1013
6	11	0	0	0	0	55.7652	1014
6	11	0	0	0	0	56.6425	1015
6	11	0	0	0	0	55.1881	1016
6	11	0	0	0	0	56.5061	1017
6	11	0	0	0	0	57.1865	1018
6	11	0	0	0	0	48.2246	1019
6	11	0	0	0	0	55.2835	1020
6	11	0	0	0	0	56.9014	1021
6	11	0	0	0	0	43.5527	1022
6	11	0	0	0	0	42.3338	1023
6	11	0	0	0	0	35.2848	1024
6	9	0	0	0	0	42.2861	1025
6	9	0	0	0	0	40.8479	1026
6	9	0	0	0	0	45.4715	1027
6	9	0	0	0	0	43.6004	1028
6	9	0	0	0	0	45.2805	1029
6	9	0	0	0	0	42.4468	1030
6	8	0	0	0	0	46.8608	1031
6	8	0	0	0	0	43.1133	1032
6	8	0	0	0	0	42.9854	1033
6	8	0	0	0	0	45.7949	1034
6	8	0	0	0	0	39.72	1035
6	8	0	0	0	0	38.4591	1036
5	8	0	0	0	0	38.2641	1037
5	8	0	0	0	0	33.7506	1038
5	7	0	0	0	0	37.2065	1039
5	7	0	0	0	0	33.6682	1040
5	7	0	0	0	0	36.8622	1041
5	7	0	0	0	0	33.3809	1042
5	7	0	0	0	0	36.8622	1043
5	7	0	0	0	0	37.324	1044
5	7	0	0	0	0	34.4093	1045
5	7	0	0	0	0	26.5853	1046
5	7	0	0	0	0	32.7623	1047
5	7	0	0	0	0	36.2615	1048
5	7	0	0	0	0	31.1592	1049
5	7	0	0	0	0	36.3644	1050
5	7	0	0	0	0	37.3675	1051
5	7	0	0	0	0	32.2551	1052
5	6	0	0	0	0	35.0662	1053
5	6	0	0	0	0	35.0662	1054
5	6	0	0	0	0	29.9182	1055
5	6	0	0	0	0	27.8281	1056
5	6	0	0	0	0	29.2049	1057
5	6	0	0	0	0	31.0033	1058
5	6	0	0	0	0	12.4268	1059
5	5	0	0	0	0	8.34334	1060
5	4	0	0	0	0	9.63159	1061
5	4	0	0	0	0	8.0291	1062
3	3	0	0	0	0	5.86143	1063
3	3	0	0	0	0	8.49554	1064
2	3	0	0	0	0	7.45965	1065
2	2	0	0	0	0	1.17806	1066
2	2	0	0	0	0	1.59193	1067
1	2	0	0	0	0	0.0964354	1068
1	2	0	0	0	0	-1.87947	1069
0	2	0	0	0	0	0.800438	1070
0	2	0	0	0	0	-1.26026	1071
0	2	0	0	0	0	-3.41773	1072
0	1	0	0	0	0	-4.21404	1073
0	1	0	0	0	0	-3.05903	1074
0	1	0	0	0	0	-2.66271	1075
0	1	0	0	0	0	-3.05903	1076
0	1	0	0	0	0	-3.05903	1077
0	1	0	0	0	0	-2.99111	1078
0	1	0	0	0	0	-4.9184	1079
0	1	0	0	0	0	-3.63238	1080
0	1	0	0	0	0	-3.31162	1081
0	1	0	0	0	0	-3.31162	1082
0	1	0	0	0	0	-3.31162	1083
0	1	0	0	0	0	-3.23178	1084
0	1	0	0	0	0	-3.23178	1085
0	1	0	0	0	0	-4.21404	1086
0	1	0	0	0	0	-4.82991	1087
0	1	0	0	0	0	-3.63238	1088
0	1	0	0	0	0	-4.21404	1089
0	1	0	0	0	0	nan	1090
0	0	0	0	0	0	nan	1091
0	0	0	0	0	0	nan	1092
0	0	0	0	0	0	nan	1093
0	0	0	0	0	0	nan	1094
0	0	0	0	0	0	nan	1095
0	0	0	0	0	0	nan	1096
0	0	0	0	0	0	nan	1097
0	0	0	0	0	0	nan	1098
0	0	0	0	0	0	nan	1099
0	0	0	0	0	0	nan	1100
0	0	0	0	0	0	nan	1101
0	0	0	0	0	0	nan	1102
0	0	0	0	0	0	nan	1103
0	0	0	0	0	0	nan	1104
0	0	0	0	0	0	nan	1105
