unique_top_cov	unique_bot_cov	redundant_top_cov	redundant_bot_cov	raw_redundant_top_cov	raw_redundant_bot_cov	e_value	position
5	0	0	0	0	0	nan	1
5	0	0	0	0	0	6.93567	2
5	0	0	0	0	0	7.28638	3
5	0	0	0	0	0	6.01672	4
5	0	0	0	0	0	3.51827	5
5	0	0	0	0	0	6.95426	6
5	0	0	0	0	0	6.64106	7
5	1	0	0	0	0	5.4479	8
5	1	0	0	0	0	8.34124	9
7	1	0	0	0	0	7.00507	10
7	1	0	0	0	0	8.93598	11
7	2	0	0	0	0	16.5409	12
7	2	0	0	0	0	13.6602	13
7	2	0	0	0	0	16.3565	14
7	2	0	0	0	0	17.6063	15
7	2	0	0	0	0	18.1335	16
7	2	0	0	0	0	16.0016	17
7	2	0	0	0	0	20.1055	18
7	2	0	0	0	0	19.6078	19
7	2	0	0	0	0	21.2481	20
7	2	0	0	0	0	17.3517	21
7	2	0	0	0	0	19.0875	22
8	2	0	0	0	0	18.2047	23
8	2	0	0	0	0	20.7936	24
8	2	0	0	0	0	21.0818	25
8	2	0	0	0	0	24.7562	26
8	2	0	0	0	0	24.0789	27
8	3	0	0	0	0	24.5427	28
8	3	0	0	0	0	23.4972	29
8	3	0	0	0	0	24.6645	30
8	3	0	0	0	0	22.3764	31
8	3	0	0	0	0	22.8412	32
8	3	0	0	0	0	26.5983	33
8	3	0	0	0	0	25.5239	34
8	3	0	0	0	0	19.4845	35
8	3	0	0	0	0	25.0356	36
10	4	0	0	0	0	25.3768	37
10	4	0	0	0	0	26.9515	38
10	4	0	0	0	0	35.8603	39
10	4	0	0	0	0	31.3147	40
10	4	0	0	0	0	29.9197	41
10	4	0	0	0	0	28.1459	42
10	4	0	0	0	0	35.9496	43
10	4	0	0	0	0	37.5865	44
10	4	0	0	0	0	31.5544	45
10	4	0	0	0	0	36.0568	46
11	4	0	0	0	0	35.0149	47
11	4	0	0	0	0	32.9322	48
11	4	0	0	0	0	40.1008	49
11	4	0	0	0	0	37.2939	50
12	4	0	0	0	0	37.8228	51
12	4	0	0	0	0	35.3835	52
13	4	0	0	0	0	34.6506	53
13	4	0	0	0	0	39.1152	54
13	4	0	0	0	0	42.6991	55
13	4	0	0	0	0	48.556	56
13	4	0	0	0	0	46.8492	57
14	4	0	0	0	0	42.9484	58
14	4	0	0	0	0	44.6449	59
14	4	0	0	0	0	45.5376	60
14	4	0	0	0	0	45.1539	61
14	4	0	0	0	0	44.0229	62
15	4	0	0	0	0	48.4256	63
16	4	0	0	0	0	39.9219	64
16	4	0	0	0	0	55.4294	65
16	5	0	0	0	0	57.442	66
16	5	0	0	0	0	58.7757	67
16	5	0	0	0	0	57.8148	68
16	5	0	0	0	0	62.8122	69
16	6	0	0	0	0	61.0864	70
16	6	0	0	0	0	69.4989	71
16	6	0	0	0	0	59.8925	72
17	6	0	0	0	0	65.4055	73
17	6	0	0	0	0	67.0724	74
17	6	0	0	0	0	69.9789	75
17	6	0	0	0	0	57.1727	76
17	6	0	0	0	0	64.2473	77
17	6	0	0	0	0	62.2624	78
17	6	0	0	0	0	69.9514	79
17	6	0	0	0	0	62.0643	80
17	6	0	0	0	0	72.7582	81
17	6	0	0	0	0	62.0445	82
17	6	0	0	0	0	73.2161	83
17	6	0	0	0	0	70.8423	84
17	7	0	0	0	0	57.9114	85
17	6	0	0	0	0	51.0163	86
17	6	0	0	0	0	61.5871	87
17	5	0	0	0	0	66.2934	88
17	5	0	0	0	0	71.0106	89
17	5	0	0	0	0	4.53328	90
18	6	0	0	0	0	70.3803	91
18	6	0	0	0	0	72.6962	92
18	6	0	0	0	0	77.4657	93
19	6	0	0	0	0	73.5046	94
19	8	0	0	0	0	80.7931	95
19	8	0	0	0	0	75.2511	96
19	8	0	0	0	0	72.9196	97
19	8	0	0	0	0	89.5266	98
19	8	0	0	0	0	79.8794	99
20	9	0	0	0	0	87.4773	100
20	10	0	0	0	0	96.9358	101
20	11	0	0	0	0	86.579	102
20	13	0	0	0	0	99.5019	103
20	13	0	0	0	0	100.298	104
19	13	0	0	0	0	99.5367	105
19	13	0	0	0	0	104.182	106
19	13	0	0	0	0	105.611	107
19	13	0	0	0	0	102.028	108
19	14	0	0	0	0	95.6929	109
19	14	0	0	0	0	109.558	110
19	14	0	0	0	0	100.954	111
20	14	0	0	0	0	104.604	112
20	14	0	0	0	0	106.858	113
20	14	0	0	0	0	104.996	114
20	14	0	0	0	0	115.795	115
21	14	0	0	0	0	118.149	116
21	14	0	0	0	0	100.257	117
20	14	0	0	0	0	112.838	118
20	14	0	0	0	0	14.078	119
21	14	0	0	0	0	99.9544	120
22	14	0	0	0	0	106.258	121
22	15	0	0	0	0	122.222	122
22	15	0	0	0	0	114.992	123
22	15	0	0	0	0	118.443	124
22	15	0	0	0	0	117.862	125
21	15	0	0	0	0	4.5039	126
22	14	0	0	0	0	105.027	127
22	14	0	0	0	0	121.758	128
22	14	0	0	0	0	103.605	129
22	15	0	0	0	0	112.772	130
21	14	0	0	0	0	13.2332	131
21	14	0	0	0	0	113.69	132
21	14	0	0	0	0	109.173	133
22	15	0	0	0	0	117.316	134
21	15	0	0	0	0	113.085	135
21	16	0	0	0	0	109.244	136
21	16	0	0	0	0	125.097	137
21	17	0	0	0	0	128.514	138
21	17	0	0	0	0	127.652	139
21	17	0	0	0	0	133.961	140
21	17	0	0	0	0	124.757	141
21	17	0	0	0	0	130.587	142
21	17	0	0	0	0	127.46	143
21	17	0	0	0	0	132.971	144
21	17	0	0	0	0	139.982	145
21	17	0	0	0	0	121.689	146
21	17	0	0	0	0	119.58	147
20	17	0	0	0	0	114.264	148
19	17	0	0	0	0	131.129	149
19	17	0	0	0	0	125.894	150
19	17	0	0	0	0	125.818	151
19	17	0	0	0	0	109.053	152
19	16	0	0	0	0	16.4416	153
19	17	0	0	0	0	125.075	154
19	17	0	0	0	0	114.41	155
19	17	0	0	0	0	111.983	156
19	17	0	0	0	0	118.114	157
19	18	0	0	0	0	113.616	158
19	19	0	0	0	0	113.27	159
17	19	0	0	0	0	115.747	160
17	20	0	0	0	0	130.124	161
16	20	0	0	0	0	120.144	162
16	20	0	0	0	0	112.638	163
16	20	0	0	0	0	123.771	164
16	20	0	0	0	0	121.497	165
15	20	0	0	0	0	130.018	166
15	20	0	0	0	0	112.282	167
15	20	0	0	0	0	111.918	168
15	20	0	0	0	0	107.822	169
16	20	0	0	0	0	115.793	170
16	20	0	0	0	0	123.78	171
16	20	0	0	0	0	119.288	172
16	20	0	0	0	0	128.887	173
15	20	0	0	0	0	110.799	174
15	20	0	0	0	0	116.656	175
15	20	0	0	0	0	20.9447	176
15	20	0	0	0	0	113.835	177
15	22	0	0	0	0	122.358	178
15	22	0	0	0	0	106.266	179
16	22	0	0	0	0	114.922	180
15	21	0	0	0	0	109.691	181
15	21	0	0	0	0	105.244	182
15	21	0	0	0	0	120.428	183
15	20	0	0	0	0	116.272	184
15	20	0	0	0	0	118.74	185
15	19	0	0	0	0	111.034	186
13	20	0	0	0	0	95.5092	187
15	20	0	0	0	0	120.755	188
15	20	0	0	0	0	125.478	189
15	20	0	0	0	0	128.019	190
15	20	0	0	0	0	112.713	191
15	20	0	0	0	0	115.802	192
15	19	0	0	0	0	96.5014	193
16	19	0	0	0	0	115.509	194
16	19	0	0	0	0	116.344	195
16	19	0	0	0	0	116.265	196
15	18	0	0	0	0	114.483	197
15	17	0	0	0	0	112.327	198
15	17	0	0	0	0	106.982	199
15	17	0.333333	0	1	0	112.512	200
15	17	0.333333	0	1	0	100.112	201
15	15	0.333333	0	1	0	103.588	202
14	15	0.333333	0	1	0	93.3937	203
14	15	0.333333	0	1	0	96.0178	204
14	15	0.333333	0	1	0	95.0691	205
14	14	0.333333	0	1	0	99.177	206
14	14	0.333333	0	1	0	92.8448	207
14	14	0.333333	0	1	0	92.9166	208
14	14	0.333333	0	1	0	92.5926	209
14	14	0.333333	0	1	0	86.0033	210
14	14	0.333333	0	1	0	86.2876	211
14	14	0.333333	0	1	0	90.9617	212
13	14	0.333333	0	1	0	82.5554	213
12	14	0.333333	0.666667	1	2	83.8529	214
12	14	0.333333	1.33333	1	4	79.3579	215
12	14	0.333333	1.33333	1	4	82.8981	216
12	14	0.333333	1.33333	1	4	85.6457	217
12	14	0.333333	1.33333	1	4	77.8402	218
12	14	0.333333	1.33333	1	4	79.1925	219
12	13	0.333333	1.33333	1	4	81.3533	220
11	13	0.333333	1.33333	1	4	67.5006	221
11	13	0.333333	1.33333	1	4	68.2109	222
9	13	0.333333	1.33333	1	4	63.2796	223
9	12	0.333333	1.33333	1	4	68.1748	224
9	12	0.333333	1.33333	1	4	54.6372	225
9	11	0.333333	1.33333	1	4	62.6293	226
9	11	0.333333	1.33333	1	4	63.9194	227
9	11	0.333333	1.33333	1	4	66.0059	228
9	11	0.333333	1.33333	1	4	56.2644	229
9	11	0.333333	1.33333	1	4	52.1157	230
8	11	0.333333	1.33333	1	4	53.707	231
8	11	0.333333	1.33333	1	4	51.9149	232
7	11	0.333333	1.33333	1	4	54.8978	233
7	11	0.333333	1.33333	1	4	51.886	234
7	11	0.333333	1.33333	1	4	50.1102	235
7	10	0.333333	1.33333	1	4	54.989	236
7	10	0.333333	1.33333	1	4	51.1284	237
7	10	0.333333	1.33333	1	4	46.3421	238
7	10	0.333333	1.33333	1	4	55.6125	239
7	10	0.333333	1.33333	1	4	50.423	240
7	10	0.333333	1.33333	1	4	48.7642	241
7	10	0.333333	1.33333	1	4	46.3812	242
7	9	0.333333	1.33333	1	4	51.915	243
7	9	0.333333	1.33333	1	4	41.5207	244
7	8	0.333333	1.33333	1	4	39.6343	245
7	8	0.333333	1.33333	1	4	42.9662	246
7	8	0	1.33333	0	4	45.0111	247
7	8	0	1.33333	0	4	32.598	248
7	7	0	1.33333	0	4	33.2897	249
6	6	0	1.33333	0	4	31.4999	250
6	6	0	1.33333	0	4	29.8522	251
5	6	0	1.33333	0	4	29.8393	252
5	6	0	1.33333	0	4	23.823	253
5	6	0	1.33333	0	4	17.8494	254
4	6	0	1.33333	0	4	22.0322	255
4	6	0	1.33333	0	4	20.3429	256
4	5	0	1	0	3	18.8945	257
4	5	0	1	0	3	21.2346	258
4	5	0	1	0	3	19.4128	259
4	5	0	1	0	3	20.0319	260
4	5	0	1	0	3	11.7097	261
2	5	0	1	0	3	11.6167	262
1	5	0	1	0	3	8.83304	263
1	5	0	1	0	3	6.65469	264
1	4	0	1	0	3	3.01927	265
1	4	0	1	0	3	0.040474	266
1	4	0	0.666667	0	2	-0.297135	267
1	4	0	0.666667	0	2	1.36372	268
1	4	0	0.333333	0	1	1.56075	269
1	3	0	0	0	0	-1.08687	270
1	3	0	0	0	0	1.56075	271
1	2	0	0	0	0	1.52846	272
1	2	0	0	0	0	-0.960806	273
1	2	0	0	0	0	nan	274
1	2	0	0	0	0	nan	275
