unique_top_cov	unique_bot_cov	redundant_top_cov	redundant_bot_cov	raw_redundant_top_cov	raw_redundant_bot_cov	e_value	position
8	5	0.5	0	1	0	45.8892	1
8	5	0.5	0	1	0	40.3079	2
8	5	0.5	0	1	0	40.1021	3
8	5	0.5	0	1	0	43.2496	4
8	5	0.5	0	1	0	41.652	5
8	5	0.5	0	1	0	39.3202	6
8	5	0.5	0	1	0	40.2111	7
8	5	0.5	0	1	0	43.1628	8
8	5	0.5	0	1	0	42.2997	9
8	5	0.5	0	1	0	35.8866	10
8	5	0.5	0	1	0	45.0037	11
8	5	0.5	0	1	0	41.3415	12
8	5	0.5	0	1	0	43.2496	13
8	5	0.5	0	1	0	36.0619	14
8	5	0.5	0	1	0	45.3609	15
8	5	0.5	0	1	0	40.1635	16
8	5	0.5	0	1	0	40.2111	17
8	5	0.5	0	1	0	41.6249	18
8	5	0.5	0	1	0	36.609	19
8	5	0.5	0	1	0	40.4632	20
8	5	0.5	0	1	0	39.7251	21
8	5	0.5	0	1	0	42.6472	22
8	5	0.5	0	1	0	45.2343	23
8	5	0.5	0	1	0	36.5135	24
8	5	0.5	0	1	0	36.9646	25
8	4	0.5	0	1	0	38.5679	26
8	4	0.5	0	1	0	33.4124	27
8	4	0.5	0	1	0	40.2663	28
8	4	0.5	0	1	0	35.2073	29
8	5	0.5	0	1	0	38.6042	30
8	5	0.5	0	1	0	40.2603	31
8	5	0.5	0	1	0	37.381	32
8	4	0.5	0	1	0	38.9626	33
8	4	0.5	0	1	0	38.2975	34
8	4	0.5	0	1	0	41.8556	35
8	4	0.5	0	1	0	39.2573	36
8	5	0.5	0	1	0	34.157	37
8	5	0.5	0	1	0	39.7106	38
8	5	0.5	0	1	0	42.8001	39
8	5	0.5	0	1	0	39.6629	40
10	5	0.5	0	1	0	45.8092	41
10	5	0.5	0	1	0	50.6175	42
10	5	0.5	0	1	0	42.5241	43
10	5	0.5	0	1	0	50.6175	44
10	5	0.5	0	1	0	50.1782	45
10	5	0.5	0	1	0	47.8388	46
10	5	0.5	0	1	0	48.4751	47
10	5	0.5	0	1	0	49.9768	48
10	5	0.5	0	1	0	46.7251	49
11	5	0.5	0	1	0	50.9713	50
11	5	0.5	0	1	0	46.2789	51
11	5	0.5	0	1	0	46.655	52
11	5	0.5	0	1	0	52.2452	53
11	5	0.5	0	1	0	55.303	54
12	5	0.5	0	1	0	53.5886	55
12	5	0.5	0	1	0	49.046	56
12	5	0.5	0	1	0	48.1158	57
12	5	0.5	0	1	0	49.0519	58
12	5	0.5	0	1	0	54.5509	59
12	5	0.5	0	1	0	58.9405	60
13	5	0.5	0	1	0	53.6069	61
13	5	0.5	0	1	0	58.8257	62
13	5	0.5	0	1	0	57.6681	63
13	5	0.5	0	1	0	60.8228	64
13	5	0.5	0	1	0	59.7497	65
13	5	0.5	0	1	0	58.4492	66
13	5	0.5	0	1	0	59.8204	67
13	5	0	0	0	0	56.581	68
13	5	0	0	0	0	58.5203	69
13	5	0	0	0	0	57.1132	70
13	5	0	0	0	0	59.2879	71
13	5	0	0	0	0	55.4457	72
13	5	0	0	0	0	50.5384	73
13	5	0	0	0	0	53.8322	74
13	5	0	0	0	0	54.077	75
13	5	0	0	0	0	52.7005	76
12	5	0	0	0	0	50.0373	77
12	5	0	0	0	0	44.3065	78
12	5	0	0	0	0	52.9741	79
12	5	0.333333	0	1	0	56.1167	80
12	6	0.333333	0	1	0	57.5826	81
12	6	0.333333	0	1	0	52.5563	82
12	6	0.333333	0	1	0	50.3156	83
12	6	0.333333	0	1	0	52.4197	84
12	6	0.333333	0	1	0	55.2952	85
12	6	0.333333	0	1	0	49.9841	86
12	6	0.333333	0	1	0	55.4727	87
12	5	0.333333	0	1	0	45.2652	88
12	4	0.333333	0	1	0	48.046	89
12	4	0.333333	0	1	0	47.0791	90
12	4	0.333333	0	1	0	47.313	91
12	4	0.333333	0	1	0	47.9726	92
12	4	0.333333	0	1	0	42.952	93
11	4	0.333333	0	1	0	43.3458	94
10	4	0.333333	0	1	0	38.0797	95
10	4	0.333333	0	1	0	38.4017	96
10	3	0.333333	0	1	0	40.2692	97
10	3	0.333333	0	1	0	28.9842	98
9	3	0.333333	0	1	0	32.431	99
8	3	0.333333	0	1	0	31.9205	100
8	3	0.333333	0	1	0	27.7853	101
8	3	0.333333	0	1	0	31.9	102
8	3	0.333333	0	1	0	25.6833	103
8	3	0.333333	0	1	0	25.1752	104
9	3	0.333333	0	1	0	24.2477	105
8	3	0.333333	0	1	0	24.208	106
7	3	0.333333	0	1	0	27.4878	107
7	3	0.333333	0	1	0	23.7274	108
7	3	0.333333	0	1	0	30.0428	109
7	3	0.333333	0	1	0	28.3507	110
7	3	0.333333	0	1	0	29.7903	111
7	3	0.333333	0	1	0	24.9687	112
7	3	0.333333	0	1	0	27.888	113
7	3	0.333333	0	1	0	27.9495	114
7	4	0.333333	0	1	0	29.5458	115
7	4	0.333333	0	1	0	26.3718	116
7	4	0.333333	0	1	0	29.5012	117
7	4	0.333333	0	1	0	29.987	118
7	4	0.333333	0	1	0	29.2083	119
7	4	0.333333	0	1	0	27.6552	120
7	4	0.333333	0	1	0	26.9202	121
7	4	0.333333	0	1	0	29.368	122
7	4	0.333333	0	1	0	35.6514	123
7	4	0.333333	0	1	0	33.1785	124
7	4	0.333333	0	1	0	30.3932	125
7	4	0.333333	0	1	0	30.6018	126
7	4	0.333333	0	1	0	33.4406	127
8	4	0.333333	0	1	0	32.2039	128
8	4	0.333333	0	1	0	31.4766	129
8	4	0.333333	0	1	0	29.7548	130
8	4	0.333333	0	1	0	29.5102	131
8	4	0.333333	0	1	0	32.4815	132
8	4	0.333333	0	1	0	34.8973	133
8	5	0.333333	0	1	0	36.3546	134
8	5	0.333333	0	1	0	36.9825	135
8	5	0.333333	0	1	0	40.6207	136
8	5	0.333333	0	1	0	38.6605	137
8	5	0.333333	0	1	0	40.4023	138
8	5	0	0	0	0	41.5539	139
8	5	0	0	0	0	37.4834	140
8	7	0	0	0	0	40.1763	141
8	7	0	0	0	0	38.5816	142
8	7	0	0	0	0	38.0084	143
8	7	0	0	0	0	40.9904	144
8	7	0	0	0	0	41.8553	145
8	7	0	0	0	0	48.198	146
8	7	0	0	0	0	43.4218	147
7	7	0	0	0	0	42.0085	148
7	7	0	0	0	0	40.9623	149
7	7	0	0	0	0	42.3826	150
7	7	0	0	0	0	42.2761	151
7	7	0	0	0	0	44.6163	152
7	7	0	0	0	0	42.1814	153
7	7	0	0	0	0	40.0687	154
7	7	0	0	0	0	42.8946	155
7	7	0	0	0	0	36.9053	156
6	7	0	0	0	0	33.2117	157
6	7	0	0	0	0	35.7416	158
6	7	0	0	0	0	30.1246	159
6	7	0	0	0	0	38.6097	160
6	7	0	0	0	0	40.4147	161
6	7	0	0	0	0	38.816	162
6	7	0	0	0	0	37.4387	163
6	7	0	0	0	0	40.3319	164
6	7	0	0	0	0	42.2935	165
6	7	0	0	0	0	40.4571	166
6	7	0	0	0	0	34.8761	167
6	6	0	0	0	0	31.8023	168
6	6	0	0	0	0	33.1473	169
6	6	0	0	0	0	34.8761	170
6	6	0	0	0	0	29.9526	171
5	6	0	0	0	0	30.9623	172
5	6	0	0	0	0	35.1549	173
5	6	0	0	0	0	30.4189	174
5	6	0	0	0	0	31.8729	175
5	6	0	0	0	0	30.7596	176
5	5	0	0	0	0	24.3823	177
5	5	0	0	0	0	29.2936	178
5	5	0	0	0	0	30.4956	179
5	5	0	0	0	0	31.1701	180
5	5	0	0	0	0	27.546	181
5	5	0	0	0	0	26.2191	182
5	5	0	0.333333	0	1	25.4738	183
5	5	0	0.333333	0	1	25.5149	184
5	5	0	0.333333	0	1	25.6054	185
5	4	0	0.333333	0	1	25.0749	186
5	4	0	0.333333	0	1	21.0891	187
5	4	0	0.333333	0	1	25.0749	188
5	4	0	0.333333	0	1	17.7179	189
5	4	0	0.333333	0	1	17.0855	190
3	4	0	0.333333	0	1	17.7221	191
3	4	0	0.333333	0	1	17.8957	192
3	4	0	0.333333	0	1	17.9549	193
3	4	0	0.333333	0	1	14.8066	194
2	4	0	0.333333	0	1	13.6217	195
2	4	0	0.333333	0	1	13.5883	196
2	4	0	0.333333	0	1	6.5468	197
2	4	0	0.333333	0	1	6.7639	198
2	4	0	0.333333	0	1	4.81224	199
1	3	0	0.333333	0	1	6.5468	200
1	3	0	0.333333	0	1	7.00879	201
1	3	0	0.333333	0	1	7.00879	202
1	3	0	0.333333	0	1	6.25704	203
1	3	0	0.333333	0	1	4.82949	204
1	3	0	0.333333	0	1	2.56769	205
1	3	0	0.333333	0	1	6.25302	206
1	3	0	0.333333	0	1	2.22006	207
1	3	0	0.333333	0	1	3.07545	208
1	3	0	0.333333	0	1	6.39659	209
1	3	0	0.333333	0	1	7.00879	210
1	3	0	0.333333	0	1	4.83897	211
1	3	0	0.333333	0	1	3.71901	212
1	3	0	0.333333	0	1	5.29782	213
1	3	0	0.333333	0	1	5.86404	214
1	3	0	0.333333	0	1	3.93237	215
1	3	0	0.333333	0	1	6.98167	216
1	3	0	0.333333	0	1	5.04156	217
1	3	0	0.333333	0	1	6.26979	218
1	3	0	0.333333	0	1	6.26979	219
1	3	0	0.333333	0	1	5.82435	220
1	3	0	0.333333	0	1	5.1108	221
1	3	0	0	0	0	3.21295	222
1	2	0	0	0	0	2.71333	223
1	2	0	0	0	0	0.437641	224
0	2	0	0	0	0	-5.26514	225
0	1	0	0	0	0	nan	226
0	0	0	0	0	0	nan	227
