unique_top_cov	unique_bot_cov	redundant_top_cov	redundant_bot_cov	raw_redundant_top_cov	raw_redundant_bot_cov	e_value	position
3	0	0	0	0	0	nan	1
3	0	0	0	0	0	4.81702	2
4	0	0	0	0	0	2.07088	3
4	0	0	0	0	0	2.84126	4
5	0	0	0	0	0	3.63005	5
5	0	0	0	0	0	12.3741	6
5	0	0	0	0	0	10.0116	7
5	0	0	0	0	0	7.78888	8
5	0	0	0	0	0	11.2989	9
5	0	0	0	0	0	10.7207	10
5	0	0	0	0	0	12.1914	11
5	1	0	0	0	0	6.73201	12
5	1	0	0	0	0	9.40865	13
5	1	0	0	0	0	9.24381	14
6	1	0	0	0	0	10.3518	15
6	1	0	0	0	0	11.6015	16
6	1	0	0	0	0	11.2989	17
6	2	0	0	0	0	10.4811	18
6	3	0	0	0	0	24.7749	19
6	3	0	0	0	0	24.1899	20
6	4	0	0	0	0	25.1269	21
6	4	0	0	0	0	30.0437	22
6	4	0	0	0	0	28.0321	23
6	4	0	0	0	0	27.4754	24
6	4	0	0	0	0	30.0264	25
6	4	0	0	0	0	22.6817	26
6	4	0	0	0	0	30.8181	27
7	4	0	0	0	0	32.1604	28
8	4	0	0	0	0	34.4528	29
8	4	0	0	0	0	32.5224	30
8	4	0	0	0	0	39.842	31
8	4	0	0	0	0	37.3392	32
8	4	0	0	0	0	39.2573	33
8	4	0	0	0	0	39.4356	34
8	4	0	0	0	0	37.8261	35
8	4	0	0	0	0	37.8735	36
8	4	0	0	0	0	35.4988	37
8	4	0	0	0	0	37.8535	38
8	4	0	0	0	0	35.1109	39
8	4	0	0	0	0	31.749	40
8	4	0	0	0	0	37.7103	41
9	5	0	0	0	0	31.7215	42
9	5	0	0	0	0	46.4058	43
9	5	0	0	0	0	46.8007	44
9	5	0	0	0	0	45.5468	45
9	5	0	0	0	0	45.5035	46
9	5	0	0	0	0	37.5885	47
9	5	0	0	0	0	42.4915	48
9	5	0	0	0	0	41.7957	49
9	5	0	0	0	0	48.0484	50
9	5	0	0	0	0	49.6512	51
9	5	0	0	0	0	36.707	52
10	5	0	0	0	0	48.4756	53
10	5	0	0	0	0	49.3189	54
10	5	0	0	0	0	47.6009	55
10	5	0	0	0	0	38.1443	56
10	6	0	0	0	0	49.1674	57
10	6	0	0	0	0	49.6747	58
10	6	0	0	0	0	46.5013	59
11	6	0	0	0	0	44.9768	60
11	6	0	0	0	0	55.1238	61
11	6	0	0	0	0	57.5132	62
12	6	0	0	0	0	59.7188	63
12	7	0	0	0	0	59.8925	64
13	7	0	0	0	0	58.2117	65
13	8	0	0	0	0	61.7101	66
13	8	0	0	0	0	52.9128	67
13	8	0	0	0	0	72.6872	68
13	8	0	0	0	0	76.6267	69
13	8	0	0	0	0	75.8697	70
13	8	0	0	0	0	57.1981	71
13	8	0	0	0	0	76.1054	72
13	8	0	0	0	0	72.7362	73
13	8	0	0	0	0	65.4798	74
13	9	0	0	0	0	73.8795	75
13	9	0	0	0	0	75.4727	76
13	9	0	0	0	0	75.287	77
13	9	0	0	0	0	66.2164	78
13	9	0	0	0	0	77.7277	79
13	8	0	0	0	0	68.3486	80
14	8	0	0	0	0	56.7625	81
15	8	0	0	0	0	77.9347	82
15	8	0	0	0	0	75.4006	83
14	8	0	0	0	0	74.7417	84
15	8	0	0	0	0	75.6942	85
15	8	0	0	0	0	68.1255	86
15	8	0	0	0	0	75.1996	87
15	8	0	0	0	0	69.0791	88
15	8	0	0	0	0	75.5806	89
15	8	0	0	0	0	73.9412	90
16	8	0	0	0	0	76.3974	91
16	8	0	0	0	0	87.7629	92
18	8	0	0	0	0	81.2962	93
18	8	0	0	0	0	75.888	94
18	8	0	0	0	0	78.4241	95
18	8	0	0	0	0	78.8177	96
18	9	0	0	0	0	92.4573	97
18	9	0	0	0	0	88.0638	98
19	9	0	0	0	0	85.7765	99
19	9	0	0	0	0	97.9757	100
19	9	0	0	0	0	86.4479	101
19	9	0	0	0	0	96.4364	102
19	9	0	0	0	0	91.1438	103
19	9	0	0	0	0	92.9429	104
19	9	0	0	0	0	84.8776	105
17	9	0	0	0	0	81.4234	106
17	9	0	0	0	0	84.7197	107
17	9	0	0	0	0	85.8291	108
18	8	0	0	0	0	85.6281	109
18	8	0	0	0	0	77.4079	110
18	8	0	0	0	0	74.1438	111
18	8	0	0	0	0	93.0081	112
18	8	0	0	0	0	91.5104	113
18	8	0	0	0	0	84.0754	114
18	8	0	0	0	0	85.6764	115
18	10	0	0	0	0	76.4125	116
18	10	0	0	0	0	101.515	117
18	10	0	0	0	0	95.3463	118
18	10	0	0	0	0	87.7229	119
20	9	0	0	0	0	96.4801	120
20	9	0	0	0	0	86.4539	121
20	9	0	0	0	0	98.7578	122
20	9	0	0	0	0	105.018	123
20	9	0	0	0	0	105.147	124
20	9	0	0	0	0	82.5524	125
20	8	0	0	0	0	94.2057	126
20	8	0	0	0	0	94.0446	127
20	8	0	0	0	0	93.399	128
20	8	0	0	0	0	94.29	129
20	8	0	0	0	0	103.948	130
20	8	0	0	0	0	93.5136	131
19	9	0	0	0	0	94.8032	132
19	9	0	0	0	0	100.757	133
19	8	0	0	0	0	82.87	134
19	7	0	0	0	0	86.4775	135
19	8	0	0	0	0	90.1521	136
19	7	0	0	0	0	83.7637	137
19	7	0	0	0	0	81.2463	138
18	7	0	0	0	0	89.295	139
17	7	0	0	0	0	81.8615	140
17	7	0	0	0	0	87.5643	141
17	9	0	0	0	0	89.2481	142
17	9	0	0	0	0	84.5085	143
17	9	0	0	0	0	97.4382	144
17	11	0	0	0	0	96.7394	145
17	11	0	0	0	0	96.1495	146
17	12	0	0	0	0	93.2999	147
17	12	0	0	0	0	100.939	148
17	12	0	0	0	0	97.6681	149
17	12	0	0	0	0	104.565	150
17	12	0	0	0	0	98.3097	151
17	12	0	0	0	0	96.0016	152
16	12	0	0	0	0	92.2193	153
16	12	0	0	0	0	100.679	154
17	12	0	0	0	0	98.4269	155
17	12	0	0	0	0	88.5201	156
17	12	0	0	0	0	97.76	157
17	12	0	0	0	0	103.225	158
16	12	0	0	0	0	89.365	159
16	12	0	0	0	0	91.9451	160
16	12	0	0	0	0	93.726	161
16	13	0	0	0	0	89.242	162
16	13	0	0	0	0	91.6581	163
16	13	0	0	0	0	97.9999	164
16	13	0	0	0	0	103.691	165
16	13	0	0	0	0	96.6133	166
16	13	0	0	0	0	94.7425	167
16	13	0	0	0	0	94.1088	168
16	13	0	0	0	0	105.426	169
17	13	0	0	0	0	85.2401	170
16	12	0	0	0	0	77.4701	171
16	13	0	0	0	0	96.3286	172
16	13	0	0	0	0	93.1609	173
16	13	0	0	0	0	84.8377	174
16	13	0	0	0	0	99.4854	175
16	12	0	0	0	0	91.4445	176
16	12	0	0	0	0	92.924	177
17	12	0	0	0	0	95.1453	178
15	12	0	0	0	0	92.229	179
16	12	0	0	0	0	86.1019	180
15	12	0	0	0	0	77.7609	181
16	12	0	0	0	0	88.6601	182
15	12	0	0	0	0	98.2769	183
15	12	0	0	0	0	97.4449	184
15	12	0	0	0	0	71.4341	185
15	12	0	0	0	0	87.6862	186
15	10	0	0	0	0	84.8172	187
15	10	0	0	0	0	92.5079	188
15	10	0	0	0	0	93.864	189
15	10	0	0	0	0	93.9522	190
15	10	0	0	0	0	59.3797	191
15	10	0	0	0	0	82.9381	192
15	9	0	0	0	0	84.0566	193
15	8	0	0	0	0	65.3703	194
14	8	0	0	0	0	81.6323	195
14	8	0	0	0	0	81.9224	196
14	8	0	0	0	0	75.8404	197
14	8	0	0	0	0	73.7899	198
14	8	0	0	0	0	71.0439	199
14	8	0	0	0	0	62.4524	200
14	8	0	0	0	0	75.1045	201
14	8	0	0	0	0	78.0788	202
13	8	0	0	0	0	71.5402	203
13	8	0	0	0	0	66.3444	204
14	8	0	0	0	0	57.6383	205
14	8	0	0	0	0	70.9218	206
15	8	0	0	0	0	78.0526	207
15	8	0	0	0	0	67.7362	208
14	8	0	0	0	0	71.9988	209
15	9	0	0	0	0	73.1126	210
14	9	0	0	0	0	63.9316	211
14	9	0	0	0	0	68.8813	212
14	9	0	0	0	0	68.6803	213
14	9	0	0	0	0	76.4406	214
14	9	0	0	0	0	69.4112	215
15	9	0	0	0	0	76.084	216
15	9	0	0	0	0	86.503	217
15	9	0	0	0	0	86.0097	218
15	9	0	0	0	0	75.9925	219
16	9	0	0	0	0	75.0556	220
16	9	0	0	0	0	86.7391	221
17	8	0	0	0	0	78.5315	222
17	8	0	0	0	0	83.3733	223
17	8	0	0	0	0	76.8096	224
17	7	0	0	0	0	79.4144	225
17	7	0	0	0	0	81.0107	226
17	5	0	0	0	0	73.6538	227
17	5	0	0	0	0	72.9805	228
17	5	0	0	0	0	70.015	229
18	5	0	0	0	0	57.5011	230
17	5	0	0	0	0	73.2194	231
17	4	0	0	0	0	75.8008	232
17	4	0	0	0	0	75.2833	233
17	4	0	0	0	0	2.83225	234
17	4	0	0	0	0	73.6441	235
17	4	0	0	0	0	66.217	236
17	4	0	0	0	0	61.7996	237
17	5	0	0	0	0	68.8009	238
17	6	0	0	0	0	73.1715	239
17	6	0	0	0	0	77.7704	240
17	6	0	0	0	0	66.7751	241
17	6	0	0	0	0	68.9567	242
18	6	0	0	0	0	69.3724	243
18	6	0	0	0	0	68.1958	244
18	6	0	0	0	0	73.029	245
18	7	0	0	0	0	79.0072	246
18	7	0	0	0	0	86.3547	247
17	7	0	0	0	0	76.2881	248
17	7	0	0	0	0	80.0107	249
17	7	0	0	0	0	74.9807	250
17	7	0	0	0	0	83.1098	251
17	7	0	0	0	0	75.8791	252
17	6	0	0	0	0	78.3089	253
18	6	0	0	0	0	72.9027	254
18	6	0	0	0	0	74.8383	255
19	6	0	0	0	0	73.3034	256
19	6	0	0	0	0	76.359	257
19	6	0	0	0	0	81.0058	258
19	6	0	0	0	0	78.3183	259
16	6	0	0	0	0	-0.811388	260
16	6	0	0	0	0	64.4277	261
17	6	0	0	0	0	74.6435	262
18	6	0	0	0	0	75.9227	263
18	6	0	0	0	0	77.1209	264
18	6	0	0	0	0	78.6508	265
18	5	0	0	0	0	73.5902	266
18	5	0	0	0	0	70.4317	267
19	5	0	0	0	0	83.2686	268
20	5	0	0	0	0	69.6725	269
20	6	0	0	0	0	79.3338	270
20	6	0	0	0	0	87.0296	271
20	9	0	0	0	0	91.3226	272
20	9	0	0	0	0	90.9706	273
20	10	0	0	0	0	105.523	274
20	12	0	0	0	0	98.3186	275
20	12	0	0	0	0	94.863	276
20	12	0	0	0	0	87.9493	277
20	13	0	0	0	0	98.7545	278
20	13	0	0	0	0	99.3918	279
20	13	0	0	0	0	84.8423	280
20	12	0	0	0	0	98.491	281
19	11	0	0	0	0	103.637	282
19	11	0	0	0	0	107.003	283
18	11	0	0	0	0	107.795	284
18	11	0	0	0	0	105.312	285
18	11	0	0	0	0	90.1547	286
18	12	0	0	0	0	109.921	287
18	12	0	0	0	0	95.955	288
18	13	0	0	0	0	107.202	289
19	13	0	0	0	0	107.968	290
19	13	0	0	0	0	106.029	291
19	13	0	0	0	0	97.7925	292
19	13	0	0	0	0	105.81	293
19	13	0	0	0	0	101.994	294
19	13	0	0	0	0	101.836	295
20	14	0	0	0	0	121.5	296
20	14	0	0	0	0	117.107	297
20	14	0	0	0	0	128.02	298
20	14	0	0	0	0	121.554	299
20	15	0	0	0	0	112.087	300
20	15	0	0	0	0	115.35	301
20	15	0	0	0	0	110.726	302
20	15	0	0	0	0	118.626	303
20	15	0	0	0	0	121.472	304
19	15	0	0	0	0	113.848	305
19	15	0	0	0	0	112.748	306
18	15	0	0	0	0	103.902	307
18	15	0	0	0	0	117.733	308
18	15	0	0	0	0	101.358	309
18	15	0	0	0	0	114.761	310
18	15	0	0	0	0	104.387	311
18	15	0	0	0	0	120.273	312
17	15	0	0	0	0	122.308	313
17	15	0	0	0	0	102.372	314
17	15	0	0	0	0	114.872	315
17	15	0	0	0	0	104.216	316
17	15	0	0	0	0	116.058	317
17	15	0	0	0	0	119.747	318
17	15	0	0	0	0	112.125	319
17	14	0	0	0	0	111.569	320
17	15	0	0	0	0	115.903	321
17	15	0	0	0	0	115.935	322
16	16	0	0	0	0	98.3519	323
16	16	0	0	0	0	107.819	324
16	16	0	0	0	0	100.277	325
16	16	0	0	0	0	-5.2787	326
16	16	0	0	0	0	83.15	327
16	16	0	0	0	0	102.957	328
16	15	0	0	0	0	100.943	329
14	15	0	0	0	0	88.2519	330
14	16	0	0	0	0	109.955	331
14	16	0	0	0	0	100.235	332
14	18	0	0	0	0	112.974	333
14	18	0	0	0	0	118.635	334
14	18	0	0	0	0	103.244	335
14	18	0	0	0	0	100.425	336
14	18	0	0	0	0	116.265	337
14	18	0	0	0	0	104.422	338
14	17	0	0	0	0	109.386	339
14	17	0	0	0	0	107.241	340
14	17	0	0	0	0	110.659	341
14	17	0	0	0	0	106.5	342
15	17	0	0	0	0	113.315	343
15	17	0	0	0	0	99.8915	344
14	17	0	0	0	0	99.4435	345
14	18	0	0	0	0	109.488	346
14	17	0	0	0	0	103.797	347
15	17	0	0	0	0	100.506	348
15	18	0	0	0	0	109.608	349
14	18	0	0	0	0	101.446	350
14	18	0	0	0	0	106.934	351
14	18	0	0	0	0	84.6346	352
15	18	0	0	0	0	76.8249	353
15	16	0	0	0	0	83.537	354
11	16	0	0	0	0	82.8062	355
12	16	0	0	0	0	78.5404	356
12	16	0	0	0	0	82.5776	357
12	15	0	0	0	0	90.1239	358
12	15	0	0	0	0	79.7079	359
12	14	0	0	0	0	79.0899	360
13	14	0	0	0	0	84.2254	361
14	14	0	0	0	0	85.6506	362
13	14	0	0	0	0	101.677	363
13	14	0	0	0	0	89.2543	364
13	13	0	0	0	0	77.0888	365
13	13	0	0	0	0	93.2497	366
13	13	0	0	0	0	87.3619	367
13	13	0	0	0	0	88.4083	368
13	13	0	0	0	0	87.916	369
13	14	0	0	0	0	92.5495	370
13	14	0	0	0	0	93.7627	371
13	14	0	0	0	0	81.4023	372
13	14	0	0	0	0	95.2164	373
13	14	0	0	0	0	90.3381	374
13	14	0	0	0	0	89.1095	375
14	14	0	0	0	0	82.3605	376
14	14	0	0	0	0	95.9927	377
14	14	0	0	0	0	101.3	378
14	14	0	0	0	0	95.537	379
14	14	0	0	0	0	91.5766	380
14	14	0	0	0	0	84.414	381
14	14	0	0	0	0	100.251	382
14	14	0	0	0	0	92.6945	383
14	14	0	0	0	0	84.0042	384
14	13	0	0	0	0	92.6518	385
14	18	0	0	0	0	102.027	386
14	18	0	0	0	0	93.0739	387
14	18	0	0	0	0	96.8008	388
14	19	0	0	0	0	103.791	389
15	19	0	0	0	0	94.091	390
15	19	0	0	0	0	98.918	391
15	19	0	0	0	0	108.801	392
13	19	0	0	0	0	96.5728	393
13	19	0	0	0	0	102.339	394
10	20	0	0	0	0	97.4658	395
10	20	0	0	0	0	99.3107	396
10	22	0	0	0	0	103.101	397
10	23	0	0	0	0	118.004	398
11	23	0	0	0	0	106.148	399
11	24	0	0	0	0	124.972	400
12	24	0	0	0	0	116.787	401
12	24	0	0	0	0	119.405	402
13	24	0	0	0	0	117.576	403
13	24	0	0	0	0	122.682	404
13	23	0	0	0	0	118.438	405
13	23	0	0	0	0	122.733	406
13	23	0	0	0	0	119.367	407
13	23	0	0	0	0	128.292	408
13	23	0	0	0	0	128.534	409
13	23	0	0	0	0	128.418	410
13	23	0	0	0	0	127.288	411
13	22	0	0	0	0	125.061	412
13	21	0	0	0	0	101.538	413
13	21	0	0	0	0	117.187	414
13	21	0	0	0	0	123.402	415
15	22	0	0	0	0	117.975	416
15	22	0	0	0	0	114.896	417
15	22	0	0	0	0	115.649	418
15	22	0	0	0	0	114.098	419
15	21	0	0	0	0	114.799	420
15	21	0	0	0	0	120.149	421
15	19	0	0	0	0	111.718	422
15	18	0	0	0	0	106.906	423
15	18	0	0	0	0	111.702	424
15	18	0	0	0	0	44.0767	425
15	18	0	0	0	0	122.523	426
15	18	0	0	0	0	117.054	427
15	18	0	0	0	0	103.196	428
15	18	0	0	0	0	101.55	429
15	18	0	0	0	0	112.356	430
16	18	0	0	0	0	101.364	431
16	18	0	0	0	0	106.42	432
16	17	0	0	0	0	116.776	433
17	17	0	0	0	0	111.751	434
17	17	0	0	0	0	118.904	435
16	17	0	0	0	0	94.2407	436
18	17	0	0	0	0	101.321	437
18	17	0	0	0	0	105.464	438
18	16	0	0	0	0	123.358	439
18	16	0	0	0	0	114.511	440
18	16	0	0	0	0	107.895	441
18	16	0	0	0	0	102.284	442
18	16	0	0	0	0	117.037	443
18	16	0	0	0	0	125.706	444
18	16	0	0	0	0	118.35	445
18	16	0	0	0	0	104.024	446
18	16	0	0	0	0	106.54	447
19	16	0	0	0	0	106.81	448
19	15	0	0	0	0	115.982	449
19	15	0	0	0	0	121.11	450
19	15	0	0	0	0	98.1131	451
19	15	0	0	0	0	32.2766	452
18	15	0	0	0	0	117.681	453
18	15	0	0	0	0	117.063	454
18	15	0	0	0	0	106.092	455
18	15	0	0	0	0	122.092	456
18	15	0	0	0	0	105.755	457
18	15	0	0	0	0	112.59	458
18	14	0	0	0	0	118.536	459
18	14	0	0	0	0	96.081	460
18	12	0	0	0	0	109.982	461
18	12	0	0	0	0	97.4573	462
18	12	0	0	0	0	85.8424	463
18	12	0	0	0	0	38.5427	464
18	12	0	0	0	0	107.859	465
18	13	0	0	0	0	105.085	466
18	12	0	0	0	0	82.4835	467
18	13	0	0	0	0	98.5523	468
18	13	0	0	0	0	109.944	469
18	13	0	0	0	0	102.369	470
18	13	0	0	0	0	101.114	471
18	13	0	0	0	0	96.3935	472
18	13	0	0	0	0	95.6806	473
18	13	0	0	0	0	90.9854	474
18	13	0	0	0	0	100.291	475
17	13	0	0	0	0	102.874	476
16	13	0	0	0	0	83.1723	477
16	11	0	0	0	0	88.7397	478
16	11	0	0	0	0	85.4557	479
16	12	0	0	0	0	96.6795	480
16	12	0	0	0	0	97.4039	481
16	12	0	0	0	0	88.1359	482
16	12	0	0	0	0	85.1516	483
16	12	0	0	0	0	85.5875	484
16	12	0	0	0	0	87.7584	485
16	12	0	0	0	0	88.9754	486
16	12	0	0	0	0	91.0952	487
15	12	0	0	0	0	90.5407	488
15	12	0	0	0	0	85.6675	489
15	10	0	0	0	0	78.5204	490
16	10	0	0	0	0	78.0068	491
16	10	0	0	0	0	92.1177	492
16	10	0	0	0	0	78.7633	493
16	10	0	0	0	0	79.1046	494
16	10	0	0	0	0	75.2705	495
15	10	0	0	0	0	87.031	496
15	10	0	0	0	0	43.0355	497
15	10	0	0	0	0	71.3063	498
15	10	0	0	0	0	44.1532	499
15	10	0.666667	0.333333	2	1	82.8037	500
15	10	0.666667	0.333333	2	1	68.0471	501
14	10	0.666667	0.666667	2	2	79.2086	502
13	10	0.666667	0.666667	2	2	71.5611	503
13	10	0.666667	0.666667	2	2	67.4126	504
13	10	0.666667	0.666667	2	2	75.8813	505
13	10	0.666667	0.666667	2	2	68.3096	506
13	9	0.666667	0.666667	2	2	72.6676	507
13	9	0.666667	0.666667	2	2	63.5699	508
13	9	0.666667	0.666667	2	2	67.1092	509
13	9	0.666667	0.666667	2	2	52.1029	510
9	9	0.666667	0.666667	2	2	54.11	511
8	9	0.666667	0.666667	2	2	51.6015	512
8	9	0.666667	0.666667	2	2	54.6338	513
8	9	0.666667	0.666667	2	2	49.0296	514
8	8	0.666667	0.666667	2	2	45.0664	515
8	8	0.666667	0.666667	2	2	42.9716	516
8	8	0.666667	0.666667	2	2	49.2862	517
8	8	0.666667	0.666667	2	2	44.642	518
8	8	0.666667	0.666667	2	2	51.3018	519
8	8	0.666667	0.666667	2	2	48.9812	520
8	8	0.666667	0.666667	2	2	48.2024	521
8	8	0.666667	0.666667	2	2	39.1445	522
8	8	0.666667	0.666667	2	2	46.7553	523
8	8	0.666667	0.666667	2	2	41.607	524
8	8	0.666667	0.666667	2	2	45.7554	525
8	8	0.666667	0.666667	2	2	47.1289	526
8	8	0.666667	0.666667	2	2	39.5681	527
8	8	0.666667	0.666667	2	2	46.3837	528
8	7	0.666667	0.666667	2	2	45.639	529
8	7	0.666667	0.666667	2	2	34.0969	530
8	7	0.666667	0.666667	2	2	36.1856	531
8	6	0.666667	0.666667	2	2	34.9632	532
8	6	0.666667	0.666667	2	2	28.3881	533
7	6	0.666667	0.666667	2	2	28.792	534
7	6	0.666667	0.666667	2	2	25.0282	535
7	4	0.666667	0.666667	2	2	27.803	536
7	4	0.666667	0.666667	2	2	28.5908	537
7	4	0.666667	0.666667	2	2	22.3982	538
6	3	0.666667	0.666667	2	2	19.8048	539
6	3	0.666667	0.666667	2	2	16.4626	540
5	3	0.666667	0.666667	2	2	15.7493	541
4	3	0.333333	0.666667	1	2	15.4502	542
4	3	0.333333	0.666667	1	2	15.5897	543
4	3	0.333333	0.666667	1	2	8.47637	544
4	2	0.333333	0.666667	1	2	11.2095	545
4	2	0	0.666667	0	2	11.2478	546
4	2	0	0.666667	0	2	10.5377	547
4	2	0	0.666667	0	2	7.83068	548
4	1	0	0.666667	0	2	4.37104	549
4	1	0	0.333333	0	1	4.37412	550
3	1	0	0.333333	0	1	4.74164	551
3	1	0	0.333333	0	1	4.29549	552
3	1	0	0.333333	0	1	4.74164	553
3	1	0	0	0	0	4.29549	554
3	1	0	0	0	0	4.68367	555
3	1	0	0	0	0	4.281	556
3	1	0	0	0	0	4.36299	557
3	1	0	0	0	0	4.29549	558
3	1	0	0	0	0	4.73625	559
3	1	0	0	0	0	4.28848	560
3	1	0	0	0	0	4.71175	561
3	1	0	0	0	0	3.93136	562
3	1	0	0	0	0	1.89519	563
3	1	0	0	0	0	4.37412	564
3	1	0	0	0	0	3.71166	565
3	1	0	0	0	0	1.76153	566
3	1	0	0	0	0	1.43927	567
3	1	0	0	0	0	1.44488	568
3	1	0	0	0	0	1.44488	569
2	1	0	0	0	0	nan	570
