unique_top_cov	unique_bot_cov	redundant_top_cov	redundant_bot_cov	raw_redundant_top_cov	raw_redundant_bot_cov	e_value	position
0	1	0	0	0	0	nan	1
0	1	0	0	0	0	nan	2
0	1	0	0	0	0	-3.05903	3
0	1	0	0	0	0	-2.99111	4
0	1	0	0	0	0	-2.69155	5
0	1	0	0	0	0	-2.66271	6
0	1	0	0	0	0	-3.05903	7
1	1	0	0	0	0	-3.05903	8
1	1	0	0	0	0	0.894156	9
1	1	0	0	0	0	0.0914997	10
1	1	0	0	0	0	-0.190152	11
1	1	0	0	0	0	1.27348	12
1	1	0	0	0	0	0.737719	13
2	1	0	0	0	0	0.737719	14
2	1	0	0	0	0	4.09178	15
2	1	0.666667	0	2	0	4.09178	16
2	1	0.666667	0	2	0	4.82388	17
2	1	0.666667	0	2	0	4.92979	18
2	1	0.666667	0	2	0	2.44327	19
2	1	0.666667	0	2	0	4.36525	20
2	1	0.666667	0	2	0	2.77136	21
2	1	0.666667	0	2	0	3.90577	22
2	1	0.666667	0	2	0	5.24301	23
2	1	0.666667	0	2	0	4.35758	24
3	1	0.666667	0	2	0	4.54457	25
3	1	0.666667	0	2	0	8.13367	26
3	1	0.666667	0	2	0	7.35007	27
3	1	0.666667	0	2	0	6.28919	28
3	1	0.666667	0	2	0	7.68722	29
3	1	0.666667	0	2	0	4.8327	30
3	1	0.666667	0	2	0	8.85388	31
3	1	0.666667	0	2	0	5.79527	32
3	1	0.666667	0	2	0	3.12587	33
3	1	0.666667	0	2	0	8.26276	34
4	1	0.666667	0	2	0	8.26276	35
4	1	0.666667	0	2	0	12.1059	36
4	1	0.666667	0	2	0	11.9815	37
4	1	0.666667	0	2	0	11.5686	38
4	1	0.666667	0	2	0	7.04642	39
4	1	0.666667	0	2	0	9.27898	40
5	1	0.666667	0	2	0	11.5816	41
5	1	0.666667	0	2	0	9.71319	42
5	1	0.666667	0	2	0	12.3179	43
5	1	0.666667	0	2	0	15.9812	44
5	1	0.666667	0	2	0	13.1391	45
5	1	0.666667	0	2	0	16.1164	46
5	1	0.666667	0	2	0	15.5731	47
5	1	0.666667	0	2	0	11.3631	48
5	3	0.666667	0	2	0	15.7381	49
5	3	0.666667	0	2	0	15.948	50
5	3	0.666667	0	2	0	25.2756	51
5	3	0.666667	0	2	0	19.5442	52
5	3	0.666667	0	2	0	22.6171	53
5	3	0.666667	0	2	0	23.516	54
5	3	0.666667	0	2	0	21.7175	55
5	3	0.666667	0	2	0	21.5857	56
5	3	0.333333	0	1	0	25.2916	57
5	3	0.333333	0	1	0	23.5179	58
5	3	0.333333	0	1	0	20.5436	59
5	3	0.333333	0	1	0	19.105	60
6	3	0.333333	0	1	0	24.9121	61
6	3	0.333333	0	1	0	22.2232	62
6	3	0.333333	0	1	0	26.483	63
6	3	0	0	0	0	24.1852	64
6	3	0	0	0	0	22.1008	65
6	3	0	0	0	0	26.6563	66
6	3	0	0	0	0	26.4117	67
6	3	0	0	0	0	23.5071	68
7	3	0	0	0	0	22.7725	69
7	3	0	0	0	0	27.5457	70
7	3	0	0	0	0	30.6133	71
7	3	0	0	0	0	27.839	72
7	3	0	0	0	0	28.2099	73
7	3	0	0	0	0	31.3301	74
7	3	0	0	0	0	29.3764	75
7	3	0	0	0	0	30.988	76
7	3	0	0	0	0	27.8961	77
7	3	0	0	0	0	30.7663	78
7	3	0	0	0	0	30.4786	79
7	3	0	0	0	0	29.5373	80
7	3	0	0	0	0	32.2833	81
7	3	0	0	0	0	33.0494	82
7	3	0	0	0	0	24.1884	83
7	3	0	0	0	0	28.2921	84
7	5	0	0	0	0	32.2709	85
7	5	0	0	0	0	22.5015	86
7	5	0	0	0	0	31.6257	87
7	5	0	0	0	0	32.4072	88
7	5	0	0	0	0	20.2469	89
7	5	0	0	0	0	32.7725	90
7	5	0	0	0	0	34.5832	91
7	5	0	0	0	0	38.7494	92
7	5	0	0	0	0	40.4188	93
8	5	0	0	0	0	34.3386	94
8	5	0	0	0	0	35.407	95
8	5	0	0	0	0	37.1513	96
8	5	0	0	0	0	42.895	97
9	5	0	0	0	0	39.2672	98
9	5	0	0	0	0	48.0847	99
9	5	0	0	0	0	39.741	100
9	5	0	0	0	0	47.9324	101
9	5	0	0	0	0	45.7355	102
9	6	0	0	0	0	39.3791	103
9	6	0	0	0	0	45.825	104
9	6	0	0	0	0	46.3561	105
10	6	0	0	0	0	42.2241	106
10	6	0	0	0	0	44.8762	107
10	6	0	0	0	0	43.9036	108
10	6	0	0	0	0	51.1663	109
10	6	0	0	0	0	51.708	110
10	6	0	0	0	0	52.9335	111
10	7	0	0	0	0	51.6068	112
10	7	0	0	0	0	57.2995	113
10	7	0	0	0	0	56.9707	114
10	7	0	0	0	0	50.633	115
10	7	0	0	0	0	52.8289	116
10	7	0	0	0	0	55.2163	117
10	9	0	0	0	0	59.2764	118
10	9	0	0	0	0	60.0682	119
10	9	0	0	0	0	63.7078	120
10	9	0	0	0	0	56.4305	121
10	9	0	0	0	0	65.3822	122
11	8	0	0	0	0	61.1457	123
11	8	0	0	0	0	61.5261	124
12	8	0	0	0	0	68.4815	125
12	9	0	0	0	0	61.602	126
11	9	0	0	0	0	58.0095	127
12	9	0	0	0	0	71.0826	128
12	9	0	0	0	0	65.6294	129
12	9	0	0	0	0	62.1624	130
11	9	0	0	0	0	67.0539	131
11	9	0	0	0	0	66.7007	132
11	9	0	0	0	0	62.9266	133
11	9	0	0	0	0	63.269	134
10	9	0	0	0	0	65.8289	135
10	9	0	0	0	0	64.2401	136
10	9	0	0	0	0	60.7192	137
9	8	0	0	0	0	53.3069	138
9	8	0	0	0	0	53.4638	139
8	8	0	0	0	0	54.327	140
8	8	0	0	0	0	54.1394	141
8	8	0	0	0	0	51.7865	142
8	8	0	0	0	0	53.8689	143
8	8	0	0	0	0	52.6271	144
8	8	0	0	0	0	54.7229	145
8	8	0	0	0	0	49.9298	146
8	8	0	0	0	0	50.8322	147
8	8	0	0	0	0	42.7873	148
8	7	0	0	0	0	48.4449	149
8	7	0	0	0	0	50.5164	150
8	7	0	0	0	0	47.8922	151
9	7	0	0	0	0	50.5164	152
9	7	0	0	0	0	45.6491	153
9	7	0	0	0	0	57.8289	154
9	7	0	0	0	0	56.0481	155
9	7	0	0	0	0	54.3327	156
10	7	0	0	0	0	51.1282	157
10	7	0	0	0	0	56.7236	158
11	7	0	0	0	0	56.8083	159
11	7	0	0	0	0	50.5653	160
11	7	0	0	0	0	61.5569	161
11	7	0	0	0	0	54.3821	162
11	7	0	0	0	0	65.6453	163
11	7	0	0	0	0	64.3511	164
11	7	0	0	0	0	60.555	165
11	7	0	0	0	0	59.7763	166
11	7	0	0	0	0	56.1244	167
11	7	0	0	0	0	58.1453	168
11	7	0	0	0	0	62.827	169
11	7	0	0	0	0	47.0446	170
11	7	0	0	0	0	59.0463	171
11	7	0	0	0	0	50.1094	172
11	6	0	0	0	0	60.6774	173
11	6	0	0	0	0	53.7882	174
9	6	0	0	0	0	44.3455	175
9	6	0	0	0	0	43.1986	176
9	6	0	0	0	0	53.676	177
9	6	0	0	0	0	49.6393	178
9	6	0	0	0	0	44.752	179
9	6	0	0	0	0	35.3324	180
9	6	0	0	0	0	38.1696	181
9	6	0	0	0	0	33.6649	182
6	6	0	0	0	0	38.3078	183
6	6	0	0	0	0	41.7462	184
6	6	0	0	0	0	32.3493	185
6	6	0	0	0	0	30.8467	186
7	6	0	0	0	0	38.8394	187
7	6	0	0	0	0	35.8335	188
7	6	0	0	0	0	39.2056	189
7	6	0	0	0	0	39.2056	190
7	6	0	0	0	0	38.8605	191
7	6	0	0	0	0	38.9142	192
7	6	0	0	0	0	39.2398	193
7	6	0	0	0	0	38.4643	194
7	6	0	0	0	0	42.0355	195
7	6	0	0	0	0	38.9929	196
8	6	0	0	0	0	41.1362	197
8	6	0	0	0	0	41.8085	198
8	5	0	0	0	0	41.856	199
8	5	0	0	0	0	41.0843	200
8	5	0	0	0	0	42.4939	201
8	5	0	0	0	0	40.1036	202
8	5	0	0	0	0	41.856	203
8	5	0	0	0	0	38.2506	204
8	4	0	0	0	0	30.7293	205
8	4	0	0	0	0	37.7042	206
8	4	0	0	0	0	37.8272	207
8	4	0	0	0	0	30.1236	208
8	4	0	0	0	0	37.7252	209
8	4	0	0	0	0	37.1416	210
8	4	0	0	0	0	32.701	211
8	4	0	0	0	0	30.1673	212
8	4	0	0	0	0	38.5679	213
8	4	0	0	0	0	39.622	214
8	4	0	0	0	0	36.3877	215
8	4	0	0	0	0	41.8556	216
8	4	0	0	0	0	39.9476	217
8	4	0	0	0	0	40.2867	218
8	4	0	0	0	0	40.6661	219
8	4	0	0	0	0	34.723	220
8	4	0	0	0	0	35.3892	221
8	4	0	0	0	0	41.8556	222
8	4	0	0	0	0	39.0059	223
8	4	0	0	0	0	41.3676	224
8	4	0	0	0	0	36.8636	225
8	4	0	0	0	0	35.1775	226
8	4	0	0	0	0	41.2019	227
8	4	0	0	0	0	41.8556	228
8	4	0	0	0	0	30.9587	229
8	4	0	0	0	0	39.0859	230
8	4	0	0	0	0	40.9346	231
8	4	0	0	0	0	36.4978	232
8	4	0	0	0	0	40.9615	233
8	4	0	0	0	0	39.7719	234
8	5	0	0	0	0	41.2019	235
8	5	0	0	0	0	42.6905	236
8	7	0	0	0	0	42.6472	237
8	7	0	0	0	0	46.895	238
8	7	0	0	0	0	44.4986	239
8	6	0	0	0	0	41.7371	240
8	6	0	0	0	0	42.5808	241
8	6	0	0	0	0	30.6463	242
8	6	0	0	0	0	35.4794	243
6	6	0	0	0	0	30.275	244
6	6	0	0	0	0	37.2655	245
5	6	0	0	0	0	36.2269	246
6	6	0	0	0	0	34.5134	247
6	6	0	0	0	0	34.9951	248
6	7	0	0	0	0	35.9903	249
5	7	0	0	0	0	33.612	250
5	7	0	0	0	0	35.0785	251
5	7	0	0	0	0	40.6894	252
5	7	0	0	0	0	38.7337	253
5	7	0	0	0	0	35.9263	254
5	7	0	0	0	0	41.841	255
5	7	0	0	0	0	37.7809	256
5	7	0	0	0	0	37.8312	257
5	7	0	0	0	0	40.7697	258
5	7	0	0	0	0	37.8312	259
5	7	0	0	0	0	32.497	260
5	7	0	0	0	0	37.4319	261
5	6	0	0	0	0	34.9951	262
5	7	0	0	0	0	36.5747	263
5	7	0	0	0	0	41.2429	264
5	7	0	0	0	0	41.5437	265
5	7	0	0	0	0	38.6586	266
5	7	0	0	0	0	31.3805	267
5	5	0	0	0	0	33.6519	268
6	5	0	0	0	0	32.3805	269
6	5	0	0	0	0	35.3007	270
6	5	0	0	0	0	32.1909	271
6	5	0	0	0	0	37.5555	272
6	5	0	0	0	0	37.4792	273
6	5	0	0	0	0	34.269	274
6	5	0	0	0	0	34.9059	275
6	5	0	0	0	0	37.4999	276
6	5	0	0	0	0	30.7813	277
6	5	0	0	0	0	33.3101	278
6	5	0	0	0	0	37.3449	279
6	5	0	0	0	0	34.6044	280
6	5	0	0	0	0	28.7151	281
6	6	0	0	0	0	37.5555	282
6	6	0	0	0	0	34.6673	283
6	6	0	0	0	0	36.6328	284
6	6	0	0	0	0	37.1735	285
6	7	0	0	0	0	41.3894	286
6	7	0	0	0	0	37.0324	287
6	7	0	0	0	0	40.4308	288
6	7	0	0	0	0	42.7909	289
6	7	0	0	0	0	42.4025	290
6	7	0	0	0	0	45.3673	291
6	7	0	0	0	0	42.4025	292
6	10	0	0	0	0	42.0573	293
6	10	0	0	0	0	51.3673	294
5	10	0	0	0	0	46.1443	295
5	10	0	0	0	0	45.6068	296
5	10	0	0	0	0	44.3574	297
5	10	0	0	0	0	49.6988	298
5	10	0	0	0	0	48.8758	299
5	10	0	0	0	0	48.372	300
4	10	0	0	0	0	40.173	301
3	10	0	0	0	0	38.651	302
3	10	0	0	0	0	43.3303	303
3	10	0	0	0	0	41.7376	304
3	10	0	0	0	0	39.8071	305
3	10	0	0	0	0	37.773	306
2	10	0	0	0	0	35.1825	307
2	10	0	0	0	0	32.8122	308
1	10	0	0	0	0	33.203	309
1	10	0	0	0	0	30.4367	310
1	10	0	0	0	0	28.4678	311
1	10	0	0	0	0	37.206	312
1	10	0	0	0	0	35.2796	313
1	10	0	0	0	0	26.4896	314
1	10	0	0	0	0	32.3586	315
2	10	0	0	0	0	33.2292	316
2	9	0	0	0	0	32.9188	317
2	9	0	0	0	0	36.9367	318
2	9	0	0	0	0	33.7754	319
2	9	0	0	0	0	36.0714	320
2	9	0	0	0	0	36.9805	321
2	9	0	0	0	0	24.043	322
2	9	0	0	0	0	28.0997	323
1	9	0	0	0	0	26.1152	324
1	9	0	0	0	0	30.0975	325
1	9	0	0	0	0	32.0482	326
1	9	0	0	0	0	30.4156	327
1	9	0	0	0	0	29.7095	328
2	9	0	0	0	0	26.8625	329
2	9	0	0	0	0	30.6838	330
2	9	0	0	0	0	29.2039	331
2	9	0	0	0	0	31.8949	332
2	8	0	0	0	0	26.5122	333
2	8	0	0	0	0	26.1043	334
2	8	0	0	0	0	29.1733	335
2	8	0	0	0	0	29.3563	336
2	7	0	0	0	0	21.6949	337
2	7	0	0	0	0	25.0586	338
2	7	0	0	0	0	28.4548	339
2	7	0	0	0	0	23.3738	340
2	7	0	0	0	0	25.4998	341
2	7	0	0	0	0	21.7663	342
2	7	0	0	0	0	29.3706	343
2	7	0	0	0	0	26.3025	344
2	7	0	0	0	0	23.9645	345
3	7	0	0	0	0	24.6455	346
4	7	0	0	0	0	28.3096	347
4	7	0	0	0	0	29.3953	348
4	6	0	0	0	0	26.8099	349
4	8	0	0	0	0	30.6157	350
4	8	0	0	0	0	31.0591	351
4	8	0	0	0	0	30.0036	352
4	8	0	0	0	0	37.43	353
4	8	0	0	0	0	34.2195	354
4	7	0	0	0	0	36.0298	355
4	7	0	0	0	0	26.7625	356
4	7	0	0	0	0	35.306	357
4	7	0	0	0	0	36.5246	358
4	7	0	0	0	0	34.2558	359
4	7	0	0	0	0	32.5706	360
3	7	0	0	0	0	25.222	361
3	7	0	0	0	0	27.0622	362
3	7	0	0	0	0	31.3078	363
4	7	0	0	0	0	23.8607	364
4	7	0	0	0	0	29.1828	365
5	7	0	0	0	0	32.7637	366
5	7	0	0	0	0	26.8434	367
5	7	0	0	0	0	25.5494	368
5	7	0	0	0	0	31.0667	369
5	7	0	0	0	0	25.9518	370
5	6	0	0	0	0	27.3239	371
5	6	0	0	0	0	32.7893	372
5	6	0	0	0	0	28.4616	373
5	6	0	0	0	0	27.2777	374
6	5	0	0	0	0	29.3986	375
6	5	0	0	0	0	33.1546	376
6	5	0	0	0	0	27.566	377
6	5	0	0	0	0	29.7784	378
6	5	0	0	0	0	28.4499	379
6	5	0	0	0	0	32.3652	380
6	5	0	0	0	0	29.4756	381
6	5	0	0	0	0	31.2434	382
6	5	0	0	0	0	27.3239	383
6	5	0	0	0	0	33.2539	384
6	5	0	0	0	0	31.979	385
6	5	0	0	0	0	32.065	386
6	5	0	0	0	0	34.1702	387
6	5	0	0	0	0	25.8599	388
6	4	0	0	0	0	30.6811	389
6	4	0	0	0	0	28.4613	390
6	4	0	0	0	0	31.7359	391
6	4	0	0	0	0	30.3346	392
6	4	0	0	0	0	26.6338	393
6	4	0	0	0	0	29.443	394
6	4	0	0	0	0	26.7076	395
7	4	0	0	0	0	26.5388	396
7	4	0	0	0	0	31.8531	397
7	4	0	0	0	0	35.4448	398
7	4	0	0	0	0	29.6482	399
8	3	0	0	0	0	21.2428	400
8	3	0	0	0	0	33.498	401
8	3	0	0	0	0	28.6511	402
8	6	0	0	0	0	30.896	403
8	6	0	0	0	0	36.6438	404
8	6	0	0	0	0	43.2191	405
8	6	0	0	0	0	38.4118	406
8	6	0	0	0	0	46.0861	407
8	6	0	0	0	0	46.7635	408
8	6	0	0	0	0	37.9288	409
8	6	0	0	0	0	42.1709	410
8	6	0	0	0	0	41.0141	411
8	6	0	0	0	0	43.1288	412
8	5	0	0	0	0	32.9753	413
9	5	0	0	0	0	36.8753	414
9	6	0	0	0	0	45.2968	415
9	6	0	0	0	0	46.2176	416
9	7	0	0	0	0	45.1258	417
9	6	0	0	0	0	45.603	418
9	6	0	0	0	0	45.1639	419
9	6	0	0	0	0	39.9705	420
9	6	0	0	0	0	39.531	421
8	6	0	0	0	0	34.4987	422
8	6	0	0	0	0	44.0961	423
7	6	0	0	0	0	44.5061	424
7	6	0	0	0	0	40.8267	425
7	6	0	0	0	0	44.0982	426
7	6	0	0	0	0	42.6548	427
7	6	0	0	0	0	32.7759	428
8	6	0	0	0	0	43.6237	429
8	6	0	0	0	0	41.4498	430
8	6	0	0	0	0	43.4972	431
8	6	0	0	0	0	44.7431	432
8	6	0	0	0	0	43.8923	433
8	6	0	0	0	0	47.7116	434
9	6	0	0	0	0	37.6547	435
8	6	0	0	0	0	40.6499	436
8	5	0	0	0	0	38.1115	437
8	5	0	0	0	0	41.6954	438
8	5	0	0	0	0	45.4882	439
9	5	0	0	0	0	44.5878	440
9	5	0	0	0	0	43.5688	441
9	5	0	0	0	0	42.8001	442
9	5	0	0	0	0	35.4509	443
9	5	0	0	0	0	36.9058	444
9	5	0	0	0	0	47.7126	445
9	5	0	0	0	0	40.2422	446
9	5	0	0	0	0	37.9071	447
8	5	0	0	0	0	42.1439	448
8	5	0	0	0	0	45.6106	449
8	5	0	0	0	0	42.4576	450
8	5	0	0	0	0	37.7251	451
8	5	0	0	0	0	40.0324	452
8	5	0	0	0	0	41.5599	453
8	5	0	0	0	0	42.2531	454
8	5	0	0	0	0	35.7468	455
8	5	0	0	0	0	39.3268	456
8	5	0	0	0	0	39.5019	457
9	5	0	0	0	0	40.2587	458
10	5	0	0	0	0	40.6433	459
10	5	0	0	0	0	49.6512	460
10	5	0	0	0	0	47.7386	461
10	5	0	0	0	0	44.0888	462
10	5	0	0	0	0	53.5492	463
10	5	0	0	0	0	53.8884	464
10	5	0	0	0	0	50.6175	465
10	5	0	0	0	0	46.564	466
10	5	0	0	0	0	36.1104	467
10	5	0	0	0	0	46.515	468
10	5	0	0	0	0	40.9606	469
10	5	0	0	0	0	42.2457	470
10	5	0	0	0	0	43.279	471
9	5	0	0	0	0	44.9032	472
9	5	0	0	0	0	39.5497	473
9	5	0	0	0	0	46.7306	474
9	5	0	0	0	0	42.3679	475
9	5	0	0	0	0	46.3452	476
9	5	0	0	0	0	42.5006	477
9	5	0	0	0	0	48.8489	478
9	5	0	0	0	0	43.019	479
9	5	0	0	0	0	37.2982	480
9	5	0	0	0	0	42.6472	481
9	5	0	0	0	0	40.7561	482
9	5	0	0	0	0	49.8484	483
9	5	0	0	0	0	44.8519	484
9	5	0	0	0	0	36.6436	485
9	5	0	0	0	0	46.4415	486
10	5	0	0	0	0	45.1233	487
10	5	0	0	0	0	43.2509	488
10	5	0	0	0	0	48.5438	489
10	5	0	0	0	0	43.4636	490
10	5	0	0	0	0	44.8501	491
10	5	0	0	0	0	50.1033	492
10	5	0	0	0	0	46.4806	493
10	5	0	0	0	0	44.519	494
10	5	0	0	0	0	46.7383	495
10	5	0	0	0	0	46.657	496
10	5	0	0	0	0	50.4402	497
10	5	0	0	0	0	48.2771	498
10	5	0	0	0	0	53.4447	499
10	5	0	0	0	0	45.3827	500
10	5	0	0	0	0	47.5727	501
10	5	0	0	0	0	45.4939	502
10	6	0	0	0	0	39.9595	503
10	6	0	0	0	0	45.0365	504
9	6	0	0	0	0	38.2635	505
9	6	0	0	0	0	43.9445	506
9	7	0	0	0	0	46.3129	507
9	7	0	0	0	0	51.8738	508
9	7	0	0	0	0	50.1693	509
9	7	0	0	0	0	48.2348	510
9	7	0	0	0	0	49.0664	511
9	7	0	0	0	0	50.9535	512
9	7	0	0	0	0	50.6665	513
9	7	0	0	0	0	51.3025	514
9	6	0	0	0	0	40.3166	515
8	6	0	0	0	0	42.5879	516
8	6	0	0	0	0	47.5979	517
8	6	0	0	0	0	43.9197	518
8	6	0	0	0	0	44.8311	519
8	6	0	0	0	0	44.8315	520
8	6	0	0	0	0	39.2831	521
8	6	0	0	0	0	45.1767	522
8	6	0	0	0	0	43.1995	523
8	6	0	0	0	0	43.1518	524
8	6	0	0	0	0	44.4848	525
8	6	0	0	0	0	44.8465	526
8	6	0	0	0	0	39.1367	527
8	6	0	0	0	0	41.4194	528
8	6	0	0	0	0	44.6298	529
8	6	0	0	0	0	37.2541	530
7	6	0	0	0	0	32.2411	531
7	5	0	0	0	0	39.4996	532
7	5	0	0	0	0	31.5148	533
7	5	0	0	0	0	34.3032	534
7	5	0	0	0	0	39.5314	535
7	5	0	0	0	0	34.3509	536
7	5	0	0	0	0	33.5517	537
7	5	0	0	0	0	34.1005	538
7	5	0	0	0	0	35.9379	539
6	5	0	0	0	0	28.6609	540
6	5	0	0	0	0	27.7526	541
5	6	0	0	0	0	27.4236	542
5	6	0	0	0	0	31.6993	543
5	6	0	0	0	0	31.0511	544
5	6	0	0	0	0	31.9369	545
5	6	0	0	0	0	28.6352	546
6	6	0	0	0	0	34.8742	547
6	6	0	0	0	0	31.4814	548
6	6	0	0	0	0	33.0909	549
5	6	0	0	0	0	25.5622	550
4	6	0	0	0	0	30.9526	551
5	6	0	0	0	0	25.4659	552
5	5	0	0	0	0	25.4487	553
5	4	0	0	0	0	24.2558	554
6	4	0	0	0	0	22.9634	555
6	4	0	0	0	0	28.3093	556
7	4	0	0	0	0	22.653	557
7	4	0	0	0	0	31.0423	558
8	4	0	0	0	0	30.432	559
8	4	0	0	0	0	33.9198	560
8	4	0	0	0	0	35.1059	561
8	4	0	0	0	0	36.7996	562
8	4	0	0	0	0	28.9442	563
7	4	0	0	0	0	26.4082	564
7	3	0	0	0	0	29.8423	565
8	3	0	0	0	0	29.7105	566
8	3	0	0	0	0	29.2089	567
8	3	0	0	0	0	31.1665	568
9	3	0	0	0	0	34.7905	569
9	3	0	0	0	0	38.0314	570
9	3	0	0	0	0	32.9082	571
9	3	0	0	0	0	34.8621	572
9	3	0	0	0	0	33.4663	573
9	3	0	0	0	0	32.9195	574
9	3	0	0	0	0	32.4089	575
9	3	0	0	0	0	30.7299	576
9	3	0	0	0	0	37.9098	577
9	3	0	0	0	0	31.342	578
9	3	0	0	0	0	39.1014	579
9	3	0	0	0	0	37.2553	580
9	3	0	0	0	0	40.1004	581
9	3	0	0	0	0	33.1795	582
9	3	0	0	0	0	32.8634	583
9	3	0	0	0	0	34.6173	584
9	3	0	0	0	0	39.1625	585
9	3	0	0	0	0	35.3127	586
9	3	0	0	0	0	34.8925	587
9	3	0	0	0	0	31.7754	588
9	3	0	0	0	0	35.6465	589
9	3	0	0	0	0	39.3424	590
9	3	0	0	0	0	36.6833	591
9	3	0	0	0	0	32.5817	592
9	3	0	0	0	0	31.8147	593
9	3	0	0	0	0	36.1329	594
8	3	0	0	0	0	30.778	595
9	3	0	0	0	0	36.0605	596
9	3	0	0	0	0	34.7177	597
9	3	0	0	0	0	37.9686	598
9	3	0	0	0	0	37.4914	599
9	3	0	0	0	0	32.8001	600
9	3	0	0	0	0	39.901	601
9	3	0	0	0	0	30.225	602
9	3	0	0	0	0	33.7997	603
9	3	0	0	0	0	30.0859	604
9	3	0	0	0	0	33.6353	605
9	3	0	0	0	0	27.0872	606
9	3	0	0	0	0	33.1736	607
9	3	0	0	0	0	37.78	608
9	3	0	0	0	0	36.0467	609
9	3	0	0	0	0	34.494	610
9	3	0	0	0	0	40.0944	611
9	3	0	0	0	0	39.9715	612
9	3	0	0	0	0	34.5724	613
9	3	0	0	0	0	39.2092	614
9	3	0	0	0	0	29.091	615
9	3	0	0	0	0	27.9635	616
9	3	0	0	0	0	40.1086	617
9	3	0	0	0	0	36.7788	618
9	3	0	0	0	0	35.1653	619
9	4	0	0	0	0	39.3767	620
9	4	0	0	0	0	35.6736	621
9	4	0	0	0	0	41.575	622
9	4	0	0	0	0	44.007	623
9	4	0	0	0	0	36.9003	624
9	4	0	0	0	0	38.4594	625
9	4	0	0	0	0	39.279	626
9	4	0	0	0	0	37.3259	627
9	4	0	0	0	0	42.1748	628
9	4	0	0	0	0	34.5029	629
9	4	0	0	0	0	44.04	630
10	4	0	0	0	0	41.2742	631
10	4	0	0	0	0	44.3408	632
10	4	0	0	0	0	31.5212	633
10	4	0	0	0	0	37.3116	634
10	4	0	0	0	0	31.8967	635
10	4	0	0	0	0	37.039	636
8	3	0	0	0	0	37.3258	637
8	3	0	0	0	0	29.7232	638
8	3	0.5	0	1	0	36.3885	639
8	3	0.5	0	1	0	34.6824	640
8	3	0.5	0	1	0	36.9262	641
8	3	0.5	0	1	0	37.3258	642
8	3	0.5	0	1	0	33.3718	643
8	3	0.5	0	1	0	32.0482	644
8	3	0.5	0	1	0	34.8225	645
8	3	0.5	0	1	0	33.2241	646
8	3	0.5	0	1	0	32.8395	647
8	3	0.5	0	1	0	30.7567	648
8	3	0.5	0	1	0	29.2109	649
8	3	0.5	0	1	0	33.8347	650
8	3	0.5	0	1	0	33.1966	651
7	3	0.5	0	1	0	31.0081	652
7	3	0.5	0	1	0	31.1711	653
7	3	0.833333	0	2	0	27.6147	654
7	3	0.833333	0	2	0	30.6562	655
7	3	0.833333	0	2	0	32.4302	656
7	3	0.833333	0	2	0	32.8135	657
7	3	0.833333	0	2	0	31.8429	658
7	3	0.833333	0	2	0	25.8506	659
7	3	0.833333	0	2	0	32.6021	660
7	3	0.833333	0	2	0	31.3487	661
7	3	0.833333	0	2	0	33.1949	662
7	3	0.833333	0	2	0	30.2881	663
7	3	0.833333	0	2	0	32.3023	664
7	3	0.833333	0	2	0	30.4589	665
7	3	0.833333	0	2	0	33.1115	666
7	3	0.833333	0	2	0	30.173	667
7	3	0.833333	0	2	0	31.1823	668
7	3	0.833333	0	2	0	25.5883	669
6	3	0.833333	0	2	0	27.4076	670
6	3	0.833333	0	2	0	21.2882	671
6	2	0.833333	0	2	0	23.7428	672
6	2	0.833333	0	2	0	24.5458	673
6	2	0.833333	0	2	0	25.3836	674
6	2	0.833333	0	2	0	25.5315	675
6	2	0.833333	0	2	0	25.4364	676
6	2	0.333333	0	1	0	23.577	677
6	2	0.333333	0	1	0	25.4533	678
6	2	0.333333	0	1	0	23.7055	679
6	2	0.333333	0	1	0	21.6504	680
6	2	0.333333	0	1	0	23.9066	681
6	2	0.333333	0	1	0	25.5315	682
6	2	0.333333	0	1	0	20.1891	683
6	1	0.333333	0	1	0	20.1891	684
6	1	0.333333	0	1	0	17.7554	685
6	1	0.333333	0	1	0	17.323	686
6	0	0.333333	0	1	0	15.8457	687
6	0	0.333333	0	1	0	16.1819	688
6	0	0.333333	0	1	0	15.8457	689
6	0	0.333333	0	1	0	13.5764	690
5	0	0.333333	0	1	0	12.4987	691
5	0	0.333333	0	1	0	12.2969	692
5	0	0.333333	0	1	0	13.5645	693
5	0	0.333333	0	1	0	12.2969	694
5	0	0.333333	0	1	0	12.4987	695
5	0	0.333333	0	1	0	9.02745	696
5	0	0.333333	0	1	0	5.96714	697
5	0	0.333333	0	1	0	9.50454	698
5	0	0.333333	0	1	0	9.50454	699
5	0	0.333333	0	1	0	8.00807	700
5	0	0.333333	0	1	0	8.1855	701
4	0	0.333333	0	1	0	4.15832	702
4	0	0.333333	0	1	0	3.915	703
4	0	0.333333	0	1	0	4.15832	704
3	0	0.333333	0	1	0	3.3955	705
3	0	0.333333	0	1	0	-3.41773	706
1	0	0	0	0	0	nan	707
1	0	0	0	0	0	nan	708
