unique_top_cov	unique_bot_cov	redundant_top_cov	redundant_bot_cov	raw_redundant_top_cov	raw_redundant_bot_cov	e_value	position
4	0	0	0	0	0	nan	1
4	0	0	0	0	0	nan	2
4	0	0	0	0	0	6.0007	3
4	0	0	0	0	0	5.61435	4
4	0	0	0	0	0	5.09644	5
4	0	0	0	0	0	5.09743	6
4	0	0	0	0	0	2.18234	7
4	0	0	0	0	0	6.0542	8
4	0	0.666667	0	2	0	5.65132	9
4	0	0.666667	0	2	0	3.11394	10
4	0	0.666667	0	2	0	6.895	11
4	0	0.666667	0	2	0	4.63222	12
4	0	0.666667	0	2	0	5.92716	13
4	0	0.666667	0	2	0	6.19417	14
4	0	0.666667	0	2	0	4.6187	15
4	0	0.666667	0	2	0	6.895	16
4	0	0.666667	0	2	0	6.67213	17
4	0	0.666667	0	2	0	6.47756	18
4	0	0.666667	0	2	0	4.63222	19
4	0	0.666667	0	2	0	7.62703	20
4	0	0.666667	0	2	0	6.15031	21
4	0	0.666667	0	2	0	6.96071	22
4	0	0.666667	0	2	0	6.67213	23
4	0	0.666667	0	2	0	3.24774	24
4	0	0.666667	0	2	0	6.25642	25
4	0	0.666667	0	2	0	7.61898	26
4	0	0.666667	0	2	0	7.32669	27
4	0	0.666667	0	2	0	4.79515	28
4	0	0.666667	0	2	0	1.67471	29
4	0	0.666667	0	2	0	7.64688	30
4	0	0.666667	0	2	0	6.46864	31
4	0	0.666667	0	2	0	7.32669	32
4	1	0.666667	0	2	0	6.72682	33
4	1	0.666667	0	2	0	10.4742	34
4	1	0.666667	0	2	0	10.4927	35
4	1	0.666667	0	2	0	10.4742	36
4	1	0.666667	0	2	0	4.78576	37
4	1	0.666667	0	2	0	11.0748	38
5	1	0.666667	0	2	0	10.7267	39
5	1	0.666667	0	2	0	11.1425	40
5	1	0.666667	0	2	0	15.5599	41
5	1	0.666667	0	2	0	12.8999	42
5	1	0.666667	0	2	0	15.7584	43
5	1	0.666667	0	2	0	13.4527	44
5	1	0.666667	0	2	0	9.24318	45
5	1	0.666667	0	2	0	15.5787	46
5	1	0.666667	0	2	0	14.2182	47
5	1	0.666667	0	2	0	14.401	48
5	1	0.666667	0	2	0	15.7634	49
5	2	0.666667	0	2	0	14.5945	50
5	2	0.666667	0	2	0	13.0235	51
5	2	0.666667	0	2	0	18.1883	52
5	2	0.666667	0	2	0	14.7589	53
5	2	0.666667	0	2	0	19.0723	54
6	2	0.666667	0	2	0	16.9461	55
6	2	0.666667	0	2	0	23.422	56
6	2	0.333333	0	1	0	16.98	57
6	5	0.333333	0	1	0	23.4107	58
7	5	0.333333	0	1	0	9.12841	59
7	5	0.333333	0	1	0	22.562	60
7	5	0.333333	0	1	0	22.1193	61
7	5	0.333333	0	1	0	35.8283	62
7	5	0.333333	0	1	0	34.4968	63
7	5	0.333333	0	1	0	36.4918	64
7	5	0.333333	0	1	0	38.8715	65
7	5	0	0	0	0	35.018	66
7	5	0	0	0	0	27.0996	67
7	5	0	0	0	0	36.5977	68
7	5	0	0	0	0	37.5544	69
7	5	0	0	0	0	39.3388	70
7	5	0	0	0	0	37.3168	71
7	5	0	0	0	0	37.4054	72
7	5	0	0	0	0	32.2888	73
7	5	0	0	0	0	36.5387	74
7	5	0	0	0	0	37.4896	75
7	5	0	0	0	0	38.8315	76
7	5	0	0	0	0	38.9589	77
7	5	0	0	0	0	37.113	78
7	5	0	0	0	0	38.8315	79
7	5	0	0	0	0	35.018	80
7	5	0	0	0	0	32.0748	81
7	5	0	0	0	0	30.2217	82
7	5	0	0	0	0	34.6167	83
7	5	0	0	0	0	33.1804	84
8	5	0	0	0	0	36.761	85
8	5	0	0	0	0	38.8715	86
7	5	0	0	0	0	34.8242	87
7	5	0	0	0	0	31.5642	88
7	5	0	0	0	0	35.1138	89
7	5	0	0	0	0	27.83	90
7	5	0	0	0	0	39.4594	91
7	6	0	0	0	0	32.1155	92
7	6	0	0	0	0	43.139	93
7	6	0	0	0	0	36.6449	94
7	6	0	0	0	0	22.4725	95
6	6	0	0	0	0	28.314	96
6	6	0	0	0	0	39.2031	97
6	6	0	0	0	0	39.7478	98
6	9	0	0	0	0	36.6961	99
6	10	0	0	0	0	36.3799	100
6	10	0	0	0	0	39.9056	101
6	10	0	0	0	0	36.5194	102
6	10	0	0	0	0	37.0493	103
6	10	0	0	0	0	55.9066	104
6	10	0	0	0	0	52.7173	105
7	10	0	0	0	0	52.6527	106
7	10	0	0	0	0	57.6595	107
7	10	0	0	0	0	52.4055	108
7	10	0	0	0	0	57.0858	109
7	11	0	0	0	0	55.6777	110
7	11	0	0	0	0	55.0728	111
7	11	0	0	0	0	55.5525	112
7	11	0	0	0	0	46.0518	113
8	11	0	0	0	0	61.1726	114
8	11	0	0	0	0	59.313	115
8	11	0	0	0	0	47.2418	116
8	11	0	0	0	0	55.9038	117
7	11	0	0	0	0	58.46	118
7	11	0	0	0	0	49.3594	119
7	10	0	0	0	0	55.9213	120
7	10	0	0	0	0	56.2874	121
7	10	0	0	0	0	49.869	122
7	11	0	0	0	0	54.2783	123
7	11	0	0	0	0	51.7989	124
7	10	0	0	0	0	48.8367	125
7	10	0	0	0	0	52.8187	126
8	10	0	0	0	0	49.0746	127
8	10	0	0	0	0	55.7337	128
8	11	0	0	0	0	47.9667	129
8	12	0	0	0	0	50.5834	130
8	12	0	0	0	0	53.6467	131
8	12	0	0	0	0	49.9515	132
9	12	0	0	0	0	54.9915	133
9	12	0	0	0	0	57.2333	134
10	11	0	0	0	0	49.6274	135
10	10	0	0	0	0	57.0023	136
10	10	0	0	0	0	66.1377	137
10	10	0	0	0	0	66.555	138
10	10	0	0	0	0	63.8008	139
9	10	0	0	0	0	56.734	140
9	10	0	0	0	0	66.9908	141
9	10	0	0	0	0	63.8209	142
9	10	0	0	0	0	55.5389	143
9	10	0	0	0	0	62.4112	144
9	10	0	0	0	0	69.8349	145
9	10	0	0	0	0	65.4827	146
9	10	0	0	0	0	68.6453	147
9	10	0	0	0	0	59.941	148
9	10	0	0	0	0	60.1704	149
9	10	0	0	0	0	51.2212	150
9	10	0	0	0	0	62.9912	151
9	10	0	0	0	0	66.2245	152
9	10	0	0	0	0	58.9468	153
8	10	0	0	0	0	61.461	154
7	10	0	0	0	0	57.029	155
7	10	0	0	0	0	54.026	156
7	9	0	0	0	0	52.2798	157
7	10	0	0	0	0	54.3019	158
7	10	0	0	0	0	48.7017	159
7	10	0	0	0	0	56.0365	160
7	10	0	0	0	0	59.303	161
7	10	0	0	0	0	53.7019	162
7	10	0	0	0	0	48.8668	163
7	10	0	0	0	0	55.1712	164
7	10	0	0	0	0	57.3047	165
7	10	0	0	0	0	56.2322	166
7	10	0	0	0	0	54.0465	167
7	10	0	0	0	0	62.0203	168
8	10	0	0	0	0	40.2752	169
8	10	0	0	0	0	51.6374	170
8	10	0	0	0	0	51.1204	171
8	9	0	0	0	0	52.3188	172
8	9	0	0	0	0	53.6289	173
8	9	0	0	0	0	58.432	174
8	10	0	0	0	0	49.4332	175
9	10	0	0	0	0	57.4951	176
9	11	0	0	0	0	63.321	177
9	11	0	0	0	0	55.7541	178
9	11	0	0	0	0	58.7999	179
9	11	0	0	0	0	62.4224	180
9	11	0	0	0	0	62.7238	181
9	11	0	0	0	0	64.2431	182
9	11	0	0	0	0	68.2445	183
9	11	0	0	0	0	67.7813	184
9	11	0	0	0	0	69.106	185
9	11	0	0	0	0	64.7513	186
9	11	0	0	0	0	63.7706	187
9	10	0	0	0	0	61.4004	188
9	10	0	0	0	0	64.6436	189
9	10	0	0	0	0	60.0528	190
9	10	0	0	0	0	62.3289	191
9	11	0	0	0	0	66.3931	192
9	12	0	0	0	0	66.9846	193
9	12	0	0	0	0	66.6968	194
9	12	0	0	0	0	71.2535	195
9	12	0	0	0	0	73.0308	196
9	12	0	0	0	0	68.1521	197
9	13	0	0	0	0	63.6607	198
9	13	0	0	0	0	58.5677	199
9	12	0	0	0	0	70.6174	200
9	12	0	0	0	0	61.7984	201
8	12	0	0	0	0	57.8387	202
8	12	0	0	0	0	68.9945	203
8	12	0	0	0	0	61.9713	204
7	12	0	0	0	0	62.7588	205
7	12	0	0	0	0	68.5004	206
7	13	0	0	0	0	62.9246	207
7	13	0	0	0	0	52.8722	208
7	13	0	0	0	0	63.3435	209
8	13	0	0	0	0	65.6832	210
8	13	0	0	0	0	67.3986	211
8	14	0	0	0	0	68.4695	212
8	14	0	0	0	0	66.2929	213
8	14	0	0	0	0	69.133	214
8	14	0	0	0	0	64.9597	215
7	14	0	0	0	0	69.133	216
7	13	0	0	0	0	69.0191	217
7	13	0	0	0	0	63.569	218
7	13	0	0	0	0	69.179	219
7	13	0	0	0	0	71.5429	220
7	13	0	0	0	0	59.0125	221
7	13	0	0	0	0	69.1711	222
7	13	0	0	0	0	60.1792	223
8	12	0	0	0	0	62.3285	224
8	12	0	0	0	0	60.1109	225
8	12	0	0	0	0	63.6343	226
8	12	0	0	0	0	58.267	227
8	12	0	0	0	0	59.558	228
8	11	0	0	0	0	58.1115	229
8	11	0	0	0	0	60.0188	230
8	11	0	0	0	0	68.8109	231
8	11	0	0	0	0	60.5198	232
8	10	0	0	0	0	56.9784	233
8	10	0	0	0	0	61.1477	234
8	10	0	0	0	0	64.8802	235
8	10	0	0	0	0	54.2114	236
7	10	0	0	0	0	58.0467	237
7	10	0	0	0	0	56.2858	238
7	9	0	0	0	0	45.091	239
7	9	0	0	0	0	57.6325	240
7	9	0	0	0	0	46.9983	241
7	9	0	0	0	0	54.0281	242
7	9	0	0	0	0	49.7352	243
7	9	0	0	0	0	52.3532	244
7	9	0	0	0	0	53.282	245
7	9	0	0	0	0	54.3019	246
7	9	0	0	0	0	43.582	247
7	9	0	0	0	0	54.4314	248
7	9	0	0	0	0	46.5316	249
7	9	0	0	0	0	57.8289	250
7	9	0	0	0	0	47.769	251
7	9	0	0	0	0	50.3693	252
7	9	0	0	0	0	56.4163	253
7	9	0	0	0	0	53.7622	254
7	9	0	0	0	0	53.6325	255
7	9	0	0	0	0	56.1426	256
7	9	0	0	0	0	43.1566	257
8	9	0	0	0	0	44.453	258
8	9	0	0	0	0	50.7366	259
8	9	0	0	0	0	43.1298	260
9	9	0	0	0	0	40.3951	261
9	9	0	0	0	0	39.2879	262
9	9	0	0	0	0	40.1643	263
6	8	0	0	0	0	38.5161	264
7	7	0	0	0	0	38.7536	265
7	7	0	0	0	0	43.3884	266
7	7	0	0	0	0	44.6435	267
7	7	0	0	0	0	45.1303	268
7	7	0	0	0	0	38.752	269
7	7	0	0	0	0	49.0592	270
7	7	0	0	0	0	45.5907	271
7	7	0	0	0	0	44.9419	272
7	7	0	0	0	0	42.3385	273
7	7	0	0	0	0	43.0213	274
7	7	0	0	0	0	39.2062	275
7	7	0	0	0	0	43.0817	276
7	7	0	0	0	0	39.7374	277
7	7	0	0	0	0	37.1057	278
7	6	0	0	0	0	45.1952	279
7	6	0	0	0	0	44.2274	280
9	6	0	0	0	0	40.1598	281
9	6	0	0	0	0	36.163	282
9	6	0	0	0	0	36.225	283
9	6	0	0	0	0	47.0172	284
8	6	0	0	0	0	42.9337	285
8	6	0	0	0	0	46.0795	286
8	6	0	0	0	0	38.9531	287
8	5	0	0	0	0	38.1688	288
8	5	0	0	0	0	38.8526	289
8	5	0	0	0	0	40.2964	290
8	5	0	0	0	0	39.337	291
7	5	0	0	0	0	33.578	292
7	5	0	0	0	0	38.9549	293
7	5	0	0	0	0	41.3453	294
8	5	0	0	0	0	41.4991	295
8	5	0	0	0	0	37.38	296
8	5	0	0	0	0	37.2065	297
8	6	0	0	0	0	39.2486	298
8	7	0	0	0	0	37.7051	299
10	7	0	0	0	0	42.5489	300
10	7	0	0	0	0	50.2386	301
10	7	0	0	0	0	52.1428	302
10	7	0	0	0	0	54.7246	303
11	7	0	0	0	0	51.5808	304
11	7	0	0	0	0	48.5615	305
11	7	0	0	0	0	54.7324	306
11	6	0	0	0	0	38.2712	307
11	5	0	0	0	0	48.0212	308
11	5	0	0	0	0	51.0246	309
11	5	0	0	0	0	48.2863	310
11	5	0	0	0	0	54.0501	311
11	5	0	0	0	0	49.3589	312
11	5	0	0	0	0	45.8197	313
11	5	0	0	0	0	44.5238	314
11	5	0	0	0	0	45.7351	315
12	5	0	0	0	0	47.3352	316
11	5	0	0	0	0	48.9723	317
11	5	0	0	0	0	49.7652	318
11	6	0	0	0	0	46.3318	319
11	6	0	0	0	0	56.6668	320
11	6	0	0	0	0	52.3469	321
11	7	0	0	0	0	47.5023	322
10	7	0	0	0	0	51.5537	323
11	7	0	0	0	0	55.4661	324
11	7	0	0	0	0	51.0048	325
11	7	0	0	0	0	58.2057	326
11	7	0	0	0	0	55.253	327
11	7	0	0	0	0	59.8651	328
11	7	0	0	0	0	59.8651	329
11	7	0	0	0	0	59.8717	330
11	7	0	0	0	0	55.9634	331
11	7	0	0	0	0	53.3785	332
11	7	0	0	0	0	61.6248	333
11	7	0	0	0	0	60.4891	334
12	7	0	0	0	0	59.3215	335
12	7	0	0	0	0	61.8747	336
12	7	0	0	0	0	57.1429	337
12	7	0	0	0	0	63.7758	338
12	7	0	0	0	0	63.3605	339
13	7	0	0	0	0	60.791	340
13	7	0	0	0	0	66.4027	341
13	7	0	0	0	0	63.5299	342
13	7	0	0	0	0	61.9737	343
13	7	0	0	0	0	58.4662	344
14	7	0	0	0	0	61.2949	345
15	7	0	0	0	0	58.9606	346
15	6	0	0	0	0	68.2686	347
15	6	0	0	0	0	69.4266	348
15	6	0	0	0	0	48.9117	349
15	6	0	0	0	0	70.8243	350
15	6	0	0	0	0	73.4196	351
15	6	0	0	0	0	65.9556	352
15	6	0	0	0	0	62.9182	353
15	6	0	0	0	0	71.8674	354
15	6	0	0	0	0	68.6694	355
16	6	0	0	0	0	62.0995	356
15	5	0	0	0	0	67.5936	357
15	5	0	0	0	0	62.3865	358
15	5	0	0	0	0	62.1738	359
15	5	0	0	0	0	65.3706	360
15	5	0	0	0	0	54.487	361
15	5	0	0	0	0	64.7068	362
15	5	0	0	0	0	69.3551	363
15	5	0	0	0	0	69.1357	364
15	5	0	0	0	0	58.9735	365
15	4	0	0	0	0	68.2597	366
15	4	0	0	0	0	55.3497	367
15	4	0	0	0	0	60.8411	368
15	4	0	0	0	0	55.6352	369
15	3	0	0	0	0	56.239	370
15	3	0	0	0	0	56.1087	371
16	3	0	0	0	0	60.2233	372
16	2	0	0	0	0	51.8408	373
16	2	0	0	0	0	55.4924	374
15	3	0	0	0	0	52.342	375
15	3	0	0	0	0	58.5089	376
15	3	0	0	0	0	60.1441	377
15	3	0	0	0	0	64.4239	378
15	3	0	0	0	0	51.9677	379
15	3	0	0	0	0	53.1886	380
15	3	0	0	0	0	51.8408	381
15	3	0	0	0	0	54.2181	382
15	3	0	0	0	0	56.93	383
15	2	0	0	0	0	59.6205	384
15	2	0	0	0	0	54.4895	385
15	2	0	0	0	0	59.8718	386
15	2	0	0	0	0	61.523	387
15	3	0	0	0	0	56.4873	388
16	3	0	0	0	0	52.2943	389
16	3	0	0	0	0	65.0376	390
16	3	0	0	0	0	68.0448	391
16	3	0	0	0	0	60.2589	392
16	3	0	0	0	0	58.2906	393
16	3	0	0	0	0	58.2854	394
16	3	0	0	0	0	57.7285	395
18	4	0	0	0	0	54.9392	396
17	5	0	0	0	0	61.8684	397
17	5	0	0	0	0	55.9401	398
17	5	0	0	0	0	61.9399	399
16	5	0	0	0	0	75.5576	400
16	5	0	0	0	0	61.011	401
16	5	0	0	0	0	71.4067	402
16	5	0	0	0	0	65.8523	403
16	5	0	0	0	0	69.4354	404
15	5	0	0	0	0	73.8478	405
15	5	0	0	0	0	69.761	406
15	5	0	0	0	0	64.8233	407
15	5	0	0	0	0	64.161	408
15	5	0	0	0	0	68.7642	409
15	5	0	0	0	0	66.0662	410
15	5	0	0	0	0	68.6977	411
15	5	0	0	0	0	68.9834	412
15	6	0	0	0	0	69.2313	413
15	7	0	0	0	0	77.3388	414
15	7	0	0	0	0	72.0552	415
15	7	0	0	0	0	74.5599	416
15	7	0	0	0	0	63.9123	417
15	7	0	0	0	0	67.9745	418
15	7	0	0	0	0	64.8667	419
15	8	0	0	0	0	81.6567	420
15	8	0	0	0	0	80.638	421
16	8	0	0	0	0	85.4104	422
16	8	0	0	0	0	80.35	423
16	8	0	0	0	0	84.1058	424
16	8	0	0	0	0	89.7412	425
16	8	0	0	0	0	76.493	426
16	8	0	0	0	0	81.2385	427
16	8	0	0	0	0	84.1326	428
16	8	0	0	0	0	83.0937	429
16	8	0	0	0	0	67.1094	430
14	7	0	0	0	0	71.0997	431
14	7	0	0	0	0	72.5349	432
14	7	0	0	0	0	77.7969	433
14	7	0	0	0	0	73.3957	434
14	7	0	0	0	0	65.5101	435
14	8	0	0	0	0	74.1319	436
13	8	0	0	0	0	72.4957	437
13	8	0	0	0	0	74.0619	438
12	8	0	0	0	0	56.637	439
12	8	0	0	0	0	63.1937	440
12	8	0	0	0	0	70.0305	441
12	8	0	0	0	0	59.1955	442
11	8	0	0	0	0	64.8122	443
11	8	0	0	0	0	61.4119	444
9	8	0	0	0	0	53.979	445
9	8	0	0	0	0	61.4977	446
9	8	0	0	0	0	53.9337	447
10	8	0	0	0	0	55.179	448
10	8	0	0	0	0	57.9932	449
8	8	0	0	0	0	51.1893	450
8	8	0	0	0	0	45.9228	451
8	8	0	0	0	0	49.254	452
8	8	0	0	0	0	52.2793	453
8	8	0	0	0	0	48.6896	454
7	8	0	0	0	0	47.8934	455
7	8	0	0	0	0	43.765	456
7	8	0	0	0	0	42.2709	457
7	8	0	0	0	0	51.8249	458
7	8	0	0	0	0	43.9979	459
6	8	0	0	0	0	37.1224	460
6	8	0	0	0	0	44.9766	461
6	8	0	0	0	0	46.8935	462
6	8	0	0	0	0	44.1008	463
6	8	0	0	0	0	46.9749	464
6	8	0	0	0	0	49.5433	465
6	8	0	0	0	0	42.0503	466
6	8	0	0	0	0	42.451	467
6	8	0	0	0	0	44.9766	468
7	8	0	0	0	0	45.6141	469
7	8	0	0	0	0	45.1063	470
7	8	0	0	0	0	52.5573	471
7	8	0	0	0	0	50.8401	472
7	8	0	0	0	0	49.9298	473
7	8	0	0	0	0	48.922	474
7	8	0	0	0	0	46.0923	475
7	10	0	0	0	0	53.1946	476
7	10	0	0	0	0	49.3742	477
7	10	0	0	0	0	58.7566	478
7	10	0	0	0	0	55.0758	479
7	10	0	0	0	0	45.9752	480
8	10	0	0	0	0	57.0249	481
8	10	0	0	0	0	60.9868	482
8	10	0	0	0	0	59.8197	483
8	10	0	0	0	0	52.275	484
5	10	0	0	0	0	48.139	485
5	10	0	0	0	0	49.8473	486
5	10	0	0	0	0	41.4412	487
5	9	0	0	0	0	41.0034	488
5	9	0	0	0	0	44.2589	489
5	9	0	0	0	0	43.9933	490
6	9	0	0	0	0	40.8793	491
6	9	0	0	0	0	41.4167	492
6	7	0	0	0	0	38.6083	493
6	7	0	0	0	0	41.3736	494
5	7	0	0	0	0	39.5552	495
5	7	0	0	0	0	36.7621	496
5	7	0	0	0	0	36.3168	497
5	7	0	0	0	0	30.7314	498
5	7	0	0	0	0	30.81	499
5	7	0	0	0	0	40.7593	500
5	7	0	0	0	0	39.8919	501
5	7	0	0	0	0	34.8835	502
5	7	0	0	0	0	33.2365	503
5	7	0	0	0	0	36.6474	504
5	7	0	0	0	0	36.2692	505
5	7	0	0	0	0	38.9115	506
5	7	0	0	0	0	37.1714	507
5	7	0	0	0	0	38.3962	508
5	7	0	0	0	0	34.3116	509
6	7	0	0	0	0	31.0935	510
6	7	0	0	0	0	34.6668	511
6	7	0	0	0	0	42.1644	512
6	7	0	0	0	0	42.4362	513
6	7	0	0	0	0	33.5852	514
6	7	0	0	0	0	36.693	515
6	7	0	0	0	0	44.1713	516
6	7	0	0	0	0	31.7294	517
6	7	0	0	0	0	28.1501	518
6	6	0	0	0	0	38.4643	519
6	6	0	0	0	0	41.5389	520
6	6	0	0	0	0	33.6551	521
6	6	0	0	0	0	28.6772	522
6	6	0	0	0	0	31.4495	523
6	6	0	0	0	0	33.0391	524
6	5	0	0	0	0	28.7385	525
6	5	0	0	0	0	30.6789	526
6	4	0	0	0	0	28.4759	527
6	4	0	0	0	0	31.4495	528
6	4	0	0	0	0	24.3246	529
6	4	0	0	0	0	31.5828	530
6	5	0	0	0	0	31.2085	531
6	5	0	0	0	0	26.4727	532
6	4	0	0	0	0	31.0813	533
6	4	0	0	0	0	24.625	534
6	5	0	0	0	0	30.1898	535
6	5	0	0	0	0	32.1373	536
7	5	0	0	0	0	31.6739	537
9	5	0	0	0	0	33.0849	538
9	6	0	0	0	0	34.9353	539
9	6	0	0	0	0	31.0171	540
10	6	0	0	0	0	31.3731	541
10	6	0	0	0	0	34.5717	542
10	6	0	0	0	0	34.3645	543
10	6	0	0	0	0	32.5193	544
10	6	0	0	0	0	28.1579	545
9	6	0	0	0	0	44.5506	546
9	6	0	0	0	0	41.6799	547
8	6	0	0	0	0	39.5478	548
9	6	0	0	0	0	34.9924	549
9	6	0	0	0	0	52.0585	550
9	6	0	0	0	0	48.0741	551
9	6	0	0	0	0	45.8003	552
9	6	0	0	0	0	43.2953	553
9	6	0	0	0	0	47.9795	554
9	6	0	0	0	0	46.5769	555
9	6	0	0	0	0	52.7177	556
9	6	0	0	0	0	48.0443	557
9	6	0	0	0	0	50.567	558
10	6	0	0	0	0	49.3405	559
10	6	0	0	0	0	57.6238	560
10	6	0	0	0	0	52.3729	561
10	6	0	0	0	0	45.9784	562
10	6	0	0	0	0	45.1391	563
10	5	0	0	0	0	40.5823	564
10	5	0	0	0	0	44.8024	565
10	5	0	0	0	0	45.4686	566
10	5	0	0	0	0	44.1878	567
10	5	0	0	0	0	38.9429	568
10	5	0	0	0	0	50.1782	569
10	5	0	0	0	0	44.7259	570
10	5	0	0	0	0	43.1133	571
9	5	0	0	0	0	43.9604	572
10	5	0	0	0	0	36.0639	573
10	5	0	0	0	0	45.3524	574
10	5	0	0	0	0	50.7462	575
10	5	0	0	0	0	45.3609	576
11	5	0	0	0	0	33.7019	577
10	5	0	0	0	0	43.708	578
10	5	0	0	0	0	41.856	579
9	6	0	0	0	0	44.3072	580
9	6	0	0	0	0	46.8128	581
9	6	0	0	0	0	45.985	582
9	6	0	0	0	0	44.8714	583
9	6	0	0	0	0	48.4536	584
10	6	0	0	0	0	48.4444	585
10	6	0	0	0	0	49.3654	586
10	6	0	0	0	0	52.589	587
10	6	0	0	0	0	49.2263	588
11	6	0	0	0	0	52.5118	589
11	6	0	0	0	0	48.0756	590
11	8	0	0	0	0	44.0615	591
11	8	0	0	0	0	51.1033	592
11	9	0	0	0	0	47.6909	593
11	8	0	0	0	0	49.9267	594
11	8	0	0	0	0	60.8281	595
11	8	0	0	0	0	68.72	596
12	8	0	0	0	0	64.4709	597
12	8	0	0	0	0	59.2985	598
12	8	0	0	0	0	66.5869	599
12	8	0	0	0	0	69.9347	600
12	8	0	0	0	0	61.161	601
12	7	0	0	0	0	60.8558	602
12	7	0	0	0	0	69.9452	603
13	7	0	0	0	0	60.7763	604
13	6	0	0	0	0	62.8673	605
13	6	0	0	0	0	62.1019	606
13	6	0	0	0	0	65.5658	607
13	6	0	0	0	0	57.4053	608
13	5	0	0	0	0	55.7325	609
13	5	0	0	0	0	60.2029	610
13	5	0	0	0	0	60.751	611
12	5	0	0	0	0	49.8914	612
13	5	0	0	0	0	49.1813	613
13	5	0	0	0	0	49.2934	614
12	5	0	0	0	0	61.7149	615
12	5	0	0	0	0	56.817	616
12	5	0	0	0	0	55.5196	617
12	5	0	0	0	0	54.5398	618
12	5	0	0	0	0	56.9426	619
12	5	0	0	0	0	53.9018	620
13	5	0	0	0	0	49.4404	621
13	5	0	0	0	0	54.2983	622
13	5	0	0	0	0	53.4063	623
14	5	0	0	0	0	55.7748	624
14	5	0	0	0	0	54.4348	625
14	6	0	0	0	0	53.0136	626
14	6	0	0	0	0	55.2139	627
15	6	0	0	0	0	45.0385	628
15	6	0	0	0	0	45.7697	629
15	6	0	0	0	0	56.6032	630
16	6	0	0	0	0	51.1943	631
16	6	0	0	0	0	42.8844	632
18	6	0	0	0	0	54.1001	633
17	6	0	0	0	0	54.4177	634
17	5	0	0	0	0	54.3625	635
17	5	0	0	0	0	72.556	636
17	6	0	0	0	0	72.451	637
18	6	0	0	0	0	74.7397	638
18	6	0	0	0	0	74.1343	639
18	6	0	0	0	0	72.0812	640
18	6	0	0	0	0	76.8437	641
18	6	0	0	0	0	84.5031	642
18	6	0	0	0	0	67.9738	643
18	6	0	0	0	0	77.9531	644
18	6	0	0	0	0	84.4758	645
18	6	0	0	0	0	81.3903	646
18	6	0	0	0	0	78.3983	647
18	7	0	0	0	0	82.6047	648
18	8	0	0	0	0	85.2641	649
18	8	0	0	0	0	84.5786	650
18	8	0	0	0	0	82.2784	651
18	9	0	0	0	0	87.1801	652
18	9	0	0	0	0	92.2681	653
18	9	0	0	0	0	101.552	654
18	9	0	0	0	0	93.0039	655
18	9	0	0	0	0	83.6341	656
18	10	0	0	0	0	92.9085	657
18	10	0	0	0	0	92.6648	658
18	10	0	0	0	0	96.9026	659
17	10	0	0	0	0	81.7995	660
17	10	0	0	0	0	86.3769	661
17	10	0	0	0	0	84.9438	662
16	10	0	0	0	0	88.0539	663
16	10	0	0	0	0	96.0776	664
16	10	0	0	0	0	83.9039	665
17	10	0	0	0	0	82.3829	666
17	9	0	0	0	0	97.6875	667
17	9	0	0	0	0	95.0231	668
17	9	0	0	0	0	93.8174	669
17	9	0	0	0	0	88.1259	670
17	9	0	0	0	0	80.7818	671
17	9	0	0	0	0	76.997	672
17	9	0	0	0	0	98.2336	673
18	9	0	0	0	0	89.3802	674
18	9	0	0	0	0	72.8906	675
18	9	0	0	0	0	102.262	676
18	9	0	0	0	0	93.6184	677
18	9	0	0	0	0	91.5841	678
18	9	0	0	0	0	96.6519	679
18	9	0	0	0	0	102.198	680
18	9	0	0	0	0	83.5245	681
18	9	0	0	0	0	80.5426	682
18	9	0	0	0	0	87.763	683
18	8	0	0	0	0	85.384	684
18	8	0	0	0	0	77.2696	685
19	7	0	0	0	0	72.0896	686
18	7	0	0	0	0	72.5908	687
16	7	0	0	0	0	81.793	688
16	7	0	0	0	0	80.0807	689
16	7	0	0	0	0	80.755	690
16	7	0	0	0	0	77.1159	691
16	9	0	0	0	0	85.4086	692
16	9	0	0	0	0	81.7478	693
16	10	0	0	0	0	82.4407	694
16	10	0	0	0	0	83.2812	695
16	10	0	0	0	0	73.6404	696
16	10	0	0	0	0	77.7578	697
16	10	0	0	0	0	81.4863	698
16	10	0	0	0	0	82.5228	699
16	9	0	0	0	0	93.9975	700
16	9	0	0	0	0	85.1842	701
16	9	0	0	0	0	83.1372	702
15	9	0	0	0	0	86.2102	703
16	9	0	0	0	0	79.5991	704
16	10	0	0	0	0	86.808	705
16	10	0	0	0	0	75.1056	706
16	10	0	0	0	0	89.8794	707
16	10	0	0	0	0	83.3227	708
16	10	0	0	0	0	94.0922	709
16	9	0	0	0	0	93.4068	710
17	9	0	0	0	0	82.3171	711
17	9	0	0	0	0	79.1905	712
16	9	0	0	0	0	76.1116	713
16	10	0	0	0	0	75.784	714
17	10	0	0	0	0	82.8813	715
17	10	0	0	0	0	81.9886	716
17	10	0	0	0	0	80.4194	717
17	9	0	0	0	0	79.33	718
17	9	0	0	0	0	86.1938	719
15	9	0	0	0	0	82.0418	720
15	9	0	0	0	0	89.9391	721
15	9	0	0	0	0	53.4588	722
14	10	0	0	0	0	77.992	723
14	10	0	0	0	0	72.5978	724
14	10	0	0	0	0	88.0718	725
14	10	0	0	0	0	79.0943	726
14	10	0	0	0	0	79.0596	727
13	10	0	0	0	0	80.2833	728
13	10	0	0	0	0	81.1124	729
12	10	0	0	0	0	69.9604	730
12	10	0	0	0	0	75.5638	731
12	10	0	0	0	0	71.2198	732
12	10	0	0	0	0	77.3881	733
12	10	0	0	0	0	73.461	734
11	10	0	0	0	0	71.0401	735
11	10	0	0	0	0	77.581	736
11	10	0	0	0	0	72.8043	737
11	10	0	0	0	0	51.7127	738
11	10	0	0	0	0	65.3553	739
11	9	0	0	0	0	69.2551	740
11	9	0	0	0	0	67.1727	741
11	9	0	0	0	0	61.1046	742
11	9	0	0	0	0	58.1465	743
9	9	0	0	0	0	60.5459	744
8	9	0	0	0	0	53.0278	745
8	9	0	0	0	0	60.4283	746
8	9	0	0	0	0	56.9073	747
8	8	0	0	0	0	44.4105	748
8	7	0	0	0	0	47.843	749
8	7	0	0	0	0	52.8883	750
8	7	0	0	0	0	48.1195	751
8	7	0	0	0	0	47.9445	752
8	7	0	0	0	0	47.5392	753
8	7	0	0	0	0	45.0692	754
8	7	0	0	0	0	51.6938	755
8	7	0	0	0	0	48.4407	756
8	7	0	0	0	0	41.1748	757
8	7	0	0	0	0	41.5664	758
8	7	0	0	0	0	49.0592	759
7	7	0	0	0	0	44.0009	760
7	8	0	0	0	0	36.5588	761
7	8	0	0	0	0	49.7366	762
7	8	0	0	0	0	47.9137	763
7	8	0	0	0	0	46.7938	764
7	9	0	0	0	0	50.3225	765
7	9	0	0	0	0	49.1334	766
7	9	0	0	0	0	51.4819	767
7	9	0	0	0	0	49.7155	768
7	10	0	0	0	0	47.2384	769
7	10	0	0	0	0	43.6832	770
6	10	0	0	0	0	47.6676	771
6	10	0	0	0	0	50.745	772
6	10	0	0	0	0	53.081	773
6	10	0	0	0	0	51.6487	774
6	10	0	0	0	0	57.7959	775
6	10	0	0	0	0	48.5322	776
6	11	0	0	0	0	55.8267	777
6	11	0	0	0	0	43.7385	778
6	11	0	0	0	0	57.7548	779
7	11	0	0	0	0	55.6629	780
8	11	0	0	0	0	54.0431	781
8	11	0	0	0	0	48.8654	782
8	11	0	0	0	0	62.6651	783
8	12	0	0	0	0	67.7514	784
8	12	0	0	0	0	54.2444	785
8	11	0	0	0	0	61.9002	786
8	11	0	0	0	0	52.8599	787
8	11	0	0	0	0	65.6937	788
8	11	0	0	0	0	64.3833	789
8	11	0	0	0	0	63.4298	790
8	11	0	0	0	0	61.1056	791
8	11	0	0	0	0	56.6773	792
8	11	0	0	0	0	56.7881	793
8	11	0	0	0	0	63.2157	794
8	11	0	0	0	0	61.7623	795
8	11	0	0	0	0	60.0665	796
8	11	0	0	0	0	66.2827	797
8	11	0	0	0	0	58.5567	798
8	10	0	0	0	0	59.0257	799
8	10	0	0	0	0	55.8674	800
8	10	0	0	0	0	56.9744	801
8	10	0	0	0	0	61.0178	802
8	11	0	0	0	0	64.274	803
8	11	0	0	0	0	64.3577	804
8	11	0	0	0	0	59.4797	805
8	11	0	0	0	0	63.0715	806
9	11	0	0	0	0	63.0562	807
9	12	0	0	0	0	56.4545	808
9	12	0	0	0	0	65.2991	809
9	12	0	0	0	0	73.3142	810
9	11	0	0	0	0	67.2619	811
9	11	0	0	0	0	60.2226	812
9	11	0	0	0	0	68.19	813
9	11	0	0	0	0	64.599	814
9	11	0	0	0	0	73.0201	815
9	11	0	0	0	0	71.6554	816
9	11	0	0	0	0	61.2211	817
9	11	0	0	0	0	61.3133	818
9	11	0	0	0	0	62.2714	819
9	11	0	0	0	0	60.977	820
9	10	0	0	0	0	60.4033	821
8	10	0	0	0	0	57.3277	822
7	10	0	0	0	0	50.823	823
7	10	0	0	0	0	55.5764	824
7	10	0	0	0	0	58.4569	825
7	10	0	0	0	0	56.4506	826
7	10	0	0	0	0	61.8755	827
7	10	0	0	0	0	55.7313	828
7	10	0	0	0	0	54.6838	829
7	10	0	0	0	0	56.5779	830
7	10	0	0	0	0	50.3088	831
7	11	0	0	0	0	52.6793	832
7	10	0	0	0	0	43.5832	833
7	10	0	0	0	0	52.1786	834
7	10	0	0	0	0	43.3862	835
5	10	0	0	0	0	43.0057	836
6	10	0	0	0	0	45.6093	837
6	9	0	0	0	0	49.6294	838
6	9	0	0	0	0	46.3675	839
6	9	0	0	0	0	44.8732	840
6	9	0	0	0	0	50.1479	841
6	9	0	0	0	0	40.3499	842
6	9	0	0	0	0	43.3923	843
6	8	0	0	0	0	49.4379	844
7	8	0	0	0	0	40.9512	845
7	8	0	0	0	0	41.0208	846
7	8	0	0	0	0	48.0733	847
7	8	0	0	0	0	41.274	848
7	9	0	0	0	0	44.214	849
7	9	0	0	0	0	49.6554	850
7	11	0	0	0	0	42.2764	851
7	11	0	0	0	0	44.8342	852
7	11	0	0	0	0	43.0134	853
7	11	0	0	0	0	45.0641	854
7	11	0	0	0	0	44.8519	855
7	11	0	0	0	0	45.2893	856
7	11	0	0	0	0	45.1807	857
6	11	0	0	0	0	45.7975	858
6	11	0	0	0	0	45.5619	859
6	11	0	0	0	0	43.587	860
5	11	0	0	0	0	37.0522	861
5	11	0	0	0	0	40.4747	862
5	11	0	0	0	0	45.9103	863
5	10	0	0	0	0	45.8022	864
4	10	0	0	0	0	33.6495	865
4	10	0	0	0	0	49.1551	866
4	10	0	0	0	0	44.3021	867
4	10	0	0	0	0	44.4945	868
4	10	0	0	0	0	32.6192	869
4	10	0	0	0	0	30.3273	870
4	10	0	0	0	0	36.2192	871
4	10	0	0	0	0	37.7212	872
4	9	0	0	0	0	29.6173	873
5	8	0	0	0	0	31.8131	874
5	7	0	0	0	0	32.0005	875
5	7	0	0	0	0	34.7547	876
5	7	0	0	0	0	33.5067	877
5	7	0	0	0	0	22.5233	878
5	7	0	0	0	0	37.9257	879
5	7	0	0	0	0	38.5863	880
5	7	0	0	0	0	38.1106	881
5	7	0	0	0	0	38.9115	882
5	7	0	0	0	0	34.7841	883
6	7	0	0	0	0	40.8978	884
6	8	0	0	0	0	39.6107	885
6	9	0	0	0	0	44.9792	886
6	9	0	0	0	0	44.3267	887
6	9	0	0	0	0	49.5919	888
6	9	0	0	0	0	42.8147	889
6	9	0	0	0	0	43.2953	890
6	9	0	0	0	0	42.9438	891
5	9	0	0	0	0	43.5027	892
5	9	0	0	0	0	48.461	893
5	9	0	0	0	0	44.5392	894
5	9	0	0	0	0	49.1456	895
5	9	0	0	0	0	45.4661	896
5	9	0	0	0	0	42.6218	897
5	9	0	0	0	0	41.6777	898
4	9	0	0	0	0	38.5053	899
4	9	0	0	0	0	38.5053	900
4	9	0	0	0	0	37.9217	901
4	9	0	0	0	0	35.464	902
4	9	0	0	0	0	35.9175	903
4	9	0	0	0	0	35.1496	904
4	8	0	0	0	0	38.9626	905
4	8	0	0	0	0	36.7558	906
4	8	0	0	0	0	39.336	907
4	8	0	0	0	0	37.8735	908
4	8	0	0	0	0	34.7756	909
4	8	0	0	0	0	36.2768	910
4	8	0	0	0	0	35.6118	911
4	8	0	0	0	0	32.1295	912
5	7	0	0	0	0	31.8055	913
5	7	0	0	0	0	34.9228	914
5	7	0	0	0	0	38.2558	915
5	8	0	0	0	0	39.1915	916
6	8	0	0	0	0	41.8574	917
6	8	0	0	0	0	38.6555	918
7	8	0	0	0	0	38.0791	919
7	8	0	0	0	0	48.1786	920
7	8	0	0	0	0	43.6431	921
7	8	0	0	0	0	37.269	922
7	8	0	0	0	0	47.9856	923
7	8	0	0	0	0	46.5064	924
7	8	0	0	0	0	41.4925	925
7	8	0	0	0	0	39.1388	926
7	8	0	0	0	0	50.4499	927
7	8	0	0	0	0	42.8615	928
7	8	0	0	0	0	49.7902	929
7	8	0	0	0	0	44.2662	930
7	8	0	0	0	0	41.9151	931
7	8	0	0	0	0	50.083	932
7	8	0	0	0	0	47.4743	933
9	8	0	0	0	0	47.4601	934
9	8	0	0	0	0	44.0313	935
9	8	0	0	0	0	46.9036	936
9	8	0	0	0	0	47.2159	937
9	8	0	0	0	0	40.1104	938
9	7	0	0	0	0	38.899	939
9	7	0	0	0	0	39.527	940
9	7	0	0	0	0	43.9532	941
9	6	0	0	0	0	31.7008	942
9	6	0	0	0	0	41.9571	943
9	6	0	0	0	0	46.3577	944
9	6	0	0	0	0	47.3517	945
9	6	0	0	0	0	36.7772	946
9	6	0	0	0	0	41.522	947
9	6	0	0	0	0	43.1133	948
9	6	0	0	0	0	39.366	949
9	6	0	0	0	0	44.1008	950
8	6	0	0	0	0	38.87	951
8	6	0	0	0	0	39.9491	952
8	6	0	0	0	0	41.1405	953
8	6	0	0	0	0	35.0977	954
8	6	0	0	0	0	38.2462	955
7	6	0	0	0	0	37.0832	956
7	7	0	0	0	0	36.1951	957
7	6	0	0	0	0	26.5342	958
7	5	0	0	0	0	37.7223	959
7	5	0	0	0	0	31.7816	960
7	5	0	0	0	0	35.8084	961
7	5	0	0	0	0	35.7812	962
7	5	0	0	0	0	32.9582	963
7	5	0	0	0	0	37.2442	964
7	6	0	0	0	0	34.5658	965
7	6	0	0	0	0	39.8296	966
7	6	0	0	0	0	36.1205	967
7	6	0	0	0	0	37.4151	968
7	5	0	0	0	0	36.4389	969
7	5	0	0	0	0	35.8162	970
7	5	0	0	0	0	39.3062	971
7	5	0	0	0	0	32.4271	972
7	5	0	0	0	0	33.1179	973
7	4	0	0	0	0	35.4601	974
7	4	0	0	0	0	32.0913	975
7	4	0	0	0	0	31.9741	976
7	4	0	0	0	0	29.8738	977
7	4	0	0	0	0	33.66	978
8	4	0	0	0	0	30.8159	979
8	4	0	0	0	0	38.8599	980
9	4	0	0	0	0	38.8091	981
9	4	0	0	0	0	39.336	982
9	4	0	0	0	0	39.336	983
9	4	0	0	0	0	44.8408	984
9	4	0	0	0	0	40.5348	985
9	4	0	0	0	0	40.7609	986
9	4	0	0	0	0	42.851	987
9	4	0	0	0	0	41.7476	988
9	4	0	0	0	0	41.9082	989
9	4	0	0	0	0	40.3794	990
9	4	0	0	0	0	38.4035	991
9	4	0	0	0	0	38.2644	992
9	4	0	0	0	0	41.9082	993
9	5	0	0	0	0	38.6559	994
8	5	0	0.5	0	1	36.5124	995
8	6	0	0.5	0	1	37.0137	996
8	6	0	0.5	0	1	38.4041	997
8	6	0	0.5	0	1	40.4747	998
8	5	0	0.5	0	1	41.3225	999
8	5	0.5	0.5	1	1	38.5515	1000
8	5	0.5	0.5	1	1	40.7561	1001
8	5	0.5	0.5	1	1	45.8892	1002
8	5	0.5	0.5	1	1	40.8539	1003
8	5	0.5	0.5	1	1	45.6064	1004
8	5	0.5	0.5	1	1	45.6064	1005
8	5	0.5	0.5	1	1	39.6629	1006
8	5	0.5	0.5	1	1	42.1563	1007
8	5	0.5	0.5	1	1	40.2587	1008
8	6	0.5	0.5	1	1	41.1858	1009
8	6	0.5	0.5	1	1	42.9854	1010
8	6	0.5	0.5	1	1	39.72	1011
8	6	0.5	0.5	1	1	42.0971	1012
8	6	0.5	0.5	1	1	43.5527	1013
8	6	0.5	0.5	1	1	41.0915	1014
8	6	0.5	0.5	1	1	39.7952	1015
8	6	0.5	0.5	1	1	42.9792	1016
8	6	0.5	0.5	1	1	48.5316	1017
8	6	0.5	0.5	1	1	43.6971	1018
8	6	0.5	0.5	1	1	46.9565	1019
8	6	0.5	0.5	1	1	43.3839	1020
8	6	0.5	0.5	1	1	49.637	1021
8	6	0.5	0.5	1	1	38.8996	1022
8	6	0.5	0.5	1	1	46.9888	1023
8	6	0.5	0.5	1	1	48.9277	1024
9	6	0.5	0.5	1	1	40.6343	1025
8	6	0.5	0.5	1	1	41.4306	1026
8	6	0.5	0.5	1	1	42.0503	1027
8	6	0.5	0.5	1	1	45.7261	1028
8	6	0.5	0.5	1	1	44.6866	1029
8	6	0.5	0.5	1	1	48.8297	1030
8	6	0.5	0.5	1	1	40.1935	1031
8	6	0.5	0.5	1	1	43.0516	1032
8	6	0.5	0.5	1	1	42.9366	1033
8	6	0.5	0.5	1	1	43.4443	1034
8	5	0.5	0.5	1	1	43.1298	1035
9	5	0.5	0.5	1	1	43.3187	1036
9	5	0.5	0.5	1	1	49.9342	1037
9	5	0.5	0.5	1	1	42.7688	1038
9	5	0.5	0.5	1	1	45.4464	1039
9	6	0.5	0.5	1	1	43.5573	1040
9	6	0.5	0.5	1	1	45.234	1041
9	6	0.5	0.5	1	1	45.3094	1042
9	6	0.5	0.5	1	1	48.8675	1043
9	5	0.5	0.5	1	1	42.8961	1044
9	5	0.5	0.5	1	1	38.2428	1045
9	5	0.5	0.5	1	1	38.1669	1046
9	5	0.5	0.5	1	1	37.647	1047
7	5	0.5	0.5	1	1	41.1079	1048
7	5	0.5	0.5	1	1	39.1915	1049
7	5	0.5	0.5	1	1	36.366	1050
7	5	0.5	0.5	1	1	40.2497	1051
7	5	0.5	0.5	1	1	33.8654	1052
7	5	0.5	0.5	1	1	38.9549	1053
8	7	0.5	0.5	1	1	39.9875	1054
8	7	0.5	0.5	1	1	52.5154	1055
8	7	0.5	0	1	0	44.2456	1056
8	7	0.5	0	1	0	47.8476	1057
8	7	0.5	0	1	0	38.6527	1058
8	7	0.5	0	1	0	35.7209	1059
8	8	0.5	0	1	0	33.1798	1060
8	8	0.5	0	1	0	36.205	1061
8	8	0.5	0	1	0	36.2124	1062
7	8	0	0	0	0	39.2879	1063
7	8	0	0	0	0	32.6578	1064
6	8	0	0	0	0	36.2692	1065
6	8	0	0	0	0	36.8793	1066
5	8	0	0	0	0	40.7134	1067
5	8	0	0	0	0	38.0135	1068
5	8	0	0	0	0	35.2415	1069
5	8	0	0	0	0	42.2565	1070
5	8	0	0	0	0	38.8255	1071
5	8	0	0	0	0	41.1743	1072
5	7	0	0	0	0	39.5077	1073
5	7	0	0	0	0	34.0649	1074
5	9	0	0	0	0	41.4167	1075
5	9	0	0	0	0	35.7118	1076
5	9	0	0	0	0	42.8961	1077
5	9	0	0	0	0	39.5812	1078
5	9	0	0	0	0	42.6971	1079
5	9	0	0	0	0	44.3794	1080
5	9	0	0	0	0	44.128	1081
5	9	0	0	0	0	41.7326	1082
5	9	0	0	0	0	45.0582	1083
6	9	0	0	0	0	45.985	1084
6	9	0	0	0	0	47.9474	1085
6	9	0	0	0	0	50.7881	1086
6	9	0	0	0	0	49.9971	1087
6	8	0	0	0	0	42.0026	1088
6	8	0	0	0	0	42.0503	1089
6	8	0	0	0	0	45.622	1090
6	8	0	0	0	0	46.5356	1091
6	8	0	0	0	0	43.7491	1092
6	8	0	0	0	0	40.491	1093
6	8	0	0	0	0	49.8503	1094
6	8	0	0	0	0	37.9593	1095
6	9	0	0	0	0	41.2377	1096
6	10	0	0	0	0	43.0336	1097
6	10	0	0	0	0	40.059	1098
6	10	0	0	0	0	39.5108	1099
6	10	0	0	0	0	48.1586	1100
6	10	0	0	0	0	40.7914	1101
6	10	0	0	0	0	49.0337	1102
6	10	0	0	0	0	36.6381	1103
6	10	0	0	0	0	51.5283	1104
6	9	0	0	0	0	46.7335	1105
6	10	0	0	0	0	43.1618	1106
6	10	0	0	0	0	43.3223	1107
7	10	0	0	0	0	48.7023	1108
7	10	0	0	0	0	57.6311	1109
7	10	0	0	0	0	58.4219	1110
7	10	0	0	0	0	50.5208	1111
6	10	0	0	0	0	47.9688	1112
6	10	0	0	0	0	49.8614	1113
6	10	0	0	0	0	52.414	1114
5	10	0	0	0	0	43.819	1115
5	10	0	0	0	0	48.4374	1116
5	9	0	0	0	0	48.1116	1117
5	9	0	0	0	0	40.3171	1118
5	9	0	0	0	0	41.5736	1119
5	9	0	0	0	0	44.9587	1120
5	9	0	0	0	0	47.8441	1121
5	9	0	0	0	0	42.1871	1122
5	9	0	0	0	0	45.4927	1123
5	9	0	0	0	0	42.7844	1124
5	9	0	0	0	0	44.2892	1125
6	9	0	0	0	0	44.3229	1126
6	9	0	0	0	0	38.9618	1127
5	9	0	0	0	0	41.1414	1128
4	9	0	0	0	0	34.9596	1129
5	9	0	0	0	0	35.6957	1130
5	9	0	0	0	0	40.0774	1131
5	9	0	0	0	0	39.7298	1132
5	9	0	0	0	0	38.1319	1133
5	8	0	0	0	0	38.8409	1134
5	8	0	0	0	0	41.0386	1135
5	8	0	0	0	0	43.8982	1136
5	8	0	0	0	0	37.2276	1137
5	8	0	0	0	0	38.8554	1138
5	8	0	0	0	0	39.343	1139
5	8	0	0	0	0	39.7186	1140
5	8	0	0	0	0	39.5556	1141
5	8	0	0	0	0	37.1598	1142
5	8	0	0	0	0	42.8967	1143
5	8	0	0	0	0	33.0723	1144
6	8	0	0	0	0	36.6046	1145
6	7	0	0	0	0	39.299	1146
6	7	0	0	0	0	34.5639	1147
6	7	0	0	0	0	41.6454	1148
6	7	0	0	0	0	36.3766	1149
6	7	0	0	0	0	36.6175	1150
7	8	0	0	0	0	40.2917	1151
9	8	0	0	0	0	36.1312	1152
9	8	0	0	0	0	37.0561	1153
9	8	0	0	0	0	40.3841	1154
9	9	0	0	0	0	40.0037	1155
9	9	0	0	0	0	42.1319	1156
9	9	0	0	0	0	57.4435	1157
9	9	0	0	0	0	51.7865	1158
8	8	0	0	0	0	55.0326	1159
8	10	0	0	0	0	50.4984	1160
8	9	0	0	0	0	61.2197	1161
8	9	0	0	0	0	52.6747	1162
8	9	0	0	0	0	51.9654	1163
8	9	0	0	0	0	49.3281	1164
8	9	0	0	0	0	60.4199	1165
8	9	0	0	0	0	49.638	1166
8	8	0	0	0	0	56.9073	1167
8	8	0	0	0	0	54.5204	1168
8	8	0	0	0	0	50.0057	1169
8	8	0	0	0	0	46.7772	1170
8	7	0	0	0	0	52.3939	1171
8	7	0	0	0	0	46.9775	1172
8	7	0	0	0	0	50.7284	1173
8	7	0	0	0	0	48.0459	1174
9	7	0	0	0	0	53.4177	1175
9	7	0	0	0	0	44.3616	1176
9	7	0	0	0	0	52.2401	1177
9	7	0	0	0	0	45.7728	1178
9	7	0	0	0	0	52.8117	1179
9	7	0	0	0	0	54.026	1180
9	7	0	0	0	0	53.7707	1181
9	7	0	0	0	0	47.94	1182
9	7	0	0	0	0	50.616	1183
9	7	0	0	0	0	53.3239	1184
8	7	0	0	0	0	49.3317	1185
8	7	0	0	0	0	49.0835	1186
8	7	0	0	0	0	48.8631	1187
8	7	0	0	0	0	48.4395	1188
8	7	0	0	0	0	45.8402	1189
8	7	0	0	0	0	48.0812	1190
8	7	0	0	0	0	46.3622	1191
8	7	0	0	0	0	48.6462	1192
8	7	0	0	0	0	41.292	1193
8	7	0	0	0	0	45.7135	1194
8	7	0	0	0	0	44.8467	1195
8	7	0	0	0	0	43.6666	1196
8	7	0	0	0	0	48.8235	1197
8	7	0	0	0	0	43.4764	1198
8	7	0	0	0	0	49.2789	1199
8	7	0	0	0	0	45.5781	1200
8	7	0	0	0	0	46.3938	1201
8	7	0	0	0	0	43.7887	1202
8	7	0	0	0	0	51.2639	1203
8	7	0	0	0	0	45.9765	1204
7	7	0	0	0	0	45.0993	1205
7	7	0	0	0	0	48.1012	1206
7	7	0	0	0	0	38.6296	1207
7	7	0	0	0	0	45.8049	1208
7	7	0	0	0	0	37.3449	1209
7	6	0	0	0	0	38.8094	1210
7	6	0	0	0	0	38.8094	1211
7	6	0	0	0	0	34.7103	1212
7	6	0	0	0	0	33.7093	1213
7	5	0	0	0	0	38.9115	1214
7	5	0	0	0	0	35.9824	1215
8	5	0	0	0	0	39.9136	1216
8	5	0	0	0	0	36.8904	1217
8	5	0	0	0	0	29.7148	1218
8	5	0	0	0	0	39.2095	1219
8	7	0	0	0	0	40.3079	1220
8	7	0	0	0	0	49.327	1221
8	7	0	0	0	0	47.3426	1222
8	7	0	0	0	0	52.0647	1223
8	7	0	0	0	0	47.3961	1224
8	7	0	0	0	0	46.2445	1225
8	7	0	0	0	0	45.08	1226
8	7	0	0	0	0	46.9888	1227
8	6	0	0	0	0	48.5712	1228
8	6	0	0	0	0	43.2496	1229
8	6	0	0	0	0	42.8001	1230
9	5	0	0	0	0	40.2587	1231
10	5	0	0	0	0	44.3179	1232
10	5	0	0	0	0	45.5927	1233
10	5	0	0	0	0	44.2406	1234
10	5	0	0	0	0	42.2997	1235
10	5	0	0	0	0	44.8626	1236
10	5	0	0	0	0	45.9565	1237
10	5	0	0	0	0	45.4882	1238
10	5	0	0	0	0	37.3566	1239
10	5	0	0	0	0	49.7116	1240
10	5	0	0	0	0	47.7386	1241
10	5	0	0	0	0	50.5754	1242
10	5	0	0	0	0	53.1866	1243
10	5	0	0	0	0	45.826	1244
10	5	0	0	0	0	53.3343	1245
10	5	0	0	0	0	34.3774	1246
10	5	0	0	0	0	44.7857	1247
10	5	0	0	0	0	45.064	1248
10	5	0	0	0	0	50.6175	1249
10	5	0	0	0	0	48.7893	1250
10	5	0	0	0	0	50.7322	1251
10	6	0	0	0	0	48.0847	1252
10	6	0	0	0	0	47.2235	1253
9	5	0	0	0	0	42.8472	1254
9	5	0	0	0	0	45.6274	1255
9	5	0	0	0	0	44.1054	1256
9	5	0	0	0	0	41.9556	1257
9	5	0	0	0	0	42.5526	1258
9	5	0	0	0	0	41.9082	1259
10	4	0	0	0	0	40.9576	1260
10	4	0	0	0	0	39.3503	1261
8	4	0	0	0	0	34.0277	1262
8	4	0	0	0	0	34.0725	1263
7	4	0	0	0	0	33.7857	1264
7	5	0	0	0	0	30.6494	1265
7	5	0	0	0	0	34.1735	1266
7	5	0	0	0	0	39.5857	1267
7	5	0	0	0	0	36.714	1268
7	5	0	0	0	0	40.8019	1269
7	5	0	0	0	0	38.3026	1270
7	5	0	0	0	0	41.7692	1271
7	6	0	0	0	0	31.4866	1272
7	6	0	0	0	0	37.3474	1273
7	6	0	0	0	0	41.4991	1274
7	6	0	0	0	0	36.5445	1275
7	6	0	0	0	0	35.9606	1276
7	6	0	0	0	0	44.8223	1277
7	6	0	0	0	0	35.4768	1278
7	6	0	0	0	0	33.2113	1279
6	6	0	0	0	0	41.5389	1280
6	6	0	0	0	0	39.2056	1281
6	6	0	0	0	0	37.1543	1282
6	6	0	0	0	0	36.9077	1283
6	6	0	0	0	0	37.3968	1284
6	6	0	0	0	0	39.1182	1285
6	6	0	0	0	0	40.0009	1286
6	6	0	0	0	0	30.4384	1287
6	6	0	0	0	0	37.9778	1288
6	6	0	0	0	0	28.4137	1289
6	6	0	0	0	0	38.0252	1290
6	6	0	0	0	0	38.4643	1291
6	6	0	0.5	0	1	36.3138	1292
6	6	0	0.5	0	1	37.5254	1293
5	6	0	0.5	0	1	35.3632	1294
5	6	0	0.5	0	1	34.8681	1295
5	6	0	0.5	0	1	33.8952	1296
5	7	0	0.5	0	1	32.0835	1297
5	7	0	0.5	0	1	34.5134	1298
5	7	0	0.5	0	1	32.4671	1299
6	7	0	0.5	0	1	34.5961	1300
5	7	0	0.5	0	1	38.3712	1301
5	8	0	0.5	0	1	37.3381	1302
5	8	0	0.5	0	1	35.4634	1303
5	8	0	0.5	0	1	39.8473	1304
5	7	0	0.5	0	1	37.1347	1305
5	7	0	0.5	0	1	37.1101	1306
5	7	0	0.5	0	1	37.5365	1307
5	6	0	0.5	0	1	35.279	1308
5	6	0	0.5	0	1	31.8744	1309
5	6	0	0.5	0	1	34.0835	1310
5	6	0	0.5	0	1	37.0482	1311
5	6	0	0.5	0	1	36.1925	1312
5	6	0	0.5	0	1	33.987	1313
5	6	0	0.5	0	1	31.587	1314
5	6	0	0.5	0	1	37.5713	1315
5	6	0	0.5	0	1	34.2575	1316
5	6	0	0.5	0	1	35.7542	1317
5	6	0	0.5	0	1	37.6957	1318
5	6	0	0.5	0	1	34.9351	1319
5	6	0	0.5	0	1	33.3008	1320
5	6	0	0.5	0	1	32.2277	1321
5	6	0	0.5	0	1	32.4222	1322
5	6	0	0.5	0	1	34.9292	1323
5	6	0	0.5	0	1	33.6577	1324
5	7	0	0.5	0	1	31.0396	1325
5	7	0	0.5	0	1	26.8912	1326
5	7	0	0.5	0	1	27.8225	1327
6	7	0	0.5	0	1	41.1797	1328
6	7	0	0.5	0	1	42.1095	1329
6	7	0	0.5	0	1	43.7758	1330
6	7	0	0.5	0	1	39.6109	1331
6	7	0	0	0	0	40.699	1332
6	7	0	0	0	0	39.8809	1333
5	7	0	0	0	0	39.2202	1334
5	7	0	0	0	0	38.8161	1335
5	9	0	0	0	0	41.7341	1336
6	9	0	0	0	0	40.9559	1337
6	10	0	0	0	0	46.1187	1338
6	10	0	0	0	0	47.5443	1339
6	10	0	0	0	0	51.293	1340
6	10	0	0	0	0	52.8437	1341
6	10	0	0	0	0	47.7118	1342
6	10	0	0	0	0	53.8406	1343
5	10	0	0	0	0	50.4804	1344
5	10	0	0	0	0	48.6313	1345
5	10	0	0	0	0	49.5157	1346
5	10	0	0	0	0	46.3941	1347
5	10	0	0	0	0	48.8375	1348
5	10	0	0	0	0	45.9895	1349
5	10	0	0	0	0	51.8385	1350
5	10	0	0	0	0	44.8328	1351
5	10	0	0	0	0	49.6495	1352
5	9	0	0	0	0	43.4655	1353
6	9	0	0	0	0	35.0967	1354
6	9	0	0	0	0	41.2551	1355
6	9	0	0	0	0	38.67	1356
6	9	0	0	0	0	35.6105	1357
6	9	0	0	0	0	37.0219	1358
6	11	0	0	0	0	45.5444	1359
6	11	0	0	0	0	42.1439	1360
6	11	0	0	0	0	42.6472	1361
6	10	0	0	0	0	44.5267	1362
6	10	0	0	0	0	44.9994	1363
6	10	0	0	0	0	45.6614	1364
6	10	0	0	0	0	49.3172	1365
6	11	0	0	0	0	55.4582	1366
6	11	0	0	0	0	54.032	1367
6	11	0	0	0	0	47.6523	1368
6	11	0	0	0	0	50.4164	1369
6	11	0	0	0	0	50.4485	1370
6	11	0	0	0	0	59.5523	1371
6	11	0	0	0	0	50.8561	1372
6	11	0	0	0	0	50.6875	1373
6	11	0	0	0	0	38.7249	1374
6	11	0	0	0	0	55.8059	1375
6	11	0	0	0	0	51.069	1376
6	11	0	0	0	0	49.0142	1377
6	11	0	0	0	0	52.7642	1378
6	11	0	0	0	0	48.8986	1379
6	11	0	0	0	0	45.4808	1380
6	11	0	0	0	0	51.9552	1381
6	10	0	0	0	0	51.1309	1382
6	10	0	0	0	0	50.5268	1383
6	10	0	0	0	0	48.2052	1384
6	10	0	0	0	0	40.573	1385
6	10	0	0	0	0	40.0845	1386
6	10	0	0	0	0	40.8628	1387
6	10	0	0	0	0	44.1138	1388
6	8	0	0	0	0	45.1563	1389
6	8	0	0	0	0	40.0855	1390
6	8	0	0	0	0	34.9047	1391
6	8	0	0	0	0	40.5416	1392
6	7	0.5	0	1	0	40.8331	1393
6	7	0.5	0	1	0	36.0202	1394
7	7	0.5	0	1	0	36.8407	1395
7	7	0.5	0	1	0	40.7406	1396
7	7	0.5	0	1	0	36.9055	1397
7	7	0.5	0	1	0	36.7554	1398
7	7	0.5	0	1	0	34.5479	1399
7	6	0.5	0	1	0	43.3975	1400
7	6	0.5	0	1	0	35.2108	1401
7	5	0.5	0	1	0	39.7291	1402
7	5	0.5	0	1	0	28.7959	1403
7	5	0.5	0	1	0	32	1404
7	5	0.5	0	1	0	34.9126	1405
7	5	0.5	0	1	0	29.3929	1406
7	5	0.5	0.5	1	1	35.9323	1407
7	5	0.5	0.5	1	1	39.2935	1408
7	5	0.5	0.5	1	1	35.058	1409
7	5	0.5	0.5	1	1	35.5447	1410
7	5	0.5	0.5	1	1	35.7673	1411
7	5	0.5	0.5	1	1	36.5343	1412
7	5	0.5	0.5	1	1	38.1554	1413
7	5	0.5	0.5	1	1	33.218	1414
6	5	0.5	0.5	1	1	33.6246	1415
6	5	0.5	0.5	1	1	30.2537	1416
6	5	0.5	0.5	1	1	34.9946	1417
6	5	0.5	0.5	1	1	28.2849	1418
7	5	0.5	0.5	1	1	30.0908	1419
7	5	0.5	0.5	1	1	29.625	1420
7	5	0.5	0.5	1	1	31.7951	1421
7	4	0.5	0.5	1	1	31.3214	1422
7	4	0.5	0.5	1	1	35.2682	1423
7	4	0.5	0.5	1	1	29.0681	1424
7	4	0.5	0.5	1	1	35.0774	1425
7	4	0.5	0.5	1	1	33.2055	1426
7	5	0.5	0.5	1	1	29.8119	1427
7	5	0.5	0.5	1	1	30.6687	1428
7	5	0.5	0.5	1	1	36.8736	1429
7	5	0.5	0.5	1	1	31.8866	1430
7	5	0.5	0.5	1	1	36.431	1431
7	5	0.5	0.5	1	1	31.628	1432
7	5	0.5	0.5	1	1	33.7336	1433
6	5	0.5	0.5	1	1	31.9742	1434
6	5	0	0.5	0	1	30.2109	1435
6	5	0	0.5	0	1	32.8434	1436
6	5	0	0.5	0	1	32.4986	1437
6	6	0	0.5	0	1	33.5988	1438
7	6	0	0.5	0	1	29.5176	1439
7	6	0	0.5	0	1	32.379	1440
7	6	0	0.5	0	1	32.6863	1441
7	6	0	0.5	0	1	33.5876	1442
7	9	0	0.5	0	1	29.9022	1443
7	9	0	0.5	0	1	31.5722	1444
7	9	0	0.5	0	1	29.4209	1445
8	9	0	0.5	0	1	39.8167	1446
9	9	0	0.5	0	1	45.445	1447
9	9	0	0.5	0	1	60.21	1448
9	9	0	0.5	0	1	56.6444	1449
9	9	0	0.5	0	1	56.6692	1450
9	9	0	0.5	0	1	63.0436	1451
9	9	0	0.5	0	1	53.3958	1452
9	9	0	0.5	0	1	61.8264	1453
9	9	0	0.5	0	1	56.3418	1454
9	9	0	0.5	0	1	59.3764	1455
9	9	0	0.5	0	1	59.3569	1456
9	9	0	0.5	0	1	60.0465	1457
9	9	0	0.5	0	1	57.0054	1458
9	9	0	0.5	0	1	58.2206	1459
9	9	0	0.5	0	1	47.2081	1460
9	9	0	0.5	0	1	53.3953	1461
8	9	0	0.5	0	1	57.1201	1462
8	9	0	0	0	0	53.1806	1463
8	9	0	0	0	0	51.6596	1464
8	9	0	0	0	0	53.7989	1465
8	9	0	0	0	0	54.1438	1466
8	9	0	0	0	0	57.3606	1467
8	8	0	0	0	0	57.6429	1468
8	8	0	0	0	0	53.5541	1469
8	8	0	0	0	0	48.0721	1470
8	8	0	0	0	0	52.9523	1471
8	8	0	0	0	0	49.9651	1472
8	8	0	0	0	0	49.0522	1473
8	8	0	0	0	0	46.9408	1474
7	8	0	0	0	0	45.1314	1475
7	8	0	0	0	0	49.4221	1476
7	8	0	0	0	0	44.3958	1477
7	8	0	0	0	0	53.2305	1478
7	8	0	0	0	0	44.5824	1479
8	8	0.5	0	1	0	51.7977	1480
8	8	0.5	0	1	0	52.8616	1481
8	8	0.5	0	1	0	49.0325	1482
8	8	0.5	0	1	0	53.8059	1483
8	8	0.5	0	1	0	54.5783	1484
8	8	0.5	0	1	0	56.7837	1485
8	8	0.5	0	1	0	52.1982	1486
7	8	0.5	0	1	0	46.134	1487
7	8	0.5	0	1	0	46.524	1488
8	7	0.5	0	1	0	47.0875	1489
8	7	0.5	0	1	0	42.2013	1490
9	7	0.5	0	1	0	48.8572	1491
9	7	0.5	0	1	0	56.4061	1492
9	7	0.5	0	1	0	51.8231	1493
10	7	0.5	0	1	0	53.3404	1494
10	7	0.5	0	1	0	61.8761	1495
10	7	0.5	0	1	0	53.1167	1496
11	7	0.5	0	1	0	55.0726	1497
11	7	0.5	0	1	0	62.3756	1498
11	7	0.5	0	1	0	61.3708	1499
11	7	0.5	0	1	0	57.2327	1500
11	7	0.5	0	1	0	53.4621	1501
11	7	0.5	0	1	0	44.2431	1502
11	7	0.5	0	1	0	57.1362	1503
9	7	0.5	0	1	0	50.8688	1504
9	7	0.5	0	1	0	53.6306	1505
9	7	0.5	0	1	0	46.8333	1506
10	8	0.5	0	1	0	56.5143	1507
10	8	0.5	0	1	0	52.9235	1508
10	7	0.5	0	1	0	54.7792	1509
10	7	0.5	0	1	0	54.3784	1510
10	7	0.5	0	1	0	56.3293	1511
10	7	0.5	0	1	0	49.3454	1512
10	7	0.5	0	1	0	58.8734	1513
10	7	0.5	0	1	0	50.6478	1514
11	8	0.5	0	1	0	59.6908	1515
11	8	0	0	0	0	52.631	1516
11	11	0	0	0	0	58.1716	1517
11	11	0	0	0	0	62.9894	1518
11	11	0	0	0	0	60.8199	1519
11	11	0	0	0	0	70.8091	1520
11	11	0	0	0	0	74.6621	1521
11	11	0	0	0	0	57.0002	1522
11	11	0	0	0	0	62.9332	1523
11	9	0	0	0	0	54.5866	1524
10	9	0	0	0	0	68.9133	1525
10	9	0	0	0	0	64.2952	1526
10	9	0	0	0	0	55.2746	1527
11	9	0	0	0	0	56.6156	1528
11	9	0	0	0	0	63.0122	1529
11	9	0	0	0	0	73.1647	1530
11	9	0	0	0	0	70.8794	1531
11	9	0	0	0	0	66.2403	1532
11	9	0	0	0	0	71.9826	1533
11	11	0	0	0	0	70.1842	1534
11	11	0	0	0	0	56.2342	1535
11	13	0	0	0	0	70.1524	1536
11	13	0	0	0	0	62.0138	1537
11	13	0	0	0	0	75.445	1538
11	13	0	0	0	0	73.6608	1539
11	13	0	0	0	0	77.2387	1540
12	12	0	0	0	0	76.7741	1541
12	12	0	0	0	0	82.2052	1542
11	12	0	0	0	0	82.6761	1543
11	12	0	0	0	0	80.4304	1544
10	12	0	0	0	0	74.6854	1545
10	12	0	0	0	0	77.5786	1546
10	12	0	0	0	0	69.7239	1547
9	12	0	0	0	0	78.0942	1548
9	12	0	0	0	0	71.2128	1549
9	12	0	0	0	0	67.6909	1550
9	12	0	0	0	0	68.8531	1551
10	12	0	0	0	0	76.2906	1552
10	12	0	0	0	0	69.0542	1553
10	12	0	0	0	0	73.2799	1554
10	11	0	0	0	0	73.1739	1555
10	11	0	0	0	0	67.546	1556
10	11	0	0	0	0	65.8869	1557
10	11	0	0	0	0	68.6497	1558
10	11	0	0	0	0	71.5927	1559
10	11	0	0	0	0	69.524	1560
10	11	0	0	0	0	73.4881	1561
10	11	0	0	0	0	74.0721	1562
10	11	0	0	0	0	73.2255	1563
10	11	0	0	0	0	67.9519	1564
10	11	0	0	0	0	70.552	1565
10	11	0	0	0	0	66.3526	1566
10	11	0	0	0	0	76.5308	1567
10	11	0	0	0	0	71.1238	1568
10	11	0	0	0	0	72.6521	1569
10	11	0	0	0	0	69.0053	1570
10	11	0	0	0	0	66.3261	1571
10	11	0	0	0	0	66.3751	1572
10	10	0	0	0	0	63.6084	1573
10	10	0	0	0	0	66.1442	1574
10	10	0	0	0	0	73.8433	1575
10	10	0	0	0	0	63.3694	1576
10	9	0	0	0	0	69.8129	1577
10	9	0	0	0	0	60.7154	1578
10	9	0	0	0	0	61.2786	1579
10	9	0	0	0	0	63.9232	1580
9	9	0	0	0	0	65.4755	1581
9	9	0	0	0	0	55.1941	1582
10	9	0	0	0	0	59.4735	1583
10	9	0	0	0	0	56.4726	1584
10	9	0	0	0	0	59.7674	1585
10	9	0	0	0	0	62.1715	1586
10	9	0	0	0	0	50.5716	1587
10	8	0	0	0	0	54.024	1588
7	8	0	0	0	0	42.0439	1589
7	8	0	0	0	0	46.3622	1590
7	8	0	0	0	0	47.3916	1591
7	8	0	0	0	0	49.6074	1592
7	8	0	0	0	0	48.8973	1593
7	9	0	0	0	0	52.306	1594
7	9	0	0	0	0	47.5914	1595
6	9	0	0	0	0	43.3933	1596
6	9	0	0	0	0	52.8237	1597
7	9	0	0	0	0	50.6872	1598
7	9	0	0	0	0	51.1282	1599
7	9	0	0	0	0	53.6585	1600
8	9	0	0	0	0	47.1032	1601
8	9	0	0	0	0	53.0352	1602
8	11	0	0	0	0	54.6476	1603
8	11	0	0	0	0	56.9681	1604
8	11	0	0	0	0	58.2193	1605
8	11	0	0	0	0	69.0301	1606
8	11	0	0	0	0	64.5186	1607
8	11	0	0	0	0	60.3198	1608
8	11	0	0	0	0	66.0786	1609
8	11	0	0	0	0	59.7314	1610
9	11	0	0	0	0	62.8574	1611
9	11	0	0	0	0	63.4596	1612
9	11	0	0	0	0	65.7044	1613
9	11	0	0	0	0	66.289	1614
9	11	0	0	0	0	70.9376	1615
9	11	0	0	0	0	65.1594	1616
9	11	0	0	0	0	66.3715	1617
9	11	0	0	0	0	59.765	1618
9	11	0	0	0	0	62.8669	1619
10	11	0	0	0	0	63.5073	1620
10	11	0	0	0	0	66.0652	1621
10	11	0	0	0	0	73.1112	1622
10	11	0	0	0	0	70.787	1623
10	12	0	0	0	0	67.0732	1624
10	12	0	0	0	0	59.1353	1625
10	12	0	0	0	0	70.7001	1626
10	12	0	0	0	0	68.0943	1627
11	12	0	0	0	0	72.8172	1628
11	12	0	0	0	0	76.2814	1629
11	12	0	0	0	0	77.3915	1630
11	12	0	0	0	0	78.2884	1631
11	12	0	0	0	0	72.3675	1632
11	12	0	0	0	0	73.0856	1633
11	12	0	0	0	0	77.4695	1634
11	11	0	0	0	0	65.885	1635
11	11	0	0	0	0	81.6629	1636
11	11	0	0	0	0	80.6247	1637
11	11	0	0	0	0	73.5667	1638
11	11	0	0	0	0	78.6718	1639
11	11	0	0	0	0	64.9117	1640
11	11	0	0	0	0	55.7585	1641
11	12	0	0	0	0	69.792	1642
11	12	0	0	0	0	64.7561	1643
9	12	0	0	0	0	62.8646	1644
9	12	0	0	0	0	59.7824	1645
9	12	0	0	0	0	62.7679	1646
9	12	0	0	0	0	62.3242	1647
9	12	0	0	0	0	66.3416	1648
9	12	0	0	0	0	62.8729	1649
9	11	0	0	0	0	61.7669	1650
9	11	0	0	0	0	63.9092	1651
9	11	0	0	0	0	58.1947	1652
9	12	0	0	0	0	65.7263	1653
9	12	0	0	0	0	63.6039	1654
9	12	0	0	0	0	60.5099	1655
9	12	0	0	0	0	70.0674	1656
9	12	0	0	0	0	69.7018	1657
9	12	0	0	0	0	68.2562	1658
9	12	0	0	0	0	66.659	1659
9	12	0	0	0	0	64.158	1660
9	12	0	0	0	0	62.8939	1661
9	12	0	0	0	0	53.7237	1662
9	12	0	0	0	0	57.2623	1663
9	12	0	0	0	0	63.8531	1664
9	10	0	0	0	0	65.3553	1665
9	10	0	0	0	0	54.7324	1666
9	9	0	0	0	0	57.8204	1667
9	9	0	0	0	0	60.6411	1668
10	9	0	0	0	0	64.3237	1669
10	9	0	0	0	0	58.1148	1670
10	9	0	0	0	0	58.1671	1671
10	9	0	0	0	0	61.5581	1672
10	9	0	0	0	0	57.6304	1673
9	9	0	0	0	0	51.3813	1674
9	8	0	0	0	0	57.3282	1675
8	8	0	0	0	0	50.5761	1676
8	8	0	0	0	0	51.8081	1677
8	8	0	0	0	0	57.3429	1678
8	8	0	0	0	0	49.669	1679
8	8	0	0	0	0	42.0992	1680
8	8	0	0	0	0	44.5978	1681
6	8	0	0	0	0	46.5356	1682
6	8	0	0	0	0	46.383	1683
6	8	0	0	0	0	46.4008	1684
6	8	0	0	0	0	49.6823	1685
7	8	0	0	0	0	38.1857	1686
7	8	0	0	0	0	52.3148	1687
7	8	0	0	0	0	49.5397	1688
7	9	0	0	0	0	52.8178	1689
7	9	0	0	0	0	52.5279	1690
7	9	0	0	0	0	46.1194	1691
7	8	0	0	0	0	45.6148	1692
8	8	0	0	0	0	49.4402	1693
8	8	0	0	0	0	57.8254	1694
8	8	0	0	0	0	46.0671	1695
8	8	0	0	0	0	46.8608	1696
8	8	0	0	0	0	40.1123	1697
8	8	0	0	0	0	45.3122	1698
8	8	0	0	0	0	44.5506	1699
8	8	0	0	0	0	46.5356	1700
6	8	0	0	0	0	39.8854	1701
6	8	0	0	0	0	45.7657	1702
6	9	0	0	0	0	43.2201	1703
6	9	0	0	0	0	45.7133	1704
6	9	0	0	0	0	46.0413	1705
6	9	0	0	0	0	41.7644	1706
6	9	0	0	0	0	46.3501	1707
6	9	0	0	0	0	53.8903	1708
6	9	0	0	0	0	48.2492	1709
6	9	0	0	0	0	53.5924	1710
6	9	0	0	0	0	51.6429	1711
7	9	0	0	0	0	50.6954	1712
7	9	0	0	0	0	48.6451	1713
7	9	0	0	0	0	56.5143	1714
7	9	0	0	0	0	56.6518	1715
7	9	0	0	0	0	54.9718	1716
7	9	0	0	0	0	38.6259	1717
7	9	0	0	0	0	38.5846	1718
7	9	0	0	0	0	40.3023	1719
7	9	0	0	0	0	44.8572	1720
8	9	0	0	0	0	40.9621	1721
8	9	0	0	0	0	43.5495	1722
8	8	0	0	0	0	44.2145	1723
8	8	0	0	0	0	46.5434	1724
8	7	0	0	0	0	42.0188	1725
8	7	0	0	0	0	46.5551	1726
8	7	0	0	0	0	41.4014	1727
8	7	0	0	0	0	43.0045	1728
8	7	0	0	0	0	44.2146	1729
8	8	0	0	0	0	31.2302	1730
9	8	0	0	0	0	49.7076	1731
9	8	0	0	0	0	44.5424	1732
8	8	0	0	0	0	47.8198	1733
9	8	0	0	0	0	49.7218	1734
9	9	0	0	0	0	47.7676	1735
9	9	0	0	0	0	48.1058	1736
8	9	0	0	0	0	53.3342	1737
8	9	0	0	0	0	47.0081	1738
8	10	0	0	0	0	51.076	1739
8	10	0	0	0	0	51.286	1740
8	10	0	0	0	0	61.0269	1741
8	10	0	0	0	0	49.8678	1742
8	10	0	0	0	0	55.4913	1743
8	11	0	0	0	0	51.2271	1744
8	11	0	0	0	0	62.6007	1745
8	11	0	0	0	0	57.6786	1746
8	11	0	0	0	0	68.8931	1747
8	11	0	0	0	0	61.5446	1748
8	11	0	0	0	0	56.3139	1749
8	11	0	0	0	0	64.1226	1750
9	11	0	0	0	0	56.5208	1751
9	11	0	0	0	0	61.9406	1752
9	10	0	0	0	0	57.7026	1753
9	10	0	0	0	0	57.6335	1754
9	10	0	0	0	0	61.1839	1755
9	10	0	0	0	0	59.396	1756
9	10	0	0	0	0	59.6435	1757
9	10	0	0	0	0	57.5316	1758
9	10	0	0	0	0	69.5119	1759
9	10	0	0	0	0	52.1928	1760
8	9	0	0	0	0	52.6587	1761
8	9	0	0	0	0	53.2165	1762
8	8	0	0	0	0	50.758	1763
8	8	0	0	0	0	53.6418	1764
9	7	0	0.5	0	1	50.379	1765
9	7	0	0.5	0	1	52.7571	1766
9	7	0	0.5	0	1	50.3748	1767
9	7	0	0.5	0	1	53.6793	1768
9	7	0	0.5	0	1	47.6157	1769
9	7	0	0.5	0	1	53.6844	1770
9	9	0	0.5	0	1	49.0293	1771
9	9	0	0.5	0	1	49.2376	1772
9	9	0	0.5	0	1	63.2466	1773
9	9	0	0.5	0	1	55.5844	1774
9	10	0	0.5	0	1	57.6191	1775
9	9	0	0.5	0	1	56.8937	1776
9	9	0	0.5	0	1	54.3543	1777
9	9	0	0.5	0	1	53.1448	1778
10	9	0	0.5	0	1	57.7789	1779
10	9	0	0.5	0	1	67.7213	1780
10	9	0	0.5	0	1	60.3724	1781
10	9	0	0.5	0	1	60.1288	1782
10	9	0	0.5	0	1	59.4611	1783
11	9	0	0.5	0	1	65.4158	1784
11	9	0	0.5	0	1	66.7703	1785
10	9	0	0.5	0	1	59.2523	1786
10	9	0	0.5	0	1	61.3676	1787
10	9	0	0.5	0	1	62.5361	1788
10	9	0	0.5	0	1	66.7797	1789
10	9	0	0.5	0	1	63.325	1790
10	9	0	0.5	0	1	33.5704	1791
10	8	0	0.5	0	1	50.63	1792
10	8	0	0.5	0	1	50.379	1793
10	9	0	0.5	0	1	50.3378	1794
10	9	0	0.5	0	1	47.9433	1795
10	9	0	0.5	0	1	49.5161	1796
10	9	0	0.5	0	1	50.4675	1797
10	9	0	0.5	0	1	45.9365	1798
8	9	0	0.5	0	1	49.5516	1799
8	9	0	0.5	0	1	61.7667	1800
8	9	0	0	0	0	61.0378	1801
8	9	0	0	0	0	57.5273	1802
8	9	0	0	0	0	53.1178	1803
8	9	0	0	0	0	59.7627	1804
8	10	0	0	0	0	54.8307	1805
9	10	0	0	0	0	54.4646	1806
9	10	0	0	0	0	61.5071	1807
9	10	0	0	0	0	52.9414	1808
9	11	0	0	0	0	56.4179	1809
9	12	0	0	0	0	60.8726	1810
9	13	0	0	0	0	77.4147	1811
9	13	0	0	0	0	73.8193	1812
9	13	0	0	0	0	71.8513	1813
9	13	0	0	0	0	73.4971	1814
9	13	0	0	0	0	72.3374	1815
9	13	0	0	0	0	80.3878	1816
9	13	0	0	0	0	72.271	1817
10	13	0	0	0	0	62.0742	1818
8	13	0	0	0	0	77.4735	1819
8	13	0	0	0	0	63.8339	1820
8	13	0	0	0	0	75.4022	1821
8	13	0	0	0	0	70.4784	1822
8	13	0	0	0	0	69.0111	1823
8	13	0	0	0	0	72.9657	1824
8	13	0	0	0	0	73.2438	1825
10	13	0	0	0	0	69.6083	1826
10	13	0	0	0	0	79.7533	1827
10	13	0	0	0	0	62.0006	1828
10	13	0	0	0	0	66.1684	1829
9	13	0	0	0	0	75.0011	1830
9	12	0	0	0	0	72.5087	1831
9	12	0	0	0	0	76.0258	1832
9	12	0	0	0	0	73.0713	1833
9	12	0	0	0	0	68.7752	1834
9	12	0	0	0	0	73.1357	1835
9	12	0	0	0	0	67.4084	1836
9	12	0	0	0	0	67.5246	1837
9	13	0	0	0	0	64.9054	1838
10	13	0	0	0	0	73.1359	1839
10	13	0	0	0	0	70.8492	1840
10	13	0	0	0	0	72.4476	1841
10	13	0	0	0	0	70.4748	1842
10	13	0	0	0	0	70.913	1843
10	13	0	0	0	0	79.748	1844
10	13	0	0	0	0	80.6106	1845
10	13	0	0	0	0	80.0367	1846
11	13	0	0	0	0	82.7299	1847
11	13	0	0	0	0	72.5723	1848
11	13	0	0	0	0	71.1116	1849
11	14	0	0	0	0	79.2457	1850
11	14	0	0	0	0	83.9773	1851
11	14	0	0	0	0	79.8957	1852
11	14	0	0	0	0	83.3853	1853
11	14	0	0	0	0	92.9664	1854
11	14	0	0	0	0	76.7289	1855
11	14	0	0	0	0	69.9382	1856
9	13	0	0	0	0	63.3444	1857
9	13	0	0	0	0	76.0791	1858
9	13	0	0	0	0	67.6083	1859
9	13	0	0	0	0	71.9494	1860
9	13	0	0	0	0	78.4165	1861
9	13	0	0	0	0	68.1895	1862
9	13	0	0	0	0	70.2179	1863
9	13	0	0	0	0	77.1131	1864
9	13	0	0	0	0	60.7444	1865
9	13	0	0	0	0	64.9164	1866
9	13	0	0	0	0	72.1039	1867
9	14	0	0	0	0	69.0363	1868
10	14	0	0	0	0	71.0139	1869
10	14	0	0	0	0	79.565	1870
10	14	0	0	0	0	83.985	1871
9	14	0	0	0	0	71.8293	1872
9	14	0	0	0	0	75.0543	1873
9	14	0	0	0	0	84.9092	1874
10	14	0	0	0	0	63.8258	1875
10	13	0	0	0	0	75.6444	1876
10	13	0	0	0	0	75.5652	1877
10	12	0	0	0	0	75.244	1878
10	12	0	0	0	0	74.1333	1879
10	12	0	0	0	0	75.3393	1880
10	12	0	0	0	0	67.6174	1881
9	11	0	0	0	0	65.192	1882
9	12	0	0	0	0	67.3439	1883
9	12	0	0	0	0	62.6896	1884
9	11	0	0	0	0	65.7668	1885
9	11	0	0	0	0	65.9529	1886
9	11	0	0	0	0	65.4436	1887
9	11	0	0	0	0	66.2273	1888
9	11	0	0	0	0	67.4473	1889
9	11	0	0	0	0	73.6808	1890
9	12	0	0	0	0	67.9086	1891
9	12	0	0	0	0	52.3529	1892
9	12	0	0	0	0	65.6686	1893
9	12	0	0	0	0	67.7746	1894
9	12	0	0	0	0	69.2368	1895
9	12	0	0	0	0	65.1878	1896
9	12	0	0	0	0	66.5311	1897
9	12	0	0	0	0	58.5907	1898
8	12	0	0	0	0	66.1732	1899
8	11	0	0	0	0	53.97	1900
8	11	0	0	0	0	62.8203	1901
9	11	0	0	0	0	63.593	1902
9	11	0	0	0	0	64.2595	1903
9	11	0	0	0	0	62.4353	1904
9	11	0	0	0	0	62.6315	1905
9	11	0	0	0	0	60.6173	1906
9	10	0	0	0	0	61.3683	1907
9	10	0	0	0	0	67.5932	1908
9	10	0	0	0	0	64.2772	1909
9	10	0	0	0	0	60.7196	1910
9	10	0	0	0	0	57.9812	1911
9	8	0	0	0	0	41.3018	1912
9	8	0	0	0	0	54.0575	1913
8	8	0	0	0	0	51.3641	1914
8	8	0	0	0	0	49.1478	1915
8	8	0	0	0	0	51.1593	1916
8	8	0	0	0	0	50.9973	1917
8	8	0	0	0	0	34.5101	1918
8	8	0	0	0	0	44.6583	1919
8	7	0	0	0	0	40.0174	1920
7	7	0	0	0	0	40.0337	1921
6	7	0	0	0	0	45.0225	1922
6	8	0	0.5	0	1	45.3812	1923
6	8	0	0.5	0	1	46.0462	1924
6	8	0	0.5	0	1	40.447	1925
6	8	0	0.5	0	1	44.2515	1926
6	8	0	0.5	0	1	36.9777	1927
7	8	0	0.5	0	1	45.9002	1928
7	8	0	0.5	0	1	36.8857	1929
7	8	0	0.5	0	1	44.8775	1930
8	8	0	0.5	0	1	43.6451	1931
8	8	0	0.5	0	1	47.0597	1932
7	8	0	0.5	0	1	43.6491	1933
7	7	0	0.5	0	1	49.5331	1934
7	7	0	0.5	0	1	38.1502	1935
7	7	0	0.5	0	1	39.8763	1936
8	7	0	0.5	0	1	37.3106	1937
8	7	0	0.5	0	1	41.9621	1938
8	7	0	0.5	0	1	38.6099	1939
8	7	0	0.5	0	1	42.1639	1940
8	6	0	0.5	0	1	40.0323	1941
8	6	0	0.5	0	1	37.5979	1942
8	6	0	0.5	0	1	38.0292	1943
8	6	0	0.5	0	1	42.0546	1944
8	6	0	0.5	0	1	48.2474	1945
8	6	0	0.5	0	1	44.9534	1946
8	6	0	0.5	0	1	42.3903	1947
8	6	0	0.5	0	1	44.0862	1948
8	7	0.5	0.5	1	1	37.0267	1949
8	7	0.5	0.5	1	1	47.2195	1950
8	6	0.5	0.5	1	1	41.587	1951
8	6	0.5	0.5	1	1	43.7207	1952
8	6	0.5	0.5	1	1	34.7218	1953
8	6	0.5	0.5	1	1	45.5547	1954
8	6	0.5	0.5	1	1	43.2875	1955
8	6	0.5	0.5	1	1	44.1169	1956
8	6	0.5	0.5	1	1	49.2718	1957
8	6	0.5	0.5	1	1	45.3221	1958
8	6	0.5	0.5	1	1	48.8198	1959
8	6	0.5	0.5	1	1	47.4452	1960
8	6	0.5	0.5	1	1	41.812	1961
8	6	0.5	0.5	1	1	41.8359	1962
8	6	0.5	0.5	1	1	41.5777	1963
8	6	0.5	0.5	1	1	39.6991	1964
8	5	0.5	0.5	1	1	41.6096	1965
8	6	0.5	0.5	1	1	43.2208	1966
8	6	0.5	0.5	1	1	38.647	1967
7	9	0.5	0.5	1	1	42.2203	1968
7	9	0.5	0.5	1	1	50.9287	1969
7	9	0.5	0.5	1	1	51.2291	1970
7	9	0.5	0.5	1	1	47.4203	1971
8	9	0.5	0.5	1	1	47.8843	1972
8	8	0.5	0.5	1	1	47.2858	1973
8	8	0.5	0.5	1	1	47.2605	1974
8	8	0.5	0.5	1	1	52.8898	1975
9	9	0.5	0.5	1	1	46.192	1976
9	9	0.5	0.5	1	1	64.016	1977
9	9	0.5	0.5	1	1	58.6204	1978
10	9	0.5	0	1	0	56.2236	1979
10	9	0.5	0	1	0	50.1133	1980
10	8	0.5	0	1	0	51.969	1981
10	8	0.5	0	1	0	40.8184	1982
10	8	0.5	0	1	0	59.6589	1983
10	8	0.5	0	1	0	59.7334	1984
10	8	0.5	0	1	0	55.6031	1985
10	8	0	0	0	0	55.1177	1986
10	8	0	0	0	0	59.9722	1987
10	8	0	0	0	0	56.6203	1988
10	8	0	0	0	0	57.5733	1989
10	8	0	0	0	0	59.869	1990
10	8	0	0	0	0	56.5	1991
10	8	0	0	0	0	57.7758	1992
10	8	0	0	0	0	56.2289	1993
10	8	0	0	0	0	53.0835	1994
10	8	0	0	0	0	54.0372	1995
10	8	0	0	0	0	57.9697	1996
10	8	0	0	0	0	54.0665	1997
10	8	0	0	0	0	56.1816	1998
10	8	0	0	0	0	54.6968	1999
10	8	0	0	0	0	53.4882	2000
10	8	0	0	0	0	54.0849	2001
10	8	0	0.5	0	1	54.6698	2002
10	9	0	0.5	0	1	50.4337	2003
10	8	0	0.5	0	1	57.0891	2004
10	8	0	0.5	0	1	52.6006	2005
10	8	0	0.5	0	1	62.887	2006
10	8	0	0.5	0	1	50.3764	2007
10	8	0	0.5	0	1	54.8992	2008
10	8	0	0.5	0	1	64.789	2009
10	8	0	0.5	0	1	58.9314	2010
10	8	0	0.5	0	1	60.208	2011
10	10	0	0.5	0	1	64.9688	2012
10	10	0	0.5	0	1	63.1173	2013
10	10	0	0.5	0	1	57.8574	2014
10	10	0	0.5	0	1	57.793	2015
9	10	0	0.5	0	1	62.1191	2016
10	10	0	0.5	0	1	60.9482	2017
10	9	0	0.5	0	1	59.9591	2018
10	9	0	0.5	0	1	58.0017	2019
10	9	0	0.5	0	1	57.4102	2020
8	9	0	0.5	0	1	52.5889	2021
8	9	0	0.5	0	1	56.1393	2022
8	9	0	0.5	0	1	54.1597	2023
8	9	0	0.5	0	1	52.1949	2024
8	8	0	0.5	0	1	51.5137	2025
8	8	0	0.5	0	1	51.9504	2026
8	8	0	0.5	0	1	51.7477	2027
8	8	0	0.5	0	1	53.3626	2028
8	8	0	0.5	0	1	53.9069	2029
8	8	0	0.5	0	1	45.0053	2030
8	8	0	0.5	0	1	47.6649	2031
10	8	0	0.5	0	1	52.1475	2032
10	8	0	0.5	0	1	50.8156	2033
10	8	0	0.5	0	1	51.238	2034
10	9	0	0.5	0	1	58.796	2035
10	9	0	0.5	0	1	59.7048	2036
10	9	0	0.5	0	1	63.6006	2037
10	9	0	0.5	0	1	60.7201	2038
10	9	0	0.5	0	1	59.8581	2039
10	9	0	0.5	0	1	61.809	2040
10	9	0	0.5	0	1	65.0243	2041
11	9	0	0.5	0	1	60.1859	2042
11	9	0	0	0	0	65.9332	2043
10	9	0	0	0	0	61.3133	2044
10	9	0	0	0	0	59.5184	2045
10	9	0	0	0	0	65.5396	2046
10	9	0	0	0	0	60.6555	2047
10	9	0	0	0	0	61.2533	2048
10	9	0	0	0	0	57.0691	2049
10	9	0	0	0	0	51.3901	2050
10	9	0	0	0	0	55.4177	2051
10	9	0	0	0	0	60.9366	2052
10	8	0	0	0	0	58.5262	2053
10	8	0	0	0	0	54.1929	2054
10	8	0	0	0	0	56.4419	2055
10	8	0	0	0	0	55.4359	2056
10	8	0	0	0	0	50.2252	2057
11	7	0	0	0	0	60.7528	2058
12	7	0	0	0	0	56.0795	2059
12	7	0	0	0	0	45.851	2060
12	7	0	0	0	0	60.3406	2061
12	7	0	0	0	0	58.8128	2062
12	7	0	0	0	0	60.9694	2063
12	8	0	0	0	0	61.5974	2064
12	8	0	0	0	0	62.0747	2065
12	8	0	0	0	0	61.4029	2066
12	8	0	0	0	0	61.5537	2067
12	8	0	0	0	0	60.0951	2068
13	8	0	0	0	0	59.835	2069
13	8	0	0	0	0	55.7637	2070
13	8	0	0	0	0	65.0201	2071
13	8	0	0	0	0	69.6982	2072
13	8	0	0	0	0	68.3832	2073
13	8	0	0	0	0	63.649	2074
13	8	0	0	0	0	48.809	2075
13	7	0	0	0	0	61.3477	2076
13	7	0	0	0	0	62.289	2077
11	7	0	0	0	0	52.9897	2078
11	7	0	0	0	0	52.3232	2079
11	7	0	0	0	0	61.3999	2080
11	7	0	0	0	0	55.8157	2081
11	8	0	0	0	0	54.9439	2082
11	8	0	0	0	0	48.6131	2083
12	8	0	0	0	0	50.5515	2084
12	8	0	0	0	0	61.0843	2085
13	8	0	0	0	0	55.7629	2086
14	8	0	0	0	0	51.8437	2087
14	8	0	0	0	0	72.5897	2088
14	8	0	0	0	0	69.8653	2089
14	8	0	0	0	0	68.4448	2090
14	8	0	0	0	0	70.5327	2091
14	8	0	0	0	0	71.1753	2092
14	8	0	0	0	0	73.0192	2093
14	8	0	0	0	0	63.0684	2094
14	8	0	0	0	0	56.6952	2095
13	9	0	0	0	0	62.3518	2096
13	9	0	0	0	0	71.6352	2097
12	9	0	0	0	0	59.3042	2098
12	9	0	0	0	0	69.5945	2099
12	9	0	0	0	0	69.6142	2100
12	9	0	0	0	0	63.3094	2101
12	9	0	0	0	0	68.8743	2102
12	11	0	0	0	0	68.751	2103
12	11	0	0	0	0	66.1712	2104
11	11	0	0	0	0	65.0112	2105
12	11	0	0	0	0	68.2047	2106
12	10	0	0	0	0	69.3822	2107
12	12	0	0	0	0	69.8935	2108
13	12	0	0	0	0	74.2161	2109
13	12	0	0	0	0	73.1462	2110
13	12	0	0	0	0	76.6435	2111
13	12	0	0	0	0	74.0688	2112
13	12	0	0	0	0	77.2653	2113
13	12	0	0	0	0	86.6966	2114
13	13	0	0	0	0	77.9154	2115
13	12	0	0	0	0	70.9968	2116
12	12	0	0	0	0	80.1474	2117
12	10	0	0	0	0	51.1983	2118
11	10	0	0	0	0	61.9053	2119
11	10	0	0	0	0	73.1044	2120
11	10	0	0	0	0	72.86	2121
11	10	0	0	0	0	77.6711	2122
11	10	0	0	0	0	69.5826	2123
11	10	0	0	0	0	64.9766	2124
12	10	0	0	0	0	76.7965	2125
13	10	0	0	0	0	74.2193	2126
13	10	0	0	0	0	79.4143	2127
13	10	0	0	0	0	72.4381	2128
11	10	0	0	0	0	77.1662	2129
11	10	0	0	0	0	49.2031	2130
11	10	0	0	0	0	57.7814	2131
11	10	0	0	0	0	73.7715	2132
13	10	0	0	0	0	71.4607	2133
13	10	0	0	0	0	77.3734	2134
13	10	0	0	0	0	71.3266	2135
13	10	0	0	0	0	83.4384	2136
13	10	0	0	0	0	76.9847	2137
13	10	0	0	0	0	78.6316	2138
13	10	0	0	0	0	70.3691	2139
13	10	0	0	0	0	75.8948	2140
12	10	0	0	0	0	81.6465	2141
12	10	0	0	0	0	77.641	2142
12	10	0	0	0	0	57.404	2143
13	10	0	0	0	0	79.5946	2144
13	10	0	0	0	0	81.0232	2145
13	10	0	0	0	0	77.1455	2146
13	10	0	0	0	0	85.535	2147
13	11	0	0	0	0	73.153	2148
13	11	0	0	0	0	81.7762	2149
13	11	0	0	0	0	73.7924	2150
14	11	0	0	0	0	81.1636	2151
14	11	0	0	0	0	82.0436	2152
14	11	0	0	0	0	92.449	2153
14	11	0	0	0	0	89.1237	2154
13	11	0	0	0	0	69.4513	2155
13	11	0	0	0	0	78.3031	2156
13	11	0	0	0	0	74.1088	2157
13	11	0	0	0	0	78.4249	2158
13	10	0	0	0	0	75.9564	2159
13	10	0	0	0	0	73.6521	2160
13	9	0	0	0	0	71.7696	2161
13	9	0	0	0	0	68.9089	2162
14	8	0	0	0	0	68.5467	2163
14	8	0	0	0	0	68.6152	2164
14	8	0	0	0	0	70.4776	2165
14	8	0	0	0	0	73.5231	2166
13	8	0	0	0	0	69.0298	2167
13	8	0	0	0	0	71.3285	2168
13	8	0	0	0	0	72.7238	2169
13	8	0	0	0	0	62.3236	2170
13	8	0	0	0	0	68.704	2171
13	8	0	0	0	0	60.3185	2172
13	8	0	0	0	0	77.94	2173
14	9	0	0	0	0	76.5749	2174
14	9	0	0	0	0	75.3525	2175
14	9	0	0	0	0	71.3679	2176
15	9	0	0	0	0	75.2367	2177
15	9	0	0	0	0	83.2717	2178
15	9	0	0	0	0	78.8609	2179
15	9	0	0	0	0	74.315	2180
15	9	0	0	0	0	72.4819	2181
12	9	0	0	0	0	59.2796	2182
12	9	0	0	0	0	71.9204	2183
12	9	0	0	0	0	73.3181	2184
12	9	0	0	0	0	72.8132	2185
12	9	0	0	0	0	68.0065	2186
13	9	0	0	0	0	75.3004	2187
13	9	0	0	0	0	67.6535	2188
13	8	0	0	0	0	63.8016	2189
13	8	0	0	0	0	66.9344	2190
13	8	0	0	0	0	70.6137	2191
13	8	0	0	0	0	73.6631	2192
13	7	0	0	0	0	54.0494	2193
13	7	0	0	0	0	60.1446	2194
13	7	0	0	0	0	66.5873	2195
13	7	0	0	0	0	72.7761	2196
13	7	0	0	0	0	70.9372	2197
13	7	0	0	0	0	61.2907	2198
13	6	0	0	0	0	63.7003	2199
13	7	0	0	0	0	58.4973	2200
13	7	0	0	0	0	65.5705	2201
13	7	0	0	0	0	60.8068	2202
13	7	0	0	0	0	65.7306	2203
13	7	0	0	0	0	65.8647	2204
13	7	0	0	0	0	58.9009	2205
13	7	0	0	0	0	67.3801	2206
13	7	0	0	0	0	67.5875	2207
13	7	0	0	0	0	65.2191	2208
13	7	0	0	0	0	66.653	2209
13	7	0	0	0	0	65.1972	2210
13	7	0	0	0	0	70.9679	2211
13	7	0	0	0	0	60.6134	2212
13	7	0	0	0	0	63.559	2213
13	6	0	0	0	0	60.2547	2214
13	6	0	0	0	0	59.1425	2215
13	6	0	0	0	0	65.9516	2216
13	6	0	0	0	0	65.4128	2217
13	6	0	0	0	0	64.254	2218
13	6	0	0	0	0	65.6118	2219
13	6	0	0	0	0	61.711	2220
13	6	0	0	0	0	65.6961	2221
13	6	0	0	0	0	57.0995	2222
12	6	0	0	0	0	65.6608	2223
12	6	0	0	0	0	61.5458	2224
12	6	0	0	0	0	61.1415	2225
12	5	0	0	0	0	56.9064	2226
12	5	0	0	0	0	59.2461	2227
12	5	0	0	0	0	58.8335	2228
12	5	0	0	0	0	53.1401	2229
12	5	0	0	0	0	61.9464	2230
12	5	0	0	0	0	52.3515	2231
12	5	0	0	0	0	38.5002	2232
12	5	0	0	0	0	39.9381	2233
12	5	0	0	0	0	43.0721	2234
11	6	0	0	0	0	40.2633	2235
9	6	0	0	0	0	40.099	2236
9	6	0	0	0	0	42.851	2237
9	6	0	0	0	0	45.148	2238
9	6	0	0	0	0	43.0721	2239
9	6	0	0	0	0	41.1339	2240
9	6	0	0	0	0	41.1339	2241
9	6	0	0	0	0	42.851	2242
9	6	0	0	0	0	42.5962	2243
9	6	0	0	0	0	41.976	2244
9	6	0	0	0	0	45.618	2245
9	5	0	0	0	0	48.4396	2246
9	5	0	0	0	0	37.7934	2247
9	5	0	0	0	0	44.8202	2248
9	5	0	0	0	0	47.6682	2249
9	5	0	0	0	0	48.1096	2250
9	5	0	0	0	0	39.9113	2251
9	5	0	0	0	0	42.851	2252
9	4	0	0	0	0	45.7998	2253
9	4	0	0	0	0	42.5061	2254
9	4	0	0	0	0	39.8904	2255
9	4	0	0	0	0	37.8548	2256
9	4	0	0	0	0	39.0568	2257
9	3	0	0	0	0	36.061	2258
8	3	0	0	0	0	36.061	2259
8	3	0	0	0	0	34.7109	2260
8	3	0	0	0	0	33.6554	2261
8	3	0	0	0	0	35.5141	2262
8	3	0	0	0	0	35.1683	2263
9	3	0	0	0	0	33.0595	2264
9	3	0	0	0	0	33.6419	2265
8	3	0	0	0	0	34.9263	2266
8	3	0	0	0	0	35.5084	2267
8	3	0	0	0	0	37.0947	2268
8	3	0	0	0	0	34.5457	2269
8	3	0	0	0	0	33.6729	2270
8	5	0	0	0	0	37.7252	2271
8	5	0	0	0	0	37.3107	2272
8	5	0	0	0	0	35.9261	2273
8	6	0	0	0	0	32.2738	2274
8	6	0	0	0	0	37.4151	2275
7	6	0	0	0	0	32.4181	2276
7	6	0	0	0	0	31.3385	2277
5	6	0	0	0	0	29.6787	2278
4	6	0	0	0	0	26.5772	2279
4	6	0	0	0	0	25.7986	2280
4	6	0	0	0	0	26.6294	2281
4	6	0	0	0	0	26.4069	2282
3	6	0	0	0	0	27.1883	2283
4	6	0	0	0	0	29.54	2284
4	6	0	0	0	0	24.3246	2285
4	6	0	0	0	0	31.7671	2286
4	6	0	0	0	0	28.3764	2287
4	6	0	0	0	0	30.0856	2288
4	6	0	0	0	0	29.459	2289
4	6	0	0	0	0	31.687	2290
4	6	0	0	0	0	29.9747	2291
4	6	0	0	0	0	32.7579	2292
4	6	0	0	0	0	23.8853	2293
4	6	0	0	0	0	26.5424	2294
4	6	0	0	0	0	29.1194	2295
4	6	0	0	0	0	33.0648	2296
4	6	0	0	0	0	31.5474	2297
4	6	0	0	0	0	22.857	2298
4	6	0	0	0	0	26.2334	2299
3	7	0.5	0	1	0	28.6319	2300
3	7	0.5	0.5	1	1	30.9523	2301
3	7	0.5	0.5	1	1	27.0391	2302
3	7	0.5	0.5	1	1	25.1783	2303
3	7	0.5	0.5	1	1	30.6269	2304
3	7	0.5	0.5	1	1	29.9742	2305
3	7	0.5	0.5	1	1	25.3344	2306
3	6	0.5	0.5	1	1	28.0859	2307
3	6	0.5	0.5	1	1	27.9348	2308
3	6	0.5	0.5	1	1	21.5011	2309
3	6	0.5	0.5	1	1	28.7402	2310
3	6	0.5	0.5	1	1	27.3452	2311
3	6	0.5	0.5	1	1	24.044	2312
3	5	0.5	0.5	1	1	21.9547	2313
3	5	0.5	0.5	1	1	22.984	2314
3	5	0.5	0.5	1	1	19.8534	2315
2	5	0.5	1	1	2	19.6166	2316
2	5	0.5	1	1	2	14.8692	2317
2	4	0.5	1	1	2	15.7688	2318
4	4	0.5	1	1	2	16.056	2319
4	4	0.5	1	1	2	24.72	2320
4	4	0.5	1	1	2	20.7275	2321
4	4	0.5	1	1	2	20.4353	2322
4	4	0.5	1	1	2	22.3899	2323
4	4	0.5	1	1	2	18.7407	2324
4	4	0.5	1	1	2	23.7868	2325
4	4	0.5	1	1	2	23.2472	2326
4	4	0.5	1	1	2	21.3376	2327
4	4	0.5	1	1	2	18.8851	2328
4	4	0.5	1	1	2	24.3953	2329
4	4	0.5	1	1	2	20.9082	2330
5	4	0.5	1	1	2	20.8408	2331
6	4	0.5	1	1	2	20.3604	2332
6	4	0.5	1	1	2	21.8265	2333
6	4	0.5	1	1	2	23.4686	2334
6	4	0.5	1	1	2	31.9889	2335
6	4	0.5	1	1	2	21.4228	2336
6	4	0.5	0.5	1	1	26.5843	2337
6	4	0.5	0.5	1	1	27.6882	2338
6	4	0.5	0.5	1	1	31.125	2339
6	4	0.5	0.5	1	1	26.5542	2340
6	4	0.5	0.5	1	1	24.3868	2341
6	4	0.5	0.5	1	1	26.9303	2342
6	4	0.5	0.5	1	1	26.425	2343
6	4	0.5	0.5	1	1	29.5867	2344
7	4	0.5	0.5	1	1	23.1438	2345
7	3	0.5	0.5	1	1	24.5825	2346
7	2	0.5	0.5	1	1	26.767	2347
7	2	0.5	0.5	1	1	27.6046	2348
7	2	0.5	0.5	1	1	29.3077	2349
7	2	0.5	0.5	1	1	19.1148	2350
7	3	0.5	0.5	1	1	29.572	2351
7	3	0.5	0.5	1	1	29.3077	2352
7	3	0.5	0.5	1	1	30.0698	2353
7	3	0.5	0.5	1	1	33.5678	2354
7	3	0.5	0.5	1	1	23.3345	2355
7	3	0.5	0.5	1	1	33.5217	2356
7	3	0.5	0.5	1	1	27.9283	2357
7	3	0.5	0	1	0	29.9629	2358
7	3	0.5	0	1	0	32.8563	2359
7	3	0.5	0	1	0	27.8443	2360
8	3	0.5	0	1	0	27.7633	2361
8	3	0.5	0	1	0	28.376	2362
8	3	0.5	0	1	0	34.0115	2363
8	3	0.5	0	1	0	33.3765	2364
8	3	0.5	0	1	0	30.6995	2365
8	3	0.5	0	1	0	29.5694	2366
8	3	0.5	0	1	0	37.7252	2367
8	3	0.5	0	1	0	32.527	2368
8	3	0.5	0	1	0	32.0264	2369
8	3	0.5	0	1	0	36.8713	2370
8	3	0.5	0	1	0	34.8687	2371
8	3	0.5	0	1	0	30.4762	2372
8	3	0.5	0	1	0	35.5084	2373
8	3	0.5	0	1	0	36.8713	2374
8	3	0.5	0	1	0	35.1683	2375
8	3	0.5	0	1	0	29.0103	2376
8	3	0	0	0	0	37.9052	2377
8	3	0	0	0	0	30.9118	2378
8	3	0	0	0	0	35.6209	2379
8	4	0	0	0	0	34.3573	2380
8	4	0	0	0	0	38.9626	2381
8	4	0	0	0	0	41.7656	2382
8	4	0	0	0	0	36.3214	2383
8	4	0	0	0	0	38.9626	2384
8	4	0	0	0	0	41.2946	2385
8	4	0	0	0	0	38.2506	2386
8	4	0	0	0	0	39.336	2387
8	4	0	0	0	0	41.2808	2388
8	4	0	0	0	0	28.7063	2389
8	4	0	0	0	0	38.2992	2390
8	4	0	0	0	0	34.5593	2391
8	4	0	0	0	0	36.5398	2392
8	4	0	0	0	0	31.2859	2393
8	4	0	0	0	0	35.1247	2394
8	4	0	0	0	0	36.9275	2395
9	5	0	0	0	0	30.1183	2396
9	6	0	0	0	0	45.0558	2397
9	6	0	0	0	0	44.2927	2398
9	6	0	0	0	0	49.497	2399
9	6	0	0	0	0	45.5917	2400
10	6	0	0	0	0	49.9245	2401
10	6	0	0	0	0	49.5031	2402
10	6	0	0	0	0	51.8893	2403
10	6	0	0	0	0	50.8183	2404
10	6	0	0	0	0	50.8404	2405
10	6	0	0	0	0	57.6162	2406
10	6	0	0	0	0	54.4533	2407
10	6	0	0	0	0	50.8881	2408
10	6	0	0	0	0	45.1025	2409
9	6	0	0	0	0	53.1058	2410
9	6	0	0	0	0	53.5849	2411
9	6	0	0	0	0	43.1986	2412
9	6	0	0	0	0	48.8482	2413
9	6	0.5	0	1	0	53.2211	2414
9	6	0.5	0	1	0	53.0635	2415
9	6	0.5	0	1	0	43.0419	2416
9	6	0.5	0	1	0	47.8998	2417
9	6	0.5	0.5	1	1	53.8849	2418
9	6	0.5	0.5	1	1	45.7837	2419
9	6	0.5	0.5	1	1	44.1845	2420
9	6	0.5	0.5	1	1	53.3965	2421
9	6	0.5	0.5	1	1	50.8614	2422
9	6	0.5	0.5	1	1	53.9559	2423
9	6	0.5	0.5	1	1	49.6159	2424
9	7	0.5	0.5	1	1	53.4201	2425
9	7	0.5	0.5	1	1	38.1993	2426
9	7	0.5	0.5	1	1	42.4337	2427
9	7	0.5	0.5	1	1	43.4051	2428
7	7	0.5	0.5	1	1	44.1669	2429
7	7	1	0.5	2	1	45.8829	2430
7	8	1	0.5	2	1	45.9139	2431
7	8	1	0.5	2	1	49.9763	2432
7	8	1	0.5	2	1	42.3464	2433
5	8	1	0.5	2	1	42.8431	2434
5	8	1	0.5	2	1	40.6499	2435
5	8	1	0.5	2	1	43.2496	2436
5	8	1	0.5	2	1	36.7578	2437
5	8	1	0.5	2	1	39.1572	2438
5	8	1	0.5	2	1	39.302	2439
5	8	1	0.5	2	1	39.1572	2440
5	8	1	0.5	2	1	37.3449	2441
5	7	1	0.5	2	1	41.863	2442
5	7	1	0.5	2	1	39.1572	2443
5	7	1	0.5	2	1	35.6164	2444
5	7	1	0.5	2	1	37.2437	2445
5	7	1	0.5	2	1	41.863	2446
5	7	1	0.5	2	1	39.8041	2447
5	8	1	0.5	2	1	29.4047	2448
5	8	1	0.5	2	1	43.4058	2449
5	8	1	0.5	2	1	41.1485	2450
5	8	1	0.5	2	1	35.0245	2451
5	8	1	0.5	2	1	41.7201	2452
5	8	1	0.5	2	1	39.219	2453
5	8	1	0.5	2	1	39.219	2454
5	8	1	0.5	2	1	36.9666	2455
5	8	1	0.5	2	1	41.8085	2456
5	8	1	0.5	2	1	29.9564	2457
5	8	1	0.5	2	1	40.0818	2458
4	8	1	0.5	2	1	37.3993	2459
4	8	1	0.5	2	1	41.7252	2460
4	8	1	0	2	0	36.8033	2461
4	8	1	0	2	0	40.4606	2462
4	8	1	0	2	0	40.3236	2463
4	8	1	0	2	0	35.2073	2464
4	8	1	0	2	0	36.4909	2465
4	8	1	0	2	0	32.6702	2466
4	8	1	0	2	0	28.7325	2467
4	8	1	0	2	0	30.4638	2468
2	8	0	0	0	0	31.3303	2469
2	8	0	0	0	0	26.3682	2470
2	8	0	0	0	0	22.1686	2471
2	8	0	0	0	0	26.13	2472
2	8	0	0	0	0	29.599	2473
3	8	0	0	0	0	24.2899	2474
3	8	0	0	0	0	29.3464	2475
3	8	0	0	0	0	28.5036	2476
3	7	0	0	0	0	16.4654	2477
3	7	0	0	0	0	26.3148	2478
4	7	0	0	0	0	28.0843	2479
4	7	0	0	0	0	36.4807	2480
4	8	0	0	0	0	27.8882	2481
4	8	0	0	0	0	36.2651	2482
4	8	0	0	0	0	37.7813	2483
4	8	0	0	0	0	37.3725	2484
4	8	0	0	0	0	36.3242	2485
4	8	0	0	0	0	38.1562	2486
4	8	0	0	0	0	41.7656	2487
4	9	0	0	0	0	27.6217	2488
4	10	0	0	0	0	33.5398	2489
4	10	0	0	0	0	26.6642	2490
4	10	0	0	0	0	37.8921	2491
4	10	0	0	0	0	30.3149	2492
4	10	0	0	0	0	36.0602	2493
4	9	0	0	0	0	30.3778	2494
4	9	0	0	0	0	42.9661	2495
4	9	0	0	0	0	37.8222	2496
4	7	0	0	0	0	21.3859	2497
4	7	0	0	0	0	28.4284	2498
4	7	0	0	0	0	32.9949	2499
4	7	0	0	0	0	33.0462	2500
4	7	0	0	0	0	37.0344	2501
4	7	0	0	0	0	31.514	2502
4	7	0	0	0	0	31.0292	2503
4	7	0	0	0	0	31.5828	2504
4	6	0	0	0	0	33.7871	2505
4	6	0	0	0	0	19.2288	2506
4	6	0	0	0	0	28.9744	2507
4	6	0	0	0	0	31.0813	2508
4	6	0	0	0	0	31.6254	2509
4	6	0	0	0	0	31.6254	2510
4	6	0	0	0	0	32.7854	2511
4	6	0	0	0	0	33.7871	2512
4	6	0	0	0	0	31.4082	2513
4	6	0	0	0	0	24.4486	2514
4	8	0	0	0	0	28.125	2515
4	8	0	0	0	0	31.5828	2516
4	8	0	0	0	0	30.9845	2517
4	8	0	0	0	0	34.0748	2518
4	8	0	0	0	0	37.0185	2519
4	9	0	0	0	0	41.9227	2520
4	9	0	0	0	0	34.3437	2521
4	9	0	0	0	0	36.1436	2522
4	9	0	0	0	0	40.7673	2523
4	8	0	0	0	0	41.8546	2524
4	8	0	0	0	0	30.2672	2525
4	7	0	0	0	0	32.8125	2526
4	7	0	0	0	0	33.7824	2527
4	7	0	0	0	0	25.7012	2528
4	7	0	0	0	0	26.6754	2529
4	7	0	0	0	0	37.2124	2530
4	7	0	0	0	0	33.4154	2531
4	7	0	0	0	0	28.4728	2532
3	7	0	0	0	0	31.2792	2533
3	7	0	0	0	0	27.0182	2534
3	7	0	0	0	0	31.4004	2535
3	7	0	0	0	0	31.4004	2536
3	7	0	0	0	0	29.2473	2537
3	7	0	0	0	0	32.3486	2538
3	7	0	0	0	0	25.9362	2539
3	7	0	0	0	0	31.4004	2540
3	7	0	0	0	0	33.5217	2541
3	7	0	0	0	0	33.6655	2542
3	7	0	0	0	0	30.9335	2543
3	7	0	0	0	0	28.6772	2544
3	7	0	0	0	0	33.7846	2545
3	7	0	0	0	0	26.905	2546
3	7	0	0	0	0	30.2649	2547
3	7	0	0	0	0	22.9347	2548
3	7	0	0	0	0	29.6503	2549
3	7	0	0	0	0	20.668	2550
1	7	0	0	0	0	21.5108	2551
1	7	0	0	0	0	23.2031	2552
1	7	0	0	0	0	18.4865	2553
1	6	0	0	0	0	20.1378	2554
1	6	0	0	0	0	13.644	2555
1	6	0	0	0	0	18.6963	2556
1	6	0	0	0	0	17.9278	2557
1	6	0	0	0	0	14.9541	2558
1	6	0	0	0	0	19.8027	2559
1	6	0	0	0	0	20.1485	2560
1	6	0	0	0	0	19.2415	2561
1	6	0	0	0	0	17.5947	2562
1	5	0	0	0	0	10.3508	2563
1	5	0	0	0	0	12.9026	2564
1	5	0	0	0	0	13.4479	2565
1	5	0	0	0	0	12.7297	2566
1	4	0	0	0	0	9.32113	2567
1	4	0	0	0	0	8.84052	2568
1	4	0	0	0	0	9.31245	2569
1	4	0	0	0	0	10.952	2570
1	4	0	0	0	0	10.3639	2571
1	4	0	0	0	0	11.511	2572
1	4	0	0	0	0	11.314	2573
1	4	0	0	0	0	3.2227	2574
1	3	0	0	0	0	6.82991	2575
1	3	0	0	0	0	5.91449	2576
1	3	0	0	0	0	7.47107	2577
1	3	0	0	0	0	8.03379	2578
1	3	0	0	0	0	8.28988	2579
1	3	0	0	0	0	1.47299	2580
1	1	0	0	0	0	0.862648	2581
1	1	0	0	0	0	-0.560537	2582
1	1	0	0	0	0	0.862648	2583
1	1	0	0	0	0	0.862648	2584
1	1	0	0	0	0	-2.96274	2585
1	1	0	0	0	0	0.862648	2586
1	1	0	0	0	0	1.47299	2587
1	1	0	0	0	0	0.601014	2588
1	1	0	0	0	0	0.868643	2589
1	1	0	0	0	0	0.862648	2590
1	1	0	0	0	0	0.862648	2591
1	1	0	0	0	0	-2.07482	2592
1	1	0	0	0	0	-0.930646	2593
1	1	0	0	0	0	0.601014	2594
1	1	0	0	0	0	0.636649	2595
1	1	0	0	0	0	0.601014	2596
1	1	0	0	0	0	0.601014	2597
1	1	0	0	0	0	-3.05903	2598
1	1	0	0	0	0	-5.20277	2599
0	1	0	0	0	0	-3.05903	2600
0	1	0	0	0	0	-3.05903	2601
0	1	0	0	0	0	-3.41773	2602
0	1	0	0	0	0	nan	2603
0	1	0	0	0	0	nan	2604
0	0	0	0	0	0	nan	2605
0	0	0	0	0	0	nan	2606
0	0	0	0	0	0	nan	2607
0	0	0	0	0	0	nan	2608
