unique_top_cov	unique_bot_cov	redundant_top_cov	redundant_bot_cov	raw_redundant_top_cov	raw_redundant_bot_cov	e_value	position
2	1	0	0	0	0	nan	1
2	1	0	0	0	0	3.65016	2
2	1	0	0	0	0	4.12545	3
2	1	0	0	0	0	4.71749	4
2	1	0	0	0	0	4.56815	5
2	1	0	0	0	0	4.07973	6
3	2	0	0.333333	0	1	4.17057	7
3	2	0	0.333333	0	1	1.5758	8
3	7	0	1.33333	0	4	4.89164	9
3	7	0	1.33333	0	4	10.0383	10
3	7	0	1.33333	0	4	11.3479	11
3	7	0	1.33333	0	4	10.1917	12
3	7	0	1.33333	0	4	28.1217	13
3	7	0	1.33333	0	4	29.2825	14
3	7	0	1.33333	0	4	29.9321	15
3	8	0	1.33333	0	4	22.7237	16
3	8	0	1.33333	0	4	33.8433	17
3	8	0	1.33333	0	4	33.0561	18
3	8	0	1.33333	0	4	32.9461	19
3	8	0	1.33333	0	4	30.7465	20
3	9	0	1.33333	0	4	32.354	21
3	9	0	1.33333	0	4	37.963	22
3	9	0	1.33333	0	4	36.1585	23
3	9	0	1.33333	0	4	34.7863	24
3	9	0	1.33333	0	4	36.6656	25
4	9	0	1.33333	0	4	36.6436	26
4	9	0	1.33333	0	4	36.8308	27
4	9	0	1.33333	0	4	36.4592	28
4	9	0	1.33333	0	4	42.2077	29
4	9	0	1.33333	0	4	40.4602	30
4	9	0	1.33333	0	4	40.5243	31
4	9	0	1.33333	0	4	38.5034	32
5	9	0	1.33333	0	4	40.6714	33
5	9	0	1.33333	0	4	40.6371	34
6	9	0	1.33333	0	4	40.6371	35
6	9	0	1.33333	0	4	40.6475	36
6	9	0	1.33333	0	4	49.7281	37
6	9	0	1.33333	0	4	47.9554	38
6	9	0	1.33333	0	4	47.1605	39
7	9	0	1.33333	0	4	49.8467	40
7	9	0	1.33333	0	4	43.5815	41
7	9	0	1.33333	0	4	49.8721	42
7	9	0	1.33333	0	4	53.5087	43
7	9	0	1.33333	0	4	52.2014	44
7	9	0	1.33333	0	4	49.0108	45
7	9	0	1	0	3	51.7908	46
7	9	0	1	0	3	52.6049	47
7	9	0	1	0	3	51.6867	48
7	9	0	0.666667	0	2	45.6919	49
7	9	0	0.666667	0	2	50.7657	50
8	9	0	0.666667	0	2	50.2031	51
8	9	0	0.666667	0	2	53.5686	52
8	10	0	0.666667	0	2	52.9419	53
8	10	0	0.666667	0	2	52.8994	54
8	10	0	0.666667	0	2	56.9347	55
9	10	0	0.666667	0	2	57.0848	56
9	10	0	0.666667	0	2	50.7585	57
9	10	0	0.333333	0	1	60.1059	58
9	10	0	0.333333	0	1	59.8732	59
9	10	0	0.333333	0	1	58.2324	60
9	10	0	0.333333	0	1	57.3966	61
9	10	0	0.333333	0	1	59.8039	62
9	10	0	0.333333	0	1	63.2307	63
9	11	0	0.333333	0	1	61.2754	64
9	11	0	0.333333	0	1	56.0301	65
9	11	0	0.333333	0	1	61.3625	66
9	11	0	0.333333	0	1	61.8858	67
9	11	0	0.333333	0	1	65.955	68
9	11	0	0.333333	0	1	64.5514	69
9	11	0	0.333333	0	1	55.7418	70
9	11	0	0.333333	0	1	47.5689	71
10	11	0	0.333333	0	1	67.8026	72
10	11	0	0.333333	0	1	64.9871	73
10	11	0	0.333333	0	1	69.3424	74
10	11	0	0.333333	0	1	63.3153	75
10	11	0	0.333333	0	1	67.8694	76
10	11	0	0.333333	0	1	52.7615	77
10	11	0	0	0	0	70.3415	78
10	11	0	0	0	0	62.6307	79
10	11	0	0	0	0	68.815	80
10	10	0	0	0	0	63.8942	81
10	10	0	0	0	0	63.7081	82
10	10	0	0	0	0	60.1396	83
11	11	0	0	0	0	54.5538	84
11	11	0	0	0	0	74.1204	85
11	11	0	0	0	0	72.7698	86
11	11	0	0	0	0	71.2805	87
11	10	0	0	0	0	70.3762	88
11	10	0	0	0	0	71.034	89
11	10	0	0	0	0	64.6041	90
11	10	0	0	0	0	67.6628	91
11	10	0	0	0	0	60.1838	92
11	10	0	0	0	0	70.7912	93
11	10	0	0	0	0	51.5663	94
11	10	0	0	0	0	69.5889	95
11	10	0	0	0	0	66.012	96
11	10	0	0	0	0	63.075	97
11	10	0	0	0	0	69.2019	98
11	10	0	0	0	0	66.5827	99
11	10	0	0	0	0	59.3637	100
11	9	0	0	0	0	67.4109	101
12	9	0	0	0	0	69.0854	102
12	9	0	0	0	0	69.926	103
12	11	0	0	0	0	55.2611	104
13	11	0	0	0	0	63.2861	105
13	10	0	0	0	0	62.5229	106
13	10	0	0	0	0	81.0488	107
13	10	0	0	0	0	75.2391	108
13	11	0	0	0	0	76.8424	109
13	12	0	0	0	0	77.4271	110
13	12	0	0	0	0	85.9408	111
13	12	0	0	0	0	77.662	112
13	12	0	0	0	0	89.5944	113
13	12	0	0	0	0	86.083	114
13	12	0	0	0	0	79.4071	115
13	12	0	0	0	0	81.9338	116
13	12	0	0	0	0	89.1019	117
13	12	0	0	0	0	86.2559	118
13	13	0	0	0	0	86.0048	119
13	13	0	0	0	0	84.8609	120
13	14	0	0	0	0	88.6987	121
13	15	0	0	0	0	90.7571	122
13	15	0	0	0	0	89.7781	123
13	15	0	0	0	0	89.2913	124
13	15	0	0	0	0	89.7818	125
13	15	0	0	0	0	87.0116	126
13	15	0	0	0	0	93.9064	127
13	15	0	0	0	0	97.0457	128
14	15	0	0	0	0	85.9812	129
15	17	0	0	0	0	85.6214	130
14	17	0	0	0	0	89.4224	131
14	16	0	0	0	0	88.8297	132
16	16	0	0	0	0	90.2813	133
16	16	0	0	0	0	93.4344	134
16	16	0	0	0	0	93.9916	135
16	18	0	0	0	0	105.106	136
16	18	0	0	0	0	117.84	137
16	18	0	0	0	0	122.471	138
16	18	0	0	0	0	102.448	139
15	18	0	0	0	0	114.325	140
15	20	0	0	0	0	112.741	141
15	20	0	0	0	0	118.813	142
15	20	0	0	0	0	119.765	143
15	20	0	0	0	0	124.413	144
15	20	0	0	0	0	106.32	145
16	20	0	0	0	0	122.562	146
16	20	0	0	0	0	111.712	147
17	19	0	0	0	0	120.237	148
17	19	0	0	0	0	116.659	149
17	20	0	0	0	0	121.426	150
18	20	0	0	0	0	115.204	151
18	20	0	0	0	0	113.315	152
18	20	0	0	0	0	110.053	153
18	20	0	0	0	0	111.049	154
18	20	0	0	0	0	102.835	155
17	19	0	0	0	0	97.7054	156
16	19	0	0	0	0	111.52	157
16	19	0	0	0	0	112.674	158
16	17	0	0	0	0	113.87	159
17	17	0	0	0	0	106.752	160
17	17	0	0	0	0	113.093	161
17	17	0	0	0	0	112.194	162
17	17	0	0	0	0	117.625	163
17	17	0	0	0	0	118.999	164
18	17	0	0	0	0	118.825	165
18	17	0	0	0	0	116.246	166
18	17	0	0	0	0	124.079	167
18	17	0	0	0	0	118.285	168
18	17	0	0	0	0	112.89	169
18	17	0	0	0	0	110.236	170
18	16	0	0	0	0	104.624	171
19	16	0	0	0	0	111.717	172
19	17	0	0	0	0	95.9729	173
18	17	0	0	0	0	100.631	174
18	17	0	0	0	0	120.561	175
17	17	0	0	0	0	123.057	176
18	17	0	0	0	0	115.641	177
18	18	0	0	0	0	115.568	178
18	18	0	0	0	0	117.611	179
18	18	0	0	0	0	112.894	180
18	18	0	0	0	0	116.74	181
18	18	0	0	0	0	121.675	182
18	18	0	0	0	0	119.373	183
18	18	0	0	0	0	128.377	184
18	18	0	0	0	0	123.368	185
18	18	0	0	0	0	128.216	186
18	18	0	0	0	0	123.833	187
18	18	0	0	0	0	119.898	188
18	18	0	0	0	0	110.131	189
19	18	0	0	0	0	115.002	190
19	18	0	0	0	0	118.981	191
19	18	0	0	0	0	114.084	192
19	18	0	0	0	0	119.421	193
19	18	0	0	0	0	99.8925	194
19	18	0	0	0	0	119.119	195
19	21	0	0	0	0	125.235	196
18	21	0	0	0	0	131.043	197
18	21	0	0	0	0	124.5	198
18	22	0	0	0	0	108.573	199
18	22	0	0	0	0	118.927	200
18	22	0	0	0	0	123.764	201
18	21	0	0	0	0	123.751	202
19	21	0	0	0	0	125.925	203
19	21	0	0	0	0	127.884	204
19	21	0	0	0	0	121.674	205
18	21	0	0	0	0	119.08	206
18	21	0	0	0	0	124.93	207
17	21	0	0	0	0	127.606	208
17	21	0	0	0	0	126.443	209
16	21	0	0	0	0	121.07	210
16	22	0	0	0	0	130.708	211
16	22	0	0	0	0	139.3	212
16	22	0	0	0	0	116.486	213
16	24	0	0	0	0	132.35	214
16	24	0	0	0	0	141.935	215
16	24	0	0	0	0	130.649	216
16	24	0	0	0	0	127.776	217
15	24	0	0	0	0	134.144	218
15	24	0	0	0	0	133.27	219
14	24	0	0	0	0	128.92	220
14	26	0	0	0	0	129.568	221
11	26	0	0	0	0	125.695	222
12	26	0	0	0	0	120.888	223
12	26	0	0	0	0	131.054	224
12	26	0	0	0	0	117.628	225
12	27	0	0	0	0	128.091	226
12	27	0	0	0	0	127.185	227
12	27	0	0	0	0	135.673	228
12	27	0	0	0	0	137.905	229
12	27	0	0	0	0	129.489	230
12	27	0	0	0	0	139.503	231
12	27	0	0	0	0	135.902	232
12	27	0	0	0	0	120.115	233
12	27	0	0	0	0	121.139	234
10	27	0.5	0	1	0	121.314	235
10	27	0.5	0	1	0	127.288	236
10	27	0.5	0	1	0	124.053	237
11	27	0.5	0	1	0	121.736	238
12	27	0.5	0	1	0	133.079	239
12	27	0.5	0	1	0	132.013	240
12	26	0.5	0	1	0	119.746	241
13	26	0.5	0	1	0	131.899	242
13	26	0.5	0	1	0	140.848	243
13	26	0.5	0	1	0	128.496	244
13	24	0.5	0	1	0	121.577	245
13	24	0.5	0	1	0	120.839	246
13	24	0.5	0	1	0	124.008	247
13	24	0.5	0	1	0	119.345	248
13	24	0.5	0	1	0	120.865	249
13	24	0.5	0	1	0	119.406	250
13	24	0.5	0	1	0	107.961	251
13	23	0.5	0	1	0	106.562	252
13	22	0.5	0	1	0	105.233	253
13	19	0.5	0	1	0	110.412	254
14	19	0.5	0	1	0	109.023	255
14	19	0.5	0	1	0	109.617	256
14	19	0.5	0	1	0	113.174	257
14	19	0.5	0	1	0	110.989	258
14	17	0.5	0	1	0	95.6703	259
14	17	0.5	0	1	0	109.321	260
15	16	0.5	0	1	0	97.8519	261
15	16	0.5	0	1	0	102.986	262
15	16	0.5	0	1	0	105.932	263
15	16	0.5	0	1	0	96.5759	264
15	17	0.5	0	1	0	103.903	265
15	17	0.5	0	1	0	101.207	266
14	17	0.5	0	1	0	104.43	267
14	17	0.5	0	1	0	101.794	268
14	16	0.5	0	1	0	100.095	269
15	16	0.5	0	1	0	102.196	270
15	15	0.5	0	1	0	101.194	271
15	15	0.5	0	1	0	111.425	272
15	15	0.5	0	1	0	99.1467	273
15	15	0.5	0	1	0	94.7358	274
15	15	0.5	0	1	0	98.3969	275
14	15	0.5	0	1	0	94.7503	276
14	15	0.5	0	1	0	98.4025	277
14	15	0.5	0	1	0	94.5605	278
13	15	0.5	0	1	0	92.6195	279
14	14	0.5	0	1	0	83.43	280
14	17	0.5	0	1	0	90.2294	281
14	17	0.5	0	1	0	89.0385	282
14	17	0.5	0	1	0	102.764	283
14	18	0.5	0	1	0	99.9937	284
15	18	0.5	0	1	0	102.857	285
15	18	0.5	0	1	0	104.141	286
15	18	0.5	0	1	0	107.15	287
15	18	0.5	0	1	0	97.6265	288
15	18	0.5	0	1	0	108.305	289
15	17	0.5	0	1	0	113.062	290
16	17	0.5	0	1	0	91.81	291
16	20	0.5	0	1	0	115.272	292
16	20	0.5	0	1	0	116.217	293
16	20	0.5	0	1	0	117.686	294
16	20	0.5	0	1	0	128.098	295
16	20	0.5	0	1	0	119.009	296
16	20	0.5	0	1	0	120.353	297
16	20	0.5	0	1	0	131.405	298
16	20	0.5	0	1	0	125.928	299
15	21	0.5	0	1	0	111.764	300
15	21	0	0	0	0	109.344	301
15	21	0	0	0	0	122.762	302
15	21	0	0	0	0	133.423	303
15	21	0	0	0	0	123.22	304
15	21	0	0	0	0	122.855	305
15	21	0	0	0	0	131.19	306
15	21	0	0	0	0	128.085	307
15	22	0	0	0	0	115.394	308
15	22	0	0	0	0	119.269	309
15	22	0	0	0	0	132.151	310
15	22	0	0	0	0	122.367	311
15	22	0	0	0	0	129.043	312
15	22	0	0	0	0	128.11	313
15	22	0	0	0	0	125.923	314
14	22	0	0	0	0	127.016	315
14	22	0	0	0	0	123.078	316
14	22	0	0	0	0	126.649	317
14	22	0	0	0	0	125.284	318
14	22	0	0	0	0	126.906	319
14	22	0	0	0	0	120.347	320
14	22	0	0	0	0	119.116	321
14	22	0	0	0	0	122.642	322
14	23	0	0	0	0	123.201	323
14	23	0	0	0	0	125.565	324
14	23	0	0	0	0	130.988	325
14	23	0	0	0	0	111.946	326
12	22	0	0	0	0	117.003	327
12	22	0	0	0	0	121.541	328
12	22	0	0	0	0	113.169	329
12	22	0	0	0	0	119.802	330
12	22	0	0	0	0	116.623	331
12	22	0	0	0	0	117.098	332
13	22	0	0	0	0	119.505	333
13	22	0	0	0	0	112.182	334
14	21	0	0	0	0	121.203	335
14	21	0	0	0	0	117.584	336
15	20	0	0	0	0	108.881	337
15	21	0	0	0	0	117.542	338
15	21	0	0	0	0	117.979	339
14	21	0	0	0	0	114.097	340
14	21	0	0	0	0	107.08	341
13	21	0	0	0	0	109.014	342
13	21	0	0	0	0	111.486	343
13	21	0	0	0	0	112.646	344
13	21	0	0	0	0	101.075	345
13	19	0	0	0	0	114.294	346
13	19	0	0	0	0	110.235	347
13	19	0	0	0	0	109.704	348
14	18	0	0	0	0	104.877	349
14	17	0	0	0	0	99.293	350
14	17	0	0	0	0	104.237	351
14	16	0	0	0	0	99.4773	352
14	16	0	0	0	0	97.5316	353
14	17	0	0	0	0	97.8454	354
14	17	0	0	0	0	103.731	355
14	16	0	0	0	0	97.0106	356
14	16	0	0	0	0	101.385	357
14	16	0	0	0	0	102.706	358
14	16	0	0	0	0	91.6567	359
14	16	0	0	0	0	110.709	360
14	16	0	0	0	0	106.196	361
14	16	0	0	0	0	106.738	362
14	16	0	0	0	0	102.997	363
14	16	0	0	0	0	106.857	364
14	16	0	0	0	0	100.799	365
15	16	0	0	0	0	102.727	366
15	16	0	0	0	0	103.736	367
15	16	0	0	0	0	105.396	368
15	16	0	0	0	0	102.056	369
15	16	0	0	0	0	106.266	370
15	16	0	0	0	0	108.66	371
15	16	0	0	0	0	108.137	372
15	16	0	0	0	0	102.789	373
15	16	0	0	0	0	91.0281	374
15	16	0	0	0	0	92.9656	375
15	14	0	0	0	0	99.6294	376
15	14	0	0	0	0	99.842	377
15	14	0	0	0	0	98.1228	378
15	14	0	0	0	0	89.166	379
15	13	0	0	0	0	93.8854	380
16	13	0	0	0	0	100.846	381
16	13	0	0	0	0	90.9258	382
16	13	0	0	0	0	90.6117	383
16	13	0	0	0	0	95.1813	384
16	14	0	0	0	0	96.872	385
16	13	0	0	0	0	89.1866	386
16	13	0	0	0	0	93.2917	387
16	12	0	0	0	0	96.119	388
16	12	0	0	0	0	91.355	389
16	12	0	0	0	0	98.2711	390
16	12	0	0	0	0	88.0393	391
15	11	0	0	0	0	87.0058	392
16	11	0	0	0	0	84.2683	393
16	11	0	0	0	0	78.7671	394
16	11	0	0	0	0	80.7231	395
16	10	0	0	0	0	84.0747	396
15	9	0	0	0	0	83.2872	397
15	9	0	0	0	0	74.2789	398
15	9	0	0	0	0	79.8592	399
15	9	0	0	0	0	76.3578	400
15	9	0	0	0	0	78.8873	401
15	9	0	0	0	0	77.3008	402
15	8	0	0	0	0	80.8747	403
16	8	0	0	0	0	79.3629	404
15	8	0	0	0	0	78.7087	405
15	8	0	0	0	0	77.1152	406
15	8	0	0	0	0	72.3098	407
15	8	0	0	0	0	78.5139	408
15	8	0	0	0	0	77.7708	409
14	8	0	0	0	0	73.9084	410
14	8	0	0	0	0	66.0539	411
14	8	0	0	0	0	76.1295	412
14	7	0	0	0	0	75.9826	413
14	7	0	0	0	0	72.8099	414
14	7	0	0	0	0	66.26	415
14	7	0	0	0	0	67.3771	416
14	7	0	0	0	0	69.2204	417
14	7	0	0	0	0	69.8926	418
14	7	0	0	0	0	66.0752	419
12	7	0	0	0	0	62.3924	420
12	8	0	0	0	0	66.2384	421
12	8	0	0	0	0	46.3334	422
11	8	0	0	0	0	46.4731	423
12	8	0	0	0	0	53.9654	424
11	8	0	0	0	0	62.7165	425
11	8	0	0	0	0	59.559	426
11	8	0	0	0	0	61.4495	427
11	8	0	0	0	0	64.9123	428
11	8	0	0	0	0	63.3503	429
11	8	0	0	0	0	54.5109	430
10	6	0	0	0	0	52.6264	431
10	6	0	0	0	0	48.6127	432
10	6	0	0	0	0	44.6265	433
10	6	0	0	0	0	53.1026	434
10	6	0	0	0	0	52.2087	435
10	6	0	0	0	0	51.5486	436
10	6	0	0	0	0	51.1557	437
10	6	0.333333	0.333333	1	1	50.1323	438
10	6	0.333333	0.333333	1	1	53.4519	439
10	6	0.333333	0.333333	1	1	43.7883	440
8	6	0.333333	0.333333	1	1	31.0584	441
8	4	0.333333	0.666667	1	2	34.0855	442
8	4	0.333333	0.666667	1	2	33.9519	443
8	4	0.333333	0.666667	1	2	33.2573	444
8	3	0.333333	0.666667	1	2	33.5271	445
8	3	0.333333	0.666667	1	2	33.454	446
8	3	0.333333	0.666667	1	2	35.6147	447
8	3	0.333333	0.666667	1	2	35.774	448
8	3	0.333333	0.666667	1	2	31.7234	449
8	3	0.666667	0.666667	2	2	31.8698	450
8	3	0.666667	0.666667	2	2	34.6575	451
8	3	0.666667	1	2	3	33.5271	452
8	3	0.666667	1	2	3	29.8901	453
8	3	0.666667	1	2	3	30.2587	454
7	3	0.666667	1	2	3	30.4587	455
7	3	0.666667	1	2	3	31.0422	456
7	3	1	1	3	3	24.9625	457
7	3	1	1	3	3	28.594	458
7	3	1	1	3	3	28.9163	459
7	3	1	1.33333	3	4	30.9571	460
7	3	1	1.33333	3	4	31.4319	461
7	3	1	1.33333	3	4	22.499	462
7	3	1	1.33333	3	4	22.7924	463
7	3	1	1.33333	3	4	22.5746	464
7	3	1	1.33333	3	4	20.6034	465
7	3	1	1.33333	3	4	22.5746	466
7	3	1.33333	1.33333	4	4	22.8432	467
5	3	1.33333	1.33333	4	4	19.0365	468
5	3	1.33333	1.33333	4	4	20.6034	469
5	3	1.33333	1.33333	4	4	19.9786	470
5	3	1.33333	1.33333	4	4	22.6513	471
5	3	1.33333	1.33333	4	4	14.8536	472
4	2	1.33333	1.33333	4	4	13.0451	473
4	2	1.33333	1.33333	4	4	14.1943	474
4	2	1.33333	1.33333	4	4	15.8224	475
4	2	1.33333	1.33333	4	4	14.1675	476
4	2	1.33333	1.33333	4	4	15.2099	477
4	2	1.33333	1.33333	4	4	14.7825	478
4	2	1.33333	1.33333	4	4	15.912	479
4	2	1.33333	1.33333	4	4	9.1552	480
4	2	1.33333	1.33333	4	4	14.3255	481
4	2	1.33333	1.33333	4	4	11.8264	482
3	2	1.33333	1.33333	4	4	6.53664	483
3	1	1.33333	1.33333	4	4	8.16877	484
3	1	1.33333	1.33333	4	4	7.85651	485
3	1	1.33333	1.33333	4	4	7.54236	486
3	1	1.33333	1.33333	4	4	8.07894	487
3	1	1	1.33333	3	4	6.09361	488
3	1	1	1.33333	3	4	7.25598	489
3	1	1	1.33333	3	4	7.5243	490
3	1	1	1.33333	3	4	5.38246	491
3	1	1	1.33333	3	4	7.5243	492
3	1	1	1.33333	3	4	8.07894	493
3	1	1	1.33333	3	4	7.3401	494
3	1	1	1.33333	3	4	7.60196	495
3	1	1	1.33333	3	4	3.48616	496
3	1	1	1.33333	3	4	3.55867	497
3	1	1	1.33333	3	4	3.6412	498
2	1	1	1.33333	3	4	3.55867	499
2	1	1	1.33333	3	4	3.54645	500
2	1	1	1.33333	3	4	3.6412	501
2	1	0.666667	1.33333	2	4	4.12757	502
2	1	0.666667	1.33333	2	4	3.55867	503
2	1	0.666667	1.33333	2	4	3.6412	504
2	1	0.666667	1	2	3	3.48616	505
2	1	0.333333	1	1	3	3.48616	506
2	1	0.333333	1	1	3	3.34531	507
2	1	0.333333	0.666667	1	2	2.49622	508
2	1	0.333333	0.666667	1	2	-0.263807	509
1	1	0.333333	0.666667	1	2	-0.309717	510
1	1	0.333333	0.333333	1	1	0.043126	511
1	1	0	0	0	0	0.043126	512
1	1	0	0	0	0	nan	513
1	1	0	0	0	0	nan	514
