unique_top_cov	unique_bot_cov	redundant_top_cov	redundant_bot_cov	raw_redundant_top_cov	raw_redundant_bot_cov	e_value	position
0	0	0	0	0	0	nan	1
0	0	0	0	0	0	nan	2
0	0	0	0	0	0	nan	3
0	0	0	0	0	0	nan	4
0	0	0	0	0	0	nan	5
0	0	0	0	0	0	nan	6
0	0	0	0	0	0	nan	7
0	0	0	0	0	0	nan	8
0	0	0	0	0	0	nan	9
0	0	0	0	0	0	nan	10
0	0	0	0	0	0	nan	11
0	0	0	0	0	0	nan	12
0	0	0	0	0	0	nan	13
0	0	0	0	0	0	nan	14
0	0	0	0	0	0	nan	15
0	0	0	0	0	0	nan	16
0	0	0	0	0	0	nan	17
0	0	0	0	0	0	nan	18
0	0	0	0	0	0	nan	19
0	0	0	0	0	0	nan	20
0	0	0	0	0	0	nan	21
0	0	0	0	0	0	nan	22
0	0	0	0	0	0	nan	23
0	0	0	0	0	0	nan	24
0	0	0	0	0	0	nan	25
0	0	0	0	0	0	nan	26
0	0	0	0	0	0	nan	27
0	0	0	0	0	0	nan	28
0	0	0	0	0	0	nan	29
3	14	0	0	0	0	57.9688	30
3	14	0	0	0	0	57.9669	31
3	15	0	0	0	0	57.5782	32
3	16	0	0	0	0	65.0244	33
3	16	0	0	0	0	58.394	34
3	16	0	0	0	0	65.4975	35
3	16	0	0	0	0	64.0868	36
3	16	0	0	0	0	63.8282	37
3	16	0	0	0	0	64.2791	38
3	16	0	0	0	0	66.0717	39
3	16	0	0	0	0	63.4073	40
3	16	0	0	0	0	63.1756	41
3	16	0	0	0	0	63.1617	42
3	16	0	0	0	0	65.4164	43
3	16	0	0	0	0	67.411	44
3	16	0	0	0	0	64.7418	45
3	16	0	0	0	0	67.4252	46
3	19	0	0	0	0	61.5418	47
3	20	0	0	0	0	61.3734	48
3	20	0	0	0	0	80.9973	49
3	20	0	0	0	0	76.3518	50
3	20	0	0	0	0	77.6075	51
4	20	0	0	0	0	78.1661	52
4	21	0	0	0	0	73.6098	53
4	21	0	0	0	0	85.3815	54
5	21	0	0	0	0	84.8687	55
5	21	0	0	0	0	94.4456	56
5	21	0	0	0	0	90.7279	57
5	21	0	0	0	0	85.131	58
5	21	0	0	0	0	70.4238	59
5	21	0	0	0	0	85.7422	60
5	22	0	0	0	0	96.5189	61
5	22	0	0	0	0	93.0118	62
5	22	0	0	0	0	94.5425	63
5	22	0	0	0	0	93.8098	64
5	22	0	0	0	0	95.113	65
5	22	0	0	0	0	99.2104	66
5	22	0	0	0	0	93.0722	67
5	22	0	0	0	0	92.6403	68
5	22	0	0	0	0	91.584	69
5	23	0	0	0	0	97.2906	70
6	23	0	0	0	0	102.052	71
6	23	0	0	0	0	93.7891	72
8	23	0	0	0	0	82.7101	73
8	23	0	0	0	0	97.4208	74
8	23	0	0	0	0	103.434	75
8	24	0	0	0	0	95.8555	76
8	24	0	0	0	0	109.647	77
8	24	0	0	0	0	99.2635	78
8	24	0	0	0	0	97.74	79
8	25	0	0	0	0	98.5084	80
8	23	0	0	0	0	97.5645	81
8	23	0	0	0	0	103.331	82
8	23	0	0	0	0	102.152	83
8	23	0	0	0	0	102.923	84
9	23	0	0	0	0	102.89	85
9	23	0	0	0	0	97.6086	86
10	23	0	0	0	0	98.5757	87
10	23	0	0	0	0	111.646	88
11	23	0	0	0	0	113.758	89
11	23	0	0	0	0	114.677	90
11	23	0	0	0	0	112.343	91
12	23	0	0	0	0	116.038	92
12	22	0	0	0	0	110.492	93
12	22	0	0	0	0	97.2855	94
13	22	0	0	0	0	124.123	95
13	22	0	0	0	0	123.319	96
13	22	0	0	0	0	114.023	97
13	22	0	0	0	0	107.139	98
14	21	0	0	0	0	119.049	99
14	21	0	0	0	0	120.2	100
14	21	0	0	0	0	106.744	101
14	20	0	0	0	0	110.617	102
14	20	0	0	0	0	115.511	103
14	20	0	0	0	0	121.131	104
14	20	0	0	0	0	119.607	105
14	20	0	0	0	0	119.471	106
14	20	0	0	0	0	118.165	107
14	20	0	0	0	0	115.158	108
14	18	0	0	0	0	96.2152	109
14	17	0	0	0	0	97.9695	110
14	19	0	0	0	0	82.7391	111
14	19	0	0	0	0	119.804	112
14	19	0	0	0	0	110.94	113
14	19	0	0	0	0	121.817	114
14	19	0	0	0	0	103.281	115
14	19	0	0	0	0	111.28	116
14	18	0	0	0	0	106.908	117
14	18	0	0	0	0	114.951	118
14	18	0	0	0	0	103.094	119
13	18	0	0	0	0	107.437	120
13	18	0	0	0	0	112	121
13	18	0	0	0	0	106.954	122
13	18	0	0	0	0	110.688	123
13	18	0	0	0	0	108.985	124
13	18	0	0	0	0	107.974	125
13	18	0	0	0	0	112.601	126
13	18	0	0	0	0	106.321	127
13	18	0	0	0	0	98.5218	128
13	17	0	0	0	0	102.362	129
13	18	0	0	0	0	98.197	130
13	18	0	0	0	0	96.8745	131
13	18	0	0	0	0	107.828	132
13	18	0	0	0	0	107.148	133
13	18	0	0	0	0	110.418	134
13	18	0	0	0	0	108.709	135
14	18	0	0	0	0	104.957	136
14	18	0	0	0	0	101.453	137
14	20	0	0	0	0	101.035	138
14	20	0	0	0	0	101.132	139
14	20	0	0	0	0	120.396	140
14	19	0	0	0	0	105.726	141
14	19	0	0	0	0	105.599	142
14	20	0	0	0	0	113.432	143
14	19	0	0	0	0	119.042	144
14	19	0	0	0	0	106.779	145
14	19	0	0	0	0	115.611	146
13	19	0	0	0	0	103.242	147
13	19	0	0	0	0	103.254	148
13	19	0	0	0	0	108.743	149
13	18	0	0	0	0	106.273	150
13	17	0	0	0	0	95.4607	151
12	17	0	0	0	0	101.146	152
12	17	0	0	0	0	87.5161	153
12	17	0	0	0	0	86.5949	154
12	15	0	0	0	0	87.4777	155
12	14	0	0	0	0	87.4661	156
12	14	0	0	0	0	82.9343	157
12	15	0	0	0	0	85.6461	158
12	15	0	0	0	0	88.3455	159
12	15	0	0	0	0	94.9475	160
12	15	0	0	0	0	88.9732	161
12	16	0	0	0	0	94.4179	162
12	16	0	0	0	0	89.3721	163
12	16	0	0	0	0	93.5211	164
12	15	0	0	0	0	91.6287	165
12	16	0	0	0	0	94.301	166
11	16	0	0	0	0	94.6998	167
11	16	0	0	0	0	84.2271	168
11	16	0	0	0	0	86.3506	169
11	16	0	0	0	0	86.907	170
11	16	0	0	0	0	95.0659	171
11	15	0	0	0	0	86.7901	172
13	14	0	0	0	0	84.6238	173
12	14	0	0	0	0	84.8568	174
12	14	0	0	0	0	81.9702	175
12	14	0	0	0	0	84.5206	176
14	14	0	0	0	0	84.3605	177
14	14	0	0	0	0	80.8965	178
14	14	0	0	0	0	80.8965	179
14	14	0	0	0	0	91.5106	180
14	14	0	0	0	0	98.0412	181
14	14	0	0	0	0	83.5086	182
14	14	0	0	0	0	86.3781	183
14	14	0	0	0	0	90.51	184
14	14	0	0	0	0	98.5053	185
14	14	0	0	0	0	97.1693	186
14	14	0	0	0	0	102.042	187
14	14	0	0	0	0	102.575	188
14	14	0	0	0	0	87.1355	189
14	15	0	0	0	0	83.0569	190
14	15	0	0	0	0	99.3341	191
15	15	0	0	0	0	97.6511	192
15	15	0	0	0	0	108.181	193
15	15	0	0	0	0	94.929	194
15	14	0	0	0	0	90.893	195
16	14	0	0	0	0	91.3807	196
17	14	0	0	0	0	98.2797	197
17	13	0	0	0	0	105.268	198
17	13	0	0	0	0	100.465	199
17	12	0	0	0	0	96.5714	200
17	12	0	0	0	0	98.8157	201
17	12	0	0	0	0	104.126	202
17	13	0	0	0	0	102.767	203
17	13	0	0	0	0	101.493	204
17	13	0	0	0	0	101.347	205
18	13	0	0	0	0	103.196	206
18	13	0	0	0	0	106.311	207
18	13	0	0	0	0	105.399	208
18	13	0	0	0	0	105.143	209
18	12	0	0	0	0	106.248	210
19	12	0	0	0	0	104.946	211
19	12	0	0	0	0	100.703	212
19	12	0	0	0	0	104.285	213
19	12	0	0	0	0	98.6739	214
19	12	0	0	0	0	115.165	215
19	12	0	0	0	0	102.698	216
19	12	0	0	0	0	90.1686	217
19	11	0	0	0	0	102.776	218
19	11	0	0	0	0	95.5758	219
19	11	0	0	0	0	88.8592	220
17	11	0	0	0	0	90.8987	221
18	12	0	0	0	0	99.5518	222
17	12	0	0	0	0	95.3031	223
18	12	0	0	0	0	98.9731	224
18	12	0	0	0	0	97.7704	225
18	12	0	0	0	0	98.8176	226
18	12	0	0	0	0	99.1262	227
17	12	0	0	0	0	98.2352	228
17	12	0	0	0	0	96.6282	229
16	12	0	0	0	0	97.4254	230
16	12	0	0	0	0	96.2904	231
16	15	0	0	0	0	96.5202	232
16	15	0	0	0	0	91.0202	233
16	15	0	0	0	0	97.7763	234
16	15	0	0	0	0	97.8424	235
15	15	0	0	0	0	93.2737	236
15	15	0	0	0	0	95.0588	237
15	15	0	0	0	0	107.761	238
16	15	0	0	0	0	102.413	239
16	15	0	0	0	0	110.581	240
16	15	0	0	0	0	105.185	241
16	15	0	0	0	0	103.057	242
17	15	0	0	0	0	108.043	243
17	15	0	0	0	0	101.948	244
17	15	0	0	0	0	115.456	245
17	15	0	0	0	0	103.455	246
17	14	0	0	0	0	102.308	247
17	14	0	0	0	0	95.4191	248
16	14	0	0	0	0	107.56	249
17	14	0	0	0	0	101.791	250
17	14	0	0	0	0	102.046	251
17	14	0	0	0	0	112.739	252
17	14	0	0	0	0	106.785	253
17	14	0	0	0	0	106.692	254
17	14	0	0	0	0	96.4359	255
17	14	0	0	0	0	101.534	256
17	14	0	0	0	0	111.669	257
17	14	0	0	0	0	103.357	258
17	14	0	0	0	0	107.753	259
17	14	0	0	0	0	99.639	260
17	13	0	0	0	0	97.627	261
20	13	0	0	0	0	86.2287	262
20	13	0	0	0	0	96.0715	263
20	12	0	0	0	0	102.324	264
20	12	0	0	0	0	107.416	265
20	12	0	0	0	0	104.768	266
19	12	0	0	0	0	91.5493	267
19	12	0	0	0	0	100.125	268
19	12	0	0	0	0	97.4558	269
19	12	0	0	0	0	100.796	270
18	11	0	0	0	0	105.401	271
18	12	0	0	0	0	102.084	272
19	12	0	0	0	0	87.3765	273
19	13	0	0	0	0	102.854	274
19	13	0	0	0	0	88.3823	275
20	13	0	0	0	0	113.574	276
20	13	0	0	0	0	104.865	277
20	13	0	0	0	0	111.816	278
20	13	0	0	0	0	113.744	279
20	12	0	0	0	0	102.853	280
20	12	0	0	0	0	101.823	281
20	12	0	0	0	0	94.9642	282
20	12	0	0	0	0	101.043	283
20	11	0	0	0	0	105.588	284
20	11	0	0	0	0	93.2652	285
20	11	0	0	0	0	92.2015	286
22	11	0	0	0	0	98.6948	287
22	10	0	0	0	0	107.636	288
22	10	0	0	0	0	110.681	289
22	11	0	0	0	0	102.961	290
22	11	0	0	0	0	113.958	291
22	10	0	0	0	0	103.819	292
22	9	0	0	0	0	101.943	293
22	9	0	0	0	0	108.868	294
22	10	0	0	0	0	115.723	295
22	10	0	0	0	0	102.618	296
22	10	0	0	0	0	103.243	297
22	10	0	0	0	0	118.497	298
22	11	0	0	0	0	107.603	299
22	11	0	0	0	0	113.574	300
22	13	0	0	0	0	114.998	301
22	13	0	0	0	0	126.385	302
22	13	0	0	0	0	121.695	303
22	13	0	0	0	0	125.137	304
22	13	0	0	0	0	117.814	305
22	13	0	0	0	0	116.847	306
22	13	0	0	0	0	123.901	307
20	13	0	0	0	0	116.383	308
20	14	0	0	0	0	123.608	309
20	14	0	0	0	0	115.145	310
20	14	0	0	0	0	124.431	311
21	14	0	0	0	0	119.527	312
21	14	0	0	0	0	124.178	313
21	14	0	0	0	0	123.261	314
21	14	0	0	0	0	116.508	315
21	15	0	0	0	0	123.523	316
21	15	0	0	0	0	128.167	317
21	16	0	0	0	0	116.074	318
22	16	0	0	0	0	128.476	319
22	19	0	0	0	0	139.29	320
22	18	0	0	0	0	137.899	321
22	18	0	0	0	0	138.989	322
22	18	0	0	0	0	129.559	323
22	18	0	0	0	0	136.341	324
22	17	0	0	0	0	139.722	325
22	17	0	0	0	0	129.472	326
19	17	0	0	0	0	133.707	327
19	17	0	0	0	0	127.755	328
19	17	0	0	0	0	121.775	329
19	17	0	0	0	0	131.763	330
19	19	0	0	0	0	125.634	331
19	19	0	0	0	0	129.949	332
20	19	0	0	0	0	138.016	333
19	20	0	0	0	0	130.577	334
19	20	0	0	0	0	143.407	335
19	20	0	0	0	0	134.815	336
19	21	0	0	0	0	145.063	337
19	21	0	0	0	0	150.77	338
19	21	0	0	0	0	122.527	339
19	21	0	0	0	0	135.481	340
19	21	0	0	0	0	143.32	341
19	21	0	0	0	0	141.947	342
19	21	0	0	0	0	134.249	343
19	20	0	0	0	0	133.231	344
19	20	0	0	0	0	121.357	345
19	20	0	0	0	0	137.121	346
18	20	0	0	0	0	134.34	347
17	20	0	0	0	0	130.094	348
18	20	0	0	0	0	124.356	349
18	20	0	0	0	0	124.332	350
18	20	0	0	0	0	121.578	351
19	20	0	0	0	0	126.364	352
19	19	0	0	0	0	117.608	353
19	19	0	0	0	0	125.476	354
19	19	0	0	0	0	124.608	355
19	19	0	0	0	0	127.434	356
19	19	0	0	0	0	136.547	357
19	19	0	0	0	0	131.966	358
19	19	0	0	0	0	131.282	359
21	20	0	0	0	0	123.64	360
19	20	0	0	0	0	138.508	361
19	20	0	0	0	0	144.067	362
19	20	0	0	0	0	137.079	363
19	20	0	0	0	0	130.838	364
19	25	0	0	0	0	136.919	365
19	25	0	0	0	0	149.587	366
19	25	0	0	0	0	165.95	367
19	25	0	0	0	0	145.019	368
19	24	0	0	0	0	153.179	369
19	24	0	0	0	0	149.293	370
19	24	0	0	0	0	151.156	371
20	24	0	0	0	0	146.397	372
20	24	0	0	0	0	156.109	373
18	24	0	0	0	0	145.925	374
18	26	0	0	0	0	148.516	375
18	26	0	0	0	0	146.282	376
18	26	0	0	0	0	149.439	377
19	26	0	0	0	0	156.68	378
19	26	0	0	0	0	146.691	379
19	26	0	0	0	0	153.687	380
19	26	0	0	0	0	124.672	381
19	25	0	0	0	0	162.592	382
19	25	0	0	0	0	162.56	383
19	25	0	0	0	0	146.738	384
19	24	0	0	0	0	154.027	385
19	24	0	0	0	0	143.389	386
19	24	0	0	0	0	153.847	387
19	24	0	0	0	0	153.167	388
19	24	0	0	0	0	143.525	389
19	24	0	0	0	0	136.625	390
21	24	0	0	0	0	143.394	391
21	24	0	0	0	0	148.265	392
21	25	0	0	0	0	167.313	393
21	25	0	0	0	0	158.418	394
21	25	0	0	0	0	162.906	395
21	25	0	0	0	0	154.141	396
21	25	0	0	0	0	161.833	397
21	25	0	0	0	0	163.498	398
21	25	0	0	0	0	159.1	399
21	25	0	0	0	0	160.887	400
21	24	0	0	0	0	157.458	401
20	24	0	0	0	0	155.567	402
19	25	0	0	0	0	162.587	403
19	25	0	0	0	0	154.806	404
19	25	0	0	0	0	151.003	405
20	25	0	0	0	0	135.451	406
20	24	0	0	0	0	150.833	407
20	24	0	0	0	0	144.046	408
19	24	0	0	0	0	141.41	409
18	24	0	0	0	0	138.781	410
18	24	0	0	0	0	123.423	411
14	24	0	0	0	0	133.436	412
15	24	0	0	0	0	130.388	413
15	24	0	0	0	0	126.568	414
15	24	0	0	0	0	132.461	415
15	23	0	0	0	0	134.817	416
15	23	0	0	0	0	131.874	417
15	23	0	0	0	0	124.177	418
15	23	0	0	0	0	133.074	419
17	23	0	0	0	0	127.097	420
16	23	0	0	0	0	126.263	421
16	22	0	0	0	0	134.218	422
15	22	0	0	0	0	121.27	423
15	21	0	0	0	0	121.368	424
15	21	0	0	0	0	117.918	425
15	21	0	0	0	0	119.589	426
15	21	0	0	0	0	112.254	427
15	22	0	0	0	0	133.968	428
15	22	0	0	0	0	120.596	429
15	21	0	0	0	0	125.406	430
15	21	0	0	0	0	129.867	431
15	21	0	0	0	0	126.161	432
15	21	0	0	0	0	118.006	433
15	21	0	0	0	0	126.744	434
15	21	0	0	0	0	118.159	435
17	21	0	0	0	0	103.572	436
17	21	0	0	0	0	121.351	437
17	21	0	0	0	0	125.911	438
17	20	0	0	0	0	130.977	439
17	20	0	0	0	0	126.447	440
17	20	0	0	0	0	130.84	441
17	20	0	0	0	0	111.16	442
17	20	0	0	0	0	123.83	443
17	20	0	0	0	0	125.714	444
17	20	0	0	0	0	125.776	445
17	20	0	0	0	0	127.474	446
17	20	0	0	0	0	123.962	447
17	20	0	0	0	0	106.237	448
17	19	0	0	0	0	123.755	449
18	18	0	0	0	0	111.227	450
18	17	0	0	0	0	111.276	451
18	17	0	0	0	0	112.649	452
18	17	0	0	0	0	117.359	453
18	16	0	0	0	0	114.581	454
18	16	0	0	0	0	114.786	455
18	15	0	0	0	0	108.355	456
19	15	0	0	0	0	114.102	457
19	15	0	0	0	0	108.215	458
19	14	0	0	0	0	109.469	459
19	14	0	0	0	0	112.44	460
19	14	0	0	0	0	112.429	461
18	14	0	0	0	0	106.538	462
18	14	0	0	0	0	110.889	463
18	14	0	0	0	0	99.7152	464
18	14	0	0	0	0	89.321	465
18	14	0	0	0	0	93.0195	466
18	14	0	0	0	0	103.678	467
18	12	0	0	0	0	102.849	468
17	12	0	0	0	0	85.6371	469
17	10	0	0	0	0	90.624	470
17	10	0	0	0	0	86.512	471
17	10	0	0	0	0	95.325	472
17	10	0	0	0	0	83.3891	473
18	9	0	0	0	0	88.9004	474
18	10	0	0	0	0	90.5532	475
18	8	0	0	0	0	88.0757	476
18	8	0	0	0	0	83.6006	477
19	8	0	0	0	0	86.8621	478
19	8	0	0	0	0	87.2301	479
20	8	0	0	0	0	93.6597	480
20	8	0	0	0	0	91.9982	481
20	8	0	0	0	0	97.9215	482
20	8	0	0	0	0	86.6708	483
19	6	0	0	0	0	87.2266	484
19	6	0	0	0	0	78.1445	485
19	6	0	0	0	0	84.2692	486
19	6	0	0	0	0	83.6191	487
19	6	0	0	0	0	78.8944	488
19	6	0	0	0	0	77.6184	489
19	6	0	0	0	0	82.7123	490
19	6	0	0	0	0	81.0603	491
20	5	0	0	0	0	79.0779	492
20	5	0	0	0	0	84.5353	493
20	5	0	0	0	0	85.0895	494
21	5	0	0	0	0	92.7718	495
23	5	0	0	0	0	85.6879	496
22	5	0	0	0	0	86.6617	497
22	5	0	0	0	0	93.366	498
22	5	0	0	0	0	91.1924	499
22	5	0	0	0	0	87.1845	500
22	6	0	0	0	0	85.6846	501
22	6	0	0	0	0	96.9398	502
22	6	0	0	0	0	85.7462	503
21	6	0	0	0	0	83.5283	504
22	5	0	0	0	0	80.9883	505
22	5	0	0	0	0	84.6138	506
21	5	0	0	0	0	84.0473	507
21	5	0	0	0	0	84.0473	508
21	5	0	0	0	0	82.5137	509
19	5	0	0	0	0	75.9754	510
19	5	0	0	0	0	78.0299	511
19	5	0	0	0	0	70.0078	512
19	5	0	0	0	0	82.7642	513
19	5	0	0	0	0	75.6204	514
19	4	0	0	0	0	61.0992	515
19	3	0	0	0	0	62.2054	516
20	3	0	0	0	0	69.4719	517
20	3	0	0	0	0	69.3244	518
20	2	0	0	0	0	64.4593	519
20	2	0	0	0	0	69.8545	520
20	2	0	0	0	0	62.5195	521
20	1	0	0	0	0	69.2314	522
20	1	0	0	0	0	66.2765	523
21	1	0	0	0	0	68.5537	524
21	1	0	0	0	0	73.0096	525
21	1	0	0	0	0	77.2057	526
22	1	0	0	0	0	79.1315	527
22	1	0	0	0	0	71.8693	528
22	2	0	0	0	0	61.7878	529
22	3	0	0	0	0	77.1883	530
22	3	0	0	0	0	85.2464	531
22	4	0	0	0	0	82.7874	532
22	4	0	0	0	0	77.7261	533
23	4	0	0	0	0	81.2476	534
23	4	0	0	0	0	77.0403	535
23	5	0	0	0	0	77.3015	536
23	5	0	0	0	0	73.6143	537
23	6	0	0	0	0	96.71	538
22	6	0	0	0	0	94.6053	539
22	6	0	0	0	0	90.1716	540
20	6	0	0	0	0	89.3744	541
20	6	0	0	0	0	87.9153	542
20	6	0	0	0	0	91.8958	543
20	7	0	0	0	0	86.9226	544
20	7	0	0	0	0	85.9483	545
20	7	0	0	0	0	100.596	546
20	7	0	0	0	0	90.7153	547
20	7	0	0	0	0	83.4964	548
20	7	0	0	0	0	93.4232	549
20	7	0	0	0	0	95.3423	550
20	7	0	0	0	0	90.131	551
20	7	0	0	0	0	98.9924	552
20	7	0	0	0	0	89.7346	553
20	7	0	0	0	0	98.8364	554
20	7	0	0	0	0	89.1612	555
20	8	0	0	0	0	98.6093	556
20	8	0	0	0	0	90.7532	557
20	8	0	0	0	0	97.8217	558
20	8	0	0	0	0	96.0912	559
20	8	0	0	0	0	102.843	560
20	8	0	0	0	0	95.6965	561
20	8	0	0	0	0	88.668	562
19	8	0	0	0	0	74.7054	563
19	8	0	0	0	0	76.2781	564
15	8	0	0	0	0	80.1455	565
16	8	0	0	0	0	84.4064	566
16	8	0	0	0	0	80.66	567
16	8	0	0	0	0	79.9537	568
16	8	0	0	0	0	84.4082	569
15	8	0	0	0	0	79.8699	570
15	8	0	0	0	0	65.6532	571
15	9	0	0	0	0	84.4041	572
15	9	0	0	0	0	78.9488	573
15	9	0	0	0	0	83.0881	574
16	10	0	0	0	0	84.2162	575
16	10	0	0	0	0	90.1419	576
16	14	0	0	0	0	82.0375	577
16	14	0	0	0	0	111.861	578
16	15	0	0	0	0	103.791	579
16	15	0	0	0	0	103.68	580
16	15	0	0	0	0	98.6877	581
16	17	0	0	0	0	103.198	582
16	17	0	0	0	0	101.142	583
16	17	0	0	0	0	102.407	584
16	17	0	0	0	0	104.589	585
12	17	0	0	0	0	101.588	586
12	17	0	0	0	0	104.015	587
12	17	0	0	0	0	102.159	588
12	18	0	0	0	0	105.133	589
12	18	0	0	0	0	103.206	590
12	18	0	0	0	0	100.471	591
12	18	0	0	0	0	95.8973	592
12	18	0	0	0	0	100.574	593
11	18	0	0	0	0	100.06	594
11	18	0	0	0	0	98.4773	595
11	18	0	0	0	0	91.9945	596
11	19	0	0	0	0	87.514	597
11	19	0	0	0	0	108.981	598
11	19	0	0	0	0	106.765	599
11	19	0	0	0	0	106.669	600
11	20	0	0	0	0	99.1188	601
11	20	0	0	0	0	98.544	602
11	21	0	0	0	0	109.36	603
12	21	0	0	0	0	114.274	604
13	21	0	0	0	0	118.802	605
13	22	0	0	0	0	115.227	606
13	23	0	0	0	0	118.906	607
13	23	0	0	0	0	120.016	608
13	23	0	0	0	0	120.141	609
13	23	0	0	0	0	118.242	610
13	23	0	0	0	0	135.16	611
13	23	0	0	0	0	122.275	612
12	23	0	0	0	0	116.069	613
12	23	0	0	0	0	117.985	614
12	23	0	0	0	0	131.673	615
12	23	0	0	0	0	125.773	616
12	23	0	0	0	0	115.055	617
12	23	0	0	0	0	120.835	618
11	23	0	0	0	0	122.675	619
11	22	0	0	0	0	105.53	620
11	22	0	0	0	0	114.027	621
11	21	0	0	0	0	98.0908	622
11	21	0	0	0	0	110.625	623
11	21	0	0	0	0	111.884	624
11	21	0	0	0	0	111.56	625
11	21	0	0	0	0	110.638	626
11	20	0	0	0	0	111.454	627
11	20	0	0	0	0	114.556	628
12	20	0	0	0	0	112.649	629
12	20	0	0	0	0	115.634	630
12	20	0	0	0	0	105.196	631
13	20	0	0	0	0	108.291	632
13	20	0	0	0	0	108.891	633
13	20	0	0	0	0	101.005	634
13	20	0	0	0	0	115.242	635
13	20	0	0	0	0	119.185	636
13	21	0	0	0	0	113.842	637
11	21	0	0	0	0	112.431	638
12	21	0	0	0	0	105.634	639
12	21	0	0	0	0	120.835	640
12	21	0	0	0	0	116.064	641
12	21	0	0	0	0	115.104	642
12	21	0	0	0	0	119.687	643
12	21	0	0	0	0	114.827	644
12	21	0	0	0	0	104.923	645
10	20	0	0	0	0	100.604	646
10	20	0	0	0	0	94.3463	647
9	20	0	0	0	0	93.1599	648
10	20	0	0	0	0	105.349	649
10	20	0	0	0	0	93.9477	650
10	19	0	0	0	0	91.8364	651
10	19	0	0	0	0	89.6978	652
10	19	0	0	0	0	80.297	653
10	19	0	0	0	0	82.0695	654
10	20	0	0	0	0	93.1892	655
9	19	0	0	0	0	83.2497	656
9	18	0	0	0	0	91.5634	657
9	18	0	0	0	0	90.8197	658
9	19	0	0	0	0	93.0919	659
9	19	0	0	0	0	94.5494	660
9	19	0	0	0	0	90.9529	661
9	19	0	0	0	0	89.8677	662
8	19	0	0	0	0	89.6371	663
8	19	0	0	0	0	90.3656	664
7	20	0	0	0	0	90.2929	665
7	20	0	0	0	0	83.6604	666
7	19	0	0	0	0	77.9503	667
7	19	0	0	0	0	84.4367	668
7	19	0	0	0	0	86.0135	669
7	19	0	0	0	0	82.1274	670
8	19	0	0	0	0	88.8424	671
8	19	0	0	0	0	85.3202	672
8	19	0	0	0	0	86.6157	673
8	18	0	0	0	0	81.7023	674
9	18	0	0	0	0	82.7735	675
9	18	0	0	0	0	79.641	676
9	18	0	0	0	0	80.5953	677
10	18	0	0	0	0	81.0017	678
10	18	0	0	0	0	76.8532	679
10	17	0	0	0	0	82.287	680
9	17	0	0	0	0	77.6986	681
9	16	0	0	0	0	81.067	682
9	16	0	0	0	0	79.0909	683
9	16	0	0	0	0	83.2342	684
9	15	0	0	0	0	81.1211	685
9	15	0	0	0	0	79.0545	686
9	15	0	0	0	0	75.553	687
9	14	0	0	0	0	75.9198	688
9	14	0	0	0	0	77.1911	689
9	14	0	0	0	0	78.3003	690
9	14	0	0	0	0	78.5148	691
9	14	0	0	0	0	78.2449	692
9	15	0	0	0	0	80.1449	693
9	15	0	0	0	0	82.4861	694
9	15	0	0	0	0	78.3266	695
9	15	0	0	0	0	72.918	696
9	15	0	0	0	0	75.8771	697
9	15	0	0	0	0	77.3283	698
9	14	0	0	0	0	68.7186	699
9	14	0	0	0	0	70.4393	700
9	14	0	0	0	0	77.4518	701
9	14	0	0	0	0	78.4188	702
9	14	0	0	0	0	80.1449	703
9	14	0	0	0	0	78.4748	704
9	14	0	0	0	0	73.1204	705
9	14	0	0	0	0	64.6906	706
10	14	0	0	0	0	68.9088	707
10	13	0	0	0	0	80.653	708
10	13	0	0	0	0	80.0463	709
10	14	0	0	0	0	84.4448	710
10	14	0	0	0	0	82.9548	711
10	15	0	0	0	0	82.7291	712
10	15	0	0	0	0	85.6368	713
10	15	0	0	0	0	79.024	714
10	15	0	0	0	0	81.9665	715
10	15	0	0	0	0	80.7776	716
10	16	0	0	0	0	86.6296	717
10	16	0	0	0	0	85.5691	718
10	16	0	0	0	0	88.6828	719
10	16	0	0	0	0	74.4683	720
10	15	0	0	0	0	80.1586	721
10	15	0	0	0	0	76.533	722
11	13	0	0	0	0	76.5757	723
12	13	0	0	0	0	80.2782	724
11	12	0	0	0	0	55.6431	725
10	11	0	0	0	0	56.998	726
10	9	0	0	0	0	65.6399	727
10	9	0	0	0	0	60.0593	728
10	9	0	0	0	0	62.3798	729
10	9	0	0	0	0	64.0338	730
10	9	0	0	0	0	56.8293	731
10	8	0	0	0	0	57.4578	732
10	8	0	0	0	0	60.1264	733
10	8	0	0	0	0	62.0832	734
10	9	0	0	0	0	59.3025	735
10	9	0	0	0	0	60.6017	736
10	10	0	0	0	0	64.3062	737
10	10	0	0	0	0	63.0555	738
10	10	0	0	0	0	63.9188	739
10	10	0	0	0	0	59.0385	740
10	9	0	0	0	0	64.578	741
10	9	0	0	0	0	61.3089	742
10	9	0	0	0	0	65.5759	743
10	9	0	0	0	0	58.2701	744
10	9	0	0	0	0	57.7962	745
10	9	0	0	0	0	57.4979	746
10	11	0	0	0	0	60.4976	747
10	11	0	0	0	0	56.0591	748
10	11	0	0	0	0	57.5489	749
10	11	0	0	0	0	54.7859	750
10	11	0	0	0	0	57.237	751
10	11	0	0	0	0	61.8298	752
9	11	0	0	0	0	68.1324	753
9	11	0	0	0	0	65.4165	754
9	11	0	0	0	0	64.6536	755
9	11	0	0	0	0	64.8836	756
9	11	0	0	0	0	63.8884	757
9	11	0	0	0	0	67.7699	758
9	11	0	0	0	0	64.8853	759
9	10	0	0	0	0	63.6537	760
9	10	0	0	0	0	65.8483	761
9	10	0	0	0	0	65.3255	762
9	10	0	0	0	0	62.5505	763
9	10	0	0	0	0	65.7751	764
9	10	0	0	0	0	67.7307	765
9	10	0	0	0	0	56.1097	766
10	10	0	0	0	0	65.8191	767
10	10	0	0	0	0	72.279	768
10	10	0	0	0	0	72.6247	769
10	11	0	0	0	0	64.3841	770
10	11	0	0	0	0	67.3485	771
10	11	0	0	0	0	66.0962	772
10	11	0	0	0	0	69.5276	773
10	11	0	0	0	0	60.0448	774
10	11	0	0	0	0	76.1729	775
10	11	0	0	0	0	71.4049	776
10	11	0	0	0	0	70.2068	777
10	11	0	0	0	0	73.8632	778
10	11	0	0	0	0	73.4969	779
10	12	0	0	0	0	76.6221	780
11	12	0	0	0	0	62.2263	781
10	12	0	0	0	0	67.9959	782
10	12	0	0	0	0	67.0396	783
10	12	0	0	0	0	69.84	784
10	12	0	0	0	0	73.0898	785
10	12	0	0	0	0	75.9706	786
14	11	0	0	0	0	62.8238	787
14	11	0	0	0	0	65.8104	788
12	11	0	0	0	0	58.7887	789
12	11	0	0	0	0	52.8321	790
12	11	0	0	0	0	79.571	791
12	11	0	0	0	0	75.67	792
12	11	0	0	0	0	81.1611	793
12	11	0	0	0	0	78.1589	794
12	12	0	0	0	0	74.2796	795
12	12	0	0	0	0	78.1288	796
12	12	0	0	0	0	72.0051	797
12	12	0	0	0	0	64.4881	798
10	12	0	0	0	0	69.9513	799
10	12	0	0	0	0	73.991	800
10	12	0	0	0	0	77.2783	801
10	13	0	0	0	0	71.6202	802
8	13	0	0	0	0	67.3379	803
8	13	0	0	0	0	72.966	804
8	13	0	0	0	0	68.5409	805
8	13	0	0	0	0	67.51	806
8	13	0	0	0	0	65.7251	807
8	13	0	0	0	0	69.1421	808
8	13	0	0	0	0	67.7977	809
8	13	0	0	0	0	67.4281	810
8	13	0	0	0	0	66.5232	811
8	13	0	0	0	0	63.8677	812
8	14	0	0	0	0	73.9578	813
8	14	0	0	0	0	74.1886	814
8	14	0	0	0	0	70.5447	815
8	14	0	0	0	0	73.9165	816
8	14	0	0	0	0	68.8255	817
9	14	0	0	0	0	68.9029	818
9	14	0	0	0	0	75.6547	819
9	14	0	0	0	0	76.861	820
9	14	0	0	0	0	64.1157	821
10	14	0	0	0	0	67.5972	822
10	13	0	0	0	0	70.2961	823
10	13	0	0	0	0	70.7013	824
10	13	0	0	0	0	72.4017	825
9	13	0	0	0	0	71.453	826
9	13	0	0	0	0	73.8023	827
10	15	0	0	0	0	67.4856	828
10	15	0	0	0	0	64.2837	829
10	15	0	0	0	0	65.825	830
10	15	0	0	0	0	60.6275	831
10	14	0	0	0	0	62.0695	832
10	14	0	0	0	0	64.2221	833
10	14	0	0	0	0	63.9775	834
10	14	0	0	0	0	64.7694	835
10	14	0	0	0	0	77.109	836
10	13	0	0	0	0	70.6701	837
10	13	0	0	0	0	71.8478	838
10	13	0	0	0	0	70.8629	839
10	13	0	0	0	0	73.4119	840
10	13	0	0	0	0	67.7526	841
10	13	0	0	0	0	66.2836	842
10	12	0	0	0	0	70.1943	843
10	11	0	0	0	0	70.9788	844
10	11	0	0	0	0	70.9553	845
10	12	0	0	0	0	69.6277	846
10	12	0	0	0	0	67.3162	847
10	12	0	0	0	0	69.7345	848
11	12	0	0	0	0	73.4474	849
11	12	0	0	0	0	67.8804	850
11	11	0	0	0	0	62.754	851
11	11	0	0	0	0	69.2494	852
11	11	0	0	0	0	74.9051	853
12	11	0	0	0	0	70.7782	854
12	11	0	0	0	0	69.0761	855
12	11	0	0	0	0	75.4901	856
11	11	0	0	0	0	73.3017	857
11	11	0	0	0	0	77.1365	858
11	11	0	0	0	0	62.7391	859
12	11	0	0	0	0	66.2957	860
12	11	0	0	0	0	67.0879	861
12	11	0	0	0	0	66.9588	862
12	10	0	0	0	0	79.5698	863
13	10	0	0	0	0	75.62	864
13	10	0	0	0	0	75.3356	865
13	10	0	0	0	0	76.8124	866
13	10	0	0	0	0	67.1567	867
13	10	0	0	0	0	75.3356	868
13	10	0	0	0	0	73.1635	869
13	10	0	0	0	0	74.6262	870
13	9	0	0	0	0	70.313	871
13	9	0	0	0	0	66.5151	872
12	9	0	0	0	0	65.9196	873
12	9	0	0	0	0	61.0233	874
12	9	0	0	0	0	61.9291	875
11	9	0	0	0	0	64.5116	876
12	9	0	0	0	0	58.702	877
13	10	0	0	0	0	65.99	878
13	10	0	0	0	0	63.5055	879
13	11	0	0	0	0	72.7509	880
13	11	0	0	0	0	70.1479	881
13	12	0	0	0	0	75.7739	882
13	12	0	0	0	0	76.9041	883
13	11	0	0	0	0	79.73	884
13	11	0	0	0	0	82.0451	885
13	11	0	0	0	0	74.5958	886
13	11	0	0	0	0	77.4604	887
13	11	0	0	0	0	87.5274	888
13	11	0	0	0	0	78.603	889
13	11	0	0	0	0	77.6239	890
13	11	0	0	0	0	78.1943	891
12	11	0	0	0	0	72.4134	892
12	11	0	0	0	0	80.7953	893
12	11	0	0	0	0	77.0887	894
13	11	0	0	0	0	77.5792	895
13	11	0	0	0	0	80.6186	896
13	11	0	0	0	0	84.3985	897
13	11	0	0	0	0	74.8307	898
13	11	0	0	0	0	83.5981	899
14	11	0	0	0	0	63.3264	900
14	11	0	0	0	0	85.6704	901
14	11	0	0	0	0	78.5345	902
14	11	0	0	0	0	91.6197	903
15	11	0	0	0	0	70.8413	904
16	12	0	0	0	0	75.9634	905
17	12	0	0	0	0	72.0833	906
16	12	0	0	0	0	75.9527	907
17	11	0	0	0	0	87.4587	908
17	11	0	0	0	0	91.8201	909
18	11	0	0	0	0	91.5086	910
18	11	0	0	0	0	88.0692	911
18	11	0	0	0	0	95.0232	912
18	11	0	0	0	0	91.6	913
19	11	0	0	0	0	87.4089	914
18	11	0	0	0	0	88.9574	915
18	11	0	0	0	0	95.373	916
18	11	0	0	0	0	100.817	917
19	11	0	0	0	0	104.116	918
19	11	0	0	0	0	94.5027	919
19	11	0	0	0	0	101.362	920
20	11	0	0	0	0	101.299	921
20	11	0	0	0	0	92.3582	922
20	11	0	0	0	0	105.312	923
20	11	0	0	0	0	114.75	924
20	11	0	0	0	0	103.627	925
20	11	0	0	0	0	95.6897	926
20	11	0	0	0	0	109.825	927
20	13	0	0	0	0	109.256	928
20	13	0	0	0	0	107.141	929
20	13	0	0	0	0	103.981	930
20	13	0	0	0	0	117.834	931
20	13	0	0	0	0	107.561	932
20	14	0	0	0	0	116.547	933
20	14	0	0	0	0	114.849	934
20	14	0	0	0	0	111.479	935
20	14	0	0	0	0	95.0586	936
16	14	0	0	0	0	94.5193	937
17	15	0	0	0	0	103.44	938
17	14	0	0	0	0	106.162	939
17	14	0	0	0	0	102.338	940
17	15	0	0	0	0	104.141	941
17	16	0	0	0	0	111.947	942
17	17	0	0	0	0	110.045	943
17	17	0	0	0	0	107.85	944
18	17	0	0	0	0	98.9571	945
18	16	0	0	0	0	94.0293	946
18	16	0	0	0	0	119.706	947
18	16	0	0	0	0	122.451	948
18	16	0	0	0	0	107.242	949
18	16	0	0	0	0	118.81	950
18	16	0	0	0	0	126.597	951
18	16	0	0	0	0	113.865	952
18	16	0	0	0	0	118.443	953
18	16	0	0	0	0	117.923	954
19	16	0	0	0	0	125.186	955
19	16	0	0	0	0	117.496	956
19	16	0	0	0	0	117.263	957
19	16	0	0	0	0	113.327	958
21	17	0	0	0	0	114.966	959
21	17	0	0	0	0	136.315	960
21	17	0	0	0	0	129.971	961
21	17	0	0	0	0	129.963	962
21	16	0	0	0	0	122.609	963
21	16	0	0	0	0	127.585	964
21	16	0	0	0	0	123.689	965
21	16	0	0	0	0	130.152	966
21	16	0	0	0	0	118.871	967
20	16	0	0	0	0	123.472	968
20	16	0	0	0	0	118.32	969
20	16	0	0	0	0	127.66	970
20	16	0	0	0	0	127.872	971
20	16	0	0	0	0	135.059	972
20	16	0	0	0	0	119.877	973
20	16	0	0	0	0	130.868	974
20	16	0	0	0	0	121.638	975
20	16	0	0	0	0	110.615	976
20	16	0	0	0	0	123.909	977
20	14	0	0	0	0	125.663	978
20	14	0	0	0	0	119.606	979
21	14	0	0	0	0	113.943	980
21	14	0	0	0	0	112.965	981
21	14	0	0	0	0	110.371	982
19	14	0	0	0	0	116.493	983
19	14	0	0	0	0	108.662	984
19	14	0	0	0	0	111.139	985
19	14	0	0	0	0	115.504	986
19	14	0	0	0	0	110.179	987
17	14	0	0	0	0	98.7195	988
17	14	0	0	0	0	97.1726	989
17	13	0	0	0	0	97.8764	990
17	13	0	0	0	0	86.0294	991
17	13	0	0	0	0	91.699	992
17	13	0	0	0	0	87.6401	993
16	13	0	0	0	0	86.5147	994
15	13	0	0	0	0	86.6864	995
15	12	0	0	0	0	93.3582	996
15	12	0	0	0	0	88.0315	997
15	12	0	0	0	0	98.4766	998
15	12	0	0	0	0	97.4462	999
15	12	0	0	0	0	91.008	1000
15	12	0	0	0	0	96.9101	1001
15	12	0	0	0	0	88.7432	1002
15	12	0	0	0	0	86.9271	1003
15	12	0	0	0	0	88.7696	1004
15	12	0	0	0	0	87.6859	1005
14	12	0	0	0	0	88.2377	1006
14	12	0	0	0	0	88.621	1007
14	12	0	0	0	0	80.6753	1008
14	11	0	0	0	0	77.0023	1009
14	11	0	0	0	0	81.4362	1010
14	11	0	0	0	0	81.8374	1011
16	12	0	0	0	0	73.519	1012
15	12	0	0	0	0	83.7762	1013
14	12	0	0	0	0	75.4982	1014
14	12	0	0	0	0	78.7244	1015
14	11	0	0	0	0	71.1098	1016
14	11	0	0	0	0	79.875	1017
14	11	0	0	0	0	72.6771	1018
14	11	0	0	0	0	75.0047	1019
14	11	0	0	0	0	74.3737	1020
14	11	0	0	0	0	67.8232	1021
14	11	0	0	0	0	64.5364	1022
14	12	0	0	0	0	67.5144	1023
14	10	0	0	0	0	69.0992	1024
13	10	0	0	0	0	71.1961	1025
13	10	0	0	0	0	59.7797	1026
13	11	0	0	0	0	78.969	1027
13	11	0	0	0	0	73.7001	1028
14	11	0	0	0	0	79.3791	1029
14	12	0	0	0	0	82.4607	1030
14	12	0	0	0	0	85.5283	1031
14	12	0	0	0	0	83.398	1032
14	12	0	0	0	0	89.9561	1033
14	13	0	0	0	0	88.7125	1034
14	13	0	0	0	0	86.634	1035
14	13	0	0	0	0	90.8157	1036
14	13	0	0	0	0	78.25	1037
14	13	0	0	0	0	92.4026	1038
14	13	0	0	0	0	83.4013	1039
14	12	0	0	0	0	88.8461	1040
14	12	0	0	0	0	86.8317	1041
14	13	0	0	0	0	81.9101	1042
15	13	0	0	0	0	87.4627	1043
15	13	0	0	0	0	87.8597	1044
13	13	0	0	0	0	78.7076	1045
13	13	0	0	0	0	82.5267	1046
12	14	0	0	0	0	79.7624	1047
12	15	0	0	0	0	89.0836	1048
12	15	0	0	0	0	83.3717	1049
11	15	0	0	0	0	83.2437	1050
11	15	0	0	0	0	82.1197	1051
11	15	0	0	0	0	89.65	1052
11	15	0	0	0	0	79.03	1053
11	17	0	0	0	0	80.2994	1054
11	16	0	0	0	0	89.8085	1055
11	16	0	0	0	0	89.8346	1056
11	16	0	0	0	0	91.6679	1057
11	16	0	0	0	0	94.9573	1058
11	16	0	0	0	0	93.5103	1059
12	16	0	0	0	0	93.3471	1060
12	16	0	0	0	0	93.2669	1061
12	15	0	0	0	0	88.9914	1062
12	15	0	0	0	0	84.4899	1063
10	15	0	0	0	0	81.0041	1064
10	15	0	0	0	0	80.5893	1065
10	15	0	0	0	0	85.2523	1066
10	15	0	0	0	0	90.5528	1067
10	15	0	0	0	0	84.9381	1068
10	15	0	0	0	0	83.0765	1069
10	14	0	0	0	0	76.8198	1070
10	13	0	0	0	0	81.0991	1071
10	13	0	0	0	0	71.2123	1072
10	14	0	0	0	0	77.1328	1073
10	14	0	0	0	0	79.1649	1074
10	14	0	0	0	0	78.7486	1075
10	14	0	0	0	0	80.6483	1076
10	14	0	0	0	0	74.2091	1077
10	13	0	0	0	0	78.584	1078
10	13	0	0	0	0	80.9811	1079
11	13	0	0	0	0	74.2272	1080
11	13	0	0	0	0	73.026	1081
11	13	0	0	0	0	70.0831	1082
11	13	0	0	0	0	77.2978	1083
11	13	0	0	0	0	72.2858	1084
11	13	0	0	0	0	70.7475	1085
11	13	0	0	0	0	75.3597	1086
10	13	0	0	0	0	72.6711	1087
10	14	0	0	0	0	79.7077	1088
10	14	0	0	0	0	73.8196	1089
11	14	0	0	0	0	80.986	1090
11	14	0	0	0	0	75.7355	1091
11	13	0	0	0	0	78.8674	1092
11	13	0	0	0	0	77.0766	1093
11	12	0	0	0	0	83.1056	1094
11	12	0	0	0	0	77.6657	1095
11	13	0	0	0	0	71.5358	1096
11	12	0	0	0	0	76.0801	1097
11	12	0	0	0	0	77.287	1098
11	12	0	0	0	0	77.2416	1099
12	13	0	0	0	0	79.9039	1100
12	13	0	0	0	0	90.5841	1101
12	13	0	0	0	0	86.639	1102
12	13	0	0	0	0	86.4367	1103
12	13	0	0	0	0	84.4457	1104
12	13	0	0	0	0	85.9369	1105
12	14	0	0	0	0	85.2668	1106
12	14	0	0	0	0	83.5746	1107
12	14	0	0	0	0	82.0496	1108
10	14	0	0	0	0	76.8106	1109
10	14	0	0	0	0	72.0193	1110
10	14	0	0	0	0	81.9716	1111
10	14	0	0	0	0	87.4952	1112
10	14	0	0	0	0	77.9165	1113
10	15	0	0	0	0	85.2706	1114
10	15	0	0	0	0	85.6557	1115
10	15	0	0	0	0	81.8211	1116
10	15	0	0	0	0	85.5291	1117
10	15	0	0	0	0	89.4415	1118
10	15	0	0	0	0	87.1288	1119
10	15	0	0	0	0	78.4391	1120
10	15	0	0	0	0	79.8387	1121
10	15	0	0	0	0	86.6529	1122
10	15	0	0	0	0	88.5837	1123
10	15	0	0	0	0	90.5413	1124
10	15	0	0	0	0	82.2391	1125
10	15	0	0	0	0	82.5503	1126
10	15	0	0	0	0	83.7897	1127
10	15	0	0	0	0	83.2902	1128
10	15	0	0	0	0	84.9902	1129
10	15	0	0	0	0	83.4297	1130
10	15	0	0	0	0	77.2523	1131
11	15	0	0	0	0	73.0399	1132
11	15	0	0	0	0	81.4873	1133
11	15	0	0	0	0	82.5503	1134
11	15	0	0	0	0	95.6319	1135
12	15	0	0	0	0	77.5181	1136
12	15	0	0	0	0	91.1296	1137
12	15	0	0	0	0	94.247	1138
12	15	0	0	0	0	98.1622	1139
12	15	0	0	0	0	94.3964	1140
12	15	0	0	0	0	94.1484	1141
12	15	0	0	0	0	93.5581	1142
12	15	0	0	0	0	86.6319	1143
15	15	0	0	0	0	90.8792	1144
15	15	0	0	0	0	84.2853	1145
15	15	0	0	0	0	107.957	1146
15	15	0	0	0	0	106.729	1147
14	16	0	0	0	0	97.4089	1148
14	16	0	0	0	0	100.228	1149
14	16	0	0	0	0	99.0617	1150
14	16	0	0	0	0	102.608	1151
14	16	0	0	0	0	104.402	1152
14	21	0	0	0	0	96.9279	1153
15	21	0	0	0	0	117.341	1154
15	21	0	0	0	0	115.092	1155
14	20	0	0	0	0	118.724	1156
14	20	0	0	0	0	109.35	1157
14	20	0	0	0	0	110.719	1158
14	21	0	0	0	0	116.114	1159
14	22	0	0	0	0	123.026	1160
14	21	0	0	0	0	111.405	1161
12	21	0	0	0	0	108.422	1162
12	21	0	0	0	0	108.532	1163
12	21	0	0	0	0	119.537	1164
12	21	0	0	0	0	116.873	1165
13	23	0	0	0	0	117.447	1166
13	23	0	0	0	0	109.969	1167
13	23	0	0	0	0	116.119	1168
13	23	0	0	0	0	109.211	1169
13	22	0	0	0	0	122.681	1170
13	22	0	0	0	0	113.17	1171
13	22	0	0	0	0	113.719	1172
13	22	0	0	0	0	111.996	1173
13	22	0	0	0	0	121.206	1174
12	22	0	0	0	0	105.524	1175
12	22	0	0	0	0	107.914	1176
12	21	0	0	0	0	109.241	1177
12	21	0	0	0	0	111.002	1178
12	21	0	0	0	0	99.9487	1179
13	21	0	0	0	0	113.754	1180
13	21	0	0	0	0	113.537	1181
13	21	0	0	0	0	114.194	1182
13	22	0	0	0	0	127.068	1183
13	22	0	0	0	0	112.921	1184
13	22	0	0	0	0	117.518	1185
14	22	0	0	0	0	121.254	1186
14	21	0	0	0	0	122.952	1187
14	21	0	0	0	0	124.694	1188
14	21	0	0	0	0	119.691	1189
14	21	0	0	0	0	117.768	1190
14	21	0	0	0	0	110.506	1191
14	21	0	0	0	0	123.219	1192
14	20	0	0	0	0	115.671	1193
14	20	0	0	0	0	113.879	1194
14	20	0	0	0	0	121.781	1195
15	20	0	0	0	0	126.509	1196
15	20	0	0	0	0	114.235	1197
15	20	0	0	0	0	127.659	1198
15	20	0	0	0	0	98.0218	1199
15	20	0	0	0	0	118.638	1200
16	20	0	0	0	0	120.918	1201
16	20	0	0	0	0	132.615	1202
16	21	0	0	0	0	118.049	1203
16	20	0	0	0	0	117.51	1204
15	20	0	0	0	0	126.27	1205
16	20	0	0	0	0	124.408	1206
16	20	0	0	0	0	120.035	1207
16	21	0	0	0	0	131.412	1208
17	20	0	0	0	0	115.859	1209
17	20	0	0	0	0	136.739	1210
17	20	0	0	0	0	137.995	1211
17	20	0	0	0	0	121.112	1212
17	21	0	0	0	0	121.788	1213
17	21	0	0	0	0	115.479	1214
17	22	0	0	0	0	131.357	1215
17	22	0	0	0	0	130.914	1216
16	22	0	0	0	0	124.389	1217
16	23	0	0	0	0	139.542	1218
17	23	0	0	0	0	131.767	1219
17	23	0	0	0	0	133.242	1220
17	24	0	0	0	0	136.09	1221
17	24	0	0	0	0	124.221	1222
17	25	0	0	0	0	127.812	1223
18	25	0	0	0	0	144.158	1224
18	25	0	0	0	0	153.68	1225
18	25	0	0	0	0	156.171	1226
19	25	0	0	0	0	155.047	1227
19	25	0	0	0	0	146.663	1228
19	25	0	0	0	0	149.61	1229
18	25	0	0	0	0	147.238	1230
18	25	0	0	0	0	155.55	1231
17	25	0	0	0	0	147.387	1232
17	25	0	0	0	0	157.279	1233
17	25	0	0	0	0	140.651	1234
18	25	0	0	0	0	148.876	1235
18	25	0	0	0	0	148.907	1236
18	25	0	0	0	0	144.391	1237
18	24	0	0	0	0	146.818	1238
18	24	0	0	0	0	134.339	1239
15	24	0	0	0	0	136.443	1240
15	24	0	0	0	0	138.058	1241
14	23	0	0	0	0	128.715	1242
15	22	0	0	0	0	125.571	1243
15	22	0	0	0	0	127.49	1244
15	23	0	0	0	0	122.202	1245
15	23	0	0	0	0	120.665	1246
16	23	0	0	0	0	126.69	1247
17	24	0	0	0	0	135.564	1248
18	24	0	0	0	0	120.672	1249
18	24	0	0	0	0	136.076	1250
18	23	0	0	0	0	131.287	1251
18	24	0	0	0	0	137.673	1252
18	24	0	0	0	0	142.477	1253
18	23	0	0	0	0	145.546	1254
18	23	0	0	0	0	143.914	1255
18	23	0	0	0	0	141.815	1256
18	23	0	0	0	0	134.747	1257
18	23	0	0	0	0	150.942	1258
18	23	0	0	0	0	142.268	1259
18	22	0	0	0	0	123.253	1260
18	22	0	0	0	0	142.254	1261
18	22	0	0	0	0	135.186	1262
18	21	0	0	0	0	142.213	1263
19	21	0	0	0	0	142.598	1264
19	20	0	0	0	0	131.518	1265
19	20	0	0	0	0	140.832	1266
19	20	0	0	0	0	140.211	1267
19	20	0	0	0	0	126.09	1268
19	20	0	0	0	0	136.676	1269
19	20	0	0	0	0	132.255	1270
19	20	0	0	0	0	142.236	1271
19	20	0	0	0	0	139.667	1272
19	21	0	0.5	0	1	141.945	1273
19	21	0	0.5	0	1	129.082	1274
19	22	0	0.5	0	1	130.647	1275
19	22	0	0.5	0	1	140.554	1276
20	24	0	1	0	2	146.763	1277
20	24	0	1	0	2	149.834	1278
20	26	0	1.5	0	3	158.332	1279
20	27	0	1.5	0	3	147.608	1280
20	27	0	1.5	0	3	144.772	1281
18	27	0	1.5	0	3	139.893	1282
18	27	0	1.5	0	3	145.062	1283
18	27	0	1.5	0	3	146.297	1284
18	27	0	2	0	4	140.973	1285
14	27	0	2.5	0	5	146.927	1286
14	28	0	2.5	0	5	134.103	1287
14	29	0	2.5	0	5	130.161	1288
14	27	0	2.5	0	5	125.916	1289
14	26	0	2.5	0	5	126.025	1290
14	26	0	2.5	0	5	121.785	1291
14	25	0.5	2.5	1	5	127.615	1292
14	25	0.5	2.5	1	5	130.982	1293
12	25	0.5	2.5	1	5	122.939	1294
12	25	0.5	2.5	1	5	117.337	1295
12	24	0.5	2.5	1	5	127.292	1296
12	24	0.5	2.5	1	5	123.429	1297
12	24	0.5	2.5	1	5	119.994	1298
12	24	0.5	2.5	1	5	112.626	1299
12	24	0.5	2.5	1	5	115.12	1300
12	23	0.5	2.5	1	5	110.722	1301
12	23	0.5	2.5	1	5	114.836	1302
12	22	0.5	2.5	1	5	116.86	1303
13	22	0.5	2.5	1	5	106.423	1304
14	22	0.5	2.5	1	5	117.442	1305
14	22	0.5	2.5	1	5	110.162	1306
13	22	0.5	2.5	1	5	107.781	1307
13	22	0.5	2.5	1	5	112.675	1308
13	22	0.5	2.5	1	5	104.45	1309
13	20	0.5	2.5	1	5	107.9	1310
13	20	0.5	2.5	1	5	110.163	1311
14	20	0.5	2.5	1	5	111.027	1312
14	20	1	2.5	2	5	107.943	1313
14	20	1	2.5	2	5	106.112	1314
14	19	1	2	2	4	112.637	1315
14	19	1	1.5	2	3	111.699	1316
14	19	1	1.5	2	3	108.557	1317
14	18	1	2	2	4	113.313	1318
16	18	1	2	2	4	108.705	1319
16	21	1	2	2	4	111.811	1320
16	21	1	2	2	4	99.8266	1321
17	21	1	2	2	4	129.926	1322
17	21	1	2	2	4	136.169	1323
17	21	1	2	2	4	132.905	1324
17	23	1	2	2	4	128.675	1325
17	23	1	2	2	4	135.056	1326
17	23	1	2	2	4	139.411	1327
17	23	1	2	2	4	114.151	1328
16	23	1	2	2	4	120.254	1329
16	23	1	2	2	4	138.889	1330
16	23	1	2	2	4	121.522	1331
16	23	1	2	2	4	125.702	1332
16	23	1	2	2	4	131.737	1333
15	23	1	2	2	4	121.807	1334
15	23	1	2	2	4	111.474	1335
15	24	1	2	2	4	132.893	1336
15	24	1	2	2	4	140.052	1337
17	25	1	2	2	4	132.251	1338
17	25	1	2	2	4	130.408	1339
17	25	1	2	2	4	130.648	1340
17	25	1	2	2	4	129.22	1341
17	29	1	2	2	4	127.511	1342
17	30	1	2	2	4	140.913	1343
17	30	0.5	2	1	4	151.931	1344
17	30	0.5	2	1	4	159.909	1345
16	30	0.5	2	1	4	150.14	1346
16	30	0.5	2	1	4	158.067	1347
16	30	0.5	2	1	4	156.544	1348
16	29	0.5	2	1	4	158.033	1349
16	29	0.5	2	1	4	148.146	1350
16	29	0.5	2	1	4	156.804	1351
16	29	0.5	2	1	4	163.131	1352
16	29	0.5	2	1	4	156.277	1353
16	29	0.5	2	1	4	146.406	1354
16	29	0.5	2	1	4	141.116	1355
15	29	0	1	0	2	145.229	1356
15	29	0	1	0	2	143.458	1357
15	28	0	1	0	2	138.758	1358
15	28	0	1	0	2	133.959	1359
16	28	0	1	0	2	149.638	1360
16	28	0	1	0	2	154.173	1361
16	28	0	1	0	2	138.45	1362
16	29	0	1	0	2	161.327	1363
16	29	0	0.5	0	1	148.488	1364
17	31	0	0.5	0	1	153.287	1365
18	31	0	0.5	0	1	163.361	1366
18	31	0	0	0	0	167.265	1367
18	31	0	0	0	0	166.051	1368
18	31	0	0	0	0	170.04	1369
18	31	0	0	0	0	178.627	1370
19	30	0	0	0	0	166.496	1371
19	30	0	0	0	0	164.138	1372
19	29	0	0	0	0	160.491	1373
20	29	0	0	0	0	179.837	1374
20	29	0	0	0	0	171.973	1375
19	28	0	0	0	0	152.44	1376
19	28	0	0	0	0	148.665	1377
19	28	0	0	0	0	154.532	1378
19	28	0	0	0	0	157.284	1379
19	28	0	0	0	0	148.992	1380
19	28	0	0	0	0	139.559	1381
19	28	0	0	0	0	157.1	1382
18	28	0	0	0	0	147.819	1383
19	28	0	0	0	0	154.069	1384
20	27	0	0	0	0	147.509	1385
21	27	0	0	0	0	155.773	1386
21	27	0	0	0	0	158.446	1387
22	31	0	0	0	0	170.299	1388
22	31	0	0	0	0	180.363	1389
22	30	0	0	0	0	156.916	1390
23	28	0	0	0	0	165.338	1391
23	29	0	0	0	0	162.275	1392
22	29	0	0	0	0	176.805	1393
23	29	0	0	0	0	176.544	1394
24	28	0	0	0	0	170.469	1395
25	28	0	0	0	0	158.115	1396
22	28	0	0	0	0	151.906	1397
23	28	0	0	0	0	160.663	1398
22	28	0	0	0	0	162.816	1399
22	28	0	0	0	0	158.295	1400
22	28	0	0	0	0	153.068	1401
23	28	0	0	0	0	176.214	1402
23	28	0	0	0	0	173.179	1403
23	27	0	0	0	0	167.357	1404
23	26	0	0	0	0	165.586	1405
23	26	0	0	0	0	164.176	1406
22	26	0	0	0	0	170.231	1407
22	26	0	0	0	0	174.14	1408
22	26	0	0	0	0	168.24	1409
22	26	0	0	0	0	169.107	1410
22	26	0	0	0	0	157.26	1411
22	26	0	0	0	0	160.125	1412
22	24	0	0	0	0	159.409	1413
22	24	0	0	0	0	152.03	1414
22	23	0	0	0	0	135.037	1415
22	21	0	0	0	0	134.079	1416
23	19	0	0	0	0	139.714	1417
23	19	0	0	0	0	136.117	1418
22	19	0	0	0	0	141.093	1419
22	17	0	0	0	0	133.597	1420
22	17	0	0	0	0	129.533	1421
22	17	0	0	0	0	130.627	1422
23	16	0	0	0	0	140.191	1423
23	16	0	0	0	0	129.905	1424
23	16	0	0	0	0	130.296	1425
24	16	0	0	0	0	118.979	1426
24	15	0	0	0	0	136.8	1427
24	15	0	0	0	0	135.292	1428
24	15	0	0	0	0	146.458	1429
24	15	0	0	0	0	140.795	1430
24	15	0	0	0	0	132.915	1431
24	15	0	0	0	0	143.938	1432
23	15	0	0	0	0	117.446	1433
23	15	0	0	0	0	127.479	1434
23	16	0	0	0	0	128.379	1435
23	16	0	0	0	0	132.947	1436
23	15	0	0	0	0	128.185	1437
23	15	0	0	0	0	129.602	1438
23	15	0	0	0	0	137.692	1439
23	15	0	0	0	0	131.342	1440
23	15	0	0	0	0	130.678	1441
23	15	0	0	0	0	137.03	1442
23	15	0	0	0	0	133.479	1443
23	15	0	0	0	0	129.667	1444
23	15	0	0	0	0	128.073	1445
23	15	0	0	0	0	130.449	1446
23	14	0	0	0	0	136.492	1447
23	14	0	0	0	0	119.317	1448
23	14	0	0	0	0	110.679	1449
23	13	0	0	0	0	123.381	1450
23	13	0	0	0	0	131.07	1451
22	13	0	0	0	0	95.9672	1452
21	13	0	0	0	0	101.489	1453
20	13	0	0	0	0	114.884	1454
20	13	0	0	0	0	118.855	1455
20	13	0	0	0	0	113.64	1456
20	13	0	0	0	0	108.187	1457
20	13	0	0	0	0	106.712	1458
20	13	0	0	0	0	109.808	1459
20	13	0	0	0	0	104.712	1460
20	13	0	0	0	0	114.045	1461
20	13	0	0	0	0	110.655	1462
20	13	0	0	0	0	124.325	1463
20	13	0	0	0	0	106.257	1464
21	13	0	0	0	0	116.053	1465
21	13	0	0	0	0	115.583	1466
21	15	0	0	0	0	122.826	1467
21	15	0	0	0	0	130.114	1468
21	15	0	0	0	0	115.429	1469
21	14	0	0	0	0	112.148	1470
22	14	0	0	0	0	117.231	1471
22	14	0	0	0	0	111.282	1472
22	14	0	0	0	0	119.339	1473
23	14	0	0	0	0	115.678	1474
23	13	0	0	0	0	105.706	1475
23	12	0	0	0	0	116.503	1476
23	12	0	0	0	0	116.209	1477
23	12	0	0	0	0	123.342	1478
24	12	0	0	0	0	128.997	1479
24	12	0	0	0	0	125.656	1480
24	13	0	0	0	0	123.264	1481
24	13	0	0	0	0	126.056	1482
24	13	0	0	0	0	85.7172	1483
24	13	0	0	0	0	88.0286	1484
24	13	0	0	0	0	92.9568	1485
24	13	0	0	0	0	91.0378	1486
24	13	0	0.5	0	1	95.8599	1487
21	12	0.5	0.5	2	1	87.8815	1488
21	12	0.5	0.5	2	1	94.7616	1489
20	12	0.5	0.5	2	1	96.2899	1490
20	12	0.5	0.5	2	1	93.0578	1491
20	9	0.5	0.5	2	1	95.7862	1492
20	8	0.5	0.5	2	1	95.6999	1493
20	8	0.5	0.5	2	1	79.7254	1494
20	7	0.5	0.5	2	1	93.1686	1495
20	7	0.5	0.5	2	1	92.7211	1496
20	7	0.5	0.5	2	1	89.574	1497
20	7	0.5	0.5	2	1	99.0517	1498
20	7	0.5	0.5	2	1	90.618	1499
20	7	0.5	0.75	2	2	90.6471	1500
20	9	0.5	0.75	2	2	99.7044	1501
21	9	0.5	0.75	2	2	98.4248	1502
21	9	0.5	0.75	2	2	95.5775	1503
21	9	0.5	0.75	2	2	102.387	1504
21	9	0.5	0.75	2	2	101.502	1505
21	9	0.5	0.75	2	2	102.559	1506
22	9	0.5	0.75	2	2	100.547	1507
22	9	0.5	0.75	2	2	105.306	1508
20	9	0.5	0.75	2	2	98.6585	1509
22	9	0.75	0.75	3	2	91.2988	1510
21	9	0.75	0.75	3	2	91.4071	1511
22	10	0.75	0.75	3	2	96.0702	1512
22	10	0.75	0.75	3	2	85.4468	1513
23	10	0.75	0.75	3	2	94.3021	1514
23	9	1	0.75	4	2	97.2224	1515
21	9	1	0.75	4	2	95.1536	1516
21	9	1.5	0.75	5	2	90.3725	1517
21	8	1.5	0.75	5	2	92.2822	1518
20	8	1.5	0.75	5	2	86.8263	1519
19	8	1.5	0.75	5	2	92.6751	1520
19	9	1.5	0.75	5	2	91.3423	1521
18	9	1.5	0.75	5	2	83.3348	1522
17	9	1.5	0.75	5	2	92.1222	1523
17	9	1.5	0.75	5	2	81.9722	1524
17	9	1.5	0.75	5	2	90.5353	1525
17	9	1.5	0.75	5	2	83.7058	1526
17	9	1.5	0.75	5	2	91.5352	1527
17	9	1.5	0.75	5	2	83.1247	1528
17	9	1.5	0.75	5	2	87.2095	1529
17	8	1.5	0.75	5	2	84.8206	1530
17	8	1.5	0.75	5	2	74.8032	1531
17	8	1.5	0.75	5	2	86.2821	1532
17	9	1.25	0.75	4	2	75.5535	1533
17	9	1.25	0.75	4	2	70.5104	1534
16	9	1.25	0.75	4	2	68.2639	1535
15	9	1.25	0.75	4	2	71.8849	1536
14	7	1.75	0.75	5	2	60.2106	1537
13	8	1.5	0.75	4	2	67.2554	1538
13	8	1.5	0.75	4	2	72.8303	1539
13	8	1.5	0.75	4	2	65.5488	1540
12	8	1.5	0.75	4	2	68.9094	1541
12	8	1.5	0.75	4	2	52.3261	1542
12	8	1.5	0.75	4	2	66.0477	1543
12	9	1.5	0.75	4	2	61.0946	1544
12	9	1.5	0.75	4	2	62.7242	1545
11	9	1.5	0.75	4	2	59.9254	1546
11	9	1.5	0.75	4	2	67.5974	1547
11	9	1.5	0.75	4	2	53.5283	1548
11	10	1.5	0.5	4	1	67.6512	1549
11	10	1.25	0.5	3	1	64.1579	1550
11	10	1.25	0.5	3	1	67.5437	1551
11	10	1.25	0.5	3	1	60.1625	1552
11	10	1.25	0.5	3	1	65.4565	1553
11	10	1.25	0.5	3	1	56.0856	1554
11	10	1.25	0.5	3	1	68.8959	1555
10	10	1	0.5	2	1	63.4296	1556
10	10	1	0.5	2	1	60.3313	1557
9	10	1	0.5	2	1	50.8375	1558
9	10	1	0.5	2	1	64.1018	1559
9	10	1	0.5	2	1	61.6643	1560
9	10	1	0.5	2	1	64.5298	1561
9	10	1	0.5	2	1	46.8697	1562
9	10	1.5	0.5	3	1	64.7103	1563
9	10	2.5	0.5	5	1	58.7529	1564
9	10	4	0.5	8	1	57.6124	1565
9	11	4	0.5	8	1	48.7688	1566
9	12	4	0.5	8	1	63.6611	1567
9	12	4	0.5	8	1	66.8568	1568
9	12	4	0.5	8	1	71.6423	1569
9	12	4	0.5	8	1	73.031	1570
9	12	4	0.5	8	1	64.5869	1571
10	13	4	0	8	0	66.3749	1572
10	13	4	0	8	0	71.7315	1573
10	13	4	0	8	0	65.396	1574
10	13	4	0	8	0	73.5536	1575
10	13	4	0	8	0	72.4203	1576
10	13	4	0	8	0	74.8711	1577
10	13	4	0	8	0	68.8761	1578
10	13	4	0	8	0	71.1428	1579
10	13	3.5	0	7	0	69.1978	1580
10	13	3	0	6	0	67.3644	1581
10	13	3	0	6	0	68.7799	1582
9	14	3	0	6	0	69.4192	1583
9	14	3	0	6	0	71.9386	1584
9	14	3	0	6	0	68.569	1585
9	14	3	0	6	0	70.9044	1586
9	14	3	0	6	0	73.7307	1587
9	14	3	0	6	0	80.5583	1588
9	14	3	0	6	0	78.7898	1589
9	14	3	0	6	0	75.7263	1590
9	14	3	0	6	0	73.1538	1591
9	14	3	0	6	0	74.5528	1592
9	14	3	0	6	0	75.3381	1593
9	14	3	0	6	0	65.1144	1594
10	14	3	0	6	0	70.2319	1595
10	14	3	0	6	0	75.3152	1596
10	14	3	0	6	0	79.8966	1597
10	14	3	0	6	0	74.9899	1598
10	14	3	0	6	0	80.4873	1599
11	14	3	0	6	0	78.9061	1600
11	14	3	0	6	0	78.7892	1601
12	14	3	0	6	0	88.9247	1602
12	14	3	0	6	0	78.9995	1603
13	14	3	0	6	0	81.8124	1604
13	14	2.5	0	5	0	82.0107	1605
13	14	2.5	0	5	0	83.9646	1606
16	14	2.5	0	5	0	85.5823	1607
16	14	2.5	0	5	0	84.5639	1608
16	14	2.5	0	5	0	87.3927	1609
16	14	2.5	0	5	0	87.9293	1610
15	12	0.5	0	1	0	82.6043	1611
16	12	0.5	0	1	0	87.3661	1612
0	0	0	0	0	0	nan	1613
0	0	0	0	0	0	nan	1614
0	0	0	0	0	0	nan	1615
0	0	0	0	0	0	nan	1616
0	0	0	0	0	0	nan	1617
0	0	0	0	0	0	nan	1618
0	0	0	0	0	0	nan	1619
0	0	0	0	0	0	nan	1620
0	0	0	0	0	0	nan	1621
0	0	0	0	0	0	nan	1622
0	0	0	0	0	0	nan	1623
0	0	0	0	0	0	nan	1624
0	0	0	0	0	0	nan	1625
0	0	0	0	0	0	nan	1626
0	0	0	0	0	0	nan	1627
0	0	0	0	0	0	nan	1628
0	0	0	0	0	0	nan	1629
0	0	0	0	0	0	nan	1630
0	0	0	0	0	0	nan	1631
0	0	0	0	0	0	nan	1632
0	0	0	0	0	0	nan	1633
0	0	0	0	0	0	nan	1634
