unique_top_cov	unique_bot_cov	redundant_top_cov	redundant_bot_cov	raw_redundant_top_cov	raw_redundant_bot_cov	e_value	position
0	1	0	0	0	0	nan	1
0	1	0	0	0	0	nan	2
0	1	0	0.333333	0	1	-5.16743	3
0	1	0	0.333333	0	1	-5.16609	4
0	2	0	0.666667	0	2	-5.16783	5
0	2	0	1	0	3	-5.16783	6
0	2	0	1	0	3	-1.55572	7
0	2	0	1	0	3	-1.74504	8
0	2	0	1.33333	0	4	-1.55572	9
0	2	0	1.33333	0	4	-1.42123	10
0	2	0	1.33333	0	4	-1.46096	11
0	2	0	1.33333	0	4	-1.42123	12
0	2	0	1.33333	0	4	-1.26944	13
0	2	0	1.33333	0	4	-1.26944	14
0	2	0	1.33333	0	4	-1.63676	15
0	2	0	2	0	6	-1.46096	16
0	2	0	2	0	6	-1.46096	17
0	2	0	2	0	6	-1.46096	18
0	2	0	2.33333	0	7	-1.26596	19
0	3	0	2.66667	0	8	-1.46096	20
0	3	0	2.66667	0	8	0.346049	21
0	3	0	2.66667	0	8	0.502462	22
0	3	0	2.66667	0	8	-1.71537	23
0	3	0	2.66667	0	8	0.499074	24
0	3	0	2.66667	0	8	0.305946	25
0	3	0	2.66667	0	8	0.499074	26
0	3	0	2.66667	0	8	0.305946	27
0	3	0	2.66667	0	8	0.305946	28
0	3	0	2.66667	0	8	0.492727	29
0	3	0	2.66667	0	8	0.180156	30
0	3	0	2.66667	0	8	0.305946	31
0	3	0	2.66667	0	8	0.499074	32
0	3	0	2.66667	0	8	0.346049	33
0	3	0	2.66667	0	8	0.00569825	34
1	3	0	2.66667	0	8	0.344138	35
2	3	0	2.66667	0	8	4.22392	36
2	3	0	2.66667	0	8	3.57224	37
2	3	0	2.66667	0	8	6.1911	38
2	3	0	2.66667	0	8	5.96391	39
2	3	0	2.66667	0	8	5.41896	40
3	3	0	2.66667	0	8	6.71705	41
3	3	0	2.66667	0	8	10.5963	42
3	5	0	2.33333	0	7	8.37026	43
3	5	0	2.33333	0	7	11.2259	44
3	6	0	2.33333	0	7	17.9218	45
3	6	0	2.33333	0	7	21.9541	46
3	6	0	2.33333	0	7	17.9917	47
3	6	0	2.33333	0	7	19.7934	48
3	6	0	2.33333	0	7	21.4868	49
3	6	0	2.33333	0	7	17.457	50
3	6	0	2.33333	0	7	20.9769	51
3	6	0	2.33333	0	7	20.9883	52
3	6	0	2.33333	0	7	23.458	53
3	6	0	2.33333	0	7	20.0099	54
3	8	0	2	0	6	22.5852	55
3	8	0	2	0	6	22.8093	56
3	8	0	2	0	6	23.1857	57
3	8	0	2	0	6	24.3916	58
3	8	0	2	0	6	20.4227	59
3	9	0	1.66667	0	5	21.3697	60
3	9	0	1.66667	0	5	34.8181	61
3	9	0	1.66667	0	5	36.2997	62
3	9	0	1.66667	0	5	34.0399	63
3	9	0	1.66667	0	5	34.6416	64
3	9	0	1.66667	0	5	34.0358	65
3	9	0	1.66667	0	5	35.9725	66
3	9	0	1.66667	0	5	32.4327	67
3	9	0	1.66667	0	5	35.5473	68
3	9	0	1.33333	0	4	32.1473	69
3	10	0	1.33333	0	4	36.3583	70
3	10	0	1	0	3	32.9101	71
3	11	0	0.666667	0	2	28.1631	72
4	11	0	0.666667	0	2	31.6605	73
4	11	0	0.666667	0	2	36.3281	74
4	11	0	0	0	0	37.8485	75
5	11	0	0	0	0	42.5349	76
5	11	0	0	0	0	39.6616	77
5	12	0	0	0	0	47.1641	78
5	12	0	0	0	0	45.5463	79
5	12	0	0	0	0	43.9264	80
6	12	0	0	0	0	49.8507	81
6	12	0	0	0	0	55.9628	82
6	12	0	0	0	0	50.6806	83
6	11	0	0.5	0	1	51.1075	84
6	11	0	0.5	0	1	48.0145	85
5	11	0	0.5	0	1	46.3432	86
6	11	0	0.5	0	1	50.7439	87
6	11	0	0.5	0	1	46.53	88
6	11	0	0.5	0	1	50.3445	89
6	11	0	0.5	0	1	45.2819	90
6	11	0.5	0.5	1	1	51.0478	91
7	11	0.5	0.5	1	1	51.0236	92
7	11	0.5	0.5	1	1	53.9725	93
7	11	0.5	0.5	1	1	50.9851	94
7	11	0.5	0.5	1	1	54.1293	95
7	12	0.5	0.5	1	1	49.5787	96
7	12	0.5	0.5	1	1	43.6455	97
9	12	0.5	0.5	1	1	48.8657	98
9	12	0.5	0.5	1	1	55.5131	99
9	13	0.5	0.5	1	1	53.4877	100
9	13	0.5	0.5	1	1	55.7232	101
9	13	0.5	0.5	1	1	54.255	102
9	13	0.5	0.5	1	1	38.6854	103
9	13	0.5	0.5	1	1	61.3103	104
9	13	0.5	0.5	1	1	63.5865	105
9	13	0.5	0.5	1	1	64.083	106
9	13	0.5	0.5	1	1	70.7952	107
9	13	0.5	0.5	1	1	65.3854	108
9	13	0.5	0.5	1	1	61.608	109
9	13	0.5	0.5	1	1	72.8113	110
9	13	0.5	0.5	1	1	71.0775	111
11	13	0.5	0.5	1	1	68.1409	112
12	13	0.5	0.5	1	1	81.0211	113
13	13	0.5	0.5	1	1	79.2092	114
13	13	0.5	0.5	1	1	89.7001	115
13	13	0.5	0.5	1	1	90.3379	116
13	13	0.5	0.5	1	1	81.0332	117
13	12	0.5	0.5	1	1	85.272	118
13	12	0.5	0.5	1	1	84.8904	119
14	12	0.5	0.5	1	1	84.4243	120
14	12	0.5	0.5	1	1	82.6514	121
14	12	0.5	0.5	1	1	85.8229	122
14	12	0.5	0.5	1	1	81.0314	123
15	12	0.5	0.5	1	1	90.1003	124
15	12	0.5	0.5	1	1	76.2045	125
16	13	0.5	0.5	1	1	79.9291	126
16	13	0.5	0.5	1	1	87.8697	127
17	13	0.5	0.5	1	1	99.271	128
17	13	0.5	0	1	0	98.1022	129
17	13	0	0	0	0	105.642	130
17	14	0	0	0	0	105.102	131
17	14	0	0	0	0	100.125	132
18	14	0	0	0	0	104.488	133
19	14	0	0	0	0	94.6865	134
19	14	0	0	0	0	110.019	135
19	14	0	0	0	0	120.077	136
19	14	0	0	0	0	114.131	137
19	14	0	0	0	0	105.106	138
19	14	0	0	0	0	107.057	139
19	15	0	0	0	0	115.653	140
19	15	0	0	0	0	112.346	141
19	15	0	0	0	0	114.365	142
19	15	0	0	0	0	113.429	143
19	14	0	0	0	0	105.311	144
20	14	0	0	0	0	108.12	145
20	13	0	0	0	0	109.432	146
20	13	0	0	0	0	101.192	147
20	13	0	0	0	0	110.823	148
20	13	0	0	0	0	118.652	149
20	13	0	0	0	0	119.068	150
20	13	0	0	0	0	113.12	151
20	13	0	0	0	0	118.475	152
20	13	0	0	0	0	110.252	153
20	13	0	0	0	0	110.523	154
20	14	0	0	0	0	104.643	155
20	14	0	0	0	0	118.11	156
20	14	0	0	0	0	115.151	157
20	14	0	0	0	0	107.29	158
20	13	0	0	0	0	106.768	159
20	13	0	0	0	0	116.17	160
20	13	0	0	0	0	110.827	161
20	13	0	0	0	0	102.977	162
20	13	0	0	0	0	101.05	163
20	13	0	0	0	0	114.167	164
20	13	0	0	0	0	113.28	165
20	13	0	0	0	0	113.683	166
20	13	0	0	0	0	112.053	167
20	13	0	0	0	0	106.715	168
20	13	0	0	0	0	103.537	169
20	13	0	0	0	0	120.288	170
20	13	0	0	0	0	112.734	171
20	13	0	0	0	0	112.601	172
19	12	0	0	0	0	101.221	173
19	12	0	0	0	0	97.8608	174
19	12	0	0	0	0	105.541	175
19	13	0	0	0	0	109.58	176
19	13	0	0	0	0	103.247	177
19	14	0	0	0	0	109.959	178
19	14	0	0	0	0	98.2961	179
19	14	0	0	0	0	104.69	180
19	13	0	0	0	0	102.563	181
19	13	0	0	0	0	104.693	182
19	13	0	0	0	0	97.5188	183
19	13	0	0	0	0	100.253	184
17	12	0	0	0	0	97.0975	185
16	12	0	0	0	0	96.2544	186
16	12	0	0	0	0	89.9062	187
16	13	0	0	0	0	102.475	188
17	13	0	0	0	0	100.141	189
17	13	0	0	0	0	99.8185	190
17	13	0	0	0	0	99.8203	191
18	13	0	0	0	0	102.171	192
18	13	0	0	0	0	99.3768	193
20	12	0	0	0	0	102.377	194
20	10	0	0	0	0	97.0509	195
20	10	0	0	0	0	99.6269	196
20	11	0	0	0	0	100.714	197
20	11	0	0	0	0	106.476	198
19	11	0	0	0	0	100.665	199
19	11	0	0	0	0	109.51	200
19	11	0	0	0	0	104.201	201
19	11	0	0	0	0	108.133	202
19	11	0	0	0	0	102.987	203
20	9	0	0	0	0	87.1916	204
21	9	0	0	0	0	98.5968	205
22	8	0	0	0	0	99.0734	206
23	8	0	0	0	0	94.8521	207
23	8	0	0	0	0	103.469	208
23	9	0	0	0	0	108.138	209
23	9	0	0	0	0	105.396	210
23	9	0	0	0	0	102.099	211
23	9	0	0	0	0	113.243	212
23	9	0	0	0	0	104.693	213
23	10	0	0	0	0	107.668	214
23	11	0	0	0	0	122.658	215
24	11	0	0	0	0	111.789	216
24	12	0	0	0	0	128.658	217
24	12	0	0	0	0	114.453	218
24	13	0	0	0	0	119.918	219
25	13	0	0	0	0	126.703	220
25	13	0	0	0	0	130.483	221
25	12	0	0	0	0	123.667	222
24	12	0	0	0	0	126.127	223
24	12	0	0	0	0	118.942	224
24	12	0	0	0	0	121.037	225
23	12	0	0	0	0	119.086	226
23	12	0	0	0	0	123.665	227
21	12	0	0	0	0	117.76	228
22	12	0	0	0	0	119.126	229
22	12	0	0	0	0	117.94	230
22	12	0	0	0	0	112.928	231
22	12	0	0	0	0	116.912	232
22	12	0	0	0	0	126.771	233
22	12	0	0	0	0	111.384	234
22	12	0	0	0	0	109.802	235
22	12	0	0	0	0	117.309	236
22	12	0	0	0	0	114.672	237
22	11	0	0	0	0	113.437	238
22	12	0	0	0	0	115.892	239
22	12	0	0	0	0	127.547	240
22	12	0	0	0	0	110.893	241
22	12	0	0	0	0	119.007	242
22	12	0	0	0	0	117.102	243
23	12	0	0	0	0	126.511	244
23	12	0	0	0	0	117.524	245
23	12	0	0	0	0	117.979	246
22	12	0	0	0	0	101.223	247
19	12	0	0	0	0	115.635	248
19	12	0	0	0	0	115.004	249
19	12	0	0	0	0	92.1751	250
19	11	0	0	0	0	100.51	251
19	10	0	0	0	0	95.0103	252
19	10	0	0	0	0	105.061	253
19	10	0	0	0	0	96.4014	254
19	10	0	0	0	0	101.194	255
19	10	0	0	0	0	88.9121	256
19	10	0	0	0	0	106.717	257
19	10	0	0	0	0	82.6777	258
20	10	0	0	0	0	96.3893	259
20	10	0	0	0	0	94.8456	260
20	10	0	0	0	0	104.226	261
21	10	0	0	0	0	97.5024	262
21	10	0	0	0	0	94.2119	263
20	10	0	0	0	0	107.405	264
20	10	0	0	0	0	105.237	265
20	10	0	0	0	0	103.693	266
20	10	0	0	0	0	102	267
21	9	0	0	0	0	97.0808	268
21	9	0	0	0	0	102.656	269
20	10	0	0	0	0	84.1189	270
20	8	0	0	0	0	97.6744	271
20	8	0	0	0	0	76.559	272
20	8	0	0	0	0	98.0569	273
19	8	0	0	0	0	74.6922	274
19	11	0	0	0	0	84.9232	275
19	10	0	0	0	0	89.7569	276
19	10	0	0	0	0	97.6692	277
20	9	0	0	0	0	97.862	278
20	9	0	0	0	0	93.6365	279
20	9	0	0	0	0	101.918	280
20	9	0	0	0	0	102.934	281
20	9	0	0	0	0	102.981	282
20	9	0	0	0	0	94.9785	283
19	9	0	0	0	0	87.1368	284
19	10	0	0	0	0	100.165	285
19	10	0	0	0	0	94.9402	286
19	10	0	0	0	0	103.685	287
19	10	0	0	0	0	103.322	288
19	10	0	0	0	0	90.651	289
19	10	0	0	0	0	106.68	290
20	10	0	0	0	0	100.336	291
20	10	0	0	0	0	98.5866	292
19	10	0	0	0	0	95.1609	293
20	10	0	0	0	0	79.2358	294
20	10	0	0	0	0	101.99	295
21	10	0	0	0	0	94.3332	296
21	10	0	0	0	0	114.143	297
21	10	0	0	0	0	96.2052	298
21	10	0	0	0	0	113.546	299
21	10	0	0	0	0	109.261	300
21	10	0	0	0	0	111.555	301
21	10	0	0	0	0	106.402	302
22	10	0	0	0	0	93.1376	303
23	10	0	0	0	0	104.157	304
23	10	0	0	0	0	96.1219	305
22	10	0	0	0	0	107.939	306
24	10	0	0	0	0	104.557	307
24	10	0	0	0	0	113.369	308
25	10	0	0	0	0	119.949	309
23	10	0	0	0	0	109.841	310
24	10	0	0	0	0	120.435	311
24	10	0	0	0	0	120.633	312
25	10	0	0	0	0	120.086	313
25	10	0	0	0	0	115.937	314
27	11	0	0	0	0	111.574	315
28	11	0	0	0	0	130.079	316
28	11	0	0	0	0	141.205	317
28	11	0	0	0	0	137.44	318
28	11	0	0	0	0	129.973	319
29	11	0	0	0	0	140.203	320
29	11	0	0	0	0	135.842	321
29	11	0	0	0	0	137.908	322
30	11	0	0	0	0	140.169	323
30	11	0	0	0	0	125.992	324
31	10	0	0	0	0	128.215	325
33	10	0	0	0	0	154.508	326
34	10	0	0	0	0	135.758	327
34	10	0	0	0	0	156.858	328
34	10	0	0	0	0	129.458	329
34	10	0	0	0	0	148.972	330
34	10	0	0	0	0	134.718	331
33	11	0	0	0	0	131.414	332
35	11	0	0	0	0	148.954	333
35	11	0	0	0	0	133.91	334
33	11	0	0	0	0	148.173	335
32	11	0	0	0	0	144.19	336
32	11	0	0	0	0	142.359	337
33	10	0	0	0	0	136.034	338
32	9	0	0	0	0	145.868	339
33	9	0	0	0	0	141.846	340
33	9	0	0	0	0	135.654	341
33	9	0	0	0	0	142.06	342
33	9	0	0	0	0	138.546	343
33	9	0	0	0	0	146.367	344
33	9	0	0	0	0	136.941	345
33	9	0	0	0	0	114.504	346
31	9	0	0	0	0	137.221	347
31	8	0	0	0	0	136.801	348
31	8	0	0	0	0	124.311	349
31	8	0	0	0	0	136.282	350
31	8	0	0	0	0	138.793	351
31	8	0	0	0	0	138.212	352
31	8	0	0	0	0	138.821	353
30	8	0	0	0	0	107.191	354
30	8	0	0	0	0	124.731	355
30	8	0	0	0	0	127.05	356
29	8	0	0	0	0	121.817	357
29	7	0	0	0	0	116.979	358
30	8	0	0	0	0	130.349	359
30	8	0	0	0	0	133.091	360
31	8	0	0	0	0	128.556	361
32	7	0	0	0	0	125.577	362
32	7	0	0	0	0	132.799	363
32	9	0	0	0	0	133.262	364
33	9	0	0	0	0	128.204	365
33	9	0	0	0	0	141.064	366
33	9	0	0	0	0	141.642	367
33	9	0	0	0	0	147.555	368
33	8	0	0	0	0	147	369
33	8	0	0	0	0	142.684	370
34	8	0	0	0	0	143.198	371
33	8	0	0	0	0	138.825	372
33	8	0	0	0	0	131.086	373
33	8	0	0	0	0	132.845	374
33	8	0	0	0	0	124.99	375
32	8	0	0	0	0	141.392	376
32	8	0	0	0	0	138.863	377
32	8	0	0	0	0	134.223	378
30	8	0	0	0	0	130.341	379
30	8	0	0	0	0	134.506	380
31	8	0	0	0	0	130.307	381
31	8	0	0	0	0	130.85	382
31	8	0	0	0	0	131.967	383
31	8	0	0	0	0	127.338	384
31	8	0	0	0	0	138.501	385
31	8	0	0	0	0	138.031	386
31	8	0	0	0	0	143.128	387
32	8	0	0	0	0	141.365	388
32	8	0	0	0	0	129.514	389
32	8	0	0	0	0	138.996	390
32	8	0	0	0	0	138.502	391
32	9	0	0	0	0	128.942	392
32	9	0	0	0	0	143.425	393
32	9	0	0	0	0	151.737	394
32	9	0	0	0	0	148.323	395
32	9	0	0	0	0	141.944	396
32	9	0	0	0	0	136.802	397
32	9	0	0	0	0	148.2	398
32	9	0	0	0	0	127.343	399
32	9	0	0	0	0	138.875	400
32	8	0	0	0	0	134.626	401
32	8	0	0	0	0	142.819	402
32	8	0	0	0	0	127.189	403
31	8	0	0	0	0	137.985	404
31	8	0	0	0	0	146.914	405
31	8	0	0	0	0	129.91	406
32	8	0	0	0	0	130.767	407
32	8	0	0	0	0	144.116	408
31	8	0	0	0	0	132.351	409
31	8	0	0	0	0	131.951	410
32	8	0	0	0	0	141.661	411
32	8	0	0	0	0	147.987	412
32	8	0	0	0	0	135.997	413
33	9	0	0	0	0	146.407	414
33	9	0	0	0	0	145.252	415
33	9	0	0	0	0	150.114	416
33	9	0	0	0	0	143.98	417
33	8	0	0	0	0	141.863	418
33	8	0	0	0	0	140.318	419
33	8	0	0	0	0	145.253	420
33	8	0	0	0	0	138.877	421
33	8	0	0	0	0	152.469	422
33	8	0	0	0	0	147.12	423
33	11	0	0	0	0	144.077	424
33	10	0	0	0	0	147.492	425
34	10	0	0	0	0	145.264	426
34	10	0	0	0	0	149.735	427
33	10	0	0	0	0	144.198	428
33	10	0	0	0	0	143.445	429
33	10	0	0	0	0	140.34	430
33	10	0	0	0	0	140.463	431
33	10	0	0	0	0	128.969	432
26	10	0	0	0	0	118.738	433
26	10	0	0	0	0	126.811	434
26	10	0	0	0	0	129.419	435
26	10	0	0	0	0	120.671	436
26	10	0	0	0	0	117.621	437
26	10	0	0	0	0	117.705	438
26	10	0	0	0	0	116.615	439
29	10	0	0	0	0	120.754	440
29	10	0	0	0	0	109.139	441
29	14	0	0	0	0	128.756	442
29	14	0	0	0	0	131.682	443
28	14	0	0	0	0	148.824	444
28	14	0	0	0	0	140.851	445
27	15	0	0	0	0	136.037	446
28	15	0	0	0	0	144.219	447
27	15	0	0	0	0	145.157	448
27	15	0	0	0	0	140.295	449
27	15	0	0	0	0	136.755	450
27	15	0	0	0	0	140.308	451
27	15	0	0	0	0	136.058	452
27	15	0	0	0	0	137.477	453
26	15	0	0	0	0	120.863	454
24	15	0	0	0	0	122.471	455
24	16	0	0	0	0	132.221	456
23	15	0	0	0	0	128.525	457
23	16	0	0	0	0	130.445	458
23	16	0	0	0	0	121.78	459
22	16	0	0	0	0	127.399	460
22	16	0	0	0	0	126.321	461
23	17	0	0	0	0	114.105	462
23	17	0	0	0	0	139.786	463
23	18	0	0	0	0	121.308	464
18	18	0	0	0	0	111.027	465
17	18	0	0	0	0	112.047	466
16	19	0	0	0	0	109.577	467
16	19	0	0	0	0	116.099	468
16	19	0	0	0	0	127.21	469
16	18	0	0	0	0	124.8	470
16	18	0	0	0	0	114.808	471
16	18	0	0	0	0	126.57	472
17	18	0	0	0	0	109.735	473
17	18	0	0	0	0	117.001	474
17	18	0	0	0	0	107.495	475
16	18	0	0	0	0	123.05	476
15	18	0	0	0	0	114.791	477
14	18	0	0	0	0	108.923	478
14	18	0	0	0	0	119.173	479
14	18	0	0	0	0	102.771	480
14	18	0	0	0	0	119.102	481
14	18	0	0	0	0	100.29	482
14	18	0	0	0	0	98.1127	483
14	18	0	0	0	0	118.31	484
14	18	0	0	0	0	102.197	485
14	18	0	0	0	0	107.994	486
14	18	0	0	0	0	101.374	487
14	18	0	0	0	0	101.699	488
14	18	0	0	0	0	107.825	489
13	19	0	0	0	0	91.8355	490
13	19	0	0	0	0	97.1609	491
14	19	0	0	0	0	109.719	492
14	19	0	0	0	0	113.69	493
15	19	0	0	0	0	122.421	494
16	20	0	0	0	0	113.067	495
16	20	0	0	0	0	125.272	496
16	19	0	0	0	0	120.046	497
16	18	0	0	0	0	124.097	498
16	19	0	0	0	0	109.377	499
16	19	0	0	0	0	112.852	500
16	18	0	0	0	0	120.515	501
16	18	0	0	0	0	114.365	502
16	18	0	0	0	0	121.387	503
16	18	0	0	0	0	116.97	504
16	18	0	0	0	0	116.457	505
16	18	0	0	0	0	109.612	506
16	18	0	0	0	0	112.713	507
16	18	0	0	0	0	115.57	508
16	19	0	0	0	0	119.677	509
16	19	0	0	0	0	116.019	510
16	20	0	0	0	0	113.259	511
15	21	0	0	0	0	119.68	512
15	22	0	0	0	0	117.423	513
15	23	0	0	0	0	117.147	514
15	23	0	0	0	0	113.604	515
15	21	0	0	0	0	112.197	516
15	21	0	0	0	0	124.36	517
15	21	0	0	0	0	126.317	518
14	21	0	0	0	0	109.101	519
14	23	0	0	0	0	118.591	520
13	23	0	0	0	0	117.546	521
13	24	0	0	0	0	115.158	522
13	24	0	0	0	0	120.502	523
14	24	0	0	0	0	129.298	524
14	24	0	0	0	0	133.464	525
14	24	0	0	0	0	131.521	526
14	24	0	0	0	0	126.494	527
14	26	0	0	0	0	131.391	528
13	26	0	0	0	0	124.469	529
13	26	0	0	0	0	109.744	530
14	26	0	0	0	0	123.429	531
14	27	0	0	0	0	137.65	532
14	27	0	0	0	0	140.233	533
14	28	0	0	0	0	144.765	534
14	28	0	0	0	0	150.204	535
14	28	0	0	0	0	148.637	536
14	28	0	0	0	0	150.384	537
14	28	0	0	0	0	137.502	538
14	28	0	0	0	0	148.369	539
14	28	0	0	0	0	151.755	540
14	27	0	0	0	0	135.639	541
15	27	0	0	0	0	151.439	542
14	27	0	0	0	0	145.864	543
14	27	0	0	0	0	124.045	544
15	27	0	0	0	0	143.779	545
15	27	0	0	0	0	150.489	546
15	27	0	0	0	0	144.803	547
15	27	0	0	0	0	149.069	548
15	27	0	0	0	0	143.232	549
15	27	0	0	0	0	138.642	550
15	26	0	0	0	0	140.8	551
15	26	0	0	0	0	140.156	552
15	25	0	0	0	0	140.744	553
16	25	0	0	0	0	136.482	554
17	25	0	0	0	0	136.749	555
17	25	0	0	0	0	133.904	556
18	25	0	0	0	0	132.232	557
19	23	0	0	0	0	132.602	558
19	23	0	0	0	0	149.734	559
19	23	0	0	0	0	143.105	560
19	22	0	0	0	0	133.041	561
19	22	0	0	0	0	123.076	562
19	20	0	0	0	0	132.345	563
21	20	0	0	0	0	126.764	564
21	19	0	0	0	0	125.246	565
21	19	0	0	0	0	138.403	566
21	19	0	0	0	0	145.203	567
21	19	0	0	0	0	127.291	568
22	19	0	0	0	0	120.164	569
23	20	0	0	0	0	148.526	570
23	20	0	0	0	0	146.289	571
24	21	0	0	0	0	134.839	572
24	21	0	0	0	0	158.965	573
24	22	0	0	0	0	151.076	574
23	22	0	0	0	0	152.683	575
23	22	0	0	0	0	154.272	576
23	22	0	0	0	0	151.254	577
24	22	0	0	0	0	152.262	578
24	21	0	0	0	0	155.959	579
24	21	0	0	0	0	149.519	580
25	20	0	0	0	0	156.243	581
25	20	0	0	0	0	141.19	582
25	21	0	0	0	0	152.754	583
26	21	0	0	0	0	153.931	584
26	21	0	0	0	0	146.649	585
26	21	0	0	0	0	151.322	586
26	20	0	0	0	0	152.355	587
26	20	0	0	0	0	151.34	588
26	19	0	0	0	0	153.948	589
23	20	0	0	0	0	127.556	590
22	20	0	0	0	0	130.19	591
22	21	0	0	0	0	135.792	592
20	22	0	0	0	0	129.755	593
20	22	0	0	0	0	127.495	594
21	22	0	0	0	0	130.189	595
20	22	0	0	0	0	136.96	596
20	22	0	0	0	0	145.655	597
20	22	0	0	0	0	150.11	598
20	22	0	0	0	0	148.13	599
20	22	0	0	0	0	143.027	600
20	22	0	0	0	0	138.862	601
20	23	0	0	0	0	155.131	602
20	23	0	0	0	0	150.342	603
20	23	0	0	0	0	148.494	604
20	23	0	0	0	0	147.12	605
19	23	0	0	0	0	148.467	606
19	23	0	0	0	0	146.877	607
19	22	0	0	0	0	149.679	608
19	22	0	0	0	0	137.456	609
19	22	0	0	0	0	139.138	610
19	22	0	0	0	0	136.257	611
19	22	0	0	0	0	131.946	612
19	21	0	0	0	0	127.293	613
19	20	0	0	0	0	134.467	614
18	21	0	0	0	0	128.434	615
19	21	0	0	0	0	141.449	616
20	20	0	0	0	0	122.142	617
20	20	0	0	0	0	137.904	618
20	20	0	0	0	0	134.009	619
20	20	0	0	0	0	142.073	620
20	19	0	0	0	0	130.47	621
20	20	0	0	0	0	134.385	622
20	20	0	0	0	0	145.128	623
21	20	0	0	0	0	133.156	624
23	20	0	0	0	0	132.005	625
23	20	0	0	0	0	159.616	626
23	20	0	0	0	0	144.445	627
23	20	0	0	0	0	155.957	628
23	20	0	0	0	0	149.168	629
23	20	0	0	0	0	152.038	630
23	20	0	0	0	0	146.601	631
24	20	0	0	0	0	148.589	632
24	20	0	0	0	0	150.535	633
24	20	0	0	0	0	161.86	634
24	20	0	0	0	0	155.577	635
24	20	0	0	0	0	164.801	636
25	20	0	0	0	0	161.25	637
25	20	0	0	0	0	157.804	638
25	20	0	0	0	0	158.186	639
25	21	0	0	0	0	145.582	640
25	21	0	0	0	0	166.455	641
26	20	0	0	0	0	152.004	642
26	20	0	0	0	0	149.043	643
26	20	0	0	0	0	160.952	644
26	20	0	0	0	0	149.41	645
26	20	0	0	0	0	156.266	646
26	20	0	0	0	0	168.097	647
26	20	0	0	0	0	169.449	648
26	19	0	0	0	0	142.71	649
26	18	0	0	0	0	138.568	650
27	18	0	0	0	0	146.528	651
28	19	0	0	0	0	162.404	652
28	19	0	0	0	0	165.532	653
28	19	0	0	0	0	169.749	654
28	19	0	0	0	0	159.16	655
27	19	0	0	0	0	158.606	656
27	19	0	0	0	0	150.611	657
27	19	0	0	0	0	132.793	658
27	17	0	0	0	0	161.78	659
26	17	0	0	0	0	145.828	660
26	17	0	0	0	0	153.922	661
27	17	0	0	0	0	142.807	662
27	17	0	0	0	0	138.898	663
27	16	0	0	0	0	140.877	664
27	17	0	0	0	0	155.696	665
27	17	0	0	0	0	150.73	666
27	17	0	0	0	0	164.691	667
27	17	0	0	0	0	161.642	668
27	17	0	0	0	0	147.008	669
27	16	0	0	0	0	151.039	670
27	16	0	0	0	0	146.029	671
27	16	0	0	0	0	137.303	672
27	15	0	0	0	0	145.442	673
25	17	0	0	0	0	140.41	674
25	17	0	0	0	0	145.318	675
25	17	0	0	0	0	146.372	676
25	17	0	0	0	0	158.188	677
25	17	0	0	0	0	147.358	678
26	17	0	0	0	0	149.642	679
26	15	0	0	0	0	134.194	680
26	15	0	0	0	0	127.494	681
26	15	0	0	0	0	146.139	682
25	15	0	0	0	0	146.257	683
25	14	0	0	0	0	136.324	684
25	14	0	0	0	0	139.329	685
25	14	0	0	0	0	124.109	686
24	15	0	0	0	0	124.091	687
22	16	0	0	0	0	113.868	688
22	17	0	0	0	0	128.204	689
22	17	0	0	0	0	101.96	690
22	16	0	0	0	0	128.354	691
22	16	0	0	0	0	119.81	692
21	16	0	0	0	0	123.581	693
21	16	0	0	0	0	123.959	694
20	16	0	0	0	0	126.712	695
20	18	0	0	0	0	122.19	696
19	18	0	0	0	0	123.635	697
19	20	0	0	0	0	120.564	698
16	20	0	0	0	0	112.177	699
16	20	0	0	0	0	116.788	700
14	20	0	0	0	0	115.484	701
14	19	0	0	0	0	123.092	702
14	19	0	0	0	0	104.835	703
14	19	0	0	0	0	121.94	704
15	19	0	0	0	0	117.69	705
15	19	0	0	0	0	122.066	706
14	19	0	0	0	0	108.987	707
15	18	0	0	0	0	111.678	708
15	18	0	0	0	0	118.922	709
15	17	0	0	0	0	119.04	710
15	17	0	0	0	0	105.959	711
15	17	0	0	0	0	101.508	712
15	18	0	0	0	0	100.065	713
14	18	0	0	0	0	103.484	714
13	18	0	0	0	0	105.438	715
13	18	0	0	0	0	100.322	716
13	18	0	0	0	0	105.55	717
13	18	0	0	0	0	108.478	718
12	18	0	0	0	0	106.323	719
11	18	0	0	0	0	102.251	720
11	19	0	0	0	0	90.9731	721
8	19	0	0	0	0	88.8166	722
8	19	0	0	0	0	84.6944	723
8	18	0	0	0	0	86.7988	724
8	18	0	0	0	0	94.8202	725
8	19	0	0	0	0	88.2845	726
8	19	0	0	0	0	88.5442	727
9	20	0	0	0	0	86.8959	728
9	20	0	0	0	0	93.5496	729
9	20	0	0	0	0	88.1588	730
9	20	0	0	0	0	93.0152	731
9	20	0	0	0	0	101.088	732
9	20	0	0	0	0	95.3917	733
8	20	0	0	0	0	98.101	734
8	20	0	0	0	0	97.9951	735
8	20	0	0	0	0	97.2485	736
8	19	0	0	0	0	90.4738	737
7	19	0	0	0	0	84.4793	738
7	19	0	0	0	0	91.0883	739
6	19	0	0	0	0	81.2699	740
6	20	0	0	0	0	80.1642	741
6	19	0	0	0	0	84.897	742
7	19	0	0	0	0	92.4611	743
7	19	0	0	0	0	86.5619	744
6	19	0	0	0	0	83.4674	745
7	19	0	0	0	0	90.8092	746
8	19	0	0	0	0	72.8552	747
8	19	0	0	0	0	93.5925	748
8	19	0	0	0	0	94.6365	749
8	19	0	0	0	0	85.5391	750
8	19	0	0	0	0	97.5664	751
8	19	0	0	0	0	93.9107	752
8	19	0	0	0	0	91.4023	753
8	19	0	0	0	0	92.949	754
8	19	0	0	0	0	94.1255	755
7	19	0	0	0	0	87.0523	756
7	19	0	0	0	0	89.255	757
7	19	0	0	0	0	83.5072	758
7	20	0	0	0	0	90.9466	759
8	19	0	0	0	0	85.7289	760
8	19	0	0	0	0	82.0343	761
8	19	0	0	0	0	87.0914	762
8	19	0	0	0	0	99.2979	763
8	19	0	0	0	0	85.4829	764
8	18	0	0	0	0	83.0425	765
8	18	0	0	0	0	95.1761	766
9	18	0	0	0	0	84.3461	767
9	18	0	0	0	0	84.3446	768
10	18	0	0	0	0	90.4722	769
11	17	0	0	0	0	83.5024	770
11	17	0	0	0	0	91.2029	771
10	17	0	0	0	0	94.0637	772
10	17	0	0	0	0	78.1211	773
10	15	0	0	0	0	84.8798	774
11	15	0	0	0	0	84.7714	775
12	14	0	0	0	0	85.2917	776
12	15	0	0	0	0	86.2017	777
12	15	0	0	0	0	81.913	778
13	15	0	0	0	0	91.8427	779
14	15	0	0	0	0	90.2691	780
14	15	0	0	0	0	89.5913	781
14	15	0	0	0	0	89.4287	782
14	15	0	0	0	0	100.538	783
16	15	0	0	0	0	102.379	784
18	15	0	0	0	0	102.574	785
18	16	0	0	0	0	113.148	786
18	16	0	0	0	0	109.638	787
18	16	0	0	0	0	115.766	788
18	16	0	0	0	0	119.467	789
18	16	0	0	0	0	112.22	790
19	16	0	0	0	0	121.909	791
19	16	0	0	0	0	112.195	792
19	16	0	0	0	0	117.348	793
19	16	0	0	0	0	114.968	794
19	16	0	0	0	0	115.135	795
19	16	0	0	0	0	118.3	796
19	16	0	0	0	0	123.073	797
19	16	0	0	0	0	105.608	798
19	16	0	0	0	0	117.86	799
18	16	0	0	0	0	118.574	800
18	16	0	0	0	0	109.263	801
18	15	0	0	0	0	113.969	802
18	15	0	0	0	0	108.922	803
18	15	0	0	0	0	113.01	804
18	15	0	0	0	0	107.357	805
18	15	0	0	0	0	113.939	806
18	15	0	0	0	0	114.333	807
17	16	0	0	0	0	114.202	808
17	16	0	0	0	0	112.247	809
17	16	0	0	0	0	106.978	810
17	16	0	0	0	0	109.637	811
17	16	0	0	0	0	110.806	812
17	16	0	0	0	0	111.776	813
17	16	0	0	0	0	111.744	814
17	14	0	0	0	0	98.7111	815
17	14	0	0	0	0	105.95	816
17	14	0	0	0	0	100.372	817
17	14	0	0	0	0	103.516	818
17	14	0	0	0	0	92.8621	819
17	13	0	0	0	0	98.3858	820
18	13	0	0	0	0	102.7	821
18	13	0	0	0	0	92.9625	822
18	14	0	0	0	0	94.2666	823
18	12	0	0	0	0	97.0675	824
18	12	0	0	0	0	100.065	825
18	12	0	0	0	0	89.9218	826
18	12	0	0	0	0	99.9893	827
18	11	0	0	0	0	99.2495	828
17	11	0	0	0	0	92.1854	829
17	11	0	0	0	0	96.2878	830
17	11	0	0	0	0	96.0902	831
16	11	0	0	0	0	97.7626	832
16	11	0	0	0	0	88.701	833
16	11	0	0	0	0	89.5267	834
16	11	0	0	0	0	92.517	835
17	10	0	0	0	0	86.5371	836
17	8	0	0	0	0	72.1384	837
17	7	0	0	0	0	75.1428	838
16	7	0	0	0	0	74.8879	839
16	7	0	0	0	0	73.8025	840
15	7	0	0	0	0	73.5182	841
15	6	0	0	0	0	72.3778	842
15	7	0	0	0	0	68.9591	843
15	6	0	0	0	0	66.1323	844
14	6	0	0	0	0	68.7782	845
14	7	0	0	0	0	68.5496	846
14	7	0	0	0	0	63.873	847
14	7	0	0	0	0	63.5032	848
14	7	0	0	0	0	67.4179	849
14	7	0	0	0	0	62.4977	850
14	7	0	0	0	0	63.7194	851
13	6	0	0	0	0	52.5796	852
13	6	0	0	0	0	60.0324	853
14	6	0	0	0	0	65.0272	854
14	6	0	0	0	0	64.8324	855
14	6	0	0	0	0	62.9093	856
14	7	0	0	0	0	63.5052	857
14	7	0	0	0	0	58.1987	858
14	7	0	0	0	0	52.036	859
13	7	0	0	0	0	56.0151	860
12	7	0	0	0	0	59.7914	861
10	7	0	0	0	0	51.3394	862
10	8	0	0	0	0	46.4746	863
11	8	0	0	0	0	52.8825	864
12	8	0	0	0	0	63.0826	865
12	8	0	0	0	0	60.9179	866
12	9	0	0	0	0	67.5795	867
12	9	0	0	0	0	64.151	868
12	9	0	0	0	0	71.4833	869
12	9	0	0	0	0	65.8967	870
13	8	0	0	0	0	63.8788	871
14	8	0	0	0	0	59.8001	872
14	8	0	0	0	0	70.373	873
15	8	0	0	0	0	60.8724	874
15	8	0	0	0	0	77.0949	875
14	8	0	0	0	0	73.0783	876
14	8	0	0	0	0	74.8258	877
13	8	0	0	0	0	75.0431	878
13	8	0	0	0	0	67.5677	879
14	8	0	0	0	0	63.5711	880
14	8	0	0	0	0	76.5377	881
14	7	0	0	0	0	69.165	882
14	7	0	0	0	0	66.5486	883
14	7	0	0	0	0	66.0658	884
15	7	0	0	0	0	71.5862	885
15	7	0	0	0	0	65.5374	886
15	7	0	0	0	0	69.1633	887
15	7	0	0	0	0	68.813	888
16	7	0	0	0	0	74.0665	889
17	7	0	0	0	0	68.8394	890
17	7	0	0	0	0	73.8206	891
17	7	0	0	0	0	72.692	892
17	6	0	0	0	0	75.4002	893
17	6	0	0	0	0	73.855	894
17	6	0	0	0	0	76.3547	895
18	6	0	0	0	0	79.6979	896
18	6	0	0	0	0	80.761	897
19	6	0	0	0	0	79.2204	898
19	6	0	0	0	0	82.3122	899
19	6	0	0	0	0	83.412	900
19	6	0	0	0	0	81.0786	901
19	6	0	0	0	0	87.3535	902
19	6	0	0	0	0	80.2057	903
19	6	0	0	0	0	78.1332	904
19	6	0	0	0	0	85.1901	905
19	6	0	0	0	0	81.2676	906
19	5	0	0	0	0	72.6996	907
19	4	0	0	0	0	70.3453	908
19	4	0	0	0	0	78.1954	909
19	4	0	0	0	0	70.9052	910
18	4	0	0	0	0	79.9526	911
18	4	0	0	0	0	66.2755	912
18	4	0	0	0	0	72.765	913
18	4	0	0	0	0	73.5136	914
18	5	0	0	0	0	69.8736	915
18	5	0	0	0	0	78.9312	916
19	5	0	0	0	0	78.779	917
19	5	0	0	0	0	77.9995	918
19	5	0	0	0	0	73.7165	919
19	6	0	0	0	0	85.9669	920
19	6	0	0	0	0	84.3752	921
19	6	0	0	0	0	91.7172	922
19	6	0	0	0	0	89.097	923
19	8	0	0	0	0	82.7895	924
19	11	0	0	0	0	88.4378	925
19	13	0	0	0	0	99.002	926
19	13	0	0	0	0	89.0152	927
19	13	0	0	0	0	99.3273	928
18	13	0	0	0	0	88.2493	929
17	13	0	0	0	0	103.975	930
17	13	0	0	0	0	97.3015	931
17	14	0	0	0	0	111.486	932
17	14	0	0	0	0	97.5487	933
16	14	0	0	0	0	94.5659	934
14	14	0	0	0	0	98.3919	935
14	14	0	0	0	0	95.7941	936
15	14	0	0	0	0	86.6326	937
15	14	0	0	0	0	108.113	938
15	14	0	0	0	0	97.4454	939
15	14	0	0	0	0	104.043	940
15	15	0	0	0	0	98.6486	941
16	15	0	0	0	0	93.1541	942
17	15	0	0	0	0	101.133	943
17	15	0	0	0	0	115.226	944
17	15	0	0	0	0	103.242	945
18	15	0	0	0	0	111.227	946
18	15	0	0	0	0	111.342	947
18	15	0	0	0	0	113.786	948
18	15	0	0	0	0	116.274	949
17	15	0	0	0	0	119.002	950
17	15	0	0	0	0	111.354	951
17	15	0	0	0	0	110.485	952
17	15	0	0	0	0	119.431	953
18	15	0	0	0	0	115.486	954
18	15	0	0	0	0	104.428	955
19	14	0	0	0	0	99.5729	956
19	14	0	0	0	0	113.952	957
19	14	0	0	0	0	124.12	958
19	14	0	0	0	0	109.247	959
19	14	0	0	0	0	120.605	960
19	14	0	0	0	0	115.937	961
19	14	0	0	0	0	123.804	962
19	14	0	0	0	0	110.464	963
19	14	0	0	0	0	121.7	964
19	14	0	0	0	0	104.226	965
19	14	0	0	0	0	107.987	966
19	14	0	0	0	0	119.637	967
19	14	0	0	0	0	98.405	968
19	14	0	0	0	0	102.682	969
19	14	0	0	0	0	110.19	970
19	14	0	0	0	0	105.084	971
19	14	0	0	0	0	115.899	972
20	14	0	0	0	0	102.077	973
21	14	0	0	0	0	125.159	974
21	14	0	0	0	0	119.182	975
21	15	0	0	0	0	120.561	976
21	15	0	0	0	0	129.86	977
21	15	0	0	0	0	133.732	978
22	15	0	0	0	0	127.838	979
22	15	0	0	0	0	113.787	980
22	15	0	0	0	0	126.196	981
22	15	0	0	0	0	124.606	982
22	15	0	0	0	0	134.678	983
22	16	0	0	0	0	106.615	984
22	16	0	0	0	0	75.2132	985
27	16	0	0	0	0	92.7453	986
27	16	0	0	0	0	98.7757	987
27	15	0	0	0	0	103.664	988
27	15	0	0	0	0	102.57	989
27	15	0	0	0	0	111.05	990
27	15	0	0	0	0	103.839	991
24	15	0	0	0	0	97.864	992
25	15	0	0	0	0	107.993	993
25	14	0	0	0	0	101.539	994
25	14	0	0	0	0	105.312	995
25	13	0	0	0	0	125.682	996
25	13	0	0	0	0	125.307	997
25	13	0	0	0	0	126.066	998
25	13	0	0	0	0	120.736	999
25	13	0	0	0	0	117.611	1000
25	13	0	0	0	0	112.957	1001
25	13	0	0	0	0	125.027	1002
26	12	0	0	0	0	130.606	1003
26	12	0	0	0	0	126.811	1004
27	12	0	0	0	0	136.035	1005
27	12	0	0	0	0	132.828	1006
27	12	0	0	0	0	132.428	1007
27	12	0	0	0	0	129.216	1008
27	12	0	0	0	0	131.85	1009
27	12	0	0	0	0	133.682	1010
27	12	0	0	0	0	135.79	1011
27	12	0	0	0	0	122.893	1012
27	12	0	0	0	0	132.285	1013
28	12	0	0	0	0	131.017	1014
28	12	0	0	0	0	131.191	1015
28	12	0	0	0	0	123.565	1016
28	12	0	0	0	0	146.096	1017
28	12	0	0	0	0	136.282	1018
28	12	0	0	0	0	130.767	1019
28	12	0	0	0	0	124.614	1020
27	12	0	0	0	0	128.393	1021
27	12	0	0	0	0	127.043	1022
27	13	0	0	0	0	120.902	1023
27	13	0	0	0	0	135.244	1024
27	13	0	0	0	0	120.588	1025
28	13	0	0	0	0	125.237	1026
28	13	0	0	0	0	129.522	1027
28	13	0	0	0	0	124.856	1028
28	13	0	0	0	0	136.133	1029
26	13	0	0	0	0	136.075	1030
26	14	0	0	0	0	126.36	1031
25	14	0	0	0	0	123.945	1032
25	15	0	0	0	0	142.407	1033
25	15	0	0	0	0	136.153	1034
25	15	0	0	0	0	132.476	1035
25	15	0	0	0	0	137.323	1036
25	15	0	0	0	0	137.66	1037
25	15	0	0	0	0	136.43	1038
25	18	0	0	0	0	136.087	1039
24	18	0	0	0	0	146.342	1040
23	18	0	0	0	0	142.133	1041
23	18	0	0	0	0	142.047	1042
23	18	0	0	0	0	137.713	1043
23	18	0	0	0	0	155.52	1044
23	18	0	0	0	0	142.705	1045
22	18	0	0	0	0	143.177	1046
22	18	0	0	0	0	126.984	1047
21	17	0	0	0	0	127.342	1048
20	17	0	0	0	0	118.449	1049
20	17	0	0	0	0	124.951	1050
20	17	0	0	0	0	138.731	1051
20	17	0	0	0	0	126.605	1052
20	17	0	0	0	0	131.603	1053
20	17	0	0	0	0	139.243	1054
20	17	0	0	0	0	138.913	1055
20	17	0	0	0	0	119.265	1056
20	17	0	0	0	0	121.583	1057
22	17	0	0	0	0	135.339	1058
22	17	0	0	0	0	134.697	1059
22	17	0	0	0	0	129.473	1060
22	16	0	0	0	0	135.108	1061
22	16	0	0	0	0	122.986	1062
22	16	0	0	0	0	126.244	1063
23	16	0	0	0	0	129.629	1064
23	16	0	0	0	0	128.895	1065
23	16	0	0	0	0	128.102	1066
22	16	0	0	0	0	135.162	1067
20	16	0	0	0	0	122.702	1068
19	16	0	0	0	0	122.603	1069
19	16	0	0	0	0	125.948	1070
19	16	0	0	0	0	108.727	1071
20	16	0	0	0	0	120.498	1072
21	15	0	0	0	0	109.579	1073
21	14	0	0	0	0	113.443	1074
20	12	0	0	0	0	107.322	1075
20	12	0	0	0	0	114.869	1076
20	12	0	0	0	0	115.618	1077
20	12	0	0	0	0	118.512	1078
20	13	0	0	0	0	117.796	1079
20	13	0	0	0	0	119.135	1080
20	13	0	0	0	0	114.409	1081
20	13	0	0	0	0	114.023	1082
20	13	0	0	0	0	114.312	1083
20	16	0	0	0	0	115.238	1084
21	19	0	0	0	0	131.832	1085
21	19	0	0	0	0	134.189	1086
19	19	0	0	0	0	129.167	1087
19	19	0	0	0	0	128.596	1088
20	19	0	0	0	0	124.022	1089
20	17	0	0	0	0	120.019	1090
20	17	0	0	0	0	116.644	1091
20	17	0	0	0	0	122.472	1092
17	17	0	0	0	0	117.852	1093
17	17	0	0	0	0	127.303	1094
17	17	0	0	0	0	121.508	1095
18	17	0	0	0	0	127.236	1096
18	17	0	0	0	0	119.59	1097
18	17	0	0	0	0	115.871	1098
18	17	0	0	0	0	126.549	1099
18	17	0	0	0	0	113.746	1100
19	17	0	0	0	0	108.028	1101
19	16	0	0	0	0	120.859	1102
19	16	0	0	0	0	124.959	1103
19	16	0	0	0	0	118.281	1104
20	16	0	0	0	0	121.486	1105
21	16	0	0	0	0	122.938	1106
21	16	0	0	0	0	118.806	1107
21	16	0	0	0	0	129.155	1108
21	16	0	0	0	0	128.378	1109
21	16	0	0	0	0	133.569	1110
21	16	0	0	0	0	130.047	1111
21	15	0	0	0	0	118.424	1112
21	15	0	0	0	0	119.38	1113
21	15	0	0	0	0	130.583	1114
21	15	0	0	0	0	123.312	1115
21	15	0	0	0	0	128.727	1116
21	15	0	0	0	0	119.335	1117
21	15	0	0	0	0	124.007	1118
20	15	0	0	0	0	114.011	1119
21	15	0	0	0	0	119.771	1120
21	15	0	0	0	0	123.236	1121
21	14	0	0	0	0	119.257	1122
21	14	0	0	0	0	124.397	1123
21	14	0	0	0	0	121.771	1124
21	14	0	0	0	0	124.222	1125
21	14	0	0	0	0	123.866	1126
21	16	0	0	0	0	130.378	1127
21	17	0	0	0	0	122.596	1128
21	22	0	0	0	0	130.918	1129
21	23	0	0	0	0	117.202	1130
21	23	0	0	0	0	133.972	1131
21	23	0	0	0	0	146.349	1132
21	23	0	0	0	0	105.088	1133
21	24	0	0	0	0	112.58	1134
21	24	0	0	0	0	111.273	1135
10	24	0	0	0	0	112.021	1136
9	24	0	0	0	0	113.015	1137
10	24	0	0	0	0	108.064	1138
8	25	0	0	0	0	110.586	1139
8	25	0	0	0	0	106.364	1140
9	25	0	0	0	0	110.522	1141
9	25	0	0	0	0	113.122	1142
9	25	0	0	0	0	108.224	1143
9	25	0	0	0	0	111.298	1144
10	25	0	0	0	0	104.945	1145
10	25	0	0	0	0	114.219	1146
10	25	0	0	0	0	117.297	1147
10	24	0	0	0	0	119.701	1148
10	22	0	0	0	0	103.384	1149
10	22	0	0	0	0	108.732	1150
11	22	0	0	0	0	114.956	1151
10	22	0	0	0	0	112.647	1152
10	22	0	0	0	0	114.171	1153
10	22	0	0	0	0	103.295	1154
10	22	0	0	0	0	113.786	1155
11	22	0	0	0	0	109.456	1156
11	23	0	0	0	0	114.934	1157
11	23	0	0	0	0	105.078	1158
11	23	0	0	0	0	122.3	1159
11	23	0	0	0	0	116.908	1160
11	23	0	0	0	0	112.734	1161
11	23	0	0	0	0	109.481	1162
11	22	0	0	0	0	119.51	1163
11	22	0	0	0	0	113.485	1164
11	22	0	0	0	0	113.792	1165
10	22	0	0	0	0	108.533	1166
10	22	0	0	0	0	113.441	1167
10	22	0	0	0	0	96.5176	1168
10	22	0	0	0	0	109.639	1169
11	22	0	0	0	0	110.967	1170
11	22	0	0	0	0	116.053	1171
11	22	0	0	0	0	102.115	1172
11	20	0	0	0	0	107.583	1173
11	20	0	0	0	0	107.089	1174
13	20	0	0	0	0	105.771	1175
13	21	0	0	0	0	110.859	1176
13	21	0	0	0	0	105.326	1177
13	21	0	0	0	0	109.58	1178
14	21	0	0	0	0	104.198	1179
14	21	0	0	0	0	109.373	1180
14	21	0	0	0	0	131.946	1181
14	21	0	0	0	0	126.309	1182
14	21	0	0	0	0	125.962	1183
14	21	0	0	0	0	123.485	1184
14	21	0	0	0	0	112.849	1185
14	21	0	0	0	0	116.415	1186
14	22	0	0	0	0	122.827	1187
14	23	0	0	0	0	124.378	1188
14	22	0	0	0	0	118.167	1189
14	21	0	0	0	0	114.198	1190
14	21	0	0	0	0	113.451	1191
14	21	0	0	0	0	113.617	1192
14	21	0	0	0	0	115.186	1193
15	21	0	0	0	0	121.186	1194
14	21	0	0	0	0	123.14	1195
14	20	0	0	0	0	119.21	1196
14	21	0	0	0	0	114.842	1197
15	21	0	0	0	0	115.093	1198
17	20	0	0	0	0	123.334	1199
17	19	0	0	0	0	109.917	1200
17	19	0	0	0	0	119.188	1201
17	19	0	0	0	0	125.986	1202
17	19	0	0	0	0	128.01	1203
17	19	0	0	0	0	118.963	1204
17	19	0	0	0	0	125.83	1205
17	19	0	0	0	0	124.95	1206
17	19	0	0	0	0	118.385	1207
17	19	0	0	0	0	123.143	1208
17	20	0	0	0	0	123.343	1209
17	20	0	0	0	0	119.713	1210
17	20	0	0	0	0	126.131	1211
17	20	0	0	0	0	117.556	1212
17	19	0	0	0	0	123.24	1213
17	18	0	0	0	0	114.042	1214
18	18	0	0	0	0	132.06	1215
18	18	0	0	0	0	129.31	1216
18	20	0	0	0	0	121.388	1217
18	20	0	0	0	0	126.759	1218
18	20	0	0	0	0	128.571	1219
18	20	0	0	0	0	135.459	1220
18	20	0	0	0	0	130.491	1221
18	20	0	0	0	0	129.376	1222
18	20	0	0	0	0	127.033	1223
18	20	0	0	0	0	131.991	1224
18	21	0	0	0	0	142.3	1225
18	21	0	0	0	0	132.732	1226
18	21	0	0	0	0	135.909	1227
18	21	0	0	0	0	140.138	1228
18	21	0	0	0	0	132.838	1229
18	21	0	0	0	0	130.778	1230
18	23	0	0	0	0	138.745	1231
17	23	0	0	0	0	126.909	1232
17	23	0	0	0	0	127.51	1233
17	23	0	0	0	0	134.476	1234
17	20	0	0	0	0	128.365	1235
17	20	0	0	0	0	126.094	1236
17	20	0	0	0	0	133.68	1237
17	20	0	0	0	0	132.183	1238
17	20	0	0	0	0	128.788	1239
16	20	0	0	0	0	122.685	1240
16	20	0	0	0	0	129.257	1241
16	21	0	0	0	0	127.139	1242
16	21	0	0	0	0	130.682	1243
16	20	0	0	0	0	131.63	1244
16	20	0	0	0	0	117.441	1245
15	20	0	0	0	0	126.323	1246
15	21	0	0	0	0	127.211	1247
15	21	0	0	0	0	126.161	1248
15	21	0	0	0	0	109.011	1249
15	21	0	0	0	0	121.436	1250
15	20	0	0	0	0	115.557	1251
15	19	0	0	0	0	112.661	1252
15	19	0	0	0	0	125.314	1253
15	19	0	0	0	0	100.775	1254
14	19	0	0	0	0	105.795	1255
12	19	0	0	0	0	107.247	1256
13	19	0	0	0	0	106.067	1257
13	19	0	0	0	0	107.156	1258
14	19	0	0	0	0	94.7826	1259
14	19	0	0	0	0	116.429	1260
14	19	0	0	0	0	108.002	1261
13	18	0	0	0	0	110.329	1262
13	18	0	0	0	0	98.0871	1263
13	20	0	0	0	0	106.664	1264
13	21	0	0	0	0	114.473	1265
13	21	0	0	0	0	113.843	1266
13	21	0	0	0	0	115.03	1267
13	21	0	0	0	0	112.382	1268
13	21	0	0	0	0	115.626	1269
13	21	0	0	0	0	106.238	1270
13	21	0	0	0	0	107.332	1271
13	20	0	0	0	0	100.84	1272
14	21	0	0	0	0	114.381	1273
14	20	0	0	0	0	119.025	1274
14	19	0	0	0	0	104.438	1275
13	19	0	0	0	0	108.822	1276
13	20	0	0	0	0	105.386	1277
16	19	0	0	0	0	104.673	1278
16	18	0	0	0	0	100.116	1279
17	18	0	0	0	0	121.668	1280
17	18	0	0	0	0	115.099	1281
17	18	0	0	0	0	116.69	1282
17	19	0	0	0	0	114.941	1283
17	19	0	0	0	0	107.459	1284
17	19	0	0	0	0	110.496	1285
14	19	0	0	0	0	102.23	1286
14	19	0	0	0	0	109.988	1287
13	19	0	0	0	0	110.143	1288
12	19	0	0	0	0	98.2059	1289
12	19	0	0	0	0	98.0621	1290
12	19	0	0	0	0	103.612	1291
12	19	0	0	0	0	99.189	1292
13	19	0	0	0	0	106.332	1293
13	19	0	0	0	0	109.964	1294
13	18	0	0	0	0	103.357	1295
13	18	0	0	0	0	101.771	1296
13	18	0	0	0	0	103.112	1297
13	18	0	0	0	0	114.996	1298
13	18	0	0	0	0	105.732	1299
13	18	0	0	0	0	106.438	1300
14	18	0	0	0	0	110.535	1301
14	18	0	0	0	0	104.143	1302
14	18	0	0	0	0	105.39	1303
14	18	0	0	0	0	115.191	1304
14	18	0	0	0	0	105.156	1305
14	18	0	0	0	0	101.261	1306
14	17	0	0	0	0	102.897	1307
14	17	0	0	0	0	109.443	1308
14	17	0	0	0	0	106.721	1309
15	17	0	0	0	0	104.435	1310
16	17	0	0	0	0	111.244	1311
16	17	0	0	0	0	113.738	1312
16	17	0	0	0	0	114.559	1313
17	17	0	0	0	0	119.007	1314
17	17	0	0	0	0	119.941	1315
17	17	0	0	0	0	113.93	1316
17	17	0	0	0	0	112.032	1317
17	17	0	0	0	0	107.551	1318
17	16	0	0	0	0	115.514	1319
17	16	0	0	0	0	116.567	1320
17	16	0	0	0	0	107.897	1321
17	16	0	0	0	0	117.25	1322
17	16	0	0	0	0	109.509	1323
17	16	0	0	0	0	101.077	1324
14	15	0	0	0	0	98.94	1325
14	14	0	0	0	0	86.0459	1326
14	13	0	0	0	0	90.1156	1327
14	12	0	0	0	0	81.418	1328
14	13	0	0	0	0	86.328	1329
15	12	0	0	0	0	93.8804	1330
15	12	0	0	0	0	82.0762	1331
15	9	0	0	0	0	55.3905	1332
15	9	0	0	0	0	58.9363	1333
15	7	0	0	0	0	73.0529	1334
15	6	0	0	0	0	61.0754	1335
16	5	0	0	0	0	65.1666	1336
16	5	0	0	0	0	55.8635	1337
16	4	0	0	0	0	42.8651	1338
16	4	0	0	0	0	48.3563	1339
16	4	0	0	0	0	56.3515	1340
16	3	0	0	0	0	52.6	1341
16	3	0	0	0	0	50.4442	1342
16	1	0	0	0	0	54.5195	1343
16	1	0	0	0	0	60.515	1344
16	1	0	0	0	0	55.469	1345
17	1	0	0	0	0	58.4459	1346
17	1	0	0	0	0	59.779	1347
18	1	0	0	0	0	56.2783	1348
18	1	0	0	0	0	63.0024	1349
18	1	0	0	0	0	56.052	1350
18	1	0	0	0	0	46.6517	1351
18	1	0	0	0	0	60.46	1352
17	1	0	0	0	0	56.5151	1353
17	1	0	0	0	0	56.937	1354
17	1	0	0	0	0	48.1347	1355
17	1	0	0	0	0	60.5149	1356
17	1	0	0	0	0	51.2237	1357
17	1	0	0	0	0	58.2514	1358
17	1	0	0	0	0	58.3286	1359
17	1	0	0	0	0	61.8426	1360
17	1	0	0	0	0	60.7035	1361
17	1	0	0	0	0	54.0556	1362
17	1	0	0	0	0	56.81	1363
17	1	0	0	0	0	60.515	1364
16	1	0	0	0	0	56.3743	1365
17	1	0	0	0	0	54.992	1366
17	1	0	0	0	0	59.8012	1367
17	1	0	0	0	0	56.4224	1368
17	1	0	0	0	0	59.1414	1369
17	1	0	0	0	0	56.5989	1370
17	1	0	0	0	0	56.6798	1371
17	1	0	0	0	0	61.6352	1372
17	1	0	0	0	0	64.2289	1373
17	1	0	0	0	0	63.926	1374
17	1	0	0	0	0	46.2636	1375
17	1	0	0	0	0	58.6613	1376
17	1	0	0	0	0	58.7202	1377
17	1	0	0	0	0	57.0411	1378
17	1	0	0	0	0	60.5149	1379
16	1	0	0	0	0	50.5564	1380
16	1	0	0	0	0	59.1345	1381
16	1	0	0	0	0	56.5332	1382
16	1	0	0	0	0	48.341	1383
16	1	0	0	0	0	59.7483	1384
16	1	0	0	0	0	54.015	1385
16	1	0	0	0	0	53.0643	1386
16	1	0	0	0	0	49.5197	1387
17	0	0	0	0	0	49.9968	1388
17	0	0	0	0	0	55.4313	1389
16	0	0	0	0	0	54.0332	1390
16	0	0	0	0	0	54.7314	1391
16	0	0	0	0	0	54.4746	1392
16	0	0	0	0	0	56.3059	1393
16	0	0	0	0	0	53.8528	1394
16	0	0	0	0	0	54.6241	1395
16	0	0	0	0	0	51.837	1396
16	0	0	0	0	0	56.4471	1397
16	0	0	0	0	0	45.6577	1398
16	0	0	0	0	0	46.6931	1399
16	0	0	0	0	0	53.6416	1400
16	0	0	0	0	0	53.8713	1401
16	0	0	0	0	0	53.442	1402
17	0	0	0	0	0	54.7691	1403
17	0	0	0	0	0	53.0643	1404
17	0	0	0	0	0	46.774	1405
18	0	0	0	0	0	55.5722	1406
17	0	0	0	0	0	51.7463	1407
17	0	0	0	0	0	52.1224	1408
16	0	0	0	0	0	48.5015	1409
17	1	0	0	0	0	56.4368	1410
17	1	0	0	0	0	53.0977	1411
17	1	0	0	0	0	61.9671	1412
18	1	0	0	0	0	60.7774	1413
18	2	0	0	0	0	58.5034	1414
18	2	0	0	0	0	64.7361	1415
18	2	0	0	0	0	63.4369	1416
18	2	0	0	0	0	72.0793	1417
18	2	0	0	0	0	66.4009	1418
18	3	0	0	0	0	67.0991	1419
18	3	0	0	0	0	72.1196	1420
18	3	0	0	0	0	76.9309	1421
18	3	0	0	0	0	51.9928	1422
17	3	0	0	0	0	57.7374	1423
17	3	0	0	0	0	67.0416	1424
17	3	0	0	0	0	60.739	1425
17	4	0	0	0	0	66.1424	1426
17	4	0	0	0	0	63.2128	1427
14	4	0	0	0	0	59.7858	1428
14	5	0	0	0	0	50.6254	1429
12	5	0	0	0	0	53.5758	1430
12	5	0	0	0	0	54.7865	1431
12	5	0	0	0	0	54.5017	1432
12	5	0	0	0	0	59.316	1433
12	5	0	0	0	0	57.9526	1434
12	5	0	0	0	0	56.192	1435
13	5	0	0	0	0	58.9081	1436
14	5	0	0	0	0	57.8479	1437
13	5	0	0	0	0	52.935	1438
13	5	0	0	0	0	62.7627	1439
13	5	0	0	0	0	61.1091	1440
13	6	0	0	0	0	64.1372	1441
13	8	0	0	0	0	63.1187	1442
13	8	0	0	0	0	60.4301	1443
13	9	0	0	0	0	69.5801	1444
13	9	0	0	0	0	76.064	1445
13	9	0	0	0	0	76.6949	1446
13	9	0	0	0	0	78.9937	1447
13	9	0	0	0	0	74.2684	1448
13	9	0	0	0	0	71.8801	1449
15	10	0	0	0	0	76.7609	1450
14	10	0	0	0	0	82.1691	1451
15	11	0	0	0	0	78.2967	1452
17	11	0	0	0	0	79.9188	1453
18	11	0	0	0	0	95.9346	1454
18	11	0	0	0	0	97.1752	1455
18	11	0	0	0	0	101.247	1456
18	11	0	0	0	0	92.0647	1457
18	11	0	0	0	0	96.7119	1458
18	11	0	0	0	0	98.139	1459
18	11	0	0	0	0	92.1958	1460
15	11	0	0	0	0	84.4894	1461
15	11	0	0	0	0	87.285	1462
15	11	0	0	0	0	91.8381	1463
15	10	0	0	0	0	76.5703	1464
15	10	0	0	0	0	75.8258	1465
15	10	0	0	0	0	87.5426	1466
15	10	0	0	0	0	80.7152	1467
15	10	0	0	0	0	83.2203	1468
15	10	0	0	0	0	85.9953	1469
15	10	0	0	0	0	85.4648	1470
17	10	0	0	0	0	83.9343	1471
17	10	0	0	0	0	94.0807	1472
18	10	0	0	0	0	91.7073	1473
18	10	0	0	0	0	93.7339	1474
18	10	0	0	0	0	91.1231	1475
18	11	0	0	0	0	86.4163	1476
18	11	0	0	0	0	87.3114	1477
18	11	0	0	0	0	103.292	1478
19	11	0	0	0	0	97.0556	1479
19	11	0	0	0	0	87.771	1480
18	11	0	0	0	0	95.784	1481
17	12	0	0	0	0	93.4271	1482
17	12	0	0	0	0	89.3421	1483
17	12	0	0	0	0	99.6821	1484
17	12	0	0	0	0	95.3315	1485
17	12	0	0	0	0	89.1908	1486
18	12	0	0	0	0	95.5741	1487
17	12	0	0	0	0	97.8253	1488
17	12	0	0	0	0	85.7061	1489
17	13	0	0	0	0	96.5721	1490
17	13	0	0	0	0	101.598	1491
17	13	0	0	0	0	96.9218	1492
17	13	0	0	0	0	97.0817	1493
17	14	0	0	0	0	79.2083	1494
18	13	0	0	0	0	89.5335	1495
18	13	0	0	0	0	93.9168	1496
19	13	0	0	0	0	93.0336	1497
19	13	0	0	0	0	93.3724	1498
19	13	0	0	0	0	95.761	1499
19	12	0	0	0	0	87.572	1500
19	12	0	0	0	0	85.3191	1501
19	12	0	0	0	0	93.4072	1502
19	12	0	0	0	0	102.795	1503
19	12	0	0	0	0	111.41	1504
19	12	0	0	0	0	84.5537	1505
20	11	0	0	0	0	96.3637	1506
20	11	0	0	0	0	97.1444	1507
20	11	0	0	0	0	111.962	1508
20	11	0	0	0	0	108.472	1509
20	11	0	0	0	0	109.628	1510
20	11	0	0	0	0	110.484	1511
20	11	0	0	0	0	106.469	1512
20	11	0	0	0	0	105.22	1513
20	11	0	0	0	0	106.204	1514
20	10	0	0	0	0	102.587	1515
20	10	0	0	0	0	107.36	1516
20	10	0	0	0	0	110.919	1517
20	10	0	0	0	0	98.9451	1518
21	10	0	0	0	0	110.374	1519
21	10	0	0	0	0	112.731	1520
21	11	0	0	0	0	95.5611	1521
20	10	0	0	0	0	101.44	1522
20	10	0	0	0	0	107.799	1523
20	10	0	0	0	0	103.951	1524
20	10	0	0	0	0	98.6608	1525
20	11	0	0	0	0	94.6526	1526
20	11	0	0	0	0	98.3692	1527
20	14	0	0	0	0	100.874	1528
19	14	0	0	0	0	93.6016	1529
20	15	0	0	0	0	96.9785	1530
20	15	0	0	0	0	106.313	1531
19	15	0	0	0	0	93.183	1532
20	15	0	0	0	0	86.466	1533
20	15	0	0	0	0	102.494	1534
20	15	0	0	0	0	122.812	1535
20	14	0	0	0	0	106.343	1536
20	14	0	0	0	0	123.208	1537
20	14	0	0	0	0	118.211	1538
20	14	0	0	0	0	96.7974	1539
20	14	0	0	0	0	87.7927	1540
20	14	0	0	0	0	111.944	1541
20	14	0	0	0	0	99.9627	1542
20	14	0	0	0	0	101.777	1543
20	15	0	0	0	0	113.974	1544
19	15	0	0	0	0	104.108	1545
18	15	0	0	0	0	107.977	1546
17	15	0	0	0	0	108.703	1547
18	15	0	0	0	0	109.21	1548
19	15	0	0	0	0	114.711	1549
19	15	0	0	0	0	97.6076	1550
20	15	0	0	0	0	103.295	1551
21	15	0	0	0	0	120.784	1552
21	15	0	0	0	0	126.719	1553
21	15	0	0	0	0	120.789	1554
21	15	0	0	0	0	115.679	1555
21	15	0	0	0	0	129.696	1556
21	15	0	0	0	0	122.638	1557
20	14	0	0	0	0	120.54	1558
20	14	0	0	0	0	106.08	1559
20	14	0	0	0	0	116.287	1560
20	14	0	0	0	0	124.13	1561
20	14	0	0	0	0	122.135	1562
20	14	0	0	0	0	112.779	1563
20	14	0	0	0	0	110.392	1564
20	14	0	0	0	0	118.886	1565
19	14	0	0	0	0	112.699	1566
19	14	0	0	0	0	118.802	1567
20	14	0	0	0	0	115.816	1568
20	14	0	0	0	0	115.056	1569
21	14	0	0	0	0	126.32	1570
21	15	0	0	0	0	121.231	1571
21	15	0	0	0	0	102.37	1572
21	15	0	0	0	0	120.835	1573
21	16	0	0	0	0	125.019	1574
21	17	0	0	0	0	126.639	1575
21	17	0	0	0	0	119.731	1576
21	17	0	0	0	0	131.517	1577
21	16	0	0	0	0	133.889	1578
21	17	0	0	0	0	135.435	1579
21	16	0	0	0	0	113.441	1580
22	16	0	0	0	0	123.139	1581
22	14	0	0	0	0	127.349	1582
22	14	0	0	0	0	129.858	1583
22	14	0	0	0	0	119.09	1584
22	13	0	0	0	0	127.019	1585
22	13	0	0	0	0	118.193	1586
22	13	0	0	0	0	117.593	1587
22	13	0	0	0	0	123.358	1588
22	13	0	0	0	0	125.22	1589
22	13	0	0	0	0	119.725	1590
22	13	0	0	0	0	125.48	1591
21	13	0	0	0	0	114.997	1592
21	17	0	0	0	0	127.595	1593
21	17	0	0	0	0	126.316	1594
21	17	0	0	0	0	135.063	1595
21	17	0	0	0	0	120.166	1596
21	17	0	0	0	0	127.73	1597
21	17	0	0	0	0	130.432	1598
21	17	0	0	0	0	105.095	1599
17	16	0	0	0	0	101.146	1600
17	16	0	0	0	0	111.522	1601
15	16	0	0	0	0	105.872	1602
14	16	0	0	0	0	111.715	1603
14	16	0	0	0	0	97.3769	1604
14	16	0	0	0	0	101.538	1605
14	16	0	0	0	0	101.132	1606
14	16	0	0	0	0	111.615	1607
14	16	0	0	0	0	102.84	1608
14	16	0	0	0	0	98.6161	1609
14	16	0	0	0	0	109.32	1610
14	16	0	0	0	0	100.281	1611
14	16	0	0	0	0	103.689	1612
14	16	0	0	0	0	104.314	1613
14	16	0	0	0	0	105.281	1614
14	22	0	0	0	0	101.323	1615
13	22	0	0	0	0	117.927	1616
13	22	0	0	0	0	114.554	1617
13	22	0	0	0	0	123.034	1618
13	22	0	0	0	0	112.609	1619
14	22	0	0	0	0	115.644	1620
13	22	0	0	0	0	107.491	1621
13	22	0	0	0	0	129.957	1622
13	22	0	0	0	0	112.022	1623
10	22	0	0	0	0	100.887	1624
10	22	0	0	0	0	105.811	1625
10	22	0	0	0	0	103.808	1626
10	22	0	0	0	0	114.427	1627
10	23	0	0	0	0	109.257	1628
10	23	0	0	0	0	112.772	1629
10	23	0	0	0	0	122.934	1630
10	24	0	0	0	0	105.644	1631
10	23	0	0	0	0	105.997	1632
10	23	0	0	0	0	117.658	1633
10	23	0	0	0	0	101.058	1634
10	23	0	0	0	0	109.948	1635
10	23	0	0	0	0	114.478	1636
10	23	0	0	0	0	103.491	1637
10	23	0	0	0	0	99.832	1638
10	22	0	0	0	0	110.194	1639
10	21	0	0	0	0	114.397	1640
10	21	0	0	0	0	104.054	1641
10	21	0	0	0	0	114.921	1642
10	21	0	0	0	0	99.9324	1643
11	21	0	0	0	0	101.157	1644
11	21	0	0	0	0	105.444	1645
11	21	0	0	0	0	118.907	1646
12	21	0	0	0	0	107.699	1647
12	21	0	0	0	0	111.104	1648
11	21	0	0	0	0	106.017	1649
11	21	0	0	0	0	109.248	1650
12	21	0	0	0	0	115.82	1651
12	21	0	0	0	0	114.205	1652
12	21	0	0	0	0	107.391	1653
12	21	0	0	0	0	106.794	1654
12	21	0	0	0	0	111.961	1655
12	21	0	0	0	0	111.367	1656
12	21	0	0	0	0	121.466	1657
12	21	0	0	0	0	116.555	1658
12	22	0	0	0	0	115.915	1659
12	22	0	0	0	0	112.927	1660
13	22	0	0	0	0	120.791	1661
13	22	0	0	0	0	113.208	1662
14	21	0	0	0	0	119.017	1663
14	21	0	0	0	0	119.012	1664
14	21	0	0	0	0	114.951	1665
14	21	0	0	0	0	118.661	1666
13	20	0	0	0	0	109.56	1667
13	20	0	0	0	0	113.468	1668
14	20	0	0	0	0	114.477	1669
14	19	0	0	0	0	101.834	1670
14	19	0	0	0	0	94.9305	1671
14	19	0	0	0	0	118.148	1672
14	19	0	0	0	0	117.54	1673
15	19	0	0	0	0	105.704	1674
14	19	0	0	0	0	105.352	1675
14	17	0	0	0	0	98.9517	1676
14	17	0	0	0	0	95.1077	1677
14	18	0	0	0	0	106.743	1678
15	18	0	0	0	0	104.194	1679
15	19	0	0	0	0	110.662	1680
16	19	0	0	0	0	106.72	1681
17	19	0	0	0	0	113.042	1682
15	19	0	0	0	0	100.482	1683
15	19	0	0	0	0	116.386	1684
15	21	0	0	0	0	116.524	1685
15	21	0	0	0	0	115.36	1686
15	22	0	0	0	0	114.947	1687
16	23	0	0	0	0	121.256	1688
15	23	0	0	0	0	129.25	1689
15	22	0	0	0	0	127.868	1690
15	22	0	0	0	0	122.32	1691
16	22	0	0	0	0	122.101	1692
16	22	0	0	0	0	131.98	1693
16	21	0	0	0	0	116.493	1694
16	21	0	0	0	0	121.49	1695
16	21	0	0	0	0	98.6577	1696
16	21	0	0	0	0	103.979	1697
16	20	0	0	0	0	108.34	1698
16	20	0	0	0	0	101.5	1699
15	19	0	0	0	0	92.8364	1700
15	19	0	0	0	0	103.935	1701
13	19	0	0	0	0	108.778	1702
13	18	0	0	0	0	106.168	1703
13	18	0	0	0	0	96.2357	1704
13	18	0	0	0	0	106.75	1705
13	18	0	0	0	0	97.3237	1706
13	18	0	0	0	0	99.8601	1707
13	18	0	0	0	0	102.007	1708
13	18	0	0	0	0	95.2419	1709
13	17	0	0	0	0	88.137	1710
13	17	0	0	0	0	99.615	1711
13	17	0	0	0	0	90.2813	1712
13	17	0	0	0	0	91.3927	1713
13	17	0	0	0	0	86.8624	1714
13	16	0	0	0	0	91.5313	1715
13	15	0	0	0	0	87.0357	1716
14	15	0	0	0	0	88.8577	1717
14	13	0	0	0	0	88.3742	1718
14	13	0	0	0	0	86.2451	1719
14	13	0	0	0	0	72.8379	1720
15	12	0	0	0	0	88.6452	1721
15	12	0	0	0	0	82.9605	1722
15	12	0	0	0	0	85.5954	1723
15	12	0	0	0	0	92.6807	1724
15	13	0	0	0	0	90.1431	1725
15	13	0	0	0	0	93.6628	1726
15	13	0	0	0	0	102.593	1727
15	13	0	0	0	0	90.9964	1728
15	13	0	0	0	0	95.4765	1729
15	14	0	0	0	0	97.9481	1730
15	15	0	0	0	0	101.807	1731
15	15	0	0	0	0	91.9553	1732
15	14	0	0	0	0	87.6917	1733
14	14	0	0	0	0	86.8118	1734
14	13	0	0	0	0	81.1412	1735
15	13	0	0	0	0	84.3787	1736
15	13	0	0	0	0	82.7015	1737
14	13	0	0	0	0	87.0546	1738
14	11	0	0	0	0	86.2413	1739
14	10	0	0	0	0	76.363	1740
14	10	0	0	0	0	76.0033	1741
14	10	0	0	0	0	82.0082	1742
14	10	0	0	0	0	75.5068	1743
14	10	0	0	0	0	60.2595	1744
14	10	0	0	0	0	85.5753	1745
15	10	0	0	0	0	77.5027	1746
15	10	0	0	0	0	73.8623	1747
15	9	0	0	0	0	75.3921	1748
15	9	0	0	0	0	85.0513	1749
15	9	0	0	0	0	80.7153	1750
16	10	0	0	0	0	73.0433	1751
16	10	0	0	0	0	76.8387	1752
16	9	0	0	0	0	91.8434	1753
16	10	0	0	0	0	76.8382	1754
16	10	0	0	0	0	85.6364	1755
16	10	0	0	0	0	90.0646	1756
16	10	0	0	0	0	94.0946	1757
17	10	0	0	0	0	79.3556	1758
17	9	0	0	0	0	85.4756	1759
17	9	0	0	0	0	84.138	1760
17	9	0	0	0	0	77.8636	1761
15	9	0	0	0	0	79.7975	1762
15	9	0	0	0	0	74.6451	1763
15	10	0	0	0	0	73.6413	1764
14	9	0	0	0	0	71.4267	1765
14	9	0	0	0	0	74.133	1766
13	9	0	0	0	0	73.2169	1767
13	9	0	0	0	0	68.2379	1768
14	9	0	0	0	0	67.3029	1769
13	9	0	0	0	0	66.2185	1770
13	9	0	0	0	0	71.6494	1771
13	9	0	0	0	0	73.6256	1772
13	9	0	0	0	0	67.3392	1773
13	8	0	0	0	0	69.5839	1774
13	8	0	0	0	0	71.7576	1775
13	8	0	0	0	0	67.013	1776
13	8	0	0	0	0	64.256	1777
13	8	0	0	0	0	67.7764	1778
13	8	0	0	0	0	73.6995	1779
13	8	0	0	0	0	62.3617	1780
13	9	0	0	0	0	70.8378	1781
13	9	0	0	0	0	59.0227	1782
13	9	0	0	0	0	66.9944	1783
12	9	0	0	0	0	72.1939	1784
12	9	0	0	0	0	67.3703	1785
12	9	0	0	0	0	67.0097	1786
12	9	0	0	0	0	75.244	1787
12	9	0	0	0	0	57.6195	1788
12	9	0	0	0	0	67.6057	1789
12	11	0	0	0	0	62.0314	1790
13	10	0	0	0	0	68.9819	1791
13	10	0	0	0	0	78.8134	1792
13	10	0	0	0	0	71.9963	1793
13	10	0	0	0	0	72.2483	1794
13	10	0	0	0	0	67.1806	1795
13	9	0	0	0	0	74.8397	1796
13	9	0	0	0	0	76.9014	1797
13	9	0	0	0	0	73.6972	1798
13	8	0	0	0	0	73.4321	1799
13	8	0	0	0	0	76.7056	1800
13	8	0	0	0	0	66.1918	1801
13	11	0	0	0	0	73.3457	1802
13	12	0	0	0	0	80.9	1803
13	12	0	0	0	0	88.1009	1804
13	12	0	0	0	0	83.5987	1805
13	12	0	0	0	0	84.3804	1806
13	12	0	0	0	0	84.8576	1807
13	12	0	0	0	0	92.4528	1808
13	12	0	0	0	0	84.2148	1809
13	12	0	0	0	0	77.5513	1810
12	12	0	0	0	0	78.8088	1811
12	12	0	0	0	0	85.3763	1812
12	12	0	0	0	0	88.4212	1813
13	12	0	0	0	0	67.316	1814
13	12	0	0	0	0	69.9629	1815
13	12	0	0	0	0	78.3848	1816
13	13	0	0	0	0	82.5873	1817
13	14	0	0	0	0	92.2002	1818
13	14	0	0	0	0	89.1275	1819
13	16	0	0	0	0	89.6473	1820
12	16	0	0	0	0	84.1279	1821
12	19	0	0	0	0	83.8909	1822
12	19	0	0	0	0	81.1089	1823
10	19	0	0	0	0	75.9904	1824
10	18	0	0	0	0	77.6279	1825
10	18	0	0	0	0	78.7338	1826
10	18	0	0	0	0	75.5825	1827
9	18	0	0	0	0	88.1626	1828
8	18	0	0	0	0	80.3264	1829
8	18	0	0	0	0	87.9794	1830
7	18	0	0	0	0	82.4647	1831
7	18	0	0	0	0	78.2672	1832
7	18	0	0	0	0	85.3801	1833
7	18	0	0	0	0	85.8319	1834
7	17	0	0	0	0	77.4042	1835
7	17	0	0	0	0	84.4197	1836
7	17	0	0	0	0	74.0813	1837
7	16	0	0	0	0	74.5585	1838
7	16	0	0	0	0	71.2251	1839
7	16	0	0	0	0	79.4695	1840
9	17	0	0	0	0	76.1951	1841
9	17	0	0	0	0	95.1445	1842
10	17	0	0	0	0	90.5124	1843
10	17	0	0	0	0	83.6103	1844
11	17	0	0	0	0	90.1056	1845
11	17	0	0	0	0	91.9813	1846
11	17	0	0	0	0	95.0481	1847
11	17	0	0	0	0	87.5483	1848
13	17	0	0	0	0	98.1851	1849
13	17	0	0	0	0	106.801	1850
13	17	0	0	0	0	105.343	1851
13	17	0	0	0	0	94.3066	1852
13	17	0	0	0	0	106.764	1853
13	17	0	0	0	0	103.933	1854
13	18	0	0	0	0	104.222	1855
13	18	0	0	0	0	102.74	1856
13	18	0	0	0	0	107.203	1857
13	18	0	0	0	0	105.068	1858
13	18	0	0	0	0	105.282	1859
13	18	0	0	0	0	101.569	1860
13	18	0	0	0	0	101.621	1861
13	18	0	0	0	0	102.92	1862
14	18	0	0	0	0	92.5281	1863
14	17	0	0	0	0	109.109	1864
14	17	0	0	0	0	111.009	1865
14	17	0	0	0	0	113.277	1866
14	18	0	0	0	0	105.054	1867
14	18	0	0	0	0	104.068	1868
14	18	0	0	0	0	112.983	1869
15	18	0	0	0	0	109.873	1870
15	18	0	0	0	0	111.999	1871
15	18	0	0	0	0	112.792	1872
16	18	0	0	0	0	117.349	1873
16	18	0	0	0	0	114.587	1874
16	18	0	0	0	0	117.889	1875
17	18	0	0	0	0	111.081	1876
17	17	0	0	0	0	116.47	1877
17	17	0	0	0	0	107.318	1878
19	17	0	0	0	0	116.693	1879
19	16	0	0	0	0	121.613	1880
18	16	0	0	0	0	117.87	1881
18	17	0	0	0	0	101.281	1882
18	17	0	0	0	0	107.038	1883
18	17	0	0	0	0	104.12	1884
18	17	0	0	0	0	103.369	1885
15	17	0	0	0	0	100.976	1886
15	17	0	0	0	0	117.92	1887
15	17	0	0	0	0	104.516	1888
15	17	0	0	0	0	99.3666	1889
15	17	0	0	0	0	107.15	1890
15	17	0	0	0	0	104.249	1891
15	17	0	0	0	0	108.774	1892
16	17	0	0	0	0	111.664	1893
17	17	0	0	0	0	101.483	1894
17	17	0	0	0	0	107.487	1895
17	17	0	0	0	0	109.333	1896
17	17	0	0	0	0	109.766	1897
17	17	0	0	0	0	104.226	1898
18	17	0	0	0	0	108.446	1899
18	17	0	0	0	0	110.092	1900
18	16	0	0	0	0	104.844	1901
18	15	0	0	0	0	114.622	1902
19	15	0	0	0	0	120.263	1903
19	15	0	0	0	0	112.075	1904
19	15	0	0	0	0	107.195	1905
19	14	0	0	0	0	111.649	1906
19	15	0	0	0	0	116.781	1907
20	15	0	0	0	0	113.096	1908
20	15	0	0	0	0	108.593	1909
20	15	0	0	0	0	114.775	1910
20	15	0	0	0	0	114.754	1911
20	15	0	0	0	0	116.64	1912
20	15	0	0	0	0	100.459	1913
20	14	0	0	0	0	111.664	1914
20	14	0	0	0	0	114.815	1915
20	14	0	0	0	0	108.275	1916
20	14	0	0	0	0	122.464	1917
20	14	0	0	0	0	118.297	1918
21	14	0	0	0	0	115.612	1919
20	14	0	0	0	0	88.7178	1920
20	14	0	0	0	0	119.817	1921
20	14	0	0	0	0	120.834	1922
21	14	0	0	0	0	118.851	1923
21	14	0	0	0	0	117.897	1924
21	14	0	0	0	0	114.109	1925
21	14	0	0	0	0	121.373	1926
21	14	0	0	0	0	113.011	1927
21	14	0	0	0	0	122.935	1928
22	15	0	0	0	0	122.88	1929
22	15	0	0	0	0	125.858	1930
22	15	0	0	0	0	107.019	1931
22	15	0	0	0	0	119.839	1932
22	15	0	0	0	0	116.35	1933
22	15	0	0	0	0	129.913	1934
22	14	0	0	0	0	127.938	1935
22	14	0	0	0	0	129.302	1936
22	14	0	0	0	0	107.502	1937
21	14	0	0	0	0	118.913	1938
21	14	0	0	0	0	114.423	1939
21	13	0	0	0	0	100.723	1940
20	13	0	0	0	0	102.919	1941
20	13	0	0	0	0	114.46	1942
20	13	0	0	0	0	104.312	1943
20	13	0	0	0	0	113.555	1944
21	12	0	0	0	0	108.139	1945
21	12	0	0	0	0	112.924	1946
21	12	0	0	0	0	114.362	1947
21	12	0	0	0	0	116.71	1948
21	12	0	0	0	0	111.107	1949
21	12	0	0	0	0	118.207	1950
21	13	0	0	0	0	114.934	1951
21	13	0	0	0	0	116.428	1952
21	13	0	0	0	0	122.129	1953
22	13	0	0	0	0	110.21	1954
23	12	0	0	0	0	102.668	1955
22	12	0	0	0	0	109.451	1956
24	12	0	0	0	0	105.532	1957
24	11	0	0	0	0	109.57	1958
24	11	0	0	0	0	115.58	1959
23	10	0	0	0	0	112.33	1960
23	10	0	0	0	0	115.82	1961
23	10	0	0	0	0	118.597	1962
23	10	0	0	0	0	97.3349	1963
22	10	0	0	0	0	100.708	1964
22	10	0	0	0	0	101.913	1965
22	10	0	0	0	0	104.348	1966
22	10	0	0	0	0	98.9758	1967
22	9	0	0	0	0	97.5828	1968
22	9	0	0	0	0	100.293	1969
22	9	0	0	0	0	88.5427	1970
23	9	0	0	0	0	99.1134	1971
23	7	0	0	0	0	99.3088	1972
23	7	0	0	0	0	96.8971	1973
23	7	0	0	0	0	99.0681	1974
23	7	0	0	0	0	93.7185	1975
23	7	0	0	0	0	95.7324	1976
23	7	0	0	0	0	91.2897	1977
22	7	0	0	0	0	100.631	1978
22	7	0	0	0	0	94.852	1979
22	7	0	0	0	0	97.7316	1980
20	7	0	0	0	0	95.5116	1981
20	7	0	0	0	0	99.8076	1982
20	7	0	0	0	0	93.5952	1983
20	9	0	0	0	0	96.7471	1984
20	9	0	0	0	0	56.5636	1985
20	10	0	0	0	0	60.1697	1986
21	10	0	0	0	0	65.4438	1987
21	10	0	0	0	0	63.4278	1988
21	10	0	0	0	0	61.6243	1989
21	11	0	0	0	0	60.7808	1990
18	10	0	0	0	0	63.1715	1991
18	10	0	0	0	0	65.159	1992
13	10	0	0	0	0	66.8238	1993
14	10	0	0	0	0	66.3712	1994
11	10	0	0	0	0	71.1199	1995
11	11	0	0	0	0	59.8769	1996
11	11	0	0	0	0	57.5281	1997
11	11	0	0	0	0	69.0197	1998
11	11	0	0	0	0	66.1298	1999
11	11	0	0	0	0	63.1108	2000
11	11	0	0	0	0	71.3256	2001
11	11	0	0	0	0	66.9879	2002
11	10	0	0	0	0	61.3246	2003
11	11	0	0	0	0	71.7085	2004
11	10	0	0	0	0	65.7053	2005
11	10	0	0	0	0	72.6409	2006
11	10	0	0	0	0	66.1277	2007
11	10	0	0	0	0	64.0779	2008
11	10	0	0	0	0	76.1907	2009
11	10	0	0	0	0	69.1729	2010
11	10	0	0	0	0	65.0527	2011
11	10	0	0	0	0	67.6379	2012
10	10	0	0	0	0	71.9855	2013
10	10	0	0	0	0	70.557	2014
10	10	0	0	0	0	63.5376	2015
10	10	0	0	0	0	62.0832	2016
10	9	0	0	0	0	53.806	2017
11	8	0	0	0	0	58.4883	2018
11	8	0	0	0	0	57.5527	2019
11	8	0	0	0	0	57.7557	2020
11	8	0	0	0	0	56.6814	2021
10	9	0	0	0	0	58.0605	2022
9	9	0	0	0	0	54.3436	2023
9	9	0	0	0	0	52.6509	2024
9	8	0	0	0	0	60.7364	2025
9	8	0	0	0	0	53.6881	2026
9	8	0	0	0	0	53.8758	2027
9	8	0	0	0	0	52.8557	2028
9	7	0	0	0	0	56.5512	2029
9	7	0	0	0	0	52.985	2030
9	7	0	0	0	0	51.0183	2031
9	7	0	0	0	0	56.9404	2032
9	7	0	0	0	0	53.1297	2033
9	7	0	0	0	0	54.3571	2034
9	7	0	0	0	0	47.4791	2035
9	7	0	0	0	0	48.9349	2036
9	7	0	0	0	0	50.5751	2037
9	7	0	0	0	0	45.2025	2038
10	7	0	0	0	0	50.6121	2039
10	7	0	0	0	0	48.3042	2040
9	7	0	0	0	0	52.3284	2041
9	7	0	0	0	0	49.1639	2042
9	7	0	0	0	0	49.6919	2043
9	7	0	0	0	0	56.4292	2044
9	7	0	0	0	0	53.9831	2045
9	7	0	0	0	0	54.3492	2046
9	7	0	0	0	0	54.2918	2047
9	7	0	0	0	0	40.7595	2048
9	7	0	0	0	0	50.5649	2049
9	7	0	0	0	0	50.5972	2050
9	7	0	0	0	0	49.4268	2051
9	7	0	0	0	0	47.7383	2052
9	7	0	0	0	0	48.4117	2053
10	7	0	0	0	0	50.5538	2054
11	7	0	0	0	0	48.2745	2055
11	7	0	0	0	0	50.0397	2056
11	7	0	0	0	0	47.2747	2057
11	7	0	0	0	0	46.5147	2058
11	7	0	0	0	0	46.1302	2059
11	7	0	0	0	0	43.996	2060
11	7	0	0	0	0	39.2911	2061
11	7	0	0	0	0	41.3127	2062
11	7	0	0	0	0	50.6232	2063
11	7	0	0	0	0	60.5825	2064
11	7	0	0	0	0	53.13	2065
11	7	0	0	0	0	58.1083	2066
11	7	0	0	0	0	56.2775	2067
11	7	0	0	0	0	52.5377	2068
11	7	0	0	0	0	57.9336	2069
11	7	0	0	0	0	58.1364	2070
11	6	0	0	0	0	55.2442	2071
11	6	0	0	0	0	55.4008	2072
11	6	0	0	0	0	60.6901	2073
11	6	0	0	0	0	49.0986	2074
11	6	0	0	0	0	58.1077	2075
11	6	0	0	0	0	55.6621	2076
11	6	0	0	0	0	50.4941	2077
12	6	0	0	0	0	50.5423	2078
11	5	0	0	0	0	45.4125	2079
11	5	0	0	0	0	53.8539	2080
11	5	0	0	0	0	53.8539	2081
11	5	0	0	0	0	47.0745	2082
11	5	0	0	0	0	52.1028	2083
11	5	0	0	0	0	53.8073	2084
11	5	0	0	0	0	51.4432	2085
11	7	0	0	0	0	52.6303	2086
11	7	0	0	0	0	52.8341	2087
11	7	0	0	0	0	48.5927	2088
11	7	0	0	0	0	50.9146	2089
11	7	0	0	0	0	55.6619	2090
12	7	0	0	0	0	57.2298	2091
11	7	0	0	0	0	59.7681	2092
11	7	0	0	0	0	50.2949	2093
11	6	0	0	0	0	50.3553	2094
9	6	0	0	0	0	46.847	2095
9	6	0	0	0	0	47.6633	2096
9	6	0	0	0	0	41.8594	2097
9	6	0	0	0	0	42.3615	2098
9	6	0	0	0	0	40.9877	2099
9	6	0	0	0	0	41.5835	2100
9	5	0	0	0	0	44.5589	2101
9	5	0	0	0	0	42.8609	2102
9	5	0	0	0	0	40.724	2103
9	5	0	0	0	0	34.363	2104
8	5	0	0	0	0	42.8417	2105
8	5	0	0	0	0	38.2141	2106
8	5	0	0	0	0	42.5383	2107
8	5	0	0	0	0	42.5383	2108
8	5	0	0	0	0	40.7089	2109
8	6	0	0	0	0	42.7689	2110
8	6	0	0	0	0	41.3588	2111
7	6	0	0	0	0	40.2221	2112
7	6	0	0	0	0	42.4304	2113
7	6	0	0	0	0	37.883	2114
7	6	0	0	0	0	44.7982	2115
7	6	0	0	0	0	42.9237	2116
7	8	0	0	0	0	34.9855	2117
7	8	0	0	0	0	50.6523	2118
7	8	0	0	0	0	50.0711	2119
7	9	0	0	0	0	44.6672	2120
7	9	0	0	0	0	53.6572	2121
7	9	0	0	0	0	52.0476	2122
7	8	0	0	0	0	52.5947	2123
7	8	0	0	0	0	42.6246	2124
7	8	0	0	0	0	47.4393	2125
7	8	0	0	0	0	52.3637	2126
8	8	0	0	0	0	48.8194	2127
8	8	0	0	0	0	48.8206	2128
8	8	0	0	0	0	51.11	2129
8	8	0	0	0	0	51.4758	2130
8	8	0	0	0	0	52.9043	2131
8	8	0	0	0	0	56.5325	2132
8	8	0	0	0	0	52.398	2133
8	8	0	0	0	0	50.2635	2134
8	8	0	0	0	0	49.7075	2135
8	8	0	0	0	0	49.9097	2136
8	8	0	0	0	0	54.7726	2137
8	8	0	0	0	0	52.8613	2138
8	8	0	0	0	0	52.5599	2139
8	7	0	0	0	0	44.7252	2140
8	7	0	0	0	0	48.3568	2141
8	6	0	0	0	0	42.6444	2142
8	6	0	0	0	0	42.167	2143
8	6	0	0	0	0	35.3835	2144
7	6	0	0	0	0	42.2799	2145
7	6	0	0	0	0	40.3043	2146
7	6	0	0	0	0	44.6991	2147
7	6	0	0	0	0	43.8351	2148
7	6	0	0	0	0	40.6078	2149
7	6	0	0	0	0	40.7607	2150
7	6	0	0	0	0	42.9527	2151
7	6	0	0	0	0	39.0487	2152
7	6	0	0	0	0	41.9603	2153
7	6	0	0	0	0	35.6573	2154
6	6	0	0	0	0	37.9159	2155
6	9	0	0	0	0	38.2711	2156
6	9	0	0	0	0	48.605	2157
6	9	0	0	0	0	46.9239	2158
6	9	0	0	0	0	45.723	2159
5	9	0	0	0	0	40.9734	2160
5	9	0	0	0	0	41.8924	2161
5	9	0	0	0	0	42.951	2162
5	9	0	0	0	0	38.108	2163
5	9	0	0	0	0	43.0516	2164
4	9	0	0	0	0	36.316	2165
4	9	0	0	0	0	45.1307	2166
4	9	0	0	0	0	44.874	2167
4	9	0	0	0	0	42.2816	2168
4	9	0	0	0	0	43.7234	2169
4	9	0	0	0	0	43.0539	2170
4	9	0	0	0	0	33.3195	2171
4	8	0	0	0	0	37.2447	2172
4	8	0	0	0	0	35.5935	2173
4	8	0	0	0	0	36.7264	2174
4	8	0	0	0	0	33.1757	2175
4	8	0	0	0	0	35.6427	2176
4	8	0	0	0	0	35.1063	2177
3	8	0	0	0	0	31.7323	2178
3	8	0	0	0	0	35.1927	2179
3	8	0	0	0	0	28.9922	2180
3	9	0	0	0	0	28.2913	2181
3	9	0	0	0	0	32.1435	2182
3	9	0	0	0	0	33.4799	2183
3	9	0	0	0	0	33.8435	2184
3	9	0	0	0	0	38.074	2185
3	9	0	0	0	0	40.2543	2186
3	10	0	0	0	0	29.9229	2187
3	10	0	0	0	0	38.5051	2188
3	10	0	0	0	0	43.7782	2189
3	10	0	0	0	0	41.2662	2190
3	10	0	0	0	0	42.5215	2191
3	10	0	0	0	0	31.6914	2192
3	10	0	0	0	0	33.4222	2193
3	10	0	0	0	0	38.8524	2194
4	10	0	0	0	0	35.4189	2195
4	10	0	0	0	0	34.4606	2196
4	11	0	0	0	0	39.8161	2197
4	11	0	0	0	0	35.7711	2198
4	11	0	0	0	0	38.3631	2199
4	11	0	0	0	0	38.3529	2200
4	11	0	0	0	0	35.2164	2201
4	13	0	0	0	0	39.0037	2202
4	12	0	0	0	0	42.3803	2203
4	12	0	0	0	0	37.8651	2204
4	12	0	0	0	0	42.6432	2205
4	12	0	0	0	0	41.387	2206
3	12	0	0	0	0	42.1647	2207
3	12	0	0	0	0	42.9443	2208
3	12	0	0	0	0	49.6484	2209
3	12	0	0	0	0	48.7723	2210
3	12	0	0	0	0	49.9913	2211
3	12	0	0	0	0	42.2319	2212
3	13	0	0	0	0	44.7955	2213
3	13	0	0	0	0	45.7915	2214
3	14	0	0	0	0	44.8878	2215
3	14	0	0	0	0	45.5162	2216
3	14	0	0	0	0	43.6196	2217
3	13	0	0	0	0	40.3789	2218
3	15	0	0	0	0	44.3114	2219
3	15	0	0	0	0	54.5334	2220
3	15	0	0	0	0	63.0063	2221
3	15	0	0	0	0	58.0909	2222
3	15	0	0	0	0	57.9044	2223
3	14	0	0	0	0	41.0607	2224
3	14	0	0	0	0	47.5696	2225
3	14	0	0	0	0	41.2655	2226
3	12	0	0	0	0	51.121	2227
3	12	0	0	0	0	49.5491	2228
3	12	0	0	0	0	52.6205	2229
3	12	0	0	0	0	50.0478	2230
3	12	0	0	0	0	47.8966	2231
3	12	0	0	0	0	52.0319	2232
4	12	0	0	0	0	45.4127	2233
4	11	0	0	0	0	50.7448	2234
4	12	0	0	0	0	49.1012	2235
4	12	0	0	0	0	48.385	2236
4	12	0	0	0	0	48.8489	2237
4	12	0	0	0	0	55.0269	2238
4	12	0	0	0	0	48.2081	2239
6	12	0	0	0	0	46.9023	2240
5	12	0	0	0	0	56.5334	2241
5	12	0	0	0	0	51.2003	2242
5	12	0	0	0	0	59.3767	2243
5	12	0	0	0	0	57.8099	2244
6	12	0	0	0	0	51.5138	2245
6	13	0	0	0	0	59.5479	2246
6	13	0	0	0	0	61.2213	2247
6	13	0	0	0	0	64.5683	2248
7	13	0	0	0	0	64.3672	2249
7	13	0	0	0	0	64.8319	2250
7	13	0	0	0	0	61.1679	2251
7	13	0	0	0	0	66.6515	2252
7	13	0	0	0	0	62.2206	2253
7	13	0	0	0	0	69.4087	2254
9	13	0	0	0	0	66.3784	2255
9	13	0	0	0	0	62.0299	2256
9	13	0	0	0	0	65.7933	2257
9	13	0	0	0	0	72.6145	2258
9	13	0	0	0	0	55.9293	2259
9	12	0	0	0	0	64.0956	2260
9	12	0	0	0	0	67.6542	2261
9	12	0	0	0	0	62.6704	2262
10	12	0	0	0	0	70.5598	2263
11	12	0	0	0	0	64.4484	2264
11	12	0	0	0	0	76.2607	2265
11	12	0	0	0	0	73.3756	2266
11	11	0	0	0	0	67.3868	2267
11	11	0	0	0	0	76.9048	2268
11	11	0	0	0	0	79.0997	2269
11	11	0	0	0	0	68.8541	2270
11	11	0	0	0	0	70.4909	2271
11	11	0	0	0	0	79.9847	2272
11	11	0	0	0	0	65.5987	2273
11	11	0	0	0	0	72.1951	2274
11	12	0	0	0	0	76.5654	2275
11	12	0	0	0	0	74.3539	2276
10	12	0	0	0	0	70.7373	2277
10	12	0	0	0	0	64.5471	2278
10	12	0	0	0	0	66.132	2279
10	13	0	0	0	0	70.423	2280
10	13	0	0	0	0	73.0468	2281
9	13	0	0	0	0	73.398	2282
9	13	0	0	0	0	63.5594	2283
9	13	0	0	0	0	73.7944	2284
9	13	0	0	0	0	77.6078	2285
9	13	0	0	0	0	67.5491	2286
9	13	0	0	0	0	69.5177	2287
9	13	0	0	0	0	74.6096	2288
9	13	0	0	0	0	76.224	2289
9	13	0	0	0	0	74.7322	2290
9	13	0	0	0	0	70.5267	2291
9	13	0	0	0	0	77.2279	2292
9	13	0	0	0	0	76.5971	2293
9	13	0	0	0	0	59.4045	2294
9	13	0	0	0	0	69.7619	2295
9	13	0	0	0	0	67.6752	2296
9	12	0	0	0	0	64.2138	2297
9	11	0	0	0	0	68.2131	2298
9	11	0	0	0	0	55.8946	2299
9	13	0	0	0	0	71.2466	2300
9	13	0	0	0	0	67.077	2301
9	13	0	0	0	0	75.946	2302
9	13	0	0	0	0	71.3885	2303
9	13	0	0	0	0	66.9726	2304
9	13	0	0	0	0	74.4327	2305
9	13	0	0	0	0	77.1301	2306
9	13	0	0	0	0	73.9035	2307
9	14	0	0	0	0	74.3298	2308
9	15	0	0	0	0	75.855	2309
9	15	0	0	0	0	75.4593	2310
10	15	0	0	0	0	79.1718	2311
10	15	0	0	0	0	87.7031	2312
10	15	0	0	0	0	82.9641	2313
10	16	0	0	0	0	80.5182	2314
10	16	0	0	0	0	85.5212	2315
11	16	0	0	0	0	86.6358	2316
11	15	0	0	0	0	78.3582	2317
11	18	0	0	0	0	89.4088	2318
11	18	0	0	0	0	89.2839	2319
11	18	0	0	0	0	103.867	2320
11	18	0	0	0	0	95.3392	2321
11	18	0	0	0	0	94.3623	2322
11	19	0	0	0	0	99.1186	2323
11	19	0	0	0	0	99.3721	2324
10	19	0	0	0	0	95.2847	2325
10	19	0	0	0	0	96.7498	2326
9	19	0	0	0	0	88.4283	2327
9	19	0	0	0	0	91.3745	2328
9	19	0	0	0	0	97.2998	2329
9	19	0	0	0	0	97.2061	2330
8	19	0	0	0	0	93.9976	2331
8	19	0	0	0	0	90.7568	2332
8	19	0	0	0	0	82.2401	2333
9	19	0	0	0	0	99.4524	2334
9	19	0	0	0	0	82.9221	2335
9	17	0	0	0	0	81.6986	2336
9	16	0	0	0	0	91.8389	2337
9	16	0	0	0	0	80.019	2338
9	16	0	0	0	0	79.2251	2339
9	16	0	0	0	0	86.6877	2340
9	16	0	0	0	0	83.1549	2341
9	16	0	0	0	0	81.373	2342
9	16	0	0	0	0	83.2805	2343
9	16	0	0	0	0	80.1563	2344
9	16	0	0	0	0	74.7494	2345
9	16	0	0	0	0	72.0265	2346
8	15	0	0	0	0	79.8234	2347
8	15	0	0	0	0	66.3409	2348
8	15	0	0	0	0	66.4201	2349
8	15	0	0	0	0	66.3655	2350
9	15	0	0	0	0	70.9103	2351
9	14	0	0	0	0	75.8301	2352
9	14	0	0	0	0	79.8175	2353
9	14	0	0	0	0	75.9923	2354
10	14	0	0	0	0	74.4777	2355
10	14	0	0	0	0	72.4557	2356
10	13	0	0	0	0	78.4661	2357
11	13	0	0	0	0	71.0906	2358
11	14	0	0	0	0	76.9455	2359
11	14	0	0	0	0	70.5081	2360
11	13	0	0	0	0	79.6663	2361
11	13	0	0	0	0	72.3124	2362
11	11	0	0	0	0	70.4258	2363
11	11	0	0	0	0	72.4212	2364
11	11	0	0	0	0	70.5762	2365
11	11	0	0	0	0	71.1094	2366
12	11	0	0	0	0	70.0022	2367
12	10	0	0	0	0	69.3512	2368
12	9	0	0	0	0	73.3412	2369
12	9	0	0	0	0	65.9072	2370
12	9	0	0	0	0	70.4045	2371
12	9	0	0	0	0	69.9307	2372
12	9	0	0	0	0	73.3442	2373
12	11	0	0	0	0	63.7101	2374
12	11	0	0	0	0	68.6455	2375
12	11	0	0	0	0	73.724	2376
12	11	0	0	0	0	69.0154	2377
12	11	0	0	0	0	66.2501	2378
12	11	0	0	0	0	67.9926	2379
12	11	0	0	0	0	77.743	2380
12	14	0	0	0	0	78.1808	2381
12	14	0	0	0	0	76.6415	2382
11	14	0	0	0	0	85.5598	2383
11	14	0	0	0	0	85.5855	2384
11	14	0	0	0	0	77.8716	2385
11	14	0	0	0	0	79.0406	2386
11	14	0	0	0	0	81.0121	2387
11	14	0	0	0	0	76.697	2388
11	14	0	0	0	0	70.608	2389
7	14	0	0	0	0	66.8792	2390
7	14	0	0	0	0	74.3381	2391
7	14	0	0	0	0	73.0067	2392
7	14	0	0	0	0	62.3727	2393
7	14	0	0	0	0	58.9442	2394
7	14	0	0	0	0	67.4004	2395
7	12	0	0	0	0	52.5628	2396
7	12	0	0	0	0	67.1711	2397
7	12	0	0	0	0	64.5757	2398
7	12	0	0	0	0	61.0466	2399
7	12	0	0	0	0	58.8771	2400
7	12	0	0	0	0	56.2631	2401
7	12	0	0	0	0	65.7534	2402
7	12	0	0	0	0	56.4707	2403
7	11	0	0	0	0	62.9972	2404
7	11	0	0	0	0	57.291	2405
7	11	0	0	0	0	60.9849	2406
7	11	0	0	0	0	50.1446	2407
7	11	0	0	0	0	57.0025	2408
7	11	0	0	0	0	62.4695	2409
7	11	0	0	0	0	56.4337	2410
7	11	0	0	0	0	59.6456	2411
7	11	0	0	0	0	59.2702	2412
7	11	0	0	0	0	60.088	2413
7	11	0	0	0	0	54.7714	2414
7	11	0	0	0	0	60.0234	2415
7	11	0	0	0	0	49.7746	2416
7	11	0	0	0	0	57.8421	2417
7	11	0	0	0	0	55.7924	2418
7	11	0	0	0	0	54.4019	2419
7	11	0	0	0	0	59.9455	2420
7	11	0	0	0	0	54.6503	2421
6	11	0	0	0	0	51.847	2422
6	11	0	0	0	0	53.6579	2423
6	11	0	0	0	0	51.7806	2424
6	10	0	0	0	0	49.0355	2425
6	10	0	0	0	0	44.2952	2426
6	10	0	0	0	0	53.7265	2427
6	10	0	0	0	0	51.67	2428
6	10	0	0	0	0	51.1115	2429
6	10	0	0	0	0	47.9841	2430
6	10	0	0	0	0	48.6167	2431
6	10	0	0	0	0	48.8174	2432
6	10	0	0	0	0	52.0659	2433
6	10	0	0	0	0	54.7223	2434
6	10	0	0	0	0	47.8991	2435
6	10	0	0	0	0	46.6619	2436
6	9	0	0	0	0	46.5811	2437
6	9	0	0	0	0	46.1966	2438
6	9	0	0	0	0	45.3458	2439
6	8	0	0	0	0	45.0237	2440
6	8	0	0	0	0	45.6047	2441
6	8	0	0	0	0	44.9177	2442
6	8	0	0	0	0	42.1994	2443
6	8	0	0	0	0	41.372	2444
6	8	0	0	0	0	43.4295	2445
6	8	0	0	0	0	43.8627	2446
6	8	0	0	0	0	45.7183	2447
6	8	0	0	0	0	45.5688	2448
6	8	0	0	0	0	45.044	2449
6	8	0	0	0	0	44.9908	2450
6	8	0	0	0	0	43.1492	2451
6	8	0	0	0	0	37.5484	2452
5	8	0	0	0	0	39.1153	2453
5	8	0	0	0	0	38.3832	2454
5	8	0	0	0	0	30.0763	2455
5	8	0	0	0	0	31.2733	2456
5	8	0	0	0	0	39.9934	2457
5	8	0	0	0	0	41.1609	2458
5	8	0	0	0	0	42.0657	2459
5	8	0	0	0	0	38.8539	2460
5	8	0	0	0	0	39.881	2461
5	8	0	0	0	0	41.6352	2462
5	8	0	0	0	0	34.5881	2463
5	8	0	0	0	0	33.1962	2464
5	8	0	0	0	0	30.7646	2465
4	8	0	0	0	0	32.821	2466
4	8	0	0	0	0	35.5392	2467
4	8	0	0	0	0	36.5611	2468
4	8	0	0	0	0	29.5601	2469
4	8	0	0	0	0	33.7365	2470
4	7	0	0	0	0	28.4116	2471
4	7	0	0	0	0	31.5398	2472
4	7	0	0	0	0	34.0068	2473
4	7	0	0	0	0	33.8257	2474
4	7	0	0	0	0	33.2532	2475
4	7	0	0	0	0	34.298	2476
4	7	0	0	0	0	34.298	2477
4	7	0	0	0	0	34.0598	2478
4	7	0	0	0	0	31.1061	2479
4	7	0	0	0	0	24.4267	2480
4	7	0	0	0	0	28.2309	2481
4	7	0	0	0	0	25.0858	2482
4	7	0	0	0	0	23.813	2483
2	7	0	0	0	0	21.5339	2484
2	7	0	0	0	0	26.0746	2485
2	7	0	0	0	0	20.6106	2486
2	7	0	0	0	0	20.8824	2487
2	6	0	0	0	0	18.5435	2488
2	6	0	0	0	0	16.3694	2489
2	5	0	0	0	0	18.9095	2490
2	5	0	0	0	0	16.8556	2491
2	5	0	0	0	0	12.3553	2492
2	5	0	0	0	0	13.8407	2493
2	5	0	0	0	0	18.0583	2494
2	5	0	0	0	0	16.8038	2495
2	5	0	0	0	0	1.88053	2496
2	5	0	0	0	0	1.49388	2497
1	4	0	0	0	0	3.38442	2498
1	2	0	0	0	0	3.29478	2499
1	2	0	0	0	0	3.44639	2500
1	2	0	0	0	0	3.6096	2501
1	2	0	0	0	0	3.6096	2502
1	2	0	0	0	0	3.29478	2503
1	2	0	0	0	0	3.38442	2504
1	2	0	0	0	0	4.11217	2505
1	2	0	0	0	0	3.01953	2506
1	2	0	0	0	0	3.38442	2507
1	2	0	0	0	0	-0.891223	2508
1	2	0	0	0	0	2.04963	2509
1	2	0	0	0	0	4.02158	2510
1	2	0	0	0	0	3.38442	2511
1	2	0	0	0	0	3.30747	2512
1	2	0	0	0	0	3.31234	2513
1	2	0	0	0	0	0.95577	2514
1	2	0	0	0	0	3.01583	2515
1	2	0	0	0	0	-1.43398	2516
0	2	0	0	0	0	nan	2517
0	2	0	0	0	0	nan	2518
0	2	0	0	0	0	nan	2519
