unique_top_cov	unique_bot_cov	redundant_top_cov	redundant_bot_cov	raw_redundant_top_cov	raw_redundant_bot_cov	e_value	position
0	1	0	0	0	0	nan	1
0	1	0	0	0	0	-2.7306	2
0	3	0	0	0	0	-3.05894	3
0	3	0	0	0	0	-3.05894	4
0	3	0	0	0	0	4.28847	5
0	3	0	0	0	0	4.43127	6
0	3	0	0	0	0	4.01978	7
0	3	0	0	0	0	4.63022	8
0	3	0	0	0	0	2.61992	9
0	3	0	0	0	0	5.39999	10
0	4	0	0	0	0	5.30919	11
0	7	0	0	0	0	7.90265	12
1	7	0	0	0	0	17.476	13
1	7	0	0	0	0	18.5173	14
1	7	0	0	0	0	22.3881	15
1	7	0	0	0	0	22.4838	16
1	7	0	0	0	0	24.5112	17
2	7	0	0	0	0	18.9963	18
2	7	0	0	0	0	27.1336	19
2	7	0	0	0	0	28.5911	20
2	8	0	0	0	0	27.5695	21
2	8	0	0	0	0	28.7096	22
2	8	0	0	0	0	32.9256	23
2	8	0	0	0	0	30.5657	24
2	9	0.333333	0	1	0	28.6869	25
2	9	0.333333	0	1	0	36.7239	26
2	9	0.333333	0	1	0	34.8235	27
2	9	0.333333	0	1	0	35.2601	28
2	10	0.333333	0	1	0	34.8715	29
2	10	0.333333	0	1	0	38.3153	30
2	11	0.333333	0	1	0	40.5237	31
2	11	0.333333	0	1	0	43.4524	32
2	11	0.333333	0	1	0	41.9479	33
4	11	0.333333	0	1	0	29.7849	34
4	11	0.333333	0	1	0	40.5816	35
4	12	0.333333	0	1	0	51.6171	36
4	12	0.333333	0	1	0	51.6766	37
4	12	0.333333	0	1	0	56.0046	38
4	12	0.333333	0	1	0	51.8909	39
4	12	0.333333	0	1	0	43.8961	40
4	12	0.333333	0	1	0	54.9367	41
5	12	0.333333	0	1	0	55.529	42
5	13	0.333333	0	1	0	42.2629	43
5	14	0.333333	0	1	0	56.2592	44
5	14	0.333333	0	1	0	60.4459	45
5	14	0.333333	0	1	0	64.1619	46
5	14	0.333333	0	1	0	54.5047	47
6	14	0.333333	0	1	0	62.7336	48
6	14	0.333333	0	1	0	63.9761	49
6	14	0.333333	0	1	0	64.4158	50
6	16	0.333333	0	1	0	67.4644	51
7	16	0.333333	0	1	0	72.5635	52
9	20	0.333333	0	1	0	71.9596	53
9	20	0.333333	0	1	0	93.3936	54
9	21	0.333333	0	1	0	90.0851	55
9	21	0.333333	0	1	0	95.0731	56
9	21	0.333333	0	1	0	97.6946	57
9	21	0.333333	0	1	0	100.295	58
10	23	0.333333	0	1	0	92.4701	59
10	25	0.333333	0	1	0	90.5053	60
10	26	0.333333	0	1	0	124.627	61
10	26	0	0	0	0	123.227	62
10	26	0	0	0	0	119.214	63
10	26	0	0	0	0	122.383	64
11	26	0	0	0	0	125.023	65
11	26	0	0	0	0	124.05	66
12	26	0	0	0	0	138.545	67
13	26	0	0	0	0	137.551	68
14	26	0	0	0	0	135.282	69
14	26	0	0	0	0	145.128	70
14	26	0	0	0	0	147.97	71
14	27	0	0	0	0	116.452	72
14	28	0	0	0	0	135.135	73
14	29	0	0	0	0	138.467	74
14	29	0	0	0	0	155.015	75
14	29	0	0	0	0	148.74	76
14	29	0	0	0	0	141.42	77
14	29	0	0	0	0	149.979	78
14	29	0	0	0	0	152.134	79
13	29	0	0	0	0	158.097	80
13	29	0	0	0	0	146.56	81
13	29	0	0	0	0	149.875	82
13	29	0	0	0	0	158.329	83
13	29	0	0	0	0	144.727	84
13	29	0	0	0	0	150.058	85
13	29	0	0	0	0	159.112	86
13	29	0	0	0	0	136.13	87
16	29	0	0	0	0	140.275	88
16	29	0	0	0	0	115.365	89
16	29	0	0	0	0	160.124	90
16	29	0	0.333333	0	1	148.693	91
16	29	0	0.333333	0	1	155.81	92
16	29	0	0.333333	0	1	168.093	93
16	31	0	0.666667	0	2	149.918	94
16	31	0	0.666667	0	2	158.43	95
16	31	0.333333	0.666667	1	2	162.369	96
16	31	0.333333	0.666667	1	2	160.296	97
16	31	0.333333	0.666667	1	2	158.182	98
16	31	0.333333	0.666667	1	2	158.82	99
16	31	0.333333	0.666667	1	2	156.746	100
16	32	0.333333	1.33333	1	4	157.58	101
16	31	0.333333	1.33333	1	4	170.537	102
16	31	0.333333	1.33333	1	4	166.766	103
16	31	0.333333	1.33333	1	4	171.471	104
16	31	0.333333	1.33333	1	4	170.569	105
16	31	0.333333	1.33333	1	4	154.587	106
16	31	0.333333	1.33333	1	4	174.527	107
16	31	0.333333	1.33333	1	4	149.927	108
17	31	0.333333	1.33333	1	4	170.414	109
17	30	0.333333	1.33333	1	4	146.556	110
17	30	0.333333	1.33333	1	4	166.83	111
17	30	0.333333	1.33333	1	4	146.937	112
18	30	0.333333	1.33333	1	4	160.08	113
19	30	0.333333	1.33333	1	4	164.531	114
19	30	0.333333	1.33333	1	4	165.18	115
19	30	0.333333	1.33333	1	4	169.087	116
20	30	0.333333	1.33333	1	4	165.291	117
20	30	0.333333	1.33333	1	4	177.119	118
20	30	0.333333	1.33333	1	4	169.405	119
20	30	0.333333	1.33333	1	4	154.516	120
20	29	0.333333	1.33333	1	4	141.924	121
20	29	0.333333	1.33333	1	4	182.17	122
20	29	0.333333	1.33333	1	4	154.07	123
20	30	0.333333	1.33333	1	4	185.953	124
20	30	0.333333	1.33333	1	4	167.08	125
20	29	0.333333	1.33333	1	4	148.165	126
20	29	0.333333	1.33333	1	4	170.943	127
20	29	0.333333	1.33333	1	4	165.736	128
21	29	0.333333	1.33333	1	4	174.685	129
23	29	0.333333	1	1	3	175.909	130
23	29	0.333333	1	1	3	161.908	131
23	29	0.333333	1	1	3	173.739	132
23	29	0.333333	1	1	3	177.041	133
23	29	0.333333	1	1	3	170.581	134
22	29	0.333333	1	1	3	171.151	135
22	29	0.333333	1	1	3	187.283	136
22	29	0.333333	1	1	3	188.233	137
22	29	0.333333	1	1	3	175.519	138
22	29	0.333333	0.666667	1	2	177.694	139
22	29	0.333333	0.666667	1	2	177.767	140
22	29	0.333333	0.666667	1	2	177.253	141
22	28	0.333333	0.666667	1	2	178.912	142
22	28	0.333333	0.666667	1	2	174.693	143
22	28	0.333333	0.333333	1	1	169.03	144
22	28	0.333333	0.333333	1	1	177.036	145
22	28	0	0.333333	0	1	181.279	146
22	28	0	0.333333	0	1	187.298	147
22	28	0	0.333333	0	1	166.894	148
22	28	0	0.333333	0	1	158.607	149
22	28	0	0	0	0	184.782	150
22	28	0	0	0	0	178.184	151
22	28	0	0	0	0	156.119	152
22	26	0	0	0	0	168.482	153
24	26	0	0	0	0	173.472	154
24	26	0	0	0	0	181.138	155
24	26	0	0	0	0	175.922	156
24	25	0	0	0	0	170.422	157
24	25	0	0	0	0	170.782	158
24	25	0	0	0	0	170.758	159
24	25	0	0	0	0	166.91	160
24	25	0	0	0	0	152.382	161
26	22	0	0	0	0	167.526	162
25	23	0	0	0	0	155.36	163
