unique_top_cov	unique_bot_cov	redundant_top_cov	redundant_bot_cov	raw_redundant_top_cov	raw_redundant_bot_cov	e_value	position
0	3	0	0	0	0	nan	1
0	3	0	0	0	0	3.17288	2
0	3	0	0	0	0	3.70298	3
0	3	0	0	0	0	3.28293	4
0	3	0	0	0	0	3.73915	5
0	3	0	0	0	0	3.17288	6
0	4	0	0	0	0	3.28293	7
0	4	0	0	0	0	3.17288	8
0	4	0	0	0	0	3.28293	9
0	4	0	0	0	0	7.4655	10
0	4	0	0	0	0	7.27805	11
0	4	0	0	0	0	7.16332	12
0	4	0	0	0	0	7.16332	13
0	4	0	0	0	0	7.68949	14
0	4	0	0	0	0	7.4655	15
0	4	0	0	0	0	6.66744	16
0	4	0	0	0	0	7.68949	17
0	4	0	0	0	0	7.48635	18
0	4	0	0	0	0	6.37135	19
0	4	0	0	0	0	7.78171	20
0	4	0	0	0	0	4.99924	21
1	5	0	0	0	0	7.27805	22
1	5	0	0	0	0	4.4452	23
1	5	0	0	0	0	7.76708	24
1	5	0	0	0	0	15.3208	25
1	5	0	0	0	0	14.2734	26
1	5	0	0	0	0	15.6393	27
1	5	0	0	0	0	13.7698	28
1	5	0	0	0	0	12.7106	29
1	5	0	0	0	0	15.6117	30
1	5	0	0	0	0	15.7638	31
1	5	0	0	0	0	15.6117	32
1	5	0	0	0	0	11.7545	33
1	5	0	0	0	0	12.7106	34
1	5	0	0	0	0	14.9836	35
1	5	0	0	0	0	15.5105	36
1	5	0	0	0	0	15.7638	37
1	5	0	0	0	0	15.4795	38
1	5	0	0	0	0	14.7452	39
1	5	0	0	0	0	12.4127	40
1	5	0	0	0	0	14.9009	41
1	5	0	0	0	0	11.7868	42
1	5	0	0	0	0	15.7581	43
1	5	0	0	0	0	12.8531	44
1	5	0	0	0	0	15.6393	45
1	5	0	0	0	0	12.8101	46
1	5	0	0	0	0	14.698	47
1	5	0	0	0	0	15.6393	48
1	5	0	0	0	0	14.578	49
1	6	0	0	0	0	14.6851	50
1	6	0	0	0	0	18.2896	51
1	6	0	0	0	0	18.2896	52
1	6	0	0	0	0	17.8978	53
1	6	0	0	0	0	19.4806	54
1	6	0	0	0	0	18.3725	55
1	10	0	0	0	0	19.6474	56
1	10	0	0	0	0	18.7944	57
1	10	0	0	0	0	29.3869	58
1	10	0	0	0	0	32.4805	59
1	10	0	0	0	0	27.9334	60
2	10	0	0	0	0	34.4527	61
2	10	0	0	0	0	35.207	62
2	10	0	0	0	0	39.1956	63
2	10	0	0	0	0	30.8723	64
2	10	0	0	0	0	37.5181	65
2	10	0	0	0	0	37.3278	66
2	10	0	0	0	0	37.7833	67
2	10	0	0	0	0	36.492	68
2	10	0	0	0	0	38.9443	69
2	10	0	0	0	0	39.0956	70
2	10	0	0	0	0	37.017	71
2	10	0	0	0	0	34.2949	72
2	10	0	0	0	0	37.297	73
2	10	0	0	0	0	29.9463	74
2	10	0	0	0	0	37.0492	75
2	10	0	0	0	0	38.6547	76
2	10	0	0	0	0	26.4921	77
2	10	0	0	0	0	36.6865	78
9	15	0	0.5	0	1	85.9002	79
10	15	0.5	0.5	1	1	81.279	80
10	15	0.5	0.5	1	1	83.3409	81
10	15	0.5	0.5	1	1	81.2185	82
11	15	0.5	0.5	1	1	83.325	83
11	15	0.5	0.5	1	1	88.658	84
11	15	0.5	0.5	1	1	61.8657	85
11	15	0.5	0.5	1	1	82.6749	86
12	14	0.5	0.5	1	1	84.1331	87
12	15	0.5	0.5	1	1	74.6885	88
13	15	0.5	0.5	1	1	90.2943	89
14	16	0.5	0.5	1	1	95.5555	90
15	16	0.5	0.5	1	1	88.473	91
15	16	0.5	0.5	1	1	94.6573	92
15	19	0.5	0.5	1	1	100.212	93
15	19	0.5	0.5	1	1	90.9968	94
16	20	0.5	0.5	1	1	93.39	95
16	20	0.5	0.5	1	1	98.4821	96
17	19	0.5	0.5	1	1	101.068	97
17	19	0.5	0.5	1	1	123.086	98
17	19	0.5	0.5	1	1	108.144	99
16	19	0.5	0.5	1	1	105.404	100
16	19	0.5	0.5	1	1	114.089	101
16	19	0.5	0.5	1	1	115.86	102
15	19	1	0.5	2	1	94.3696	103
15	18	1	0.5	2	1	99.8828	104
15	18	1	0.5	2	1	108.6	105
15	18	1	0.5	2	1	103.079	106
15	17	1	0.5	2	1	78.4751	107
15	17	1	0.5	2	1	95.8128	108
15	17	1	0.5	2	1	101.531	109
15	17	1	0.5	2	1	77.2178	110
15	17	1	0.5	2	1	109.927	111
15	17	1	0.5	2	1	98.5378	112
16	17	1	0.5	2	1	101.586	113
16	17	1	0.5	2	1	65.1257	114
17	17	1	0.5	2	1	95.7514	115
17	17	1	0.5	2	1	90.4802	116
17	17	1	0.5	2	1	79.1512	117
18	16	1	0.5	2	1	98.767	118
18	16	1	0.5	2	1	106.224	119
18	16	1	0.5	2	1	80.7337	120
18	16	1	0.5	2	1	106.132	121
18	16	1.5	0.5	3	1	101.877	122
19	16	1.5	0.5	3	1	107.717	123
19	16	1.5	0.5	3	1	111.394	124
20	16	1.5	0.5	3	1	109.955	125
20	16	1.5	0.5	3	1	101.418	126
20	16	1.5	0.5	3	1	94.1488	127
19	17	1.5	0.5	3	1	113.891	128
20	17	1.5	0.5	3	1	94.7664	129
20	18	1.5	0.5	3	1	110.391	130
20	18	1.5	0.5	3	1	118.818	131
20	18	1.5	0.5	3	1	108.868	132
20	18	1.5	0.5	3	1	110.675	133
21	19	1.5	0.5	3	1	107.239	134
21	19	1.5	0.5	3	1	112.271	135
21	19	1.5	0.5	3	1	97.7966	136
22	18	1.5	0.5	3	1	104.177	137
22	18	1.5	0.5	3	1	97.8365	138
22	18	1	0.5	2	1	96.5147	139
21	17	1	0.5	2	1	102.101	140
19	15	1	0	2	0	90.6702	141
19	15	1	0	2	0	98.3066	142
18	15	0.5	0	1	0	93.5094	143
18	15	0.5	0	1	0	96.1905	144
18	15	0.5	0	1	0	38.2636	145
18	15	0.5	0	1	0	36.0602	146
18	15	0.5	0	1	0	94.8715	147
18	15	0.5	0	1	0	95.3244	148
19	15	0.5	0	1	0	97.4102	149
19	15	0.5	0	1	0	87.3425	150
19	15	0.5	0	1	0	101.615	151
19	15	0.5	0	1	0	85.3066	152
19	15	0.5	0	1	0	95.557	153
19	15	0.5	0	1	0	88.7626	154
19	15	0.5	0	1	0	92.3387	155
19	15	0.5	0	1	0	93.3908	156
19	14	0.5	0	1	0	94.2337	157
19	14	0.5	0	1	0	92.1729	158
19	14	0.5	0	1	0	94.8768	159
19	14	0.5	0	1	0	92.6444	160
19	14	0	0	0	0	61.9027	161
19	14	0	0	0	0	93.4033	162
19	14	0	0	0	0	94.1737	163
20	16	0	0	0	0	97.3276	164
20	16	0	0	0	0	91.6866	165
20	14	0	0	0	0	91.2957	166
20	14	0	0	0	0	93.6158	167
20	14	0	0	0	0	87.3621	168
20	13	0	0	0	0	83.4344	169
20	13	0	0	0	0	82.7815	170
20	13	0	0	0	0	78.3891	171
19	12	0	0	0	0	89.086	172
18	12	0	0	0	0	88.6089	173
18	12	0	0	0	0	81.9544	174
18	12	0	0	0	0	88.6132	175
18	12	0	0	0	0	82.3726	176
18	12	0	0	0	0	84.2748	177
18	12	0	0	0	0	81.1914	178
18	12	0	0	0	0	82.4759	179
18	12	0	0	0	0	82.722	180
18	12	0	0	0	0	82.2798	181
18	12	0	0	0	0	81.217	182
18	12	0	0	0	0	80.7467	183
19	12	0	0	0	0	81.2171	184
19	11	0	0	0	0	87.8854	185
19	11	0	0	0	0	82.7558	186
19	11	0	0	0	0	40.1948	187
19	12	0	0	0	0	82.6605	188
19	12	0	0	0	0	78.5032	189
19	12	0	0	0	0	92.0165	190
19	12	0	0	0	0	85.544	191
19	12	0	0	0	0	93.0909	192
19	12	0	0	0	0	86.5793	193
19	12	0	0	0	0	82.9478	194
19	12	0	0	0	0	89.9036	195
19	13	0	0	0	0	93.5109	196
20	13	0	0	0	0	81.3746	197
20	13	0	0	0	0	89.5374	198
20	13	0	0	0	0	85.4892	199
19	14	0	0	0	0	77.2233	200
19	13	0	0	0	0	85.8088	201
19	13	0	0	0	0	89.0506	202
19	14	0	0	0	0	98.3635	203
19	14	0	0	0	0	103.497	204
19	14	0	0	0	0	82.3447	205
18	14	0	0	0	0	85.2871	206
17	14	0	0	0	0	93.427	207
17	15	0	0	0	0	45.2911	208
17	16	0	0	0	0	96.4617	209
17	16	0	0	0	0	90.9026	210
17	16	0	0	0	0	90.4485	211
17	17	0	0	0	0	89.1015	212
19	17	0	0	0	0	104.256	213
19	16	0	0	0	0	98.8194	214
19	16	0	0	0	0	106.142	215
19	16	0	0	0	0	105.53	216
19	16	0	0	0	0	108.25	217
19	16	0	0	0	0	100.614	218
20	16	0	0	0	0	98.3701	219
20	16	0	0	0	0	108.5	220
20	16	0	0	0	0	96.7074	221
17	15	0	0	0	0	93.1383	222
17	15	0	0	0	0	95.8042	223
17	15	0	0	0	0	94.6533	224
17	15	0	0	0	0	98.5968	225
17	16	0	0	0	0	97.7346	226
17	16	0	0	0	0	93.3074	227
17	16	0	0	0	0	91.8228	228
15	16	0	0	0	0	89.9294	229
14	16	0	0	0	0	92.7074	230
16	17	0	0	0	0	93.4082	231
17	17	0	0	0	0	89.1863	232
19	17	0	0	0	0	103.021	233
19	17	0	0	0	0	107.295	234
19	17	0	0	0	0	106.761	235
19	17	0	0	0	0	110.613	236
19	18	0	0	0	0	97.0648	237
19	17	0	0	0	0	121.109	238
19	17	0	0	0	0	105.622	239
19	17	0	0	0	0	105.051	240
20	17	0	0	0	0	103.079	241
20	17	0	0	0	0	103.384	242
20	16	0	0	0	0	113.841	243
20	16	0	0	0	0	111.42	244
19	16	0	0	0	0	99.6522	245
19	16	0	0	0	0	106.429	246
17	17	0	0	0	0	93.7629	247
17	17	0	0	0	0	109.438	248
17	17	0	0	0	0	109.435	249
17	17	0	0	0	0	110.926	250
18	17	0	0	0	0	111.446	251
18	17	0	0	0	0	109.043	252
18	18	0	0	0	0	102.959	253
18	19	0	0	0	0	125.591	254
20	19	0	0	0	0	128.454	255
21	19	0	0	0	0	123.528	256
21	19	0	0	0	0	139.858	257
21	19	0	0	0	0	127.191	258
21	19	0	0	0	0	122.146	259
23	20	0	0	0	0	115.793	260
23	20	0	0	0	0	122.724	261
23	20	0	0	0	0	129.818	262
23	20	0	0	0	0	114.561	263
21	20	0	0	0	0	124.817	264
20	20	0	0	0	0	118.369	265
21	19	0	0	0	0	124.734	266
23	19	0	0	0	0	142.428	267
23	20	0	0	0	0	153.912	268
23	21	0	0	0	0	142.312	269
24	21	0	0	0	0	142.867	270
24	21	0	0	0	0	146.565	271
24	21	0	0	0	0	149.339	272
25	21	0	0	0	0	152.804	273
32	21	0	0	0	0	153.462	274
31	20	0	0	0	0	173.164	275
31	20	0	0	0	0	181.889	276
31	20	0	0	0	0	165.477	277
31	22	0	0	0	0	173.77	278
31	22	0	0	0	0	157.353	279
31	22	0	0	0	0	199.625	280
31	22	0	0	0	0	194.228	281
31	22	0	0	0	0	191.63	282
31	21	0	0	0	0	167.785	283
31	22	0	0	0	0	197.978	284
31	22	0	0	0	0	183.875	285
31	22	0	0	0	0	191.724	286
31	22	0	0	0	0	189.724	287
30	22	0	0	0	0	187.9	288
30	24	0	0	0	0	198.24	289
30	24	0	0	0	0	179.903	290
30	24	0	0	0	0	188.223	291
30	24	0	0	0	0	191.968	292
30	24	0	0	0	0	50.1063	293
30	24	0	0	0	0	187.365	294
30	24	0	0	0	0	202.114	295
30	24	0	0	0	0	184.104	296
32	24	0	0	0	0	189.996	297
32	24	0	0	0	0	190.078	298
32	22	0	0	0	0	190.399	299
32	22	0	0	0	0	186.06	300
31	22	0	0	0	0	192.175	301
4	0	0	0	0	0	9.41755	302
4	0	0	0	0	0	8.31103	303
4	0	0	0	0	0	8.31103	304
4	0	0	0	0	0	8.34779	305
4	0	0	0	0	0	9.26902	306
4	0	0	0	0	0	8.31103	307
4	0	0	0	0	0	8.31103	308
4	0	0	0	0	0	9.41755	309
4	0	0	0	0	0	9.26902	310
4	0	0	0	0	0	9.41755	311
4	0	0	0	0	0	8.45303	312
4	0	0	0	0	0	8.64994	313
4	0	0	0	0	0	8.52349	314
4	0	0	0	0	0	9.41755	315
4	0	0	0	0	0	8.64994	316
