unique_top_cov	unique_bot_cov	redundant_top_cov	redundant_bot_cov	raw_redundant_top_cov	raw_redundant_bot_cov	e_value	position
6	11	0	0	0	0	47.6587	1
6	11	0	0	0	0	45.8875	2
6	10	0	0	0	0	52.507	3
7	10	0	0	0	0	49.6156	4
7	10	0	0	0	0	52.4878	5
8	10	0.333333	0	1	0	54.7103	6
8	10	0.333333	0	1	0	62.3569	7
8	10	0.333333	0	1	0	60.7981	8
8	10	0.333333	0	1	0	61.8238	9
8	10	0.333333	0	1	0	59.4639	10
8	10	0.333333	0	1	0	60.1675	11
8	10	0.333333	0	1	0	58.9689	12
8	10	0.333333	0.333333	1	1	59.7281	13
8	10	0.333333	0.333333	1	1	55.8771	14
8	11	0.333333	0.333333	1	1	60.2986	15
8	11	0.333333	0.333333	1	1	58.1148	16
8	11	0.333333	0.333333	1	1	65.695	17
8	11	0.333333	0.333333	1	1	65.4637	18
8	11	0.333333	0.333333	1	1	64.1222	19
8	11	0.333333	0.333333	1	1	60.8329	20
8	12	0.333333	0.333333	1	1	66.8741	21
8	12	0.333333	0.333333	1	1	69.5294	22
8	13	0.333333	0.333333	1	1	71.3847	23
8	13	0.333333	0.333333	1	1	59.1721	24
8	14	0.333333	0.333333	1	1	71.2984	25
8	15	0.333333	0.333333	1	1	56.7695	26
9	15	0.333333	0.333333	1	1	70.4259	27
9	15	0.333333	0.333333	1	1	80.5808	28
9	15	0.333333	0.333333	1	1	77.9863	29
9	15	0.333333	0.333333	1	1	77.2339	30
9	15	0.333333	0.333333	1	1	87.4177	31
9	15	0.333333	0.333333	1	1	81.2792	32
9	15	0.333333	0.333333	1	1	82.3067	33
9	15	0.333333	0.333333	1	1	75.3911	34
9	16	0.333333	0.333333	1	1	78.4422	35
9	16	0.333333	0.333333	1	1	83.7163	36
9	16	0.333333	0.333333	1	1	89.3925	37
9	16	0.333333	0.333333	1	1	84.0292	38
9	16	0.333333	0.333333	1	1	84.909	39
9	16	0.333333	0.333333	1	1	83.7646	40
9	17	0.333333	0.333333	1	1	83.8192	41
9	17	0.333333	0.333333	1	1	91.2912	42
10	17	0.333333	0.333333	1	1	86.1803	43
10	17	0.333333	0.333333	1	1	84.5294	44
10	18	0.333333	0.333333	1	1	98.2864	45
11	19	0.333333	0.333333	1	1	97.1294	46
11	19	0.333333	0.333333	1	1	94.9308	47
11	19	0.333333	0.333333	1	1	95.8641	48
11	19	0.333333	0.333333	1	1	105.341	49
12	19	0.333333	0.333333	1	1	99.1556	50
12	21	0.333333	0.333333	1	1	101.643	51
12	21	0.333333	0.333333	1	1	118.52	52
13	21	0.333333	0.333333	1	1	112.359	53
13	21	0.333333	0.333333	1	1	116.771	54
13	21	0.333333	0.333333	1	1	109.123	55
13	21	0.333333	0.333333	1	1	115.505	56
13	21	0.333333	0	1	0	121.104	57
13	21	0.333333	0	1	0	119.671	58
13	21	0.333333	0	1	0	115.646	59
13	21	0.333333	0	1	0	117.149	60
13	21	0.333333	0	1	0	108.995	61
13	21	0.333333	0	1	0	114.736	62
14	21	0.333333	0	1	0	120.819	63
14	21	0.333333	0	1	0	119.195	64
14	21	0.333333	0	1	0	121.115	65
14	21	0.333333	0	1	0	120.966	66
14	21	0.333333	0	1	0	124.393	67
15	21	0.333333	0	1	0	120.78	68
15	21	0.333333	0	1	0	118.79	69
15	21	0.333333	0	1	0	126.285	70
15	21	0.333333	0	1	0	116.87	71
15	21	0.333333	0	1	0	121.495	72
15	21	0.333333	0	1	0	127.924	73
15	21	0.333333	0	1	0	116.754	74
15	21	0.333333	0	1	0	127.654	75
15	21	0.333333	0	1	0	115.056	76
15	21	0.333333	0	1	0	125.052	77
15	21	0	0	0	0	117.377	78
15	21	0	0	0	0	104.38	79
15	21	0	0	0	0	109.535	80
15	21	0	0	0	0	125.5	81
15	20	0	0	0	0	117.274	82
15	21	0	0	0	0	121.378	83
15	20	0	0	0	0	115.856	84
15	21	0	0	0	0	126.329	85
15	21	0	0	0	0	125.508	86
15	21	0	0	0	0	118.899	87
15	21	0	0	0	0	128.95	88
15	21	0	0	0	0	115.293	89
15	21	0	0	0	0	115.763	90
15	21	0	0	0	0	127.057	91
16	21	0	0	0	0	124.213	92
16	21	0	0	0	0	118.485	93
16	21	0	0	0	0	130.809	94
16	22	0	0	0	0	130.59	95
17	22	0	0	0	0	130.483	96
17	22	0	0	0	0	121.968	97
17	22	0	0	0	0	130.687	98
17	21	0	0	0	0	134.173	99
17	22	0	0	0	0	123.229	100
16	21	0	0	0	0	124.361	101
16	21	0	0	0	0	121.005	102
16	21	0	0	0	0	121.179	103
16	21	0	0	0	0	114.679	104
14	21	0	0	0	0	2.33866	105
13	21	0	0	0	0	109.901	106
13	21	0	0	0	0	116.905	107
13	21	0	0	0	0	108.455	108
13	21	0	0	0	0	112.391	109
13	21	0	0	0	0	110.094	110
13	23	0	0	0	0	102.139	111
13	22	0	0	0	0	97.0119	112
13	22	0	0	0	0	76.6789	113
13	21	0	0	0	0	80.7591	114
13	20	0	0	0	0	84.4031	115
12	20	0	0	0	0	85.7681	116
9	17	0	0	0	0	27.353	117
9	17	0	0	0	0	83.136	118
9	17	0	0	0	0	81.1137	119
9	16	0	0	0	0	73.944	120
9	16	0	0	0	0	75.5716	121
9	16	0	0	0	0	79.6058	122
9	15	0	0	0	0	74.5169	123
9	15	0	0	0	0	80.7472	124
9	15	0	0	0	0	75.2839	125
9	15	0	0	0	0	28.7571	126
9	14	0	0	0	0	78.3727	127
10	15	0	0	0	0	77.8812	128
10	15	0	0	0	0	79.9065	129
10	15	0	0	0	0	83.8023	130
10	15	0	0	0	0	79.6747	131
10	16	0	0	0	0	84.0153	132
10	16	0	0	0	0	86.8177	133
10	15	0	0	0	0	79.0481	134
10	15	0	0	0	0	82.5024	135
10	16	0	0	0	0	78.0038	136
10	16	0	0	0	0	75.2105	137
10	17	0	0	0	0	88.993	138
11	17	0	0	0	0	84.9442	139
11	17	0	0	0	0	86.5288	140
10	16	0	0	0	0	75.3584	141
9	16	0	0	0	0	84.2389	142
9	16	0	0	0	0	78.135	143
9	16	0	0	0	0	80.0012	144
9	16	0	0	0	0	90.7692	145
9	16	0	0	0	0	82.0643	146
9	16	0	0	0	0	79.2451	147
10	16	0	0	0	0	88.4367	148
10	16	0	0	0	0	77.2641	149
11	16	0	0	0	0	67.5822	150
11	16	0	0	0	0	83.6048	151
11	16	0	0	0	0	79.3171	152
11	16	0	0	0	0	80.7202	153
11	15	0	0	0	0	74.9625	154
11	15	0	0	0	0	83.2304	155
10	14	0	0	0	0	26.5511	156
10	14	0	0	0	0	79.2708	157
10	14	0	0	0	0	80.4889	158
10	14	0	0	0	0	29.3116	159
10	14	0	0	0	0	72.0354	160
10	14	0	0	0	0	79.711	161
10	14	0	0	0	0	82.5643	162
10	14	0	0	0	0	84.8705	163
10	14	0	0	0	0	79.3982	164
10	14	0	0	0	0	71.2487	165
10	13	0	0	0	0	79.697	166
10	13	0	0	0	0	80.5883	167
10	13	0	0	0	0	76.9704	168
10	13	0	0	0	0	78.6182	169
10	13	0	0	0	0	79.9416	170
10	12	0	0	0	0	63.864	171
10	12	0	0	0	0	73.7711	172
10	12	0	0	0	0	66.0044	173
10	12	0	0	0	0	63.5601	174
10	12	0	0	0	0	75.4496	175
10	12	0	0	0	0	69.6522	176
10	12	0	0	0	0	69.5102	177
10	11	0	0	0	0	59.2477	178
9	11	0	0	0	0	72.0025	179
9	11	0	0	0	0	61.1594	180
8	11	0	0	0	0	60.9725	181
8	11	0	0	0	0	57.8646	182
8	10	0	0	0	0	52.913	183
8	10	0	0	0	0	48.6202	184
8	9	0	0	0	0	41.8869	185
8	9	0	0	0	0	43.2097	186
8	8	0	0	0	0	48.9316	187
7	8	0	0	0	0	45.6456	188
7	8	0	0	0	0	43.3306	189
7	8	0	0	0	0	45.4058	190
8	8	0	0	0	0	30.825	191
8	8	0	0	0	0	42.2733	192
6	8	0	0	0	0	39.0525	193
6	8	0	0	0	0	42.5662	194
7	8	0	0	0	0	39.4616	195
7	8	0	0	0	0	39.2113	196
7	8	0	0	0	0	39.594	197
6	8	0	0	0	0	44.2493	198
6	9	0	0	0	0	33.1573	199
6	9	0	0	0	0	31.8307	200
6	9	0	0	0	0	35.5952	201
6	9	0	0	0	0	33.8819	202
6	9	0	0	0	0	31.1083	203
6	9	0	0	0	0	33.443	204
6	9	0	0	0	0	29.0092	205
6	9	0	0	0	0	34.9757	206
6	7	0	0	0	0	18.5179	207
6	7	0	0	0	0	32.419	208
7	7	0	0	0	0	32.9902	209
7	8	0	0	0	0	22.389	210
7	8	0	0	0	0	30.1927	211
7	8	0	0	0	0	31.2109	212
7	8	0	0	0	0	19.8389	213
8	8	0	0	0	0	29.3861	214
8	8	0	0	0	0	31.694	215
8	8	0	0	0	0	29.204	216
8	8	0	0	0	0	36.9105	217
8	8	0	0	0	0	34.7767	218
8	8	0	0	0	0	46.1343	219
8	9	0	0	0	0	50.6108	220
8	9	0	0	0	0	45.6476	221
8	9	0	0	0	0	25.1212	222
8	15	0	0	0	0	41.0188	223
6	14	0	0	0	0	51.4348	224
6	14	0	0	0	0	49.6138	225
6	14	0	0	0	0	52.9058	226
6	13	0	0	0	0	53.2157	227
6	12	0	0	0	0	29.0279	228
6	12	0	0	0	0	48.9749	229
6	12	0	0	0	0	50.9542	230
6	12	0	0	0	0	51.1659	231
6	13	0	0	0	0	46.5057	232
7	11	0	0	0	0	40.5924	233
7	11	0	0	0	0	49.1166	234
7	11	0	0	0	0	51.5823	235
7	11	0	0	0	0	52.4809	236
7	11	0	0	0	0	43.949	237
7	11	0	0	0	0	51.9247	238
7	11	0	0	0	0	42.6738	239
7	11	0	0	0	0	33.8521	240
7	10	0	0	0	0	37.2047	241
8	10	0	0	0	0	40.7123	242
8	10	0	0	0	0	36.6038	243
8	10	0	0	0	0	35.1543	244
8	10	0	0	0	0	35.0687	245
8	9	0	0	0	0	33.2269	246
8	9	0	0	0	0	25.0842	247
8	9	0	0	0	0	29.6849	248
8	9	0	0	0	0	20.8535	249
8	10	0	0	0	0	34.8251	250
7	10	0	0	0	0	35.1804	251
7	10	0	0	0	0	29.8443	252
7	10	0	0	0	0	33.5684	253
7	10	0	0	0	0	34.956	254
7	10	0	0	0	0	14.5338	255
7	10	0	0	0	0	27.9025	256
7	10	0	0	0	0	34.2486	257
7	10	0	0	0	0	26.0057	258
7	10	0	0	0	0	35.0859	259
7	10	0	0	0	0	36.8158	260
7	10	0	0	0	0	33.0002	261
6	9	0	0	0	0	41.1403	262
6	9	0	0	0	0	38.8065	263
6	9	0	0	0	0	33.8266	264
6	9	0	0	0	0	34.7299	265
4	9	0	0	0	0	28.7798	266
4	8	0	0	0	0	12.4687	267
4	8	0	0	0	0	23.3361	268
2	8	0	0	0	0	23.2772	269
2	8	0	0	0	0	11.2284	270
2	8	0	0	0	0	20.7431	271
2	8	0	0	0	0	21.1745	272
2	8	0	0	0	0	22.2052	273
2	8	0	0	0	0	19.2876	274
2	7	0	0	0	0	13.6403	275
2	6	0	0	0	0	12.8066	276
2	6	0	0	0	0	3.86659	277
2	4	0	0	0	0	7.6999	278
1	3	0	0	0	0	5.91616	279
1	3	0	0	0	0	5.34278	280
1	2	0	0	0	0	5.34278	281
1	2	0	0	0	0	5.37328	282
1	2	0	0	0	0	5.07373	283
1	2	0	0	0	0	4.58936	284
1	2	0	0	0	0	4.58936	285
1	2	0	0	0	0	5.37328	286
1	2	0	0	0	0	5.37328	287
1	2	0	0	0	0	-0.0291785	288
1	2	0	0	0	0	-2.92285	289
2	2	0	0	0	0	5.37328	290
2	2	0	0	0	0	7.86933	291
2	2	0	0	0	0	5.34278	292
2	2	0	0	0	0	5.34278	293
2	2	0	0	0	0	3.94822	294
2	1	0	0	0	0	4.20676	295
2	1	0	0	0	0	4.94793	296
2	1	0	0	0	0	4.54735	297
2	1	0	0	0	0	4.6851	298
2	1	0	0	0	0	-0.308649	299
2	1	0	0	0	0	2.16373	300
2	1	0	0	0	0	4.94793	301
2	1	0	0	0	0	4.04284	302
2	1	0	0	0	0	-3.22011	303
4	2	0	0	0	0	1.35686	304
5	1	0	0	0	0	8.27647	305
5	1	0	0	0	0	3.4214	306
6	2	0	0	0	0	11.8763	307
6	3	0	0	0	0	20.3639	308
6	3	0	0	0	0	7.93484	309
6	3	0	0	0	0	20.0989	310
5	3	0	0	0	0	20.6287	311
5	3	0	0	0	0	4.19951	312
6	3	0	0	0	0	20.3598	313
6	3	0	0	0	0	22.2634	314
6	3	0	0	0	0	15.4396	315
9	3	0	0	0	0	24.3463	316
9	3	0	0	0	0	33.4828	317
9	3	0	0	0	0	32.0192	318
10	3	0	0	0	0	35.0921	319
10	3	0	0	0	0	35.0921	320
10	3	0	0	0	0	10.0205	321
10	3	0	0	0	0	37.1396	322
10	3	0	0	0	0	37.7176	323
10	3	0	0	0	0	34.8015	324
10	3	0	0	0	0	34.1716	325
11	3	0	0	0	0	39.9488	326
11	3	0	0	0	0	30.743	327
11	3	0	0	0	0	40.0553	328
11	5	0	0	0	0	43.2321	329
11	5	0	0	0	0	46.1178	330
11	5	0	0	0	0	20.337	331
11	5	0	0	0	0	20.2312	332
12	5	0	0	0	0	44.0716	333
12	5	0	0	0	0	47.7464	334
12	5	0	0	0	0	47.6267	335
13	5	0	0	0	0	15.4733	336
14	7	0	0	0	0	42.2069	337
14	7	0	0	0	0	47.0392	338
14	7	0	0	0	0	39.1806	339
13	8	0	0	0	0	52.1549	340
13	8	0	0	0	0	67.4851	341
13	8	0	0	0	0	60.4668	342
14	10	0	0	0	0	66.3775	343
14	10	0	0	0	0	71.665	344
14	10	0	0	0	0	77.9133	345
14	10	0	0	0	0	78.9208	346
14	10	0	0	0	0	77.7086	347
15	11	0	0	0	0	79.9522	348
15	11	0	0	0	0	72.0628	349
15	11	0	0	0	0	81.1833	350
15	11	0	0	0	0	85.6027	351
15	11	0	0	0	0	88.4668	352
15	11	0	0	0	0	89.6137	353
15	11	0	0	0	0	77.6136	354
15	11	0	0	0	0	21.8172	355
15	11	0	0	0	0	89.5622	356
16	11	0	0	0	0	77.8049	357
17	11	0	0	0	0	91.9172	358
17	11	0	0	0	0	93.6423	359
17	11	0	0	0	0	88.7138	360
17	11	0	0	0	0	93.626	361
16	11	0	0	0	0	88.6996	362
15	12	0	0	0	0	85.1197	363
15	12	0	0	0	0	88.0973	364
15	12	0	0	0	0	90.9818	365
15	12	0	0	0	0	88.0833	366
16	12	0	0	0	0	85.3722	367
16	13	0	0	0	0	84.9177	368
16	13	0	0	0	0	75.8766	369
16	13	0	0	0	0	98.2751	370
17	13	0	0	0	0	100.93	371
16	14	0	0	0	0	99.2759	372
16	15	0	0	0	0	105.175	373
16	14	0	0	0	0	96.7488	374
16	14	0	0	0	0	83.4556	375
16	14	0	0	0	0	98.359	376
15	14	0	0	0	0	95.92	377
14	14	0	0	0	0	66.9505	378
13	14	0	0	0	0	97.799	379
13	14	0	0	0	0	94.1542	380
14	14	0	0	0	0	-3.85856	381
14	14	0	0	0	0	100.963	382
16	15	0	0	0	0	101.353	383
16	15	0	0	0	0	15.1441	384
17	16	0	0	0	0	103.466	385
17	16	0	0	0	0	94.5204	386
17	16	0	0	0	0	97.8704	387
17	15	0	0	0	0	112.932	388
17	15	0	0	0	0	104.203	389
18	15	0	0	0	0	105.244	390
19	15	0	0	0	0	107.807	391
19	14	0	0	0	0	98.879	392
19	14	0	0	0	0	102.163	393
19	17	0	0	0	0	116.87	394
19	17	0	0	0	0	123.77	395
19	17	0	0	0	0	118.897	396
19	17	0	0	0	0	124.507	397
19	17	0	0	0	0	125.373	398
19	17	0	0	0	0	119.391	399
19	17	0	0	0	0	111.388	400
19	17	0	0	0	0	120.329	401
18	17	0	0	0	0	-4.69565	402
19	17	0	0	0	0	129.215	403
19	17	0	0	0	0	129.982	404
20	19	0	0	0	0	128.725	405
20	19	0	0	0	0	119.842	406
20	19	0	0	0	0	138.708	407
20	19	0	0	0	0	136.687	408
20	19	0	0	0	0	131.513	409
20	18	0	0	0	0	116.231	410
20	17	0	0	0	0	107.431	411
20	17	0	0	0	0	128.828	412
20	17	0	0	0	0	128.151	413
19	18	0	0	0	0	122.579	414
19	18	0	0	0	0	129.846	415
19	18	0	0	0	0	108.479	416
19	18	0	0	0	0	127.076	417
19	18	0	0	0	0	133.562	418
20	18	0	0	0	0	119.458	419
20	19	0	0	0	0	124.287	420
21	18	0	0	0	0	141.911	421
22	18	0	0	0	0	124.894	422
22	21	0	0	0	0	124.103	423
22	21	0	0	0	0	124.739	424
23	23	0	0	0	0	135.014	425
23	23	0	0	0	0	116.372	426
23	23	0	0	0	0	128.416	427
23	22	0	0	0	0	125.75	428
23	22	0	0	0	0	-4.20554	429
23	23	0	0	0	0	133.29	430
23	24	0	0	0	0	119.236	431
22	26	0	0	0	0	125.163	432
22	27	0	0	0	0	157.317	433
22	27	0	0	0	0	148.747	434
22	27	0	0	0	0	126.035	435
22	27	0	0	0	0	146.385	436
18	27	0	0	0	0	159.77	437
18	27	0	0	0	0	133	438
18	28	0	0	0	0	152.31	439
19	27	0	0	0	0	159.872	440
19	27	0	0	0	0	162.292	441
19	27	0	0	0	0	162.11	442
19	29	0	0	0	0	160.803	443
21	29	0	0	0	0	157.501	444
20	30	0	0	0	0	160.512	445
19	30	0	0	0	0	165.174	446
19	30	0	0	0	0	164.706	447
20	30	0	0	0	0	179.426	448
19	30	0	0	0	0	159.19	449
19	30	0	0	0	0	165.549	450
19	30	0	0	0	0	165.229	451
19	29	0	0	0	0	173.377	452
19	29	0	0	0	0	173.832	453
19	28	0	0	0	0	160.337	454
19	28	0	0	0	0	157.767	455
19	28	0	0	0	0	168.273	456
19	28	0	0	0	0	171.342	457
20	28	0	0	0	0	155.23	458
20	28	0	0	0	0	157.919	459
20	27	0	0	0	0	155.838	460
20	26	0	0	0	0	154.135	461
20	30	0	0	0	0	171.388	462
21	30	0	0	0	0	167.133	463
21	30	0	0	0	0	152.227	464
22	30	0	0	0	0	168.493	465
22	29	0	0	0	0	170.334	466
22	30	0	0	0	0	168.201	467
23	29	0	0	0	0	172.769	468
23	29	0	0	0	0	190.754	469
23	29	0	0	0	0	182.832	470
22	29	0	0	0	0	177.518	471
22	29	0	0	0	0	190.685	472
22	29	0	0	0	0	151.96	473
21	30	0	0	0	0	180.631	474
21	30	0	0	0	0	165.693	475
20	30	0	0	0	0	177.267	476
20	30	0	0	0	0	167.939	477
21	30	0	0	0	0	179.117	478
21	30	0	0	0	0	175.212	479
21	30	0	0	0	0	168.576	480
21	30	0	0	0	0	155.242	481
21	30	0	0	0	0	188.38	482
21	30	0	0	0	0	178.704	483
21	29	0	0	0	0	163.949	484
21	29	0	0	0	0	161.309	485
21	29	0	0	0	0	151.924	486
21	28	0	0	0	0	-3.58024	487
21	28	0	0	0	0	157.269	488
21	28	0	0	0	0	152.911	489
20	27	0	0	0	0	-3.03668	490
20	27	0	0	0	0	-1.36674	491
22	27	0	0	0	0	151.109	492
22	26	0	0	0	0	167.828	493
22	26	0	0	0	0	154.76	494
22	26	0	0	0	0	156.817	495
22	26	0	0	0	0	166.88	496
22	27	0	0	0	0	177.935	497
23	27	0	0	0	0	157.525	498
23	27	0	0	0	0	167.152	499
23	25	0	0	0	0	171.244	500
24	25	0	0	0	0	160.365	501
24	24	0	0	0	0	165.238	502
25	25	0	0	0	0	167.537	503
23	25	0	0	0	0	160.606	504
23	25	0	0	0	0	155.743	505
23	25	0	0	0	0	161.761	506
22	23	0	0	0	0	160.393	507
22	24	0	0	0	0	159.325	508
22	24	0	0	0	0	152.326	509
22	24	0	0	0	0	152.611	510
22	24	0	0	0	0	168.07	511
22	24	0	0	0	0	153.146	512
21	26	0	0	0	0	151.594	513
21	26	0	0	0	0	171.746	514
23	26	0	0	0	0	164.169	515
23	26	0	0	0	0	173.195	516
24	26	0	0	0	0	168.995	517
24	24	0	0	0	0	157.843	518
24	24	0	0	0	0	164.363	519
24	23	0	0	0	0	154.023	520
24	23	0	0	0	0	169.118	521
23	23	0	0	0	0	154.037	522
23	23	0	0	0	0	167.963	523
24	23	0	0	0	0	157.882	524
24	23	0	0	0	0	151.986	525
25	23	0	0	0	0	177.623	526
26	23	0	0	0	0	173.026	527
26	23	0	0	0	0	154.534	528
27	23	0	0	0	0	167.369	529
27	23	0	0	0	0	160.184	530
27	23	0	0	0	0	156.184	531
27	23	0	0	0	0	166.388	532
25	22	0	0	0	0	163.202	533
25	22	0	0	0	0	163.878	534
25	22	0	0	0	0	163.452	535
25	22	0	0	0	0	164.784	536
25	22	0	0	0	0	158.751	537
25	21	0	0	0	0	159.198	538
25	21	0	0	0	0	168.274	539
25	21	0	0	0	0	160.747	540
25	23	0	0	0	0	154.178	541
25	23	0	0	0	0	156.754	542
25	23	0	0	0	0	163.666	543
25	23	0	0	0	0	165.407	544
26	24	0	0	0	0	161.762	545
27	24	0	0	0	0	161.406	546
27	26	0	0	0	0	185.829	547
28	26	0	0	0	0	186.828	548
28	26	0	0	0	0	183.416	549
28	27	0	0	0	0	185.233	550
27	27	0	0	0	0	164.263	551
26	28	0	0	0	0	180.968	552
25	28	0	0	0	0	167.724	553
23	28	0	0	0	0	165.863	554
23	28	0	0	0	0	185.299	555
23	28	0	0	0	0	168.202	556
23	28	0	0	0	0	173.45	557
23	28	0	0	0	0	176.521	558
23	28	0	0	0	0	173.456	559
23	27	0	0	0	0	178.659	560
23	27	0	0	0	0	176.836	561
23	27	0	0	0	0	174.181	562
24	27	0	0	0	0	177.791	563
24	26	0	0	0	0	169.037	564
24	25	0	0	0	0	155.261	565
24	25	0	0	0	0	168.805	566
24	27	0	0	0	0	172.677	567
24	27	0	0	0	0	164.696	568
23	27	0	0	0	0	168.146	569
23	26	0	0	0	0	180.284	570
23	26	0	0	0	0	160.164	571
23	26	0	0	0	0	183.253	572
23	26	0	0	0	0	175.989	573
23	27	0	0	0	0	170.303	574
23	27	0	0	0	0	157.14	575
23	27	0	0	0	0	174.41	576
23	27	0	0	0	0	179.663	577
23	27	0	0	0	0	174.073	578
23	27	0	0	0	0	172.453	579
23	26	0	0	0	0	171.513	580
22	25	0	0	0	0	164.827	581
22	24	0	0	0	0	133.124	582
21	24	0	0	0	0	139.461	583
21	24	0	0	0	0	156.456	584
21	23	0	0	0	0	154.584	585
21	23	0	0	0	0	157.046	586
20	23	0	0	0	0	6.10383	587
19	23	0	0	0	0	134.376	588
18	24	0	0	0	0	128.881	589
18	24	0	0	0	0	126.416	590
18	24	0	0	0	0	128.5	591
18	24	0	0	0	0	129.411	592
18	22	0	0	0	0	125.2	593
18	22	0	0	0	0	127.451	594
17	22	0	0	0	0	135.2	595
17	21	0	0	0	0	122.396	596
17	21	0	0	0	0	129.804	597
15	21	0	0	0	0	125.906	598
15	21	0	0	0	0	122.981	599
15	21	0	0	0	0	117.963	600
15	21	0	0	0	0	120.911	601
15	21	0	0	0	0	124.205	602
15	21	0	0	0	0	120.838	603
15	21	0	0	0	0	105.847	604
15	21	0	0	0	0	116.227	605
15	21	0	0	0	0	115.68	606
15	21	0	0	0	0	112.817	607
14	20	0	0	0	0	114.599	608
14	20	0	0	0	0	112.475	609
14	20	0	0	0	0	99.3934	610
13	20	0	0	0	0	96.0647	611
13	18	0	0	0	0	100.479	612
12	18	0	0	0	0	99.4221	613
12	17	0	0	0	0	94.2634	614
12	17	0	0	0	0	97.6394	615
12	16	0	0	0	0	85.4713	616
12	16	0	0	0	0	80.8568	617
10	15	0	0	0	0	82.2711	618
10	15	0	0	0	0	87.2713	619
10	15	0	0	0	0	88.4785	620
10	15	0	0	0	0	83.1623	621
10	15	0	0	0	0	76.2889	622
10	15	0	0	0	0	81.6731	623
10	15	0	0	0	0	77.5999	624
10	15	0	0	0	0	78.4067	625
9	15	0	0	0	0	72.0165	626
9	15	0	0	0	0	61.0422	627
7	15	0	0	0	0	73.3159	628
7	15	0	0	0	0	63.129	629
7	15	0	0	0	0	71.7286	630
6	15	0	0	0	0	65.8682	631
6	15	0	0	0	0	62.7982	632
6	15	0	0	0	0	63.7787	633
6	15	0	0	0	0	62.7553	634
6	14	0	0	0	0	63.6551	635
6	14	0	0	0	0	63.0354	636
6	14	0	0	0	0	50.2254	637
6	14	0	0	0	0	60.1158	638
5	14	0	0	0	0	58.9767	639
5	14	0	0	0	0	61.29	640
5	14	0	0	0	0	56.4395	641
5	14	0	0	0	0	63.9497	642
5	14	0	0	0	0	61.1483	643
5	14	0	0	0	0	54.695	644
5	14	0	0	0	0	47.3461	645
5	14	0	0	0	0	58.3959	646
5	13	0	0	0	0	50.5233	647
5	12	0	0	0	0	46.3714	648
5	12	0	0	0	0	44.7324	649
5	11	0	0	0	0	42.8221	650
4	11	0	0	0	0	41.8454	651
4	11	0	0	0	0	40.7811	652
4	10	0	0	0	0	33.0655	653
3	9	0	0	0	0	29.2103	654
3	8	0	0	0	0	29.9721	655
3	8	0	0	0	0	32.4913	656
3	8	0	0	0	0	31.7408	657
3	8	0	0	0	0	27.6051	658
3	8	0	0	0	0	26.8704	659
3	8	0	0	0	0	24.9062	660
3	8	0	0	0	0	23.6765	661
3	8	0	0	0	0	26.8259	662
3	7	0	0	0	0	20.905	663
2	7	0	0	0	0	20.7156	664
1	7	0	0	0	0	19.1065	665
1	7	0	0	0	0	21.9248	666
1	7	0	0	0	0	17.7378	667
1	7	0	0	0	0	16.0967	668
1	7	0	0	0	0	10.8373	669
1	6	0	0	0	0	12.3494	670
1	6	0	0	0	0	13.7901	671
1	6	0	0	0	0	9.69903	672
0	6	0	0	0	0	12.3171	673
0	6	0	0	0	0	9.80218	674
0	6	0	0	0	0	6.72621	675
0	6	0	0	0	0	7.99929	676
0	5	0	0	0	0	9.38474	677
0	5	0	0	0	0	6.7025	678
0	5	0	0	0	0	7.25884	679
0	5	0	0	0	0	9.18427	680
0	5	0	0	0	0	7.83606	681
0	5	0	0	0	0	nan	682
