unique_top_cov	unique_bot_cov	redundant_top_cov	redundant_bot_cov	raw_redundant_top_cov	raw_redundant_bot_cov	e_value	position
10	4	0	0	0	0	47.3994	1
10	4	0	0	0	0	44.2651	2
11	5	0	1	0	2	46.602	3
11	5	0	1	0	2	43.5634	4
11	5	0	1	0	2	46.6152	5
11	5	0	1	0	2	45.4812	6
12	5	0.5	1	1	2	49.0706	7
12	5	0.5	1	1	2	50.925	8
12	5	0.5	1	1	2	45.242	9
12	5	0.5	1	1	2	53.5233	10
12	5	0.5	1	1	2	58.3618	11
12	5	0.5	1	1	2	53.8245	12
12	6	0.5	1	1	2	56.7283	13
12	6	0.5	1	1	2	56.7956	14
12	7	0.5	1	1	2	60.6265	15
12	7	0.5	1	1	2	56.2097	16
12	7	0.5	1	1	2	54.3664	17
12	7	0.5	1	1	2	55.3223	18
12	7	0.5	1	1	2	65.2871	19
12	7	0.5	1	1	2	66.7198	20
12	7	0.5	1	1	2	57.7966	21
12	7	0.5	1	1	2	63.2654	22
12	7	0.5	1	1	2	68.8389	23
12	7	0.5	1	1	2	62.5159	24
12	7	0.5	1	1	2	60.6498	25
14	7	0.5	1	1	2	57.7966	26
14	9	0.5	1	1	2	63.0166	27
14	9	0.5	1	1	2	81.1294	28
14	9	0.5	1	1	2	74.5817	29
14	9	0.5	1	1	2	79.7404	30
14	9	0.5	1	1	2	78.9904	31
14	9	0.5	1	1	2	76.5684	32
14	9	0.5	1	1	2	72.7357	33
13	9	0.5	1	1	2	68.3599	34
13	9	0.5	1	1	2	74.6011	35
13	9	0.5	1	1	2	75.4653	36
13	9	0.5	1	1	2	73.587	37
13	9	0.5	1	1	2	74.3653	38
13	9	0.5	1	1	2	74.3112	39
14	9	0.5	1	1	2	64.4417	40
15	9	0.5	1	1	2	79.7349	41
14	9	0.5	1	1	2	80.574	42
15	9	0.5	1	1	2	78.8272	43
15	9	0.5	1	1	2	76.5062	44
15	9	0.5	1	1	2	75.0094	45
15	9	0.5	1	1	2	73.4687	46
15	9	0.5	1	1	2	79.9577	47
16	9	0.5	1	1	2	71.3697	48
16	9	0.5	1	1	2	81.2201	49
16	9	0.5	1	1	2	83.1982	50
15	9	0.5	1	1	2	77.3551	51
15	9	0.5	1	1	2	74.5032	52
15	9	0.5	1	1	2	77.8407	53
16	9	0.5	1	1	2	82.4703	54
17	9	0.5	1	1	2	75.8974	55
17	9	0.5	1	1	2	77.8098	56
17	9	0.5	1	1	2	75.127	57
17	9	0.5	1	1	2	90.4331	58
18	9	0.5	1	1	2	90.0283	59
18	10	0.5	1	1	2	93.2311	60
18	10	0.5	1	1	2	91.4368	61
18	10	0.5	1	1	2	95.3577	62
18	10	0.5	1	1	2	91.0887	63
18	10	0.5	1	1	2	91.4783	64
18	7	0	1	0	2	74.7261	65
18	8	0	1	0	2	80.5783	66
19	8	0	1	0	2	89.47	67
19	8	0	1	0	2	86.8641	68
19	8	0	0.5	0	1	86.5325	69
19	8	0	0.5	0	1	93.3286	70
19	8	0	0.5	0	1	90.8082	71
19	8	0	0.5	0	1	89.9894	72
19	7	0	0.5	0	1	85.5269	73
19	8	0	0	0	0	83.4395	74
19	8	0	0	0	0	86.0864	75
19	8	0	0	0	0	95.2788	76
20	8	0	0	0	0	83.5192	77
20	8	0	0	0	0	94.8289	78
20	8	0	0	0	0	94.6587	79
20	8	0	0	0	0	92.8908	80
20	8	0	0.333333	0	1	96.8055	81
20	10	0	0.333333	0	1	93.9226	82
20	10	0	0.333333	0	1	97.4075	83
20	12	0	0.333333	0	1	98.0563	84
20	12	0	0.333333	0	1	98.5788	85
20	12	0	0.333333	0	1	99.8978	86
19	12	0	0.333333	0	1	102.787	87
19	12	0	0.333333	0	1	102.442	88
19	12	0	0.333333	0	1	101.568	89
19	12	0	0.333333	0	1	107.838	90
19	12	0	0.333333	0	1	82.7892	91
18	12	0	0.333333	0	1	93.9423	92
18	12	0	0.333333	0	1	81.7267	93
18	12	0.666667	0.333333	2	1	101.075	94
18	12	0.666667	0.333333	2	1	97.1008	95
18	12	0.666667	0.333333	2	1	103.597	96
19	12	0.666667	0.333333	2	1	104.405	97
18	12	0.666667	0.333333	2	1	99.083	98
18	12	0.666667	0.333333	2	1	96.656	99
18	12	0.666667	0.333333	2	1	94.161	100
18	12	0.666667	0.333333	2	1	100.264	101
18	11	0.666667	0.333333	2	1	97.0203	102
18	11	0.666667	0.333333	2	1	95.0106	103
18	11	0.666667	0.333333	2	1	93.2075	104
18	11	0.666667	0.333333	2	1	87.5873	105
18	11	0.666667	0.333333	2	1	95.1484	106
18	11	0.666667	0.333333	2	1	77.3902	107
18	11	0.666667	0.333333	2	1	83.3673	108
18	11	0.666667	0.333333	2	1	96.0017	109
18	10	0.666667	0.333333	2	1	88.5862	110
17	10	0.666667	0.333333	2	1	87.3737	111
17	11	0.666667	0.333333	2	1	92.7053	112
17	12	0.666667	0.333333	2	1	100.021	113
17	12	0.666667	0.333333	2	1	89.0924	114
17	12	0.666667	0.333333	2	1	93.8131	115
17	12	0.666667	0.333333	2	1	96.1476	116
17	12	0.666667	0.333333	2	1	100.445	117
17	12	0.666667	0.333333	2	1	97.4495	118
17	12	0.666667	0.333333	2	1	90.0201	119
17	12	0.666667	0.333333	2	1	99.5993	120
17	12	0.666667	0.333333	2	1	93.9697	121
17	12	0.666667	0.333333	2	1	94.0364	122
17	12	0.666667	0.333333	2	1	104.532	123
19	12	0.666667	0.333333	2	1	98.8823	124
19	12	0.666667	0.333333	2	1	99.7316	125
19	12	0.666667	0.333333	2	1	100.978	126
18	12	0.666667	0.333333	2	1	104.928	127
18	12	0.666667	0	2	0	90.8413	128
18	12	0.666667	0	2	0	84.174	129
18	12	0.666667	0	2	0	97.7666	130
18	12	0.666667	0	2	0	98.9173	131
18	12	0.666667	0	2	0	102.386	132
18	12	0.333333	0	1	0	98.5481	133
18	13	0.333333	0	1	0	97.4886	134
18	13	0.333333	0	1	0	103.88	135
18	13	0.333333	0	1	0	104.52	136
18	13	0.333333	0	1	0	103.078	137
18	13	0.333333	0	1	0	103.252	138
18	13	0.333333	0	1	0	108.816	139
18	13	0.333333	0	1	0	99.416	140
18	13	0.333333	0	1	0	100.284	141
18	13	0.333333	0	1	0	97.9952	142
18	13	0.333333	0	1	0	100.492	143
18	13	0.333333	0	1	0	96.4984	144
18	13	0.333333	0	1	0	104.781	145
18	13	0.333333	0	1	0	94.3865	146
18	13	0.333333	0	1	0	96.8968	147
16	13	0.333333	0	1	0	89.9954	148
16	13	0	0	0	0	94.7121	149
15	13	0	0	0	0	88.6945	150
15	13	0	0	0	0	89.814	151
15	13	0	0	0	0	86.269	152
15	12	0	0	0	0	87.4652	153
15	12	0	0	0	0	80.7786	154
15	12	0	0	0	0	88.8929	155
15	12	0	0	0	0	74.6009	156
13	12	0	0	0	0	81.0043	157
13	12	0	0	0	0	79.8775	158
13	12	0	0	0	0	69.2539	159
13	11	0	0	0	0	74.423	160
13	10	0	0	0	0	60.6198	161
13	10	0	0	0	0	70.5418	162
13	9	0	0	0	0	69.657	163
13	9	0	0	0	0	66.3095	164
13	8	0	0	0	0	70.6814	165
13	8	0	0	0	0	66.184	166
13	8	0	0	0	0	65.5998	167
13	8	0	0	0	0	65.6718	168
13	8	0	0	0	0	67.6685	169
13	8	0	0	0	0	67.3219	170
13	8	0	0	0	0	63.3586	171
13	8	0	0	0	0	68.554	172
13	8	0	0	0	0	72.196	173
13	8	0	0	0	0	68.7189	174
13	8	0	0	0	0	61.8714	175
11	8	0	0	0	0	60.8048	176
11	8	0	0	0	0	48.437	177
11	6	0	0	0	0	52.9615	178
11	6	0	0	0	0	55.6277	179
11	6	0	0	0	0	54.0512	180
11	6	0	0	0	0	52.806	181
11	6	0	0	0	0	49.675	182
11	6	0	0	0	0	47.2007	183
11	6	0	0	0	0	41.9013	184
10	6	0	0	0	0	46.775	185
9	6	0	0	0	0	43.3632	186
9	6	0	0	0	0	45.3173	187
9	6	0	0	0	0	43.683	188
9	6	0	0	0	0	35.501	189
9	6	0	0	0	0	35.7748	190
6	6	0	0	0	0	32.0198	191
6	6	0	0	0	0	33.7127	192
6	6	0	0	0	0	34.7506	193
6	6	0	0	0	0	36.2206	194
6	6	0	0	0	0	32.307	195
5	6	0	0	0	0	29.2853	196
5	6	0	0	0	0	27.9414	197
5	6	0	0	0	0	32.7002	198
5	6	0	0	0	0	30.208	199
5	6	0	0	0	0	29.7261	200
5	6	0	0	0	0	32.5789	201
5	6	0	0	0	0	29.7328	202
5	6	0	0	0	0	24.3771	203
5	6	0	0	0	0	31.9038	204
5	6	0	0	0	0	29.6604	205
5	6	0	0	0	0	26.5462	206
5	6	0	0	0	0	27.6405	207
5	6	0	0	0	0	23.4749	208
4	6	0	0	0	0	20.4862	209
4	4	0	0	0	0	17.4006	210
4	3	0	0	0	0	16.6475	211
4	3	0	0	0	0	17.446	212
4	3	0	0	0	0	15.2879	213
4	3	0	0	0	0	15.5562	214
4	3	0	0	0	0	17.2213	215
4	3	0	0	0	0	17.7974	216
4	3	0	0	0	0	16.109	217
4	3	0	0	0	0	17.4331	218
4	3	0	0	0	0	17.1151	219
4	3	0	0	0	0	17.0273	220
4	3	0	0	0	0	17.5336	221
4	3	0	0	0	0	12.2093	222
4	2	0	0	0	0	13.0178	223
4	2	0	0	0	0	13.3077	224
4	2	0	0	0	0	12.3841	225
4	2	0	0	0	0	6.73241	226
2	2	0	0	0	0	nan	227
