unique_top_cov	unique_bot_cov	redundant_top_cov	redundant_bot_cov	raw_redundant_top_cov	raw_redundant_bot_cov	e_value	position
2	0	0	0	0	0	nan	1
2	0	0	0	0	0	nan	2
2	0	0	0	0	0	-3.4079	3
2	1	0	0	0	0	-3.44124	4
2	1	0	0	0	0	-3.41029	5
2	1	0	0	0	0	-3.61055	6
2	1	0.333333	0	1	0	-0.279518	7
2	1	0.333333	0	1	0	-0.821409	8
3	2	0.333333	0.333333	1	1	-1.92777	9
4	2	0.333333	0.333333	1	1	5.87243	10
4	2	0.333333	0.333333	1	1	5.81327	11
5	2	0.333333	0.333333	1	1	9.54262	12
5	2	0.333333	0.333333	1	1	11.8898	13
5	3	0.333333	0.333333	1	1	11.721	14
5	3	0.333333	0.333333	1	1	16.7448	15
7	3	0.333333	0.333333	1	1	11.496	16
7	3	0.333333	0.333333	1	1	23.6946	17
7	3	0.333333	0.333333	1	1	18.8891	18
8	3	0.333333	0.333333	1	1	22.6584	19
8	3	0.333333	0.333333	1	1	24.4602	20
8	3	0.333333	0.333333	1	1	27.7173	21
8	3	0.333333	0.333333	1	1	28.3437	22
8	4	0.333333	0.333333	1	1	25.3452	23
9	4	0.333333	0.333333	1	1	29.1357	24
10	4	0.333333	0.333333	1	1	31.9928	25
10	4	0.333333	0.333333	1	1	37.1418	26
10	4	0.333333	0.333333	1	1	37.0911	27
10	4	0.333333	0.333333	1	1	36.6906	28
10	4	0.666667	0.333333	2	1	36.1037	29
10	4	0.666667	0.333333	2	1	37.2133	30
10	4	0.666667	0.333333	2	1	39.0041	31
10	4	0.666667	0.333333	2	1	38.0419	32
10	4	0.666667	0.666667	2	2	38.6677	33
10	4	0.666667	0.666667	2	2	33.2613	34
10	4	0.666667	0.666667	2	2	35.4513	35
10	4	0.666667	0.666667	2	2	37.9938	36
10	4	0.666667	0.666667	2	2	35.1664	37
10	4	0.666667	0.666667	2	2	38.8416	38
10	4	0.666667	0.666667	2	2	29.1891	39
10	4	0.666667	0.666667	2	2	30.5865	40
10	4	0.666667	0.666667	2	2	35.5643	41
10	4	0.666667	0.666667	2	2	35.8404	42
10	4	0.666667	0.666667	2	2	36.9332	43
10	4	0.666667	0.666667	2	2	37.6319	44
10	4	0.666667	0.666667	2	2	35.5521	45
10	4	0.666667	0.666667	2	2	32.1459	46
10	4	0.666667	0.666667	2	2	34.581	47
10	4	0.666667	0.666667	2	2	37.6542	48
10	4	0.666667	0.666667	2	2	32.9511	49
10	4	0.666667	0.666667	2	2	33.7272	50
10	4	0.666667	0.666667	2	2	41.3295	51
10	4	0.666667	0.666667	2	2	37.5643	52
10	4	0.666667	0.666667	2	2	33.601	53
10	4	0.666667	0.666667	2	2	40.0324	54
10	5	0.666667	0.666667	2	2	38.9411	55
10	5	0.666667	0.666667	2	2	41.5024	56
10	6	0.666667	0.666667	2	2	43.4201	57
10	6	0.666667	0.666667	2	2	39.3909	58
10	6	0.666667	0.666667	2	2	43.7898	59
10	6	0.333333	0.666667	1	2	47.6527	60
10	6	0.333333	0.666667	1	2	46.9019	61
11	6	0.333333	0.666667	1	2	42.3303	62
11	8	0.333333	0.666667	1	2	45.8323	63
11	8	0.333333	0.666667	1	2	43.6298	64
11	8	0.333333	0.666667	1	2	45.9057	65
11	9	0.333333	0.666667	1	2	52.2251	66
11	10	0.333333	0.666667	1	2	59.0732	67
11	10	0.333333	0.666667	1	2	62.6818	68
11	10	0.333333	0.666667	1	2	60.7527	69
11	10	0.333333	0.666667	1	2	62.0373	70
11	10	0.333333	0.666667	1	2	64.4752	71
11	10	0.333333	0.666667	1	2	64.299	72
11	10	0.333333	0.333333	1	1	69.1722	73
11	10	0.333333	0.333333	1	1	67.8145	74
11	10	0	0	0	0	47.3254	75
11	10	0	0	0	0	61.872	76
12	10	0	0	0	0	66.6466	77
12	10	0	0	0	0	67.9638	78
12	10	0	0	0	0	71.8644	79
12	10	0	0	0	0	67.1931	80
13	10	0	0	0	0	68.7346	81
13	10	0	0	0	0	76.7045	82
13	10	0	0	0	0	74.6747	83
13	10	0	0	0	0	59.0952	84
14	10	0	0	0	0	76.3516	85
14	10	0	0	0	0	74.5571	86
14	10	0	0	0	0	77.028	87
14	10	0	0	0	0	79.5078	88
14	10	0	0	0	0	74.6541	89
15	12	0	0	0	0	68.3046	90
15	12	0	0	0	0	74.3154	91
15	12	0	0	0	0	71.9611	92
15	12	0	0	0	0	82.3925	93
15	12	0	0	0	0	88.2537	94
15	12	0	0	0	0	87.7913	95
15	12	0	0	0	0	85.6109	96
16	12	0	0	0	0	90.6898	97
16	12	0	0	0	0	89.9329	98
16	12	0	0	0	0	86.7489	99
15	12	0	0	0	0	85.2475	100
15	12	0	0	0	0	67.2457	101
16	12	0	0	0	0	87.84	102
16	12	0	0	0	0	85.6632	103
16	12	0	0	0	0	88.2568	104
16	12	0	0	0	0	92.7465	105
16	12	0	0	0	0	78.9907	106
16	13	0	0	0	0	90.3938	107
16	13	0	0	0	0	93.3766	108
16	13	0	0	0	0	93.3328	109
16	13	0	0	0	0	89.9024	110
16	13	0	0	0	0	100.29	111
16	13	0	0	0	0	89.4277	112
16	13	0	0	0	0	85.0973	113
15	13	0	0	0	0	90.1067	114
15	13	0	0	0	0	84.7376	115
15	12	0	0	0	0	81.2339	116
15	12	0	0	0	0	81.3328	117
13	12	0	0	0	0	83.5431	118
14	13	0	0	0	0	59.5405	119
15	13	0	0	0	0	73.8337	120
15	12	0	0	0	0	76.4287	121
16	13	0	0	0	0	76.835	122
16	13	0	0	0	0	64.798	123
16	13	0	0	0	0	72.2825	124
16	13	0	0	0	0	74.8165	125
14	13	0	0	0	0	74.4783	126
15	13	0	0	0	0	82.1098	127
13	13	0	0	0	0	79.3689	128
13	13	0	0	0	0	79.3812	129
13	13	0	0	0	0	76.21	130
13	11	0	0	0	0	76.8801	131
13	11	0	0	0	0	87.9643	132
13	11	0	0	0	0	76.4385	133
13	10	0	0	0	0	73.9549	134
13	11	0	0	0	0	59.3435	135
13	11	0	0	0	0	78.451	136
13	11	0	0	0	0	79.7428	137
12	11	0	0	0	0	76.8389	138
12	11	0	0	0	0	75.9855	139
12	11	0	0	0	0	73.2416	140
12	11	0	0	0	0	73.2015	141
12	11	0	0	0	0	77.3061	142
12	11	0	0	0	0	74.168	143
12	11	0	0	0	0	75.1983	144
12	11	0	0	0	0	76.3463	145
13	10	0	0	0	0	69.8969	146
13	10	0	0	0	0	66.6638	147
13	10	0	0	0	0	83.1094	148
13	10	0	0	0	0	79.5811	149
13	11	0	0	0	0	76.403	150
13	11	0	0	0	0	80.2313	151
13	12	0	0	0	0	83.6178	152
13	11	0	0	0	0	74.5902	153
14	11	0	0	0	0	83.1702	154
14	11	0	0	0	0	83.4724	155
14	11	0	0	0	0	85.9646	156
14	11	0	0	0	0	85.8586	157
15	11	0	0	0	0	83.497	158
15	11	0.5	0	1	0	83.9709	159
15	12	0.5	0	1	0	76.4909	160
15	12	0.5	0	1	0	84.2071	161
14	12	0.5	0	1	0	86.935	162
14	12	0.5	0	1	0	89.1532	163
15	13	0.5	0	1	0	85.3783	164
15	13	0.5	0	1	0	96.4285	165
15	13	0.5	0	1	0	93.2185	166
14	13	0.5	0	1	0	85.7496	167
14	13	0.5	0	1	0	87.1068	168
13	13	0.5	0	1	0	83.6012	169
13	13	0.5	0	1	0	91.4993	170
13	13	0.5	0	1	0	87.4847	171
11	13	0.5	0	1	0	79.9297	172
11	13	0.5	0	1	0	75.3	173
11	13	0.5	0	1	0	78.0083	174
12	13	0.5	0	1	0	83.4028	175
12	13	0.5	0	1	0	81.4705	176
12	13	0.5	0	1	0	89.4421	177
12	13	0.5	0	1	0	91.843	178
12	13	0.5	0	1	0	84.3657	179
12	13	0.5	0	1	0	91.7556	180
12	13	0.5	0	1	0	85.2245	181
12	14	0.5	0	1	0	73.9295	182
12	14	0.5	0	1	0	63.3056	183
12	12	0.5	0	1	0	76.071	184
12	12	0.5	0	1	0	63.4149	185
11	12	0.5	0	1	0	66.8311	186
11	12	0.5	0	1	0	83.8187	187
11	12	0.5	0	1	0	80.7825	188
11	12	0.5	0	1	0	80.9865	189
11	12	0.5	0	1	0	81.951	190
11	12	0.5	0	1	0	78.5202	191
11	12	0.5	0	1	0	77.5785	192
11	12	0.5	0	1	0	73.8997	193
12	12	0.5	0	1	0	78.4775	194
12	12	0.5	0	1	0	73.3386	195
12	12	0	0	0	0	82.9112	196
12	12	0	0	0	0	77.7149	197
12	12	0	0	0	0	84.8718	198
12	12	0	0	0	0	79.2333	199
12	12	0	0	0	0	79.9389	200
12	11	0	0	0	0	63.9645	201
12	11	0	0	0	0	81.1759	202
12	11	0	0	0	0	75.802	203
12	11	0	0	0	0	79.4415	204
12	11	0	0	0	0	74.8674	205
12	11	0	0	0	0	77.3295	206
12	11	0	0	0	0	77.8146	207
12	11	0	0	0	0	73.4009	208
12	10	0	0	0	0	59.4308	209
12	10	0	0	0	0	70.7663	210
12	10	0	0	0	0	71.0777	211
12	10	0	0	0	0	69.0692	212
11	9	0	0	0	0	52.7931	213
11	9	0	0	0	0	72.3798	214
12	9	0	0	0	0	58.5093	215
13	9	0	0	0	0	72.5915	216
14	8	0	0	0	0	71.1455	217
14	8	0	0	0	0	75.5446	218
14	8	0	0	0	0	75.7712	219
14	8	0	0	0	0	69.6644	220
14	8	0	0	0	0	73.9109	221
14	8	0	0	0	0	75.7035	222
15	8	0	0	0	0	66.7374	223
15	9	0	0	0	0	74.153	224
15	9	0	0	0	0	80.7356	225
15	9	0	0	0	0	74.6411	226
15	9	0	0	0	0	69.9486	227
15	9	0	0	0	0	70.4679	228
16	9	0	0	0	0	75.5408	229
17	8	0	0	0	0	67.2351	230
16	8	0	0	0	0	75.2724	231
16	8	0	0	0	0	79.0859	232
16	8	0	0	0	0	71.932	233
16	8	0	0	0	0	77.7645	234
16	8	0	0	0	0	78.0275	235
16	8	0	0	0	0	86.8364	236
16	8	0	0	0	0	79.912	237
16	8	0	0	0	0	82.2297	238
16	8	0	0	0	0	71.8222	239
16	8	0	0	0	0	79.138	240
16	8	0	0	0	0	72.3654	241
16	7	0	0	0	0	76.3326	242
16	7	0	0	0	0	77.1084	243
16	7	0	0	0	0	77.0903	244
16	7	0	0	0	0	74.8571	245
16	7	0	0	0	0	74.4336	246
15	7	0	0	0	0	68.2732	247
15	7	0	0	0	0	68.9645	248
15	7	0	0	0	0	75.9641	249
15	7	0	0	0	0	72.3425	250
15	7	0	0	0	0	72.0145	251
15	7	0	0	0	0	75.4078	252
15	7	0	0	0	0	66.8907	253
15	7	0	0	0	0	68.444	254
15	7	0	0	0	0	62.2647	255
14	7	0	0	0	0	63.2755	256
14	7	0	0	0	0	62.9849	257
14	7	0	0	0	0	63.675	258
14	5	0	0	0	0	59.4938	259
14	5	0	0	0	0	63.7664	260
14	5	0	0	0	0	60.2185	261
14	5	0	0	0	0	62.237	262
13	5	0	0	0	0	57.9365	263
13	5	0	0	0	0	51.834	264
13	5	0	0	0	0	62.359	265
13	5	0	0	0	0	63.0348	266
13	5	0	0	0	0	60.4492	267
13	5	0	0	0	0	59.4527	268
13	5	0	0	0	0	62.0381	269
13	5	0	0	0	0	56.1172	270
13	5	0	0	0	0	50.2046	271
13	4	0	0	0	0	50.6358	272
12	4	0	0	0	0	48.7591	273
12	4	0	0	0	0	51.9558	274
12	4	0	0	0	0	47.3436	275
12	4	0	0	0	0	50.5399	276
11	4	0	0	0	0	47.7729	277
11	4	0	0	0	0	43.8417	278
11	4	0.333333	0	1	0	47.5741	279
11	4	0.333333	0	1	0	42.7081	280
10	4	0.333333	0	1	0	41.2553	281
10	4	0.333333	0	1	0	35.5174	282
10	4	0.333333	0	1	0	41.313	283
10	4	0.333333	0	1	0	36.5704	284
10	3	0.333333	0	1	0	37.0835	285
10	2	0.333333	0.333333	1	1	36.369	286
10	2	0.333333	0.333333	1	1	36.9462	287
10	2	0.333333	0.333333	1	1	34.5312	288
9	2	0.333333	0.333333	1	1	31.4571	289
9	2	0.333333	0.333333	1	1	28.3939	290
9	2	0.333333	0.333333	1	1	32.5949	291
9	2	0.333333	0.333333	1	1	29.5544	292
9	1	0.333333	0.333333	1	1	27.2151	293
9	1	0.333333	0.333333	1	1	23.5222	294
7	1	0.333333	0.333333	1	1	21.8545	295
7	1	0.333333	0.333333	1	1	23.7446	296
7	1	0.333333	0.333333	1	1	20.6422	297
7	1	0.333333	0.333333	1	1	21.9865	298
7	1	0.333333	0.333333	1	1	16.3186	299
7	1	0.333333	0.333333	1	1	23.2099	300
7	1	0.333333	0.333333	1	1	23.2726	301
7	1	0.333333	0.333333	1	1	19.5824	302
7	1	0.333333	0.333333	1	1	18.0388	303
7	1	0.333333	0.333333	1	1	18.5221	304
6	1	0.333333	0.333333	1	1	14.62	305
6	1	0.333333	0.333333	1	1	14.5247	306
6	1	0.333333	0.333333	1	1	10.7005	307
5	1	0.333333	0.333333	1	1	11.0271	308
5	1	0.333333	0.333333	1	1	11.0271	309
5	0	0.333333	0.333333	1	1	7.41832	310
5	0	0.333333	0.333333	1	1	10.8243	311
5	0	0.333333	0.333333	1	1	6.30062	312
5	0	0.333333	0.333333	1	1	11.7989	313
5	0	0.333333	0.333333	1	1	11.4067	314
5	0	0.333333	0.333333	1	1	10.8286	315
5	0	0.333333	0.333333	1	1	7.9691	316
5	0	0.333333	0.333333	1	1	10.9016	317
5	0	0.333333	0.333333	1	1	11.5134	318
5	0	0.333333	0.333333	1	1	10.6881	319
5	0	0.333333	0.333333	1	1	10.2807	320
5	0	0.333333	0.333333	1	1	10.9016	321
5	0	0.333333	0.333333	1	1	6.82868	322
4	0	0.333333	0.333333	1	1	6.76668	323
4	0	0.333333	0.333333	1	1	7.27805	324
4	0	0.333333	0.333333	1	1	7.06169	325
4	0	0.333333	0.333333	1	1	3.17288	326
3	0	0.333333	0.333333	1	1	3.28293	327
3	0	0.333333	0.333333	1	1	3.17288	328
3	0	0.333333	0.333333	1	1	2.49183	329
3	0	0.333333	0	1	0	3.28293	330
3	0	0.333333	0	1	0	3.73915	331
3	0	0.333333	0	1	0	3.17288	332
3	0	0.333333	0	1	0	2.86212	333
3	0	0.333333	0	1	0	3.17288	334
3	0	0.333333	0	1	0	3.28293	335
3	0	0.333333	0	1	0	3.28293	336
3	0	0.333333	0	1	0	3.17288	337
3	0	0.333333	0	1	0	3.28293	338
3	0	0.333333	0	1	0	3.10445	339
3	0	0.333333	0	1	0	-0.354391	340
3	0	0.333333	0	1	0	-0.681698	341
3	0	0.333333	0	1	0	-0.681698	342
3	0	0.333333	0	1	0	-0.354391	343
2	0	0.333333	0	1	0	-0.920651	344
2	0	0.333333	0	1	0	-0.920651	345
2	0	0.333333	0	1	0	-1.04964	346
2	0	0.333333	0	1	0	-0.920651	347
2	0	0.333333	0	1	0	-4.55519	348
1	0	0.333333	0	1	0	-4.56711	349
1	0	0.333333	0	1	0	nan	350
