unique_top_cov	unique_bot_cov	redundant_top_cov	redundant_bot_cov	raw_redundant_top_cov	raw_redundant_bot_cov	e_value	position
0	2	0	0	0	0	nan	1
0	2	0	0	0	0	nan	2
0	2	0.333333	0	1	0	-3.3974	3
0	2	0.333333	0	1	0	-3.39734	4
0	2	0.333333	0	1	0	-3.74048	5
0	2	0.333333	0	1	0	-3.39734	6
0	2	0.333333	0	1	0	-3.3974	7
1	2	0.333333	0	1	0	-3.40194	8
1	2	0.333333	0	1	0	0.627889	9
2	2	0.333333	0	1	0	-0.206118	10
2	2	0.666667	0	2	0	0.429289	11
2	2	0.666667	0	2	0	0.627889	12
2	2	0.666667	0	2	0	0.429289	13
3	2	0.666667	0.333333	2	1	3.39941	14
5	2	0.666667	0.666667	2	2	5.33981	15
5	2	0.666667	0.666667	2	2	5.60626	16
5	2	0.666667	0.666667	2	2	11.5021	17
5	2	1	0.666667	3	2	12.4616	18
5	2	1	0.666667	3	2	11.4598	19
6	2	1	0.666667	3	2	12.4571	20
6	2	1	0.666667	3	2	12.58	21
6	2	1	0.666667	3	2	16.1079	22
6	2	1	0.666667	3	2	16.4851	23
6	2	1	0.666667	3	2	15.67	24
6	2	1	0.666667	3	2	11.8458	25
6	2	1	0.666667	3	2	16.6952	26
6	2	1	0.666667	3	2	15.0035	27
6	2	1	0.666667	3	2	17.5065	28
6	2	1	0.666667	3	2	16.0829	29
6	2	1	0.666667	3	2	16.265	30
6	2	1	0.666667	3	2	16.7515	31
7	3	1	0.666667	3	2	14.8045	32
7	3	1	0.666667	3	2	17.0262	33
7	3	1	0.666667	3	2	16.8538	34
7	3	1	0.666667	3	2	15.7017	35
7	3	1	0.666667	3	2	15.434	36
7	4	1	0.666667	3	2	24.0761	37
7	4	1	0.666667	3	2	24.4573	38
7	4	1	0.666667	3	2	24.3611	39
7	5	1	0.666667	3	2	24.5443	40
7	5	1	0.666667	3	2	25.9824	41
7	5	1	0.666667	3	2	27.3808	42
7	5	1	0.666667	3	2	32.0034	43
7	5	1	0.666667	3	2	26.7936	44
9	5	1	0.666667	3	2	31.4941	45
9	5	1	0.666667	3	2	37.0621	46
9	5	1	0.666667	3	2	37.0824	47
9	6	1	0.666667	3	2	37.6009	48
9	6	1	0.666667	3	2	43.1479	49
9	6	1	0.666667	3	2	43.4365	50
9	6	0.666667	0.666667	2	2	37.8684	51
9	6	0.666667	0.666667	2	2	42.8203	52
9	6	0.666667	0.666667	2	2	42.0785	53
9	7	0.666667	0.666667	2	2	43.6318	54
9	7	0.666667	0.666667	2	2	46.0486	55
9	7	0.666667	0.666667	2	2	40.6144	56
9	7	0.666667	0.666667	2	2	44.2974	57
10	7	0.666667	0.666667	2	2	48.0307	58
11	7	0.666667	0.666667	2	2	44.255	59
11	8	0.666667	0.666667	2	2	46.4586	60
11	8	0.333333	0.666667	1	2	46.3966	61
11	8	0.333333	0.666667	1	2	46.1612	62
11	8	0.333333	0.666667	1	2	45.9895	63
12	8	0.333333	0.666667	1	2	56.3757	64
12	8	0.333333	0.666667	1	2	58.756	65
12	8	0.333333	0.666667	1	2	60.4689	66
12	8	0	0.666667	0	2	60.833	67
12	8	0	0.666667	0	2	62.2414	68
12	8	0	0.666667	0	2	60.9196	69
12	8	0	0.666667	0	2	61.0631	70
12	8	0	0.666667	0	2	61.0711	71
13	8	0	0.666667	0	2	58.7898	72
13	8	0	0.666667	0	2	53.7847	73
14	8	0	0.666667	0	2	58.0341	74
14	8	0	0.666667	0	2	63.5631	75
14	8	0	0.666667	0	2	61.7186	76
14	8	0	0	0	0	68.5229	77
14	8	0	0	0	0	63.6354	78
14	8	0	0	0	0	68.327	79
14	8	0	0	0	0	65.3278	80
14	8	0	0	0	0	65.0669	81
14	8	0	0	0	0	61.6648	82
14	8	0	0	0	0	65.0045	83
14	8	0	0	0	0	65.7178	84
14	8	0	0	0	0	64.4437	85
14	8	0	0	0	0	66.2322	86
14	8	0	0	0	0	62.9878	87
14	8	0	0	0	0	65.3572	88
15	8	0	0	0	0	63.8106	89
16	8	0	0	0	0	71.2511	90
16	8	0	0	0	0	71.2449	91
16	8	0	0	0	0	67.3325	92
16	9	0	0	0	0	76.258	93
16	9	0	0	0	0	75.3779	94
16	9	0	0	0	0	74.7792	95
16	9	0	0	0	0	73.0112	96
16	9	0	0	0	0	67.7906	97
16	9	0	0	0	0	78.0265	98
16	9	0.5	0	1	0	80.1138	99
16	9	0.5	0	1	0	79.8748	100
16	9	0.5	0	1	0	79.8615	101
17	9	0.5	0	1	0	75.9113	102
17	9	0.5	0	1	0	74.5898	103
16	9	0.5	0	1	0	62.0322	104
16	9	0.5	0	1	0	84.0172	105
16	9	0.5	0	1	0	73.638	106
17	9	0.5	0	1	0	75.246	107
17	9	0.5	0	1	0	84.4487	108
17	9	0.5	0	1	0	83.3291	109
17	11	0.5	0	1	0	76.6925	110
17	11	0.5	0	1	0	90.2046	111
17	11	0.5	0	1	0	89.662	112
17	11	0.5	0	1	0	90.8986	113
17	12	0.5	0	1	0	87.0772	114
17	12	0.5	0	1	0	90.3063	115
17	12	0.5	0	1	0	94.4758	116
18	12	0.5	0	1	0	89.5236	117
18	12	0.5	0	1	0	98.6451	118
18	12	0.5	0	1	0	99.5231	119
18	12	0.5	0	1	0	99.0746	120
18	12	0.5	0	1	0	92.7805	121
18	12	0.5	0	1	0	94.2805	122
18	12	0.5	0	1	0	77.1655	123
17	12	0.5	0	1	0	83.3933	124
17	12	0.5	0	1	0	96.9193	125
17	12	0.5	0	1	0	90.8617	126
17	12	0.5	0	1	0	96.0495	127
17	12	0.5	0	1	0	82.1242	128
16	12	0.5	0	1	0	94.0882	129
17	12	0.5	0	1	0	88.9875	130
17	13	0.5	0	1	0	96.8023	131
17	13	0.5	0	1	0	94.4341	132
18	13	0.5	0	1	0	93.5233	133
17	13	0.5	0	1	0	93.9388	134
18	13	0.5	0	1	0	86.0841	135
19	11	0.5	0	1	0	100.692	136
19	11	0.5	0	1	0	101.62	137
19	11	0.5	0	1	0	100.447	138
19	11	0.5	0	1	0	94.0399	139
18	10	0.5	0	1	0	87.5742	140
18	10	0.5	0	1	0	88.1871	141
16	10	0.5	0	1	0	81.1128	142
16	10	0.5	0	1	0	92.5393	143
16	10	0.5	0	1	0	90.3552	144
17	10	0.5	0	1	0	91.4065	145
17	10	0	0	0	0	87.163	146
17	10	0	0	0	0	85.8262	147
17	11	0	0	0	0	91.4414	148
17	11	0	0	0	0	85.9149	149
17	11	0	0	0	0	96.6412	150
18	11	0	0	0	0	75.9035	151
18	11	0	0	0	0	69.9662	152
18	11	0	0	0	0	67.0332	153
18	10	0	0	0	0	69.3905	154
18	10	0	0	0	0	71.7113	155
15	10	0	0	0	0	73.3256	156
13	10	0	0	0	0	72.0845	157
12	10	0	0	0	0	73.5563	158
12	10	0	0	0	0	75.4384	159
12	10	0	0	0	0	77.7985	160
12	10	0	0	0	0	75.4763	161
12	10	0	0	0	0	80.2604	162
13	10	0	0	0	0	76.4983	163
13	10	0	0	0	0	72.7179	164
13	10	0	0	0	0	71.4429	165
13	10	0	0	0	0	78.213	166
13	10	0	0	0	0	72.5221	167
13	10	0	0	0	0	73.6243	168
13	10	0	0	0	0	70.5853	169
14	10	0	0	0	0	80.3797	170
14	10	0	0	0	0	75.7535	171
14	11	0	0	0	0	75.3984	172
14	11	0	0	0	0	78.3358	173
13	11	0	0	0	0	66.747	174
13	11	0	0	0	0	72.166	175
13	12	0	0	0	0	73.0038	176
13	12	0	0	0	0	70.5023	177
13	11	0	0	0	0	70.6861	178
13	11	0	0	0	0	74.2358	179
13	11	0	0	0	0	74.174	180
13	11	0	0	0	0	65.7063	181
14	11	0	0	0	0	77.3744	182
13	10	0	0	0	0	76.1327	183
13	10	0	0	0	0	71.0131	184
13	10	0	0	0	0	73.1105	185
13	11	0	0	0	0	71.8684	186
13	11	0	0	0	0	61.6923	187
13	11	0	0	0	0	74.7933	188
12	11	0	0	0	0	68.7547	189
12	10	0	0	0	0	63.773	190
12	12	0	0	0	0	62.9881	191
12	12	0	0	0	0	59.5875	192
13	12	0	0	0	0	62.7291	193
13	12	0	0	0	0	59.7923	194
10	12	0	0	0	0	63.7916	195
10	12	0	0	0	0	70.6063	196
10	12	0	0	0	0	65.7349	197
10	11	0	0	0	0	68.0687	198
10	11	0	0	0	0	59.7602	199
9	10	0	0	0	0	66.0412	200
9	10	0	0	0	0	58.7422	201
9	10	0	0	0	0	57.6788	202
9	10	0	0	0	0	61.4301	203
9	10	0	0	0	0	65.0443	204
10	10	0	0	0	0	58.3976	205
10	10	0	0	0	0	61.9922	206
10	10	0	0	0	0	60.7466	207
10	10	0	0	0	0	60.7228	208
10	10	0	0	0	0	68.3707	209
10	10	0	0	0	0	63.6248	210
10	10	0	0	0	0	64.881	211
10	10	0	0	0	0	61.5535	212
9	10	0	0	0	0	53.3498	213
10	10	0	0	0	0	59.5702	214
10	9	0	0	0	0	67.4465	215
10	9	0	0	0	0	61.5012	216
10	10	0	0	0	0	57.4603	217
10	10	0	0	0	0	63.6599	218
11	10	0	0	0	0	62.2767	219
11	10	0	0	0	0	69.3147	220
11	11	0	0	0	0	62.7939	221
11	13	0	0	0	0	73.744	222
11	13	0	0	0	0	84.6182	223
13	14	0	0	0	0	79.5218	224
13	14	0	0	0	0	88.5753	225
13	15	0	0	0	0	86.7448	226
13	15	0	0	0	0	88.1076	227
14	15	0	0	0	0	96.035	228
14	15	0	0	0	0	98.7247	229
14	15	0	0	0	0	98.1738	230
14	15	0	0	0	0	100.189	231
15	15	0	0	0	0	91.2157	232
15	15	0	0	0	0	99.8943	233
15	15	0	0	0	0	98.16	234
15	15	0	0	0	0	100.863	235
15	15	0	0	0	0	98.4142	236
15	15	0	0	0	0	101.114	237
15	15	0	0	0	0	101.701	238
15	15	0	0	0	0	98.0876	239
15	15	0	0	0	0	96.3407	240
15	14	0	0	0	0	94.1151	241
15	14	0	0	0	0	102.436	242
15	14	0	0	0	0	99.7222	243
15	14	0	0	0	0	95.5587	244
15	14	0	0	0	0	96.0656	245
15	14	0	0	0	0	100.071	246
15	14	0	0	0	0	99.029	247
14	14	0	0	0	0	98.9177	248
14	13	0	0	0	0	79.8083	249
14	13	0	0	0	0	77.8027	250
14	13	0	0	0	0	78.3505	251
14	12	0	0	0	0	84.9948	252
14	12	0	0	0	0	84.8743	253
14	12	0	0	0	0	83.0116	254
14	12	0	0	0	0	83.6392	255
13	12	0	0	0	0	84.7543	256
13	11	0	0	0	0	84.8929	257
13	11	0	0	0	0	83.6488	258
13	11	0	0	0	0	84.9365	259
14	11	0	0	0	0	87.4037	260
15	11	0	0	0	0	82.8212	261
15	11	0	0	0	0	94.2845	262
15	11	0	0	0	0	80.3778	263
15	11	0	0	0	0	85.4101	264
15	10	0	0	0	0	78.7474	265
16	10	0	0	0	0	87.1962	266
15	10	0	0	0	0	81.188	267
15	10	0	0	0	0	81.4909	268
15	10	0	0	0	0	73.5613	269
15	10	0	0	0	0	86.0784	270
14	10	0	0	0	0	73.4129	271
14	10	0	0	0	0	83.3599	272
14	10	0	0	0	0	60.0673	273
14	10	0	0	0	0	80.3789	274
15	11	0	0	0	0	77.3927	275
15	12	0	0	0	0	90.6477	276
16	12	0	0	0	0	90.4156	277
17	12	0	0	0	0	84.6549	278
17	12	0	0	0	0	94.2106	279
18	13	0	0	0	0	97.19	280
18	13	0	0	0	0	93.5183	281
19	13	0	0	0	0	104.173	282
18	13	0	0	0	0	100.907	283
17	13	0	0	0	0	96.2084	284
17	13	0	0	0	0	105.683	285
17	13	0	0	0	0	92.6647	286
17	13	0	0	0	0	105.355	287
17	13	0	0	0	0	97.5984	288
17	13	0	0	0	0	101.721	289
17	13	0	0	0	0	101.117	290
17	13	0	0	0	0	101.491	291
17	13	0	0	0	0	99.5313	292
17	13	0	0	0	0	100.823	293
17	13	0	0	0	0	100.388	294
17	13	0	0	0	0	96.0745	295
17	13	0	0	0	0	106.772	296
16	13	0	0	0	0	91.2407	297
16	12	0	0	0	0	98.0482	298
16	12	0	0	0	0	86.5696	299
16	12	0	0	0	0	99.9154	300
16	12	0	0	0	0	97.85	301
16	12	0	0	0	0	90.5991	302
16	12	0	0	0	0	100.373	303
16	13	0	0	0	0	90.8212	304
16	13	0	0	0	0	104.585	305
16	13	0	0	0	0	92.9285	306
16	13	0	0	0	0	95.4778	307
16	13	0	0	0	0	95.3489	308
17	13	0	0	0	0	96.7475	309
17	13	0	0	0	0	110.511	310
17	13	0	0	0	0	100.578	311
17	16	0	0	0	0	93.6491	312
16	15	0	0	0	0	107.219	313
16	15	0	0	0	0	104.093	314
16	15	0	0	0	0	106.546	315
16	15	0	0	0	0	105.117	316
16	15	0	0	0	0	99.1164	317
16	15	0	0	0	0	94.6214	318
16	15	0	0	0	0	95.983	319
15	15	0	0	0	0	104.713	320
15	15	0	0	0	0	81.7891	321
16	14	0	0	0	0	84.7931	322
16	14	0	0	0	0	84.7152	323
16	13	0	0	0	0	84.4549	324
16	13	0	0	0	0	84.5206	325
16	13	0	0	0	0	81.4078	326
17	13	0	0	0	0	82.2283	327
17	13	0	0	0	0	83.3851	328
17	12	0	0	0	0	76.8387	329
18	12	0	0	0	0	82.5503	330
19	11	0	0	0	0	84.3421	331
19	11	0	0	0	0	76.993	332
19	12	0	0	0	0	82.5375	333
19	12	0	0	0	0	81.0484	334
19	13	0	0	0	0	81.0141	335
19	13	0	0	0	0	82.8913	336
19	15	0	0	0	0	72.7456	337
19	15	0	0	0	0	79.4856	338
19	15	0	0	0	0	100.227	339
19	15	0	0	0	0	117.712	340
20	15	0	0	0	0	120.247	341
21	15	0	0	0	0	127.285	342
22	15	0	0	0	0	123.503	343
22	15	0	0	0	0	122.722	344
22	16	0	0	0	0	116.394	345
22	16	0	0	0	0	134.131	346
22	16	0	0	0	0	131.726	347
21	16	0	0	0	0	123.744	348
21	16	0	0	0	0	131.351	349
21	16	0	0	0	0	124.592	350
21	17	0	0	0	0	121.837	351
21	18	0	0	0	0	137.754	352
21	18	0	0	0	0	123.061	353
20	18	0	0	0	0	125.307	354
19	18	0	0	0	0	121.155	355
18	19	0	0	0	0	118.356	356
18	19	0	0	0	0	129.508	357
19	19	0	0	0	0	125.572	358
18	19	0	0	0	0	120.991	359
17	19	0	0	0	0	121.169	360
18	19	0	0	0	0	112.075	361
18	19	0	0	0	0	124.588	362
18	19	0	0	0	0	121.913	363
18	18	0	0	0	0	119.844	364
18	18	0	0	0	0	124.913	365
18	18	0	0	0	0	116.025	366
17	17	0	0	0	0	105.907	367
17	17	0	0	0	0	113.048	368
14	17	0	0	0	0	102.568	369
14	17	0	0	0	0	99.6313	370
14	17	0	0	0	0	100.223	371
14	15	0	0	0	0	107.521	372
14	15	0	0	0	0	96.0218	373
14	15	0	0	0	0	95.3277	374
14	16	0	0	0	0	97.9114	375
14	15	0	0	0	0	98.9439	376
13	15	0	0	0	0	95.5473	377
13	15	0	0	0	0	90.713	378
14	15	0	0	0	0	93.0007	379
14	15	0	0	0	0	93.2962	380
15	15	0	0	0	0	98.9607	381
15	15	0	0	0	0	99.9309	382
15	17	0	0	0	0	102.428	383
13	17	0	0	0	0	101.769	384
13	16	0	0	0	0	99.6097	385
13	16	0	0	0	0	102.127	386
14	16	0	0	0	0	97.0519	387
14	16	0	0	0	0	104.043	388
14	16	0	0	0	0	97.8972	389
14	16	0	0	0	0	92.7126	390
14	16	0	0	0	0	106.557	391
14	16	0	0	0	0	110.247	392
14	18	0	0	0	0	100.958	393
15	18	0	0	0	0	102.39	394
15	18	0	0	0	0	111.267	395
15	18	0	0	0	0	110.832	396
14	18	0	0	0	0	110.32	397
14	18	0	0	0	0	117.364	398
14	18	0	0	0	0	85.2077	399
14	18	0	0	0	0	111.038	400
14	18	0	0	0	0	109.573	401
14	18	0	0	0	0	109.796	402
14	18	0	0	0	0	106.624	403
14	18	0	0	0	0	109.301	404
14	18	0	0	0	0	104.996	405
14	18	0	0	0	0	112.657	406
14	18	0	0	0	0	112.235	407
14	18	0	0	0	0	107.725	408
14	17	0	0	0	0	100.113	409
14	17	0	0	0	0	103.783	410
14	17	0	0	0	0	115.687	411
14	17	0	0	0	0	112.033	412
14	17	0	0	0	0	110.042	413
14	17	0	0	0	0	107.68	414
14	17	0	0	0	0	109.731	415
14	17	0	0	0	0	104.144	416
14	19	0	0	0	0	103.059	417
14	24	0	0	0	0	112.989	418
14	24	0	0	0	0	113.614	419
14	25	0	0	0	0	130.216	420
14	26	0	0	0	0	129.225	421
14	26	0	0	0	0	142.068	422
14	26	0	0	0	0	142.04	423
14	27	0	0	0	0	147.469	424
15	26	0	0	0	0	121.324	425
15	26	0	0	0	0	143.373	426
15	26	0	0	0	0	135.559	427
14	26	0	0	0	0	142.88	428
13	26	0	0	0	0	133.569	429
13	26	0	0	0	0	138.477	430
13	26	0	0	0	0	137.295	431
13	26	0	0	0	0	138.453	432
13	26	0	0	0	0	134.211	433
13	28	0	0	0	0	148.169	434
13	28	0	0	0	0	135.1	435
13	28	0	0	0	0	144.434	436
13	28	0	0	0	0	131.662	437
13	28	0	0	0	0	129.678	438
13	27	0	0	0	0	130.9	439
13	27	0	0	0	0	138.139	440
14	27	0	0	0	0	128.535	441
13	27	0	0	0	0	135.792	442
13	27	0	0	0	0	135.343	443
13	27	0	0	0	0	134.207	444
13	27	0	0	0	0	124.344	445
13	27	0	0	0	0	133.195	446
13	27	0	0	0	0	130.414	447
13	27	0	0	0	0	138.065	448
13	27	0	0	0	0	137.747	449
13	27	0	0	0	0	136.837	450
14	26	0	0	0	0	137.782	451
14	26	0	0	0	0	130.82	452
14	26	0	0	0	0	136.829	453
14	24	0	0	0	0	129.06	454
14	24	0	0	0	0	123.727	455
14	24	0	0	0	0	102.371	456
14	24	0	0	0	0	135.82	457
14	24	0	0	0	0	128.146	458
14	24	0	0	0	0	117.923	459
14	23	0	0	0	0	127.082	460
14	24	0	0	0	0	118.364	461
14	22	0	0	0	0	122.708	462
14	22	0	0	0	0	125.541	463
14	22	0	0	0	0	122.261	464
14	22	0	0	0	0	117.182	465
15	22	0	0	0	0	102.17	466
16	22	0	0	0	0	128.279	467
16	21	0	0	0	0	103.949	468
17	21	0	0	0	0	129.868	469
17	21	0	0	0	0	133.232	470
17	21	0	0	0	0	130.322	471
17	21	0	0	0	0	124.475	472
17	21	0	0	0	0	128.052	473
17	21	0	0	0	0	133.144	474
17	21	0	0	0	0	126.047	475
17	22	0	0	0	0	112.544	476
16	21	0	0	0	0	123.534	477
15	21	0	0	0	0	114.178	478
15	21	0	0	0	0	121.572	479
15	21	0	0	0	0	111.39	480
12	21	0	0	0	0	110.95	481
12	21	0	0	0	0	114.209	482
12	20	0	0	0	0	113.231	483
12	20	0	0	0	0	113.894	484
12	22	0	0	0	0	111.652	485
10	22	0	0	0	0	101.761	486
10	21	0	0	0	0	99.6792	487
10	20	0	0	0	0	106.221	488
10	20	0	0	0	0	100.143	489
10	22	0	0	0	0	106.989	490
9	22	0	0	0	0	102.104	491
10	23	0	0	0	0	97.0812	492
11	23	0	0	0	0	98.0582	493
11	23	0	0	0	0	102.711	494
11	22	0	0	0	0	112.758	495
11	22	0	0	0	0	107.774	496
11	22	0	0	0	0	115.1	497
11	22	0	0	0	0	119.584	498
10	22	0	0	0	0	99.5107	499
10	22	0	0	0	0	111.673	500
10	22	0	0	0	0	102.628	501
10	22	0	0	0	0	102.731	502
10	22	0	0	0	0	109.046	503
10	23	0	0	0	0	109.123	504
10	23	0	0	0	0	108.91	505
10	23	0	0	0	0	101.023	506
10	25	0	0	0	0	107.606	507
10	25	0	0	0	0	113.339	508
10	25	0	0	0	0	127.763	509
10	25	0	0	0	0	119.515	510
10	25	0	0	0	0	112.38	511
10	25	0	0	0	0	112.577	512
10	24	0	0	0	0	114.641	513
12	24	0	0	0	0	117.732	514
13	24	0	0	0	0	115.759	515
12	24	0	0	0	0	113.924	516
12	24	0	0	0	0	131.887	517
12	24	0	0	0	0	130.544	518
12	24	0	0	0	0	127.982	519
12	24	0	0	0	0	125.997	520
12	24	0	0	0	0	125.096	521
12	27	0	0	0	0	127.356	522
12	27	0	0	0	0	138.266	523
13	27	0	0	0	0	126.932	524
13	26	0	0	0	0	131.424	525
13	26	0	0	0	0	132.148	526
13	28	0	0	0	0	134.869	527
13	27	0	0	0	0	126.126	528
13	27	0	0	0	0	133.809	529
13	27	0	0	0	0	133.716	530
13	27	0	0	0	0	136.717	531
13	27	0	0	0	0	126.654	532
13	27	0	0	0	0	116.617	533
13	27	0	0	0	0	141.85	534
13	27	0	0	0	0	133.398	535
14	27	0	0	0	0	137.631	536
14	27	0	0	0	0	135.259	537
14	27	0	0	0	0	140.52	538
14	26	0	0	0	0	121.77	539
14	26	0	0	0	0	134.316	540
14	26	0	0	0	0	147.776	541
14	26	0	0	0	0	144.511	542
14	26	0	0	0	0	140.586	543
14	26	0	0	0	0	134.987	544
14	26	0	0	0	0	135.042	545
14	29	0	0	0	0	146.564	546
14	29	0	0	0	0	136.569	547
14	29	0	0	0	0	148.343	548
14	29	0	0	0	0	150.147	549
14	29	0	0	0	0	146.022	550
13	30	0	0	0	0	143.404	551
13	30	0	0	0	0	153.561	552
14	30	0	0	0	0	146.2	553
14	30	0	0	0	0	145.07	554
13	29	0	0	0	0	134.666	555
13	29	0	0	0	0	153.917	556
12	29	0	0	0	0	130.882	557
11	28	0	0	0	0	129.434	558
11	28	0	0	0	0	133.258	559
13	27	0	0	0	0	134.288	560
13	27	0	0	0	0	147.618	561
13	27	0	0	0	0	127.369	562
13	27	0	0	0	0	142.278	563
13	27	0	0	0	0	147.51	564
13	27	0	0	0	0	132.177	565
13	28	0	0	0	0	136.977	566
13	28	0	0	0	0	141.172	567
14	26	0	0	0	0	132.328	568
14	26	0	0	0	0	133.171	569
14	25	0	0	0	0	131.989	570
14	25	0	0	0	0	136.994	571
14	25	0	0	0	0	117.455	572
14	25	0	0	0	0	115.588	573
14	24	0	0	0	0	121.251	574
14	23	0	0	0	0	123.487	575
14	23	0	0	0	0	135.214	576
14	23	0	0	0	0	125.017	577
14	24	0	0	0	0	134.88	578
14	25	0	0	0	0	129.219	579
14	24	0	0	0	0	132.351	580
14	24	0	0	0	0	131.989	581
14	24	0	0	0	0	126.728	582
14	24	0	0	0	0	126.944	583
13	23	0	0	0	0	122.894	584
13	23	0	0	0	0	114.864	585
12	23	0	0	0	0	122.178	586
12	24	0	0	0	0	123.279	587
12	24	0	0	0	0	124.711	588
12	24	0	0	0	0	121.883	589
12	24	0	0	0	0	128.7	590
12	24	0	0	0	0	122.863	591
12	24	0	0	0	0	125.316	592
12	24	0	0	0	0	120	593
12	24	0	0	0	0	127.697	594
12	24	0	0	0	0	129.063	595
11	24	0	0	0	0	117.535	596
11	24	0	0	0	0	125.902	597
11	24	0	0	0	0	125.962	598
11	24	0	0	0	0	119.843	599
11	24	0	0	0	0	120.691	600
11	24	0	0	0	0	107.711	601
11	24	0	0	0	0	117.733	602
11	24	0	0	0	0	121.195	603
11	24	0	0	0	0	120.758	604
11	23	0	0	0	0	116.527	605
11	22	0	0	0	0	117.52	606
10	22	0	0	0	0	114.694	607
10	22	0	0	0	0	102.919	608
11	23	0	0	0	0	118.929	609
12	23	0	0	0	0	121.934	610
12	23	0	0	0	0	118.638	611
12	23	0	0	0	0	121.361	612
12	23	0	0	0	0	122.305	613
12	22	0	0	0	0	122.966	614
12	21	0	0	0	0	107.581	615
12	21	0	0	0	0	109.234	616
12	21	0	0	0	0	112.243	617
12	21	0	0	0	0	113.385	618
12	21	0	0	0	0	107.816	619
12	20	0	0	0	0	108.756	620
12	22	0	0	0	0	105.806	621
12	22	0	0	0	0	99.8952	622
13	22	0	0	0	0	109.738	623
13	22	0	0	0	0	104.888	624
13	22	0	0	0	0	108.446	625
13	22	0	0	0	0	101.471	626
13	22	0	0	0	0	105.199	627
12	22	0	0	0	0	110.97	628
12	22	0	0	0	0	97.968	629
12	22	0	0	0	0	108.207	630
12	22	0	0	0	0	121.872	631
13	22	0	0	0	0	113.014	632
13	22	0	0	0	0	105.968	633
13	22	0	0	0	0	111.498	634
13	20	0	0	0	0	100.383	635
14	22	0	0	0	0	115.38	636
14	22	0	0	0	0	117.525	637
15	22	0	0	0	0	116.316	638
15	22	0	0	0	0	117.709	639
15	21	0	0	0	0	106.315	640
15	21	0	0	0	0	118.311	641
15	20	0	0	0	0	126.015	642
16	20	0	0	0	0	119.039	643
16	20	0	0	0	0	125.748	644
16	20	0	0	0	0	107.466	645
17	20	0	0	0	0	110.329	646
17	18	0	0	0	0	126.827	647
17	18	0	0	0	0	118.25	648
17	18	0	0	0	0	114.658	649
17	18	0	0	0	0	107.421	650
17	18	0	0	0	0	118.656	651
17	18	0	0	0	0	124.951	652
16	18	0	0	0	0	119.371	653
16	18	0	0	0	0	107.544	654
16	18	0	0	0	0	94.8012	655
17	17	0	0	0	0	110.762	656
16	16	0	0	0	0	105.133	657
16	16	0	0	0	0	107.864	658
18	16	0	0	0	0	118.909	659
19	16	0	0	0	0	113.959	660
19	16	0	0	0	0	110.916	661
18	16	0	0	0	0	117.415	662
18	16	0	0	0	0	107.237	663
18	16	0	0	0	0	120.777	664
18	16	0	0	0	0	115.019	665
18	15	0	0	0	0	112.19	666
19	15	0	0	0	0	104.246	667
20	14	0	0	0	0	106.53	668
20	14	0	0	0	0	117.106	669
20	14	0	0	0	0	112.795	670
20	15	0	0	0	0	105.329	671
20	14	0	0	0	0	105.726	672
21	15	0	0	0	0	106.154	673
21	15	0	0	0	0	108.139	674
21	15	0	0	0	0	120.77	675
21	15	0	0	0	0	114.208	676
21	13	0	0	0	0	121.117	677
21	14	0	0	0	0	113.918	678
21	14	0	0	0	0	126.18	679
21	14	0	0	0	0	119.891	680
21	13	0	0	0	0	114.868	681
22	13	0	0	0	0	118.25	682
22	13	0	0	0	0	119.016	683
22	13	0	0	0	0	117.235	684
22	13	0	0	0	0	126.889	685
22	13	0	0	0	0	119.655	686
22	12	0	0	0	0	106.305	687
23	12	0	0	0	0	122.725	688
23	12	0	0	0	0	124.191	689
23	14	0	0	0	0	110.637	690
23	15	0	0	0	0	109.848	691
23	16	0	0	0	0	125.284	692
23	16	0	0	0	0	118.113	693
23	16	0	0	0	0	117.822	694
23	16	0	0	0	0	132.741	695
23	15	0	0	0	0	134.381	696
23	15	0	0	0	0	117.918	697
23	15	0	0	0	0	137.943	698
22	15	0	0	0	0	124.552	699
22	16	0	0	0	0	129.985	700
22	18	0	0	0	0	127.051	701
22	18	0	0	0	0	129.874	702
22	20	0	0	0	0	127.923	703
22	20	0	0	0	0	138.704	704
22	20	0	0	0	0	105.038	705
22	23	0	0	0	0	106.057	706
22	23	0	0	0	0	125.167	707
22	23	0	0	0	0	123.619	708
22	23	0	0	0	0	116.737	709
17	22	0	0	0	0	117.883	710
17	22	0	0	0	0	116.471	711
17	22	0	0	0	0	135.742	712
17	22	0	0	0	0	139.641	713
17	22	0	0	0	0	126.496	714
15	22	0	0	0	0	123.89	715
15	22	0	0	0	0	134.183	716
15	22	0	0	0	0	123.639	717
15	24	0	0	0	0	131.446	718
16	25	0	0	0	0	143.38	719
16	26	0	0	0	0	137.444	720
16	27	0	0	0	0	138.165	721
16	27	0	0	0	0	138.653	722
16	27	0	0	0	0	134.512	723
16	27	0	0	0	0	136.821	724
14	27	0	0	0	0	136.95	725
14	28	0	0	0	0	148.746	726
14	28	0	0	0	0	148.944	727
15	29	0	0	0	0	148.321	728
15	28	0	0	0	0	142.269	729
15	28	0	0	0	0	158.723	730
15	29	0	0	0	0	153.799	731
15	29	0	0	0	0	142.305	732
15	30	0	0	0	0	163.463	733
15	30	0	0	0	0	142.381	734
15	29	0	0	0	0	148.571	735
15	29	0	0	0	0	158.277	736
15	29	0	0	0	0	141.938	737
15	29	0	0	0	0	161.796	738
15	28	0	0	0	0	142.334	739
15	28	0	0	0	0	163.369	740
15	28	0	0	0	0	153.574	741
15	28	0	0	0	0	154.872	742
15	28	0	0	0	0	162.423	743
15	28	0	0	0	0	142.454	744
15	28	0	0	0	0	149.938	745
15	28	0	0	0	0	162.51	746
15	28	0	0	0	0	151.952	747
15	28	0	0	0	0	150.892	748
15	28	0	0	0	0	156.003	749
15	28	0	0	0	0	148.546	750
18	28	0	0	0	0	151.975	751
18	28	0	0	0	0	157.137	752
18	27	0	0	0	0	141.256	753
18	27	0	0	0	0	146.767	754
18	27	0	0	0	0	154.641	755
18	27	0	0	0	0	155.567	756
18	27	0	0	0	0	150.587	757
18	27	0	0	0	0	161.081	758
18	27	0	0	0	0	151.959	759
17	27	0	0	0	0	147.032	760
17	27	0	0	0	0	162.261	761
17	27	0	0	0	0	159.755	762
17	27	0	0	0	0	144.635	763
17	27	0	0	0	0	158.788	764
17	27	0	0	0	0	154.221	765
17	29	0	0	0	0	155.498	766
17	28	0	0	0	0	153.193	767
17	28	0	0	0	0	158.109	768
17	29	0	0	0	0	150.371	769
17	28	0	0	0	0	150.304	770
17	28	0	0	0	0	161.328	771
17	28	0	0	0	0	156.885	772
16	28	0	0	0	0	145.401	773
16	27	0	0	0	0	148.602	774
16	27	0	0	0	0	147.684	775
17	27	0	0	0	0	148.767	776
17	27	0	0	0	0	150.751	777
17	27	0	0	0	0	131.027	778
18	26	0	0	0	0	119.86	779
15	26	0	0	0	0	155.043	780
15	26	0	0	0	0	141.456	781
14	28	0	0	0	0	135.443	782
15	28	0	0	0	0	142.594	783
15	28	0	0	0	0	138.105	784
15	28	0	0	0	0	143.518	785
15	27	0	0	0	0	147.947	786
15	27	0	0	0	0	141.048	787
16	27	0	0	0	0	145.014	788
15	27	0	0	0	0	139.045	789
15	27	0	0	0	0	133.836	790
16	27	0	0	0	0	130.713	791
16	26	0	0	0	0	120.707	792
16	26	0	0	0	0	138.132	793
17	26	0	0	0	0	139.905	794
17	26	0	0	0	0	125.353	795
15	26	0	0	0	0	133.691	796
15	25	0	0	0	0	135.45	797
15	26	0	0	0	0	130.194	798
15	25	0	0	0	0	136.372	799
15	27	0	0	0	0	139.79	800
14	27	0	0	0	0	134.022	801
14	27	0	0	0	0	138.594	802
14	27	0	0	0	0	141.617	803
14	27	0	0	0	0	137.012	804
14	28	0	0	0	0	144.78	805
14	28	0	0	0	0	151.081	806
14	28	0	0	0	0	133.368	807
14	27	0	0	0	0	122.53	808
12	26	0	0	0	0	128.512	809
12	26	0	0	0	0	130.609	810
12	27	0	0	0	0	135.183	811
12	29	0	0	0	0	130.617	812
12	29	0	0	0	0	135.285	813
12	29	0	0	0	0	142.306	814
12	29	0	0	0	0	136.09	815
13	29	0	0	0	0	133.967	816
13	29	0	0	0	0	132.578	817
13	29	0	0	0	0	146.86	818
13	29	0	0	0	0	138.757	819
13	29	0	0	0	0	143.747	820
13	29	0	0	0	0	145.362	821
13	29	0	0	0	0	139.619	822
13	28	0	0	0	0	132.51	823
14	28	0	0	0	0	132.006	824
14	28	0	0	0	0	120.704	825
14	29	0	0	0	0	119.955	826
14	29	0	0	0	0	121.825	827
14	29	0	0	0	0	137.636	828
13	29	0	0	0	0	119.157	829
13	29	0	0	0	0	116.191	830
13	29	0	0	0	0	124.463	831
11	29	0	0	0	0	133.28	832
11	28	0	0	0	0	136.592	833
11	27	0	0	0	0	122.34	834
12	26	0	0	0	0	136.941	835
13	26	0	0	0	0	116.435	836
13	25	0	0	0	0	126.386	837
13	25	0	0	0	0	134.748	838
12	25	0	0	0	0	125.66	839
12	24	0	0	0	0	111.853	840
12	24	0	0	0	0	118.007	841
12	23	0	0	0	0	122.926	842
13	23	0	0	0	0	110.895	843
13	25	0	0	0	0	128.755	844
13	25	0	0	0	0	121.636	845
13	25	0	0	0	0	124.115	846
13	25	0	0	0	0	127.58	847
13	25	0	0	0	0	125.614	848
13	25	0	0	0	0	128.828	849
13	25	0	0	0	0	116.287	850
13	25	0	0	0	0	118.595	851
13	23	0	0	0	0	120.253	852
12	22	0	0	0	0	119.399	853
12	22	0	0	0	0	121.899	854
13	22	0	0	0	0	110.425	855
13	21	0	0	0	0	112.979	856
13	21	0	0	0	0	108.34	857
14	21	0	0	0	0	120.099	858
14	21	0	0	0	0	114.259	859
14	21	0	0	0	0	113.288	860
15	21	0	0	0	0	117.846	861
15	21	0	0	0	0	131.471	862
17	21	0	0	0	0	108.039	863
17	22	0	0	0	0	110.33	864
18	21	0	0	0	0	112.618	865
18	19	0	0	0	0	109.58	866
19	19	0	0	0	0	108.673	867
19	19	0	0	0	0	115.415	868
19	19	0	0	0	0	114.862	869
20	19	0	0	0	0	103.149	870
20	18	0	0	0	0	116.052	871
21	19	0	0	0	0	134.448	872
21	18	0	0	0	0	126.169	873
22	20	0	0	0	0	132.168	874
22	20	0	0	0	0	125.895	875
22	20	0	0	0	0	148.848	876
22	20	0	0	0	0	127.41	877
21	19	0	0	0	0	132.834	878
20	19	0	0	0	0	125.02	879
20	19	0	0	0	0	134.43	880
20	19	0	0	0	0	127.957	881
20	19	0	0	0	0	114.2	882
20	18	0	0	0	0	130.114	883
20	18	0	0	0	0	139.193	884
20	17	0	0	0	0	122.553	885
21	17	0	0	0	0	130.996	886
21	17	0	0	0	0	139.056	887
21	17	0	0	0	0	133.107	888
21	17	0	0	0	0	119.334	889
21	17	0	0	0	0	133.378	890
21	17	0	0	0	0	133.977	891
21	20	0	0	0	0	130.008	892
21	20	0	0	0	0	125.159	893
22	20	0	0	0	0	129.322	894
22	20	0	0	0	0	115.415	895
21	21	0	0	0	0	118.961	896
22	21	0	0	0	0	123.795	897
23	21	0	0	0	0	112.993	898
23	21	0	0	0	0	119.437	899
24	22	0	0	0	0	121.454	900
20	21	0	0	0	0	118.971	901
21	21	0	0	0	0	143.977	902
21	21	0	0	0	0	128.531	903
21	22	0	0	0	0	136.434	904
22	22	0	0	0	0	139.861	905
23	22	0	0	0	0	146.805	906
23	22	0	0	0	0	138.628	907
23	22	0	0	0	0	146.106	908
23	22	0	0	0	0	146.985	909
23	21	0	0	0	0	140.721	910
23	21	0	0	0	0	164.656	911
23	21	0	0	0	0	154.163	912
24	20	0	0	0	0	148.473	913
25	20	0	0	0	0	142.994	914
25	20	0	0	0	0	158.402	915
25	19	0	0	0	0	136.071	916
25	19	0	0	0	0	149.102	917
25	19	0	0	0	0	156.117	918
26	18	0	0	0	0	148.17	919
26	19	0	0	0	0	155.422	920
26	19	0	0	0	0	153.918	921
26	19	0	0	0	0	161.284	922
26	19	0	0	0	0	155.372	923
28	19	0	0	0	0	156.812	924
28	19	0	0	0	0	165.044	925
28	19	0	0	0	0	159.109	926
28	19	0	0	0	0	152.166	927
28	19	0	0	0	0	162.376	928
27	19	0	0	0	0	160.532	929
27	19	0	0	0	0	146.805	930
28	20	0	0	0	0	161.526	931
29	20	0	0	0	0	153.612	932
30	19	0	0	0	0	172.259	933
30	22	0	0	0	0	160.779	934
30	22	0	0	0	0	181.277	935
30	22	0	0	0	0	184.527	936
30	23	0	0	0	0	162.873	937
31	26	0	0	0	0	155.555	938
31	26	0	0	0	0	165.509	939
31	26	0	0	0	0	157.81	940
31	26	0	0	0	0	158.921	941
31	25	0	0	0	0	148.334	942
29	25	0	0	0	0	163.03	943
29	24	0	0	0	0	172.479	944
30	24	0	0	0	0	183.6	945
29	24	0	0	0	0	189.613	946
27	25	0	0	0	0	182.936	947
27	27	0	0	0	0	167.915	948
27	27	0	0	0	0	183.791	949
27	27	0	0	0	0	192.91	950
27	27	0	0	0	0	193.266	951
27	27	0	0	0	0	182.745	952
27	27	0	0	0	0	199.328	953
27	27	0	0	0	0	197.703	954
27	27	0	0	0	0	168.582	955
27	27	0	0	0	0	190.344	956
27	27	0	0	0	0	194.121	957
27	28	0	0	0	0	203.605	958
27	28	0	0	0	0	188.997	959
28	28	0	0	0	0	198.072	960
28	29	0	0	0	0	193.269	961
28	28	0	0	0	0	192.164	962
28	28	0	0	0	0	192.665	963
28	28	0	0	0	0	180.517	964
28	28	0	0	0	0	204.14	965
29	30	0	0	0	0	214.452	966
29	30	0	0	0	0	208.29	967
29	31	0	0	0	0	219.453	968
30	31	0	0	0	0	218.069	969
30	30	0	0	0	0	207.309	970
30	30	0	0	0	0	205.565	971
30	30	0	0	0	0	220.174	972
30	30	0	0	0	0	208.242	973
30	30	0	0	0	0	221.901	974
29	30	0	0	0	0	202.584	975
29	30	0	0	0	0	203.332	976
29	30	0	0	0	0	190.955	977
29	30	0	0	0	0	196.459	978
29	29	0	0	0	0	204.296	979
29	31	0	0	0	0	192.539	980
28	32	0	0	0	0	202.785	981
28	32	0	0	0	0	218.468	982
28	32	0	0	0	0	213.624	983
27	32	0	0	0	0	200.686	984
27	32	0	0	0	0	200.621	985
27	31	0	0	0	0	213.217	986
27	31	0	0	0	0	203.647	987
27	31	0	0	0	0	217.837	988
26	31	0	0	0	0	183.509	989
26	31	0	0	0	0	192.296	990
26	31	0	0	0	0	209.433	991
27	31	0	0	0	0	214.417	992
27	32	0	0	0	0	191.647	993
27	31	0	0	0	0	199.879	994
27	31	0	0	0	0	216.425	995
27	30	0	0	0	0	206.864	996
27	30	0	0	0	0	200.625	997
28	30	0	0	0	0	207.528	998
28	29	0	0	0	0	200.622	999
28	29	0	0	0	0	200.869	1000
28	29	0	0	0	0	185.017	1001
27	29	0	0	0	0	190.205	1002
28	27	0	0	0	0	187.01	1003
28	26	0	0	0	0	174.464	1004
28	26	0	0	0	0	185.111	1005
28	26	0	0	0	0	181.045	1006
26	26	0	0	0	0	176.536	1007
27	26	0	0	0	0	173.418	1008
27	26	0	0	0	0	171.26	1009
27	26	0	0	0	0	189.103	1010
27	26	0	0	0	0	174.849	1011
27	26	0	0	0	0	179.055	1012
26	26	0	0	0	0	177.514	1013
26	27	0	0	0	0	178.865	1014
26	27	0	0	0	0	189.734	1015
26	27	0	0	0	0	194.54	1016
26	27	0	0	0	0	173.139	1017
26	27	0	0	0	0	190.672	1018
26	27	0	0	0	0	177.434	1019
26	27	0	0	0	0	188.417	1020
26	27	0	0	0	0	181.744	1021
26	26	0	0	0	0	176.328	1022
25	25	0	0	0	0	167.669	1023
26	25	0	0	0	0	182.318	1024
28	26	0	0	0	0	183.363	1025
28	26	0	0	0	0	182.746	1026
28	25	0	0	0	0	174.088	1027
28	25	0	0	0	0	188.991	1028
28	25	0	0	0	0	180.754	1029
30	24	0	0	0	0	179.164	1030
30	24	0	0	0	0	175.44	1031
30	24	0	0	0	0	180.252	1032
26	24	0	0	0	0	168.88	1033
27	24	0	0	0	0	168.451	1034
27	24	0	0	0	0	170.236	1035
27	24	0	0	0	0	163.246	1036
27	24	0	0	0	0	171.492	1037
27	24	0	0	0	0	159.747	1038
27	24	0	0	0	0	157.888	1039
27	24	0	0	0	0	168.006	1040
27	23	0	0	0	0	168.094	1041
27	21	0	0	0	0	169.011	1042
27	21	0	0	0	0	173.481	1043
27	21	0	0	0	0	158.092	1044
27	21	0	0	0	0	162.748	1045
27	21	0	0	0	0	153.369	1046
25	21	0	0	0	0	161.802	1047
26	21	0	0	0	0	156.027	1048
26	22	0	0	0	0	170.123	1049
26	22	0	0	0	0	155.75	1050
25	22	0	0	0	0	147.954	1051
25	22	0	0	0	0	147.575	1052
25	22	0	0	0	0	157.542	1053
25	21	0	0	0	0	153.893	1054
25	21	0	0	0	0	157.791	1055
24	21	0	0	0	0	151.741	1056
24	20	0	0	0	0	156.175	1057
24	20	0	0	0	0	149.723	1058
24	21	0	0	0	0	147.706	1059
24	21	0	0	0	0	157.478	1060
24	21	0	0	0	0	156.884	1061
24	21	0	0	0	0	154.113	1062
22	21	0	0	0	0	141.057	1063
22	21	0	0	0	0	154.492	1064
22	21	0	0	0	0	144.03	1065
22	21	0	0	0	0	142.677	1066
22	21	0	0	0	0	132.974	1067
22	19	0	0	0	0	148.21	1068
22	19	0	0	0	0	140.054	1069
23	18	0	0	0	0	145.082	1070
23	18	0	0	0	0	135.646	1071
23	18	0	0	0	0	132.962	1072
23	17	0	0	0	0	125.477	1073
22	22	0	0	0	0	140.301	1074
22	23	0	0	0	0	148.867	1075
23	22	0	0	0	0	151.251	1076
23	21	0	0	0	0	142.573	1077
23	21	0	0	0	0	142.239	1078
22	20	0	0	0	0	140.903	1079
22	21	0	0	0	0	134.386	1080
23	21	0	0	0	0	134.396	1081
23	21	0	0	0	0	133.544	1082
20	21	0	0	0	0	124.895	1083
20	21	0	0	0	0	132.035	1084
20	21	0	0	0	0	138.595	1085
20	23	0	0	0	0	137.032	1086
20	22	0	0	0	0	141.922	1087
20	21	0	0	0	0	136.6	1088
20	21	0	0	0	0	143.162	1089
20	21	0	0	0	0	143.001	1090
20	21	0	0	0	0	139.05	1091
20	21	0	0	0	0	142.601	1092
22	20	0	0	0	0	141.186	1093
22	20	0	0	0	0	144.402	1094
22	20	0	0	0	0	143.362	1095
22	20	0	0	0	0	144.998	1096
23	19	0	0	0	0	137.398	1097
23	18	0	0	0	0	143.755	1098
23	18	0	0	0	0	138.18	1099
23	18	0	0	0	0	139.027	1100
24	18	0	0	0	0	138.629	1101
24	18	0	0	0	0	136.537	1102
26	18	0	0	0	0	140.125	1103
26	18	0	0	0	0	164.25	1104
26	18	0	0	0	0	154.036	1105
26	20	0	0	0	0	152.046	1106
26	20	0	0	0	0	152.064	1107
27	20	0	0	0	0	158.406	1108
27	20	0	0	0	0	157.492	1109
27	20	0	0	0	0	159.077	1110
27	20	0	0	0	0	168.149	1111
26	20	0	0	0	0	162.677	1112
27	20	0	0	0	0	158.095	1113
27	20	0	0	0	0	157.801	1114
27	21	0	0	0	0	159.441	1115
27	22	0	0	0	0	175.74	1116
28	22	0	0	0	0	151.769	1117
30	21	0	0	0	0	177.278	1118
30	21	0	0	0	0	166.205	1119
30	21	0	0	0	0	170.164	1120
30	21	0	0	0	0	161.645	1121
30	20	0	0	0	0	169.319	1122
30	19	0	0	0	0	169.664	1123
29	19	0	0	0	0	146.869	1124
26	19	0	0	0	0	159.303	1125
25	19	0	0	0	0	149.081	1126
25	19	0	0	0	0	153.815	1127
25	19	0	0	0	0	147.707	1128
25	18	0	0	0	0	147.706	1129
25	17	0	0	0	0	145.738	1130
25	19	0	0	0	0	133.455	1131
25	19	0	0	0	0	142.951	1132
25	19	0	0	0	0	146.037	1133
25	19	0	0	0	0	147.985	1134
25	19	0	0	0	0	145.321	1135
25	19	0	0	0	0	131.25	1136
25	19	0	0	0	0	147.37	1137
25	19	0	0	0	0	162.849	1138
25	19	0	0	0	0	151.134	1139
25	19	0	0	0	0	146.624	1140
25	19	0	0	0	0	162.122	1141
25	19	0	0	0	0	158.037	1142
24	19	0	0	0	0	142.631	1143
24	20	0	0	0	0	160.639	1144
24	23	0	0	0	0	158.987	1145
24	23	0	0	0	0	159.71	1146
24	23	0	0	0	0	155.306	1147
24	23	0	0	0	0	159.002	1148
23	23	0	0	0	0	151.909	1149
22	22	0	0	0	0	148.817	1150
22	22	0	0	0	0	158.728	1151
22	22	0	0	0	0	149.891	1152
22	22	0	0	0	0	152.254	1153
21	22	0	0	0	0	150.782	1154
21	22	0	0	0	0	155.24	1155
21	22	0	0	0	0	132.456	1156
21	22	0	0	0	0	148.971	1157
21	22	0	0	0	0	151.389	1158
21	22	0	0	0	0	137.937	1159
21	21	0	0	0	0	152.013	1160
20	21	0	0	0	0	145.158	1161
21	21	0	0	0	0	129.178	1162
21	20	0	0	0	0	130.264	1163
21	18	0	0	0	0	133.475	1164
21	17	0	0	0	0	133.427	1165
20	17	0	0	0	0	120.867	1166
20	17	0	0	0	0	134.362	1167
20	17	0	0	0	0	129.099	1168
20	17	0	0	0	0	128.602	1169
20	18	0	0	0	0	138.447	1170
21	21	0	0	0	0	126.768	1171
21	21	0	0	0	0	146.115	1172
21	21	0	0	0	0	144.066	1173
21	21	0	0	0	0	147.788	1174
21	21	0	0	0	0	144.434	1175
21	21	0	0	0	0	128.125	1176
22	21	0	0	0	0	158.541	1177
22	21	0	0	0	0	145.077	1178
22	22	0	0	0	0	147.364	1179
20	22	0	0	0	0	151.341	1180
20	22	0	0	0	0	138.418	1181
20	22	0	0	0	0	153.455	1182
20	22	0	0	0	0	137.692	1183
20	22	0	0	0	0	146.723	1184
20	22	0	0	0	0	143.209	1185
20	22	0	0	0	0	157.922	1186
20	22	0	0	0	0	143.815	1187
21	21	0	0	0	0	137.456	1188
21	21	0	0	0	0	146.345	1189
21	21	0	0	0	0	135.617	1190
21	21	0	0	0	0	157.692	1191
22	21	0	0	0	0	142.838	1192
21	21	0	0	0	0	140.461	1193
21	21	0	0	0	0	143.388	1194
21	21	0	0	0	0	143.103	1195
21	20	0	0	0	0	146.232	1196
21	20	0	0	0	0	146.155	1197
20	20	0	0	0	0	137.009	1198
21	19	0	0	0	0	132.424	1199
21	19	0	0	0	0	135.657	1200
21	19	0	0	0	0	141.124	1201
21	19	0	0	0	0	123.684	1202
21	19	0	0	0	0	136.669	1203
21	19	0	0	0	0	129.252	1204
22	19	0	0	0	0	128.875	1205
22	19	0	0	0	0	137.872	1206
20	19	0	0	0	0	130.152	1207
20	19	0	0	0	0	130.174	1208
20	18	0	0	0	0	139.407	1209
19	18	0	0	0	0	113.945	1210
19	18	0	0	0	0	134.227	1211
20	18	0	0	0	0	133.78	1212
20	18	0	0	0	0	125.718	1213
21	18	0	0	0	0	129.012	1214
21	17	0	0	0	0	121.247	1215
21	17	0	0	0	0	128.659	1216
21	17	0	0	0	0	130.427	1217
21	17	0	0	0	0	128.63	1218
21	17	0	0	0	0	135.696	1219
21	17	0	0	0	0	122.976	1220
21	16	0	0	0	0	115.487	1221
20	16	0	0	0	0	119.347	1222
19	15	0	0	0	0	110.936	1223
19	12	0	0	0	0	97.9959	1224
19	11	0	0	0	0	104.342	1225
19	11	0	0	0	0	101.699	1226
20	11	0	0	0	0	111.543	1227
20	11	0	0	0	0	104.05	1228
21	12	0	0	0	0	96.9795	1229
21	12	0	0	0	0	107.173	1230
21	12	0	0	0	0	120.888	1231
21	12	0	0	0	0	119.788	1232
21	12	0	0	0	0	111.305	1233
21	13	0	0	0	0	108.301	1234
21	14	0	0	0	0	123.855	1235
22	13	0	0	0	0	115.756	1236
22	13	0	0	0	0	109.767	1237
21	13	0	0	0	0	113.261	1238
23	13	0	0	0	0	112.705	1239
23	14	0	0	0	0	116.146	1240
23	14	0	0	0	0	108.635	1241
23	14	0	0	0	0	115.941	1242
21	13	0	0	0	0	115.314	1243
21	16	0	0	0	0	111.978	1244
20	16	0	0	0	0	110.304	1245
20	16	0	0	0	0	116.397	1246
20	16	0	0	0	0	121.207	1247
20	16	0	0	0	0	112.262	1248
19	16	0	0	0	0	109.109	1249
19	16	0	0	0	0	108.77	1250
18	16	0	0	0	0	113.256	1251
18	16	0	0	0	0	99.8616	1252
13	16	0	0	0	0	87.4618	1253
13	16	0	0	0	0	91.374	1254
13	16	0	0	0	0	90.9204	1255
11	16	0	0	0	0	92.0484	1256
10	16	0	0	0	0	83.5909	1257
10	16	0	0	0	0	78.1264	1258
10	16	0	0	0	0	83.4912	1259
10	16	0	0	0	0	70.3548	1260
10	16	0	0	0	0	82.9448	1261
10	16	0	0	0	0	92.4872	1262
10	16	0	0	0	0	80.5074	1263
10	16	0	0	0	0	87.2993	1264
10	16	0	0	0	0	83.75	1265
10	15	0	0	0	0	79.4297	1266
11	15	0	0	0	0	88.8546	1267
11	15	0	0	0	0	81.2573	1268
12	15	0	0	0	0	68.0612	1269
12	15	0	0	0	0	96.1988	1270
11	15	0	0	0	0	77.8315	1271
11	15	0	0	0	0	85.8405	1272
11	15	0	0	0	0	88.2814	1273
11	15	0	0	0	0	86.9308	1274
11	15	0	0	0	0	87.664	1275
11	14	0	0	0	0	82.6746	1276
11	14	0	0	0	0	74.3713	1277
11	14	0	0	0	0	77.2906	1278
12	14	0	0	0	0	83.6345	1279
12	14	0	0	0	0	87.6738	1280
12	12	0	0	0	0	82.6441	1281
12	12	0	0	0	0	84.4236	1282
13	12	0	0	0	0	75.0334	1283
13	12	0	0	0	0	84.949	1284
14	12	0	0	0	0	79.4378	1285
14	12	0	0	0	0	84.8955	1286
15	12	0	0	0	0	79.9574	1287
15	13	0	0	0	0	86.4245	1288
15	13	0	0	0	0	96.9954	1289
15	13	0	0	0	0	81.6111	1290
15	13	0	0	0	0	96.7379	1291
16	13	0	0	0	0	101.924	1292
16	13	0	0	0	0	93.8908	1293
17	14	0	0	0	0	97.0813	1294
17	14	0	0	0	0	109.296	1295
17	14	0	0	0	0	107.757	1296
18	14	0	0	0	0	107.408	1297
18	14	0	0	0	0	107.062	1298
19	14	0	0	0	0	105.19	1299
19	14	0	0	0	0	105.764	1300
19	14	0	0	0	0	113.715	1301
20	14	0	0	0	0	119.292	1302
20	14	0	0	0	0	107.789	1303
20	14	0	0	0	0	111.869	1304
19	14	0	0	0	0	104.822	1305
19	14	0	0	0	0	113.81	1306
19	14	0	0	0	0	108.083	1307
19	14	0	0	0	0	118.294	1308
19	14	0	0	0	0	114.746	1309
19	14	0	0	0	0	101.942	1310
19	14	0	0	0	0	106.83	1311
19	14	0	0	0	0	116.698	1312
19	14	0	0	0	0	116.387	1313
19	14	0	0	0	0	114.582	1314
19	14	0	0	0	0	116.625	1315
19	14	0	0	0	0	119.473	1316
20	14	0	0	0	0	104.574	1317
20	14	0	0	0	0	108.889	1318
20	14	0	0	0	0	107.795	1319
21	12	0	0	0	0	109.835	1320
21	11	0	0	0	0	98.0773	1321
22	12	0	0	0	0	102.295	1322
22	12	0	0	0	0	114.976	1323
22	12	0	0	0	0	109.801	1324
22	12	0	0	0	0	116.882	1325
22	12	0	0	0	0	128.197	1326
23	12	0	0	0	0	119.093	1327
24	12	0	0	0	0	116.381	1328
24	13	0	0	0	0	108.71	1329
24	13	0	0	0	0	134.923	1330
24	13	0	0	0	0	126.51	1331
24	13	0	0	0	0	128.856	1332
24	13	0	0	0	0	121.69	1333
24	14	0	0	0	0	122.709	1334
26	14	0	0	0	0	118.802	1335
26	14	0	0	0	0	113.924	1336
27	14	0	0	0	0	119.112	1337
26	14	0	0	0	0	126.526	1338
26	14	0	0	0	0	144.17	1339
26	14	0	0	0	0	133.684	1340
27	14	0	0	0	0	136.598	1341
27	14	0	0	0	0	147.612	1342
27	14	0	0	0	0	136.594	1343
27	15	0	0	0	0	146.643	1344
27	15	0	0	0	0	152.003	1345
27	15	0	0	0	0	132.473	1346
26	15	0	0	0	0	136.15	1347
26	14	0	0	0	0	137.032	1348
25	14	0	0	0	0	138.998	1349
25	14	0	0	0	0	145.009	1350
26	14	0	0	0	0	130.58	1351
26	14	0	0	0	0	131.891	1352
26	14	0	0	0	0	133.583	1353
26	14	0	0	0	0	140.367	1354
26	16	0	0	0	0	142.395	1355
26	16	0	0	0	0	131.887	1356
26	16	0	0	0	0	137.168	1357
26	16	0	0	0	0	141.334	1358
28	16	0	0	0	0	153.307	1359
28	16	0	0	0	0	144.1	1360
27	16	0	0	0	0	152.034	1361
27	16	0	0	0	0	148.844	1362
27	16	0	0	0	0	151.088	1363
26	16	0	0	0	0	144.481	1364
26	17	0	0	0	0	142.921	1365
26	18	0	0	0	0	131.066	1366
25	18	0	0	0	0	134.702	1367
26	18	0	0	0	0	131.979	1368
26	19	0	0	0	0	127.211	1369
26	19	0	0	0	0	136.694	1370
26	19	0	0	0	0	125.85	1371
26	18	0	0	0	0	136.976	1372
26	18	0	0	0	0	129.878	1373
25	17	0	0	0	0	139.821	1374
25	17	0	0	0	0	133.765	1375
25	17	0	0	0	0	134.883	1376
23	17	0	0	0	0	118.011	1377
23	17	0	0	0	0	133.964	1378
22	15	0	0	0	0	114.966	1379
22	16	0	0	0	0	134.189	1380
23	16	0	0	0	0	132.816	1381
23	16	0	0	0	0	135.816	1382
23	15	0	0	0	0	130.283	1383
23	14	0	0	0	0	129.305	1384
24	15	0	0	0	0	123.926	1385
27	15	0	0	0	0	130.217	1386
27	15	0	0	0	0	147.998	1387
26	15	0	0	0	0	129.456	1388
24	15	0	0	0	0	135.071	1389
24	14	0	0	0	0	125.863	1390
24	14	0	0	0	0	134.515	1391
24	14	0	0	0	0	115.158	1392
24	14	0	0	0	0	122.172	1393
23	12	0	0	0	0	125.548	1394
23	12	0	0	0	0	123.83	1395
23	12	0	0	0	0	104.588	1396
23	12	0	0	0	0	131.608	1397
23	12	0	0	0	0	120.719	1398
24	12	0	0	0	0	128.327	1399
24	12	0	0	0	0	130.022	1400
24	12	0	0	0	0	117.815	1401
24	12	0	0	0	0	121.473	1402
25	12	0	0	0	0	115.676	1403
25	12	0	0	0	0	130.699	1404
25	12	0	0	0	0	134.565	1405
25	12	0	0	0	0	116.993	1406
25	12	0	0	0	0	111.437	1407
25	13	0	0	0	0	113.977	1408
25	12	0	0	0	0	125.906	1409
25	13	0	0	0	0	127.363	1410
25	13	0	0	0	0	128.959	1411
25	14	0	0	0	0	130.818	1412
28	14	0	0	0	0	99.5388	1413
28	14	0	0	0	0	101.19	1414
28	14	0	0	0	0	108.254	1415
27	14	0	0	0	0	106.672	1416
27	14	0	0	0	0	106.532	1417
27	14	0	0	0	0	108.757	1418
22	14	0	0	0	0	114.266	1419
22	14	0	0	0	0	119.971	1420
22	14	0	0	0	0	114.422	1421
22	14	0	0	0	0	118.41	1422
22	14	0	0	0	0	127.201	1423
22	14	0	0	0	0	125.236	1424
22	14	0	0	0	0	125.642	1425
22	13	0	0	0	0	120.913	1426
22	13	0	0	0	0	115.271	1427
23	13	0	0	0	0	122.727	1428
23	13	0	0	0	0	127.892	1429
24	13	0	0	0	0	135.239	1430
24	14	0	0	0	0	127.411	1431
24	14	0	0	0	0	133.321	1432
24	14	0	0	0	0	127.953	1433
25	14	0	0	0	0	127.64	1434
25	15	0	0	0	0	131.204	1435
25	14	0	0	0	0	144.266	1436
25	14	0	0	0	0	127.218	1437
25	13	0	0	0	0	134.166	1438
26	13	0	0	0	0	108.522	1439
26	13	0	0	0	0	115.262	1440
27	13	0	0	0	0	138.532	1441
27	13	0	0	0	0	129.608	1442
28	13	0	0	0	0	131.522	1443
28	13	0	0	0	0	140.761	1444
28	13	0	0	0	0	149.964	1445
28	13	0	0	0	0	143.764	1446
28	13	0	0	0	0	134.99	1447
28	13	0	0	0	0	143.481	1448
28	13	0	0	0	0	146.708	1449
28	13	0	0	0	0	152.048	1450
29	13	0	0	0	0	124.684	1451
29	13	0	0	0	0	144.295	1452
29	12	0	0	0	0	142.476	1453
29	12	0	0	0	0	154.598	1454
29	12	0	0	0	0	139.246	1455
29	12	0	0	0	0	137.48	1456
29	12	0	0	0	0	149.526	1457
30	12	0	0	0	0	140.018	1458
31	12	0	0	0	0	146.163	1459
31	11	0	0	0	0	137.968	1460
32	11	0	0	0	0	139.866	1461
32	10	0	0	0	0	151.44	1462
32	10	0	0	0	0	145.585	1463
32	10	0	0	0	0	142.077	1464
32	9	0	0	0	0	138.959	1465
32	9	0	0	0	0	150.437	1466
33	9	0	0	0	0	140.178	1467
33	10	0	0	0	0	146.193	1468
33	10	0	0	0	0	131.33	1469
32	10	0	0	0	0	152.531	1470
32	10	0	0	0	0	149.08	1471
33	11	0	0	0	0	125.504	1472
34	11	0	0	0	0	142.615	1473
34	10	0	0	0	0	144.879	1474
34	10	0	0	0	0	157.402	1475
34	10	0	0	0	0	147.675	1476
32	11	0	0	0	0	146.206	1477
32	11	0	0	0	0	150.018	1478
32	11	0	0	0	0	152.798	1479
32	13	0	0	0	0	153.947	1480
32	13	0	0	0	0	152.506	1481
32	13	0	0	0	0	165.965	1482
32	13	0	0	0	0	154.352	1483
32	13	0	0	0	0	161.512	1484
32	13	0	0	0	0	162.346	1485
34	13	0	0	0	0	152.458	1486
33	13	0	0	0	0	154.173	1487
33	13	0	0	0	0	170.446	1488
32	13	0	0	0	0	151.716	1489
31	13	0	0	0	0	158.963	1490
31	13	0	0	0	0	156.534	1491
31	13	0	0	0	0	145.793	1492
31	13	0	0	0	0	162.164	1493
31	13	0	0	0	0	145.298	1494
31	12	0	0	0	0	152.863	1495
31	12	0	0	0	0	158.278	1496
30	12	0	0	0	0	146.681	1497
30	12	0	0	0	0	147.99	1498
30	12	0	0	0	0	142.251	1499
31	12	0	0	0	0	140.786	1500
32	12	0	0	0	0	150.336	1501
33	12	0	0	0	0	164.347	1502
34	12	0	0	0	0	153.404	1503
34	12	0	0	0	0	160.093	1504
34	12	0	0	0	0	166.207	1505
34	11	0	0	0	0	160.468	1506
34	11	0	0	0	0	163.345	1507
34	11	0	0	0	0	146.452	1508
31	11	0	0	0	0	142.591	1509
31	11	0	0	0	0	147.497	1510
31	11	0	0	0	0	149.453	1511
32	12	0	0	0	0	157.976	1512
32	12	0	0	0	0	158.628	1513
32	13	0	0	0	0	156.454	1514
33	13	0	0	0	0	160.149	1515
33	13	0	0	0	0	154.981	1516
33	13	0	0	0	0	154.049	1517
33	13	0	0	0	0	160.422	1518
33	13	0	0	0	0	157.521	1519
33	13	0	0	0	0	163.319	1520
34	13	0	0	0	0	161.862	1521
34	13	0	0	0	0	178.773	1522
34	13	0	0	0	0	171.272	1523
34	13	0	0	0	0	173.769	1524
34	13	0	0	0	0	158.414	1525
35	13	0	0	0	0	170.187	1526
35	17	0	0	0	0	181.515	1527
35	17	0	0	0	0	161.176	1528
35	17	0	0	0	0	197.15	1529
35	17	0	0	0	0	183.924	1530
34	17	0	0	0	0	175.978	1531
34	17	0	0	0	0	179.263	1532
34	17	0	0	0	0	183.549	1533
34	17	0	0	0	0	167.949	1534
34	17	0	0	0	0	175.271	1535
30	17	0	0	0	0	173.968	1536
30	17	0	0	0	0	161.92	1537
30	17	0	0	0	0	157.769	1538
30	16	0	0	0	0	155.998	1539
30	16	0	0	0	0	169.773	1540
29	16	0	0	0	0	159.042	1541
29	16	0	0	0	0	168.182	1542
29	16	0	0	0	0	160.342	1543
29	16	0	0	0	0	148.832	1544
29	16	0	0	0	0	161.645	1545
29	16	0	0	0	0	158.215	1546
29	16	0	0	0	0	166.077	1547
28	16	0	0	0	0	153.242	1548
28	16	0	0	0	0	152.296	1549
28	16	0	0	0	0	139.859	1550
27	15	0	0	0	0	147.705	1551
27	15	0	0	0	0	142.767	1552
26	15	0	0	0	0	144.872	1553
26	15	0	0	0	0	146.516	1554
26	15	0	0	0	0	133.249	1555
26	15	0	0	0	0	127.908	1556
26	16	0	0	0	0	96.8876	1557
25	15	0	0	0	0	106.804	1558
26	16	0	0	0	0	110.333	1559
26	16	0	0	0	0	106.961	1560
27	16	0	0	0	0	108.647	1561
27	16	0	0	0	0	109.525	1562
21	16	0	0	0	0	122.94	1563
21	16	0	0	0	0	122.235	1564
22	16	0	0	0	0	127.617	1565
21	16	0	0	0	0	123.387	1566
21	16	0	0	0	0	125.752	1567
21	16	0	0	0	0	132.572	1568
20	16	0	0	0	0	121.108	1569
20	15	0	0	0	0	124.412	1570
20	15	0	0	0	0	127.329	1571
20	14	0	0	0	0	114.273	1572
20	14	0	0	0	0	124.433	1573
21	14	0	0	0	0	115.818	1574
21	14	0	0	0	0	108.889	1575
21	14	0	0	0	0	108.7	1576
20	14	0	0	0	0	104.441	1577
20	15	0	0	0	0	118.883	1578
20	16	0	0	0	0	110.695	1579
20	16	0	0	0	0	112.043	1580
20	15	0	0	0	0	110.75	1581
20	15	0	0	0	0	126.096	1582
20	15	0	0	0	0	121.33	1583
20	15	0	0	0	0	123.471	1584
20	15	0	0	0	0	125.611	1585
20	15	0	0	0	0	122.133	1586
20	15	0	0	0	0	123.376	1587
21	15	0	0	0	0	127.294	1588
21	15	0	0	0	0	108.801	1589
21	15	0	0	0	0	119.745	1590
20	15	0	0	0	0	118.278	1591
19	15	0	0	0	0	122.457	1592
20	15	0	0	0	0	115.102	1593
20	15	0	0	0	0	105.878	1594
20	15	0	0	0	0	128.91	1595
20	15	0	0	0	0	117.508	1596
20	16	0	0	0	0	117.086	1597
20	16	0	0	0	0	128.108	1598
20	16	0	0	0	0	126.666	1599
20	16	0	0	0	0	116.04	1600
21	17	0	0	0	0	124.815	1601
21	17	0	0	0	0	137.885	1602
21	17	0	0	0	0	132.461	1603
21	17	0	0	0	0	119.401	1604
20	17	0	0	0	0	126.175	1605
20	17	0	0	0	0	111.859	1606
20	17	0	0	0	0	116.15	1607
20	17	0	0	0	0	121.156	1608
19	17	0	0	0	0	116.272	1609
19	16	0	0	0	0	112.353	1610
20	16	0	0	0	0	117.408	1611
19	16	0	0	0	0	114.223	1612
19	16	0	0	0	0	104.675	1613
19	17	0	0	0	0	106.951	1614
19	17	0	0	0	0	103.643	1615
19	18	0	0	0	0	97.3236	1616
16	20	0	0	0	0	102.516	1617
16	19	0	0	0	0	109.56	1618
17	19	0	0	0	0	102.651	1619
17	19	0	0	0	0	120.352	1620
17	20	0	0	0	0	123.377	1621
16	19	0	0	0	0	101.437	1622
16	19	0	0	0	0	117.805	1623
16	19	0	0	0	0	118.347	1624
16	20	0	0	0	0	118.041	1625
16	20	0	0	0	0	106.632	1626
16	19	0	0	0	0	119.441	1627
16	19	0	0	0	0	124.219	1628
16	19	0	0	0	0	121.076	1629
16	20	0	0	0	0	118.949	1630
16	20	0	0	0	0	108.576	1631
16	20	0	0	0	0	124.972	1632
16	20	0	0	0	0	116.446	1633
15	20	0	0	0	0	120.265	1634
16	20	0	0	0	0	121.186	1635
17	19	0	0	0	0	111.049	1636
17	19	0	0	0	0	120.241	1637
18	19	0	0	0	0	121.624	1638
18	19	0	0	0	0	134.418	1639
19	20	0	0	0	0	130.18	1640
20	20	0	0	0	0	130.059	1641
20	20	0	0	0	0	133.347	1642
20	21	0	0	0	0	144.916	1643
20	21	0	0	0	0	142.719	1644
22	21	0	0	0	0	149.378	1645
22	21	0	0	0	0	151.912	1646
22	21	0	0	0	0	141.71	1647
22	21	0	0	0	0	141.982	1648
22	20	0	0	0	0	130.322	1649
21	20	0	0	0	0	148.254	1650
21	20	0	0	0	0	134.013	1651
19	20	0	0	0	0	138.981	1652
19	19	0	0	0	0	130.509	1653
19	19	0	0	0	0	140.509	1654
19	19	0	0	0	0	142.062	1655
19	19	0	0	0	0	126.075	1656
19	19	0	0	0	0	123.685	1657
19	19	0	0	0	0	134.782	1658
19	19	0	0	0	0	132.173	1659
19	19	0	0	0	0	137.5	1660
19	19	0	0	0	0	128.123	1661
19	22	0	0	0	0	123.493	1662
19	22	0	0	0	0	134.944	1663
19	23	0	0	0	0	134.813	1664
18	23	0	0	0	0	147.465	1665
18	23	0	0	0	0	133.825	1666
18	23	0	0	0	0	133.978	1667
17	22	0	0	0	0	133.923	1668
17	22	0	0	0	0	146.127	1669
17	23	0	0	0	0	141.536	1670
17	24	0	0	0	0	125.46	1671
17	24	0	0	0	0	126.836	1672
17	24	0	0	0	0	109.597	1673
17	24	0	0	0	0	114.714	1674
17	21	0	0	0	0	129.377	1675
17	21	0	0	0	0	114.256	1676
17	20	0	0	0	0	122.53	1677
18	20	0	0	0	0	139.361	1678
18	20	0	0	0	0	117.199	1679
19	20	0	0	0	0	143.552	1680
19	21	0	0	0	0	143.055	1681
19	21	0	0	0	0	128.652	1682
19	21	0	0	0	0	132.941	1683
19	21	0	0	0	0	133.006	1684
19	21	0	0	0	0	147.676	1685
19	21	0	0	0	0	133.935	1686
19	20	0	0	0	0	133.184	1687
19	20	0	0	0	0	137.702	1688
19	20	0	0	0	0	140.109	1689
19	21	0	0	0	0	134.328	1690
19	22	0	0	0	0	133.57	1691
19	22	0	0	0	0	137.606	1692
21	22	0	0	0	0	143.101	1693
21	22	0	0	0	0	148.102	1694
21	22	0	0	0	0	140.226	1695
21	22	0	0	0	0	152.382	1696
20	22	0	0	0	0	158.027	1697
20	22	0	0	0	0	138.145	1698
19	22	0	0	0	0	133.669	1699
19	22	0	0	0	0	151.471	1700
19	22	0	0	0	0	148.461	1701
20	22	0	0	0	0	137.501	1702
20	22	0	0	0	0	137.246	1703
20	22	0	0	0	0	152.211	1704
20	22	0	0	0	0	146.241	1705
21	23	0	0	0	0	150.293	1706
21	22	0	0	0	0	144.859	1707
21	22	0	0	0	0	154.651	1708
21	22	0	0	0	0	122.836	1709
21	21	0	0	0	0	139.897	1710
21	21	0	0	0	0	121.792	1711
21	21	0	0	0	0	109.093	1712
21	21	0	0	0	0	139.813	1713
20	21	0	0	0	0	125.586	1714
20	22	0	0	0	0	139.806	1715
21	24	0	0	0	0	129.121	1716
20	26	0	0	0	0	139.409	1717
21	26	0	0	0	0	151.865	1718
21	25	0	0	0	0	159.367	1719
21	26	0	0	0	0	148.288	1720
21	26	0	0	0	0	136.549	1721
19	26	0	0	0	0	149.231	1722
20	26	0	0	0	0	163.051	1723
18	26	0	0	0	0	149.712	1724
16	25	0	0	0	0	132.387	1725
16	25	0	0	0	0	129.293	1726
16	25	0	0	0	0	138.74	1727
17	25	0	0	0	0	136.349	1728
17	25	0	0	0	0	112.216	1729
17	26	0	0	0	0	129.738	1730
16	26	0	0	0	0	112.997	1731
16	26	0	0	0	0	145.842	1732
16	25	0	0	0	0	140.01	1733
17	25	0	0	0	0	128.157	1734
17	25	0	0	0	0	151.336	1735
17	25	0	0	0	0	142.694	1736
17	25	0	0	0	0	152.587	1737
17	25	0	0	0	0	153.459	1738
17	25	0	0	0	0	127.621	1739
17	24	0	0	0	0	131.086	1740
17	24	0	0	0	0	141.733	1741
16	24	0	0	0	0	128.949	1742
16	24	0	0	0	0	127.703	1743
17	23	0	0	0	0	134.419	1744
17	23	0	0	0	0	132.669	1745
17	23	0	0	0	0	141.255	1746
17	22	0	0	0	0	120.638	1747
17	21	0	0	0	0	130.971	1748
18	21	0	0	0	0	129.49	1749
17	21	0	0	0	0	133.148	1750
17	21	0	0	0	0	130.911	1751
17	24	0	0	0	0	137.656	1752
17	24	0	0	0	0	132.441	1753
17	24	0	0	0	0	139.321	1754
18	24	0	0	0	0	135.155	1755
18	24	0	0	0	0	125.271	1756
18	23	0	0	0	0	131.808	1757
17	22	0	0	0	0	122.509	1758
17	22	0	0	0	0	138.554	1759
17	22	0	0	0	0	134.402	1760
16	21	0	0	0	0	123.825	1761
16	21	0	0	0	0	132.39	1762
16	20	0	0	0	0	130.674	1763
16	20	0	0	0	0	126.864	1764
18	20	0	0	0	0	127.726	1765
18	19	0	0	0	0	123.862	1766
18	19	0	0	0	0	124.49	1767
18	19	0	0	0	0	124.68	1768
18	19	0	0	0	0	125.713	1769
18	19	0	0	0	0	129.43	1770
18	19	0	0	0	0	130.1	1771
19	19	0	0	0	0	121.91	1772
19	19	0	0	0	0	124.557	1773
19	19	0	0	0	0	121.126	1774
19	18	0	0	0	0	136.03	1775
19	18	0	0	0	0	125.362	1776
19	18	0	0	0	0	119.338	1777
19	18	0	0	0	0	134.336	1778
19	18	0	0	0	0	112.197	1779
19	18	0	0	0	0	126.884	1780
19	18	0	0	0	0	124.258	1781
19	18	0	0	0	0	127.585	1782
19	18	0	0	0	0	126.197	1783
19	18	0	0	0	0	120.963	1784
18	17	0	0	0	0	119.856	1785
18	17	0	0	0	0	116.639	1786
19	17	0	0	0	0	118.32	1787
19	17	0	0	0	0	121.45	1788
18	17	0	0	0	0	119.153	1789
18	17	0	0	0	0	114.498	1790
17	17	0	0	0	0	119.1	1791
17	16	0	0	0	0	108.279	1792
17	16	0	0	0	0	108.591	1793
17	15	0	0	0	0	92.0441	1794
16	15	0	0	0	0	103.848	1795
16	15	0	0	0	0	106.342	1796
16	15	0	0	0	0	107.568	1797
16	15	0	0	0	0	101.957	1798
16	14	0	0	0	0	100.204	1799
16	14	0	0	0	0	107.457	1800
16	14	0	0	0	0	108.785	1801
16	14	0	0	0	0	91.9748	1802
16	13	0	0	0	0	79.9188	1803
16	12	0	0	0	0	102.629	1804
16	12	0	0	0	0	100.492	1805
16	12	0	0	0	0	83.7457	1806
16	12	0	0	0	0	92.7815	1807
16	12	0	0	0	0	102.431	1808
17	12	0	0	0	0	82.1426	1809
17	12	0	0	0	0	107.87	1810
17	12	0	0	0	0	97.7214	1811
17	11	0	0	0	0	102.133	1812
17	11	0	0	0	0	94.4123	1813
17	13	0	0	0	0	98.9409	1814
17	13	0	0	0	0	94.8674	1815
17	16	0	0	0	0	99.9679	1816
17	16	0	0	0	0	94.6507	1817
17	16	0	0	0	0	95.7246	1818
17	16	0	0	0	0	108.276	1819
17	16	0	0	0	0	94.2668	1820
17	16	0	0	0	0	107.381	1821
18	16	0	0	0	0	115.67	1822
19	16	0	0	0	0	117.99	1823
18	16	0	0	0	0	119.547	1824
18	16	0	0	0	0	121.893	1825
18	16	0	0	0	0	123.152	1826
18	16	0	0	0	0	127.405	1827
18	17	0	0	0	0	101.226	1828
17	17	0	0	0	0	111.447	1829
17	17	0	0	0	0	116.789	1830
17	17	0	0	0	0	121.668	1831
17	17	0	0	0	0	112.108	1832
17	17	0	0	0	0	126.548	1833
17	17	0	0	0	0	114.573	1834
17	16	0	0	0	0	110.89	1835
17	16	0	0	0	0	111.712	1836
16	16	0	0	0	0	103.385	1837
16	16	0	0	0	0	105.122	1838
16	16	0	0	0	0	105.757	1839
16	15	0	0	0	0	108.777	1840
17	15	0	0	0	0	111.141	1841
16	15	0	0	0	0	103.619	1842
16	15	0	0	0	0	113.321	1843
16	15	0	0	0	0	99.524	1844
18	15	0	0	0	0	103.999	1845
19	14	0	0	0	0	114.37	1846
19	14	0	0	0	0	107.216	1847
19	14	0	0	0	0	110.8	1848
20	14	0	0	0	0	113.942	1849
20	14	0	0	0	0	114.175	1850
20	15	0	0	0	0	123.775	1851
19	15	0	0	0	0	116.783	1852
19	15	0	0	0	0	114.582	1853
19	15	0	0	0	0	113.01	1854
19	15	0	0	0	0	111.207	1855
19	15	0	0	0	0	113.344	1856
19	15	0	0	0	0	114.682	1857
19	15	0	0	0	0	114.044	1858
19	15	0	0	0	0	118.334	1859
17	15	0	0	0	0	110.932	1860
17	17	0	0	0	0	110.59	1861
17	17	0	0	0	0	120.087	1862
18	17	0	0	0	0	103.464	1863
18	15	0	0	0	0	104.488	1864
18	14	0	0	0	0	108.63	1865
17	14	0	0	0	0	104.418	1866
18	14	0	0	0	0	103.672	1867
18	15	0	0	0	0	108.322	1868
18	16	0	0	0	0	105.77	1869
18	16	0	0	0	0	127.801	1870
18	16	0	0	0	0	122.764	1871
19	16	0	0	0	0	120.389	1872
19	16	0	0	0	0	113.262	1873
19	16	0	0	0	0	126.703	1874
19	16	0	0	0	0	95.1342	1875
20	16	0	0	0	0	104.812	1876
19	16	0	0	0	0	113.138	1877
16	16	0	0	0	0	109.617	1878
16	16	0	0	0	0	104.561	1879
15	16	0	0	0	0	103.577	1880
15	16	0	0	0	0	110.553	1881
15	16	0	0	0	0	92.4252	1882
15	16	0	0	0	0	103.471	1883
14	17	0	0	0	0	101.931	1884
13	17	0	0	0	0	111.992	1885
13	17	0	0	0	0	107.196	1886
13	16	0	0	0	0	97.9447	1887
13	16	0	0	0	0	100.05	1888
13	16	0	0	0	0	103.705	1889
13	16	0	0	0	0	102.526	1890
14	16	0	0	0	0	100.527	1891
15	16	0	0	0	0	93.5982	1892
15	16	0	0	0	0	90.8661	1893
15	16	0	0	0	0	90.5159	1894
15	15	0	0	0	0	107.459	1895
15	15	0	0	0	0	98.3304	1896
15	15	0	0	0	0	94.1652	1897
15	15	0	0	0	0	107.738	1898
15	15	0	0	0	0	95.2198	1899
14	14	0	0	0	0	98.1144	1900
14	14	0	0	0	0	92.7314	1901
14	12	0	0	0	0	88.5166	1902
14	12	0	0	0	0	75.7458	1903
14	12	0	0	0	0	92.6053	1904
14	12	0	0	0	0	91.1775	1905
14	12	0	0	0	0	90.4206	1906
14	12	0	0	0	0	91.7658	1907
14	12	0	0	0	0	84.3563	1908
14	12	0	0	0	0	84.3645	1909
14	12	0	0	0	0	91.7475	1910
14	12	0	0	0	0	86.5695	1911
14	12	0	0	0	0	81.8159	1912
14	12	0	0	0	0	87.2318	1913
14	12	0	0	0	0	86.8749	1914
14	12	0	0	0	0	91.1571	1915
14	12	0	0	0	0	93.8605	1916
14	12	0	0	0	0	90.5161	1917
14	12	0	0	0	0	83.322	1918
14	12	0	0	0	0	81.1593	1919
14	12	0	0	0	0	83.2199	1920
14	12	0	0	0	0	92.1565	1921
14	12	0	0	0	0	80.1504	1922
14	12	0	0	0	0	79.0936	1923
14	12	0	0	0	0	87.9182	1924
14	12	0	0	0	0	92.9901	1925
14	12	0	0	0	0	85.6114	1926
14	12	0	0	0	0	88.2579	1927
14	12	0	0	0	0	91.3887	1928
14	12	0	0	0	0	91.7396	1929
14	12	0	0	0	0	86.556	1930
14	12	0	0	0	0	89.9086	1931
14	12	0	0	0	0	90.58	1932
15	12	0	0	0	0	88.7282	1933
15	12	0	0	0	0	88.1116	1934
15	12	0	0	0	0	86.9832	1935
15	12	0	0	0	0	88.0454	1936
16	11	0	0	0	0	88.2835	1937
16	11	0	0	0	0	88.6742	1938
16	11	0	0	0	0	94.8875	1939
16	11	0	0	0	0	98.6499	1940
16	11	0	0	0	0	84.9609	1941
16	11	0	0	0	0	89.8406	1942
16	10	0	0	0	0	92.9684	1943
16	10	0	0	0	0	87.1823	1944
16	11	0	0	0	0	91.6485	1945
16	11	0	0	0	0	95.1594	1946
16	11	0	0	0	0	87.7036	1947
16	11	0	0	0	0	90.7378	1948
16	11	0	0	0	0	92.295	1949
16	11	0	0	0	0	91.0191	1950
17	11	0	0	0	0	96.2417	1951
17	11	0	0	0	0	102.711	1952
17	11	0	0	0	0	85.8368	1953
16	11	0	0	0	0	82.6123	1954
16	11	0	0	0	0	83.4323	1955
16	11	0	0	0	0	79.2793	1956
15	10	0	0	0	0	81.9799	1957
17	10	0	0	0	0	87.1249	1958
16	10	0	0	0	0	80.3534	1959
16	10	0	0	0	0	83.6698	1960
16	10	0	0	0	0	86.7246	1961
16	10	0	0	0	0	74.7344	1962
16	10	0	0	0	0	75.3077	1963
16	8	0	0	0	0	86.7304	1964
16	8	0	0	0	0	80.2795	1965
16	7	0	0	0	0	75.9586	1966
17	7	0	0	0	0	80.8827	1967
17	8	0	0	0	0	79.0076	1968
17	8	0	0	0	0	82.1223	1969
17	8	0	0	0	0	84.8943	1970
18	8	0	0	0	0	79.8659	1971
19	8	0	0	0	0	86.3453	1972
18	8	0	0	0	0	92.3405	1973
20	8	0	0	0	0	89.9468	1974
20	8	0	0	0	0	94.0145	1975
20	9	0	0	0	0	100.699	1976
20	9	0	0	0	0	100.679	1977
20	10	0	0	0	0	103.911	1978
20	10	0	0	0	0	99.3978	1979
20	10	0	0	0	0	85.4057	1980
20	10	0	0	0	0	94.7575	1981
19	10	0	0	0	0	82.7792	1982
19	10	0	0	0	0	89.1281	1983
19	9	0	0	0	0	85.0968	1984
18	9	0	0	0	0	94.6106	1985
18	11	0	0	0	0	77.615	1986
18	11	0	0	0	0	106.517	1987
18	12	0	0	0	0	95.7311	1988
18	12	0	0	0	0	98.3874	1989
17	12	0	0	0	0	101.679	1990
17	13	0	0	0	0	91.5155	1991
17	13	0	0	0	0	88.7496	1992
17	13	0	0	0	0	100.001	1993
17	13	0	0	0	0	95.4433	1994
13	13	0	0	0	0	76.3825	1995
13	14	0	0	0	0	81.4159	1996
14	14	0	0	0	0	73.4457	1997
14	16	0	0	0	0	87.9914	1998
14	16	0	0	0	0	82.922	1999
15	16	0	0	0	0	84.3134	2000
15	16	0	0	0	0	107.167	2001
15	16	0	0	0	0	99.8894	2002
15	16	0	0	0	0	105.562	2003
15	16	0	0	0	0	106.523	2004
15	16	0	0	0	0	107.68	2005
15	16	0	0	0	0	112.322	2006
15	16	0	0	0	0	107.449	2007
15	16	0	0	0	0	100.955	2008
15	16	0	0	0	0	100.525	2009
15	16	0	0	0	0	101.897	2010
15	15	0	0	0	0	102.534	2011
15	15	0	0	0	0	101.432	2012
15	15	0	0	0	0	100.609	2013
15	15	0	0	0	0	94.6061	2014
15	15	0	0	0	0	109.768	2015
15	15	0	0	0	0	103.21	2016
15	15	0	0	0	0	103.21	2017
15	14	0	0	0	0	94.4449	2018
15	13	0	0	0	0	103.028	2019
15	13	0	0	0	0	99.3546	2020
17	13	0	0	0	0	83.0916	2021
18	14	0	0	0	0	92.3177	2022
18	14	0	0	0	0	98.285	2023
19	14	0	0	0	0	116.356	2024
19	14	0	0	0	0	117.663	2025
19	14	0	0	0	0	106.608	2026
19	14	0	0	0	0	122.924	2027
19	14	0	0	0	0	119.823	2028
19	14	0	0	0	0	100.605	2029
19	14	0	0	0	0	111.263	2030
19	14	0	0	0	0	116.117	2031
19	14	0	0	0	0	113.047	2032
19	13	0	0	0	0	112.942	2033
19	13	0	0	0	0	115.484	2034
19	14	0	0	0	0	116.087	2035
19	13	0	0	0	0	112.929	2036
19	15	0	0	0	0	105.835	2037
19	15	0	0	0	0	119.355	2038
19	15	0	0	0	0	103.531	2039
19	15	0	0	0	0	112.731	2040
19	15	0	0	0	0	119.611	2041
18	15	0	0	0	0	98.6716	2042
18	15	0	0	0	0	117.749	2043
18	15	0	0	0	0	117.499	2044
18	15	0	0	0	0	122.356	2045
18	15	0	0	0	0	114.719	2046
19	15	0	0	0	0	100.686	2047
19	16	0	0	0	0	120.489	2048
19	16	0	0	0	0	118.256	2049
19	16	0	0	0	0	121.497	2050
19	16	0	0	0	0	118.082	2051
19	16	0	0	0	0	117.926	2052
19	16	0	0	0	0	121.811	2053
19	15	0	0	0	0	122.902	2054
19	15	0	0	0	0	114.39	2055
19	15	0	0	0	0	113.73	2056
20	15	0	0	0	0	121.488	2057
20	15	0	0	0	0	118.322	2058
20	15	0	0	0	0	114.115	2059
20	15	0	0	0	0	117.573	2060
20	15	0	0	0	0	115.59	2061
19	15	0	0	0	0	116.299	2062
19	15	0	0	0	0	118.386	2063
19	15	0	0	0	0	116.92	2064
19	15	0	0	0	0	127.633	2065
19	15	0	0	0	0	120.787	2066
19	15	0	0	0	0	108.907	2067
19	15	0	0	0	0	123.107	2068
20	15	0	0	0	0	124.051	2069
20	15	0	0	0	0	121.205	2070
20	15	0	0	0	0	126.502	2071
20	15	0	0	0	0	124.968	2072
20	15	0	0	0	0	125.344	2073
21	16	0	0	0	0	125.483	2074
21	15	0	0	0	0	128.381	2075
21	15	0	0	0	0	124.566	2076
21	15	0	0	0	0	122.299	2077
21	15	0	0	0	0	118.72	2078
21	15	0	0	0	0	117.336	2079
21	15	0	0	0	0	109.797	2080
21	15	0	0	0	0	116.093	2081
20	15	0	0	0	0	108.44	2082
19	14	0	0	0	0	116.238	2083
19	15	0	0	0	0	117.906	2084
20	15	0	0	0	0	115.956	2085
20	15	0	0	0	0	119.328	2086
20	15	0	0	0	0	130.156	2087
21	15	0	0	0	0	121.793	2088
21	15	0	0	0	0	128.069	2089
22	15	0	0	0	0	120.97	2090
21	15	0	0	0	0	112.079	2091
21	15	0	0	0	0	121.02	2092
19	15	0	0	0	0	114.439	2093
19	16	0	0	0	0	123.511	2094
19	15	0	0	0	0	112.221	2095
19	15	0	0	0	0	118.726	2096
19	15	0	0	0	0	113.769	2097
19	15	0	0	0	0	120.59	2098
19	15	0	0	0	0	114.746	2099
19	15	0	0	0	0	118.295	2100
19	15	0	0	0	0	110.293	2101
19	15	0	0	0	0	119.456	2102
19	15	0	0	0	0	116.7	2103
19	15	0	0	0	0	116.191	2104
19	15	0	0	0	0	119.267	2105
19	15	0	0	0	0	120.303	2106
19	15	0	0	0	0	103.069	2107
15	14	0	0	0	0	94.8902	2108
15	15	0	0	0	0	83.0717	2109
13	17	0	0	0	0	93.2321	2110
13	17	0	0	0	0	90.9912	2111
13	16	0	0	0	0	77.8552	2112
13	16	0	0	0	0	73.9582	2113
13	17	0	0	0	0	82.2921	2114
14	19	0	0	0	0	67.0654	2115
14	21	0	0	0	0	84.8296	2116
15	21	0	0	0	0	78.1751	2117
15	21	0	0	0	0	74.1027	2118
14	20	0	0	0	0	76.607	2119
14	22	0	0	0	0	80.6731	2120
14	25	0	0	0	0	75.1752	2121
14	25	0	0	0	0	82.4852	2122
13	25	0	0	0	0	85.7992	2123
11	25	0	0	0	0	113.752	2124
11	25	0	0	0	0	120.528	2125
11	24	0	0	0	0	113.536	2126
11	23	0	0	0	0	80.9444	2127
11	23	0	0	0	0	128.101	2128
11	23	0	0	0	0	123.139	2129
11	23	0	0	0	0	119.005	2130
11	23	0	0	0	0	120.553	2131
11	23	0	0	0	0	111.429	2132
11	23	0	0	0	0	119.631	2133
11	23	0	0	0	0	106.908	2134
11	23	0	0	0	0	125.61	2135
11	23	0	0	0	0	121.682	2136
11	23	0	0	0	0	120.161	2137
11	22	0	0	0	0	107.011	2138
11	22	0	0	0	0	106.946	2139
11	22	0	0	0	0	102.73	2140
11	21	0	0	0	0	120.15	2141
11	21	0	0	0	0	112.382	2142
11	21	0	0	0	0	109.622	2143
11	21	0	0	0	0	111.524	2144
11	21	0	0	0	0	106.232	2145
11	21	0	0	0	0	115.208	2146
11	21	0	0	0	0	113.361	2147
11	21	0	0	0	0	109.961	2148
11	22	0	0	0	0	117.481	2149
11	22	0	0	0	0	113.018	2150
11	22	0	0	0	0	107.595	2151
11	22	0	0	0	0	112.771	2152
11	22	0	0	0	0	114.289	2153
11	22	0	0	0	0	110.796	2154
11	22	0	0	0	0	107.718	2155
11	21	0	0	0	0	113.028	2156
11	21	0	0	0	0	114.586	2157
11	21	0	0	0	0	116.542	2158
11	21	0	0	0	0	107.089	2159
11	21	0	0	0	0	114.024	2160
11	21	0	0	0	0	102.311	2161
11	21	0	0	0	0	106.07	2162
11	20	0	0	0	0	108.092	2163
12	20	0	0	0	0	111.255	2164
13	20	0	0	0	0	98.3893	2165
12	20	0	0	0	0	107.08	2166
12	20	0	0	0	0	108.7	2167
12	20	0	0	0	0	97.0124	2168
12	20	0	0	0	0	100.143	2169
12	20	0	0	0	0	115.041	2170
12	20	0	0	0	0	112.805	2171
12	19	0	0	0	0	106.478	2172
12	19	0	0	0	0	104.178	2173
12	19	0	0	0	0	96.1048	2174
12	18	0	0	0	0	107.617	2175
12	18	0	0	0	0	107.845	2176
12	18	0	0	0	0	106.295	2177
12	18	0	0	0	0	110.617	2178
12	18	0	0	0	0	102.799	2179
12	18	0	0	0	0	96.5198	2180
12	18	0	0	0	0	102.485	2181
12	18	0	0	0	0	107.911	2182
12	18	0	0	0	0	108.224	2183
14	18	0	0	0	0	103.173	2184
14	17	0	0	0	0	105.544	2185
14	17	0	0	0	0	111.865	2186
14	16	0	0	0	0	98.4086	2187
14	21	0	0	0	0	99.4685	2188
14	21	0	0	0	0	110.446	2189
14	22	0	0	0	0	117.587	2190
14	22	0	0	0	0	114.156	2191
13	22	0	0	0	0	110.545	2192
13	22	0	0	0	0	120.567	2193
13	22	0	0	0	0	108.143	2194
11	22	0	0	0	0	103.103	2195
11	22	0	0	0	0	109.722	2196
8	22	0	0	0	0	100.99	2197
8	21	0	0	0	0	103.31	2198
8	21	0	0	0	0	90.1608	2199
9	21	0	0	0	0	96.9835	2200
9	20	0	0	0	0	100.074	2201
9	20	0	0	0	0	92.9131	2202
9	20	0	0	0	0	93.3808	2203
9	20	0	0	0	0	99.4746	2204
9	20	0	0	0	0	86.7138	2205
9	20	0	0	0	0	94.5547	2206
8	20	0	0	0	0	99.0069	2207
9	20	0	0	0	0	94.4959	2208
10	20	0	0	0	0	98.3943	2209
10	20	0	0	0	0	98.8004	2210
10	20	0	0	0	0	108.45	2211
10	20	0	0	0	0	105.478	2212
10	20	0	0	0	0	107.177	2213
10	20	0	0	0	0	100.194	2214
10	20	0	0	0	0	106.317	2215
10	20	0	0	0	0	100.504	2216
10	20	0	0	0	0	105.491	2217
10	20	0	0	0	0	111.778	2218
10	20	0	0	0	0	93.6962	2219
10	20	0	0	0	0	97.2033	2220
10	20	0	0	0	0	94.3343	2221
10	20	0	0	0	0	105.796	2222
10	20	0	0	0	0	102.544	2223
10	19	0	0	0	0	97.425	2224
10	19	0	0	0	0	99.42	2225
10	18	0	0	0	0	94.1624	2226
10	18	0	0	0	0	95.0642	2227
10	18	0	0	0	0	89.3524	2228
10	19	0	0	0	0	87.064	2229
10	17	0	0	0	0	86.8887	2230
10	17	0	0	0	0	81.1237	2231
10	16	0	0	0	0	90.2519	2232
10	16	0	0	0	0	83.5521	2233
11	15	0	0	0	0	83.5511	2234
11	15	0	0	0	0	85.1829	2235
11	14	0	0	0	0	82.272	2236
11	14	0	0	0	0	81.2727	2237
11	14	0	0	0	0	70.625	2238
11	14	0	0	0	0	74.523	2239
10	14	0	0	0	0	83.2511	2240
10	14	0	0	0	0	74.8458	2241
10	14	0	0	0	0	74.125	2242
10	14	0	0	0	0	58.9794	2243
10	13	0	0	0	0	75.5648	2244
10	13	0	0	0	0	77.2653	2245
10	13	0	0	0	0	73.0206	2246
10	13	0	0	0	0	68.6717	2247
10	13	0	0	0	0	74.3305	2248
10	13	0	0	0	0	75.9821	2249
10	13	0	0	0	0	70.3382	2250
10	13	0	0	0	0	66.5467	2251
10	13	0	0	0	0	80.498	2252
10	13	0	0	0	0	68.7375	2253
10	13	0	0	0	0	74.8586	2254
10	13	0	0	0	0	76.0574	2255
10	13	0	0	0	0	75.6562	2256
10	13	0	0	0	0	73.9363	2257
10	13	0	0	0	0	75.4219	2258
10	12	0	0	0	0	64.9878	2259
8	12	0	0	0	0	67.2856	2260
8	12	0	0	0	0	62.3187	2261
8	12	0	0	0	0	56.9869	2262
8	12	0	0	0	0	51.9096	2263
8	11	0	0	0	0	59.1101	2264
8	10	0	0	0	0	51.6428	2265
8	10	0	0	0	0	58.5057	2266
8	10	0	0	0	0	51.8309	2267
8	10	0	0	0	0	52.9396	2268
8	10	0	0	0	0	52.5048	2269
8	9	0	0	0	0	49.1161	2270
8	7	0	0	0	0	44.3132	2271
8	7	0	0	0	0	52.9067	2272
8	7	0	0	0	0	48.9982	2273
8	7	0	0	0	0	42.0095	2274
7	7	0	0	0	0	41.9124	2275
7	7	0	0	0	0	42.9237	2276
7	7	0	0	0	0	42.8516	2277
7	7	0	0	0	0	37.4908	2278
7	6	0	0	0	0	44.936	2279
7	6	0	0	0	0	44.2252	2280
7	6	0	0	0	0	32.8704	2281
7	6	0	0	0	0	43.0668	2282
7	7	0	0	0	0	43.5351	2283
7	7	0	0	0	0	33.9775	2284
7	7	0	0	0	0	35.5954	2285
7	7	0	0	0	0	31.5285	2286
6	7	0	0	0	0	34.7367	2287
5	7	0	0	0	0	38.8925	2288
5	7	0	0	0	0	39.644	2289
5	7	0	0	0	0	38.967	2290
5	7	0	0	0	0	35.6256	2291
5	7	0	0	0	0	38.2446	2292
6	7	0	0	0	0	31.0096	2293
6	7	0	0	0	0	39.946	2294
6	7	0	0	0	0	37.4723	2295
6	7	0	0	0	0	39.6963	2296
8	7	0	0	0	0	41.7086	2297
9	7	0	0	0	0	36.7129	2298
9	7	0	0	0	0	49.4088	2299
9	7	0	0	0	0	44.3217	2300
9	7	0	0	0	0	47.8073	2301
8	8	0	0	0	0	43.9042	2302
8	8	0	0	0	0	44.0782	2303
9	8	0	0	0	0	34.5698	2304
9	8	0	0	0	0	42.4856	2305
9	7	0	0	0	0	48.4956	2306
9	7	0	0	0	0	43.2043	2307
9	7	0	0	0	0	48.7314	2308
9	6	0	0	0	0	41.9821	2309
10	6	0	0	0	0	38.6768	2310
11	6	0	0	0	0	48.1201	2311
11	6	0	0	0	0	52.8812	2312
12	6	0	0	0	0	41.1411	2313
12	6	0	0	0	0	50.0052	2314
14	6	0	0	0	0	47.4008	2315
14	7	0	0	0	0	63.2495	2316
14	7	0	0	0	0	70.7344	2317
14	7	0	0	0	0	73.0222	2318
14	7	0	0	0	0	66.0392	2319
14	7	0	0	0	0	71.2057	2320
14	7	0	0	0	0	63.4367	2321
14	7	0	0	0	0	65.2215	2322
14	7	0	0	0	0	66.501	2323
14	7	0	0	0	0	64.8099	2324
14	7	0	0	0	0	58.587	2325
14	6	0	0	0	0	62.2164	2326
14	5	0	0	0	0	58.6236	2327
14	5	0	0	0	0	63.2688	2328
14	5	0	0	0	0	61.4788	2329
14	5	0	0	0	0	67.9252	2330
14	5	0	0	0	0	63.4978	2331
14	5	0	0	0	0	65.4358	2332
14	5	0	0	0	0	51.4339	2333
15	6	0	0	0	0	60.0628	2334
15	7	0	0	0	0	59.801	2335
15	7	0	0	0	0	59.5586	2336
16	7	0	0	0	0	58.0125	2337
16	6	0	0	0	0	62.3441	2338
16	6	0	0	0	0	65.9614	2339
16	5	0	0	0	0	65.5032	2340
16	5	0	0	0	0	66.0045	2341
17	5	0	0	0	0	64.2183	2342
18	5	0	0	0	0	64.0252	2343
16	5	0	0	0	0	58.5004	2344
17	5	0	0	0	0	75.0785	2345
17	5	0	0	0	0	73.5283	2346
17	6	0	0	0	0	73.6556	2347
17	6	0	0	0	0	76.4213	2348
17	6	0	0	0	0	68.1306	2349
17	6	0	0	0	0	75.3945	2350
17	6	0	0	0	0	71.7462	2351
17	7	0	0	0	0	75.6905	2352
17	7	0	0	0	0	65.8295	2353
17	7	0	0	0	0	78.3262	2354
17	7	0	0	0	0	69.1437	2355
17	7	0	0	0	0	69.7577	2356
17	7	0	0	0	0	74.0733	2357
17	7	0	0	0	0	74.356	2358
17	7	0	0	0	0	76.3598	2359
17	7	0	0	0	0	74.6778	2360
16	7	0	0	0	0	69.3338	2361
16	7	0	0	0	0	76.5946	2362
16	7	0	0	0	0	73.9322	2363
16	7	0	0	0	0	71.2361	2364
16	7	0	0	0	0	75.8049	2365
16	7	0	0	0	0	77.866	2366
16	8	0	0	0	0	83.0066	2367
16	8	0	0	0	0	77.2991	2368
15	8	0	0	0	0	76.1446	2369
15	10	0	0	0	0	84.0662	2370
15	10	0	0	0	0	86.3342	2371
15	11	0	0	0	0	87.9008	2372
15	11	0	0	0	0	73.6743	2373
15	11	0	0	0	0	76.173	2374
15	11	0	0	0	0	72.9848	2375
15	11	0	0	0	0	72.2785	2376
15	11	0	0	0	0	82.3504	2377
14	11	0	0	0	0	83.2732	2378
13	11	0	0	0	0	74.9402	2379
13	11	0	0	0	0	79.5389	2380
13	11	0	0	0	0	81.1528	2381
13	11	0	0	0	0	76.4079	2382
13	11	0	0	0	0	79.1593	2383
12	11	0	0	0	0	80.7935	2384
12	11	0	0	0	0	78.0319	2385
12	11	0	0	0	0	77.729	2386
12	11	0	0	0	0	80.7884	2387
12	11	0	0	0	0	77.2283	2388
12	11	0	0	0	0	78.9307	2389
12	11	0	0	0	0	76.3111	2390
12	11	0	0	0	0	71.1144	2391
12	11	0	0	0	0	72.2268	2392
12	11	0	0	0	0	75.4552	2393
12	11	0	0	0	0	74.8212	2394
12	11	0	0	0	0	71.4518	2395
12	11	0	0	0	0	77.7688	2396
12	12	0	0	0	0	68.6589	2397
13	14	0	0	0	0	71.4254	2398
13	14	0	0	0	0	80.3923	2399
13	14	0	0	0	0	98.68	2400
13	14	0	0	0	0	82.8444	2401
13	14	0	0	0	0	86.0056	2402
14	14	0	0	0	0	95.5815	2403
14	15	0	0	0	0	103.275	2404
14	15	0	0	0	0	100.515	2405
14	15	0	0	0	0	98.1641	2406
14	15	0	0	0	0	98.7281	2407
16	15	0	0	0	0	99.8897	2408
16	15	0	0	0	0	114.698	2409
16	15	0	0	0	0	109.084	2410
16	15	0	0	0	0	105.786	2411
16	15	0	0	0	0	106.631	2412
16	15	0	0	0	0	108.541	2413
16	15	0	0	0	0	104.028	2414
16	15	0	0	0	0	113.248	2415
16	15	0	0	0	0	109.465	2416
16	15	0	0	0	0	109.58	2417
17	15	0	0	0	0	92.8202	2418
17	15	0	0	0	0	98.0782	2419
17	15	0	0	0	0	96.9968	2420
17	13	0	0	0	0	96.8884	2421
17	13	0	0	0	0	97.9398	2422
17	13	0	0	0	0	99.6478	2423
17	13	0	0	0	0	92.2648	2424
16	12	0	0	0	0	94.6074	2425
16	12	0	0	0	0	100.606	2426
16	12	0	0	0	0	92.7018	2427
15	12	0	0	0	0	90.3705	2428
15	12	0	0	0	0	89.0289	2429
14	13	0	0	0	0	89.6984	2430
14	13	0	0	0	0	86.2569	2431
14	13	0	0	0	0	96.2856	2432
14	13	0	0	0	0	83.371	2433
14	13	0	0	0	0	81.6134	2434
14	13	0	0	0	0	86.643	2435
14	14	0	0	0	0	95.8217	2436
14	14	0	0	0	0	86.4252	2437
14	14	0	0	0	0	95.5217	2438
14	14	0	0	0	0	77.4367	2439
14	14	0	0	0	0	90.7382	2440
14	14	0	0	0	0	87.3369	2441
14	14	0	0	0	0	89.946	2442
14	13	0	0	0	0	85.2441	2443
14	14	0	0	0	0	90.8551	2444
14	14	0	0	0	0	99.2869	2445
14	15	0	0	0	0	92.7422	2446
13	17	0	0	0	0	91.2519	2447
13	17	0	0	0	0	95.2258	2448
13	17	0	0	0	0	91.1136	2449
13	17	0	0	0	0	91.0031	2450
13	17	0	0	0	0	98.1176	2451
13	17	0	0	0	0	92.9075	2452
12	17	0	0	0	0	97.5753	2453
11	16	0	0	0	0	92.0214	2454
11	16	0	0	0	0	95.1572	2455
11	17	0	0	0	0	94.6315	2456
11	17	0	0	0	0	97.505	2457
11	17	0	0	0	0	91.7309	2458
11	17	0	0	0	0	96.2491	2459
11	17	0	0	0	0	95.5546	2460
11	18	0	0	0	0	97.5285	2461
11	18	0	0	0	0	92.5588	2462
11	18	0	0	0	0	88.8414	2463
11	18	0	0	0	0	98.5301	2464
9	18	0	0	0	0	90.3482	2465
9	18	0	0	0	0	95.8271	2466
10	18	0	0	0	0	96.5861	2467
10	18	0	0	0	0	99.5586	2468
10	18	0	0	0	0	94.7481	2469
10	18	0	0	0	0	99.3682	2470
10	18	0	0	0	0	85.2743	2471
11	18	0	0	0	0	101.674	2472
11	18	0	0	0	0	99.2011	2473
11	18	0	0	0	0	95.7328	2474
11	19	0	0	0	0	99.8112	2475
11	20	0	0	0	0	109.834	2476
11	20	0	0	0	0	102.821	2477
11	20	0	0	0	0	83.1826	2478
11	20	0	0	0	0	84.6015	2479
11	22	0	0	0	0	88.9179	2480
11	22	0	0	0	0	81.5837	2481
11	22	0	0	0	0	91.9659	2482
11	22	0	0	0	0	85.6634	2483
10	21	0	0	0	0	85.0552	2484
9	20	0	0	0	0	82.8949	2485
8	20	0	0	0	0	90.6279	2486
8	20	0	0	0	0	84.0554	2487
8	19	0	0	0	0	88.245	2488
8	18	0	0	0	0	88.3748	2489
8	17	0	0	0	0	85.0829	2490
8	17	0	0	0	0	87.6383	2491
8	18	0	0	0	0	83.1565	2492
8	18	0	0	0	0	87.5256	2493
8	18	0	0	0	0	83.4953	2494
8	18	0	0	0	0	85.621	2495
8	18	0	0	0	0	87.1535	2496
8	18	0	0	0	0	85.8127	2497
8	18	0	0	0	0	92.3498	2498
8	18	0	0	0	0	85.8127	2499
8	18	0	0	0	0	91.0741	2500
8	18	0	0	0	0	90.3438	2501
8	18	0	0	0	0	90.75	2502
8	18	0	0	0	0	88.723	2503
8	18	0	0	0	0	83.9781	2504
8	18	0	0	0	0	92.2029	2505
9	18	0	0	0	0	94.968	2506
9	18	0	0	0	0	88.6945	2507
9	18	0	0	0	0	92.8	2508
10	18	0	0	0	0	86.7144	2509
10	18	0	0	0	0	88.9749	2510
10	18	0	0	0	0	99.7342	2511
10	18	0	0	0	0	93.4068	2512
10	18	0	0	0	0	88.5741	2513
9	18	0	0	0	0	92.1272	2514
9	18	0	0	0	0	98.326	2515
9	18	0	0	0	0	92.6678	2516
10	18	0	0	0	0	83.1728	2517
10	18	0	0	0	0	87.6048	2518
10	18	0	0	0	0	88.9256	2519
10	17	0	0	0	0	83.9639	2520
10	17	0	0	0	0	75.8336	2521
10	17	0	0	0	0	74.741	2522
10	17	0	0	0	0	78.8465	2523
10	17	0	0	0	0	77.9761	2524
11	17	0	0	0	0	84.7262	2525
11	18	0	0	0	0	81.3548	2526
10	18	0	0	0	0	97.8669	2527
9	18	0	0	0	0	91.866	2528
9	19	0	0	0	0	80.5299	2529
9	20	0	0	0	0	85.4094	2530
9	20	0	0	0	0	91.4778	2531
9	18	0	0	0	0	87.3469	2532
9	19	0	0	0	0	88.544	2533
9	19	0	0	0	0	85.1288	2534
9	19	0	0	0	0	89.0009	2535
9	19	0	0	0	0	102.776	2536
9	19	0	0	0	0	96.062	2537
9	19	0	0	0	0	101.972	2538
9	19	0	0	0	0	95.9447	2539
9	20	0	0	0	0	102.998	2540
9	20	0	0	0	0	100.008	2541
9	20	0	0	0	0	99.9976	2542
9	20	0	0	0	0	98.8323	2543
9	20	0	0	0	0	92.2709	2544
9	19	0	0	0	0	90.439	2545
9	19	0	0	0	0	103.087	2546
10	19	0	0	0	0	97.4008	2547
11	19	0	0	0	0	94.9897	2548
11	19	0	0	0	0	88.0364	2549
11	19	0	0	0	0	105.784	2550
11	19	0	0	0	0	101.447	2551
11	20	0	0	0	0	100.269	2552
11	20	0	0	0	0	97.573	2553
11	20	0	0	0	0	104.645	2554
11	20	0	0	0	0	110.126	2555
11	20	0	0	0	0	104.25	2556
11	20	0	0	0	0	100.453	2557
9	20	0	0	0	0	90.4344	2558
9	19	0	0	0	0	96.9509	2559
9	19	0	0	0	0	100.079	2560
9	19	0	0	0	0	83.1742	2561
9	19	0	0	0	0	98.9792	2562
9	20	0	0	0	0	93.8884	2563
9	20	0	0	0	0	84.3998	2564
10	20	0	0	0	0	103.627	2565
10	19	0	0	0	0	94.2216	2566
10	20	0	0	0	0	88.2	2567
9	20	0	0	0	0	90.4403	2568
8	20	0	0	0	0	93.6592	2569
8	20	0	0	0	0	94.5144	2570
8	20	0	0	0	0	90.3528	2571
8	19	0	0	0	0	84.2907	2572
8	18	0	0	0	0	85.3288	2573
8	18	0	0	0	0	81.8808	2574
8	18	0	0	0	0	82.9365	2575
8	18	0	0	0	0	87.2989	2576
8	18	0	0	0	0	79.3744	2577
8	18	0	0	0	0	74.6606	2578
8	19	0	0	0	0	83.8274	2579
8	18	0	0	0	0	75.3623	2580
8	17	0	0	0	0	80.2142	2581
8	17	0	0	0	0	77.4332	2582
8	17	0	0	0	0	75.8413	2583
8	16	0	0	0	0	79.185	2584
8	16	0	0	0	0	73.8639	2585
8	14	0	0	0	0	73.0949	2586
8	14	0	0	0	0	72.2201	2587
8	14	0	0	0	0	72.7681	2588
8	14	0	0	0	0	71.4451	2589
8	14	0	0	0	0	77.1151	2590
8	14	0	0	0	0	75.6547	2591
8	14	0	0	0	0	76.9234	2592
8	14	0	0	0	0	75.86	2593
8	14	0	0	0	0	74.3507	2594
8	14	0	0	0	0	72.019	2595
8	15	0	0	0	0	66.7221	2596
8	14	0	0	0	0	75.39	2597
8	13	0	0	0	0	70.0744	2598
8	12	0	0	0	0	69.7091	2599
9	13	0	0	0	0	60.7478	2600
10	14	0	0	0	0	69.3983	2601
10	14	0	0	0	0	63.1915	2602
11	16	0	0	0	0	85.0436	2603
11	16	0	0	0	0	65.0312	2604
11	16	0	0	0	0	80.0809	2605
11	16	0	0	0	0	81.8814	2606
12	16	0	0	0	0	84.7501	2607
12	17	0	0	0	0	81.4048	2608
12	17	0	0	0	0	107.366	2609
12	17	0	0	0	0	97.1798	2610
12	16	0	0	0	0	91.6135	2611
13	16	0	0	0	0	95.9285	2612
13	18	0	0	0	0	82.3446	2613
14	18	0	0	0	0	91.2836	2614
14	18	0	0	0	0	90.0225	2615
14	18	0	0	0	0	94.1277	2616
13	19	0	0	0	0	81.7064	2617
13	19	0	0	0	0	103.563	2618
13	18	0	0	0	0	105.463	2619
13	18	0	0	0	0	113.444	2620
13	18	0	0	0	0	101.753	2621
13	18	0	0	0	0	106.022	2622
14	18	0	0	0	0	106.352	2623
14	18	0	0	0	0	111.068	2624
14	18	0	0	0	0	110.084	2625
14	18	0	0	0	0	118.808	2626
14	18	0	0	0	0	110.678	2627
14	18	0	0	0	0	112.067	2628
14	18	0	0	0	0	110.009	2629
14	18	0	0	0	0	108.565	2630
14	18	0	0	0	0	108.301	2631
14	19	0	0	0	0	111.023	2632
14	19	0	0	0	0	108.992	2633
14	19	0	0	0	0	114.141	2634
14	19	0	0	0	0	119.18	2635
14	19	0	0	0	0	113.348	2636
14	19	0	0	0	0	109.286	2637
14	19	0	0	0	0	107.345	2638
13	19	0	0	0	0	108.806	2639
13	19	0	0	0	0	107.401	2640
13	18	0	0	0	0	112.325	2641
14	18	0	0	0	0	105.857	2642
14	19	0	0	0	0	101.243	2643
14	17	0	0	0	0	108.721	2644
14	17	0	0	0	0	106.585	2645
13	18	0	0	0	0	97.5012	2646
13	19	0	0	0	0	111.896	2647
13	22	0	0	0	0	109.558	2648
13	22	0	0	0	0	114.946	2649
13	22	0	0	0	0	121.831	2650
13	22	0	0	0	0	111.355	2651
13	22	0	0	0	0	120.071	2652
14	23	0	0	0	0	127.79	2653
15	24	0	0	0	0	128.28	2654
15	24	0	0	0	0	135.146	2655
14	24	0	0	0	0	119.994	2656
14	23	0	0	0	0	126.431	2657
14	23	0	0	0	0	122.544	2658
14	23	0	0	0	0	127.197	2659
13	24	0	0	0	0	131.998	2660
13	24	0	0	0	0	117.967	2661
11	24	0	0	0	0	112.455	2662
11	24	0	0	0	0	130.105	2663
11	24	0	0	0	0	120.298	2664
11	24	0	0	0	0	124.594	2665
11	24	0	0	0	0	120.854	2666
11	24	0	0	0	0	118.45	2667
11	23	0	0	0	0	102.081	2668
11	23	0	0	0	0	112.348	2669
11	23	0	0	0	0	118.486	2670
11	23	0	0	0	0	127.577	2671
11	23	0	0	0	0	112.925	2672
11	23	0	0	0	0	102.209	2673
11	22	0	0	0	0	123.292	2674
11	22	0	0	0	0	107.892	2675
11	21	0	0	0	0	110.083	2676
11	21	0	0	0	0	115.127	2677
11	21	0	0	0	0	119.073	2678
11	21	0	0	0	0	110.562	2679
11	21	0	0	0	0	107.573	2680
11	21	0	0	0	0	94.9043	2681
11	21	0	0	0	0	104.658	2682
11	20	0	0	0	0	112.811	2683
11	20	0	0	0	0	100.284	2684
11	21	0	0	0	0	109.145	2685
11	21	0	0	0	0	103.587	2686
11	21	0	0	0	0	90.8861	2687
11	21	0	0	0	0	108.402	2688
11	21	0	0	0	0	115.875	2689
11	21	0	0	0	0	110.861	2690
11	21	0	0	0	0	105.686	2691
11	19	0	0	0	0	110.392	2692
11	19	0	0	0	0	87.4726	2693
12	19	0	0	0	0	105.524	2694
12	19	0	0	0	0	106.241	2695
13	19	0	0	0	0	115.956	2696
13	19	0	0	0	0	87.7767	2697
11	19	0	0	0	0	98.4796	2698
11	18	0	0	0	0	106.385	2699
12	18	0	0	0	0	97.6889	2700
12	18	0	0	0	0	97.6695	2701
12	18	0	0	0	0	101.915	2702
12	17	0	0	0	0	104.155	2703
12	17	0	0	0	0	87.8785	2704
12	16	0	0	0	0	98.6896	2705
12	16	0	0	0	0	96.6344	2706
12	16	0	0	0	0	88.7393	2707
12	16	0	0	0	0	96.5214	2708
12	16	0	0	0	0	100.84	2709
12	16	0	0	0	0	97.3075	2710
12	16	0	0	0	0	91.8468	2711
13	16	0	0	0	0	96.3916	2712
13	16	0	0	0	0	95.7231	2713
13	16	0	0	0	0	95.5614	2714
13	15	0	0	0	0	98.7797	2715
13	15	0	0	0	0	92.6611	2716
13	15	0	0	0	0	97.1414	2717
13	15	0	0	0	0	91.9085	2718
13	15	0	0	0	0	91.0455	2719
13	15	0	0	0	0	90.8969	2720
13	15	0	0	0	0	91.2956	2721
13	14	0	0	0	0	87.9868	2722
13	14	0	0	0	0	96.3341	2723
13	14	0	0	0	0	90.6352	2724
13	14	0	0	0	0	87.519	2725
13	13	0	0	0	0	85.3588	2726
13	13	0	0	0	0	87.5764	2727
13	13	0	0	0	0	76.2044	2728
13	14	0	0	0	0	77.1589	2729
13	15	0	0	0	0	90.7307	2730
13	16	0	0	0	0	97.5916	2731
13	16	0	0	0	0	95.6932	2732
13	15	0	0	0	0	98.6672	2733
13	15	0	0	0	0	103.197	2734
13	15	0	0	0	0	91.1549	2735
13	14	0	0	0	0	93.9722	2736
13	14	0	0	0	0	88.6951	2737
13	13	0	0	0	0	80.3583	2738
13	13	0	0	0	0	81.2975	2739
12	13	0	0	0	0	88.4984	2740
12	14	0	0	0	0	90.6027	2741
12	14	0	0	0	0	93.0245	2742
12	14	0	0	0	0	85.9776	2743
12	14	0	0	0	0	82.4127	2744
12	15	0	0	0	0	86.8906	2745
13	16	0	0	0	0	88.3457	2746
13	16	0	0	0	0	82.0336	2747
13	16	0	0	0	0	86.1988	2748
13	16	0	0	0	0	88.5703	2749
11	16	0	0	0	0	83.7179	2750
11	16	0	0	0	0	89.701	2751
11	16	0	0	0	0	84.4787	2752
10	16	0	0	0	0	87.6931	2753
10	16	0	0	0	0	74.3506	2754
10	15	0	0	0	0	86.5494	2755
10	15	0	0	0	0	89.8537	2756
11	16	0	0	0	0	84.473	2757
11	16	0	0	0	0	81.0887	2758
11	16	0	0	0	0	90.9643	2759
10	16	0	0	0	0	76.357	2760
10	16	0	0	0	0	77.1414	2761
9	16	0	0	0	0	82.9544	2762
10	15	0	0	0	0	82.727	2763
9	15	0	0	0	0	74.1373	2764
9	15	0	0	0	0	72.2746	2765
9	15	0	0	0	0	83.3719	2766
9	15	0	0	0	0	81.4745	2767
9	15	0	0	0	0	81.8447	2768
9	15	0	0	0	0	67.6645	2769
9	15	0	0	0	0	79.7575	2770
9	15	0	0	0	0	75.1337	2771
10	14	0	0	0	0	79.4658	2772
9	14	0	0	0	0	72.1622	2773
9	16	0	0	0	0	74.3319	2774
9	16	0	0	0	0	77.9992	2775
9	16	0	0	0	0	91.0061	2776
9	16	0	0	0	0	79.9869	2777
10	16	0	0	0	0	87.4213	2778
10	16	0	0	0	0	87.7982	2779
10	15	0	0	0	0	77.7574	2780
10	15	0	0	0	0	81.2759	2781
10	14	0	0	0	0	85.543	2782
10	14	0	0	0	0	76.4894	2783
10	14	0	0	0	0	64.9848	2784
10	14	0	0	0	0	70.5871	2785
10	12	0	0	0	0	67.8834	2786
10	11	0	0	0	0	64.913	2787
10	11	0	0	0	0	64.1221	2788
10	12	0	0	0	0	72.2673	2789
10	12	0	0	0	0	67.4355	2790
10	12	0	0	0	0	65.2914	2791
10	12	0	0	0	0	60.4089	2792
9	12	0	0	0	0	71.7327	2793
9	13	0	0	0	0	72.9906	2794
9	13	0	0	0	0	77.344	2795
9	13	0	0	0	0	77.59	2796
9	13	0	0	0	0	80.5868	2797
9	13	0	0	0	0	65.067	2798
9	12	0	0	0	0	58.4226	2799
9	12	0	0	0	0	67.8044	2800
9	12	0	0	0	0	64.2907	2801
9	14	0	0	0	0	71.9406	2802
8	14	0	0	0	0	80.4641	2803
9	14	0	0	0	0	79.7853	2804
9	14	0	0	0	0	75.4605	2805
9	14	0	0	0	0	69.0607	2806
9	14	0	0	0	0	80.5211	2807
9	14	0	0	0	0	71.5798	2808
9	14	0	0	0	0	77.3715	2809
9	14	0	0	0	0	83.1279	2810
9	14	0	0	0	0	70.688	2811
9	14	0	0	0	0	72.985	2812
8	14	0	0	0	0	76.9575	2813
8	14	0	0	0	0	72.648	2814
8	15	0	0	0	0	79.0713	2815
8	15	0	0	0	0	76.3188	2816
8	15	0	0	0	0	72.6207	2817
8	15	0	0	0	0	82.7581	2818
8	15	0	0	0	0	75.8297	2819
8	15	0	0	0	0	75.0226	2820
8	16	0	0	0	0	77.0036	2821
8	16	0	0	0	0	74.9541	2822
8	16	0	0	0	0	75.6482	2823
8	16	0	0	0	0	84.9745	2824
8	16	0	0	0	0	73.3415	2825
8	16	0	0	0	0	87.7246	2826
8	17	0	0	0	0	78.7414	2827
8	17	0	0	0	0	84.9352	2828
8	17	0	0	0	0	82.0625	2829
8	17	0	0	0	0	81.545	2830
8	16	0	0	0	0	88.2571	2831
8	16	0	0	0	0	73.1098	2832
8	16	0	0	0	0	88.173	2833
8	16	0	0	0	0	73.3523	2834
7	16	0	0	0	0	75.4687	2835
7	16	0	0	0	0	83.22	2836
7	18	0	0	0	0	77.0732	2837
7	18	0	0	0	0	82.7932	2838
7	18	0	0	0	0	86.8635	2839
7	18	0	0	0	0	78.2953	2840
8	19	0	0	0	0	74.1304	2841
8	20	0	0	0	0	81.1161	2842
8	20	0	0	0	0	91.9568	2843
8	20	0	0	0	0	95.8614	2844
8	21	0	0	0	0	94.6406	2845
8	21	0	0	0	0	78.4608	2846
8	21	0	0	0	0	106.475	2847
8	21	0	0	0	0	101.894	2848
8	21	0	0	0	0	93.5763	2849
6	21	0	0	0	0	88.0534	2850
6	21	0	0	0	0	93.412	2851
6	21	0	0	0	0	90.8433	2852
6	21	0	0	0	0	88.9996	2853
6	21	0	0	0	0	88.7778	2854
6	21	0	0	0	0	90.9576	2855
6	21	0	0	0	0	86.8183	2856
6	22	0	0	0	0	97.7262	2857
6	23	0	0	0	0	82.6001	2858
6	23	0	0	0	0	99.1302	2859
7	24	0	0	0	0	96.9356	2860
7	24	0	0	0	0	106.294	2861
7	23	0	0	0	0	93.7817	2862
7	23	0	0	0	0	100.016	2863
7	23	0	0	0	0	97.1536	2864
7	23	0	0	0	0	102.874	2865
6	23	0	0	0	0	89.8912	2866
6	23	0	0	0	0	94.9047	2867
6	22	0	0	0	0	90.8257	2868
6	22	0	0	0	0	93.2085	2869
6	22	0	0	0	0	89.3871	2870
7	22	0	0	0	0	84.1061	2871
7	23	0	0	0	0	73.8193	2872
7	22	0	0	0	0	82.4774	2873
7	21	0	0	0	0	78.2114	2874
8	21	0	0	0	0	77.5297	2875
10	21	0	0	0	0	82.8689	2876
10	21	0	0	0	0	82.7695	2877
10	21	0	0	0	0	83.804	2878
10	21	0	0	0	0	72.8113	2879
10	20	0	0	0	0	106.964	2880
10	21	0	0	0	0	94.9631	2881
10	21	0	0	0	0	100.95	2882
10	20	0	0	0	0	94.6073	2883
11	20	0	0	0	0	106.28	2884
11	20	0	0	0	0	88.8936	2885
11	20	0	0	0	0	90.6001	2886
11	22	0	0	0	0	103.738	2887
11	22	0	0	0	0	101.284	2888
11	23	0	0	0	0	110.508	2889
11	23	0	0	0	0	115.027	2890
11	23	0	0	0	0	111.177	2891
11	23	0	0	0	0	116.624	2892
12	23	0	0	0	0	127.092	2893
14	23	0	0	0	0	110.136	2894
14	23	0	0	0	0	116.307	2895
13	23	0	0	0	0	103.631	2896
13	23	0	0	0	0	119.101	2897
13	23	0	0	0	0	130.38	2898
13	23	0	0	0	0	124.652	2899
14	23	0	0	0	0	119.591	2900
14	24	0	0	0	0	118.588	2901
14	24	0	0	0	0	123.892	2902
14	25	0	0	0	0	128.971	2903
14	25	0	0	0	0	127.151	2904
14	25	0	0	0	0	128.919	2905
14	25	0	0	0	0	126.011	2906
14	24	0	0	0	0	119.931	2907
14	24	0	0	0	0	113.343	2908
14	23	0	0	0	0	116.841	2909
13	22	0	0	0	0	122.471	2910
13	22	0	0	0	0	116.946	2911
14	22	0	0	0	0	116.42	2912
14	22	0	0	0	0	114.662	2913
14	22	0	0	0	0	108.704	2914
14	22	0	0	0	0	112.446	2915
14	22	0	0	0	0	122.628	2916
14	22	0	0	0	0	108.133	2917
14	22	0	0	0	0	105.125	2918
13	22	0	0	0	0	112.762	2919
13	22	0	0	0	0	118.379	2920
13	21	0	0	0	0	119.942	2921
13	21	0	0	0	0	84.9549	2922
13	19	0	0	0	0	95.5562	2923
13	18	0	0	0	0	77.1687	2924
13	17	0	0	0	0	108.334	2925
13	17	0	0	0	0	105.749	2926
13	17	0	0	0	0	96.9145	2927
13	17	0	0	0	0	94.0462	2928
13	17	0	0	0	0	102.683	2929
13	18	0	0	0	0	100.267	2930
13	18	0	0	0	0	104.257	2931
13	18	0	0	0	0	99.8407	2932
13	18	0	0	0	0	106.965	2933
13	17	0	0	0	0	99.9658	2934
13	17	0	0	0	0	94.0614	2935
12	17	0	0	0	0	87.2236	2936
12	17	0	0	0	0	93.1861	2937
12	16	0	0	0	0	90.3474	2938
12	15	0	0	0	0	91.1334	2939
13	15	0	0	0	0	99.7606	2940
13	15	0	0	0	0	90.4542	2941
13	16	0	0	0	0	90.905	2942
13	16	0	0	0	0	92.8458	2943
13	16	0	0	0	0	99.9582	2944
13	16	0	0	0	0	94.2332	2945
13	16	0	0	0	0	97.4849	2946
13	16	0	0	0	0	97.4889	2947
13	16	0	0	0	0	94.8597	2948
13	17	0	0	0	0	89.3184	2949
13	17	0	0	0	0	95.6885	2950
12	17	0	0	0	0	93.4131	2951
12	17	0	0	0	0	69.2084	2952
12	17	0	0	0	0	105.112	2953
12	17	0	0	0	0	101.11	2954
12	18	0	0	0	0	105.84	2955
12	18	0	0	0	0	94.4705	2956
12	18	0	0	0	0	88.4098	2957
12	18	0	0	0	0	87.5164	2958
11	18	0	0	0	0	92.2678	2959
11	17	0	0	0	0	97.7752	2960
11	17	0	0	0	0	90.8347	2961
11	17	0	0	0	0	97.2967	2962
11	17	0	0	0	0	92.7132	2963
11	17	0	0	0	0	92.517	2964
10	19	0	0	0	0	92.7083	2965
10	19	0	0	0	0	91.1557	2966
10	19	0	0	0	0	90.6577	2967
10	19	0	0	0	0	88.9278	2968
10	19	0	0	0	0	86.0656	2969
10	18	0	0	0	0	93.8048	2970
10	18	0	0	0	0	98.6483	2971
10	18	0	0	0	0	89.1279	2972
10	18	0	0	0	0	99.8846	2973
10	18	0	0	0	0	99.9611	2974
10	18	0	0	0	0	96.2123	2975
10	18	0	0	0	0	92.6188	2976
11	18	0	0	0	0	99.3617	2977
11	19	0	0	0	0	95.3484	2978
11	19	0	0	0	0	102.693	2979
11	19	0	0	0	0	104.245	2980
11	19	0	0	0	0	109.362	2981
11	19	0	0	0	0	102.217	2982
11	19	0	0	0	0	93.6453	2983
11	19	0	0	0	0	93.3861	2984
11	19	0	0	0	0	99.433	2985
10	18	0	0	0	0	89.203	2986
10	18	0	0	0	0	88.915	2987
10	19	0	0	0	0	87.3812	2988
10	19	0	0	0	0	90.4436	2989
9	19	0	0	0	0	90.3591	2990
9	19	0	0	0	0	96.1058	2991
9	19	0	0	0	0	92.8676	2992
9	19	0	0	0	0	91.9884	2993
9	19	0	0	0	0	93.3261	2994
9	20	0	0	0	0	100.904	2995
9	20	0	0	0	0	98.632	2996
8	20	0	0	0	0	99.9399	2997
8	20	0	0	0	0	88.4151	2998
8	20	0	0	0	0	90.0981	2999
8	19	0	0	0	0	87.7268	3000
8	19	0	0	0	0	82.662	3001
8	19	0	0	0	0	96.5635	3002
8	19	0	0	0	0	90.3889	3003
8	19	0	0	0	0	82.5831	3004
8	19	0	0	0	0	83.3598	3005
8	19	0	0	0	0	88.0246	3006
8	19	0	0	0	0	88.2269	3007
8	22	0	0	0	0	81.9963	3008
8	22	0	0	0	0	87.5738	3009
7	22	0	0	0	0	93.5694	3010
7	22	0	0	0	0	97.4844	3011
7	22	0	0	0	0	94.669	3012
7	22	0	0	0	0	100.228	3013
7	21	0	0	0	0	99.0223	3014
7	21	0	0	0	0	87.7504	3015
7	23	0	0	0	0	98.8986	3016
7	23	0	0	0	0	95.9929	3017
7	23	0	0	0	0	107.618	3018
7	23	0	0	0	0	97.9507	3019
7	23	0	0	0	0	100.388	3020
7	23	0	0	0	0	93.9364	3021
7	23	0	0	0	0	86.8794	3022
7	23	0	0	0	0	99.4879	3023
7	21	0	0	0	0	90.7112	3024
6	21	0	0	0	0	77.1109	3025
5	20	0	0	0	0	81.859	3026
4	20	0	0	0	0	80.9142	3027
4	20	0	0	0	0	79.1814	3028
4	20	0	0	0	0	79.6699	3029
4	19	0	0	0	0	80.5542	3030
4	19	0	0	0	0	83.8224	3031
4	19	0	0	0	0	62.4404	3032
4	19	0	0	0	0	63.4414	3033
4	19	0	0	0	0	66.6662	3034
4	21	0	0	0	0	71.3269	3035
4	21	0	0	0	0	69.9095	3036
4	21	0	0	0	0	61.0729	3037
4	20	0	0	0	0	68.9372	3038
4	20	0	0	0	0	72.1865	3039
4	20	0	0	0	0	73.5394	3040
4	19	0	0	0	0	78.4004	3041
4	19	0	0	0	0	78.1394	3042
4	19	0	0	0	0	72.2771	3043
1	19	0	0	0	0	66.6241	3044
1	21	0	0	0	0	68.3487	3045
0	21	0	0	0	0	71.1585	3046
0	21	0	0	0	0	56.7442	3047
0	21	0	0	0	0	61.5796	3048
0	21	0	0	0	0	65.3068	3049
0	22	0	0	0	0	73.9674	3050
0	23	0	0	0	0	67.9802	3051
0	23	0	0	0	0	74.3195	3052
0	23	0	0	0	0	71.7507	3053
0	23	0	0	0	0	77.9611	3054
0	23	0	0	0	0	77.3302	3055
0	23	0	0	0	0	73.8282	3056
0	23	0	0	0	0	78.0201	3057
0	23	0	0	0	0	80.9946	3058
1	23	0	0	0	0	69.8486	3059
1	22	0	0	0	0	68.6941	3060
1	22	0	0	0	0	76.4825	3061
4	22	0	0	0	0	65.1726	3062
4	22	0	0	0	0	71.7486	3063
6	22	0	0	0	0	78.266	3064
6	22	0	0	0	0	66.2893	3065
6	21	0	0	0	0	77.8765	3066
7	21	0	0	0	0	93.5811	3067
7	21	0	0	0	0	87.4287	3068
10	21	0	0	0	0	102.377	3069
10	21	0	0	0	0	109.396	3070
10	21	0	0	0	0	106.918	3071
10	21	0	0	0	0	114.635	3072
11	21	0	0	0	0	92.8262	3073
11	21	0	0	0	0	116.673	3074
11	21	0	0	0	0	111.025	3075
11	21	0	0	0	0	110.311	3076
11	21	0	0	0	0	103.933	3077
11	21	0	0	0	0	105.212	3078
11	20	0	0	0	0	111.103	3079
11	19	0	0	0	0	99.0274	3080
11	19	0	0	0	0	100.508	3081
11	19	0	0	0	0	110.078	3082
11	19	0	0	0	0	105.913	3083
11	19	0	0	0	0	104.778	3084
11	19	0	0	0	0	104.752	3085
11	19	0	0	0	0	103.641	3086
11	19	0	0	0	0	101.809	3087
11	19	0	0	0	0	96.8294	3088
11	19	0	0	0	0	103.166	3089
13	19	0	0	0	0	94.7852	3090
13	20	0	0	0	0	106.845	3091
13	20	0	0	0	0	108.184	3092
13	20	0	0	0	0	116.733	3093
13	20	0	0	0	0	107.114	3094
14	20	0	0	0	0	102.119	3095
14	20	0	0	0	0	112.386	3096
14	19	0	0	0	0	112.354	3097
14	19	0	0	0	0	119.229	3098
14	19	0	0	0	0	113.306	3099
13	19	0	0	0	0	103.207	3100
13	21	0	0	0	0	107.276	3101
13	21	0	0	0	0	107.336	3102
12	20	0	0	0	0	105.349	3103
12	20	0	0	0	0	104.44	3104
12	19	0	0	0	0	98.9708	3105
12	19	0	0	0	0	99.1887	3106
12	19	0	0	0	0	78.6425	3107
13	19	0	0	0	0	79.8954	3108
13	19	0	0	0	0	82.0075	3109
13	19	0	0	0	0	81.4631	3110
12	19	0	0	0	0	80.4435	3111
12	18	0	0	0	0	82.9195	3112
13	18	0	0	0	0	83.7257	3113
11	18	0	0	0	0	78.8391	3114
11	17	0	0	0	0	87.1837	3115
11	17	0	0	0	0	92.9877	3116
10	17	0	0	0	0	84.9214	3117
10	17	0	0	0	0	87.3079	3118
10	17	0	0	0	0	93.6375	3119
11	17	0	0	0	0	95.3277	3120
12	17	0	0	0	0	89.0303	3121
12	17	0	0	0	0	92.1965	3122
12	17	0	0	0	0	93.2599	3123
12	17	0	0	0	0	91.6423	3124
12	17	0	0	0	0	101.491	3125
13	17	0	0	0	0	97.9407	3126
13	17	0	0	0	0	97.3721	3127
13	17	0	0	0	0	106.248	3128
13	17	0	0	0	0	99.704	3129
13	17	0	0	0	0	100.796	3130
13	17	0	0	0	0	101.493	3131
13	17	0	0	0	0	94.3809	3132
13	16	0	0	0	0	101.565	3133
14	16	0	0	0	0	94.4472	3134
13	16	0	0	0	0	94.4051	3135
13	16	0	0	0	0	94.0564	3136
13	16	0	0	0	0	93.2523	3137
14	15	0	0	0	0	87.645	3138
14	15	0	0	0	0	89.8881	3139
14	15	0	0	0	0	82.2906	3140
14	14	0	0	0	0	81.3654	3141
14	13	0	0	0	0	82.8677	3142
14	13	0	0	0	0	76.1578	3143
14	12	0	0	0	0	81.3561	3144
14	11	0	0	0	0	81.7327	3145
14	11	0	0	0	0	82.6883	3146
14	12	0	0	0	0	90.6789	3147
14	12	0	0	0	0	84.5333	3148
14	12	0	0	0	0	82.3194	3149
14	12	0	0	0	0	89.03	3150
14	12	0	0	0	0	81.2484	3151
14	12	0	0	0	0	86.1463	3152
14	12	0	0	0	0	84.6094	3153
14	12	0	0	0	0	81.7151	3154
15	11	0	0	0	0	81.7934	3155
15	11	0	0	0	0	90.1253	3156
15	11	0	0	0	0	84.1796	3157
15	9	0	0	0	0	77.5038	3158
15	9	0	0	0	0	76.6072	3159
15	9	0	0	0	0	77.4861	3160
15	9	0	0	0	0	84.673	3161
15	9	0	0	0	0	67.002	3162
16	10	0	0	0	0	87.0302	3163
16	10	0	0	0	0	90.6739	3164
16	10	0	0	0	0	95.144	3165
16	10	0	0	0	0	92.5917	3166
16	10	0	0	0	0	85.831	3167
16	11	0	0	0	0	88.2353	3168
16	11	0	0	0	0	64.5987	3169
16	11	0	0	0	0	78.8361	3170
16	11	0	0	0	0	96.3085	3171
16	11	0	0	0	0	98.5604	3172
16	11	0	0	0	0	93.41	3173
16	11	0	0	0	0	87.8428	3174
16	11	0	0	0	0	94.8058	3175
16	13	0	0	0	0	97.5802	3176
16	13	0	0	0	0	81.0537	3177
16	13	0	0	0	0	107.257	3178
16	13	0	0	0	0	98.7373	3179
16	13	0	0	0	0	102.871	3180
16	13	0	0	0	0	102.141	3181
17	13	0	0	0	0	108.25	3182
18	13	0	0	0	0	98.8488	3183
18	14	0	0	0	0	108.207	3184
18	14	0	0	0	0	102.536	3185
18	14	0	0	0	0	99.1736	3186
18	13	0	0	0	0	103.623	3187
18	13	0	0	0	0	107.671	3188
17	13	0	0	0	0	91.7086	3189
17	12	0	0	0	0	99.9055	3190
17	12	0	0	0	0	107.04	3191
17	12	0	0	0	0	106.336	3192
17	12	0	0	0	0	108.209	3193
17	12	0	0	0	0	104.166	3194
17	12	0	0	0	0	107.857	3195
17	12	0	0	0	0	101.559	3196
17	12	0	0	0	0	99.4443	3197
17	12	0	0	0	0	104.105	3198
17	12	0	0	0	0	96.9658	3199
17	13	0	0	0	0	104.039	3200
17	13	0	0	0	0	99.4322	3201
18	13	0	0	0	0	107.632	3202
18	12	0	0	0	0	89.0116	3203
19	12	0	0	0	0	107.352	3204
19	12	0	0	0	0	94.8044	3205
19	12	0	0	0	0	111.976	3206
18	12	0	0	0	0	104.278	3207
18	15	0	0	0	0	111.865	3208
18	15	0	0	0	0	119.145	3209
18	15	0	0	0	0	115.389	3210
17	14	0	0	0	0	109.222	3211
18	14	0	0	0	0	103.687	3212
18	14	0	0	0	0	119.534	3213
18	14	0	0	0	0	117.757	3214
18	14	0	0	0	0	118.393	3215
18	14	0	0	0	0	112.887	3216
18	14	0	0	0	0	119.347	3217
18	14	0	0	0	0	103.989	3218
18	14	0	0	0	0	107.915	3219
18	13	0	0	0	0	96.3969	3220
18	14	0	0	0	0	111.486	3221
18	14	0	0	0	0	93.0357	3222
18	15	0	0	0	0	111.052	3223
18	14	0	0	0	0	115.365	3224
18	14	0	0	0	0	111.673	3225
18	14	0	0	0	0	105.791	3226
18	14	0	0	0	0	115.077	3227
18	14	0	0	0	0	115.572	3228
18	14	0	0	0	0	112.667	3229
18	15	0	0	0	0	116.071	3230
17	15	0	0	0	0	109.515	3231
17	15	0	0	0	0	114.034	3232
17	15	0	0	0	0	115.426	3233
17	15	0	0	0	0	109.199	3234
17	15	0	0	0	0	104.598	3235
16	15	0	0	0	0	111.694	3236
16	15	0	0	0	0	115.552	3237
16	15	0	0	0	0	111.648	3238
16	16	0	0	0	0	96.217	3239
15	16	0	0	0	0	94.1568	3240
14	16	0	0	0	0	91.544	3241
14	16	0	0	0	0	97.639	3242
14	16	0	0	0	0	94.8716	3243
14	17	0	0	0	0	99.0781	3244
12	17	0	0	0	0	98.932	3245
12	18	0	0	0	0	108.209	3246
12	18	0	0	0	0	106.587	3247
12	18	0	0	0	0	107.872	3248
11	19	0	0	0	0	107.448	3249
11	19	0	0	0	0	100.644	3250
11	19	0	0	0	0	97.9822	3251
11	19	0	0	0	0	97.5134	3252
11	19	0	0	0	0	97.6836	3253
11	19	0	0	0	0	92.2504	3254
9	19	0	0	0	0	92.8063	3255
9	20	0	0	0	0	92.2471	3256
7	20	0	0	0	0	87.261	3257
6	20	0	0	0	0	81.7115	3258
6	20	0	0	0	0	93.7629	3259
6	20	0	0	0	0	89.0884	3260
6	20	0	0	0	0	92.1474	3261
6	20	0	0	0	0	91.5638	3262
5	20	0	0	0	0	79.9334	3263
5	20	0	0	0	0	79.6989	3264
5	19	0	0	0	0	80.9357	3265
5	19	0	0	0	0	80.7423	3266
6	19	0	0	0	0	77.4764	3267
6	19	0	0	0	0	74.481	3268
7	19	0	0	0	0	82.8613	3269
7	19	0	0	0	0	85.4456	3270
7	20	0	0	0	0	84.0742	3271
6	20	0	0	0	0	82.4294	3272
6	20	0	0	0	0	80.3	3273
7	20	0	0	0	0	91.0301	3274
7	20	0	0	0	0	88.7452	3275
7	20	0	0	0	0	93.4022	3276
8	20	0	0	0	0	89.3339	3277
8	20	0	0	0	0	91.5897	3278
8	20	0	0	0	0	89.3339	3279
8	20	0	0	0	0	98.0133	3280
8	20	0	0	0	0	99.394	3281
8	20	0	0	0	0	87.4791	3282
8	20	0	0	0	0	75.4614	3283
8	20	0	0	0	0	95.5409	3284
8	20	0	0	0	0	94.0203	3285
8	20	0	0	0	0	96.9878	3286
8	21	0	0	0	0	102.599	3287
9	22	0	0	0	0	94.1926	3288
9	22	0	0	0	0	87.1273	3289
9	22	0	0	0	0	90.8312	3290
9	22	0	0	0	0	96.001	3291
9	21	0	0	0	0	96.5553	3292
9	21	0	0	0	0	100.795	3293
9	20	0	0	0	0	80.4267	3294
9	20	0	0	0	0	89.8896	3295
7	20	0	0	0	0	92.7336	3296
7	19	0	0	0	0	80.9445	3297
7	19	0	0	0	0	82.506	3298
7	19	0	0	0	0	88.0815	3299
7	19	0	0	0	0	89.3487	3300
7	19	0	0	0	0	82.8887	3301
7	19	0	0	0	0	73.1055	3302
7	19	0	0	0	0	68.1274	3303
8	19	0	0	0	0	73.0531	3304
8	19	0	0	0	0	72.417	3305
8	19	0	0	0	0	73.025	3306
8	19	0	0	0	0	69.7003	3307
8	18	0	0	0	0	63.0018	3308
8	18	0	0	0	0	75.1765	3309
8	19	0	0	0	0	68.5445	3310
8	19	0	0	0	0	72.5804	3311
8	19	0	0	0	0	72.5532	3312
9	18	0	0	0	0	74.1602	3313
9	17	0	0	0	0	66.017	3314
9	17	0	0	0	0	77.066	3315
10	17	0	0	0	0	73.5743	3316
10	17	0	0	0	0	66.1143	3317
10	16	0	0	0	0	75.1633	3318
10	16	0	0	0	0	68.4048	3319
10	16	0	0	0	0	73.6301	3320
10	16	0	0	0	0	70.2867	3321
10	16	0	0	0	0	79.3651	3322
10	16	0	0	0	0	90.444	3323
10	16	0	0	0	0	79.0728	3324
10	16	0	0	0	0	79.1054	3325
10	14	0	0	0	0	87.8095	3326
10	14	0	0	0	0	77.9449	3327
10	14	0	0	0	0	76.6379	3328
11	14	0	0	0	0	78.1615	3329
11	14	0	0	0	0	82.41	3330
11	14	0	0	0	0	83.0772	3331
11	14	0	0	0	0	77.663	3332
11	14	0	0	0	0	81.989	3333
11	13	0	0	0	0	82.41	3334
11	13	0	0	0	0	81.3613	3335
11	13	0	0	0	0	81.0579	3336
11	13	0	0	0	0	79.0562	3337
11	13	0	0	0	0	74.5663	3338
11	13	0	0	0	0	79.0963	3339
11	13	0	0	0	0	81.6243	3340
11	15	0	0	0	0	78.5348	3341
11	16	0	0	0	0	89.6528	3342
11	16	0	0	0	0	92.7964	3343
11	17	0	0	0	0	90.1151	3344
11	17	0	0	0	0	93.4455	3345
11	17	0	0	0	0	88.5828	3346
11	17	0	0	0	0	89.2357	3347
11	17	0	0	0	0	84.877	3348
11	17	0	0	0	0	83.622	3349
11	16	0	0	0	0	87.895	3350
9	16	0	0	0	0	85.4233	3351
9	16	0	0	0	0	85.1056	3352
8	16	0	0	0	0	73.9821	3353
7	16	0	0	0	0	72.7774	3354
7	16	0	0	0	0	70.9779	3355
7	16	0	0	0	0	81.8558	3356
7	16	0	0	0	0	66.0124	3357
7	15	0	0	0	0	66.5065	3358
7	15	0	0	0	0	73.7743	3359
7	15	0	0	0	0	74.7103	3360
7	15	0	0	0	0	77.043	3361
7	15	0	0	0	0	69.0868	3362
7	15	0	0	0	0	70.5836	3363
7	15	0	0	0	0	76.1553	3364
7	15	0	0	0	0	71.2136	3365
8	15	0	0	0	0	74.6958	3366
8	15	0	0	0	0	67.8865	3367
8	15	0	0	0	0	70.0399	3368
9	15	0	0	0	0	72.1832	3369
9	15	0	0	0	0	69.804	3370
9	14	0	0	0	0	81.5952	3371
9	14	0	0	0	0	70.0306	3372
9	14	0	0	0	0	78.4023	3373
9	14	0	0	0	0	71.6744	3374
9	14	0	0	0	0	81.4001	3375
9	14	0	0	0	0	76.165	3376
9	14	0	0	0	0	70.8353	3377
9	14	0	0	0	0	76.6523	3378
8	14	0	0	0	0	70.9871	3379
8	13	0	0	0	0	69.4672	3380
8	13	0	0	0	0	67.7433	3381
8	14	0	0	0	0	70.9375	3382
8	13	0	0	0	0	62.382	3383
8	13	0	0	0	0	58.4367	3384
8	13	0	0	0	0	63.2723	3385
8	13	0	0	0	0	64.439	3386
8	13	0	0	0	0	70.8009	3387
8	13	0	0	0	0	62.2439	3388
8	12	0	0	0	0	57.1311	3389
8	12	0	0	0	0	53.8569	3390
8	12	0	0	0	0	61.1318	3391
8	12	0	0	0	0	57.0271	3392
8	12	0	0	0	0	58.4669	3393
8	11	0	0	0	0	56.687	3394
8	11	0	0	0	0	62.1854	3395
8	10	0	0	0	0	59.1954	3396
8	10	0	0	0	0	64.4485	3397
8	10	0	0	0	0	56.1846	3398
8	9	0	0	0	0	53.3624	3399
8	9	0	0	0	0	54.8657	3400
8	9	0	0	0	0	49.3339	3401
8	9	0	0	0	0	57.2256	3402
8	9	0	0	0	0	55.5846	3403
8	9	0	0	0	0	48.9207	3404
8	9	0	0	0	0	56.7475	3405
8	9	0	0	0	0	49.8701	3406
8	9	0	0	0	0	56.5302	3407
8	9	0	0	0	0	53.239	3408
8	9	0	0	0	0	49.3469	3409
8	8	0	0	0	0	50.5538	3410
8	8	0	0	0	0	49.4088	3411
8	7	0	0	0	0	42.9088	3412
8	7	0	0	0	0	42.3236	3413
8	7	0	0	0	0	41.6005	3414
8	7	0	0	0	0	39.1711	3415
6	7	0	0	0	0	38.3263	3416
5	7	0	0	0	0	36.014	3417
5	7	0	0	0	0	35.1387	3418
5	6	0	0	0	0	28.9397	3419
5	5	0	0	0	0	27.5208	3420
5	5	0	0	0	0	23.4268	3421
5	4	0	0	0	0	21.1995	3422
5	2	0	0	0	0	18.948	3423
5	2	0	0	0	0	11.9216	3424
5	0	0	0	0	0	10.3715	3425
5	0	0	0	0	0	11.9216	3426
5	0	0	0	0	0	13.1533	3427
5	0	0	0	0	0	11.5414	3428
5	0	0	0	0	0	11.4437	3429
5	0	0	0	0	0	9.79178	3430
5	0	0	0	0	0	11.2196	3431
5	0	0	0	0	0	11.2196	3432
5	0	0	0	0	0	11.2561	3433
5	0	0	0	0	0	1.32198	3434
2	0	0	0	0	0	0.796277	3435
2	0	0	0	0	0	0.904885	3436
2	0	0	0	0	0	0.725679	3437
2	0	0	0	0	0	0.740541	3438
2	0	0	0	0	0	0.581295	3439
2	0	0	0	0	0	-2.99954	3440
2	0	0	0	0	0	-2.99954	3441
1	0	0	0	0	0	-4.3494	3442
1	0	0	0	0	0	-3.05894	3443
1	0	0	0	0	0	-2.99954	3444
1	0	0	0	0	0	-2.73774	3445
1	0	0	0	0	0	-2.99954	3446
1	0	0	0	0	0	-2.7306	3447
1	0	0	0	0	0	-2.7306	3448
1	0	0	0	0	0	-3.19286	3449
1	0	0	0	0	0	-3.29869	3450
1	0	0	0	0	0	-3.43441	3451
1	0	0	0	0	0	-3.43441	3452
1	0	0	0	0	0	nan	3453
