unique_top_cov	unique_bot_cov	redundant_top_cov	redundant_bot_cov	raw_redundant_top_cov	raw_redundant_bot_cov	e_value	position
0	0	0	0	0	0	nan	1
0	0	0	0	0	0	nan	2
0	0	0	0	0	0	nan	3
0	0	0	0	0	0	nan	4
0	0	0	0	0	0	nan	5
0	0	0	0	0	0	nan	6
0	0	0	0	0	0	nan	7
0	0	0	0	0	0	nan	8
0	0	0	0	0	0	nan	9
0	0	0	0	0	0	nan	10
0	0	0	0	0	0	nan	11
0	0	0	0	0	0	nan	12
0	0	0	0	0	0	nan	13
0	0	0	0	0	0	nan	14
0	0	0	0	0	0	nan	15
0	0	0	0	0	0	nan	16
0	0	0	0	0	0	nan	17
0	0	0	0	0	0	nan	18
0	0	0	0	0	0	nan	19
0	0	0	0	0	0	nan	20
0	0	0	0	0	0	nan	21
0	0	0	0	0	0	nan	22
0	0	0	0	0	0	nan	23
0	0	0	0	0	0	nan	24
0	0	0	0	0	0	nan	25
0	0	0	0	0	0	nan	26
0	0	0	0	0	0	nan	27
0	0	0	0	0	0	nan	28
0	0	0	0	0	0	nan	29
0	0	0	0	0	0	nan	30
0	0	0	0	0	0	nan	31
0	0	0	0	0	0	nan	32
0	0	0	0	0	0	nan	33
7	2	0	0	0	0	27.2741	34
7	2	0	0	0	0	24.4119	35
7	2	0	0	0	0	28.9329	36
7	2	0	0	0	0	27.3219	37
7	2	0	0	0	0	25.4333	38
7	2	0	0	0	0	26.0535	39
7	2	0	0	0	0	25.6168	40
7	2	0	0	0	0	22.6674	41
7	2	0	0	0	0	25.409	42
7	2	0	0	0	0	29.0172	43
7	2	0	0	0	0	28.124	44
7	2	0	0	0	0	20.3364	45
7	2	0	0	0	0	25.6168	46
7	2	0	0	0	0	28.3323	47
7	3	0	0	0	0	27.5454	48
7	3	0	0	0	0	30.4852	49
7	3	0	0	0	0	28.8811	50
7	3	0	0	0	0	31.4147	51
7	3	0	0	0	0	29.9919	52
7	3	0	0	0	0	31.5304	53
7	3	0	0	0	0	23.8036	54
7	3	0	0	0	0	33.2276	55
8	3	0	0	0	0	29.408	56
8	3	0	0	0	0	36.8555	57
8	3	0	0	0	0	33.33	58
8	3	0	0	0	0	34.0275	59
8	3	0	0	0	0	30.2177	60
8	3	0	0	0	0	35.2446	61
8	3	0	0	0	0	32.1435	62
8	3	0	0	0	0	36.0823	63
8	3	0	0	0	0	26.3363	64
8	3	0	0	0	0	31.2678	65
8	3	0	0	0	0	33.4173	66
8	3	0	0	0	0	33.4173	67
8	3	0	0	0	0	36.2556	68
8	3	0	0	0	0	34.2994	69
8	3	0	0	0	0	33.1746	70
8	3	0	0	0	0	34.3327	71
8	3	0	0	0	0	36.9022	72
8	3	0	0	0	0	28.0481	73
8	3	0	0	0	0	32.9565	74
9	3	0	0	0	0	36.7889	75
9	3	0	0	0	0	36.0568	76
9	3	0	0	0	0	39.214	77
9	3	0	0	0	0	39.1715	78
9	3	0	0	0	0	29.8848	79
7	3	0	0	0	0	28.575	80
7	3	0	0	0	0	31.6733	81
7	3	0	0	0	0	31.0664	82
9	3	0	0	0	0	31.4028	83
9	3	0	0	0	0	28.7289	84
10	3	0	0	0	0	27.3569	85
10	3	0	0	0	0	27.1506	86
10	3	0	0	0	0	26.4153	87
10	3	0	0	0	0	34.9733	88
10	3	0	0	0	0	35.0777	89
10	3	0	0	0	0	33.0979	90
10	4	0	0	0	0	25.5707	91
10	4	0.333333	0	1	0	31.4999	92
10	4	0.333333	0	1	0	39.7268	93
10	5	1	0	3	0	40.1077	94
10	5	1	0	3	0	10.1727	95
10	5	1	0	3	0	36.7022	96
10	5	1	0	3	0	36.0706	97
9	5	1	0	3	0	35.2396	98
9	5	1	0	3	0	39.8961	99
9	4	1	0	3	0	39.4135	100
9	4	1	0	3	0	41.7022	101
9	4	1	0	3	0	40.0497	102
9	4	1	0	3	0	36.4381	103
9	4	1.33333	0	4	0	41.77	104
9	4	1.33333	0	4	0	38.7007	105
9	4	1.33333	0	4	0	41.8278	106
9	4	1.33333	0	4	0	40.1688	107
9	4	1.33333	0	4	0	40.0133	108
9	4	1.33333	0	4	0	37.3553	109
9	4	1.33333	0	4	0	26.754	110
9	4	1.66667	0	5	0	40.9389	111
9	4	1.66667	0	5	0	41.2954	112
9	4	1.66667	0	5	0	37.3874	113
9	4	1.66667	0	5	0	31.2591	114
10	5	1.66667	0	5	0	41.6478	115
10	5	1.66667	0	5	0	39.9577	116
10	5	1.66667	0	5	0	45.6491	117
10	5	1.66667	0	5	0	44.6772	118
10	5	1.66667	0	5	0	42.9582	119
10	5	1.66667	0	5	0	39.3972	120
10	4	1.66667	0	5	0	38.0749	121
10	4	1.66667	0	5	0	37.4085	122
10	4	1.66667	0	5	0	37.0782	123
10	4	1.66667	0	5	0	33.8275	124
11	4	1.66667	0	5	0	37.2913	125
11	4	1.66667	0	5	0	37.064	126
10	4	1.66667	0	5	0	35.1123	127
10	4	1.66667	0	5	0	41.8302	128
10	4	1.66667	0	5	0	39.7702	129
10	4	1.66667	0	5	0	36.7601	130
10	4	1.33333	0	4	0	31.5871	131
11	4	1.33333	0	4	0	36.9576	132
12	4	1.33333	0	4	0	32.2154	133
9	4	1.33333	0	4	0	34.7305	134
9	4	1.33333	0	4	0	32.602	135
10	4	1.33333	0	4	0	30.391	136
10	4	1.33333	0	4	0	37.2409	137
11	4	1.33333	0	4	0	36.0657	138
11	4	1.33333	0	4	0	34.6226	139
11	4	1.33333	0	4	0	38.9599	140
11	4	1.33333	0	4	0	35.8996	141
11	4	1.33333	0	4	0	36.1691	142
11	4	1.33333	0	4	0	35.0231	143
11	4	1.33333	0	4	0	35.6897	144
10	5	1.33333	0	4	0	34.5211	145
10	5	1.33333	0	4	0	37.8583	146
10	5	1.33333	0	4	0	36.732	147
10	5	1.33333	0	4	0	37.2491	148
10	5	1.33333	0	4	0	37.3682	149
10	5	1.33333	0	4	0	41.3793	150
10	5	1	0	3	0	34.7671	151
10	5	1	0	3	0	41.1421	152
10	5	1	0	3	0	39.6531	153
10	5	1	0	3	0	38.2472	154
10	5	1	0	3	0	40.5017	155
10	5	1	0	3	0	35.7485	156
10	5	1	0	3	0	41.9574	157
10	5	1	0	3	0	38.54	158
10	4	1	0	3	0	36.5157	159
10	4	0.666667	0	2	0	34.9329	160
10	4	0.666667	0	2	0	32.8522	161
10	4	0.666667	0	2	0	33.5661	162
10	4	0.666667	0	2	0	30.8469	163
10	4	0.666667	0	2	0	30.1201	164
9	4	0	0	0	0	30.3294	165
8	4	0	0	0	0	29.8374	166
8	4	0	0	0	0	26.2498	167
8	4	0	0	0	0	26.0104	168
8	4	0	0	0	0	23.0473	169
8	4	0	0	0	0	26.0248	170
8	4	0	0	0	0	26.0271	171
7	4	0	0	0	0	25.8615	172
7	4	0	0	0	0	25.9538	173
7	4	0	0	0	0	26.0271	174
7	4	0	0	0	0	25.2621	175
7	4	0	0	0	0	24.6018	176
7	4	0	0	0	0	0.0163004	177
7	4	0	0	0	0	-0.253688	178
7	4	0	0	0	0	25.8943	179
7	4	0	0	0	0	26.3959	180
7	4	0	0	0	0	-0.126268	181
7	4	0	0	0	0	24.9176	182
7	4	0	0	0	0	25.9084	183
7	4	0	0	0	0	25.8906	184
8	4	0	0	0	0	25.8185	185
8	4	0	0	0	0	30.9007	186
8	4	0	0	0	0	27.9204	187
8	4	0	0	0	0	25.8103	188
8	4	0	0	0	0	30.8807	189
8	4	0	0	0	0	29.7667	190
8	4	0	0	0	0	29.7048	191
9	4	0	0	0	0	30.9399	192
9	4	0	0	0	0	28.4699	193
9	4	0	0	0	0	34.5475	194
9	4	0	0	0	0	33.0403	195
9	4	0	0	0	0	33.0476	196
9	5	0	0	0	0	30.5832	197
9	6	0	0	0	0	36.5919	198
9	6	0	0	0	0	28.8269	199
9	5	0	0	0	0	33.2994	200
9	5	0	0	0	0	36.04	201
9	5	0	0	0	0	35.5565	202
9	5	0	0	0	0	30.3447	203
9	5	0	0	0	0	32.8024	204
9	5	0	0	0	0	38.8457	205
9	5	0	0	0	0	35.8464	206
9	5	0	0	0	0	37.4462	207
9	5	0	0	0	0	38.6244	208
9	5	0	0	0	0	38.0551	209
9	5	0	0	0	0	38.7163	210
9	5	0	0	0	0	32.0109	211
9	5	0	0	0	0	37.2727	212
9	5	0	0	0	0	34.9661	213
9	6	0	0	0	0	37.86	214
9	6	0	0	0	0	38.7785	215
9	6	0	0	0	0	37.4139	216
10	6	0	0	0	0	36.976	217
10	6	0	0	0	0	45.1162	218
10	6	0	0	0	0	44.5173	219
9	6	0	0	0	0	37.2428	220
9	6	0	0	0	0	41.6596	221
9	6	0	0	0	0	44.3224	222
9	6	0	0	0	0	44.907	223
9	6	0	0	0	0	31.07	224
9	5	0	0	0	0	34.6157	225
9	5	0	0	0	0	34.9547	226
9	5	0	0	0	0	38.8625	227
9	5	0	0	0	0	37.4769	228
8	5	0	0	0	0	33.8844	229
8	5	0	0	0	0	34.5136	230
8	5	0	0	0	0	34.6182	231
7	5	0	0	0	0	28.9515	232
6	5	0	0	0	0	32.4711	233
6	5	0	0	0	0	23.7466	234
4	5	0	0	0	0	17.5262	235
4	6	0	0	0	0	22.7962	236
4	6	0	0	0	0	19.3111	237
4	5	0	0	0	0	14.7432	238
4	5	0	0	0	0	15.1212	239
2	5	0	0	0	0	17.1882	240
1	5	0	0	0	0	16.2992	241
1	5	0	0	0	0	15.9011	242
1	6	0	0	0	0	13.1795	243
1	5	0	0	0	0	17.1882	244
1	5	0	0	0	0	8.50426	245
1	5	0	0	0	0	16.9189	246
1	5	0	0	0	0	16.2425	247
1	5	0	0	0	0	17.0963	248
1	5	0	0	0	0	17.3751	249
1	5	0	0	0	0	16.1067	250
1	5	0	0	0	0	12.7619	251
1	5	0	0	0	0	17.3751	252
1	5	0	0	0	0	16.0407	253
1	5	0	0	0	0	13.7379	254
1	5	0	0	0	0	17.1882	255
1	5	0	0	0	0	16.6796	256
1	5	0	0	0	0	17.1882	257
1	5	0	0	0	0	16.2069	258
1	5	0	0	0	0	15.7676	259
1	5	0	0	0	0	13.9523	260
1	5	0	0	0	0	13.371	261
1	5	0	0	0	0	16.2425	262
1	5	0	0	0	0	16.2992	263
1	5	0	0	0	0	16.1067	264
1	5	0	0	0	0	15.7676	265
1	5	0	0	0	0	15.9774	266
1	5	0	0	0	0	13.8944	267
2	5	0	0	0	0	14.6616	268
2	5	0	0	0	0	17.1641	269
2	5	0	0	0	0	11.1986	270
2	5	0	0	0	0	17.1641	271
2	5	0	0	0	0	20.3987	272
2	5	0	0	0	0	18.4754	273
2	5	0	0	0	0	19.9206	274
2	6	0	0	0	0	20.9086	275
2	6	0	0	0	0	17.7827	276
2	5	0	0	0	0	19.1812	277
2	5	0	0	0	0	19.3633	278
2	5	0	0	0	0	21.1645	279
2	5	0	0	0	0	20.3133	280
2	5	0	0	0	0	19.8416	281
2	5	0	0	0	0	21.1873	282
2	5	0	0	0	0	14.9835	283
2	5	0	0	0	0	21.1995	284
2	5	0	0	0	0	15.4868	285
2	4	0	0	0	0	16.2014	286
2	4	0	0	0	0	7.44509	287
2	4	0	0	0	0	16.1632	288
2	4	0	0	0	0	15.5924	289
2	4	0	0	0	0	17.333	290
2	4	0	0	0	0	16.2014	291
2	4	0	0	0	0	14.9372	292
2	4	0	0	0	0	13.0916	293
2	4	0	0	0	0	16.1619	294
2	4	0	0	0	0	13.3827	295
2	4	0	0	0	0	13.1278	296
1	4	0	0	0	0	7.83457	297
1	4	0	0	0	0	13.1278	298
1	4	0	0	0	0	9.84847	299
1	4	0	0	0	0	11.8148	300
1	4	0	0	0	0	13.2594	301
1	4	0	0	0	0	7.8117	302
1	4	0	0	0	0	2.00907	303
1	2	0	0	0	0	3.60164	304
1	2	0	0	0	0	3.60164	305
1	3	0	0	0	0	5.34278	306
1	3	0	0	0	0	7.59192	307
1	3	0	0	0	0	8.48347	308
1	3	0	0	0	0	8.44072	309
1	3	0	0	0	0	8.35181	310
1	3	0	0	0	0	5.90341	311
1	3	0	0	0	0	8.602	312
1	3	0	0	0	0	8.34253	313
1	3	0	0	0	0	8.602	314
1	3	0	0	0	0	6.72768	315
1	3	0	0	0	0	9.15497	316
1	3	0	0	0	0	5.37328	317
1	3	0	0	0	0	3.17569	318
1	3	0	0	0	0	5.37328	319
1	2	0	0	0	0	4.49247	320
1	3	0	0	0	0	4.53248	321
1	3	0	0	0	0	5.95861	322
1	3	0	0	0	0	7.36029	323
1	3	0	0	0	0	8.16525	324
1	3	0	0	0	0	8.48347	325
1	3	0	0	0	0	7.47526	326
1	3	0	0	0	0	8.50364	327
1	3	0	0	0	0	6.51448	328
1	3	0	0	0	0	8.79003	329
1	3	0	0	0	0	8.08482	330
1	3	0	0	0	0	9.05329	331
1	3	0	0	0	0	9.15779	332
1	3	0	0	0	0	6.0541	333
1	3	0	0	0	0	4.78581	334
0	3	0	0	0	0	4.17007	335
0	3	0	0	0	0	1.32198	336
0	3	0	0	0	0	1.32198	337
0	2	0	0	0	0	0.958214	338
0	2	0	0	0	0	-0.671032	339
0	2	0	0	0	0	1.32198	340
0	2	0	0	0	0	1.35686	341
0	2	0	0	0	0	-1.30823	342
1	2	0	0	0	0	0.796277	343
3	2	0	0	0	0	0.904885	344
3	2	0	0	0	0	0.796277	345
3	2	0	0	0	0	9.24453	346
4	2	0	0	0	0	10.3987	347
4	2	0	0	0	0	12.3267	348
4	2	0	0	0	0	10.3987	349
4	2	0	0	0	0	9.28157	350
4	2	0	0	0	0	10.3987	351
4	2	0	0	0	0	14.5994	352
4	2	0	0	0	0	14.6932	353
4	2	0	0	0	0	12.8456	354
4	2	0	0	0	0	15.719	355
4	2	0	0	0	0	14.5994	356
4	2	0	0	0	0	14.662	357
4	2	0	0	0	0	11.7194	358
4	2	0	0	0	0	12.7799	359
4	2	0	0	0	0	14.1984	360
4	3	0	0	0	0	13.8412	361
4	3	0	0	0	0	15.5065	362
4	3	0	0	0	0	7.27445	363
4	3	0	0	0	0	16.4291	364
4	3	0	0	0	0	16.54	365
4	3	0	0	0	0	17.2368	366
4	3	0	0	0	0	19.0931	367
4	3	0	0	0	0	17.8933	368
4	3	0	0	0	0	12.9327	369
4	3	0	0	0	0	18.3581	370
4	3	0	0	0	0	14.6639	371
4	3	0	0	0	0	19.0929	372
4	3	0	0	0	0	16.8318	373
4	3	0	0	0	0	18.6657	374
4	3	0	0	0	0	19.5955	375
4	3	0	0	0	0	16.1756	376
4	3	0	0	0	0	18.5361	377
4	3	0	0	0	0	16.2136	378
4	3	0	0	0	0	18.8381	379
4	3	0	0	0	0	19.6088	380
4	3	0	0	0	0	18.2867	381
4	3	0	0	0	0	9.27478	382
4	4	0	0	0	0	19.5322	383
4	4	0	0	0	0	19.6699	384
4	4	0	0	0	0	20.0319	385
4	4	0	0	0	0	23.3063	386
4	4	0	0	0	0	19.5988	387
4	4	0	0	0	0	17.4452	388
4	4	0	0	0	0	23.1036	389
4	4	0	0	0	0	22.9829	390
4	4	0	0	0	0	23.4026	391
4	4	0	0	0	0	21.4129	392
4	4	0	0	0	0	23.4026	393
4	4	0	0	0	0	8.788	394
3	4	0	0	0	0	16.5363	395
3	4	0	0	0	0	18.387	396
3	5	0	0	0	0	13.4058	397
3	5	0	0	0	0	18.9059	398
3	5	0	0	0	0	18.3732	399
3	5	0	0	0	0	19.5062	400
3	5	0	0	0	0	15.5742	401
3	5	0	0.5	0	1	18.1135	402
3	5	0	0.5	0	1	23.1842	403
3	5	0	0.5	0	1	21.4815	404
3	5	0	0.5	0	1	19.5257	405
2	5	0	0.5	0	1	10.9868	406
2	5	0	0.5	0	1	16.7104	407
2	5	0	0.5	0	1	19.4296	408
2	5	0	0.5	0	1	16.5927	409
2	5	0	0.5	0	1	17.8459	410
2	5	0	0.5	0	1	17.4449	411
2	5	0	0.5	0	1	17.9765	412
2	5	0	0.5	0	1	17.6482	413
2	5	0	0.5	0	1	17.711	414
2	5	0	0.5	0	1	18.5873	415
2	5	0	0.5	0	1	17.7336	416
2	5	0	0.5	0	1	18.4047	417
2	5	0	0.5	0	1	16.1025	418
2	5	0	0.5	0	1	19.2226	419
2	5	0	0.5	0	1	18.4047	420
2	5	0	0.5	0	1	18.5939	421
2	5	0	0.5	0	1	11.761	422
2	5	0	0.5	0	1	19.1297	423
2	5	0	0.5	0	1	16.9901	424
2	5	0	0.5	0	1	16.9381	425
2	5	0	0.5	0	1	12.5121	426
1	5	0	0.5	0	1	17.0533	427
1	5	0	0.5	0	1	13.6425	428
1	5	0	0.5	0	1	15.5383	429
1	5	0	0.5	0	1	14.43	430
1	5	0	0.5	0	1	13.3721	431
1	5	0	0.5	0	1	12.0236	432
1	4	0	0.5	0	1	12.7288	433
1	4	0	0.5	0	1	10.9234	434
1	4	0	0.5	0	1	12.1134	435
1	4	0	0.5	0	1	9.71391	436
1	4	0	0.5	0	1	10.5247	437
1	4	0	0	0	0	12.7288	438
1	4	0	0	0	0	7.36029	439
1	3	0	0	0	0	9.0401	440
1	3	0	0	0	0	0.996085	441
1	3	0	0	0	0	8.16525	442
1	3	0	0	0	0	6.72768	443
1	3	0	0	0	0	7.36029	444
1	3	0	0	0	0	8.33772	445
1	3	0	0	0	0	5.41536	446
1	3	0	0	0	0	9.15497	447
1	3	0	0	0	0	8.39379	448
1	3	0	0	0	0	6.0556	449
1	3	0	0	0	0	9.0401	450
1	3	0	0	0	0	8.01895	451
1	3	0	0	0	0	8.1668	452
1	3	0	0	0	0	7.93533	453
1	3	0	0	0	0	0.62353	454
1	3	0	0	0	0	0.85157	455
1	1	0	0	0	0	0.85157	456
1	1	0	0	0	0	0.85157	457
1	1	0	0	0	0	0.85157	458
1	1	0	0	0	0	0.85157	459
1	1	0	0	0	0	1.34239	460
1	1	0	0	0	0	0.92851	461
1	1	0	0	0	0	0.682698	462
1	1	0	0	0	0	0.92851	463
1	1	0	0	0	0	0.781723	464
1	1	0	0	0	0	0.85157	465
1	1	0	0	0	0	1.34239	466
1	1	0	0	0	0	0.85157	467
1	1	0	0	0	0	0.85157	468
1	1	0	0	0	0	1.34239	469
1	1	0	0	0	0	-1.88247	470
1	1	0	0	0	0	0.92851	471
1	1	0	0	0	0	-3.22943	472
1	1	0	0	0	0	-2.7306	473
1	1	0	0	0	0	-2.7306	474
0	1	0	0	0	0	-5.24333	475
0	1	0	0	0	0	-3.05894	476
0	1	0	0	0	0	-3.05894	477
0	1	0	0	0	0	-2.73774	478
0	1	0	0	0	0	nan	479
0	0	0	0	0	0	nan	480
0	0	0	0	0	0	nan	481
0	0	0	0	0	0	nan	482
0	0	0	0	0	0	nan	483
0	0	0	0	0	0	nan	484
0	0	0	0	0	0	nan	485
0	0	0	0	0	0	nan	486
0	0	0	0	0	0	nan	487
0	0	0	0	0	0	nan	488
0	0	0	0	0	0	nan	489
0	0	0	0	0	0	nan	490
0	0	0	0	0	0	nan	491
