unique_top_cov	unique_bot_cov	redundant_top_cov	redundant_bot_cov	raw_redundant_top_cov	raw_redundant_bot_cov	e_value	position
2	0	0	0.333333	0	1	nan	1
2	0	0	0.333333	0	1	0.904885	2
2	0	0	0.333333	0	1	0.796277	3
2	0	0	0.333333	0	1	0.372385	4
2	0	0	0.333333	0	1	1.32198	5
2	0	0	0.333333	0	1	0.570686	6
2	0	0	0.333333	0	1	0.725679	7
2	0	0	0.333333	0	1	1.32198	8
3	0	0	0.333333	0	1	-1.30823	9
3	0	0	0.333333	0	1	-1.75717	10
3	0	0	0.333333	0	1	0.499848	11
3	0	0	0.333333	0	1	3.29992	12
3	0	0	0.333333	0	1	4.56346	13
3	0	0	0.333333	0	1	4.70973	14
3	0	0	0.333333	0	1	3.99074	15
3	0	0	0.333333	0	1	4.56346	16
3	0	0	0.333333	0	1	4.70973	17
4	0	0	0.333333	0	1	2.16491	18
4	0	0	0.333333	0	1	2.0822	19
4	0	0	0.333333	0	1	8.49466	20
4	0	0	0.333333	0	1	5.90538	21
4	0	0.333333	0.333333	1	1	8.11889	22
4	0	0.333333	0.333333	1	1	8.16118	23
4	1	0.333333	0.333333	1	1	1.32415	24
5	1	0.333333	0.333333	1	1	9.47446	25
5	1	0.333333	0.333333	1	1	13.586	26
5	2	0.333333	0.333333	1	1	14.8437	27
5	2	0.333333	0.333333	1	1	19.9603	28
5	3	0.333333	0.333333	1	1	17.7587	29
5	3	0.333333	0.333333	1	1	20.0522	30
5	3	0.333333	0.333333	1	1	22.615	31
5	3	0.333333	0.333333	1	1	22.0983	32
5	3	0.333333	0.333333	1	1	23.404	33
5	3	0.333333	0.333333	1	1	17.352	34
5	3	0.333333	0.333333	1	1	19.3178	35
5	3	0.333333	0.333333	1	1	23.8123	36
5	3	0.333333	0.333333	1	1	24.0812	37
5	3	0.333333	0.333333	1	1	24.6786	38
5	3	0.333333	0.333333	1	1	23.7154	39
5	3	0.333333	0.333333	1	1	23.7133	40
5	3	0.333333	0.333333	1	1	24.7291	41
5	3	0.333333	0.333333	1	1	23.7085	42
5	3	0.333333	0.333333	1	1	18.3599	43
5	3	0.333333	0.333333	1	1	16.3658	44
5	3	0.333333	0.333333	1	1	20.9671	45
5	3	0.333333	0.333333	1	1	23.8056	46
5	3	0.333333	0.333333	1	1	25.0772	47
5	3	0.333333	0.333333	1	1	23.8056	48
5	3	0.333333	0.333333	1	1	23.176	49
5	3	0.333333	0.333333	1	1	21.9706	50
5	3	0.333333	0.333333	1	1	25.069	51
5	4	0.333333	0.333333	1	1	18.9121	52
5	4	0.333333	0.333333	1	1	25.069	53
6	4	0.333333	0.333333	1	1	21.2089	54
6	4	0.333333	0.333333	1	1	23.5541	55
6	4	0.333333	0.333333	1	1	27.2223	56
6	4	0.333333	0.333333	1	1	32.3868	57
6	4	0.333333	0.333333	1	1	23.782	58
6	4	0.333333	0.333333	1	1	31.518	59
6	4	0.333333	0.333333	1	1	30.3769	60
6	4	0.333333	0.333333	1	1	28.7357	61
6	4	0.333333	0.333333	1	1	29.3796	62
6	4	0.333333	0.333333	1	1	32.5075	63
6	4	0.333333	0.333333	1	1	26.6372	64
6	4	0.333333	0.333333	1	1	33.0041	65
6	4	0	0.333333	0	1	32.4055	66
7	4	0	0.333333	0	1	31.2839	67
7	4	0	0.333333	0	1	29.2977	68
7	4	0	0.333333	0	1	29.9066	69
7	4	0	0.333333	0	1	31.3544	70
7	4	0	0.333333	0	1	36.7832	71
7	4	0	0.333333	0	1	34.7722	72
7	4	0	0	0	0	32.8283	73
8	4	0	0	0	0	29.9	74
8	4	0	0	0	0	33.6053	75
8	4	0	0	0	0	35.1176	76
8	4	0	0	0	0	33.8031	77
8	6	0	0	0	0	37.0683	78
8	7	0	0	0	0	39.4126	79
8	7	0	0	0	0	44.5817	80
8	7	0	0	0	0	41.6162	81
8	7	0	0	0	0	47.0753	82
9	7	0	0	0	0	46.7779	83
9	7	0	0	0	0	36.3047	84
9	7	0	0	0	0	40.346	85
8	8	0	0	0	0	47.372	86
8	8	0	0	0	0	48.8208	87
7	8	0	0	0	0	47.4791	88
7	9	0	0	0	0	50.9916	89
8	9	0	0	0	0	45.8311	90
8	9	0	0	0	0	48.8208	91
8	8	0	0	0	0	48.6887	92
9	8	0	0	0	0	52.3324	93
9	8	0	0	0	0	54.7245	94
9	9	0	0	0	0	52.3805	95
9	9	0	0	0	0	62.2856	96
9	10	0	0	0	0	55.983	97
9	10	0	0	0	0	57.1664	98
9	10	0	0	0	0	60.9162	99
9	10	0	0	0	0	65.1901	100
9	10	0	0	0	0	61.2607	101
9	10	0	0	0	0	62.9655	102
10	9	0	0	0	0	55.9203	103
10	9	0	0	0	0	60.4564	104
10	9	0	0	0	0	56.3568	105
10	9	0	0	0	0	54.4172	106
10	11	0	0	0	0	65.7778	107
10	11	0	0	0	0	57.6624	108
10	11	0	0	0	0	58.1848	109
10	11	0	0	0	0	61.366	110
10	12	0	0	0	0	58.8311	111
10	13	0	0	0	0	58.9627	112
10	13	0	0	0	0	61.7782	113
10	13	0	0	0	0	57.0116	114
10	13	0	0	0	0	78.1361	115
9	13	0	0	0	0	73.015	116
9	13	0	0	0	0	76.6819	117
9	13	0	0	0	0	67.6373	118
9	13	0	0	0	0	78.9578	119
9	13	0	0	0	0	67.8888	120
9	13	0	0	0	0	68.0543	121
9	13	0	0	0	0	71.509	122
9	13	0	0	0	0	73.6671	123
9	13	0	0	0	0	74.5678	124
9	13	0	0	0	0	70.8313	125
11	13	0	0	0	0	73.8249	126
13	12	0	0	0	0	71.2126	127
13	12	0	0	0	0	72.9152	128
12	12	0	0	0	0	80.6878	129
12	12	0	0	0	0	82.9391	130
12	11	0	0	0	0	73.4554	131
12	11	0	0	0	0	83.3653	132
12	11	0	0	0	0	78.1629	133
12	11	0	0	0	0	75.4565	134
12	11	0	0	0	0	76.3472	135
12	11	0	0	0	0	62.5464	136
13	11	0	0	0	0	78.7912	137
13	11	0	0	0	0	78.4658	138
13	11	0	0	0	0	82.7024	139
13	10	0	0	0	0	78.3384	140
13	10	0	0	0	0	48.123	141
13	10	0	0	0	0	47.9404	142
14	11	0	0	0	0	76.1089	143
14	13	0	0	0	0	79.5776	144
15	13	0	0	0	0	58.0014	145
15	13	0	0	0	0	64.4557	146
15	13	0	0	0	0	76.0709	147
14	12	0	0	0	0	72.8559	148
14	12	0	0	0	0	80.772	149
15	11	0	0	0	0	35.3408	150
17	11	0	0	0	0	76.8837	151
18	11	0	0	0	0	91.4931	152
18	11	0	0	0	0	83.5198	153
11	6	0	0	0	0	43.3816	154
12	6	0	0	0	0	45.3921	155
12	9	0	0.5	0	1	56.3368	156
12	9	0	0.5	0	1	58.8437	157
12	9	0	0.5	0	1	58.1316	158
12	9	0	0.5	0	1	63.1525	159
12	9	0	0.5	0	1	68.3663	160
12	9	0	0.5	0	1	63.7077	161
12	9	0	0.5	0	1	64.7343	162
12	9	0	0.5	0	1	74.1051	163
12	9	0	0.5	0	1	69.2195	164
12	9	0	0.5	0	1	54.8437	165
13	10	0	0.5	0	1	62.0554	166
13	10	0	0.5	0	1	67.1748	167
14	10	0	0.5	0	1	68.1325	168
14	10	0	0.5	0	1	70.3157	169
14	9	0	0.5	0	1	76.2864	170
14	9	0	0.5	0	1	72.1746	171
15	9	0	0.5	0	1	65.8126	172
16	9	0	0.5	0	1	77.0442	173
16	9	0	0.5	0	1	79.6766	174
15	9	0	0.5	0	1	84.4927	175
15	9	0	0.5	0	1	67.7953	176
15	9	0	0.5	0	1	73.0633	177
15	9	0	0.5	0	1	84.6858	178
16	9	0	0.5	0	1	76.6765	179
16	8	0	0.5	0	1	75.2848	180
16	8	0	0.5	0	1	71.8009	181
16	8	0	0.5	0	1	71.398	182
17	8	0	0.5	0	1	74.4744	183
17	8	0	0.5	0	1	78.6998	184
17	11	0	0.5	0	1	84.64	185
17	11	0	0.5	0	1	92.7663	186
17	11	0	0.5	0	1	89.0814	187
17	11	0	0.5	0	1	98.2538	188
17	11	0	0.5	0	1	95.1221	189
17	11	0	0.5	0	1	98.3146	190
17	11	0	0.5	0	1	97.4977	191
23	23	0	0.5	0	1	103.148	192
23	24	0	0	0	0	154.607	193
23	24	0	0	0	0	154.458	194
23	24	0	0	0	0	143.144	195
23	24	0	0	0	0	158.17	196
23	23	0	0	0	0	142.112	197
23	22	0	0	0	0	102.032	198
23	23	0	0	0	0	157.178	199
22	23	0	0	0	0	151.284	200
21	23	0	0	0	0	104.007	201
19	23	0	0	0	0	139.927	202
19	23	0	0	0	0	148.233	203
19	23	0	0	0	0	136.607	204
19	23	0	0	0	0	141.923	205
19	23	0	0	0	0	145.39	206
19	23	0	0	0	0	134.166	207
19	23	0	0	0	0	124.213	208
19	23	0	0	0	0	121.795	209
19	22	0	0	0	0	98.48	210
19	21	0	0	0	0	129.089	211
19	21	0	0	0	0	122.591	212
19	21	0	0	0	0	126.419	213
19	21	0	0	0	0	126.271	214
19	21	0	0	0	0	127.889	215
17	19	0	0	0	0	76.6854	216
17	19	0	0	0	0	120.839	217
17	19	0	0	0	0	118.676	218
17	19	0	0	0	0	91.8099	219
17	19	0	0	0	0	95.367	220
17	20	0	0	0	0	108.525	221
17	20	0	0	0	0	97.9099	222
17	20	0	0	0	0	100.659	223
16	17	0	0	0	0	103.385	224
16	17	0	0	0	0	105.158	225
16	18	0	0	0	0	98.1964	226
17	18	0	0	0	0	111.085	227
16	17	0	0	0	0	102.481	228
16	17	0	0	0	0	115.123	229
16	17	0	0	0	0	104.963	230
16	17	0	0	0	0	119.951	231
15	17	0	0	0	0	105.199	232
15	17	0	0	0	0	109.247	233
14	17	0	0	0	0	103.145	234
14	17	0	0	0	0	108.742	235
14	17	0	0	0	0	100.837	236
14	15	0	0	0	0	97.0528	237
14	15	0	0	0	0	98.3421	238
14	15	0	0	0	0	102.5	239
13	15	0	0	0	0	104.114	240
13	15	0	0	0	0	96.1324	241
13	15	0	0	0	0	86.1653	242
12	15	0	0	0	0	92.0149	243
12	14	0	0	0	0	90.5018	244
12	14	0	0	0	0	84.5768	245
12	14	0	0	0	0	91.0474	246
12	13	0	0	0	0	83.0797	247
12	13	0	0	0	0	92.2008	248
12	13	0	0	0	0	84.6101	249
12	13	0	0	0	0	79.8851	250
12	13	0	0	0	0	82.5436	251
11	13	0	0	0	0	79.7411	252
11	13	0	0	0	0	76.4895	253
10	13	0	0	0	0	77.8561	254
10	13	0	0	0	0	83.9743	255
10	13	0	0	0	0	73.6495	256
9	13	0	0	0	0	73.003	257
9	14	0	0	0	0	74.7467	258
9	14	0	0	0	0	75.5395	259
9	14	0	0	0	0	80.7372	260
9	15	0	0	0	0	80.679	261
9	15	0	0	0	0	72.1362	262
9	15	0	0	0	0	86.2088	263
9	15	0	0	0	0	81.2915	264
9	15	0	0	0	0	78.5792	265
9	15	0	0	0	0	78.9892	266
9	15	0	0	0	0	75.8441	267
9	15	0	0	0	0	82.6282	268
9	15	0	0	0	0	81.8777	269
9	15	0	0	0	0	72.9789	270
9	15	0	0	0	0	78.1998	271
9	15	0	0	0	0	81.902	272
9	14	0	0	0	0	75.1769	273
9	14	0	0	0	0	72.6949	274
9	14	0	0	0	0	69.3418	275
8	14	0	0	0	0	60.6967	276
7	14	0.333333	0.333333	1	1	69.5497	277
7	14	0.333333	0.333333	1	1	72.7047	278
7	14	0.666667	0.333333	2	1	65.1445	279
7	14	0.666667	0.333333	2	1	68.5311	280
7	14	0.666667	0.333333	2	1	66.0333	281
7	14	0.666667	0.333333	2	1	68.6477	282
7	14	0.666667	0.333333	2	1	67.9182	283
7	14	0.666667	0.333333	2	1	55.2285	284
6	13	0.666667	0.333333	2	1	57.7183	285
6	13	0.666667	0.333333	2	1	59.5176	286
6	13	0.666667	0.333333	2	1	59.8599	287
6	13	0.666667	0.333333	2	1	63.613	288
6	13	0.666667	0.333333	2	1	55.5639	289
6	12	0.666667	0.333333	2	1	61.4665	290
6	12	0.666667	0.333333	2	1	56.825	291
6	12	0.666667	0.666667	2	2	52.4704	292
6	12	0.666667	0.666667	2	2	48.0696	293
6	12	0.666667	0.666667	2	2	52.9157	294
4	12	0.666667	0.666667	2	2	46.5265	295
4	12	0.666667	0.666667	2	2	39.719	296
2	12	0.666667	0.666667	2	2	45.517	297
2	12	0.666667	0.666667	2	2	36.697	298
2	12	0.666667	0.666667	2	2	40.0768	299
2	12	0.666667	0.666667	2	2	35.8397	300
0	12	0.666667	0.666667	2	2	32.3011	301
0	12	0.666667	0.666667	2	2	39.4528	302
0	12	0.666667	0.666667	2	2	35.0978	303
0	12	0.666667	0.666667	2	2	34.9988	304
0	12	0.666667	0.666667	2	2	34.3119	305
0	11	0.666667	0.666667	2	2	28.5258	306
0	11	0.666667	0.666667	2	2	27.0904	307
0	11	0.666667	0.666667	2	2	28.4398	308
0	11	0.666667	0.666667	2	2	30.224	309
0	11	0.666667	0.666667	2	2	26.7316	310
0	10	0.666667	0.666667	2	2	20.717	311
0	10	0.666667	0.666667	2	2	27.0754	312
0	10	0.666667	0.666667	2	2	27.8727	313
0	10	0.666667	0.666667	2	2	24.7332	314
0	10	0.666667	0.666667	2	2	28.8082	315
0	10	0.666667	0.666667	2	2	28.9129	316
0	10	0.666667	0.666667	2	2	25.2281	317
0	10	0.666667	0.666667	2	2	20.1571	318
0	10	0.333333	0.666667	1	2	23.2436	319
0	9	0.333333	0.666667	1	2	19.2796	320
0	9	0.333333	0.666667	1	2	20.6576	321
0	9	0.333333	0.666667	1	2	20.5831	322
0	9	0.333333	0.333333	1	1	19.5651	323
0	8	0.333333	0.333333	1	1	16.5226	324
0	7	0.333333	0.333333	1	1	19.7668	325
0	7	0.333333	0.333333	1	1	17.6878	326
0	7	0.333333	0.333333	1	1	16.8826	327
0	7	0.333333	0.333333	1	1	14.4367	328
0	7	0.333333	0.333333	1	1	13.6814	329
0	7	0.333333	0.333333	1	1	16.2028	330
0	7	0.333333	0.333333	1	1	12.9398	331
0	7	0.333333	0.333333	1	1	15.9867	332
0	7	0.333333	0.333333	1	1	13.5668	333
0	7	0.333333	0.333333	1	1	14.3776	334
0	6	0.333333	0.333333	1	1	15.8501	335
0	6	0.333333	0.333333	1	1	13.4799	336
0	6	0.333333	0.333333	1	1	14.8763	337
0	6	0.333333	0.333333	1	1	14.8763	338
0	6	0.333333	0.333333	1	1	4.40668	339
0	3	0.333333	0.333333	1	1	3.56498	340
0	3	0.333333	0.333333	1	1	2.75104	341
0	3	0.333333	0.333333	1	1	-0.954088	342
0	2	0	0.333333	0	1	-3.26267	343
0	1	0	0.333333	0	1	-3.08759	344
0	1	0	0	0	0	-5.24503	345
0	1	0	0	0	0	-3.09074	346
0	1	0	0	0	0	-3.09074	347
0	1	0	0	0	0	nan	348
0	0	0	0	0	0	nan	349
0	0	0	0	0	0	nan	350
