unique_top_cov	unique_bot_cov	redundant_top_cov	redundant_bot_cov	raw_redundant_top_cov	raw_redundant_bot_cov	e_value	position
0	0	0	0	0	0	nan	1
0	0	0	0	0	0	nan	2
0	0	0	0	0	0	nan	3
0	0	0	0	0	0	nan	4
0	0	0	0	0	0	nan	5
0	0	0	0	0	0	nan	6
0	0	0	0	0	0	nan	7
0	0	0	0	0	0	nan	8
0	0	0	0	0	0	nan	9
0	0	0	0	0	0	nan	10
0	0	0	0	0	0	nan	11
0	0	0	0	0	0	nan	12
0	0	0	0	0	0	nan	13
0	0	0	0.333333	0	1	nan	14
0	0	0	0.333333	0	1	nan	15
0	0	0.333333	0.333333	1	1	nan	16
0	0	0.333333	0.333333	1	1	nan	17
0	0	0.333333	0.333333	1	1	nan	18
0	0	0.333333	0.333333	1	1	nan	19
0	0	0.333333	0.333333	1	1	nan	20
0	0	0.333333	0.333333	1	1	nan	21
0	0	0.333333	0.333333	1	1	nan	22
0	0	0.333333	0.333333	1	1	nan	23
0	0	0.333333	0.333333	1	1	nan	24
0	0	0.333333	0.333333	1	1	nan	25
0	0	0.333333	0.333333	1	1	nan	26
0	0	0.333333	0.333333	1	1	nan	27
0	0	0.666667	0.333333	2	1	nan	28
0	0	0.666667	0.333333	2	1	nan	29
1	0	0.666667	0.333333	2	1	nan	30
1	0	0.666667	0.333333	2	1	-3.77854	31
1	0	0.666667	0.333333	2	1	-3.77854	32
1	0	0.666667	0.333333	2	1	-4.33814	33
1	0	0.666667	0.333333	2	1	-3.91261	34
1	0	0.666667	0.333333	2	1	-3.77789	35
1	0	0.666667	0.333333	2	1	-3.77789	36
1	0	0.666667	0.333333	2	1	-3.85465	37
1	0	0.666667	0.333333	2	1	-3.77789	38
2	0	0.666667	0.333333	2	1	-3.81976	39
2	0	0.666667	0.333333	2	1	-3.81976	40
2	0	0.666667	0.333333	2	1	-0.563016	41
2	0	0.666667	0.333333	2	1	-0.182899	42
2	0	0.666667	0.333333	2	1	0.410377	43
2	0	0.666667	0.333333	2	1	0.0524904	44
2	0	0.666667	0.333333	2	1	-1.05694	45
2	0	0.666667	0.333333	2	1	0.00490154	46
2	0	0.666667	0.333333	2	1	-0.488552	47
2	0	0.666667	0.333333	2	1	0.408172	48
2	0	0.666667	0.333333	2	1	0.345605	49
2	0	0.666667	0.333333	2	1	-1.76454	50
3	0	0.666667	0.333333	2	1	-0.280167	51
3	0	0.666667	0.333333	2	1	-4.82839	52
3	1	0.666667	0.333333	2	1	0.941346	53
3	1	0.666667	0.333333	2	1	5.80676	54
3	1	0.666667	0.333333	2	1	5.06838	55
3	1	0.666667	0.333333	2	1	5.68818	56
3	1	0.666667	0.333333	2	1	5.78732	57
3	1	0.666667	0.333333	2	1	5.78732	58
3	1	0.666667	0.333333	2	1	6.35398	59
3	1	0.666667	0.333333	2	1	4.44339	60
3	1	0.666667	0.333333	2	1	6.34972	61
3	1	0.666667	0.333333	2	1	5.60942	62
3	4	0.666667	0.333333	2	1	5.78898	63
3	4	0.666667	0.333333	2	1	15.3933	64
3	5	0.666667	0	2	0	15.8119	65
3	5	0.333333	0	1	0	16.2805	66
3	5	0.333333	0	1	0	19.0511	67
3	5	0.333333	0	1	0	21.5531	68
3	5	0.333333	0	1	0	21.22	69
3	6	0.333333	0.333333	1	1	21.1453	70
3	6	0.333333	0.333333	1	1	21.027	71
3	6	0.333333	0.333333	1	1	18.6804	72
3	6	0.333333	0.333333	1	1	21.0927	73
3	6	0.333333	0.333333	1	1	19.461	74
3	6	0.333333	0.333333	1	1	22.9785	75
3	6	0.333333	0.333333	1	1	21.2897	76
3	6	0.333333	0.333333	1	1	25.7553	77
3	6	0.333333	0.333333	1	1	26.2304	78
3	6	0.333333	0.333333	1	1	24.9215	79
3	7	0.333333	0.333333	1	1	24.976	80
3	7	0.333333	0.333333	1	1	29.9358	81
3	7	0.333333	0.333333	1	1	24.5994	82
4	7	0.333333	0.333333	1	1	21.0314	83
4	7	0.666667	0.333333	2	1	33.9563	84
4	7	0.666667	0.333333	2	1	33.8832	85
4	7	0.666667	0.333333	2	1	32.4394	86
5	8	0.666667	0.333333	2	1	33.3564	87
5	8	0.666667	0.333333	2	1	32.9234	88
5	8	0.666667	0.333333	2	1	33.9526	89
6	8	0.666667	0.333333	2	1	32.8176	90
6	8	0.666667	0.333333	2	1	35.9528	91
6	8	0.666667	0.333333	2	1	41.2384	92
6	8	0.666667	0.333333	2	1	41.6802	93
6	8	0.666667	0.333333	2	1	46.0915	94
6	8	0.666667	0.333333	2	1	38.717	95
6	8	0.666667	0.333333	2	1	32.2081	96
6	8	0.666667	0.333333	2	1	46.1451	97
6	8	0.666667	0.333333	2	1	44.1503	98
6	8	0.666667	0.333333	2	1	45.8099	99
6	8	0.666667	0.333333	2	1	44.1503	100
6	8	0.666667	0.333333	2	1	45.9186	101
6	8	0.666667	0.333333	2	1	40.3009	102
6	8	0.666667	0.333333	2	1	37.6111	103
6	8	0.666667	0.333333	2	1	45.249	104
6	8	0.666667	0.333333	2	1	43.5448	105
6	8	0.666667	0.333333	2	1	39.2985	106
6	8	0.666667	0.333333	2	1	45.9716	107
6	8	0.666667	0.333333	2	1	31.8723	108
6	8	0.666667	0.333333	2	1	46.1451	109
6	8	0.666667	0.333333	2	1	45.6345	110
6	8	0.666667	0.333333	2	1	45.2382	111
6	8	0.666667	0.333333	2	1	41.8436	112
6	8	0.666667	0.333333	2	1	41.7952	113
6	9	0.666667	0.333333	2	1	39.7035	114
6	9	0.666667	0.333333	2	1	47.6477	115
6	9	0.666667	0.333333	2	1	40.0764	116
6	9	0.666667	0.333333	2	1	49.7536	117
6	9	0.666667	0.333333	2	1	40.0543	118
6	9	0.666667	0.333333	2	1	49.1546	119
6	9	0.666667	0.333333	2	1	49.4542	120
6	9	0.666667	0	2	0	37.8589	121
6	9	0.333333	0	1	0	41.4056	122
5	9	0.333333	0	1	0	39.5726	123
5	9	0.333333	0	1	0	47.305	124
5	9	0.333333	0	1	0	44.5826	125
5	9	0.333333	0	1	0	44.1753	126
5	9	0.333333	0	1	0	38.7913	127
5	9	0	0	0	0	38.0263	128
5	9	0	0	0	0	37.0719	129
