unique_top_cov	unique_bot_cov	redundant_top_cov	redundant_bot_cov	raw_redundant_top_cov	raw_redundant_bot_cov	e_value	position
0	0	0	0	0	0	nan	1
0	0	0	0	0	0	nan	2
0	0	0	0	0	0	nan	3
0	0	0	0	0	0	nan	4
0	0	0	0	0	0	nan	5
0	0	0	0	0	0	nan	6
0	0	0	0	0	0	nan	7
0	0	0	0	0	0	nan	8
0	0	0	0	0	0	nan	9
0	0	0	0	0	0	nan	10
64	80	0	0	0	0	515.396	11
63	77	0	0	0	0	477.673	12
63	78	0	0	0	0	480.08	13
63	76	0	0	0	0	486.698	14
63	76	0	0	0	0	482.182	15
63	76	0	0	0	0	471.075	16
61	75	0	0	0	0	459.832	17
59	73	0	0	0	0	447.276	18
52	72	0	0	0	0	404.583	19
51	71	0	0	0	0	434.881	20
50	71	0	0	0	0	421.014	21
52	70	0	0	0	0	439.296	22
52	70	0	0	0	0	439.747	23
51	70	0	0	0	0	447.654	24
51	70	0	0	0	0	375.658	25
51	70	0	0	0	0	374.925	26
51	70	0	0	0	0	431.922	27
51	70	0	0	0	0	426.967	28
52	69	0	0	0	0	443.63	29
52	69	0	0	0	0	420.195	30
51	69	0	0	0	0	375.482	31
50	67	0	0	0	0	397.83	32
48	66	0	0	0	0	400.082	33
47	66	0	0	0	0	423.649	34
47	66	0	0	0	0	393.247	35
48	66	0	0	0	0	367.312	36
48	66	0	0	0	0	367.253	37
45	64	0	0	0	0	370.907	38
45	64	0	0	0	0	348.19	39
45	62	0	0	0	0	368.123	40
45	59	0	0	0	0	361.146	41
44	59	0	0	0	0	350.986	42
43	60	0	1	0	2	345.031	43
43	60	0	1	0	2	354.823	44
43	60	0	1	0	2	341.483	45
43	60	0	1	0	2	325.25	46
41	58	0.5	1	1	2	333.373	47
41	58	0.5	1	1	2	312.262	48
41	58	0.5	1	1	2	289.946	49
41	55	0.5	1	1	2	290.204	50
41	52	0.5	1	1	2	292.576	51
40	51	0.5	1	1	2	291.343	52
40	52	0.5	1	1	2	288.583	53
40	52	0.5	1	1	2	295.483	54
39	52	0.5	1	1	2	306.358	55
37	51	0.5	1	1	2	288.536	56
37	48	0.5	1	1	2	268.292	57
38	49	0.5	1	1	2	283.472	58
38	49	0.5	1	1	2	301.711	59
39	49	0.5	1	1	2	296.272	60
37	49	0.5	1	1	2	279.311	61
32	49	0.5	1	1	2	282.807	62
32	49	0.5	1	1	2	299.102	63
29	49	0.5	1	1	2	267.999	64
30	50	0.5	1	1	2	256.801	65
30	49	0.5	1	1	2	263.699	66
30	48	0.5	1	1	2	268.321	67
30	48	0.5	1	1	2	281.041	68
30	46	0.5	1	1	2	254.138	69
30	46	0.5	1	1	2	253.094	70
29	44	0.5	1	1	2	268.53	71
29	45	0.5	1	1	2	256.759	72
29	44	0.5	1	1	2	258.059	73
29	44	0.5	1	1	2	257.72	74
29	44	0.5	1	1	2	264.805	75
29	43	0.5	1	1	2	243.685	76
29	43	0.5	1	1	2	238.623	77
30	42	0.5	1	1	2	229.157	78
29	37	0.5	1	1	2	234.506	79
30	37	0.5	1	1	2	227.6	80
30	39	0.5	1	1	2	248.096	81
30	39	0.5	1	1	2	242.905	82
30	39	0.5	1	1	2	235.466	83
30	39	0.5	1	1	2	241.413	84
30	39	0.5	1	1	2	241.399	85
32	38	0.5	1	1	2	241.931	86
32	38	0.5	1	1	2	246.503	87
32	37	0.5	1	1	2	252.884	88
32	37	0.5	1	1	2	233.781	89
32	36	0.5	1	1	2	231.518	90
32	33	0.5	1	1	2	221.541	91
32	33	0.5	1	1	2	211.552	92
34	32	0.5	1	1	2	228.876	93
34	32	0.5	1	1	2	213.838	94
34	30	0.5	1	1	2	208.849	95
34	29	0.5	1	1	2	210.7	96
35	29	0.5	1	1	2	172.912	97
37	29	0.5	1	1	2	215.291	98
37	30	0.5	1	1	2	228.494	99
37	31	0.5	1	1	2	237.968	100
37	31	0.5	1	1	2	229.738	101
36	31	0.5	1	1	2	212.542	102
36	31	0.5	1	1	2	207.111	103
35	29	0.5	1	1	2	205.293	104
31	30	0	1	0	2	208.07	105
31	30	0	1	0	2	214.013	106
29	30	0	1	0	2	209.66	107
27	30	0	1	0	2	191.188	108
27	30	0	0.5	0	1	197.164	109
27	30	0	0.5	0	1	199.38	110
27	30	0	0.5	0	1	199.51	111
27	29	0	0.5	0	1	176.654	112
24	29	0	0.5	0	1	175.199	113
25	28	0	0	0	0	163.073	114
22	28	0	0	0	0	167.675	115
24	28	0	0	0	0	187.269	116
24	28	0	0	0	0	183.861	117
24	28	0	0	0	0	179.946	118
24	28	0	0	0	0	185.998	119
24	28	0	0	0	0	179.138	120
24	28	0	0	0	0	181.5	121
24	28	0	0	0	0	175.984	122
24	28	0	0	0	0	191.669	123
24	28	0	0	0	0	193.904	124
24	28	0	0	0	0	180.796	125
24	28	0	0	0	0	184.084	126
24	28	0	0	0	0	186.027	127
25	28	0	0	0	0	176.554	128
25	28	0	0	0	0	196.697	129
26	28	0	0	0	0	184.044	130
26	26	0	0	0	0	169.843	131
26	26	0	0	0	0	184.383	132
26	26	0	0	0	0	186.07	133
27	26	0	0	0	0	184.391	134
27	26	0	0	0	0	172.642	135
27	26	0	0	0	0	175.016	136
27	26	0	0	0	0	188.219	137
27	26	0	0	0	0	198.481	138
29	25	0	0	0	0	172.596	139
29	25	0	0	0	0	176.955	140
28	25	0	0	0	0	172.099	141
27	26	0	0	0	0	167.955	142
28	26	0	0	0	0	183.339	143
29	26	0	0	0	0	191.643	144
29	26	0	0	0	0	186.622	145
29	26	0	0	0	0	175.796	146
31	26	0	0	0	0	169.853	147
31	25	0	0	0	0	196.085	148
29	25	0	0	0	0	181.306	149
29	24	0	0	0	0	183.514	150
29	22	0	0	0	0	170.24	151
30	22	0	0	0	0	176.881	152
30	22	0	0	0	0	173.458	153
30	22	0	0	0	0	166.568	154
30	22	0	0	0	0	177.363	155
31	22	0	0	0	0	188.096	156
34	22	0	0	0	0	179.927	157
34	22	0	0	0	0	188.11	158
34	22	0	0	0	0	178.619	159
34	21	0	0	0	0	190.113	160
34	20	0	0	0	0	197.602	161
34	21	0	0	0	0	176.937	162
34	22	0	0	0	0	191.329	163
34	22	0	0	0	0	202.605	164
34	22	0	0	0	0	190.684	165
34	21	0	0	0	0	186.248	166
34	21	0	0	0	0	192.617	167
34	21	0	0	0	0	189.668	168
34	21	0	0	0	0	194.739	169
34	21	0	0	0	0	199.52	170
34	21	0	0	0	0	186.434	171
32	21	0	0	0	0	179.326	172
32	22	0	0	0	0	170.728	173
31	22	0	0	0	0	178.558	174
31	22	0	0	0	0	185.237	175
30	21	0	0	0	0	176.915	176
31	21	0	0	0	0	173.258	177
30	20	0	0	0	0	166.835	178
30	20	0	0	0	0	180.516	179
30	20	0	0	0	0	172.069	180
30	20	0	0	0	0	178.518	181
29	20	0	0	0	0	164.892	182
29	20	0	0	0	0	167.735	183
28	20	0	0	0	0	161.782	184
28	20	0	0	0	0	173.888	185
30	20	0	0	0	0	173.621	186
31	20	0	0	0	0	175.136	187
30	20	0	0	0	0	167.566	188
30	20	0	0	0	0	154.613	189
30	20	0	0	0	0	163.201	190
30	21	0	0	0	0	164.838	191
30	21	0	0	0	0	172.941	192
30	20	0	0	0	0	163.819	193
30	20	0	0	0	0	162.848	194
30	20	0	0	0	0	175.849	195
31	20	0	0	0	0	183.378	196
31	21	0	0	0	0	177.305	197
31	21	0	0	0	0	178.247	198
31	21	0	0	0	0	171.235	199
31	22	0	0	0	0	190.68	200
31	22	0	0	0	0	185.49	201
32	22	0	0	0	0	184.018	202
33	21	0	0	0	0	188.908	203
33	21	0	0	0	0	188.519	204
33	21	0	0	0	0	200.165	205
33	22	0	0	0	0	188.362	206
32	22	0	0	0	0	168.819	207
33	22	0	0	0	0	181.976	208
44	32	0	0	0	0	270.71	209
44	32	0	0	0	0	253.364	210
44	32	0	0	0	0	260.083	211
43	32	0	0	0	0	247.814	212
42	32	0	0	0	0	234.634	213
43	32	0	0	0	0	235.668	214
43	31	0	0	0	0	241.501	215
43	30	0	0	0	0	238.307	216
43	30	0	0	0	0	250.334	217
42	30	0	0	0	0	230.479	218
42	31	0.5	0	1	0	243.017	219
42	30	0.5	0.5	1	1	251.626	220
42	32	0.5	0.5	1	1	261.413	221
42	31	0.5	0.5	1	1	264.12	222
43	32	0.5	0.5	1	1	252.091	223
43	32	0.5	0.5	1	1	260.945	224
43	32	0.5	0.5	1	1	256.142	225
43	32	0.5	0.833333	1	2	263.901	226
43	31	0.5	0.833333	1	2	259.224	227
41	31	0.5	0.833333	1	2	241.255	228
41	32	0.5	0.833333	1	2	223.923	229
40	32	0.5	0.833333	1	2	238.847	230
40	29	0.5	0.833333	1	2	224.207	231
40	29	0.5	0.833333	1	2	235.761	232
40	28	0.5	0.833333	1	2	238.058	233
40	29	0.5	0.833333	1	2	232.719	234
40	30	0.5	0.833333	1	2	237.809	235
38	30	0.5	0.833333	1	2	219.068	236
38	30	0.5	0.833333	1	2	214.866	237
38	29	0.5	0.833333	1	2	219.328	238
38	29	1.16667	0.833333	3	2	219.529	239
37	29	1.16667	0.833333	3	2	205.312	240
36	28	1.16667	0.833333	3	2	210.863	241
34	27	1.16667	0.833333	3	2	214.293	242
33	27	1.16667	0.833333	3	2	184.54	243
32	27	1.16667	0.833333	3	2	184.582	244
32	27	1.16667	0.833333	3	2	187.646	245
32	27	1.16667	0.833333	3	2	184.45	246
32	26	1.16667	0.833333	3	2	187.001	247
31	25	1.16667	0.833333	3	2	165.359	248
31	23	1.16667	0.833333	3	2	170.978	249
30	23	1.16667	0.833333	3	2	166.197	250
30	23	1.16667	0.833333	3	2	167.282	251
28	23	1.16667	0.833333	3	2	157.185	252
28	23	1.16667	0.833333	3	2	170.831	253
28	23	1.16667	0.833333	3	2	180.827	254
28	23	1.16667	0.833333	3	2	165.458	255
28	23	1.16667	0.833333	3	2	162.08	256
28	22	1.16667	0.833333	3	2	173.488	257
28	22	1.16667	0.833333	3	2	179.009	258
28	22	1.16667	0.833333	3	2	153.344	259
28	21	1.16667	0.833333	3	2	161.542	260
28	21	1.16667	0.833333	3	2	153.533	261
28	21	1.16667	0.833333	3	2	160.326	262
28	21	1.16667	0.833333	3	2	156.612	263
28	21	1.16667	0.833333	3	2	161.634	264
27	21	1.16667	0.833333	3	2	160.69	265
27	21	1.16667	0.833333	3	2	147.688	266
26	21	1.16667	0.833333	3	2	152.952	267
26	21	1.16667	0.833333	3	2	163.671	268
26	20	1.16667	0.833333	3	2	155.054	269
26	20	1.16667	0.833333	3	2	145.891	270
26	19	1.16667	0.833333	3	2	148.084	271
25	19	1.16667	0.833333	3	2	151.432	272
25	19	1.16667	0.5	3	1	138.566	273
25	19	1.16667	0.5	3	1	137.304	274
25	19	1.16667	0.5	3	1	140.695	275
25	19	1.16667	0.5	3	1	144.242	276
25	19	1.16667	0.5	3	1	154.17	277
25	19	0.833333	0.5	2	1	147.213	278
25	19	0.833333	0.5	2	1	147.975	279
25	19	0.833333	0.5	2	1	136.834	280
25	19	0.833333	0.5	2	1	139.779	281
24	19	0.833333	0.5	2	1	141.812	282
23	19	0.833333	0.5	2	1	135.39	283
23	19	0.833333	0.5	2	1	139.914	284
22	19	0.333333	0.5	1	1	117.639	285
22	19	0.333333	0.5	1	1	117.518	286
22	19	0.333333	0.5	1	1	122.499	287
20	19	0.333333	0.5	1	1	118.728	288
20	18	0.333333	0.5	1	1	121.307	289
20	18	0.333333	0	1	0	118.176	290
20	18	0.333333	0	1	0	109.262	291
20	18	0.333333	0	1	0	103.205	292
15	16	0.333333	0	1	0	99.7383	293
15	16	0	0	0	0	94.1039	294
15	16	0	0	0	0	54.5955	295
15	15	0	0	0	0	84.92	296
14	14	0	0	0	0	82.4654	297
14	14	0	0	0	0	85.0274	298
13	14	0	0	0	0	63.7826	299
13	14	0	0	0	0	76.0813	300
13	13	0	0	0	0	66.2093	301
12	12	0	0	0	0	61.6645	302
12	10	0	0	0	0	60.4834	303
12	10	0	0	0	0	57.2376	304
12	10	0	0	0	0	65.9708	305
12	10	0	0	0	0	52.6716	306
11	10	0	0	0	0	57.0706	307
11	9	0	0	0	0	49.8805	308
11	9	0	0	0	0	47.0746	309
11	9	0	0	0	0	49.1602	310
11	9	0	0	0	0	47.232	311
11	8	0	0	0	0	46.0266	312
11	7	0	0	0	0	46.2168	313
11	7	0	0	0	0	43.7161	314
11	6	0	0	0	0	48.0767	315
11	6	0	0	0	0	45.4523	316
11	6	0	0	0	0	37.3988	317
11	6	0	0	0	0	47.4411	318
11	6	0	0	0	0	44.3925	319
11	6	0	0	0	0	46.0498	320
10	6	0	0	0	0	46.3313	321
10	6	0	0	0	0	44.3651	322
10	6	0	0	0	0	44.1096	323
10	6	0	0	0	0	43.9774	324
10	5	0	0	0	0	42.0944	325
10	5	0	0	0	0	43.2836	326
10	5	0	0	0	0	41.3124	327
10	5	0	0	0	0	34.9875	328
10	5	0	0	0	0	30.5409	329
9	4	0	0	0	0	33.3602	330
9	4	0	0	0	0	33.7078	331
9	4	0	0	0	0	32.7949	332
9	4	0	0	0	0	32.173	333
9	4	0	0	0	0	13.4728	334
5	4	0	0	0	0	16.6615	335
4	4	0	0	0	0	11.6106	336
4	3	0	0	0	0	11.3245	337
4	3	0	0	0	0	11.8552	338
4	3	0	0	0	0	11.7051	339
4	3	0	0	0	0	8.28386	340
4	2	0	0	0	0	8.28386	341
4	2	0	0	0	0	2.76954	342
4	2	0	0	0	0	4.57944	343
4	1	0	0	0	0	4.3268	344
4	1	0	0	0	0	4.54708	345
4	1	0	0	0	0	4.57502	346
4	1	0	0	0	0	4.36555	347
4	1	0	0	0	0	2.70482	348
4	1	0	0	0	0	4.54877	349
4	1	0	0	0	0	4.54708	350
4	1	0	0	0	0	4.55394	351
4	1	0	0	0	0	4.57174	352
4	1	0	0	0	0	4.57977	353
4	1	0	0	0	0	4.53699	354
4	1	0	0	0	0	4.56176	355
4	1	0	0	0	0	4.55732	356
4	1	0	0	0	0	4.53815	357
4	1	0	0	0	0	4.47993	358
4	1	0	0	0	0	4.46599	359
4	1	0	0	0	0	4.50371	360
4	1	0	0	0	0	-0.556124	361
3	1	0	0	0	0	-0.362456	362
2	1	0	0	0	0	-2.68639	363
1	1	0	0	0	0	-2.82301	364
1	1	0	0	0	0	-2.73056	365
1	1	0	0	0	0	-2.73056	366
1	1	0	0	0	0	-2.70609	367
1	1	0	0	0	0	-2.69705	368
1	1	0	0	0	0	-4.5622	369
1	0	0	0	0	0	-4.56711	370
1	0	0	0	0	0	nan	371
0	0	0	0	0	0	nan	372
