unique_top_cov	unique_bot_cov	redundant_top_cov	redundant_bot_cov	raw_redundant_top_cov	raw_redundant_bot_cov	e_value	position
0	0	0	0	0	0	nan	1
0	0	0	0	0	0	nan	2
0	0	0	0	0	0	nan	3
0	0	0	0	0	0	nan	4
0	0	0	0	0	0	nan	5
0	0	0	0	0	0	nan	6
0	0	0	0	0	0	nan	7
0	0	0	0	0	0	nan	8
0	0	0	0	0	0	nan	9
0	0	0	0	0	0	nan	10
0	0	0	0	0	0	nan	11
0	0	0	0	0	0	nan	12
0	0	0	0	0	0	nan	13
0	0	0	0	0	0	nan	14
0	0	0	0	0	0	nan	15
0	0	0	0	0	0	nan	16
0	0	0	0	0	0	nan	17
0	0	0	0	0	0	nan	18
0	0	0	0	0	0	nan	19
0	0	0	0	0	0	nan	20
0	0	0	0	0	0	nan	21
0	0	0	0	0	0	nan	22
0	0	0	0	0	0	nan	23
0	0	0	0	0	0	nan	24
0	0	0	0	0	0	nan	25
0	0	0	0	0	0	nan	26
0	0	0	0	0	0	nan	27
0	0	0	0	0	0	nan	28
0	0	0	0	0	0	nan	29
0	0	0	0	0	0	nan	30
0	0	0	0	0	0	nan	31
0	0	0	0	0	0	nan	32
0	0	0	0	0	0	nan	33
0	0	0	0	0	0	nan	34
0	0	0	0	0	0	nan	35
0	0	0	0	0	0	nan	36
0	0	0	0	0	0	nan	37
0	0	0	0	0	0	nan	38
0	0	0	0	0	0	nan	39
0	0	0	0	0	0	nan	40
0	0	0	0	0	0	nan	41
6	8	0	0	0	0	41.0524	42
6	8	0	0	0	0	48.0564	43
6	8	0	0	0	0	46.5997	44
6	8	0	0	0	0	44.3383	45
7	8	0	0	0	0	46.499	46
7	8	0	0	0	0	38.6621	47
7	8	0	0	0	0	43.4884	48
7	8	0	0	0	0	46.7403	49
7	8	0	0	0	0	50.1665	50
7	8	0	0	0	0	50.1296	51
7	8	0	0	0	0	50.5538	52
7	8	0	0	0	0	50.3923	53
7	8	0	0	0	0	49.6073	54
7	8	0	0	0	0	49.9535	55
7	8	0	0	0	0	50.4744	56
7	8	0	0	0	0	50.1567	57
7	8	0	0	0	0	48.9982	58
7	8	0	0	0	0	49.9182	59
7	8	0	0	0	0	45.6251	60
8	9	0	0	0	0	34.695	61
9	9	0	0	0	0	50.5538	62
9	9	0	0	0	0	48.2878	63
9	9	0	0	0	0	60.5701	64
9	9	0	0	0	0	61.8617	65
9	9	0	0	0	0	63.0845	66
9	9	0	0	0	0	50.6633	67
11	9	0	0	0	0	63.8983	68
11	9	0	0	0	0	62.9101	69
11	9	0	0	0	0	63.1493	70
11	10	0	0	0	0	57.9111	71
11	10	0	0	0	0	75.204	72
11	10	0	0	0	0	74.8154	73
11	10	0	0	0	0	70.9793	74
11	10	0	0	0	0	60.0343	75
11	10	0	0	0	0	63.3471	76
11	8	0	0	0	0	52.961	77
11	8	0	0	0	0	66.1555	78
11	8	0	0	0	0	63.1841	79
11	8	0	0	0	0	51.1191	80
11	8	0	0	0	0	59.6507	81
10	8	0	0	0	0	53.884	82
11	8	0	0	0	0	61.772	83
11	9	0	0	0	0	67.4109	84
11	9	0	0	0	0	65.0763	85
11	9	0	0	0	0	65.7689	86
11	9	0	0	0	0	64.7576	87
11	9	0	0	0	0	67.9668	88
11	9	0	0	0	0	65.595	89
12	9	0	0	0	0	70.3341	90
12	9	0	0	0	0	61.1666	91
12	9	0	0	0	0	72.3484	92
12	9	0	0	0	0	70.8806	93
12	9	0	0	0	0	73.4115	94
12	9	0	0	0	0	68.7123	95
12	9	0	0	0	0	73.5109	96
12	9	0	0	0	0	73.196	97
12	9	0	0	0	0	72.8733	98
12	9	0	0	0	0	66.8071	99
12	9	0	0	0	0	66.9111	100
12	9	0	0	0	0	71.2951	101
12	9	0	0	0	0	73.8914	102
12	9	0	0	0	0	72.9523	103
12	10	0	0	0	0	67.3929	104
12	10	0	0	0	0	66.4057	105
12	10	0	0	0	0	69.3983	106
12	10	0	0	0	0	64.2483	107
12	9	0	0	0	0	68.2023	108
12	9	0	0	0	0	64.8398	109
12	8	0	0	0	0	55.5275	110
12	8	0	0	0	0	64.4285	111
12	7	0	0	0	0	49.5616	112
11	7	0	0	0	0	56.7235	113
11	7	0	0	0	0	57.3186	114
11	8	0	0	0	0	59.5102	115
11	8	0	0	0	0	64.1132	116
11	8	0	0	0	0	66.2055	117
11	8	0	0	0	0	62.9173	118
11	8	0	0	0	0	58.9451	119
11	8	0	0	0	0	66.1502	120
11	8	0	0	0	0	62.5611	121
11	8	0	0	0	0	62.7239	122
12	8	0	0	0	0	64.0504	123
12	8	0	0	0	0	68.5721	124
11	8	0	0	0	0	61.6526	125
11	7	0	0	0	0	55.4867	126
11	7	0	0	0	0	56.9272	127
12	10	0	0	0	0	62.2592	128
12	10	0	0	0	0	65.4732	129
12	10	0	0	0	0	70.4676	130
12	10	0	0	0	0	60.9636	131
10	10	0	0	0	0	65.8383	132
10	10	0	0	0	0	63.94	133
10	10	0	0	0	0	70.4812	134
10	10	0	0	0	0	55.4654	135
10	10	0	0	0	0	62.7512	136
9	10	0	0	0	0	62.3637	137
9	10	0	0	0	0	64.6207	138
9	10	0	0	0	0	65.8316	139
9	10	0	0	0	0	61.56	140
9	10	0	0	0	0	68.0164	141
10	10	0	0	0	0	63.3651	142
11	10	0	0	0	0	65.7369	143
12	10	0	0	0	0	69.3665	144
12	10	0	0	0	0	77.9656	145
12	10	0	0	0	0	65.8301	146
11	11	0	0	0	0	69.6921	147
11	11	0	0	0	0	61.4713	148
11	11	0	0	0	0	61.5392	149
11	11	0	0	0	0	60.3002	150
11	11	0	0	0	0	68.1703	151
9	11	0	0	0	0	65.8091	152
9	11	0	0	0	0	67.1376	153
8	11	0	0	0	0	59.743	154
9	11	0	0	0	0	52.9973	155
9	11	0	0	0	0	64.2243	156
9	11	0	0	0	0	66.7246	157
9	11	0	0	0	0	61.2679	158
9	11	0	0	0	0	64.8442	159
10	11	0	0	0	0	68.0849	160
10	11	0	0	0	0	61.9366	161
11	10	0	0	0	0	61.4342	162
11	10	0	0	0	0	66.4202	163
11	10	0	0	0	0	65.8118	164
11	10	0	0	0	0	75.6071	165
11	10	0	0	0	0	72.7363	166
11	11	0	0	0	0	71.5269	167
12	11	0	0	0	0	63.1634	168
12	11	0	0	0	0	67.6925	169
12	11	0	0	0	0	66.0242	170
12	11	0	0	0	0	74.5806	171
12	11	0	0	0	0	61.9475	172
12	11	0	0	0	0	65.3638	173
12	11	0	0	0	0	70.8209	174
12	11	0	0	0	0	73.3039	175
12	10	0	0	0	0	77.2765	176
12	10	0	0	0	0	76.8737	177
12	10	0	0	0	0	69.5392	178
12	10	0	0	0	0	67.4586	179
12	10	0	0	0	0	74.2941	180
12	10	0	0	0	0	74.3466	181
12	10	0	0	0	0	72.8873	182
12	11	0	0	0	0	74.5487	183
12	11	0	0	0	0	69.7064	184
12	10	0	0	0	0	73.8453	185
12	10	0	0	0	0	78.1929	186
12	10	0	0	0	0	78.2583	187
12	10	0	0	0	0	77.1283	188
12	10	0	0	0	0	75.1681	189
12	10	0	0	0	0	74.0275	190
13	10	0	0	0	0	72.9277	191
13	10	0	0	0	0	73.236	192
13	11	0	0	0	0	71.9372	193
14	11	0	0	0	0	76.6833	194
14	11	0	0	0	0	77.0634	195
14	11	0	0	0	0	69.9905	196
14	11	0	0	0	0	78.8763	197
14	11	0	0	0	0	83.0726	198
13	11	0	0	0	0	77.8234	199
13	12	0	0	0	0	73.8629	200
13	12	0	0	0	0	84.5175	201
13	12	0	0	0	0	85.4614	202
13	12	0	0	0	0	79.6297	203
13	11	0	0	0	0	76.0078	204
14	11	0	0	0	0	81.6905	205
14	11	0	0	0	0	87.2885	206
14	11	0	0	0	0	77.5867	207
15	10	0	0	0	0	81.4733	208
15	10	0	0	0	0	82.9725	209
15	9	0	0	0	0	78.8513	210
15	9	0	0	0	0	64.3606	211
15	9	0	0	0	0	76.7968	212
15	9	0	0	0	0	80.4177	213
15	9	0	0	0	0	78.8501	214
16	9	0	0	0	0	71.0086	215
16	9	0	0	0	0	78.0316	216
16	9	0	0	0	0	76.0905	217
16	9	0	0	0	0	76.1099	218
16	9	0	0	0	0	73.8902	219
16	9	0	0	0	0	79.6057	220
15	9	0	0	0	0	77.0559	221
15	9	0	0	0	0	83.1689	222
15	9	0	0	0	0	79.3326	223
14	9	0	0	0	0	81.5471	224
14	9	0	0	0	0	75.3635	225
14	9	0	0	0	0	73.4107	226
14	9	0	0	0	0	75.3755	227
15	9	0	0	0	0	72.4805	228
15	9	0	0	0	0	78.9203	229
15	9	0	0	0	0	79.465	230
15	9	0	0	0	0	83.1263	231
15	9	0	0	0	0	78.6364	232
16	10	0	0	0	0	77.4245	233
16	9	0	0	0	0	76.1164	234
16	9	0	0	0	0	84.3519	235
15	9	0	0	0	0	83.1568	236
15	8	0	0	0	0	76.4541	237
15	8	0	0	0	0	74.3961	238
15	8	0	0	0	0	77.3653	239
15	8	0	0	0	0	78.787	240
15	8	0	0	0	0	79.7462	241
15	8	0	0	0	0	76.1446	242
16	8	0	0	0	0	81.303	243
16	8	0	0	0	0	79.5914	244
16	8	0	0	0	0	75.2521	245
16	8	0	0	0	0	83.7366	246
16	8	0	0	0	0	78.456	247
17	8	0	0	0	0	77.3931	248
17	8	0	0	0	0	75.0952	249
17	8	0	0	0	0	82.7369	250
17	7	0	0	0	0	76.3126	251
17	7	0	0	0	0	76.2489	252
17	7	0	0	0	0	76.2576	253
17	7	0	0	0	0	76.297	254
17	7	0	0	0	0	78.9269	255
17	7	0	0	0	0	80.9297	256
17	7	0	0	0	0	78.4158	257
17	7	0	0	0	0	87.7513	258
17	7	0	0	0	0	76.8941	259
17	7	0	0	0	0	77.826	260
17	7	0	0	0	0	88.1862	261
17	7	0	0	0	0	82.5873	262
17	7	0	0	0	0	83.056	263
17	8	0	0	0	0	79.1152	264
17	7	0	0	0	0	81.5154	265
17	7	0	0	0	0	79.7162	266
17	7	0	0	0	0	83.9284	267
18	7	0	0	0	0	79.9434	268
18	7	0	0	0	0	77.0693	269
18	8	0	0	0	0	87.3508	270
18	9	0	0	0	0	74.851	271
19	9	0	0	0	0	93.1141	272
18	9	0	0	0	0	95.5963	273
18	9	0	0	0	0	88.147	274
18	9	0	0	0	0	91.8238	275
18	10	0	0	0	0	80.8639	276
18	10	0	0	0	0	83.6047	277
17	8	0	0	0	0	74.1883	278
17	8	0	0	0	0	83.1941	279
17	8	0	0	0	0	84.6015	280
17	8	0	0	0	0	91.1156	281
17	8	0	0	0	0	81.1315	282
17	8	0	0	0	0	87.5627	283
17	9	0	0	0	0	78.7691	284
15	9	0	0	0	0	80.0769	285
14	9	0	0	0	0	72.8943	286
14	9	0	0	0	0	84.6795	287
14	9	0	0	0	0	75.1835	288
14	9	0	0	0	0	83.8631	289
14	9	0	0	0	0	76.3321	290
14	10	0	0	0	0	83.6775	291
14	10	0	0	0	0	75.3178	292
13	10	0	0	0	0	78.9612	293
13	10	0	0	0	0	69.4715	294
13	10	0	0	0	0	83.2485	295
13	10	0	0	0	0	81.53	296
13	10	0	0	0	0	80.9951	297
13	10	0	0	0	0	74.0547	298
13	9	0	0	0	0	71.6134	299
13	9	0	0	0	0	76.6288	300
12	9	0	0	0	0	71.3891	301
12	9	0	0	0	0	71.9879	302
12	9	0	0	0	0	69.4967	303
12	9	0	0	0	0	71.8021	304
12	9	0	0	0	0	65.7743	305
12	10	0	0	0	0	65.8069	306
12	10	0	0	0	0	61.5578	307
12	10	0	0	0	0	64.9077	308
12	10	0	0	0	0	62.3435	309
10	10	0	0	0	0	54.0637	310
10	12	0	0	0	0	59.9384	311
9	12	0	0	0	0	55.0654	312
8	11	0	0	0	0	60.1628	313
8	11	0	0	0	0	64.0007	314
8	11	0	0	0	0	63.4907	315
8	11	0	0	0	0	65.3099	316
8	12	0	0	0	0	64.6745	317
7	12	0	0	0	0	58.7911	318
7	12	0	0	0	0	62.9004	319
7	12	0	0	0	0	67.6608	320
7	12	0	0	0	0	68.3644	321
7	12	0	0	0	0	56.6257	322
8	12	0	0	0	0	61.9376	323
8	12	0	0	0	0	69.9535	324
8	12	0	0	0	0	70.2431	325
8	12	0	0	0	0	67.6956	326
8	14	0	0	0	0	67.0776	327
8	14	0	0	0	0	61.8785	328
7	14	0	0	0	0	67.0924	329
7	14	0	0	0	0	71.0909	330
7	15	0	0	0	0	72.3667	331
7	15	0	0	0	0	73.2609	332
7	15	0	0	0	0	74.0512	333
7	15	0	0	0	0	69.9455	334
7	15	0	0	0	0	72.4773	335
5	15	0	0	0	0	61.4947	336
5	15	0	0	0	0	63.9299	337
5	14	0	0	0	0	58.082	338
5	14	0	0	0	0	64.3638	339
5	14	0	0	0	0	57.7178	340
4	14	0	0	0	0	59.8538	341
4	14	0	0	0	0	60.4245	342
4	14	0	0	0	0	55.2915	343
4	14	0	0	0	0	56.7673	344
4	14	0	0	0	0	59.7542	345
4	14	0	0	0	0	63.5713	346
4	14	0	0	0	0	59.6774	347
4	14	0	0	0	0	60.3382	348
4	16	0	0	0	0	62.2094	349
4	16	0	0	0	0	59.1065	350
4	16	0	0	0	0	72.4674	351
4	16	0	0	0	0	69.3792	352
4	16	0	0	0	0	69.7497	353
4	16	0	0	0	0	67.1496	354
4	16	0	0	0	0	63.1257	355
4	17	0	0	0	0	69.3757	356
4	17	0	0	0	0	74.2907	357
4	17	0	0	0	0	65.457	358
4	17	0	0	0	0	70.6474	359
4	17	0	0	0	0	71.5475	360
4	17	0	0	0	0	60.0548	361
4	17	0	0	0	0	56.9826	362
3	17	0	0	0	0	61.6659	363
3	17	0	0	0	0	64.3846	364
3	16	0	0	0	0	59.0815	365
3	16	0	0	0	0	61.6884	366
3	16	0	0	0	0	64.9294	367
3	16	0	0	0	0	58.9851	368
2	16	0	0	0	0	53.4877	369
2	16	0	0	0	0	57.7511	370
2	16	0	0	0	0	59.8577	371
2	16	0	0	0	0	56.822	372
2	17	0	0	0	0	60.4069	373
2	17	0	0	0	0	53.6925	374
2	17	0	0	0	0	57.8567	375
2	17	0	0	0	0	60.8268	376
2	17	0	0	0	0	61.8497	377
3	16	0	0	0	0	60.6297	378
3	16	0	0	0	0	47.921	379
3	16	0	0	0	0	59.4676	380
3	16	0	0	0	0	67.4115	381
3	16	0	0	0	0	59.9383	382
3	16	0	0	0	0	65.4603	383
3	16	0	0	0	0	61.4849	384
3	16	0	0	0	0	64.4451	385
4	16	0	0	0	0	60.5602	386
4	17	0	0	0	0	63.5163	387
4	17	0	0	0	0	65.6087	388
4	17	0	0	0	0	66.237	389
4	17	0	0	0	0	70.0604	390
5	17	0	0	0	0	64.2177	391
5	17	0	0	0	0	63.7944	392
5	17	0	0	0	0	72.5436	393
4	17	0	0	0	0	64.2823	394
4	17	0	0	0	0	63.3686	395
4	17	0	0	0	0	60.9706	396
5	17	0	0	0	0	74.6365	397
5	17	0	0	0	0	74.4384	398
5	17	0	0	0	0	76.5557	399
5	17	0	0	0	0	69.6887	400
5	17	0	0	0	0	65.9568	401
5	17	0	0	0	0	67.8661	402
5	17	0	0	0	0	65.3057	403
5	17	0	0	0	0	66.6841	404
5	17	0	0	0	0	62.3091	405
5	17	0	0	0	0	64.9464	406
6	17	0	0	0	0	63.035	407
7	17	0	0	0	0	68.3989	408
8	16	0	0	0	0	60.6367	409
8	15	0	0	0	0	63.0394	410
8	14	0	0	0	0	65.7028	411
8	13	0	0	0	0	62.8218	412
8	12	0	0	0	0	60.8064	413
8	11	0	0	0	0	57.0575	414
8	11	0	0	0	0	63.865	415
8	11	0	0	0	0	60.275	416
8	11	0	0	0	0	61.7091	417
8	11	0	0	0	0	50.7393	418
8	11	0	0	0	0	55.7059	419
8	10	0	0	0	0	56.7546	420
8	9	0	0	0	0	54.2062	421
8	9	0	0	0	0	58.0894	422
8	9	0	0	0	0	40.2134	423
9	7	0	0	0	0	36.4924	424
9	7	0	0	0	0	37.1863	425
9	6	0	0	0	0	42.6785	426
9	6	0	0	0	0	43.208	427
9	6	0	0	0	0	50.3161	428
9	6	0	0	0	0	42.0008	429
9	6	0	0	0	0	40.3476	430
9	6	0	0	0	0	43.0185	431
9	6	0	0	0	0	51.3968	432
9	6	0	0	0	0	45.6758	433
9	7	0	0	0	0	44.4607	434
9	7	0	0	0	0	47.002	435
9	7	0	0	0	0	47.8727	436
9	7	0	0	0	0	47.2051	437
9	8	0	0	0	0	48.5424	438
9	7	0	0	0	0	47.3116	439
9	7	0	0	0	0	46.7724	440
9	7	0	0	0	0	50.6404	441
9	7	0	0	0	0	45.622	442
9	8	0	0	0	0	46.5594	443
9	8	0	0	0	0	48.2387	444
10	8	0	0	0	0	46.944	445
10	7	0	0	0	0	55.8361	446
10	7	0	0	0	0	59.491	447
10	7	0	0	0	0	52.5617	448
10	7	0	0	0	0	58.1237	449
10	7	0	0	0	0	47.9209	450
10	7	0	0	0	0	49.1962	451
10	7	0	0	0	0	46.6955	452
10	6	0	0	0	0	50.1543	453
10	6	0	0	0	0	50.5101	454
10	6	0	0	0	0	48.8795	455
9	6	0	0	0	0	50.1255	456
9	6	0	0	0	0	51.8389	457
9	6	0	0	0	0	38.478	458
10	6	0	0	0	0	45.3287	459
11	6	0	0	0	0	50.6404	460
11	6	0	0	0	0	48.6358	461
12	6	0	0	0	0	56.5142	462
11	6	0	0	0	0	55.3083	463
11	6	0	0	0	0	55.5399	464
11	6	0	0	0	0	51.5286	465
11	7	0	0	0	0	51.2067	466
11	7	0	0	0	0	64.2864	467
11	7	0	0	0	0	52.0649	468
11	7	0	0	0	0	61.6315	469
11	7	0	0	0	0	55.4837	470
11	7	0	0	0	0	58.1305	471
11	7	0	0	0	0	60.7599	472
11	7	0	0	0	0	47.9808	473
11	7	0	0	0	0	59.6581	474
11	7	0	0	0	0	49.8543	475
11	7	0	0	0	0	48.0184	476
11	5	0	0	0	0	49.0593	477
11	5	0	0	0	0	45.1439	478
11	5	0	0	0	0	52.28	479
11	5	0	0	0	0	48.8912	480
11	5	0	0	0	0	54.7274	481
11	5	0	0	0	0	53.4329	482
11	5	0	0	0	0	54.2671	483
11	7	0	0	0	0	49.5115	484
11	7	0	0	0	0	59.1939	485
12	9	0	0	0	0	62.1466	486
12	9	0	0	0	0	69.1565	487
12	9	0	0	0	0	71.1769	488
12	9	0	0	0	0	70.8204	489
13	9	0	0	0	0	72.2322	490
13	9	0	0	0	0	73.7952	491
13	9	0	0	0	0	69.3505	492
13	9	0	0	0	0	71.1029	493
13	9	0	0	0	0	71.868	494
13	9	0	0	0	0	75.7342	495
13	9	0	0	0	0	73.1977	496
13	9	0	0	0	0	71.886	497
13	9	0	0	0	0	71.7482	498
13	8	0	0	0	0	66.2647	499
13	8	0	0	0	0	70.9565	500
13	8	0	0	0	0	73.4344	501
13	8	0	0	0	0	73.6231	502
13	8	0	0	0	0	68.4134	503
13	8	0	0	0	0	73.6183	504
14	8	0	0	0	0	72.3075	505
15	8	0	0	0	0	78.5741	506
15	8	0	0	0	0	73.5338	507
14	8	0	0	0	0	64.675	508
15	9	0	0	0	0	79.6802	509
15	9	0	0	0	0	74.4655	510
15	9	0	0	0	0	82.636	511
15	9	0	0	0	0	83.1973	512
15	9	0	0	0	0	75.6086	513
16	9	0	0	0	0	75.8924	514
17	8	0	0	0	0	76.8517	515
17	8	0	0	0	0	79.5287	516
17	8	0	0	0	0	87.5352	517
17	8	0	0	0	0	87.7009	518
17	9	0	0	0	0	88.5509	519
17	9	0	0	0	0	87.2009	520
17	9	0	0	0	0	87.7045	521
17	9	0	0	0	0	92.4839	522
17	9	0	0	0	0	90.373	523
17	9	0	0	0	0	86.3626	524
17	9	0	0	0	0	92.0712	525
17	9	0	0	0	0	75.7599	526
17	9	0	0	0	0	87.9494	527
16	9	0	0	0	0	91.5581	528
16	9	0	0	0	0	79.1684	529
16	9	0	0	0	0	74.8446	530
16	9	0	0	0	0	92.2222	531
16	10	0	0	0	0	85.2028	532
16	10	0	0	0	0	81.946	533
16	10	0	0	0	0	87.9204	534
16	11	0	0	0	0	93.4942	535
16	11	0	0	0	0	84.093	536
16	11	0	0	0	0	89.3547	537
16	11	0	0	0	0	82.6403	538
16	10	0	0	0	0	82.4206	539
16	10	0	0	0	0	91.4504	540
15	11	0	0	0	0	85.7107	541
15	11	0	0	0	0	90.9002	542
15	11	0	0	0	0	86.817	543
16	11	0	0	0	0	85.1887	544
16	11	0	0	0	0	83.8302	545
15	11	0	0	0	0	85.3838	546
15	12	0	0	0	0	85.886	547
15	12	0	0	0	0	88.4135	548
12	12	0	0	0	0	79.6017	549
12	12	0	0	0	0	78.1101	550
11	12	0	0	0	0	71.2648	551
11	12	0	0	0	0	73.8053	552
12	12	0	0	0	0	62.4574	553
13	12	0	0	0	0	72.8719	554
13	12	0	0	0	0	69.5958	555
13	13	0	0	0	0	75.7082	556
13	14	0	0	0	0	65.1539	557
13	14	0	0	0	0	76.4672	558
11	14	0	0	0	0	71.3691	559
11	14	0	0	0	0	70.8355	560
11	14	0	0	0	0	71.9131	561
11	14	0	0	0	0	75.9724	562
11	14	0	0	0	0	69.6741	563
11	15	0	0	0	0	82.3767	564
11	17	0	0	0	0	83.5987	565
11	16	0	0	0	0	84.1463	566
11	16	0	0	0	0	88.2887	567
10	16	0	0	0	0	83.3787	568
11	16	0	0	0	0	93.4039	569
11	16	0	0	0	0	88.5229	570
11	16	0	0	0	0	89.8023	571
11	16	0	0	0	0	91.3842	572
11	16	0	0	0	0	94.4481	573
10	16	0	0	0	0	80.3349	574
10	16	0	0	0	0	75.5829	575
11	18	0	0	0	0	96.0543	576
11	18	0	0	0	0	98.4653	577
11	18	0	0	0	0	91.5683	578
11	18	0	0	0	0	105.582	579
11	18	0	0	0	0	99.4418	580
11	18	0	0	0	0	99.2794	581
11	19	0	0	0	0	106.786	582
11	19	0	0	0	0	101.957	583
11	18	0	0	0	0	102.078	584
11	18	0	0	0	0	101.165	585
11	18	0	0	0	0	101.64	586
11	18	0	0	0	0	100.086	587
12	18	0	0	0	0	106.124	588
12	18	0	0	0	0	107.628	589
12	18	0	0	0	0	98.656	590
12	18	0	0	0	0	111.137	591
12	18	0	0	0	0	99.7844	592
12	18	0	0	0	0	102.706	593
12	18	0	0	0	0	102.179	594
12	18	0	0	0	0	108.11	595
13	18	0	0	0	0	109.146	596
13	18	0	0	0	0	115.512	597
13	18	0	0	0	0	104.291	598
13	18	0	0	0	0	111.351	599
12	18	0	0	0	0	104.979	600
13	19	0	0	0	0	97.4842	601
13	19	0	0	0	0	116.966	602
13	19	0	0	0	0	102.722	603
13	19	0	0	0	0	100.553	604
13	19	0	0	0	0	106.378	605
13	19	0	0	0	0	103.578	606
13	19	0	0	0	0	110.894	607
13	19	0	0	0	0	98.8087	608
13	19	0	0	0	0	101.067	609
11	19	0	0	0	0	105.176	610
11	19	0	0	0	0	108.048	611
11	19	0	0	0	0	102.824	612
11	19	0	0	0	0	104.712	613
12	20	0	0	0	0	103.714	614
12	20	0	0	0	0	94.6771	615
12	20	0	0	0	0	112.372	616
13	20	0	0	0	0	114.442	617
12	20	0	0	0	0	101.709	618
12	19	0	0	0	0	103.931	619
13	20	0	0	0	0	105.626	620
13	21	0	0	0	0	112.282	621
13	21	0	0	0	0	117.23	622
13	21	0	0	0	0	103.344	623
13	22	0	0	0	0	100.9	624
11	21	0	0	0	0	106.405	625
11	21	0	0	0	0	107.704	626
11	21	0	0	0	0	93.5762	627
11	21	0	0	0	0	103.487	628
11	21	0	0	0	0	104.322	629
11	21	0	0	0	0	113.089	630
11	21	0	0	0	0	102.531	631
11	20	0	0	0	0	104.304	632
11	21	0	0	0	0	95.7309	633
12	19	0	0	0	0	94.4849	634
12	19	0	0	0	0	97.4595	635
12	17	0	0	0	0	93.5037	636
12	18	0	0	0	0	98.4356	637
12	18	0	0	0	0	92.1585	638
12	18	0	0	0	0	105.007	639
12	18	0	0	0	0	98.8171	640
12	19	0	0	0	0	105.372	641
12	19	0	0	0	0	106.024	642
12	18	0	0	0	0	91.2706	643
12	18	0	0	0	0	101.443	644
12	18	0	0	0	0	105.658	645
13	17	0	0	0	0	101.708	646
14	17	0	0	0	0	100.653	647
14	17	0	0	0	0	103.289	648
14	17	0	0	0	0	108.582	649
14	17	0	0	0	0	98.5243	650
14	17	0	0	0	0	108.302	651
14	17	0	0	0	0	102.726	652
13	17	0	0	0	0	96.27	653
13	18	0	0	0	0	104.726	654
13	17	0	0	0	0	96.1396	655
13	17	0	0	0	0	107.628	656
13	17	0	0	0	0	100.8	657
13	17	0	0	0	0	99.1147	658
13	18	0	0	0	0	104.726	659
13	18	0	0	0	0	110.098	660
13	18	0	0	0	0	107.195	661
13	18	0	0	0	0	100.714	662
13	18	0	0	0	0	105.047	663
13	18	0	0	0	0	111.498	664
13	18	0	0	0	0	109.721	665
13	18	0	0	0	0	104.266	666
13	18	0	0	0	0	111.242	667
13	18	0	0	0	0	107.119	668
13	18	0	0	0	0	91.9381	669
13	18	0	0	0	0	105.979	670
13	18	0	0	0	0	92.404	671
13	19	0	0	0	0	104.344	672
13	19	0	0	0	0	92.3091	673
13	18	0	0	0	0	82.2769	674
13	18	0	0	0	0	87.9448	675
13	18	0	0	0	0	81.9901	676
12	18	0	0	0	0	92.4905	677
12	17	0	0	0	0	85.8576	678
12	15	0	0	0	0	66.3498	679
13	15	0	0	0	0	80.2589	680
12	15	0	0	0	0	81.885	681
12	14	0	0	0	0	80.0307	682
13	14	0	0	0	0	88.3986	683
13	13	0	0	0	0	85.3375	684
13	13	0	0	0	0	89.7399	685
14	13	0	0	0	0	82.3009	686
14	13	0	0	0	0	90.814	687
14	14	0	0	0	0	79.6208	688
13	14	0	0	0	0	85.4	689
13	12	0	0	0	0	85.2376	690
13	12	0	0	0	0	85.7214	691
13	11	0	0	0	0	78.0696	692
13	11	0	0	0	0	75.1133	693
12	11	0	0	0	0	78.4245	694
12	11	0	0	0	0	84.0733	695
13	11	0	0	0	0	82.4113	696
13	12	0	0	0	0	77.7823	697
13	12	0	0	0	0	88.1477	698
13	12	0	0	0	0	86.8432	699
15	12	0	0	0	0	85.4819	700
15	12	0	0	0	0	90.1751	701
15	12	0	0	0	0	89.4282	702
15	12	0	0	0	0	86.49	703
15	11	0	0	0	0	84.5649	704
15	11	0	0	0	0	91.5658	705
15	11	0	0	0	0	86.4659	706
15	11	0	0	0	0	89.9814	707
15	11	0	0	0	0	86.2253	708
15	11	0	0	0	0	84.1412	709
15	11	0	0	0	0	93.1592	710
15	11	0	0	0	0	90.0435	711
15	11	0	0	0	0	91.9434	712
15	11	0	0	0	0	86.2123	713
15	11	0	0	0	0	82.9129	714
15	10	0	0	0	0	84.2356	715
15	10	0	0	0	0	81.2513	716
15	10	0	0	0	0	87.2489	717
15	10	0	0	0	0	81.6003	718
14	10	0	0	0	0	84.6319	719
14	10	0	0	0	0	73.7063	720
14	10	0	0	0	0	73.4076	721
14	10	0	0	0	0	75.9892	722
14	10	0	0	0	0	83.4244	723
14	10	0	0	0	0	77.7106	724
14	10	0	0	0	0	84.4775	725
14	10	0	0	0	0	72.8824	726
15	10	0	0	0	0	79.3378	727
15	10	0	0	0	0	81.2544	728
15	10	0	0	0	0	82.2763	729
15	10	0	0	0	0	78.1855	730
15	10	0	0	0	0	71.4815	731
15	9	0	0	0	0	78.9768	732
15	10	0	0	0	0	74.5713	733
14	10	0	0	0	0	83.7759	734
16	10	0	0	0	0	87.5789	735
17	10	0	0	0	0	80.6352	736
17	9	0	0	0	0	81.8383	737
17	9	0	0	0	0	92.668	738
17	9	0	0	0	0	88.4337	739
17	9	0	0	0	0	92.8651	740
17	9	0	0	0	0	89.1693	741
17	10	0	0	0	0	83.2372	742
17	10	0	0	0	0	91.3686	743
17	10	0	0	0	0	94.6537	744
17	11	0	0	0	0	93.0013	745
17	11	0	0	0	0	90.4858	746
17	11	0	0	0	0	88.426	747
17	11	0	0	0	0	90.4018	748
17	11	0	0	0	0	86.7957	749
17	11	0	0	0	0	92.7547	750
16	11	0	0	0	0	74.4478	751
14	11	0	0	0	0	91.5679	752
14	11	0	0	0	0	81.5288	753
14	11	0	0	0	0	82.4952	754
13	11	0	0	0	0	74.4099	755
13	11	0	0	0	0	63.6426	756
13	11	0	0	0	0	65.56	757
12	11	0	0	0	0	61.64	758
10	9	0	0	0	0	61.9072	759
10	9	0	0	0	0	58.6982	760
10	9	0	0	0	0	64.4822	761
10	9	0	0	0	0	64.049	762
10	9	0	0	0	0	62.7235	763
10	9	0	0	0	0	50.2803	764
10	9	0	0	0	0	68.3202	765
10	9	0	0	0	0	61.1231	766
10	9	0	0	0	0	52.599	767
10	10	0	0	0	0	63.1191	768
10	10	0	0	0	0	52.3068	769
10	9	0	0	0	0	59.823	770
10	9	0	0	0	0	65.136	771
10	10	0	0	0	0	67.6206	772
10	10	0	0	0	0	68.0467	773
10	12	0	0	0	0	63.561	774
10	12	0	0	0	0	64.4599	775
10	14	0	0	0	0	65.9353	776
12	14	0	0	0	0	72.3759	777
12	14	0	0	0	0	70.8633	778
13	14	0	0	0	0	80.1235	779
13	14	0	0	0	0	91.846	780
13	14	0	0	0	0	82.1494	781
13	15	0	0	0	0	88.3968	782
13	14	0	0	0	0	89.3955	783
12	14	0	0	0	0	89.5125	784
13	14	0	0	0	0	90.0639	785
13	14	0	0	0	0	96.3942	786
13	13	0	0	0	0	90.7618	787
13	13	0	0	0	0	83.8327	788
13	13	0	0	0	0	88.3945	789
13	13	0	0	0	0	86.903	790
13	13	0	0	0	0	79.0201	791
13	12	0	0	0	0	76.8409	792
13	12	0	0	0	0	89.1851	793
13	12	0	0	0	0	88.3113	794
13	12	0	0	0	0	92.124	795
13	12	0	0	0	0	86.2016	796
13	13	0	0	0	0	89.6529	797
13	13	0	0	0	0	87.7131	798
13	13	0	0	0	0	94.8977	799
13	13	0	0	0	0	78.8771	800
13	13	0	0	0	0	88.7483	801
13	13	0	0	0	0	90.4498	802
13	13	0	0	0	0	88.2322	803
13	13	0	0	0	0	93.7982	804
13	13	0	0	0	0	87.0948	805
13	13	0	0	0	0	85.4145	806
13	13	0	0	0	0	90.5446	807
13	13	0	0	0	0	81.1295	808
13	13	0	0	0	0	89.3263	809
13	13	0	0	0	0	88.9333	810
13	13	0	0	0	0	88.5682	811
13	12	0	0	0	0	81.5241	812
12	12	0	0	0	0	84.828	813
12	12	0	0	0	0	86.4967	814
13	12	0	0	0	0	79.274	815
14	12	0	0	0	0	83.144	816
14	12	0	0	0	0	84.7035	817
14	13	0	0	0	0	91.8993	818
14	13	0	0	0	0	84.9034	819
14	13	0	0	0	0	81.3066	820
11	13	0	0	0	0	77.5844	821
11	13	0	0	0	0	76.5001	822
12	13	0	0	0	0	76.8609	823
12	13	0	0	0	0	76.7034	824
12	14	0	0	0	0	71.181	825
12	14	0	0	0	0	74.1495	826
13	14	0	0	0	0	62.5008	827
13	13	0	0	0	0	73.6618	828
13	13	0	0	0	0	74.3702	829
13	12	0	0	0	0	75.9391	830
12	12	0	0	0	0	72.109	831
12	12	0	0	0	0	62.1222	832
11	12	0	0	0	0	68.9793	833
11	12	0	0	0	0	74.0239	834
11	12	0	0	0	0	70.0854	835
11	12	0	0	0	0	76.8387	836
11	12	0	0	0	0	77.7286	837
11	12	0	0	0	0	76.879	838
11	12	0	0	0	0	79.4052	839
11	13	0	0	0	0	74.5601	840
11	13	0	0	0	0	78.1949	841
11	13	0	0	0	0	79.398	842
11	13	0	0	0	0	74.0194	843
11	13	0	0	0	0	80.7143	844
12	13	0	0	0	0	77.5658	845
13	13	0	0	0	0	81.0995	846
13	12	0	0	0	0	78.8153	847
13	11	0	0	0	0	78.6374	848
13	12	0	0	0	0	65.9006	849
13	11	0	0	0	0	60.7502	850
13	11	0	0	0	0	86.6677	851
13	11	0	0	0	0	85.4432	852
13	12	0	0	0	0	71.4839	853
13	12	0	0	0	0	79.653	854
13	12	0	0	0	0	88.9473	855
13	12	0	0	0	0	86.6446	856
13	12	0	0	0	0	70.7354	857
13	11	0	0	0	0	82.4213	858
13	11	0	0	0	0	75.5517	859
13	11	0	0	0	0	82.4321	860
13	11	0	0	0	0	82.6105	861
13	11	0	0	0	0	61.509	862
14	11	0	0	0	0	75.6594	863
14	11	0	0	0	0	80.0691	864
14	11	0	0	0	0	76.4697	865
14	10	0	0	0	0	75.8046	866
13	10	0	0	0	0	63.2404	867
13	10	0	0	0	0	66.5693	868
13	10	0	0	0	0	69.4566	869
14	10	0	0	0	0	74.6444	870
14	9	0	0	0	0	71.9549	871
14	9	0	0	0	0	72.987	872
14	8	0	0	0	0	70.6557	873
14	8	0	0	0	0	70.8355	874
14	8	0	0	0	0	76.6444	875
14	8	0	0	0	0	77.4598	876
14	8	0	0	0	0	74.7299	877
14	8	0	0	0	0	72.0839	878
14	8	0	0	0	0	76.9866	879
14	8	0	0	0	0	72.8771	880
14	8	0	0	0	0	68.4531	881
14	8	0	0	0	0	69.7206	882
14	8	0	0	0	0	64.3878	883
14	8	0	0	0	0	66.4804	884
12	8	0	0	0	0	65.543	885
13	8	0	0	0	0	62.3563	886
14	8	0	0	0	0	68.1099	887
14	8	0	0	0	0	74.9167	888
14	8	0	0	0	0	75.192	889
14	8	0	0	0	0	64.9995	890
14	6	0	0	0	0	65.1793	891
14	6	0	0	0	0	69.7454	892
14	6	0	0	0	0	72.6601	893
14	6	0	0	0	0	58.6873	894
14	6	0	0	0	0	63.8718	895
14	6	0	0	0	0	71.7756	896
14	6	0	0	0	0	58.2608	897
14	6	0	0	0	0	55.3994	898
14	6	0	0	0	0	66.3123	899
14	6	0	0	0	0	67.9076	900
14	6	0	0	0	0	67.5617	901
14	6	0	0	0	0	72.3745	902
14	6	0	0	0	0	68.5398	903
14	6	0	0	0	0	68.2557	904
14	7	0	0	0	0	69.4266	905
14	7	0	0	0	0	59.3532	906
14	7	0	0	0	0	64.1306	907
14	7	0	0	0	0	58.3547	908
14	5	0	0	0	0	66.5913	909
14	5	0	0	0	0	63.8538	910
14	5	0	0	0	0	64.5314	911
13	5	0	0	0	0	57.9173	912
13	5	0	0	0	0	58.9108	913
13	5	0	0	0	0	57.7434	914
13	6	0	0	0	0	64.2762	915
13	6	0	0	0	0	55.9661	916
13	6	0	0	0	0	56.5575	917
13	6	0	0	0	0	62.2402	918
13	6	0	0	0	0	62.7726	919
13	7	0	0	0	0	61.5869	920
13	7	0	0	0	0	61.4874	921
13	7	0	0	0	0	63.2363	922
14	7	0	0	0	0	60.993	923
14	7	0	0	0	0	63.5252	924
14	7	0	0	0	0	61.9891	925
14	7	0	0	0	0	61.9157	926
13	7	0	0	0	0	57.1279	927
13	7	0	0	0	0	68.2723	928
13	7	0	0	0	0	62.9734	929
14	7	0	0	0	0	68.5083	930
14	7	0	0	0	0	72.2683	931
15	7	0	0	0	0	71.4121	932
15	7	0	0	0	0	69.8205	933
15	7	0	0	0	0	72.5109	934
15	7	0	0	0	0	73.3604	935
18	7	0	0	0	0	80.1432	936
19	7	0	0	0	0	83.2364	937
19	7	0	0	0	0	80.9671	938
19	7	0	0	0	0	87.1279	939
20	7	0	0	0	0	85.7165	940
20	7	0	0	0	0	91.5806	941
20	7	0	0	0	0	90.2054	942
20	7	0	0	0	0	91.8852	943
21	7	0	0	0	0	72.964	944
19	7	0	0	0	0	75.8648	945
19	9	0	0	0	0	92.0476	946
19	9	0	0	0	0	95.4532	947
19	9	0	0	0	0	95.8679	948
19	9	0	0	0	0	89.1761	949
19	9	0	0	0	0	88.4638	950
19	9	0	0	0	0	90.6305	951
20	10	0	0	0	0	85.084	952
19	10	0	0	0	0	97.6078	953
20	10	0	0	0	0	94.516	954
19	10	0	0	0	0	93.9071	955
19	10	0	0	0	0	104.443	956
19	13	0	0	0	0	98.3147	957
19	12	0	0	0	0	106.188	958
19	12	0	0	0	0	101.71	959
19	12	0	0	0	0	107.715	960
19	12	0	0	0	0	106.677	961
19	12	0	0	0	0	102.915	962
19	12	0	0	0	0	104.524	963
19	17	0	0	0	0	106.183	964
19	18	0	0	0	0	124.038	965
19	18	0	0	0	0	133.733	966
19	18	0	0	0	0	117.08	967
20	17	0	0	0	0	126.436	968
20	17	0	0	0	0	116.555	969
20	17	0	0	0	0	127.146	970
20	17	0	0	0	0	121.67	971
21	18	0	0	0	0	118.15	972
17	18	0	0	0	0	119.433	973
17	18	0	0	0	0	118.863	974
17	18	0	0	0	0	117.703	975
17	18	0	0	0	0	117.172	976
17	18	0	0	0	0	117.703	977
17	18	0	0	0	0	127.511	978
17	19	0	0	0	0	123.096	979
17	19	0	0	0	0	124.197	980
17	19	0	0	0	0	128.097	981
17	19	0	0	0	0	126.317	982
16	19	0	0	0	0	117.102	983
16	19	0	0	0	0	132.149	984
16	19	0	0	0	0	117.298	985
16	19	0	0	0	0	124.434	986
16	19	0	0	0	0	118.144	987
16	19	0	0	0	0	126.68	988
16	21	0	0	0	0	129.304	989
16	21	0	0	0	0	127.387	990
16	21	0	0	0	0	120.298	991
16	21	0	0	0	0	124.345	992
16	21	0	0	0	0	125.235	993
16	20	0	0	0	0	120.436	994
17	20	0	0	0	0	131.692	995
19	20	0	0	0	0	125.368	996
19	20	0	0	0	0	123.127	997
18	20	0	0	0	0	129.733	998
18	22	0	0	0	0	140.058	999
18	22	0	0	0	0	137.46	1000
18	21	0	0	0	0	134.601	1001
18	20	0	0	0	0	136.605	1002
18	20	0	0	0	0	133.527	1003
19	20	0	0	0	0	129.84	1004
19	20	0	0	0	0	142.693	1005
19	20	0	0	0	0	127.062	1006
19	20	0	0	0	0	125.955	1007
19	21	0	0	0	0	146.638	1008
19	21	0	0	0	0	150.658	1009
22	22	0	0	0	0	141.026	1010
22	22	0	0	0	0	155.26	1011
22	22	0	0	0	0	149.337	1012
22	22	0	0	0	0	140.374	1013
22	22	0	0	0	0	149.921	1014
21	22	0	0	0	0	150.914	1015
21	22	0	0	0	0	148.538	1016
21	22	0	0	0	0	152.379	1017
21	22	0	0	0	0	159.357	1018
21	22	0	0	0	0	135.64	1019
20	22	0	0	0	0	147.501	1020
20	22	0	0	0	0	157.911	1021
20	24	0	0	0	0	145.541	1022
21	25	0	0	0	0	139.441	1023
22	25	0	0	0	0	163.814	1024
23	25	0	0	0	0	157.698	1025
23	25	0	0	0	0	155.523	1026
21	25	0	0	0	0	155.907	1027
21	25	0	0	0	0	159.048	1028
21	23	0	0	0	0	138.844	1029
21	23	0	0	0	0	158.852	1030
21	23	0	0	0	0	146.709	1031
21	23	0	0	0	0	153.008	1032
21	23	0	0	0	0	142.453	1033
21	23	0	0	0	0	163.033	1034
21	22	0	0	0	0	154.347	1035
21	22	0	0	0	0	162.08	1036
21	22	0	0	0	0	145.23	1037
21	22	0	0	0	0	158.84	1038
21	22	0	0	0	0	144.741	1039
21	23	0	0	0	0	154.379	1040
21	23	0	0	0	0	162.197	1041
21	23	0	0	0	0	151.39	1042
22	23	0	0	0	0	163.522	1043
22	23	0	0	0	0	138.579	1044
21	24	0	0	0	0	146.066	1045
21	25	0	0	0	0	157.2	1046
22	26	0	0	0	0	156.04	1047
22	26	0	0	0	0	166.651	1048
22	26	0	0	0	0	162.854	1049
21	26	0	0	0	0	152.076	1050
21	26	0	0	0	0	164.149	1051
21	25	0	0	0	0	144.101	1052
20	25	0	0	0	0	167.755	1053
20	26	0	0	0	0	157.25	1054
20	26	0	0	0	0	167.179	1055
20	26	0	0	0	0	160.805	1056
20	26	0	0	0	0	163.465	1057
20	26	0	0	0	0	170.484	1058
19	27	0	0	0	0	170.29	1059
19	27	0	0	0	0	165.951	1060
19	27	0	0	0	0	151.375	1061
19	27	0	0	0	0	164.4	1062
19	27	0	0	0	0	147.389	1063
19	27	0	0	0	0	148.013	1064
19	28	0	0	0	0	150.614	1065
18	28	0	0	0	0	154.712	1066
17	28	0	0	0	0	165.307	1067
17	28	0	0	0	0	151.179	1068
17	28	0	0	0	0	145.704	1069
17	28	0	0	0	0	165.852	1070
17	28	0	0	0	0	148.913	1071
17	28	0	0	0	0	154.204	1072
16	28	0	0	0	0	167.073	1073
16	28	0	0	0	0	160.606	1074
16	29	0	0	0	0	155.572	1075
16	29	0	0	0	0	164.086	1076
16	29	0	0	0	0	170.683	1077
16	29	0	0	0	0	133.149	1078
16	29	0	0	0	0	153.199	1079
17	29	0	0	0	0	166.414	1080
17	29	0	0	0	0	155.582	1081
17	30	0	0	0	0	136.984	1082
17	30	0	0	0	0	139.748	1083
17	30	0	0	0	0	123.415	1084
17	30	0	0	0	0	122.788	1085
13	30	0	0	0	0	131.185	1086
12	30	0	0	0	0	121.075	1087
12	27	0	0	0	0	126.503	1088
12	26	0	0	0	0	128.654	1089
12	26	0	0	0	0	124.684	1090
11	26	0	0	0	0	131.818	1091
11	26	0	0	0	0	130.022	1092
11	26	0	0	0	0	120.443	1093
10	25	0	0	0	0	120.908	1094
10	24	0	0	0	0	114.736	1095
10	23	0	0	0	0	106.349	1096
10	23	0	0	0	0	118.274	1097
10	23	0	0	0	0	110.537	1098
10	23	0	0	0	0	117.164	1099
11	23	0	0	0	0	117.951	1100
11	23	0	0	0	0	111.537	1101
11	23	0	0	0	0	125.069	1102
11	23	0	0	0	0	118.179	1103
11	23	0	0	0	0	114.265	1104
11	23	0	0	0	0	110.236	1105
12	23	0	0	0	0	117.745	1106
12	22	0	0	0	0	123.205	1107
12	22	0	0	0	0	103.301	1108
12	22	0	0	0	0	116.716	1109
12	21	0	0	0	0	123.104	1110
12	21	0	0	0	0	82.8218	1111
12	21	0	0	0	0	85.2055	1112
12	21	0	0	0	0	94.4756	1113
12	18	0	0	0	0	98.4678	1114
12	18	0	0	0	0	98.5094	1115
12	18	0	0	0	0	94.8573	1116
12	16	0	0	0	0	99.8147	1117
12	16	0	0	0	0	97.5988	1118
12	16	0	0	0	0	99.0434	1119
12	17	0	0	0	0	92.8431	1120
12	19	0	0	0	0	104.578	1121
12	19	0	0	0	0	98.7923	1122
12	19	0	0	0	0	109.009	1123
12	19	0	0	0	0	113.203	1124
12	19	0	0	0	0	107.209	1125
12	19	0	0	0	0	108.827	1126
12	19	0	0	0	0	113.853	1127
12	19	0	0	0	0	101.856	1128
12	19	0	0	0	0	91.1751	1129
11	19	0	0	0	0	106.183	1130
11	19	0	0	0	0	110.577	1131
11	20	0	0	0	0	79.4666	1132
11	20	0	0	0	0	87.9793	1133
12	20	0	0	0	0	88.3595	1134
12	20	0	0	0	0	92.2493	1135
12	20	0	0	0	0	97.3982	1136
12	21	0	0	0	0	92.1295	1137
12	21	0	0	0	0	90.3774	1138
12	20	0	0	0	0	88.7939	1139
12	20	0	0	0	0	87.4596	1140
11	20	0	0	0	0	90.4881	1141
11	19	0	0	0	0	92.0915	1142
11	19	0	0	0	0	89.8653	1143
11	19	0	0	0	0	97.9856	1144
11	20	0	0	0	0	102.961	1145
9	20	0	0	0	0	99.2978	1146
9	20	0	0	0	0	101.721	1147
9	19	0	0	0	0	69.2236	1148
9	18	0	0	0	0	80.261	1149
9	18	0	0	0	0	84.7349	1150
9	18	0	0	0	0	93.6224	1151
9	18	0	0	0	0	88.3474	1152
10	17	0	0	0	0	87.9991	1153
10	17	0	0	0	0	93.8555	1154
10	17	0	0	0	0	81.6649	1155
10	17	0	0	0	0	89.1801	1156
10	17	0	0	0	0	67.0914	1157
10	17	0	0	0	0	78.4497	1158
10	17	0	0	0	0	70.4134	1159
7	16	0	0	0	0	80.521	1160
8	16	0	0	0	0	84.3618	1161
8	16	0	0	0	0	77.5982	1162
8	16	0	0	0	0	79.6398	1163
8	17	0	0	0	0	78.8525	1164
9	17	0	0	0	0	80.7044	1165
9	17	0	0	0	0	73.6862	1166
9	16	0	0	0	0	85.4094	1167
9	16	0	0	0	0	85.2452	1168
9	16	0	0	0	0	83.7046	1169
9	16	0	0	0	0	83.185	1170
10	16	0	0	0	0	85.12	1171
10	15	0	0	0	0	62.3191	1172
9	15	0	0	0	0	71.8756	1173
8	15	0	0	0	0	62.6613	1174
8	16	0	0	0	0	73.6207	1175
8	16	0	0	0	0	73.8916	1176
8	16	0	0	0	0	75.971	1177
8	16	0	0	0	0	78.9519	1178
8	16	0	0	0	0	73.2895	1179
8	16	0	0	0	0	77.4232	1180
8	16	0	0	0	0	73.2512	1181
8	16	0	0	0	0	82.5988	1182
10	16	0	0	0	0	69.7696	1183
11	15	0	0	0	0	68.569	1184
11	15	0	0	0	0	76.875	1185
11	15	0	0	0	0	80.9136	1186
11	14	0	0	0	0	83.638	1187
11	13	0	0	0	0	70.785	1188
11	13	0	0	0	0	83.4878	1189
11	13	0	0	0	0	79.9299	1190
11	13	0	0	0	0	76.6526	1191
11	13	0	0	0	0	77.3061	1192
11	13	0	0	0	0	70.3061	1193
11	13	0	0	0	0	65.4224	1194
11	13	0	0	0	0	71.1519	1195
11	11	0	0	0	0	71.8349	1196
11	11	0	0	0	0	77.308	1197
11	11	0	0	0	0	69.446	1198
11	11	0	0	0	0	61.7636	1199
11	11	0	0	0	0	69.5752	1200
11	11	0	0	0	0	71.2654	1201
11	11	0	0	0	0	73.2348	1202
11	10	0	0	0	0	69.4317	1203
11	10	0	0	0	0	63.3257	1204
11	10	0	0	0	0	55.2384	1205
11	10	0	0	0	0	58.2767	1206
11	10	0	0	0	0	60.3988	1207
11	10	0	0	0	0	50.997	1208
11	10	0	0	0	0	52.9179	1209
11	9	0	0	0	0	56.3642	1210
11	9	0	0	0	0	55.9049	1211
11	9	0	0	0	0	60.793	1212
11	9	0	0	0	0	47.4987	1213
11	8	0	0	0	0	53.1665	1214
11	7	0	0	0	0	58.2393	1215
10	7	0	0	0	0	57.2682	1216
10	7	0	0	0	0	55.2092	1217
10	7	0	0	0	0	50.2903	1218
10	7	0	0	0	0	53.127	1219
10	7	0	0	0	0	49.6228	1220
11	7	0	0	0	0	58.2404	1221
11	7	0	0	0	0	57.2298	1222
11	7	0	0	0	0	54.2504	1223
11	7	0	0	0	0	54.9093	1224
11	9	0	0	0	0	59.3293	1225
12	9	0	0	0	0	69.0562	1226
12	9	0	0	0	0	65.8674	1227
12	9	0	0	0	0	64.5831	1228
13	9	0	0	0	0	64.6112	1229
13	9	0	0	0	0	78.472	1230
13	9	0	0	0	0	66.3399	1231
13	9	0	0	0	0	73.7769	1232
13	9	0	0	0	0	75.2761	1233
12	9	0	0	0	0	73.4167	1234
12	9	0	0	0	0	68.3639	1235
12	9	0	0	0	0	67.1491	1236
12	9	0	0	0	0	72.2818	1237
12	9	0	0	0	0	73.4696	1238
12	9	0	0	0	0	73.8053	1239
12	9	0	0	0	0	69.3294	1240
12	9	0	0	0	0	66.3964	1241
12	9	0	0	0	0	66.1957	1242
12	9	0	0	0	0	66.6188	1243
12	12	0	0	0	0	72.1935	1244
11	12	0	0	0	0	74.9631	1245
11	12	0	0	0	0	69.2093	1246
11	12	0	0	0	0	67.2726	1247
10	13	0	0	0	0	75.106	1248
10	13	0	0	0	0	70.0069	1249
9	13	0	0	0	0	69.9047	1250
9	14	0	0	0	0	69.4578	1251
9	14	0	0	0	0	65.222	1252
7	14	0	0	0	0	67.7426	1253
6	14	0	0	0	0	67.4151	1254
6	14	0	0	0	0	67.5617	1255
6	14	0	0	0	0	69.833	1256
6	14	0	0	0	0	64.62	1257
6	14	0	0	0	0	63.7891	1258
6	14	0	0	0	0	67.8791	1259
6	14	0	0	0	0	66.6913	1260
5	14	0	0	0	0	63.5658	1261
5	14	0	0	0	0	65.35	1262
5	14	0	0	0	0	60.9244	1263
5	14	0	0	0	0	67.2288	1264
5	14	0	0	0	0	56.1185	1265
5	14	0	0	0	0	63.6441	1266
5	15	0	0	0	0	58.6272	1267
6	15	0	0	0	0	56.6013	1268
6	15	0	0	0	0	56.3745	1269
5	14	0	0	0	0	57.4869	1270
5	14	0	0	0	0	60.8274	1271
6	14	0	0	0	0	63.1027	1272
6	14	0	0	0	0	69.0611	1273
6	14	0	0	0	0	59.2952	1274
6	14	0	0	0	0	67.091	1275
7	14	0	0	0	0	65.9721	1276
7	14	0	0	0	0	66.7123	1277
7	14	0	0	0	0	70.0699	1278
8	14	0	0	0	0	69.271	1279
8	14	0	0	0	0	65.2578	1280
8	14	0	0	0	0	65.518	1281
8	14	0	0	0	0	68.4295	1282
8	13	0	0	0	0	69.5417	1283
8	12	0	0	0	0	60.8971	1284
8	12	0	0	0	0	57.0246	1285
8	12	0	0	0	0	65.5459	1286
8	11	0	0	0	0	61.7704	1287
8	11	0	0	0	0	58.8538	1288
8	11	0	0	0	0	57.9581	1289
8	11	0	0	0	0	59.8247	1290
8	11	0	0	0	0	61.079	1291
8	11	0	0	0	0	60.9141	1292
8	11	0	0	0	0	55.7805	1293
9	11	0	0	0	0	64.639	1294
10	10	0	0	0	0	53.6739	1295
11	10	0	0	0	0	72.5015	1296
11	10	0	0	0	0	65.9487	1297
11	10	0	0	0	0	68.6481	1298
11	9	0	0	0	0	56.9249	1299
11	9	0	0	0	0	62.685	1300
11	9	0	0	0	0	60.3173	1301
11	9	0	0	0	0	53.949	1302
11	8	0	0	0	0	58.6145	1303
11	9	0	0	0	0	57.744	1304
11	10	0	0	0	0	65.2888	1305
12	10	0	0	0	0	67.5281	1306
12	10	0	0	0	0	64.9255	1307
12	10	0	0	0	0	69.3716	1308
12	10	0	0	0	0	77.1168	1309
12	10	0	0	0	0	72.243	1310
12	10	0	0	0	0	65.1243	1311
12	10	0	0	0	0	76.1496	1312
12	10	0	0	0	0	71.4426	1313
12	10	0	0	0	0	60.0154	1314
11	11	0	0	0	0	53.5316	1315
11	11	0	0	0	0	53.3463	1316
12	11	0	0	0	0	52.1719	1317
12	12	0	0	0	0	49.1348	1318
12	12	0	0	0	0	50.4256	1319
12	13	0	0	0	0	51.0485	1320
12	13	0	0	0	0	51.5205	1321
10	14	0	0	0	0	43.1366	1322
9	12	0	0	0	0	65.1697	1323
9	13	0	0	0	0	65.5788	1324
9	13	0	0	0	0	68.7003	1325
9	13	0	0	0	0	66.9446	1326
10	13	0	0	0	0	70.8711	1327
10	13	0	0	0	0	73.0499	1328
10	13	0	0	0	0	75.4245	1329
10	13	0	0	0	0	73.2677	1330
10	13	0	0	0	0	69.8003	1331
9	13	0	0	0	0	75.4683	1332
10	13	0	0	0	0	71.8571	1333
10	13	0	0	0	0	77.9735	1334
10	13	0	0	0	0	80.8832	1335
10	13	0	0	0	0	73.8422	1336
10	13	0	0	0	0	76.9237	1337
10	13	0	0	0	0	79.6906	1338
10	12	0	0	0	0	73.461	1339
10	13	0	0	0	0	67.4933	1340
10	12	0	0	0	0	73.2447	1341
10	12	0	0	0	0	73.4037	1342
10	12	0	0	0	0	71.8178	1343
10	12	0	0	0	0	75.5051	1344
10	12	0	0	0	0	73.9842	1345
10	12	0	0	0	0	74.7631	1346
11	12	0	0	0	0	73.7202	1347
11	12	0	0	0	0	78.8285	1348
11	12	0	0	0	0	80.4412	1349
12	12	0	0	0	0	81.1438	1350
12	13	0	0	0	0	74.2611	1351
12	13	0	0	0	0	79.2268	1352
12	13	0	0	0	0	83.7146	1353
12	13	0	0	0	0	86.6974	1354
12	14	0	0	0	0	85.4397	1355
12	14	0	0	0	0	83.1134	1356
12	14	0	0	0	0	84.6777	1357
12	14	0	0	0	0	92.0017	1358
12	15	0	0	0	0	89.4753	1359
12	15	0	0	0	0	91.4659	1360
12	15	0	0	0	0	93.41	1361
11	15	0	0	0	0	83.9167	1362
11	14	0	0	0	0	84.6982	1363
11	14	0	0	0	0	84.9908	1364
11	14	0	0	0	0	80.4231	1365
11	15	0	0	0	0	87.3662	1366
11	15	0	0	0	0	86.7882	1367
11	15	0	0	0	0	87.901	1368
11	15	0	0	0	0	75.3991	1369
11	15	0	0	0	0	84.7574	1370
11	13	0	0	0	0	82.8899	1371
11	13	0	0	0	0	82.0136	1372
11	13	0	0	0	0	77.6632	1373
12	13	0	0	0	0	84.3921	1374
12	13	0	0	0	0	83.5392	1375
12	13	0	0	0	0	81.0392	1376
12	13	0	0	0	0	84.6908	1377
12	13	0	0	0	0	81.4803	1378
12	13	0	0	0	0	76.3975	1379
12	13	0	0	0	0	82.5209	1380
12	13	0	0	0	0	88.2813	1381
12	14	0	0	0	0	86.3288	1382
12	14	0	0	0	0	86.0438	1383
12	14	0	0	0	0	78.0243	1384
12	14	0	0	0	0	84.4613	1385
12	14	0	0	0	0	93.9755	1386
12	14	0	0	0	0	85.6447	1387
12	14	0	0	0	0	87.2945	1388
12	16	0	0	0	0	94.9855	1389
12	16	0	0	0	0	71.0595	1390
12	16	0	0	0	0	88.8973	1391
12	14	0	0	0	0	75.3915	1392
13	14	0	0	0	0	87.6656	1393
13	13	0	0	0	0	72.6056	1394
12	13	0	0	0	0	82.6186	1395
12	13	0	0	0	0	76.18	1396
12	13	0	0	0	0	86.2618	1397
12	12	0	0	0	0	80.3815	1398
12	12	0	0	0	0	83.5197	1399
13	12	0	0	0	0	79.632	1400
13	12	0	0	0	0	80.4505	1401
13	12	0	0	0	0	87.4307	1402
13	12	0	0	0	0	87.6541	1403
13	12	0	0	0	0	88.9074	1404
13	12	0	0	0	0	83.1944	1405
14	12	0	0	0	0	82.5369	1406
14	12	0	0	0	0	84.2298	1407
14	12	0	0	0	0	89.8216	1408
14	12	0	0	0	0	82.1193	1409
14	12	0	0	0	0	89.0887	1410
14	12	0	0	0	0	87.1097	1411
14	12	0	0	0	0	89.0104	1412
14	12	0	0	0	0	95.0809	1413
14	12	0	0	0	0	88.6096	1414
14	12	0	0	0	0	88.6594	1415
14	12	0	0	0	0	89.455	1416
14	12	0	0	0	0	64.9423	1417
14	11	0	0	0	0	87.3603	1418
14	11	0	0	0	0	83.1937	1419
14	12	0	0	0	0	87.799	1420
15	12	0	0	0	0	84.1634	1421
15	12	0	0	0	0	72.9955	1422
15	13	0	0	0	0	82.6704	1423
15	13	0	0	0	0	91.5057	1424
15	13	0	0	0	0	82.8143	1425
14	13	0	0	0	0	87.0366	1426
13	13	0	0	0	0	80.4453	1427
13	13	0	0	0	0	87.7499	1428
12	13	0	0	0	0	91.2434	1429
12	13	0	0	0	0	70.9842	1430
12	12	0	0	0	0	88.4727	1431
12	12	0	0	0	0	78.3195	1432
12	14	0	0	0	0	72.5728	1433
13	14	0	0	0	0	91.4037	1434
13	14	0	0	0	0	88.1058	1435
13	14	0	0	0	0	90.6882	1436
13	15	0	0	0	0	95.778	1437
13	15	0	0	0	0	91.9244	1438
13	15	0	0	0	0	95.3446	1439
13	17	0	0	0	0	93.9076	1440
13	20	0	0	0	0	99.8971	1441
12	20	0	0	0	0	107.553	1442
12	20	0	0	0	0	108.956	1443
13	19	0	0	0	0	102.89	1444
12	19	0	0	0	0	87.6006	1445
9	19	0	0	0	0	97.2413	1446
9	19	0	0	0	0	103.523	1447
9	19	0	0	0	0	89.5129	1448
9	19	0	0	0	0	97.5064	1449
9	18	0	0	0	0	95.9984	1450
9	18	0	0	0	0	85.0527	1451
9	17	0	0	0	0	90.9073	1452
8	17	0	0	0	0	81.2312	1453
9	16	0	0	0	0	82.7276	1454
9	16	0	0	0	0	89.6032	1455
9	16	0	0	0	0	65.5884	1456
9	16	0	0	0	0	90.5864	1457
9	16	0	0	0	0	87.2773	1458
9	16	0	0	0	0	86.8989	1459
9	16	0	0	0	0	79.3194	1460
9	16	0	0	0	0	86.9754	1461
9	16	0	0	0	0	79.5856	1462
9	16	0	0	0	0	81.4498	1463
9	16	0	0	0	0	78.9811	1464
9	16	0	0	0	0	81.22	1465
9	16	0	0	0	0	78.4926	1466
7	16	0	0	0	0	74.1587	1467
7	16	0	0	0	0	64.2548	1468
8	16	0	0	0	0	69.1259	1469
8	15	0	0	0	0	82.1057	1470
8	15	0	0	0	0	77.4145	1471
8	15	0	0	0	0	76.1195	1472
8	15	0	0	0	0	78.7252	1473
8	15	0	0	0	0	70.0009	1474
8	16	0	0	0	0	74.8792	1475
9	16	0	0	0	0	71.5543	1476
9	16	0	0	0	0	72.4854	1477
9	16	0	0	0	0	76.4573	1478
9	16	0	0	0	0	71.6514	1479
9	15	0	0	0	0	77.1547	1480
9	15	0	0	0	0	74.5331	1481
9	16	0	0	0	0	83.144	1482
8	16	0	0	0	0	81.7627	1483
8	16	0	0	0	0	76.0469	1484
8	16	0	0	0	0	78.2135	1485
8	16	0	0	0	0	82.3389	1486
8	16	0	0	0	0	83.8365	1487
8	16	0	0	0	0	77.7761	1488
8	16	0	0	0	0	77.3962	1489
9	15	0	0	0	0	74.2603	1490
9	15	0	0	0	0	77.472	1491
9	15	0	0	0	0	75.2813	1492
9	15	0	0	0	0	80.755	1493
9	15	0	0	0	0	83.9842	1494
9	15	0	0	0	0	82.0516	1495
9	15	0	0	0	0	72.3585	1496
9	15	0	0	0	0	78.0748	1497
9	15	0	0	0	0	82.661	1498
9	15	0	0	0	0	71.7764	1499
9	15	0	0	0	0	78.35	1500
9	15	0	0	0	0	76.3616	1501
9	15	0	0	0	0	80.9243	1502
9	15	0	0	0	0	80.0847	1503
9	14	0	0	0	0	73.5351	1504
9	14	0	0	0	0	67.5921	1505
10	13	0	0	0	0	70.7594	1506
10	13	0	0	0	0	60.2852	1507
10	13	0	0	0	0	64.5699	1508
10	10	0	0	0	0	61.3221	1509
9	10	0	0	0	0	60.8198	1510
10	10	0	0	0	0	50.0309	1511
9	9	0	0	0	0	59.9637	1512
9	9	0	0	0	0	58.5162	1513
9	9	0	0	0	0	61.8617	1514
9	10	0	0	0	0	53.1308	1515
9	9	0	0	0	0	53.0111	1516
9	9	0	0	0	0	55.5458	1517
9	9	0	0	0	0	49.5721	1518
9	9	0	0	0	0	58.2359	1519
10	9	0	0	0	0	58.1029	1520
10	9	0	0	0	0	55.7336	1521
10	9	0	0	0	0	60.4282	1522
11	8	0	0	0	0	60.0207	1523
11	8	0	0	0	0	66.8706	1524
11	9	0	0	0	0	62.9757	1525
11	9	0	0	0	0	55.0849	1526
11	9	0	0	0	0	63.8605	1527
11	9	0	0	0	0	64.3501	1528
11	9	0	0	0	0	63.5318	1529
11	9	0	0	0	0	65.8638	1530
11	9	0	0	0	0	59.1981	1531
11	9	0	0	0	0	70.0511	1532
11	9	0	0	0	0	53.6797	1533
10	9	0	0	0	0	52.7799	1534
9	9	0	0	0	0	63.1306	1535
9	10	0	0	0	0	62.1819	1536
9	10	0	0	0	0	56.6429	1537
9	10	0	0	0	0	50.4284	1538
9	10	0	0	0	0	61.2248	1539
9	10	0	0	0	0	64.5451	1540
9	10	0	0	0	0	59.92	1541
9	10	0	0	0	0	57.865	1542
9	8	0	0	0	0	51.496	1543
9	9	0	0	0	0	56.2364	1544
9	9	0	0	0	0	59.0685	1545
9	9	0	0	0	0	58.9308	1546
9	9	0	0	0	0	55.2349	1547
9	9	0	0	0	0	50.5931	1548
9	9	0	0	0	0	47.2327	1549
8	9	0	0	0	0	60.8794	1550
8	9	0	0	0	0	53.5716	1551
8	9	0	0	0	0	55.3976	1552
8	10	0	0	0	0	56.8452	1553
8	9	0	0	0	0	57.5836	1554
8	9	0	0	0	0	51.3944	1555
7	9	0	0	0	0	53.7913	1556
7	9	0	0	0	0	52.8909	1557
7	9	0	0	0	0	53.8946	1558
7	9	0	0	0	0	49.3808	1559
7	9	0	0	0	0	54.1735	1560
7	9	0	0	0	0	56.6247	1561
7	9	0	0	0	0	50.2994	1562
8	9	0	0	0	0	54.1614	1563
8	9	0	0	0	0	55.2349	1564
9	9	0	0	0	0	50.9366	1565
9	9	0	0	0	0	52.8838	1566
9	9	0	0	0	0	46.7553	1567
9	9	0	0	0	0	51.2506	1568
9	9	0	0	0	0	49.0835	1569
9	9	0	0	0	0	44.1934	1570
8	8	0	0	0	0	51.3581	1571
8	8	0	0	0	0	55.1498	1572
8	8	0	0	0	0	48.2349	1573
8	9	0	0	0	0	54.9109	1574
8	9	0	0	0	0	60.0267	1575
8	9	0	0	0	0	52.4077	1576
8	9	0	0	0	0	49.4459	1577
8	9	0	0	0	0	57.1903	1578
8	9	0	0	0	0	53.4761	1579
8	9	0	0	0	0	59.6083	1580
8	9	0	0	0	0	55.1723	1581
8	9	0	0	0	0	51.8325	1582
8	8	0	0	0	0	50.1429	1583
8	8	0	0	0	0	50.4803	1584
8	8	0	0	0	0	49.5045	1585
8	8	0	0	0	0	51.0996	1586
8	7	0	0	0	0	43.7522	1587
8	7	0	0	0	0	43.0037	1588
8	7	0	0	0	0	50.9731	1589
8	7	0	0	0	0	42.9738	1590
8	7	0	0	0	0	42.6444	1591
7	6	0	0	0	0	41.1683	1592
7	6	0	0	0	0	40.831	1593
7	6	0	0	0	0	44.995	1594
7	6	0	0	0	0	41.0317	1595
8	6	0	0	0	0	42.2873	1596
9	6	0	0	0	0	42.6783	1597
9	6	0	0	0	0	39.0727	1598
9	6	0	0	0	0	52.3568	1599
9	6	0	0	0	0	42.9528	1600
9	7	0	0	0	0	49.1868	1601
9	7	0	0	0	0	51.8332	1602
9	6	0	0	0	0	50.5101	1603
10	6	0	0	0	0	49.9226	1604
10	6	0	0	0	0	43.3325	1605
10	6	0	0	0	0	46.5037	1606
10	6	0	0	0	0	54.2622	1607
10	6	0	0	0	0	55.3791	1608
10	6	0	0	0	0	48.9415	1609
10	5	0	0	0	0	43.4413	1610
9	5	0	0	0	0	48.8867	1611
9	5	0	0	0	0	39.6374	1612
9	5	0	0	0	0	43.8783	1613
9	5	0	0	0	0	47.4854	1614
9	5	0	0	0	0	40.8572	1615
9	5	0	0	0	0	39.4699	1616
9	5	0	0	0	0	42.7732	1617
9	5	0	0	0	0	41.9163	1618
9	5	0	0	0	0	41.4936	1619
10	5	0	0	0	0	47.9382	1620
11	5	0	0	0	0	40.6509	1621
11	5	0	0	0	0	48.3232	1622
11	5	0	0	0	0	48.8867	1623
11	5	0	0	0	0	45.3661	1624
11	5	0	0	0	0	44.0147	1625
11	5	0	0	0	0	51.537	1626
11	5	0	0	0	0	48.7664	1627
11	6	0	0	0	0	43.5333	1628
10	5	0	0	0	0	47.3911	1629
10	7	0	0	0	0	50.8891	1630
10	7	0	0	0	0	49.394	1631
10	7	0	0	0	0	53.5402	1632
10	7	0	0	0	0	51.5438	1633
10	7	0	0	0	0	50.1847	1634
10	7	0	0	0	0	52.9469	1635
10	8	0	0	0	0	51.0808	1636
10	8	0	0	0	0	54.1435	1637
10	10	0	0	0	0	64.0873	1638
10	10	0	0	0	0	65.9049	1639
10	10	0	0	0	0	63.7067	1640
10	10	0	0	0	0	68.5014	1641
10	10	0	0	0	0	66.5091	1642
10	10	0	0	0	0	66.8614	1643
10	11	0	0	0	0	68.4669	1644
10	11	0	0	0	0	64.3947	1645
10	11	0	0	0	0	74.8412	1646
10	11	0	0	0	0	70.9311	1647
10	11	0	0	0	0	71.9985	1648
10	11	0	0	0	0	64.7911	1649
10	10	0	0	0	0	65.0443	1650
10	10	0	0	0	0	64.5907	1651
9	10	0	0	0	0	65.8191	1652
9	10	0	0	0	0	60.2212	1653
8	10	0	0	0	0	56.3171	1654
8	10	0	0	0	0	62.4386	1655
8	10	0	0	0	0	61.2615	1656
8	10	0	0	0	0	63.1191	1657
8	11	0	0	0	0	58.2051	1658
8	11	0	0	0	0	57.0658	1659
8	11	0	0	0	0	65.9616	1660
8	12	0	0	0	0	65.5784	1661
8	12	0	0	0	0	58.5482	1662
9	12	0	0	0	0	61.8987	1663
9	12	0	0	0	0	65.3043	1664
9	12	0	0	0	0	66.7303	1665
9	12	0	0	0	0	76.5253	1666
10	12	0	0	0	0	70.7358	1667
10	12	0	0	0	0	70.9961	1668
10	12	0	0	0	0	70.2331	1669
9	12	0	0	0	0	69.2956	1670
9	12	0	0	0	0	75.5533	1671
9	12	0	0	0	0	69.3482	1672
9	11	0	0	0	0	66.9446	1673
9	11	0	0	0	0	65.2815	1674
8	11	0	0	0	0	53.1161	1675
8	11	0	0	0	0	51.1263	1676
8	10	0	0	0	0	56.8866	1677
8	9	0	0	0	0	58.2018	1678
8	9	0	0	0	0	53.079	1679
8	9	0	0	0	0	60.5802	1680
8	9	0	0	0	0	57.8949	1681
8	10	0	0	0	0	56.8866	1682
8	10	0	0	0	0	56.8382	1683
8	10	0	0	0	0	60.2978	1684
8	10	0	0	0	0	53.6947	1685
8	9	0	0	0	0	55.6001	1686
8	9	0	0	0	0	58.2359	1687
8	9	0	0	0	0	54.5076	1688
8	10	0	0	0	0	60.6536	1689
8	10	0	0	0	0	60.5557	1690
8	10	0	0	0	0	57.4405	1691
8	10	0	0	0	0	64.6395	1692
9	11	0	0	0	0	59.6288	1693
9	11	0	0	0	0	65.564	1694
9	11	0	0	0	0	62.0202	1695
9	11	0	0	0	0	61.1856	1696
9	12	0	0	0	0	63.0413	1697
8	12	0	0	0	0	69.7716	1698
8	12	0	0	0	0	60.5752	1699
7	12	0	0	0	0	66.0874	1700
7	12	0	0	0	0	62.3875	1701
6	13	0	0	0	0	56.4665	1702
6	13	0	0	0	0	56.6072	1703
6	13	0	0	0	0	67.1614	1704
6	13	0	0	0	0	68.329	1705
6	13	0	0	0	0	62.4606	1706
6	13	0	0	0	0	64.3794	1707
6	12	0	0	0	0	41.0598	1708
6	12	0	0	0	0	60.7406	1709
7	12	0	0	0	0	64.2341	1710
7	12	0	0	0	0	65.3705	1711
7	12	0	0	0	0	59.8752	1712
7	12	0	0	0	0	62.37	1713
7	12	0	0	0	0	65.8741	1714
7	12	0	0	0	0	58.339	1715
7	12	0	0	0	0	64.3909	1716
7	12	0	0	0	0	62.8571	1717
8	12	0	0	0	0	63.7193	1718
8	12	0	0	0	0	67.7544	1719
9	12	0	0	0	0	65.6853	1720
9	12	0	0	0	0	64.5307	1721
9	12	0	0	0	0	68.8389	1722
9	12	0	0	0	0	58.0135	1723
9	12	0	0	0	0	68.7058	1724
9	12	0	0	0	0	69.6051	1725
9	11	0	0	0	0	63.1115	1726
9	11	0	0	0	0	66.7978	1727
9	11	0	0	0	0	69.7294	1728
9	11	0	0	0	0	71.8894	1729
9	11	0	0	0	0	53.0727	1730
9	11	0	0	0	0	68.7335	1731
9	11	0	0	0	0	63.8058	1732
9	11	0	0	0	0	68.054	1733
9	11	0	0	0	0	65.0067	1734
9	10	0	0	0	0	51.6474	1735
9	10	0	0	0	0	57.2546	1736
9	10	0	0	0	0	66.2066	1737
9	10	0	0	0	0	63.6505	1738
9	10	0	0	0	0	65.7743	1739
9	10	0	0	0	0	68.0687	1740
9	10	0	0	0	0	65.5809	1741
9	10	0	0	0	0	65.7743	1742
9	10	0	0	0	0	68.5191	1743
9	10	0	0	0	0	64.4576	1744
9	10	0	0	0	0	62.6563	1745
9	10	0	0	0	0	64.8396	1746
9	10	0	0	0	0	62.4028	1747
9	16	0	0	0	0	68.4746	1748
10	16	0	0	0	0	86.8198	1749
10	16	0	0	0	0	83.6674	1750
10	17	0	0	0	0	79.599	1751
10	17	0	0	0	0	90.7328	1752
10	17	0	0	0	0	90.5253	1753
9	17	0	0	0	0	80.467	1754
10	17	0	0	0	0	92.321	1755
10	16	0	0	0	0	83.0225	1756
10	16	0	0	0	0	82.2878	1757
10	16	0	0	0	0	95.8215	1758
10	16	0	0	0	0	91.7497	1759
10	16	0	0	0	0	91.2434	1760
10	16	0	0	0	0	91.9925	1761
10	17	0	0	0	0	85.9149	1762
10	17	0	0	0	0	81.3284	1763
10	17	0	0	0	0	87.9981	1764
10	17	0	0	0	0	85.331	1765
10	18	0	0	0	0	73.5524	1766
10	17	0	0	0	0	81.2335	1767
10	16	0	0	0	0	74.339	1768
10	16	0	0	0	0	68.8227	1769
8	16	0	0	0	0	78.5838	1770
7	17	0	0	0	0	76.6737	1771
7	17	0	0	0	0	87.5673	1772
7	17	0	0	0	0	85.0441	1773
7	17	0	0	0	0	74.6602	1774
7	17	0	0	0	0	83.1941	1775
7	17	0	0	0	0	86.9043	1776
8	17	0	0	0	0	64.0346	1777
8	17	0	0	0	0	89.6291	1778
8	17	0	0	0	0	89.7994	1779
8	17	0	0	0	0	75.022	1780
8	17	0	0	0	0	83.6665	1781
8	17	0	0	0	0	84.7955	1782
8	17	0	0	0	0	80.2401	1783
8	18	0	0	0	0	75.4937	1784
9	18	0	0	0	0	77.9409	1785
9	17	0	0	0	0	77.9931	1786
8	18	0	0	0	0	73.856	1787
8	18	0	0	0	0	71.6734	1788
9	18	0	0	0	0	86.8061	1789
9	18	0	0	0	0	95.2196	1790
9	18	0	0	0	0	98.5258	1791
9	18	0	0	0	0	92.2953	1792
9	17	0	0	0	0	89.2056	1793
9	17	0	0	0	0	89.6821	1794
9	17	0	0	0	0	89.1156	1795
9	17	0	0	0	0	93.5687	1796
9	17	0	0	0	0	88.4114	1797
9	19	0	0	0	0	85.126	1798
9	18	0	0	0	0	88.9256	1799
9	18	0	0	0	0	96.9508	1800
10	18	0	0	0	0	91.7911	1801
11	18	0	0	0	0	95.3308	1802
11	18	0	0	0	0	96.9066	1803
11	19	0	0	0	0	91.8431	1804
11	18	0	0	0	0	99.5518	1805
11	18	0	0	0	0	92.5003	1806
11	18	0	0	0	0	94.9755	1807
11	18	0	0	0	0	104.249	1808
11	18	0	0	0	0	96.7968	1809
13	18	0	0	0	0	84.3243	1810
13	18	0	0	0	0	97.6526	1811
13	18	0	0	0	0	105.665	1812
13	18	0	0	0	0	99.3975	1813
13	18	0	0	0	0	104.09	1814
13	17	0	0	0	0	102.855	1815
13	18	0	0	0	0	99.536	1816
12	18	0	0	0	0	100.304	1817
12	18	0	0	0	0	107.422	1818
12	18	0	0	0	0	103.538	1819
12	18	0	0	0	0	99.8971	1820
14	17	0	0	0	0	98.1591	1821
14	16	0	0	0	0	89.5018	1822
14	15	0	0	0	0	98.672	1823
14	15	0	0	0	0	95.4826	1824
14	14	0	0	0	0	87.2781	1825
14	14	0	0	0	0	95.4894	1826
14	14	0	0	0	0	101.671	1827
14	15	0	0	0	0	90.4994	1828
14	15	0	0	0	0	104.566	1829
14	15	0	0	0	0	97.062	1830
14	14	0	0	0	0	90.8024	1831
14	14	0	0	0	0	89.8055	1832
14	14	0	0	0	0	99.1141	1833
14	14	0	0	0	0	95.5218	1834
14	14	0	0	0	0	94.5886	1835
15	14	0	0	0	0	94.7085	1836
15	14	0	0	0	0	88.9852	1837
15	14	0	0	0	0	89.0929	1838
15	14	0	0	0	0	95.8746	1839
15	14	0	0	0	0	89.0502	1840
15	13	0	0	0	0	93.6606	1841
16	13	0	0	0	0	93.573	1842
16	13	0	0	0	0	98.9128	1843
14	13	0	0	0	0	94.6512	1844
14	14	0	0	0	0	96.1386	1845
14	14	0	0	0	0	97.8215	1846
14	14	0	0	0	0	95.5654	1847
14	14	0	0	0	0	81.6916	1848
14	14	0	0	0	0	95.5123	1849
14	14	0	0	0	0	100.688	1850
14	14	0	0	0	0	90.9533	1851
13	13	0	0	0	0	76.7257	1852
13	13	0	0	0	0	84.8718	1853
12	13	0	0	0	0	77.3653	1854
12	13	0	0	0	0	78.5521	1855
12	13	0	0	0	0	84.2723	1856
11	13	0	0	0	0	83.828	1857
10	13	0	0	0	0	77.3877	1858
10	14	0	0	0	0	84.3929	1859
10	14	0	0	0	0	88.4976	1860
10	14	0	0	0	0	78.0611	1861
10	13	0	0	0	0	81.3272	1862
10	13	0	0	0	0	81.5094	1863
10	13	0	0	0	0	72.9197	1864
10	13	0	0	0	0	67.3867	1865
10	13	0	0	0	0	78.9745	1866
10	13	0	0	0	0	78.7366	1867
10	13	0	0	0	0	79.1892	1868
10	13	0	0	0	0	82.4321	1869
10	13	0	0	0	0	65.4502	1870
10	13	0	0	0	0	80.4643	1871
10	13	0	0	0	0	79.666	1872
9	13	0	0	0	0	75.6515	1873
10	13	0	0	0	0	73.3793	1874
10	13	0	0	0	0	70.2506	1875
10	13	0	0	0	0	75.0709	1876
11	13	0	0	0	0	79.4257	1877
11	13	0	0	0	0	71.0049	1878
11	13	0	0	0	0	80.6822	1879
11	12	0	0	0	0	79.7681	1880
11	12	0	0	0	0	76.2938	1881
11	11	0	0	0	0	76.274	1882
11	11	0	0	0	0	69.8716	1883
12	11	0	0	0	0	76.0167	1884
12	11	0	0	0	0	69.6763	1885
12	12	0	0	0	0	76.1695	1886
11	12	0	0	0	0	80.8928	1887
11	12	0	0	0	0	73.2283	1888
11	12	0	0	0	0	69.2255	1889
10	12	0	0	0	0	75.0067	1890
10	12	0	0	0	0	65.114	1891
10	12	0	0	0	0	79.8292	1892
10	12	0	0	0	0	73.771	1893
10	12	0	0	0	0	72.6434	1894
10	12	0	0	0	0	75.4049	1895
11	12	0	0	0	0	77.2254	1896
11	12	0	0	0	0	74.2755	1897
11	11	0	0	0	0	72.2293	1898
11	11	0	0	0	0	75.9207	1899
11	11	0	0	0	0	68.5011	1900
11	11	0	0	0	0	73.3664	1901
11	11	0	0	0	0	68.654	1902
11	10	0	0	0	0	67.4122	1903
11	10	0	0	0	0	73.348	1904
11	10	0	0	0	0	68.2606	1905
11	10	0	0	0	0	66.9864	1906
12	10	0	0	0	0	73.4243	1907
12	10	0	0	0	0	73.4732	1908
12	11	0	0	0	0	62.6049	1909
13	11	0	0	0	0	73.4969	1910
13	11	0	0	0	0	74.6148	1911
13	11	0	0	0	0	75.3312	1912
13	11	0	0	0	0	77.6495	1913
13	11	0	0	0	0	84.2846	1914
13	11	0	0	0	0	77.0752	1915
13	13	0	0	0	0	81.4876	1916
13	13	0	0	0	0	90.864	1917
13	15	0	0	0	0	83.5041	1918
13	15	0	0	0	0	84.7268	1919
13	15	0	0	0	0	88.8687	1920
13	14	0	0	0	0	90.1018	1921
13	14	0	0	0	0	93.715	1922
13	14	0	0	0	0	93.4007	1923
13	14	0	0	0	0	82.5766	1924
12	14	0	0	0	0	89.0606	1925
15	16	0	0	0	0	91.2155	1926
15	16	0	0	0	0	96.7144	1927
16	15	0	0	0	0	102.254	1928
16	15	0	0	0	0	102.758	1929
16	15	0	0	0	0	97.9863	1930
15	15	0	0	0	0	98.81	1931
15	15	0	0	0	0	102.245	1932
15	15	0	0	0	0	92.9371	1933
15	15	0	0	0	0	93.1962	1934
14	17	0	0	0	0	104.339	1935
14	17	0	0	0	0	101.494	1936
14	17	0	0	0	0	100.107	1937
14	17	0	0	0	0	113.172	1938
14	17	0	0	0	0	103.685	1939
14	16	0	0	0	0	104.231	1940
14	16	0	0	0	0	91.8099	1941
14	16	0	0	0	0	99.1666	1942
14	16	0	0	0	0	106.618	1943
14	16	0	0	0	0	110.161	1944
14	16	0	0	0	0	105.885	1945
15	16	0	0	0	0	103.138	1946
15	16	0	0	0	0	100.31	1947
15	15	0	0	0	0	96.5131	1948
15	15	0	0	0	0	108.88	1949
15	15	0	0	0	0	102.748	1950
17	15	0	0	0	0	99.0334	1951
16	15	0	0	0	0	87.969	1952
18	15	0	0	0	0	100.879	1953
18	15	0	0	0	0	91.9001	1954
18	15	0	0	0	0	112.18	1955
18	15	0	0	0	0	111.821	1956
18	15	0	0	0	0	114.141	1957
18	15	0	0	0	0	114.912	1958
18	15	0	0	0	0	104.571	1959
17	15	0	0	0	0	107.437	1960
17	15	0	0	0	0	108.716	1961
17	15	0	0	0	0	114.182	1962
18	15	0	0	0	0	104.682	1963
18	15	0	0	0	0	108.696	1964
18	15	0	0	0	0	115.731	1965
18	14	0	0	0	0	111.414	1966
18	14	0	0	0	0	106.621	1967
18	13	0	0	0	0	101.185	1968
18	13	0	0	0	0	104.886	1969
18	12	0	0	0	0	99.2561	1970
17	12	0	0	0	0	103.705	1971
17	12	0	0	0	0	99.4505	1972
17	12	0	0	0	0	97.3616	1973
17	12	0	0	0	0	85.8265	1974
18	12	0	0	0	0	94.3077	1975
18	12	0	0	0	0	93.737	1976
18	12	0	0	0	0	99.2125	1977
18	11	0	0	0	0	91.4405	1978
18	11	0	0	0	0	103.637	1979
18	11	0	0	0	0	96.5757	1980
18	11	0	0	0	0	89.5912	1981
17	11	0	0	0	0	90.7665	1982
17	11	0	0	0	0	94.4857	1983
17	11	0	0	0	0	85.9486	1984
17	11	0	0	0	0	89.1923	1985
17	10	0	0	0	0	94.4841	1986
17	10	0	0	0	0	95.2193	1987
17	10	0	0	0	0	91.1332	1988
17	10	0	0	0	0	90.147	1989
17	10	0	0	0	0	85.4273	1990
17	10	0	0	0	0	92.8073	1991
17	10	0	0	0	0	91.3394	1992
17	10	0	0	0	0	95.9677	1993
17	10	0	0	0	0	87.7121	1994
20	10	0	0	0	0	86.3473	1995
20	11	0	0	0	0	102.263	1996
20	11	0	0	0	0	104.302	1997
20	11	0	0	0	0	105.072	1998
20	11	0	0	0	0	101.397	1999
21	11	0	0	0	0	96.0674	2000
21	10	0	0	0	0	105.921	2001
21	10	0	0	0	0	101.509	2002
21	10	0	0	0	0	100.298	2003
21	9	0	0	0	0	100.975	2004
21	9	0	0	0	0	101.135	2005
21	9	0	0	0	0	99.0619	2006
21	9	0	0	0	0	95.1485	2007
21	9	0	0	0	0	94.0627	2008
21	8	0	0	0	0	103.362	2009
21	8	0	0	0	0	92.6129	2010
21	9	0	0	0	0	96.026	2011
21	9	0	0	0	0	100.279	2012
21	9	0	0	0	0	106.665	2013
21	9	0	0	0	0	100.661	2014
21	9	0	0	0	0	94.7683	2015
21	9	0	0	0	0	95.3633	2016
21	9	0	0	0	0	95.7975	2017
20	9	0	0	0	0	96.2539	2018
19	10	0	0	0	0	98.7236	2019
18	10	0	0	0	0	94.2074	2020
18	10	0	0	0	0	91.678	2021
18	10	0	0	0	0	89.5214	2022
18	9	0	0	0	0	96.5427	2023
18	9	0	0	0	0	85.7493	2024
18	9	0	0	0	0	94.0292	2025
18	9	0	0	0	0	96.0906	2026
18	10	0	0	0	0	100.249	2027
19	10	0	0	0	0	92.4979	2028
19	9	0	0	0	0	90.3966	2029
19	9	0	0	0	0	98.2301	2030
19	9	0	0	0	0	91.875	2031
19	9	0	0	0	0	99.5894	2032
19	9	0	0	0	0	93.4698	2033
19	10	0	0	0	0	104.241	2034
19	10	0	0	0	0	96.7577	2035
19	10	0	0	0	0	91.6934	2036
19	10	0	0	0	0	101.464	2037
19	10	0	0	0	0	103.284	2038
19	10	0	0	0	0	107.095	2039
19	10	0	0	0	0	92.303	2040
19	11	0	0	0	0	98.6968	2041
19	11	0	0	0	0	103.54	2042
18	11	0	0	0	0	102.93	2043
18	13	0	0	0	0	102.165	2044
18	13	0	0	0	0	110.484	2045
18	13	0	0	0	0	104.914	2046
18	13	0	0	0	0	107.65	2047
19	13	0	0	0	0	104.493	2048
19	14	0	0	0	0	106.576	2049
19	14	0	0	0	0	115.173	2050
19	14	0	0	0	0	124.275	2051
19	14	0	0	0	0	105.792	2052
20	14	0	0	0	0	113.881	2053
20	15	0	0	0	0	126.908	2054
20	15	0	0	0	0	125.008	2055
21	15	0	0	0	0	117.474	2056
21	14	0	0	0	0	114.079	2057
21	16	0	0	0	0	116.1	2058
20	18	0	0	0	0	125.315	2059
18	18	0	0	0	0	127.017	2060
18	18	0	0	0	0	126.899	2061
18	18	0	0	0	0	121.28	2062
18	18	0	0	0	0	130.508	2063
18	18	0	0	0	0	122.226	2064
18	18	0	0	0	0	116.999	2065
17	18	0	0	0	0	121.786	2066
17	19	0	0	0	0	116.912	2067
17	17	0	0	0	0	104.796	2068
17	17	0	0	0	0	127.567	2069
17	17	0	0	0	0	116.204	2070
17	17	0	0	0	0	111.98	2071
17	17	0	0	0	0	99.8777	2072
17	18	0	0	0	0	103.36	2073
17	18	0	0	0	0	102.838	2074
17	19	0	0	0	0	111.07	2075
16	18	0	0	0	0	107.845	2076
14	20	0	0	0	0	104.538	2077
13	20	0	0	0	0	122.951	2078
13	20	0	0	0	0	110.841	2079
13	20	0	0	0	0	110.38	2080
13	20	0	0	0	0	102.968	2081
13	20	0	0	0	0	101.314	2082
13	19	0	0	0	0	93.883	2083
13	22	0	0	0	0	107.438	2084
13	22	0	0	0	0	107.458	2085
12	22	0	0	0	0	106.793	2086
12	22	0	0	0	0	105.039	2087
12	22	0	0	0	0	100.67	2088
12	22	0	0	0	0	106.375	2089
12	22	0	0	0	0	102.758	2090
12	22	0	0	0	0	116.574	2091
12	22	0	0	0	0	119.883	2092
10	22	0	0	0	0	111.79	2093
10	22	0	0	0	0	114.655	2094
10	22	0	0	0	0	109.59	2095
11	21	0	0	0	0	104.674	2096
11	21	0	0	0	0	119.281	2097
11	21	0	0	0	0	113.297	2098
11	21	0	0	0	0	109.182	2099
12	21	0	0	0	0	110.561	2100
10	21	0	0	0	0	102.893	2101
10	21	0	0	0	0	93.3038	2102
10	21	0	0	0	0	111.347	2103
10	21	0	0	0	0	115.887	2104
10	21	0	0	0	0	114.797	2105
10	21	0	0	0	0	106.191	2106
10	21	0	0	0	0	100.211	2107
10	21	0	0	0	0	110.699	2108
10	21	0	0	0	0	104.407	2109
9	21	0	0	0	0	105.412	2110
9	22	0	0	0	0	109.972	2111
9	22	0	0	0	0	99.2591	2112
10	23	0	0	0	0	103.209	2113
11	23	0	0	0	0	113.278	2114
11	23	0	0	0	0	113.884	2115
11	23	0	0	0	0	107.007	2116
12	23	0	0	0	0	113.815	2117
12	23	0	0	0	0	121.919	2118
12	23	0	0	0	0	120.046	2119
12	23	0	0	0	0	125.073	2120
12	25	0	0	0	0	128.325	2121
12	25	0	0	0	0	131.098	2122
12	25	0	0	0	0	119.689	2123
12	25	0	0	0	0	113.934	2124
12	25	0	0	0	0	122.326	2125
11	25	0	0	0	0	125.728	2126
11	25	0	0	0	0	128.668	2127
11	24	0	0	0	0	122.51	2128
11	25	0	0	0	0	127.619	2129
12	25	0	0	0	0	124.828	2130
12	25	0	0	0	0	118.183	2131
12	25	0	0	0	0	121.566	2132
12	28	0	0	0	0	135.85	2133
12	28	0	0	0	0	124.254	2134
11	28	0	0	0	0	131.498	2135
11	27	0	0	0	0	134.147	2136
11	27	0	0	0	0	129.546	2137
11	27	0	0	0	0	121.707	2138
11	27	0	0	0	0	134.577	2139
12	27	0	0	0	0	126.231	2140
11	26	0	0	0	0	127.56	2141
11	26	0	0	0	0	134.323	2142
11	26	0	0	0	0	134.877	2143
11	26	0	0	0	0	109.444	2144
12	26	0	0	0	0	129.905	2145
12	28	0	0	0	0	133.392	2146
12	28	0	0	0	0	139.54	2147
12	29	0	0	0	0	140.98	2148
12	29	0	0	0	0	131.783	2149
12	29	0	0	0	0	131.706	2150
12	29	0	0	0	0	145.25	2151
11	29	0	0	0	0	136.55	2152
11	29	0	0	0	0	127.235	2153
11	29	0	0	0	0	129.355	2154
10	29	0	0	0	0	138.076	2155
10	29	0	0	0	0	140.064	2156
10	28	0	0	0	0	126.477	2157
10	28	0	0	0	0	124.456	2158
10	28	0	0	0	0	135.224	2159
10	28	0	0	0	0	128.984	2160
10	26	0	0	0	0	128.353	2161
10	26	0	0	0	0	114.148	2162
10	26	0	0	0	0	130.889	2163
10	26	0	0	0	0	114.815	2164
10	26	0	0	0	0	118.742	2165
10	26	0	0	0	0	131.519	2166
10	26	0	0	0	0	117.72	2167
10	25	0	0	0	0	119.806	2168
10	26	0	0	0	0	127.171	2169
10	26	0	0	0	0	128.997	2170
10	26	0	0	0	0	121.557	2171
10	26	0	0	0	0	98.3484	2172
10	26	0	0	0	0	112.593	2173
10	26	0	0	0	0	120.038	2174
11	26	0	0	0	0	124.148	2175
11	26	0	0	0	0	115.591	2176
11	27	0	0	0	0	109.949	2177
9	27	0	0	0	0	121.752	2178
9	27	0	0	0	0	124.52	2179
8	27	0	0	0	0	111.76	2180
8	27	0	0	0	0	109.816	2181
8	26	0	0	0	0	105.487	2182
8	25	0	0	0	0	91.1088	2183
8	21	0	0	0	0	69.0252	2184
8	21	0	0	0	0	100.102	2185
8	21	0	0	0	0	93.5348	2186
8	21	0	0	0	0	98.7028	2187
8	20	0	0	0	0	93.1137	2188
8	20	0	0	0	0	91.842	2189
8	20	0	0	0	0	86.0844	2190
8	19	0	0	0	0	84.5574	2191
8	19	0	0	0	0	83.6351	2192
8	19	0	0	0	0	77.6689	2193
8	17	0	0	0	0	79.947	2194
8	17	0	0	0	0	77.0444	2195
8	17	0	0	0	0	81.3008	2196
8	16	0	0	0	0	79.1271	2197
8	16	0	0	0	0	79.8101	2198
8	15	0	0	0	0	69.724	2199
8	15	0	0	0	0	72.7313	2200
8	15	0	0	0	0	73.6275	2201
8	15	0	0	0	0	66.9223	2202
8	14	0	0	0	0	67.2822	2203
8	13	0	0	0	0	73.5814	2204
8	13	0	0	0	0	64.2185	2205
8	13	0	0	0	0	61.7672	2206
8	13	0	0	0	0	71.5394	2207
7	13	0	0	0	0	55.2632	2208
7	13	0	0	0	0	63.9212	2209
6	13	0	0	0	0	61.7815	2210
6	12	0	0	0	0	62.0178	2211
6	12	0	0	0	0	56.0219	2212
6	12	0	0	0	0	54.3401	2213
7	12	0	0	0	0	57.4533	2214
7	12	0	0	0	0	56.9763	2215
7	12	0	0	0	0	61.2518	2216
7	12	0	0	0	0	63.8733	2217
7	12	0	0	0	0	59.0766	2218
7	11	0	0	0	0	54.2661	2219
7	12	0	0	0	0	55.2092	2220
8	11	0	0	0	0	55.8464	2221
8	11	0	0	0	0	62.3288	2222
9	11	0	0	0	0	54.3436	2223
8	11	0	0	0	0	48.1738	2224
8	9	0	0	0	0	56.7951	2225
8	9	0	0	0	0	56.2125	2226
8	9	0	0	0	0	47.6171	2227
8	9	0	0	0	0	55.4123	2228
8	9	0	0	0	0	56.1739	2229
8	10	0	0	0	0	53.2599	2230
8	10	0	0	0	0	55.7504	2231
8	10	0	0	0	0	60.0372	2232
8	10	0	0	0	0	57.5579	2233
8	10	0	0	0	0	61.6762	2234
8	10	0	0	0	0	57.5016	2235
9	10	0	0	0	0	56.7238	2236
9	10	0	0	0	0	55.4865	2237
9	10	0	0	0	0	58.6223	2238
9	10	0	0	0	0	58.8893	2239
8	10	0	0	0	0	63.1339	2240
8	10	0	0	0	0	62.0832	2241
8	10	0	0	0	0	52.9676	2242
8	11	0	0	0	0	62.8538	2243
9	11	0	0	0	0	58.2787	2244
9	11	0	0	0	0	55.6539	2245
9	11	0	0	0	0	55.9767	2246
9	10	0	0	0	0	60.5868	2247
9	10	0	0	0	0	54.1582	2248
9	10	0	0	0	0	54.0682	2249
9	10	0	0	0	0	58.0024	2250
9	9	0	0	0	0	58.186	2251
10	9	0	0	0	0	55.0966	2252
10	9	0	0	0	0	59.823	2253
12	10	0	0	0	0	61.8617	2254
12	10	0	0	0	0	52.6719	2255
12	10	0	0	0	0	72.6236	2256
12	10	0	0	0	0	72.7814	2257
12	9	0	0	0	0	63.7763	2258
12	9	0	0	0	0	67.3372	2259
12	9	0	0	0	0	65.2321	2260
12	9	0	0	0	0	64.8198	2261
12	9	0	0	0	0	62.7544	2262
10	9	0	0	0	0	46.936	2263
7	9	0	0	0	0	53.9831	2264
7	9	0	0	0	0	51.6662	2265
7	8	0	0	0	0	51.0732	2266
7	8	0	0	0	0	42.4719	2267
7	8	0	0	0	0	46.7586	2268
7	9	0	0	0	0	47.9539	2269
7	9	0	0	0	0	45.9229	2270
7	10	0	0	0	0	48.2973	2271
7	10	0	0	0	0	47.9993	2272
7	10	0	0	0	0	50.0711	2273
7	10	0	0	0	0	57.9742	2274
7	10	0	0	0	0	48.7185	2275
7	10	0	0	0	0	55.2183	2276
7	10	0	0	0	0	55.7798	2277
7	10	0	0	0	0	56.2503	2278
7	10	0	0	0	0	51.9013	2279
7	10	0	0	0	0	43.0253	2280
8	10	0	0	0	0	46.658	2281
8	10	0	0	0	0	45.4983	2282
7	10	0	0	0	0	45.0395	2283
8	9	0	0	0	0	42.778	2284
8	11	0	0	0	0	43.0901	2285
7	11	0	0	0	0	57.588	2286
7	11	0	0	0	0	56.0588	2287
7	10	0	0	0	0	54.7103	2288
8	11	0	0	0	0	56.715	2289
8	11	0	0	0	0	59.4506	2290
8	11	0	0	0	0	57.3064	2291
8	10	0	0	0	0	52.9512	2292
8	10	0	0	0	0	51.7211	2293
7	10	0	0	0	0	53.0083	2294
8	10	0	0	0	0	38.3554	2295
8	10	0	0	0	0	47.6758	2296
8	10	0	0	0	0	58.2618	2297
8	10	0	0	0	0	60.1354	2298
8	10	0	0	0	0	58.7428	2299
8	10	0	0	0	0	51.2377	2300
8	10	0	0	0	0	54.007	2301
9	10	0	0	0	0	60.5755	2302
9	10	0	0	0	0	62.9266	2303
9	11	0	0	0	0	57.8804	2304
9	11	0	0	0	0	65.5098	2305
9	11	0	0	0	0	50.794	2306
9	11	0	0	0	0	60.9384	2307
10	12	0	0	0	0	57.2026	2308
10	11	0	0	0	0	59.4534	2309
10	11	0	0	0	0	72.357	2310
10	11	0	0	0	0	73.1065	2311
10	11	0	0	0	0	63.9051	2312
10	11	0	0	0	0	72.8871	2313
11	11	0	0	0	0	69.1644	2314
11	11	0	0	0	0	70.3987	2315
11	11	0	0	0	0	71.3993	2316
11	11	0	0	0	0	77.9379	2317
11	11	0	0	0	0	71.3295	2318
11	10	0	0	0	0	67.6555	2319
11	10	0	0	0	0	76.5133	2320
11	10	0	0	0	0	71.6227	2321
11	11	0	0	0	0	72.1755	2322
11	11	0	0	0	0	65.793	2323
11	11	0	0	0	0	67.0106	2324
11	10	0	0	0	0	61.2961	2325
12	10	0	0	0	0	65.7658	2326
12	9	0	0	0	0	65.4806	2327
12	11	0	0	0	0	60.9238	2328
12	10	0	0	0	0	62.2259	2329
12	10	0	0	0	0	76.3759	2330
12	10	0	0	0	0	75.8539	2331
12	10	0	0	0	0	77.7342	2332
12	10	0	0	0	0	64.9959	2333
12	10	0	0	0	0	73.4921	2334
12	10	0	0	0	0	75.3864	2335
12	12	0	0	0	0	76.1979	2336
12	12	0	0	0	0	70.5789	2337
12	12	0	0	0	0	75.133	2338
12	12	0	0	0	0	83.8291	2339
12	12	0	0	0	0	81.1338	2340
12	12	0	0	0	0	87.7661	2341
12	12	0	0	0	0	84.9729	2342
12	12	0	0	0	0	79.8299	2343
12	12	0	0	0	0	79.0815	2344
12	12	0	0	0	0	80.1662	2345
12	12	0	0	0	0	80.8145	2346
12	12	0	0	0	0	75.3964	2347
11	12	0	0	0	0	81.0371	2348
11	12	0	0	0	0	80.5453	2349
11	12	0	0	0	0	72.7189	2350
11	12	0	0	0	0	74.3571	2351
11	12	0	0	0	0	73.6603	2352
11	12	0	0	0	0	74.7142	2353
10	12	0	0	0	0	71.0681	2354
10	12	0	0	0	0	75.2687	2355
10	12	0	0	0	0	77.2438	2356
10	12	0	0	0	0	68.9674	2357
10	12	0	0	0	0	72.2713	2358
11	12	0	0	0	0	76.3474	2359
11	12	0	0	0	0	73.1406	2360
11	12	0	0	0	0	80.7248	2361
11	12	0	0	0	0	74.9695	2362
11	12	0	0	0	0	78.7345	2363
12	12	0	0	0	0	64.6615	2364
13	12	0	0	0	0	74.8719	2365
13	12	0	0	0	0	75.9398	2366
12	12	0	0	0	0	82.9432	2367
12	11	0	0	0	0	74.4434	2368
12	12	0	0	0	0	77.1168	2369
12	11	0	0	0	0	83.9522	2370
13	11	0	0	0	0	75.7443	2371
13	10	0	0	0	0	75.6399	2372
13	10	0	0	0	0	72.5798	2373
13	10	0	0	0	0	71.5283	2374
13	10	0	0	0	0	70.9032	2375
13	9	0	0	0	0	72.7192	2376
13	9	0	0	0	0	78.327	2377
13	9	0	0	0	0	76.6509	2378
14	9	0	0	0	0	80.3204	2379
14	9	0	0	0	0	75.7241	2380
14	8	0	0	0	0	54.7359	2381
15	8	0	0	0	0	77.4913	2382
15	8	0	0	0	0	74.6179	2383
15	8	0	0	0	0	74.8854	2384
15	8	0	0	0	0	78.3946	2385
15	8	0	0	0	0	78.4331	2386
15	8	0	0	0	0	68.8023	2387
15	8	0	0	0	0	84.2167	2388
15	8	0	0	0	0	80.3862	2389
15	8	0	0	0	0	83.949	2390
15	8	0	0	0	0	84.0617	2391
15	8	0	0	0	0	74.6494	2392
15	7	0	0	0	0	77.0673	2393
15	7	0	0	0	0	76.2675	2394
15	8	0	0	0	0	76.6215	2395
15	9	0	0	0	0	80.5386	2396
16	9	0	0	0	0	75.0633	2397
17	9	0	0	0	0	72.7265	2398
18	9	0	0	0	0	70.4992	2399
18	9	0	0	0	0	91.3921	2400
18	9	0	0	0	0	86.4597	2401
17	9	0	0	0	0	87.8084	2402
16	9	0	0	0	0	77.4523	2403
13	9	0	0	0	0	71.7299	2404
13	9	0	0	0	0	66.1207	2405
13	10	0	0	0	0	73.3917	2406
13	10	0	0	0	0	77.4124	2407
13	10	0	0	0	0	51.9804	2408
13	10	0	0	0	0	64.9906	2409
13	10	0	0	0	0	75.9466	2410
14	10	0	0	0	0	67.2869	2411
15	10	0	0	0	0	76.9743	2412
15	10	0	0	0	0	71.5701	2413
15	10	0	0	0	0	77.0703	2414
15	10	0	0	0	0	78.4529	2415
15	9	0	0	0	0	85.1822	2416
15	9	0	0	0	0	79.9514	2417
15	9	0	0	0	0	82.5395	2418
16	9	0	0	0	0	78.5045	2419
16	9	0	0	0	0	79.1031	2420
16	11	0	0	0	0	91.6379	2421
16	11	0	0	0	0	81.0031	2422
16	11	0	0	0	0	86.914	2423
17	11	0	0	0	0	73.4042	2424
18	12	0	0	0	0	89.1351	2425
18	12	0	0	0	0	96.3356	2426
19	12	0	0	0	0	94.3651	2427
19	12	0	0	0	0	98.3269	2428
19	12	0	0	0	0	104.798	2429
19	12	0	0	0	0	86.7513	2430
15	12	0	0	0	0	84.985	2431
13	12	0	0	0	0	84.4016	2432
13	12	0	0	0	0	85.7862	2433
13	12	0	0	0	0	80.2843	2434
13	11	0	0	0	0	86.3319	2435
13	11	0	0	0	0	75.3309	2436
13	11	0	0	0	0	84.5054	2437
13	11	0	0	0	0	83.0772	2438
13	11	0	0	0	0	85.0523	2439
14	11	0	0	0	0	79.8206	2440
14	11	0	0	0	0	83.6726	2441
14	11	0	0	0	0	86.5096	2442
14	11	0	0	0	0	88.4221	2443
14	11	0	0	0	0	84.6328	2444
14	11	0	0	0	0	91.4836	2445
14	11	0	0	0	0	83.5032	2446
14	11	0	0	0	0	80.0788	2447
14	12	0	0	0	0	86.3113	2448
14	12	0	0	0	0	85.0014	2449
14	12	0	0	0	0	88.417	2450
14	12	0	0	0	0	86.9613	2451
14	12	0	0	0	0	82.3939	2452
14	12	0	0	0	0	84.9154	2453
14	12	0	0	0	0	81.4458	2454
14	12	0	0	0	0	83.4765	2455
14	12	0	0	0	0	85.5144	2456
14	12	0	0	0	0	91.0229	2457
14	12	0	0	0	0	87.3227	2458
14	13	0	0	0	0	86.2523	2459
14	13	0	0	0	0	98.1006	2460
14	13	0	0	0	0	89.7942	2461
14	13	0	0	0	0	96.2496	2462
14	13	0	0	0	0	95.0352	2463
14	14	0	0	0	0	86.4619	2464
14	14	0	0	0	0	79.4562	2465
12	13	0	0	0	0	83.5153	2466
12	13	0	0	0	0	73.9207	2467
12	12	0	0	0	0	71.4214	2468
13	12	0	0	0	0	78.3687	2469
13	12	0	0	0	0	75.2128	2470
13	11	0	0	0	0	73.1803	2471
13	11	0	0	0	0	77.1874	2472
12	11	0	0	0	0	77.7347	2473
12	11	0	0	0	0	75.4389	2474
12	11	0	0	0	0	77.9468	2475
12	12	0	0	0	0	79.0287	2476
12	12	0	0	0	0	77.1622	2477
12	11	0	0	0	0	78.5771	2478
12	11	0	0	0	0	78.521	2479
12	11	0	0	0	0	74.0617	2480
12	11	0	0	0	0	82.5479	2481
12	11	0	0	0	0	81.1137	2482
12	11	0	0	0	0	76.557	2483
13	11	0	0	0	0	81.0915	2484
13	11	0	0	0	0	74.4194	2485
13	11	0	0	0	0	87.667	2486
13	11	0	0	0	0	85.6432	2487
13	11	0	0	0	0	84.8194	2488
13	11	0	0	0	0	80.497	2489
14	11	0	0	0	0	78.4112	2490
14	11	0	0	0	0	86.5336	2491
14	11	0	0	0	0	87.7686	2492
14	11	0	0	0	0	82.627	2493
14	11	0	0	0	0	87.7623	2494
13	11	0	0	0	0	83.8301	2495
13	11	0	0	0	0	84.8304	2496
13	11	0	0	0	0	83.9993	2497
13	11	0	0	0	0	81.4946	2498
13	11	0	0	0	0	88.1479	2499
13	11	0	0	0	0	77.3331	2500
13	11	0	0	0	0	84.3739	2501
13	11	0	0	0	0	75.9867	2502
13	11	0	0	0	0	74.201	2503
12	11	0	0	0	0	78.0197	2504
12	11	0	0	0	0	84.4829	2505
12	11	0	0	0	0	69.0112	2506
12	11	0	0	0	0	83.9113	2507
12	11	0	0	0	0	78.2251	2508
12	11	0	0	0	0	76.6948	2509
12	10	0	0	0	0	65.7796	2510
12	10	0	0	0	0	78.9521	2511
12	10	0	0	0	0	77.0299	2512
13	10	0	0	0	0	80.2475	2513
13	11	0	0	0	0	74.6555	2514
13	11	0	0	0	0	76.1726	2515
13	11	0	0	0	0	79.9336	2516
13	12	0	0	0	0	85.6885	2517
13	12	0	0	0	0	78.6702	2518
13	11	0	0	0	0	70.6438	2519
13	11	0	0	0	0	74.6825	2520
13	11	0	0	0	0	74.709	2521
13	11	0	0	0	0	74.6531	2522
12	12	0	0	0	0	71.7049	2523
14	12	0	0	0	0	71.6941	2524
13	12	0	0	0	0	74.1787	2525
13	12	0	0	0	0	70.8306	2526
14	12	0	0	0	0	83.3222	2527
14	12	0	0	0	0	82.2995	2528
12	12	0	0	0	0	82.7432	2529
12	12	0	0	0	0	80.8909	2530
11	12	0	0	0	0	67.1925	2531
11	12	0	0	0	0	66.9097	2532
11	12	0	0	0	0	72.4863	2533
11	11	0	0	0	0	70.6521	2534
11	11	0	0	0	0	73.1759	2535
11	11	0	0	0	0	74.8464	2536
11	11	0	0	0	0	74.8046	2537
11	11	0	0	0	0	75.8039	2538
11	11	0	0	0	0	80.36	2539
11	11	0	0	0	0	67.6167	2540
11	11	0	0	0	0	70.8601	2541
11	11	0	0	0	0	69.0793	2542
11	11	0	0	0	0	73.6242	2543
11	11	0	0	0	0	67.0983	2544
11	10	0	0	0	0	71.0398	2545
11	10	0	0	0	0	65.99	2546
10	10	0	0	0	0	66.0551	2547
10	10	0	0	0	0	63.1609	2548
10	10	0	0	0	0	66.4898	2549
10	10	0	0	0	0	66.3322	2550
10	10	0	0	0	0	65.5234	2551
10	10	0	0	0	0	66.466	2552
10	10	0	0	0	0	65.4332	2553
10	10	0	0	0	0	56.9556	2554
10	10	0	0	0	0	57.4205	2555
9	9	0	0	0	0	58.6325	2556
9	10	0	0	0	0	60.067	2557
9	10	0	0	0	0	56.6831	2558
9	10	0	0	0	0	60.199	2559
9	10	0	0	0	0	56.4783	2560
9	10	0	0	0	0	60.2577	2561
9	9	0	0	0	0	58.0561	2562
9	9	0	0	0	0	57.5297	2563
9	9	0	0	0	0	60.2601	2564
9	9	0	0	0	0	48.0277	2565
9	9	0	0	0	0	55.9372	2566
9	8	0	0	0	0	57.638	2567
9	9	0	0	0	0	56.6443	2568
9	9	0	0	0	0	53.9943	2569
9	8	0	0	0	0	53.6081	2570
10	8	0	0	0	0	54.1458	2571
10	8	0	0	0	0	54.0242	2572
10	8	0	0	0	0	36.3018	2573
10	8	0	0	0	0	36.7484	2574
10	7	0	0	0	0	37.1796	2575
9	9	0	0	0	0	39.768	2576
5	9	0	0	0	0	48.8102	2577
5	9	0	0	0	0	40.9617	2578
5	9	0	0	0	0	46.2329	2579
5	9	0	0	0	0	45.9695	2580
5	9	0	0	0	0	45.4453	2581
5	9	0	0	0	0	40.8556	2582
5	9	0	0	0	0	45.9356	2583
5	9	0	0	0	0	42.1594	2584
5	9	0	0	0	0	46.6412	2585
5	9	0	0	0	0	43.8761	2586
5	9	0	0	0	0	46.65	2587
5	9	0	0	0	0	43.705	2588
5	9	0	0	0	0	43.103	2589
5	9	0	0	0	0	46.8343	2590
5	9	0	0	0	0	46.3628	2591
5	9	0	0	0	0	43.7705	2592
5	9	0	0	0	0	43.6629	2593
5	9	0	0	0	0	49.0684	2594
5	9	0	0	0	0	44.571	2595
6	9	0	0	0	0	42.2522	2596
6	9	0	0	0	0	41.8069	2597
6	9	0	0	0	0	47.8561	2598
6	9	0	0	0	0	50.4954	2599
6	10	0	0	0	0	48.5618	2600
6	10	0	0	0	0	53.9086	2601
6	10	0	0	0	0	49.7292	2602
6	10	0	0	0	0	50.4785	2603
6	9	0	0	0	0	52.8691	2604
6	9	0	0	0	0	45.8605	2605
6	9	0	0	0	0	42.8545	2606
6	9	0	0	0	0	49.979	2607
6	9	0	0	0	0	52.4979	2608
6	9	0	0	0	0	48.7576	2609
6	10	0	0	0	0	50.4635	2610
6	10	0	0	0	0	47.0316	2611
6	10	0	0	0	0	43.3773	2612
6	12	0	0	0	0	52.5062	2613
6	12	0	0	0	0	52.1427	2614
6	12	0	0	0	0	52.574	2615
6	12	0	0	0	0	55.8891	2616
6	12	0	0	0	0	57.1401	2617
6	12	0	0	0	0	63.9767	2618
6	12	0	0	0	0	53.9951	2619
6	13	0	0	0	0	60.0286	2620
6	12	0	0	0	0	57.3656	2621
6	13	0	0	0	0	57.1919	2622
6	13	0	0	0	0	61.2578	2623
6	13	0	0	0	0	60.1046	2624
6	13	0	0	0	0	63.9034	2625
6	13	0	0	0	0	65.6531	2626
6	13	0	0	0	0	63.2277	2627
6	13	0	0	0	0	68.7085	2628
6	13	0	0	0	0	66.1423	2629
6	13	0	0	0	0	65.7681	2630
6	13	0	0	0	0	63.6445	2631
6	13	0	0	0	0	55.9413	2632
6	13	0	0	0	0	65.0217	2633
6	13	0	0	0	0	67.5361	2634
6	13	0	0	0	0	66.4646	2635
6	13	0	0	0	0	65.678	2636
6	13	0	0	0	0	58.667	2637
6	13	0	0	0	0	66.0917	2638
6	13	0	0	0	0	57.4412	2639
5	13	0	0	0	0	54.5973	2640
5	13	0	0	0	0	57.2254	2641
5	12	0	0	0	0	59.0124	2642
5	12	0	0	0	0	43.2102	2643
5	12	0	0	0	0	47.9323	2644
5	12	0	0	0	0	50.2547	2645
5	11	0	0	0	0	46.8312	2646
4	11	0	0	0	0	48.8489	2647
4	11	0	0	0	0	47.514	2648
4	11	0	0	0	0	41.3395	2649
4	11	0	0	0	0	42.9617	2650
2	11	0	0	0	0	40.9425	2651
2	11	0	0	0	0	41.0534	2652
2	11	0	0	0	0	39.4616	2653
2	11	0	0	0	0	40.7257	2654
2	11	0	0	0	0	42.6025	2655
2	11	0	0	0	0	44.0722	2656
2	11	0	0	0	0	37.8785	2657
2	11	0	0	0	0	42.9422	2658
2	11	0	0	0	0	43.2698	2659
2	11	0	0	0	0	35.7313	2660
2	11	0	0	0	0	40.4222	2661
2	11	0	0	0	0	42.7146	2662
2	11	0	0	0	0	44.7283	2663
2	11	0	0	0	0	37.4253	2664
2	10	0	0	0	0	39.254	2665
2	10	0	0	0	0	32.706	2666
3	10	0	0	0	0	33.6058	2667
3	10	0	0	0	0	42.7714	2668
3	10	0	0	0	0	41.8845	2669
3	10	0	0	0	0	38.5028	2670
3	10	0	0	0	0	39.5117	2671
3	10	0	0	0	0	35.8583	2672
3	9	0	0	0	0	40.7987	2673
3	9	0	0	0	0	36.5063	2674
3	9	0	0	0	0	36.3051	2675
3	9	0	0	0	0	34.3525	2676
3	8	0	0	0	0	35.2971	2677
3	8	0	0	0	0	34.6307	2678
3	8	0	0	0	0	36.9838	2679
3	9	0	0	0	0	35.0531	2680
3	9	0	0	0	0	34.7874	2681
3	9	0	0	0	0	34.3802	2682
3	9	0	0	0	0	40.6312	2683
3	9	0	0	0	0	36.4018	2684
3	9	0	0	0	0	34.4537	2685
3	9	0	0	0	0	36.0993	2686
3	10	0	0	0	0	29.0492	2687
3	10	0	0	0	0	40.7238	2688
3	10	0	0	0	0	40.3396	2689
3	10	0	0	0	0	34.9944	2690
5	10	0	0	0	0	42.3711	2691
5	11	0	0	0	0	38.6294	2692
5	11	0	0	0	0	43.0989	2693
5	11	0	0	0	0	55.1886	2694
5	11	0	0	0	0	53.6909	2695
5	11	0	0	0	0	44.7425	2696
5	11	0	0	0	0	54.0969	2697
5	11	0	0	0	0	45.6944	2698
5	11	0	0	0	0	47.748	2699
6	11	0	0	0	0	56.5577	2700
6	11	0	0	0	0	47.5282	2701
6	11	0	0	0	0	52.2227	2702
6	11	0	0	0	0	55.3457	2703
6	12	0	0	0	0	58.1171	2704
6	12	0	0	0	0	60.9526	2705
6	12	0	0	0	0	52.404	2706
6	11	0	0	0	0	51.4376	2707
6	12	0	0	0	0	55.0872	2708
6	12	0	0	0	0	62.5528	2709
6	12	0	0	0	0	60.5715	2710
6	12	0	0	0	0	53.0179	2711
6	12	0	0	0	0	58.9826	2712
6	13	0	0	0	0	53.561	2713
6	13	0	0	0	0	54.4386	2714
6	13	0	0	0	0	61.3866	2715
6	14	0	0	0	0	59.0221	2716
6	14	0	0	0	0	63.0682	2717
6	14	0	0	0	0	65.9178	2718
6	14	0	0	0	0	65.7762	2719
6	14	0	0	0	0	61.3293	2720
6	14	0	0	0	0	68.2103	2721
6	14	0	0	0	0	61.8802	2722
6	14	0	0	0	0	65.4971	2723
6	14	0	0	0	0	67.0541	2724
6	14	0	0	0	0	59.6077	2725
6	13	0	0	0	0	65.4754	2726
6	13	0	0	0	0	59.4757	2727
6	13	0	0	0	0	67.6333	2728
6	13	0	0	0	0	66.0132	2729
6	13	0	0	0	0	64.1002	2730
6	13	0	0	0	0	54.5425	2731
5	13	0	0	0	0	55.5933	2732
5	12	0	0	0	0	54.3011	2733
5	12	0	0	0	0	54.0232	2734
5	12	0	0	0	0	57.8248	2735
5	12	0	0	0	0	54.8325	2736
5	13	0	0	0	0	49.1836	2737
6	13	0	0	0	0	56.7581	2738
6	13	0	0	0	0	61.4567	2739
6	12	0	0	0	0	60.6418	2740
6	12	0	0	0	0	57.2601	2741
6	12	0	0	0	0	59.8796	2742
6	12	0	0	0	0	55.9515	2743
6	14	0	0	0	0	61.4673	2744
6	15	0	0	0	0	72.4818	2745
6	15	0	0	0	0	72.5866	2746
6	15	0	0	0	0	65.7216	2747
6	14	0	0	0	0	59.5727	2748
6	14	0	0	0	0	63.2937	2749
6	13	0	0	0	0	64.6765	2750
6	13	0	0	0	0	63.8249	2751
6	14	0	0	0	0	62.9374	2752
5	14	0	0	0	0	60.1543	2753
5	15	0	0	0	0	64.4028	2754
5	15	0	0	0	0	67.1203	2755
6	16	0	0	0	0	67.8497	2756
7	16	0	0	0	0	74.9094	2757
7	16	0	0	0	0	75.5143	2758
7	16	0	0	0	0	80.7393	2759
7	16	0	0	0	0	78.2561	2760
7	16	0	0	0	0	78.6281	2761
7	16	0	0	0	0	77.0529	2762
7	16	0	0	0	0	75.6589	2763
7	16	0	0	0	0	76.4921	2764
6	16	0	0	0	0	68.3535	2765
6	16	0	0	0	0	75.0024	2766
6	16	0	0	0	0	80.4763	2767
6	16	0	0	0	0	75.9134	2768
6	17	0	0	0	0	72.0745	2769
6	17	0	0	0	0	72.9513	2770
6	16	0	0	0	0	73.2282	2771
6	16	0	0	0	0	72.1313	2772
6	16	0	0	0	0	73.0931	2773
6	16	0	0	0	0	75.3006	2774
6	16	0	0	0	0	74.238	2775
5	16	0	0	0	0	66.1064	2776
5	16	0	0	0	0	67.0172	2777
5	17	0	0	0	0	71.9078	2778
5	17	0	0	0	0	76.8358	2779
5	17	0	0	0	0	74.9392	2780
5	17	0	0	0	0	80.2802	2781
5	17	0	0	0	0	79.2797	2782
5	17	0	0	0	0	74.4821	2783
5	17	0	0	0	0	80.2769	2784
5	17	0	0	0	0	68.6337	2785
5	17	0	0	0	0	73.4613	2786
5	17	0	0	0	0	79.6153	2787
5	17	0	0	0	0	68.5973	2788
5	17	0	0	0	0	56.8813	2789
4	18	0	0	0	0	72.73	2790
4	18	0	0	0	0	80.3377	2791
5	19	0	0	0	0	69.3539	2792
6	19	0	0	0	0	73.5944	2793
6	20	0	0	0	0	76.8414	2794
6	20	0	0	0	0	91.9184	2795
6	20	0	0	0	0	96.1299	2796
6	20	0	0	0	0	75.3845	2797
6	19	0	0	0	0	86.9734	2798
6	19	0	0	0	0	92.1399	2799
6	19	0	0	0	0	80.8728	2800
6	19	0	0	0	0	86.65	2801
6	19	0	0	0	0	91.2131	2802
6	19	0	0	0	0	72.791	2803
6	20	0	0	0	0	91.6136	2804
6	20	0	0	0	0	95.8779	2805
6	20	0	0	0	0	91.7039	2806
6	20	0	0	0	0	88.0229	2807
6	20	0	0	0	0	80.9893	2808
6	20	0	0	0	0	86.8113	2809
6	20	0	0	0	0	81.1638	2810
6	20	0	0	0	0	95.9029	2811
6	20	0	0	0	0	85.2249	2812
7	19	0	0	0	0	91.8627	2813
7	19	0	0	0	0	91.019	2814
8	20	0	0	0	0	80.8074	2815
8	19	0	0	0	0	94.6108	2816
8	19	0	0	0	0	84.5602	2817
8	19	0	0	0	0	94.029	2818
8	19	0	0	0	0	91.6419	2819
8	19	0	0	0	0	99.5992	2820
8	19	0	0	0	0	82.3934	2821
8	19	0	0	0	0	90.948	2822
8	19	0	0	0	0	94.104	2823
8	19	0	0	0	0	95.8988	2824
8	19	0	0	0	0	83.5382	2825
8	19	0	0	0	0	86.6139	2826
8	18	0	0	0	0	80.5175	2827
8	18	0	0	0	0	85.58	2828
8	18	0	0	0	0	84.2614	2829
8	17	0	0	0	0	81.9652	2830
9	17	0	0	0	0	82.4187	2831
9	17	0	0	0	0	86.4717	2832
10	17	0	0	0	0	88.3716	2833
10	17	0	0	0	0	79.3574	2834
10	17	0	0	0	0	95.3195	2835
10	17	0	0	0	0	82.7085	2836
10	17	0	0	0	0	82.0221	2837
10	17	0	0	0	0	88.7059	2838
10	17	0	0	0	0	84.5795	2839
11	17	0	0	0	0	83.3995	2840
9	17	0	0	0	0	81.0957	2841
10	17	0	0	0	0	82.9224	2842
9	17	0	0	0	0	85.9514	2843
9	17	0	0	0	0	84.6617	2844
9	16	0	0	0	0	78.1866	2845
9	16	0	0	0	0	76.6616	2846
9	19	0	0	0	0	86.7426	2847
10	19	0	0	0	0	81.1569	2848
10	19	0	0	0	0	102.117	2849
10	19	0	0	0	0	100.321	2850
9	19	0	0	0	0	79.4545	2851
9	19	0	0	0	0	94.8693	2852
9	21	0	0	0	0	88.7357	2853
9	21	0	0	0	0	91.9568	2854
8	21	0	0	0	0	80.5342	2855
8	21	0	0	0	0	100.171	2856
8	21	0	0	0	0	89.6888	2857
8	21	0	0	0	0	85.6786	2858
8	21	0	0	0	0	97.1533	2859
8	20	0	0	0	0	79.3807	2860
8	20	0	0	0	0	101.039	2861
8	20	0	0	0	0	80.4039	2862
8	19	0	0	0	0	81.9328	2863
8	19	0	0	0	0	81.3018	2864
8	18	0	0	0	0	90.0033	2865
8	18	0	0	0	0	85.4274	2866
8	17	0	0	0	0	77.4167	2867
8	16	0	0	0	0	72.1068	2868
8	17	0	0	0	0	87.5927	2869
8	17	0	0	0	0	81.8414	2870
8	17	0	0	0	0	89.1399	2871
8	17	0	0	0	0	82.5229	2872
8	17	0	0	0	0	76.2584	2873
8	17	0	0	0	0	85.1847	2874
9	16	0	0	0	0	68.8471	2875
10	16	0	0	0	0	75.4963	2876
10	16	0	0	0	0	91.6043	2877
10	16	0	0	0	0	82.7224	2878
9	15	0	0	0	0	86.2685	2879
9	15	0	0	0	0	83.494	2880
9	15	0	0	0	0	73.1022	2881
9	15	0	0	0	0	81.3574	2882
9	15	0	0	0	0	72.8191	2883
8	15	0	0	0	0	73.3038	2884
8	15	0	0	0	0	73.4666	2885
8	15	0	0	0	0	73.3868	2886
8	15	0	0	0	0	65.4112	2887
8	15	0	0	0	0	73.6034	2888
8	14	0	0	0	0	76.2486	2889
8	13	0	0	0	0	73.2886	2890
8	13	0	0	0	0	67.5384	2891
8	13	0	0	0	0	72.3924	2892
8	13	0	0	0	0	70.9565	2893
8	13	0	0	0	0	66.2655	2894
7	13	0	0	0	0	64.0285	2895
7	12	0	0	0	0	64.1351	2896
7	12	0	0	0	0	61.972	2897
7	12	0	0	0	0	64.1857	2898
7	12	0	0	0	0	64.2889	2899
8	14	0	0	0	0	68.1747	2900
8	14	0	0	0	0	69.7221	2901
8	14	0	0	0	0	79.268	2902
9	14	0	0	0	0	69.7642	2903
9	14	0	0	0	0	74.5201	2904
9	14	0	0	0	0	79.3144	2905
9	14	0	0	0	0	74.1628	2906
9	14	0	0	0	0	77.6559	2907
9	14	0	0	0	0	79.4222	2908
9	13	0	0	0	0	55.0847	2909
9	13	0	0	0	0	63.4906	2910
9	13	0	0	0	0	69.4286	2911
9	14	0	0	0	0	62.6636	2912
9	13	0	0	0	0	66.9153	2913
9	13	0	0	0	0	68.7767	2914
9	13	0	0	0	0	69.4286	2915
8	13	0	0	0	0	62.084	2916
8	13	0	0	0	0	61.0007	2917
8	12	0	0	0	0	60.3294	2918
8	11	0	0	0	0	64.3461	2919
7	11	0	0	0	0	62.4968	2920
7	11	0	0	0	0	57.8621	2921
8	11	0	0	0	0	64.7251	2922
8	11	0	0	0	0	68.649	2923
8	11	0	0	0	0	63.4902	2924
8	11	0	0	0	0	60.7237	2925
8	11	0	0	0	0	55.2245	2926
8	11	0	0	0	0	67.9425	2927
8	11	0	0	0	0	59.9462	2928
8	11	0	0	0	0	67.9326	2929
8	11	0	0	0	0	56.6164	2930
9	12	0	0	0	0	67.462	2931
9	12	0	0	0	0	69.4488	2932
10	16	0	0	0	0	76.7104	2933
10	16	0	0	0	0	84.1251	2934
11	18	0	0	0	0	87.498	2935
11	18	0	0	0	0	85.5884	2936
11	18	0	0	0	0	88.412	2937
11	18	0	0	0	0	89.3958	2938
11	18	0	0	0	0	92.4543	2939
11	18	0	0	0	0	81.3733	2940
11	18	0	0	0	0	99.5483	2941
10	18	0	0	0	0	96.9848	2942
10	18	0	0	0	0	98.5797	2943
10	18	0	0	0	0	92.0731	2944
11	18	0	0	0	0	95.8571	2945
11	18	0	0	0	0	87.6367	2946
11	18	0	0	0	0	91.4457	2947
11	18	0	0	0	0	99.4616	2948
12	18	0	0	0	0	91.9139	2949
12	18	0	0	0	0	99.8847	2950
12	18	0	0	0	0	96.9179	2951
12	18	0	0	0	0	89.0207	2952
12	18	0	0	0	0	99.6413	2953
12	18	0	0	0	0	96.3714	2954
11	18	0	0	0	0	87.151	2955
11	19	0	0	0	0	103.33	2956
11	20	0	0	0	0	102.455	2957
11	20	0	0	0	0	100.59	2958
11	21	0	0	0	0	100.495	2959
11	21	0	0	0	0	100.267	2960
11	21	0	0	0	0	114.242	2961
12	21	0	0	0	0	98.9745	2962
12	21	0	0	0	0	102.941	2963
12	21	0	0	0	0	100.982	2964
12	20	0	0	0	0	119.497	2965
12	20	0	0	0	0	113.972	2966
12	20	0	0	0	0	118.475	2967
12	20	0	0	0	0	116.832	2968
12	20	0	0	0	0	114.906	2969
12	20	0	0	0	0	110.247	2970
12	20	0	0	0	0	110.144	2971
12	20	0	0	0	0	115.591	2972
12	20	0	0	0	0	109.671	2973
12	20	0	0	0	0	109.382	2974
11	20	0	0	0	0	107.022	2975
11	19	0	0	0	0	104.511	2976
11	19	0	0	0	0	106.973	2977
11	19	0	0	0	0	100.997	2978
11	19	0	0	0	0	95.6618	2979
11	19	0	0	0	0	93.7908	2980
10	20	0	0	0	0	101.725	2981
10	20	0	0	0	0	94.2622	2982
10	20	0	0	0	0	98.2801	2983
10	20	0	0	0	0	105.565	2984
10	20	0	0	0	0	83.8629	2985
10	20	0	0	0	0	96.9182	2986
10	20	0	0	0	0	100.127	2987
10	20	0	0	0	0	90.4005	2988
10	20	0	0	0	0	93.7149	2989
9	19	0	0	0	0	84.2675	2990
9	19	0	0	0	0	98.3565	2991
9	19	0	0	0	0	89.6228	2992
9	18	0	0	0	0	78.4258	2993
9	18	0	0	0	0	92.0832	2994
9	18	0	0	0	0	91.3552	2995
9	18	0	0	0	0	91.8209	2996
10	16	0	0	0	0	86.6968	2997
10	16	0	0	0	0	95.6004	2998
10	16	0	0	0	0	75.4764	2999
10	16	0	0	0	0	94.2993	3000
10	16	0	0	0	0	89.9866	3001
10	16	0	0	0	0	77.7361	3002
11	13	0	0	0	0	61.5196	3003
11	13	0	0	0	0	77.0142	3004
10	13	0	0	0	0	79.1039	3005
10	13	0	0	0	0	72.9512	3006
11	14	0	0	0	0	56.9425	3007
12	14	0	0	0	0	87.2943	3008
12	14	0	0	0	0	83.4665	3009
11	14	0	0	0	0	81.8412	3010
10	14	0	0	0	0	74.0911	3011
10	14	0	0	0	0	76.1409	3012
10	14	0	0	0	0	79.1976	3013
10	13	0	0	0	0	81.1206	3014
10	13	0	0	0	0	73.5304	3015
10	12	0	0	0	0	71.6942	3016
10	11	0	0	0	0	70.2662	3017
10	11	0	0	0	0	70.7254	3018
10	11	0	0	0	0	73.3621	3019
10	11	0	0	0	0	73.348	3020
10	11	0	0	0	0	70.8221	3021
11	11	0	0	0	0	72.9335	3022
11	11	0	0	0	0	71.7702	3023
11	11	0	0	0	0	73.4844	3024
11	11	0	0	0	0	72.1342	3025
11	10	0	0	0	0	70.3562	3026
11	10	0	0	0	0	73.4516	3027
11	10	0	0	0	0	69.2028	3028
11	10	0	0	0	0	67.8286	3029
11	10	0	0	0	0	75.1585	3030
11	10	0	0	0	0	60.3332	3031
11	10	0	0	0	0	74.4992	3032
11	10	0	0	0	0	69.3824	3033
11	10	0	0	0	0	62.6782	3034
11	10	0	0	0	0	68.1286	3035
11	10	0	0	0	0	49.2554	3036
13	10	0	0	0	0	68.0946	3037
13	10	0	0	0	0	81.8883	3038
13	10	0	0	0	0	73.1985	3039
13	10	0	0	0	0	75.7195	3040
13	10	0	0	0	0	71.1573	3041
13	9	0	0	0	0	73.0207	3042
13	9	0	0	0	0	66.6426	3043
11	9	0	0	0	0	54.2908	3044
10	9	0	0	0	0	61.333	3045
10	9	0	0	0	0	62.6984	3046
10	9	0	0	0	0	64.6395	3047
10	9	0	0	0	0	56.4311	3048
10	9	0	0	0	0	64.437	3049
10	8	0	0	0	0	57.147	3050
10	8	0	0	0	0	60.5311	3051
10	8	0	0	0	0	61.1679	3052
10	8	0	0	0	0	58.5253	3053
11	8	0	0	0	0	61.7534	3054
11	8	0	0	0	0	42.0359	3055
11	8	0	0	0	0	44.8047	3056
11	8	0	0	0	0	53.3519	3057
9	7	0	0	0	0	48.1733	3058
9	7	0	0	0	0	47.8626	3059
9	7	0	0	0	0	54.4024	3060
9	7	0	0	0	0	43.2625	3061
9	7	0	0	0	0	44.6156	3062
9	9	0	0	0	0	51.5982	3063
9	9	0	0	0	0	45.2051	3064
9	9	0	0	0	0	51.232	3065
9	9	0	0	0	0	46.6262	3066
9	9	0	0	0	0	56.9394	3067
9	9	0	0	0	0	49.6743	3068
9	8	0	0	0	0	55.6251	3069
9	8	0	0	0	0	48.7976	3070
9	7	0	0	0	0	42.9849	3071
7	7	0	0	0	0	38.1716	3072
7	7	0	0	0	0	42.5508	3073
7	7	0	0	0	0	39.7053	3074
7	8	0	0	0	0	40.958	3075
7	8	0	0	0	0	40.2185	3076
8	8	0	0	0	0	48.4117	3077
8	9	0	0	0	0	52.4871	3078
8	9	0	0	0	0	48.8036	3079
8	9	0	0	0	0	51.9955	3080
8	9	0	0	0	0	50.6906	3081
7	9	0	0	0	0	50.1589	3082
7	8	0	0	0	0	45.0665	3083
10	8	0	0	0	0	48.5298	3084
10	7	0	0	0	0	46.2527	3085
10	7	0	0	0	0	46.4441	3086
10	7	0	0	0	0	48.8155	3087
10	7	0	0	0	0	39.0504	3088
10	7	0	0	0	0	50.6339	3089
10	7	0	0	0	0	53.6144	3090
10	7	0	0	0	0	51.5967	3091
10	7	0	0	0	0	52.8766	3092
12	7	0	0	0	0	54.3101	3093
12	7	0	0	0	0	63.4562	3094
12	7	0	0	0	0	56.5248	3095
12	7	0	0	0	0	61.405	3096
12	7	0	0	0	0	65.6888	3097
12	7	0	0	0	0	62.2304	3098
12	7	0	0	0	0	61.9842	3099
12	7	0	0	0	0	60.4541	3100
13	7	0	0	0	0	61.149	3101
13	7	0	0	0	0	57.9077	3102
14	8	0	0	0	0	61.0266	3103
14	8	0	0	0	0	64.0816	3104
14	8	0	0	0	0	68.8517	3105
14	8	0	0	0	0	72.5772	3106
14	8	0	0	0	0	70.9218	3107
14	8	0	0	0	0	59.0121	3108
14	7	0	0	0	0	71.5075	3109
14	7	0	0	0	0	64.0465	3110
14	7	0	0	0	0	72.3638	3111
14	7	0	0	0	0	72.0302	3112
14	7	0	0	0	0	69.6155	3113
14	7	0	0	0	0	69.3681	3114
14	7	0	0	0	0	71.3325	3115
14	7	0	0	0	0	67.471	3116
14	7	0	0	0	0	63.7847	3117
14	7	0	0	0	0	66.4892	3118
13	7	0	0	0	0	64.2107	3119
13	7	0	0	0	0	62.107	3120
13	7	0	0	0	0	61.2096	3121
13	7	0	0	0	0	59.8962	3122
13	7	0	0	0	0	59.5436	3123
13	7	0	0	0	0	65.3705	3124
12	7	0	0	0	0	61.6563	3125
12	7	0	0	0	0	62.6673	3126
12	7	0	0	0	0	65.1964	3127
12	7	0	0	0	0	64.2573	3128
13	7	0	0	0	0	57.6272	3129
13	6	0	0	0	0	55.6633	3130
13	6	0	0	0	0	54.6984	3131
14	6	0	0	0	0	63.6958	3132
14	6	0	0	0	0	60.8833	3133
14	6	0	0	0	0	67.3167	3134
14	6	0	0	0	0	64.9653	3135
14	6	0	0	0	0	68.0794	3136
14	6	0	0	0	0	63.4019	3137
14	7	0	0	0	0	69.0057	3138
14	7	0	0	0	0	67.0205	3139
14	7	0	0	0	0	72.2365	3140
14	7	0	0	0	0	60.4605	3141
14	7	0	0	0	0	70.1098	3142
14	7	0	0	0	0	66.2877	3143
14	7	0	0	0	0	70.5009	3144
14	7	0	0	0	0	73.0971	3145
14	7	0	0	0	0	62.4663	3146
12	6	0	0	0	0	58.0832	3147
12	6	0	0	0	0	56.5112	3148
12	6	0	0	0	0	56.7706	3149
12	6	0	0	0	0	58.4633	3150
12	6	0	0	0	0	57.6166	3151
12	8	0	0	0	0	58.9813	3152
12	10	0	0	0	0	48.3869	3153
12	10	0	0	0	0	58.9198	3154
12	10	0	0	0	0	71.2385	3155
12	10	0	0	0	0	65.5683	3156
12	9	0	0	0	0	72.9606	3157
12	9	0	0	0	0	68.6368	3158
12	9	0	0	0	0	67.03	3159
12	9	0	0	0	0	70.1919	3160
11	9	0	0	0	0	67.3105	3161
11	8	0	0	0	0	60.6031	3162
11	9	0	0	0	0	59.3758	3163
11	8	0	0	0	0	60.849	3164
11	8	0	0	0	0	61.8772	3165
11	8	0	0	0	0	56.901	3166
11	8	0	0	0	0	57.4299	3167
11	8	0	0	0	0	59.0403	3168
11	8	0	0	0	0	60.9486	3169
11	8	0	0	0	0	58.6662	3170
11	8	0	0	0	0	55.4853	3171
10	8	0	0	0	0	48.0077	3172
10	8	0	0	0	0	64.2397	3173
10	8	0	0	0	0	64.2273	3174
10	8	0	0	0	0	57.3632	3175
10	8	0	0	0	0	63.3919	3176
10	8	0	0	0	0	59.137	3177
10	8	0	0	0	0	56.5444	3178
10	8	0	0	0	0	55.0199	3179
10	8	0	0	0	0	58.1872	3180
10	8	0	0	0	0	64.4349	3181
10	8	0	0	0	0	61.5764	3182
11	9	0	0	0	0	54.6476	3183
12	9	0	0	0	0	59.1954	3184
12	9	0	0	0	0	59.848	3185
12	9	0	0	0	0	55.5091	3186
12	9	0	0	0	0	60.7381	3187
12	9	0	0	0	0	61.1212	3188
12	9	0	0	0	0	62.0023	3189
12	9	0	0	0	0	60.0655	3190
13	9	0	0	0	0	70.7267	3191
13	9	0	0	0	0	72.8719	3192
14	9	0	0	0	0	70.4045	3193
14	9	0	0	0	0	81.9114	3194
14	9	0	0	0	0	76.0574	3195
14	9	0	0	0	0	77.5986	3196
14	9	0	0	0	0	80.5468	3197
14	9	0	0	0	0	79.653	3198
14	9	0	0	0	0	78.0962	3199
14	9	0	0	0	0	78.4188	3200
14	9	0	0	0	0	70.7957	3201
16	9	0	0	0	0	76.2912	3202
16	9	0	0	0	0	79.1835	3203
16	9	0	0	0	0	87.3257	3204
16	9	0	0	0	0	85.7785	3205
16	9	0	0	0	0	90.5371	3206
16	9	0	0	0	0	71.7356	3207
16	9	0	0	0	0	77.769	3208
16	8	0	0	0	0	81.2825	3209
16	8	0	0	0	0	76.7478	3210
16	8	0	0	0	0	79.3714	3211
16	8	0	0	0	0	75.545	3212
16	7	0	0	0	0	76.0942	3213
16	7	0	0	0	0	69.3071	3214
16	7	0	0	0	0	81.3304	3215
16	7	0	0.5	0	1	77.3123	3216
16	7	0	0.5	0	1	78.8265	3217
16	7	0	0.5	0	1	84.0801	3218
16	7	0	0.5	0	1	69.9672	3219
16	7	0	0.5	0	1	76.5735	3220
16	7	0	0.5	0	1	75.8329	3221
16	7	0	0.5	0	1	74.9944	3222
16	7	0	0.5	0	1	73.6439	3223
16	7	0	0.5	0	1	60.9883	3224
15	7	0	0.5	0	1	61.9836	3225
15	7	0	0.5	0	1	64.6687	3226
13	7	0	0.5	0	1	61.3546	3227
13	6	0	0.5	0	1	61.1443	3228
13	6	0	0.5	0	1	63.7974	3229
13	6	0	0.5	0	1	60.6297	3230
12	6	0	0.5	0	1	50.0915	3231
11	6	0	0.5	0	1	55.213	3232
11	6	0	0.5	0	1	50.5718	3233
10	6	0	0.5	0	1	51.6776	3234
10	6	0	0.5	0	1	54.3492	3235
10	6	0	0.5	0	1	53.4063	3236
10	6	0	0.5	0	1	42.0555	3237
10	6	0	0.5	0	1	51.1898	3238
9	6	0	0.5	0	1	52.717	3239
9	6	0	0.5	0	1	40.1663	3240
9	6	0	0.5	0	1	38.2962	3241
8	6	0	0.5	0	1	48.4336	3242
8	6	0	0.5	0	1	40.1483	3243
8	6	0	0.5	0	1	43.2344	3244
8	6	0	0.5	0	1	45.2067	3245
8	6	0	0.5	0	1	40.9126	3246
8	6	0	0.5	0	1	36.4389	3247
8	6	0	0.5	0	1	44.2071	3248
8	6	0	0.5	0	1	45.0748	3249
8	6	0	0.5	0	1	43.8995	3250
8	6	0	0.5	0	1	38.6848	3251
8	6	0	0.5	0	1	37.6107	3252
7	6	0	0.5	0	1	36.5576	3253
7	6	0	0.5	0	1	41.5337	3254
7	6	0	0.5	0	1	42.8887	3255
7	6	0	0.5	0	1	37.0087	3256
7	6	0	0.5	0	1	42.0038	3257
7	6	0	0.5	0	1	37.7078	3258
7	9	0	0.5	0	1	42.8828	3259
7	9	0	0.5	0	1	39.9976	3260
7	9	0	0.5	0	1	37.6134	3261
7	9	0	0.5	0	1	42.9603	3262
7	8	0	0.5	0	1	48.7432	3263
7	8	0	0.5	0	1	49.8953	3264
7	8	0	0.5	0	1	49.7898	3265
7	8	0	0.5	0	1	51.684	3266
7	8	0	0.5	0	1	49.0539	3267
7	8	0	0.5	0	1	52.6863	3268
7	9	0	0.5	0	1	52.8216	3269
7	10	0	0.5	0	1	48.8427	3270
7	10	0	0.5	0	1	56.6285	3271
8	10	0	0.5	0	1	49.1695	3272
8	10	0	0.5	0	1	53.7797	3273
8	10	0	0.5	0	1	59.1541	3274
8	13	0	0.5	0	1	60.6919	3275
9	14	0	0.5	0	1	58.9867	3276
9	14	0	0.5	0	1	75.0212	3277
9	14	0	0.5	0	1	76.9621	3278
7	14	0	0.5	0	1	69.5738	3279
7	16	0	0	0	0	70.2989	3280
