unique_top_cov	unique_bot_cov	redundant_top_cov	redundant_bot_cov	raw_redundant_top_cov	raw_redundant_bot_cov	e_value	position
3	0	0	0	0	0	nan	1
3	0	0	0	0	0	nan	2
3	0	0	0	0	0	nan	3
3	0	0	0	0	0	nan	4
3	0	0	0	0	0	nan	5
3	0	0	0	0	0	nan	6
3	0	0	0	0	0	1.5457	7
3	0	0.333333	0	1	0	2.45814	8
3	0	0.333333	0	1	0	2.88131	9
3	0	0.333333	0	1	0	4.01978	10
3	0	0.333333	0.333333	1	1	5.30919	11
4	1	0.333333	0.333333	1	1	4.78581	12
4	1	0.333333	0.333333	1	1	12.3498	13
4	1	0.333333	0.333333	1	1	11.2982	14
4	1	0.333333	0.333333	1	1	12.788	15
4	1	0.333333	0.333333	1	1	10.1068	16
5	1	0.333333	0.333333	1	1	13.1795	17
5	1	0.333333	0.333333	1	1	15.6905	18
5	2	0.333333	0.333333	1	1	10.0949	19
5	3	0.333333	0.333333	1	1	13.4232	20
5	3	0.333333	0.333333	1	1	20.4683	21
5	3	0.333333	0.333333	1	1	22.9207	22
5	3	0.333333	0.333333	1	1	23.5629	23
5	3	0.333333	0.333333	1	1	16.2545	24
5	3	0.333333	0.333333	1	1	21.6101	25
6	3	0.666667	0.333333	2	1	25.176	26
6	3	0.666667	0.333333	2	1	28.7379	27
6	3	0.666667	0.333333	2	1	23.5286	28
6	6	0.666667	0.333333	2	1	28.0272	29
6	6	0.666667	0.333333	2	1	27.5891	30
6	7	0.666667	0.333333	2	1	32.4503	31
7	7	0.666667	0.333333	2	1	39.7964	32
7	8	0.666667	0.333333	2	1	40.7012	33
7	8	0.666667	0.333333	2	1	42.5062	34
7	8	0.666667	0.333333	2	1	42.7633	35
8	8	0.666667	0.333333	2	1	42.8321	36
8	8	0.666667	0.333333	2	1	42.8748	37
10	8	0.666667	0.333333	2	1	49.2989	38
10	8	0.666667	0.333333	2	1	64.1217	39
10	8	0.666667	0.333333	2	1	58.7208	40
10	10	0.666667	0.333333	2	1	62.6155	41
10	10	0.666667	0.333333	2	1	59.6328	42
11	10	0.666667	0.333333	2	1	60.9809	43
11	10	0.666667	0.333333	2	1	65.4168	44
11	10	0.666667	0.333333	2	1	67.5858	45
12	10	0.666667	0.333333	2	1	70.3378	46
12	10	0.666667	0.333333	2	1	77.5486	47
12	12	0.666667	0.333333	2	1	69.7582	48
12	13	0.666667	0.333333	2	1	80.1085	49
12	13	0.666667	0.333333	2	1	68.8573	50
12	13	0.666667	0.333333	2	1	83.8989	51
13	13	0.666667	0.333333	2	1	87.1578	52
13	13	0.666667	0.333333	2	1	85.9979	53
13	13	0.666667	0.333333	2	1	91.319	54
17	13	0.666667	0.333333	2	1	88.5356	55
19	13	0.666667	0.333333	2	1	101.023	56
20	13	0.666667	0.333333	2	1	108.556	57
20	14	0.666667	0.333333	2	1	109.154	58
20	14	0.666667	0.333333	2	1	113.303	59
20	14	0.666667	0.333333	2	1	124.617	60
21	14	0.666667	0.333333	2	1	111.335	61
21	15	0.666667	0.333333	2	1	120.199	62
21	15	0.666667	0.333333	2	1	122.848	63
22	19	0.666667	0.333333	2	1	115.912	64
22	19	0.666667	0.333333	2	1	148.819	65
22	19	0.333333	0.333333	1	1	133.716	66
25	19	0.333333	0.333333	1	1	141.566	67
25	19	0.333333	0.333333	1	1	141.119	68
25	19	0.333333	0.333333	1	1	146.016	69
25	20	0.333333	0.333333	1	1	140.916	70
26	20	0.333333	0.333333	1	1	144.901	71
26	20	0.333333	0.333333	1	1	166.011	72
26	20	0	0.333333	0	1	151.203	73
26	20	0	0.333333	0	1	154.147	74
26	20	0	0.333333	0	1	155.721	75
26	20	0	0.333333	0	1	145.694	76
26	20	0	0	0	0	158.553	77
26	20	0	0	0	0	157.213	78
28	20	0	0	0	0	145.17	79
28	21	0	0	0	0	162.814	80
28	21	0	0	0	0	159.445	81
29	21	0	0	0	0	164.673	82
29	21	0	0	0	0	188.828	83
29	21	0	0	0	0	162.428	84
30	21	0	0	0	0	162.919	85
31	22	0	0	0	0	183.842	86
31	22	0	0	0	0	179.846	87
31	31	0	0	0	0	192.549	88
31	33	0	0	0	0	226.869	89
31	33	0	0	0	0	220.45	90
31	35	0	0	0	0	216.723	91
31	35	0	0	0	0	218.165	92
31	35	0	0	0	0	218.645	93
31	35	0	0	0	0	212.303	94
31	35	0	0	0	0	211.378	95
31	35	0	0	0	0	218.701	96
29	35	0	0	0	0	216.035	97
29	35	0	0	0	0	235.403	98
29	35	0	0	0	0	231.078	99
30	35	0	0	0	0	231.329	100
30	35	0	0	0	0	220.102	101
30	35	0	0	0	0	247.264	102
30	36	0	0	0	0	234.113	103
30	36	0	0	0	0	232.437	104
32	36	0	0	0	0	252.858	105
32	36	0	0	0	0	227.522	106
32	36	0	0	0	0	246.8	107
32	36	0	0	0	0	228.857	108
33	36	0	0	0	0	240.729	109
34	36	0	0	0	0	246.345	110
34	36	0	0	0	0	255.008	111
32	36	0	0	0	0	221.166	112
32	35	0	0	0	0	211.224	113
34	35	0	0	0	0	238.902	114
34	35	0	0	0	0	227.571	115
34	36	0	0	0	0	221.467	116
34	36	0	0	0	0	49.8228	117
36	36	0	0	0	0	255.513	118
36	36	0	0	0	0	233.521	119
36	36	0	0	0	0	242.423	120
36	34	0	0	0	0	243.856	121
36	36	0	0	0	0	204.308	122
36	42	0	0	0	0	259.073	123
37	42	0	0	0	0	255.873	124
37	42	0	0	0	0	270.533	125
36	42	0	0	0	0	236.686	126
36	43	0	0	0	0	274.122	127
36	43	0	0	0	0	227.438	128
34	43	0	0	0	0	39.8556	129
32	43	0	0	0	0	263.096	130
31	43	0	0	0	0	267.275	131
31	44	0	0	0	0	267.782	132
32	45	0	0	0	0	281.258	133
32	45	0	0	0	0	264.018	134
32	46	0	0	0	0	281.855	135
32	46	0	0	0	0	256.767	136
34	46	0	0	0	0	292.406	137
34	46	0	0	0	0	276.618	138
34	45	0	0	0	0	285.728	139
35	45	0	0	0	0	290.336	140
35	45	0	0	0	0	266.34	141
36	45	0	0	0	0	291.663	142
36	45	0	0	0	0	283.565	143
36	44	0	0	0	0	22.2134	144
36	45	0	0	0	0	295.457	145
36	45	0	0	0	0	275.307	146
36	47	0	0	0	0	289.066	147
36	47	0	0	0	0	295.786	148
36	47	0	0	0	0	290.586	149
37	47	0	0	0	0	287.864	150
36	48	0	0	0	0	294.247	151
35	48	0	0	0	0	293.215	152
35	48	0	0	0	0	284.536	153
35	50	0	0	0	0	289.405	154
35	50	0	0	0	0	297.248	155
35	50	0	0	0	0	300.646	156
34	50	0	0	0	0	296.869	157
34	49	0	0	0	0	294.661	158
35	48	0	0	0	0	298.456	159
35	48	0	0	0	0	290.112	160
35	48	0	0	0	0	308.384	161
35	48	0	0	0	0	289.927	162
35	49	0	0	0	0	304.559	163
36	49	0	0	0	0	302.831	164
37	48	0	0	0	0	276.507	165
38	48	0	0	0	0	276.084	166
38	48	0	0	0	0	293.388	167
39	48	0	0	0	0	289.391	168
39	48	0	0	0	0	298.903	169
42	47	0	0	0	0	308.847	170
43	48	0	0	0	0	311.767	171
43	48	0	0	0	0	302.108	172
43	48	0	0	0	0	320.035	173
42	48	0	0	0	0	291.876	174
42	47	0	0	0	0	321.419	175
41	47	0	0	0	0	303.978	176
41	48	0	0	0	0	305.844	177
42	48	0	0	0	0	298.482	178
42	48	0	0	0	0	305.065	179
43	48	0	0	0	0	312.457	180
43	48	0	0	0	0	318.022	181
43	48	0	0	0	0	282.177	182
45	48	0	0	0	0	317.825	183
45	47	0	0	0	0	324.382	184
45	49	0	0	0	0	321.28	185
44	48	0	0	0	0	327.089	186
44	48	0	0	0	0	304.756	187
40	48	0	0	0	0	306.153	188
40	48	0	0	0	0	296.168	189
40	47	0	0	0	0	293.561	190
40	46	0	0	0	0	314.583	191
38	46	0	0	0	0	276.893	192
37	47	0	0	0	0	299.229	193
37	47	0	0	0	0	274.106	194
38	47	0	0	0	0	283.315	195
40	56	0	0	0	0	306.056	196
39	56	0	0	0	0	322.461	197
38	59	0	0	0	0	283.888	198
38	56	0	0	0	0	290.627	199
37	55	0	0	0	0	273.929	200
37	54	0	0	0	0	288.741	201
35	52	0	0	0	0	286.012	202
35	51	0	0	0	0	282.983	203
35	52	0	0	0	0	282.235	204
29	52	0	0	0	0	278.515	205
30	54	0	0	0	0	285.144	206
28	54	0	0	0	0	279.404	207
32	54	0	0	0	0	265.984	208
32	53	0	0	0	0	282.778	209
32	53	0	0	0	0	286.456	210
32	53	0	0	0	0	281.561	211
32	52	0	0	0	0	292.102	212
32	52	0	0	0	0	276.008	213
32	51	0	0	0	0	252.401	214
32	50	0	0	0	0	263.643	215
32	47	0	0	0	0	235.195	216
31	47	0	0	0	0	280.606	217
31	47	0	0	0	0	274.955	218
30	47	0	0	0	0	267.597	219
30	46	0	0	0	0	273.816	220
30	46	0	0	0	0	273.959	221
29	46	0	0	0	0	240.923	222
29	45	0	0	0	0	262.065	223
29	48	0	0	0	0	273.089	224
30	48	0	0	0	0	254.392	225
30	48	0	0	0	0	243.977	226
30	48	0	0	0	0	271.401	227
30	48	0	0	0	0	255.514	228
30	47	0	0	0	0	283.488	229
30	47	0	0	0	0	270.827	230
30	44	0	0	0	0	267.882	231
30	44	0	0	0	0	271.874	232
30	44	0	0	0	0	256.463	233
31	44	0	0	0	0	261.484	234
32	44	0	0	0	0	260.817	235
33	42	0	0	0	0	224.55	236
33	42	0	0	0	0	261.798	237
33	41	0	0	0	0	249.88	238
34	39	0	0	0	0	257.31	239
34	38	0	0	0	0	233.841	240
34	38	0	0	0	0	249.093	241
35	38	0	0	0	0	241.215	242
35	41	0	0	0	0	260.789	243
35	40	0	0	0	0	241.688	244
37	45	0	0	0	0	253.362	245
37	45	0	0	0	0	263.728	246
37	44	0	0	0	0	294.176	247
37	44	0	0	0	0	274.796	248
37	45	0	0	0	0	269.808	249
36	44	0	0	0	0	281.403	250
36	44	0	0	0	0	281.14	251
36	43	0	0	0	0	242.549	252
36	43	0	0	0	0	280.485	253
36	43	0	0	0	0	293.996	254
35	43	0	0	0	0	275.38	255
36	43	0	0	0	0	284.724	256
36	43	0	0	0	0	276.594	257
36	43	0	0	0	0	261.114	258
37	43	0	0	0	0	281.764	259
38	43	0	0	0	0	265.062	260
38	44	0	0	0	0	280.496	261
37	44	0	0	0	0	275.254	262
37	43	0	0	0	0	281.098	263
37	43	0	0	0	0	271.321	264
36	43	0	0	0	0	262.872	265
36	42	0	0	0	0	286.854	266
36	42	0	0	0	0	281.449	267
36	42	0	0	0	0	286.072	268
36	43	0	0	0	0	238.846	269
36	43	0	0	0	0	252.994	270
36	42	0	0	0	0	255.929	271
36	41	0	0	0	0	261.354	272
36	40	0	0	0	0	250.279	273
36	40	0	0	0	0	257.475	274
35	40	0	0	0	0	284.542	275
35	41	0	0	0	0	278.722	276
35	41	0	0	0	0	236.854	277
36	41	0	0	0	0	245.988	278
36	40	0	0	0	0	260.864	279
36	39	0	0	0	0	283.44	280
36	39	0	0	0	0	265.585	281
36	37	0	0	0	0	260.613	282
35	36	0	0	0	0	239.478	283
35	37	0	0	0	0	253.416	284
34	37	0	0	0	0	248.335	285
34	38	0	0	0	0	248.518	286
34	38	0	0	0	0	249.477	287
36	38	0	0	0	0	254.867	288
36	38	0	0	0	0	254.04	289
36	38	0	0	0	0	263.398	290
36	38	0	0	0	0	275.868	291
35	38	0	0	0	0	250.814	292
35	38	0	0	0	0	256.714	293
35	38	0	0	0	0	251.555	294
35	37	0	0	0	0	245.31	295
35	37	0	0	0	0	259.406	296
35	37	0	0	0	0	267.346	297
36	36	0	0	0	0	250.889	298
36	36	0	0	0	0	231.878	299
32	35	0	0	0	0	232.867	300
32	34	0	0	0	0	249.481	301
32	34	0	0	0	0	224.768	302
32	34	0	0	0	0	227.606	303
32	33	0	0	0	0	240.993	304
32	33	0	0	0	0	237.871	305
32	33	0	0	0	0	244.012	306
32	33	0	0	0	0	215.812	307
32	33	0	0	0	0	195.243	308
32	32	0	0.333333	0	1	219.72	309
31	31	0	0.333333	0	1	193.72	310
31	30	0	1.33333	0	4	220.095	311
31	30	0	1.33333	0	4	209.939	312
31	30	0	1.33333	0	4	213.593	313
30	30	0	1.33333	0	4	198.824	314
30	30	0	1.33333	0	4	191.772	315
30	28	0	1.33333	0	4	196.999	316
30	28	0	1.33333	0	4	213.11	317
29	28	0	1.33333	0	4	195.943	318
29	28	0	1.33333	0	4	180.937	319
21	28	0	1.33333	0	4	163.759	320
20	28	0	1.33333	0	4	153.79	321
19	28	0	1.33333	0	4	154.955	322
19	27	0	1.33333	0	4	164.982	323
19	27	0	1.33333	0	4	159.38	324
19	27	0	1.33333	0	4	159.376	325
19	27	0	1.33333	0	4	153.678	326
19	26	0	1.33333	0	4	138.943	327
19	26	0	1.33333	0	4	143.77	328
19	24	0	1.33333	0	4	134.724	329
18	24	0	1.33333	0	4	141.408	330
18	24	0	1.33333	0	4	136.568	331
14	24	0	1.33333	0	4	121.114	332
14	24	0	1.33333	0	4	120.985	333
14	23	0	1.33333	0	4	124.355	334
14	22	0	1.33333	0	4	114.749	335
14	22	0	1.33333	0	4	121.834	336
14	21	0	1.33333	0	4	119.458	337
14	21	0	1.33333	0	4	110.681	338
14	21	0	1.33333	0	4	122.423	339
14	21	0	1.33333	0	4	120.531	340
14	21	0	1.33333	0	4	117.094	341
14	21	0	1.33333	0	4	109.167	342
14	21	0	1.33333	0	4	117.725	343
14	21	0	1.33333	0	4	103.493	344
13	20	0	1.33333	0	4	99.7411	345
13	17	0	1.33333	0	4	89.6498	346
13	15	0	1.33333	0	4	91.2286	347
13	15	0	1	0	3	91.1727	348
13	15	0	1	0	3	89.9422	349
13	13	0	1	0	3	85.9661	350
13	13	0	0.666667	0	2	83.7782	351
13	13	0	0.666667	0	2	85.713	352
13	13	0	0.666667	0	2	82.2751	353
13	13	0	0.666667	0	2	77.3155	354
13	13	0	0.666667	0	2	78.051	355
13	13	0	0.666667	0	2	79.6703	356
13	13	0	0.666667	0	2	57.5881	357
5	13	0	0.666667	0	2	53.3741	358
5	13	0	0.666667	0	2	57.3328	359
5	13	0	0.333333	0	1	56.6635	360
5	13	0	0.333333	0	1	54.4704	361
5	13	0	0.333333	0	1	55.0061	362
5	13	0	0.333333	0	1	56.9712	363
5	13	0	0.333333	0	1	56.1634	364
5	13	0	0.333333	0	1	53.9013	365
5	13	0	0.333333	0	1	54.8056	366
5	13	0	0.333333	0	1	51.2508	367
5	13	0	0.333333	0	1	50.8286	368
5	13	0	0.333333	0	1	53.1276	369
5	13	0	0.333333	0	1	40.7799	370
5	12	0	0.333333	0	1	42.698	371
5	12	0	0.333333	0	1	43.6872	372
5	11	0	0.333333	0	1	38.8267	373
5	9	0	0.333333	0	1	37.4937	374
4	9	0	0.333333	0	1	36.253	375
4	9	0	0.333333	0	1	29.4965	376
4	9	0	0.333333	0	1	nan	377
4	8	0	0.333333	0	1	nan	378
4	8	0	0.333333	0	1	nan	379
