unique_top_cov	unique_bot_cov	redundant_top_cov	redundant_bot_cov	raw_redundant_top_cov	raw_redundant_bot_cov	e_value	position
0	0	0	0	0	0	nan	1
0	0	0	0	0	0	nan	2
0	0	0	0	0	0	nan	3
0	0	0	0	0	0	nan	4
0	0	0	0	0	0	nan	5
0	0	0	0	0	0	nan	6
0	0	0	0	0	0	nan	7
0	0	0	0	0	0	nan	8
0	0	0	0	0	0	nan	9
0	0	0	0	0	0	nan	10
0	0	0	0	0	0	nan	11
0	0	0	0	0	0	nan	12
0	1	0	0	0	0	nan	13
0	1	0	0	0	0	nan	14
0	1	0	0	0	0	nan	15
0	1	0	0	0	0	nan	16
0	2	0	0	0	0	-2.7306	17
0	2	0	0	0	0	-1.75717	18
0	2	0	0	0	0	-1.10613	19
0	2	0	0	0	0	0.581295	20
0	2	0	0	0	0	0.581295	21
0	2	0	0	0	0	1.32198	22
0	2	0	0	0	0	-1.30823	23
0	2	0	0	0	0	0.725679	24
0	2	0	0	0	0	1.35686	25
0	2	0	0	0	0	1.35686	26
0	2	0	0	0	0	1.35686	27
0	2	0	0	0	0	0.740541	28
0	2	0	0	0	0	1.35686	29
0	2	0	0	0	0	-2.9064	30
0	2	0	0	0	0	-0.376062	31
0	4	0	0	0	0	1.35686	32
0	4	0	0	0	0	-0.285144	33
0	4	0	0	0	0	7.90265	34
0	4	0	0	0	0	8.20004	35
0	4	0	0	0	0	8.10787	36
0	4	0	0	0	0	8.31103	37
0	4	0	0	0	0	9.26902	38
0	4	0	0	0	0	6.54319	39
0	4	0	0	0	0	8.45303	40
0	4	0	0	0	0	8.45303	41
0	4	0	0	0	0	8.20004	42
0	4	0	0	0	0	8.10787	43
0	4	0	0	0	0	7.10143	44
0	4	0	0	0	0	7.10143	45
0	4	0	0	0	0	9.14398	46
0	4	0	0	0	0	8.45303	47
0	5	0	0	0	0	9.02317	48
0	5	0	0	0	0	12.1075	49
0	5	0	0	0	0	13.1533	50
0	5	0	0	0	0	9.81858	51
0	5	0	0	0	0	12.1603	52
0	5	0	0	0	0	13.2165	53
1	5	0	0	0	0	13.4211	54
1	5	0	0	0	0	12.2603	55
3	5	0	0	0	0	13.4211	56
3	5	0	0	0	0	12.2603	57
3	5	0	0	0	0	23.2775	58
3	5	0	0	0	0	22.3806	59
3	5	0	0	0	0	25.1642	60
3	5	0	0	0	0	22.1829	61
3	5	0	0	0	0	21.0466	62
3	5	0	0	0	0	23.7219	63
3	5	0	0	0	0	23.5011	64
3	5	0	0	0	0	22.131	65
3	5	0	0	0	0	18.9202	66
3	5	0	0	0	0	24.7102	67
3	5	0	0	0	0	22.604	68
3	5	0	0	0	0	17.9565	69
3	5	0	0	0	0	23.8054	70
3	5	0	0	0	0	25.0944	71
3	6	0	0	0	0	23.3441	72
3	6	0	0	0	0	28.4718	73
3	6	0	0	0	0	27.3439	74
3	6	0	0	0	0	28.4991	75
3	6	0	0	0	0	28.4991	76
3	6	0	0	0	0	25.1739	77
3	6	0	0	0	0	24.7561	78
3	6	0	0	0	0	21.4704	79
3	6	0	0	0	0	25.3965	80
3	6	0	0	0	0	25.122	81
3	6	0	0	0	0	27.2935	82
3	6	0	0	0	0	27.0017	83
3	6	0	0	0	0	21.6946	84
3	6	0	0	0	0	27.6848	85
3	6	0	0	0	0	23.54	86
4	6	0	0	0	0	28.4548	87
4	6	0	0	0	0	27.6224	88
4	5	0	0	0	0	25.4009	89
4	5	0.5	0	1	0	25.4604	90
4	5	0.5	0	1	0	22.1826	91
4	5	0.5	0	1	0	22.1519	92
4	5	0.5	0	1	0	20.496	93
4	5	0.5	0	1	0	20.2063	94
4	5	0.5	0	1	0	28.685	95
4	5	0.5	0	1	0	28.9931	96
4	5	0.5	0	1	0	21.1432	97
4	5	0.5	0	1	0	27.869	98
4	5	0.5	0	1	0	28.685	99
4	5	0.5	0	1	0	26.8741	100
4	5	0.5	0	1	0	28.9128	101
4	5	0.5	0	1	0	27.1034	102
4	5	0.5	0	1	0	23.034	103
4	5	0.5	0	1	0	22.6773	104
4	5	0.5	0	1	0	26.8046	105
4	5	0.5	0	1	0	19.8502	106
4	5	0.5	0	1	0	27.4917	107
4	5	0.5	0	1	0	25.0799	108
4	5	0.5	0	1	0	23.6946	109
3	5	0.5	0	1	0	24.8118	110
3	5	0.5	0	1	0	18.8249	111
4	5	0.5	0	1	0	20.5153	112
4	6	0.833333	0	2	0	28.9298	113
4	6	0.833333	0	2	0	32.2984	114
4	7	0.833333	0	2	0	27.8992	115
4	7	0.833333	0	2	0	17.8592	116
4	7	0.833333	0	2	0	33.3445	117
4	7	1.16667	0	3	0	31.9693	118
4	7	1.16667	0	3	0	35.0908	119
4	7	1.16667	0	3	0	36.2393	120
4	7	1.16667	0	3	0	30.3892	121
4	7	1.16667	0	3	0	31.4109	122
4	7	1.16667	0	3	0	13.6523	123
4	7	1.16667	0	3	0	34.8037	124
4	7	1.16667	0	3	0	33.9985	125
4	7	1.16667	0	3	0	35.0788	126
4	7	1.16667	0	3	0	34.3964	127
4	7	1.16667	0	3	0	34.5219	128
4	7	1.16667	0	3	0	31.0114	129
4	7	1.16667	0	3	0	36.9523	130
4	8	1.16667	0	3	0	32.2006	131
5	9	1.16667	0	3	0	38.6493	132
5	9	1.16667	0	3	0	33.5786	133
5	9	1.16667	0	3	0	47.7256	134
5	9	1.16667	0	3	0	44.4279	135
5	10	1.16667	0	3	0	34.0838	136
5	9	1.16667	0	3	0	31.4827	137
5	9	1.16667	0	3	0	43.7465	138
5	9	0.666667	0	2	0	48.0428	139
5	9	0.666667	0	2	0	35.5404	140
4	9	0.666667	0	2	0	32.2111	141
4	9	0.666667	0	2	0	41.8292	142
4	10	0.666667	0	2	0	31.9298	143
5	10	0.666667	0	2	0	42.487	144
5	10	0.666667	0	2	0	50.3792	145
5	10	0.666667	0	2	0	49.7826	146
6	10	0.666667	0	2	0	40.6113	147
6	11	0.666667	0	2	0	52.5062	148
6	11	0.666667	0	2	0	44.8878	149
6	11	0.666667	0	2	0	48.3043	150
8	11	0.666667	0	2	0	54.2797	151
8	11	0.666667	0	2	0	55.3949	152
8	12	0.666667	0	2	0	51.3654	153
8	11	0.666667	0	2	0	62.6285	154
8	11	0.666667	0	2	0	67.6568	155
8	11	0	0	0	0	54.8604	156
8	11	0	0	0	0	67.3034	157
8	11	0	0	0	0	55.2524	158
8	11	0	0	0	0	57.0547	159
8	11	0	0	0	0	66.6634	160
8	11	0	0	0	0	62.9401	161
8	11	0	0	0	0	62.8668	162
8	11	0	0	0	0	57.1756	163
8	11	0	0	0	0	60.7191	164
8	12	0	0	0	0	64.8486	165
9	12	0	0	0	0	65.7184	166
9	12	0	0	0	0	64.5219	167
9	12	0	0	0	0	64.9616	168
9	12	0	0	0	0	74.071	169
9	12	0	0	0	0	75.5676	170
9	12	0	0	0	0	66.4336	171
9	12	0	0	0	0	65.6631	172
9	12	0	0	0	0	67.9021	173
9	12	0	0	0	0	68.7871	174
9	12	0	0	0	0	73.5469	175
9	12	0	0	0	0	70.4018	176
9	12	0	0	0	0	59.0053	177
9	12	0	0	0	0	61.0007	178
9	12	0	0	0	0	75.6956	179
9	18	0	0	0	0	66.195	180
9	19	0	0	0	0	92.2743	181
9	22	0	0	0	0	82.8726	182
9	22	0	0	0	0	87.2573	183
9	24	0	0	0	0	97.5628	184
9	24	0	0	0	0	102.704	185
9	25	0	0	0	0	101.106	186
9	25	0	0	0	0	110.586	187
9	26	0	0	0	0	114.47	188
9	27	0	0	0	0	96.05	189
9	28	0	0	0	0	120.576	190
14	29	0	0	0	0	126.605	191
18	29	0	0	0	0	122.751	192
18	34	0	0	0	0	121.628	193
19	35	0	0	0	0	163.174	194
19	34	0	0	0	0	181.036	195
19	34	0	0	0	0	163.343	196
19	33	0	0	0	0	169.718	197
19	33	0	0	0	0	168.281	198
18	33	0	0	0	0	177.785	199
17	33	0	0	0	0	172.273	200
18	33	0	0	0	0	162.916	201
18	34	0	0	0	0	178.62	202
18	35	0	0	0	0	178.385	203
18	35	0	0	0	0	178.669	204
19	35	0	0	0	0	169.926	205
17	35	0	0	0	0	174.26	206
17	35	0	0	0	0	161.987	207
17	35	0	0	0	0	169.412	208
17	37	0	0	0	0	195.886	209
17	38	0	0	0	0	182.311	210
17	37	0	0	0	0	192.965	211
17	38	0	0	0	0	189.277	212
18	39	0	0	0	0	207.024	213
19	39	0	0	0	0	162.678	214
0	0	0	0	0	0	nan	215
0	0	0	0	0	0	nan	216
0	0	0	0	0	0	nan	217
0	0	0	0	0	0	nan	218
0	0	0	0	0	0	nan	219
0	0	0	0	0	0	nan	220
0	0	0	0	0	0	nan	221
0	0	0	0	0	0	nan	222
0	0	0	0	0	0	nan	223
0	0	0	0	0	0	nan	224
0	0	0	0	0	0	nan	225
0	0	0	0	0	0	nan	226
0	0	0	0	0	0	nan	227
0	0	0	0	0	0	nan	228
0	0	0	0	0	0	nan	229
0	0	0	0	0	0	nan	230
0	0	0	0	0	0	nan	231
0	0	0	0	0	0	nan	232
0	0	0	0	0	0	nan	233
0	0	0	0	0	0	nan	234
0	0	0	0	0	0	nan	235
0	0	0	0	0	0	nan	236
0	0	0	0	0	0	nan	237
0	0	0	0	0	0	nan	238
0	0	0	0	0	0	nan	239
0	0	0	0	0	0	nan	240
0	0	0	0	0	0	nan	241
0	0	0	0	0	0	nan	242
0	0	0	0	0	0	nan	243
0	0	0	0	0	0	nan	244
0	0	0	0	0	0	nan	245
0	0	0	0	0	0	nan	246
0	0	0	0	0	0	nan	247
0	0	0	0	0	0	nan	248
0	0	0	0	0	0	nan	249
0	0	0	0	0	0	nan	250
0	0	0	0	0	0	nan	251
