unique_top_cov	unique_bot_cov	redundant_top_cov	redundant_bot_cov	raw_redundant_top_cov	raw_redundant_bot_cov	e_value	position
0	0	0	0	0	0	nan	1
0	0	0	0	0	0	nan	2
0	0	0	0	0	0	nan	3
0	0	0	0	0	0	nan	4
0	0	0	0	0	0	nan	5
0	0	0	0	0	0	nan	6
0	0	0	0	0	0	nan	7
0	0	0	0	0	0	nan	8
0	0	0	0	0	0	nan	9
0	0	0	0	0	0	nan	10
0	0	0	0	0	0	nan	11
0	0	0	0	0	0	nan	12
0	0	0	0	0	0	nan	13
0	0	0	0	0	0	nan	14
0	0	0	0	0	0	nan	15
0	0	0	0	0	0	nan	16
0	0	0	0	0	0	nan	17
0	0	0	0	0	0	nan	18
0	0	0	0	0	0	nan	19
0	0	0	0	0	0	nan	20
0	0	0	0	0	0	nan	21
0	0	0	0	0	0	nan	22
0	0	0	0	0	0	nan	23
0	0	0	0	0	0	nan	24
0	0	0	0	0	0	nan	25
0	0	0	0	0	0	nan	26
0	0	0	0	0	0	nan	27
19	18	0	0	0	0	128.005	28
19	18	0	0	0	0	134.963	29
19	18	0	0.5	0	1	121.869	30
18	18	0	0.5	0	1	120.054	31
18	22	0	1	0	2	129.307	32
19	22	0	1	0	2	144.523	33
20	22	0	1	0	2	138.99	34
20	22	0	1	0	2	139.468	35
20	22	0	1	0	2	140.26	36
20	22	0	1	0	2	154.68	37
20	22	0	1	0	2	138.318	38
19	22	0	1	0	2	145.048	39
19	22	0	1	0	2	135.342	40
18	22	0	1	0	2	137.42	41
18	24	0	1	0	2	142.298	42
18	24	0	1	0	2	155.106	43
17	24	0	1	0	2	130.496	44
17	23	0	1	0	2	131.781	45
17	24	0	1	0	2	142.547	46
17	25	0	1	0	2	141.413	47
18	25	0	1	0	2	151.61	48
18	25	0	1	0	2	150.845	49
17	25	0	1	0	2	125.331	50
13	24	0	1	0	2	124.355	51
13	24	0	1	0	2	133.807	52
14	25	0	1	0	2	131.836	53
13	25	0	1	0	2	122.744	54
13	25	0	1	0	2	131.184	55
13	25	0	1	0	2	126.019	56
13	25	0	1	0	2	121.936	57
13	24	0	1	0	2	136.054	58
14	24	0	1	0	2	127.409	59
14	24	0	1	0	2	121.472	60
13	26	0	1	0	2	122.955	61
14	26	0	1	0	2	132.025	62
14	26	0	1	0	2	146.165	63
14	26	0	1	0	2	146.149	64
14	26	0	1	0	2	137.41	65
14	26	0	1	0	2	140.879	66
14	26	0	1	0	2	151.247	67
14	27	0	1	0	2	123.036	68
14	27	0	1	0	2	144.118	69
14	27	0	0.5	0	1	148.082	70
14	28	0	0.5	0	1	144.411	71
14	28	0	0.5	0	1	143.996	72
14	28	0	0.5	0	1	138.548	73
14	27	0	0	0	0	117.605	74
14	25	0	0	0	0	117.233	75
14	24	0	0	0	0	142.673	76
14	24	0	0	0	0	135.61	77
15	24	0	0	0	0	133.977	78
15	24	0	0	0	0	143.303	79
15	24	0	0	0	0	137.018	80
15	24	0	0	0	0	124.88	81
15	24	0	0	0	0	130.58	82
16	24	0	0	0	0	141.532	83
16	24	0	0	0	0	140.893	84
16	24	0	0	0	0	137.748	85
16	24	0	0	0	0	122.939	86
15	24	0	0	0	0	128.492	87
15	24	0	0	0	0	135.198	88
15	25	0	0	0	0	134.93	89
16	25	0	0	0	0	121.767	90
17	24	0	0	0	0	142.556	91
17	24	0	0	0	0	137.617	92
17	21	0	0	0	0	128.696	93
17	21	0	0	0	0	133.627	94
17	21	0	0	0	0	134.215	95
18	21	0	0	0	0	131.908	96
18	21	0	0	0	0	133.213	97
18	21	0	0	0	0	129.41	98
18	21	0	0	0	0	134.845	99
18	21	0	0	0	0	133.6	100
18	21	0	0	0	0	132.055	101
18	21	0	0	0	0	138.835	102
18	21	0	0	0	0	133.622	103
18	21	0	0	0	0	145.88	104
18	21	0	0	0	0	115.236	105
19	20	0	0	0	0	128.113	106
20	20	0	0	0	0	128.182	107
20	20	0	0	0	0	128.342	108
20	20	0	0	0	0	131.917	109
20	20	0	0	0	0	137.763	110
20	20	0.5	0	1	0	150.849	111
21	20	0.5	0	1	0	129.138	112
21	20	0.5	0	1	0	136.43	113
22	20	0.5	0	1	0	139.566	114
22	20	0.5	0	1	0	153.898	115
22	20	0.5	0	1	0	142.797	116
23	20	0.5	0	1	0	127.752	117
23	20	0.5	0	1	0	148.857	118
24	20	0.5	0	1	0	132.823	119
22	19	0.5	0	1	0	127.952	120
22	19	0.5	0	1	0	151.829	121
22	20	0.5	0	1	0	140.424	122
22	20	0.5	0	1	0	155.98	123
22	20	0.5	0	1	0	138.865	124
24	20	1	0	2	0	149.533	125
24	20	1	0	2	0	143.397	126
24	20	1	0	2	0	152.128	127
24	20	1	0	2	0	152.573	128
24	20	1	0	2	0	139.407	129
24	20	1	0	2	0	141.357	130
24	20	1	0	2	0	148.605	131
24	19	1	0	2	0	156.856	132
24	19	1	0	2	0	144.645	133
23	19	1	0	2	0	128.5	134
23	20	1	0	2	0	138.978	135
23	20	1	0	2	0	141	136
23	21	1	0	2	0	148.906	137
23	21	1	0	2	0	148.664	138
23	22	1	0	2	0	155.172	139
23	22	1	0	2	0	147.798	140
23	22	1	0	2	0	152.549	141
23	22	1	0	2	0	154.088	142
23	22	1	0	2	0	135.606	143
24	21	1	0	2	0	133.849	144
22	20	1	0	2	0	126.272	145
21	21	1	0	2	0	146.616	146
21	21	1	0	2	0	141.551	147
20	21	1	0	2	0	137.953	148
20	21	1	0	2	0	137.077	149
20	21	1	0	2	0	140.859	150
20	21	1	0	2	0	142.792	151
20	21	1	0	2	0	137.25	152
19	21	1	0	2	0	132.274	153
19	20	1	0	2	0	139.989	154
19	20	1	0	2	0	117.451	155
19	21	1	0	2	0	123.937	156
20	21	1	0	2	0	136.802	157
20	21	1	0	2	0	147.174	158
21	21	1	0	2	0	132.281	159
21	21	0.5	0	1	0	137.476	160
21	22	0.5	0	1	0	135.796	161
21	21	0.5	0	1	0	133.61	162
22	21	0.5	0	1	0	124.163	163
22	22	0	0	0	0	133.4	164
21	22	0	0	0	0	137.027	165
21	22	0	0	0	0	131.224	166
21	22	0	0	0	0	138.351	167
21	21	0	0	0	0	142.723	168
21	21	0	0	0	0	147.749	169
22	21	0	0	0	0	145.974	170
22	21	0	0	0	0	137.554	171
22	23	0	0	0	0	147.397	172
20	23	0	0	0	0	132.623	173
20	23	0	0	0	0	143.526	174
20	23	0	0	0	0	121.172	175
20	23	0	0	0	0	126.621	176
20	22	0	0	0	0	143.486	177
20	22	0	0	0	0	148.554	178
20	22	0	0	0	0	145.974	179
20	22	0	0	0	0	137.762	180
18	22	0	0	0	0	124.135	181
18	19	0	0	0	0	122.895	182
16	19	0	0	0	0	126.503	183
15	19	0	0	0	0	110.458	184
15	19	0	0	0	0	112.084	185
15	19	0	0	0	0	108.786	186
15	18	0	0	0	0	114.968	187
15	18	0	0	0	0	104.07	188
15	19	0	0	0	0	106.535	189
15	19	0	0	0	0	111.435	190
15	18	0	0	0	0	103.278	191
15	17	0	0	0	0	111.945	192
15	17	0	0	0	0	102.308	193
16	16	0	0	0	0	107.775	194
16	16	0	0	0	0	110.987	195
16	16	0	0	0	0	95.0897	196
17	15	0	0	0	0	107.867	197
18	15	0	0	0	0	107.206	198
18	17	0	0	0	0	105.782	199
18	17	0	0	0	0	101.79	200
19	17	0	0	0	0	100.501	201
19	17	0	0	0	0	99.6984	202
19	18	0	0	0	0	104.33	203
20	19	0	0	0	0	99.9375	204
20	19	0	0	0	0	102.857	205
20	19	0	0	0	0	95.1077	206
20	19	0	0	0	0	96.5813	207
21	19	0	0	0	0	91.7967	208
21	19	0	0	0	0	98.0193	209
21	21	0	0	0	0	85.8082	210
21	19	0	0	0	0	123.703	211
20	18	0	0	0	0	127.584	212
20	18	0	0	0	0	131.865	213
21	18	0	0	0	0	131.203	214
21	17	0	0	0	0	121.597	215
22	17	0	0	0	0	125.632	216
22	17	0	0	0	0	121.135	217
20	16	0	0	0	0	121.869	218
20	16	0	0	0	0	130.818	219
20	16	0	0	0	0	119.808	220
20	15	0	0	0	0	111.324	221
20	15	0	0	0	0	119.11	222
20	15	0	0	0	0	125.977	223
20	15	0	0	0	0	116.873	224
20	15	0	0	0	0	106.868	225
20	15	0	0	0	0	114.952	226
18	16	0	0	0	0	118.783	227
18	19	0	0	0	0	122.985	228
18	20	0	0	0	0	126.37	229
18	20	0	0	0	0	132.945	230
18	21	0	0	0	0	120.101	231
18	21	0	0	0	0	133.57	232
18	23	0	0	0	0	135.154	233
18	23	0	0	0	0	144.145	234
18	23	0	0	0	0	144.954	235
18	23	0	0	0	0	144.719	236
16	24	0	0	0	0	135.755	237
16	24	0	0	0	0	137.967	238
16	24	0	0	0	0	129.965	239
16	24	0	0	0	0	131.702	240
16	24	0	0	0	0	139.124	241
16	24	0	0	0	0	133.758	242
17	24	0	0	0	0	139.462	243
16	24	0	0	0	0	138.232	244
16	24	0	0	0	0	130.874	245
15	24	0	0	0	0	135.014	246
15	24	0	0	0	0	142.498	247
15	24	0	0	0	0	144.876	248
15	24	0	0	0	0	137.272	249
15	24	0	0	0	0	132.982	250
15	24	0	0	0	0	128.605	251
15	24	0	0	0	0	137.48	252
15	24	0	0	0	0	134.414	253
15	24	0	0	0	0	132.831	254
15	24	0	0	0	0	120.453	255
15	24	0	0	0	0	144.091	256
15	24	0	0	0	0	117.575	257
16	24	0	0	0	0	121.654	258
16	25	0	0	0	0	134.15	259
16	25	0	0	0	0	130.589	260
15	25	0	0	0	0	128.428	261
13	25	0	0	0	0	110.826	262
13	25	0	0	0	0	125.258	263
13	25	0	0	0	0	140.727	264
15	25	0	0	0	0	125.998	265
15	25	0	0	0	0	136.267	266
15	26	0	0	0	0	130.831	267
15	26	0	0	0	0	135.62	268
16	26	0	0	0	0	136.37	269
16	26	0	0	0	0	139.055	270
15	26	0	0	0	0	131.02	271
15	26	0	0	0	0	130.958	272
15	26	0	0	0	0	142.662	273
15	26	0	0	0	0	141.853	274
15	26	0	0	0	0	146.246	275
15	25	0	0	0	0	129.349	276
15	25	0	0	0	0	121.45	277
15	25	0	0	0	0	141.088	278
15	25	0	0	0	0	131.351	279
15	25	0	0	0	0	140.186	280
15	25	0	0	0	0	132.252	281
16	25	0	0	0	0	131.983	282
17	25	0	0	0	0	123.92	283
17	24	0	0	0	0	131.579	284
17	24	0	0	0	0	145.109	285
17	24	0	0	0	0	137.334	286
17	23	0	0	0	0	131.775	287
17	23	0	0	0	0	139.288	288
17	23	0	0	0	0	138.511	289
18	23	0	0	0	0	123.623	290
18	22	0	0	0	0	98.979	291
18	22	0	0	0	0	128.809	292
17	22	0	0	0	0	127.515	293
16	22	0	0	0	0	127.077	294
16	23	0	0	0	0	116.132	295
16	21	0	0	0	0	121.879	296
16	20	0	0	0	0	115.658	297
17	21	0	0	0	0	121.861	298
17	21	0	0	0	0	128.525	299
17	21	0	0	0	0	132.081	300
17	21	0	0	0	0	137.161	301
17	20	0	0	0	0	111.658	302
17	20	0	0	0	0	120.355	303
17	20	0	0	0	0	99.2601	304
19	19	0	0	0	0	118.914	305
19	18	0	0	0	0	110.832	306
19	18	0	0	0	0	111.833	307
19	18	0	0	0	0	89.9286	308
18	18	0	0	0	0	97.1811	309
17	18	0	0	0	0	114.481	310
17	17	0	0	0	0	119.293	311
17	17	0	0	0	0	109.303	312
17	17	0	0	0	0	106.205	313
18	18	0	0	0	0	118.805	314
18	18	0	0	0	0	122.25	315
18	16	0	0	0	0	105.941	316
18	16	0	0	0	0	117.525	317
18	16	0	0	0	0	108.038	318
18	16	0	0	0	0	108.32	319
18	16	0	0	0	0	113.332	320
18	16	0	0	0	0	114.827	321
18	15	0	0	0	0	103.96	322
19	15	0	0	0	0	107.7	323
19	13	0	0	0	0	100.293	324
19	13	0	0	0	0	103.515	325
19	12	0	0	0	0	104.603	326
19	12	0	0	0	0	103.305	327
19	12	0	0	0	0	86.6185	328
19	12	0	0	0	0	112.041	329
19	12	0	0	0	0	111.268	330
19	13	0	0	0	0	111.03	331
19	13	0	0	0	0	100.917	332
19	12	0	0	0	0	112.297	333
19	12	0	0	0	0	89.6119	334
20	12	0	0	0	0	96.7495	335
20	12	0	0	0	0	98.4646	336
22	12	0	0	0	0	112.312	337
23	12	0	0	0	0	109.603	338
23	12	0	0	0	0	104.728	339
23	11	0	0	0	0	116.503	340
23	11	0	0	0	0	118.654	341
23	13	0	0	0	0	117.309	342
23	13	0	0	0	0	116.66	343
22	13	0	0	0	0	120.302	344
23	13	0	0	0	0	120.825	345
23	12	0	0	0	0	125.172	346
23	12	0	0	0	0	113.093	347
23	12	0	0	0	0	125.409	348
23	12	0	0	0	0	120.134	349
23	13	0	0	0	0	114.908	350
22	14	0	0	0	0	117.134	351
22	14	0	0	0	0	120.864	352
23	14	0	0	0	0	118.969	353
23	13	0	0	0	0	124.702	354
23	14	0	0	0	0	118.762	355
23	14	0	0	0	0	117.634	356
22	14	0	0	0	0	111.416	357
22	15	0	0	0	0	119.24	358
22	15	0	0	0	0	114.352	359
22	15	0	0	0	0	111.062	360
22	15	0	0	0	0	114.306	361
22	15	0	0	0	0	112.603	362
22	16	0	0	0	0	114.996	363
20	16	0	0	0	0	121.114	364
19	16	0	0	0	0	119.284	365
19	17	0	0	0	0	124.037	366
19	17	0	0	0	0	123.59	367
19	17	0	0	0	0	127.868	368
20	17	0	0	0	0	128.48	369
20	16	0	0	0	0	113.673	370
20	15	0	0	0	0	119.812	371
20	15	0	0	0	0	123.051	372
20	17	0	0	0	0	125.168	373
20	16	0	0	0	0	132.478	374
20	16	0	0	0	0	108.292	375
20	16	0	0	0	0	121.299	376
20	16	0	0	0	0	112.903	377
20	15	0	0	0	0	121.245	378
20	15	0	0	0	0	126.009	379
20	15	0	0	0	0	99.3051	380
21	14	0	0	0	0	104.447	381
18	14	0	0	0	0	118.66	382
18	14	0	0	0	0	113.15	383
18	15	0	0	0	0	109.483	384
18	14	0	0	0	0	108.111	385
18	14	0	0	0	0	105.217	386
19	13	0	0	0	0	111.609	387
19	13	0	0	0	0	109.395	388
19	13	0	0	0	0	115.508	389
19	13	0	0	0	0	105.718	390
19	13	0	0	0	0	100.786	391
19	13	0	0	0	0	115.855	392
18	13	0	0	0	0	106.147	393
18	13	0	0	0	0	113.365	394
18	13	0	0	0	0	111.32	395
18	13	0	0	0	0	115.7	396
18	13	0	0	0	0	98.4109	397
18	13	0	0	0	0	104.101	398
18	13	0	0	0	0	111.038	399
19	12	0	0	0	0	95.6909	400
19	11	0	0	0	0	100.354	401
19	11	0	0	0	0	112.167	402
19	11	0	0	0	0	91.3821	403
19	13	0	0	0	0	111.303	404
20	13	0	0	0	0	109.481	405
20	13	0	0	0	0	107.884	406
20	13	0	0	0	0	110.404	407
18	13	0	0	0	0	104.031	408
17	12	0	0	0	0	99.5519	409
17	12	0	0	0	0	99.3864	410
17	12	0	0	0	0	99.6225	411
17	12	0	0	0	0	101.801	412
17	12	0	0	0	0	101.351	413
18	12	0	0	0	0	91.0659	414
16	12	0	0	0	0	94.5252	415
16	12	0	0	0	0	95.3691	416
14	12	0	0	0	0	89.378	417
14	12	0	0	0	0	88.9134	418
14	12	0	0	0	0	81.3424	419
14	12	0	0	0	0	83.9845	420
14	12	0	0	0	0	92.4994	421
14	12	0	0	0	0	86.7517	422
15	12	0	0	0	0	86.6908	423
15	12	0	0	0	0	91.5455	424
15	12	0	0	0	0	92.3323	425
15	12	0	0	0	0	95.4353	426
15	12	0	0	0	0	94.1484	427
15	12	0	0	0	0	87.9137	428
15	12	0	0	0	0	90.1643	429
15	12	0	0	0	0	92.984	430
15	12	0	0	0	0	90.3266	431
15	12	0	0	0	0	81.8412	432
15	13	0	0	0	0	83.1334	433
15	13	0	0	0	0	76.0299	434
14	13	0	0	0	0	79.4017	435
13	11	0	0	0	0	76.003	436
13	11	0	0	0	0	77.764	437
13	11	0	0	0	0	83.2896	438
13	11	0	0	0	0	83.0442	439
13	12	0	0	0	0	81.004	440
13	12	0	0	0	0	91.4874	441
14	12	0	0	0	0	74.6236	442
14	11	0	0	0	0	86.9639	443
14	11	0	0	0	0	78.0046	444
14	12	0	0	0	0	85.7132	445
14	12	0	0	0	0	81.3454	446
14	12	0	0	0	0	90.2152	447
14	12	0	0	0	0	95.1618	448
14	12	0	0	0	0	91.8901	449
14	12	0	0	0	0	88.8204	450
14	14	0	0	0	0	86.0879	451
14	14	0	0	0	0	79.8084	452
14	14	0	0	0	0	90.6693	453
14	14	0	0	0	0	83.1397	454
13	14	0	0	0	0	84.2352	455
13	14	0	0	0	0	80.514	456
13	14	0	0	0	0	92.4039	457
13	14	0	0	0	0	92.0307	458
13	14	0	0	0	0	99.9121	459
13	14	0	0	0	0	88.0122	460
13	14	0	0	0	0	99.3071	461
13	14	0	0	0	0	100.322	462
13	14	0	0	0	0	88.2685	463
13	14	0	0	0	0	91.0457	464
13	15	0	0	0	0	93.7445	465
13	15	0	0	0	0	96.6636	466
13	15	0	0	0	0	102.599	467
14	15	0	0	0	0	97.3026	468
14	15	0	0	0	0	97.9651	469
14	15	0	0	0	0	95.7716	470
14	15	0	0	0	0	95.8502	471
14	15	0	0	0	0	103.841	472
14	17	0	0	0	0	106.487	473
14	17	0	0	0	0	110.795	474
16	17	0	0	0	0	102.064	475
17	17	0	0	0	0	111.602	476
17	17	0	0	0	0	103.536	477
17	17	0	0	0	0	118.916	478
17	17	0	0	0	0	127.002	479
18	18	0	0	0	0	127.715	480
18	18	0	0	0	0	118.038	481
17	18	0	0	0	0	105.282	482
17	18	0	0	0	0	118.135	483
17	17	0	0	0	0	113.699	484
18	17	0	0	0	0	123.695	485
18	17	0	0	0	0	104.274	486
14	18	0	0	0	0	109.396	487
14	18	0	0	0	0	118.788	488
14	18	0	0	0	0	100.823	489
14	18	0	0	0	0	109.725	490
15	18	0	0	0	0	111.067	491
17	17	0	0	0	0	106.639	492
17	17	0	0	0	0	104.859	493
17	17	0	0	0	0	113.36	494
17	17	0	0	0	0	113.113	495
17	18	0	0	0	0	115.652	496
17	18	0	0	0	0	121.028	497
17	18	0	0	0	0	125.729	498
18	18	0	0	0	0	124.835	499
18	18	0	0	0	0	115.476	500
18	17	0	0	0	0	120.842	501
18	17	0	0	0	0	118.885	502
18	18	0	0	0	0	116.746	503
18	18	0	0	0	0	123.907	504
18	17	0	0	0	0	116.582	505
18	17	0	0	0	0	108.114	506
18	17	0	0	0	0	123.692	507
18	18	0	0	0	0	128.091	508
18	18	0	0	0	0	119.127	509
19	18	0	0	0	0	119.774	510
19	18	0	0	0	0	120.85	511
19	18	0	0	0	0	114.041	512
20	18	0	0	0	0	120.799	513
20	18	0	0	0	0	130.163	514
20	18	0	0	0	0	131.455	515
20	17	0	0	0	0	134.38	516
20	17	0	0	0	0	121.784	517
20	17	0	0	0	0	122.927	518
19	18	0	0	0	0	125.395	519
19	20	0	0	0	0	134.137	520
19	20	0	0	0	0	120.091	521
18	19	0	0	0	0	121.181	522
18	17	0	0	0	0	115.314	523
18	19	0	0	0	0	112.459	524
18	19	0	0	0	0	106.805	525
18	20	0	0	0	0	101.355	526
18	20	0	0	0	0	114.168	527
18	20	0	0	0	0	113.902	528
16	20	0	0	0	0	107.725	529
16	20	0	0	0	0	107.97	530
15	20	0	0	0	0	113.893	531
15	20	0	0	0	0	122.152	532
14	20	0	0	0	0	110.889	533
15	20	0	0	0	0	127.393	534
15	20	0	0	0	0	109.816	535
15	20	0	0	0	0	125.337	536
15	20	0	0	0	0	118.365	537
15	20	0	0	0	0	131.399	538
17	20	0	0	0	0	120.976	539
17	20	0	0	0	0	110.079	540
17	19	0	0	0	0	114.639	541
17	19	0	0	0	0	125.635	542
16	19	0	0	0	0	122.271	543
17	19	0	0	0	0	108.252	544
17	19	0	0	0	0	119.653	545
17	19	0	0	0	0	126.133	546
17	19	0	0	0	0	116.721	547
17	19	0	0	0	0	122.169	548
18	19	0	0	0	0	118.807	549
18	19	0	0	0	0	115.639	550
18	19	0	0	0	0	134.908	551
18	19	0	0	0	0	119.42	552
18	19	0	0	0	0	130.897	553
18	18	0	0	0	0	113.625	554
19	19	0	0	0	0	129.394	555
19	19	0	0	0	0	132.093	556
19	19	0	0	0	0	130.497	557
19	19	0	0	0	0	127.494	558
20	21	0	0	0	0	134.218	559
20	21	0	0	0	0	148.305	560
20	21	0	0	0	0	132.751	561
22	20	0	0	0	0	138.233	562
22	20	0	0	0	0	146.041	563
22	21	0	0	0	0	149.655	564
22	21	0	0	0	0	146.645	565
22	21	0	0	0	0	145.386	566
22	21	0	0	0	0	136.958	567
22	21	0	0	0	0	149.406	568
23	21	0	0	0	0	153.409	569
23	21	0	0	0	0	151.52	570
23	21	0	0	0	0	150.261	571
23	21	0	0	0	0	146.465	572
23	21	0	0	0	0	138.264	573
23	21	0	0	0	0	159.921	574
23	21	0	0	0	0	143.933	575
23	21	0	0	0	0	147.071	576
23	21	0	0	0	0	151.422	577
24	21	0	0	0	0	153.536	578
24	20	0	0	0	0	153.715	579
24	20	0	0	0	0	151.206	580
25	20	0	0	0	0	139.985	581
25	20	0	0	0	0	141.516	582
23	19	0	0	0	0	154.55	583
23	19	0	0	0	0	134.891	584
24	19	0	0	0	0	143.767	585
24	19	0	0	0	0	143.203	586
24	19	0	0	0	0	157.856	587
24	19	0	0	0	0	137.207	588
24	19	0	0	0	0	139.255	589
24	18	0	0	0	0	142.907	590
24	17	0	0	0	0	139.513	591
24	17	0	0	0	0	136.551	592
24	17	0	0	0	0	133.678	593
24	16	0	0	0	0	136.375	594
24	16	0	0	0	0	139.911	595
24	16	0	0	0	0	129.938	596
24	16	0	0	0	0	136.713	597
24	15	0	0	0	0	135.267	598
24	15	0	0	0	0	135.907	599
24	15	0	0	0	0	115.275	600
23	14	0	0	0	0	124.891	601
23	14	0	0	0	0	120.676	602
23	14	0	0	0	0	122.423	603
23	14	0	0	0	0	124.973	604
23	13	0	0	0	0	123.544	605
23	13	0	0	0	0	110.123	606
23	13	0	0	0	0	116.914	607
21	13	0	0	0	0	114.973	608
21	13	0	0	0	0	112.017	609
21	13	0	0	0	0	100.114	610
17	13	0	0	0	0	86.9707	611
17	13	0	0	0	0	106.565	612
17	13	0	0	0	0	84.4858	613
17	12	0	0	0	0	100.073	614
18	12	0	0	0	0	94.5474	615
18	12	0	0	0	0	103.887	616
18	12	0	0	0	0	103.668	617
17	12	0	0	0	0	92.2247	618
17	12	0	0	0	0	101.781	619
17	12	0	0	0	0	98.5701	620
17	12	0	0	0	0	97.7021	621
17	12	0	0.333333	0	1	89.8109	622
17	11	0	0.333333	0	1	96.7329	623
17	11	0	0.333333	0	1	93.8584	624
17	11	0	0.333333	0	1	89.8462	625
17	11	0	0.333333	0	1	88.4706	626
17	11	0	0.333333	0	1	99.3946	627
17	11	0	0.333333	0	1	89.2021	628
17	9	0	0.333333	0	1	86.1657	629
16	9	0	0.666667	0	2	77.9122	630
16	9	0	0.666667	0	2	81.5904	631
16	9	0	1.33333	0	4	81.1383	632
16	9	0	1.33333	0	4	87.6468	633
15	9	0	1.33333	0	4	78.1228	634
15	9	0	1.33333	0	4	77.9697	635
15	9	0	1.33333	0	4	83.4405	636
15	9	0	1.33333	0	4	76.5417	637
15	9	0.333333	1.33333	1	4	79.9046	638
15	9	0.333333	1.33333	1	4	74.4691	639
15	9	0.333333	1.33333	1	4	68.7238	640
12	9	0.333333	1.33333	1	4	48.3385	641
9	8	0.333333	1.33333	1	4	58.7571	642
9	8	0.333333	1.33333	1	4	48.6405	643
9	7	0.333333	1.33333	1	4	49.748	644
9	7	0.333333	1.33333	1	4	43.8694	645
9	6	0.333333	1.33333	1	4	45.3895	646
9	6	0.666667	1.33333	2	4	43.6473	647
9	6	0.666667	1.33333	2	4	43.0153	648
8	6	0.666667	1.33333	2	4	43.6473	649
8	6	0.666667	1.33333	2	4	42.1307	650
8	6	0.666667	1.33333	2	4	34.1113	651
7	6	0.666667	1.33333	2	4	42.0207	652
7	6	0.666667	1.33333	2	4	39.8049	653
7	5	0.666667	1.33333	2	4	37.9904	654
7	5	0.666667	1.33333	2	4	38.6182	655
7	5	0.666667	1.33333	2	4	36.1192	656
7	5	0.666667	1.33333	2	4	34.2448	657
7	5	0.666667	1.33333	2	4	38.6182	658
7	5	0.666667	1.33333	2	4	36.3126	659
7	5	0.666667	1.33333	2	4	37.399	660
7	5	0.666667	1.33333	2	4	33.3557	661
7	5	0.666667	1.33333	2	4	39.4509	662
7	5	0.666667	1.33333	2	4	36.4788	663
7	5	0.666667	1.33333	2	4	34.5969	664
7	5	0.666667	1.33333	2	4	36.8725	665
7	5	0.666667	1.33333	2	4	35.6308	666
7	5	0.666667	1.33333	2	4	36.408	667
7	5	0.666667	1.33333	2	4	32.5224	668
7	5	0.666667	1.33333	2	4	34.5871	669
7	4	0.666667	1.33333	2	4	23.9279	670
7	4	0.666667	1.33333	2	4	21.397	671
7	4	0.666667	1.33333	2	4	23.735	672
6	3	0.666667	1	2	3	24.837	673
6	2	0.666667	1	2	3	20.8912	674
5	2	0.666667	1	2	3	15.8747	675
4	2	0.666667	1	2	3	16.1554	676
4	2	0.666667	1	2	3	17.2535	677
4	2	0.666667	1	2	3	15.9035	678
4	2	0.333333	0.666667	1	2	7.83796	679
4	2	0.333333	0.666667	1	2	13.2182	680
4	2	0.333333	0.333333	1	1	7.78205	681
4	2	0.333333	0.333333	1	1	12.057	682
3	2	0.333333	0.333333	1	1	9.1895	683
3	2	0.333333	0.333333	1	1	11.1639	684
3	2	0.333333	0	1	0	6.47701	685
3	2	0.333333	0	1	0	5.82204	686
2	2	0.333333	0	1	0	9.05015	687
2	2	0.333333	0	1	0	6.53267	688
2	2	0.333333	0	1	0	8.39168	689
2	2	0	0	0	0	8.1283	690
2	2	0	0	0	0	9.15971	691
2	2	0	0	0	0	nan	692
