unique_top_cov	unique_bot_cov	redundant_top_cov	redundant_bot_cov	raw_redundant_top_cov	raw_redundant_bot_cov	e_value	position
2	1	0	0	0	0	nan	1
2	1	0	0	0	0	3.97326	2
2	2	0	0	0	0	4.58936	3
2	3	0	0	0	0	4.06793	4
2	3	0	0	0	0	9.75893	5
2	5	0	0	0	0	10.3184	6
2	5	0	0	0	0	17.577	7
2	5	0	0	0	0	18.9045	8
3	5	0	0	0	0	13.7789	9
3	5	0	0	0	0	21.8156	10
3	5	0	0	0	0	23.273	11
3	6	0	0	0	0	23.705	12
3	6	0	0	0	0	25.657	13
3	6	0	0	0	0	29.173	14
3	6	0	0	0	0	27.5891	15
3	6	0	0	0	0	24.936	16
4	6	0	0	0	0	28.0008	17
4	6	0	0	0	0	27.8754	18
5	6	0	0	0	0	29.9737	19
5	6	0	0	0	0	29.025	20
5	6	0	0	0	0	31.9088	21
5	7	0	0	0	0	33.2123	22
5	7	0	0	0	0	38.7605	23
5	7	0	0	0	0	36.6608	24
6	8	0.333333	0	1	0	35.2351	25
7	8	0.333333	0	1	0	41.3698	26
7	8	0.333333	0	1	0	47.4942	27
7	8	0.333333	0	1	0	47.5024	28
8	9	0.333333	0	1	0	48.3287	29
9	9	0.333333	0	1	0	52.0923	30
9	10	0.333333	0	1	0	56.067	31
9	10	0.333333	0	1	0	61.2221	32
9	10	0.333333	0	1	0	61.3583	33
9	10	0.333333	0	1	0	62.9695	34
9	10	0.333333	0	1	0	61.3943	35
10	11	0.333333	0	1	0	65.1	36
10	11	0.333333	0	1	0	61.8685	37
10	14	0.333333	0	1	0	74.6738	38
13	14	0.333333	0	1	0	72.0365	39
13	14	0.333333	0	1	0	90.5087	40
13	14	0.333333	0	1	0	92.7966	41
13	14	0.333333	0	1	0	97.9624	42
13	15	0.333333	0	1	0	76.6025	43
13	16	0.333333	0	1	0	99.6787	44
13	16	0.333333	0	1	0	100.072	45
13	16	0.333333	0	1	0	102.673	46
13	16	0.333333	0	1	0	98.723	47
13	16	0.333333	0	1	0	101.348	48
13	16	0.333333	0	1	0	103.395	49
13	16	0.333333	0	1	0	103.679	50
13	17	0.333333	0	1	0	102.837	51
14	17	0.333333	0	1	0	107.263	52
14	24	0.333333	0	1	0	107.802	53
14	24	0.333333	0	1	0	133.718	54
14	28	0.333333	0	1	0	127.014	55
15	28	0.333333	0	1	0	133.443	56
15	28	0.333333	0	1	0	122.678	57
15	29	0.333333	0	1	0	128.756	58
17	31	0.333333	0	1	0	131.819	59
17	32	0.333333	0	1	0	134.244	60
17	33	0.333333	0	1	0	179.986	61
17	34	0	0	0	0	172.025	62
17	35	0	0	0	0	176.083	63
17	35	0	0	0	0	179.403	64
17	38	0	0	0	0	185.497	65
18	39	0	0	0	0	190.541	66
20	39	0	0	0	0	217.062	67
20	39	0	0	0	0	208.432	68
20	39	0	0	0	0	209.65	69
21	39	0	0	0	0	212.553	70
21	40	0	0	0	0	229.034	71
21	40	0	0	0	0	209.948	72
21	40	0	0	0	0	211.066	73
22	40	0	0	0	0	209.802	74
22	40	0	0	0	0	230.842	75
22	40	0	0	0	0	237.884	76
22	40	0	0	0	0	200.43	77
22	41	0	0	0	0	235.259	78
22	41	0	0	0	0	232.297	79
22	42	0	0	0	0	221.379	80
23	43	0	0	0	0	222.138	81
24	43	0	0	0	0	217.989	82
25	43	0	0	0	0	219.838	83
25	43	0	0	0	0	225.869	84
25	42	0	0	0	0	214.315	85
26	42	0	0	0	0	241.545	86
26	42	0	0	0	0	234.66	87
26	42	0	0	0	0	231.52	88
26	43	0	0	0	0	245.66	89
26	46	0	0	0	0	260.501	90
27	46	0	0	0	0	249.869	91
27	46	0	0	0	0	265.351	92
27	46	0	0	0	0	260.108	93
27	46	0	0	0	0	248.956	94
27	46	0	0	0	0	252.585	95
27	49	0	0	0	0	280.071	96
27	49	0	0	0	0	287.437	97
28	49	0	0	0	0	260.7	98
28	50	0	0	0	0	267.771	99
28	50	0	0	0	0	264.991	100
29	50	0	0	0	0	265.835	101
30	49	0	0	0	0	292.768	102
30	49	0	0	0	0	288.276	103
32	49	0	0	0	0	289.152	104
33	49	0	0	0	0	304.489	105
35	50	0	0	0	0	293.567	106
35	50	0	0	0	0	282.536	107
35	50	0	0	0	0	181.935	108
35	51	0	0	0	0	291.935	109
36	52	0	0	0	0	302.343	110
37	52	0	0	0	0	313.031	111
37	52	0	0	0	0	329.441	112
38	52	0	0	0	0	338.954	113
39	52	0	0	0	0	311.476	114
39	52	0	0	0	0	295.199	115
39	53	0	0	0	0	336.58	116
40	53	0	0	0	0	312.009	117
41	53	0	0	0	0	324.278	118
41	51	0	0	0	0	322.118	119
42	51	0	0	0	0	318.411	120
42	51	0	0	0	0	305.299	121
43	51	0	0	0	0	314.406	122
43	51	0	0	0	0	296.145	123
43	50	0	0	0	0	308.93	124
42	50	0	0	0	0	321.012	125
42	49	0	0	0	0	328.236	126
42	50	0	0	0	0	324.756	127
42	56	0	0	0	0	331.286	128
42	55	0	0	0	0	340.897	129
42	55	0	0	0	0	338.913	130
44	55	0	0	0	0	346.048	131
45	55	0	0	0	0	341.607	132
45	55	0	0	0	0	351.109	133
45	53	0	0	0	0	339.618	134
45	53	0	0	0	0	311.272	135
45	53	0	0	0	0	361.24	136
43	53	0	0.333333	0	1	334.889	137
44	54	0	0.333333	0	1	335.15	138
45	53	0	0.333333	0	1	346.796	139
46	63	0	0.666667	0	2	297.552	140
48	63	0	0.666667	0	2	331.601	141
48	63	0.333333	0.666667	1	2	329.072	142
48	63	0.333333	0.666667	1	2	336.237	143
48	63	0.333333	0.666667	1	2	328.249	144
48	63	0.333333	0.666667	1	2	318.866	145
49	63	0.333333	0.666667	1	2	373.062	146
47	66	0.333333	1.33333	1	4	394.885	147
46	66	0.333333	1.33333	1	4	396.735	148
41	65	0.333333	1.33333	1	4	383.515	149
41	65	0.333333	1.33333	1	4	373.007	150
43	65	0.333333	1.33333	1	4	384.35	151
44	64	0.333333	1.33333	1	4	329.377	152
44	65	0.333333	1.33333	1	4	383.477	153
46	64	0.333333	1.33333	1	4	352.798	154
46	67	0.333333	1.33333	1	4	397.662	155
43	66	0.333333	1.33333	1	4	330.122	156
44	66	0.333333	1.33333	1	4	400.948	157
44	66	0.333333	1.33333	1	4	356.685	158
44	66	0.333333	1.33333	1	4	359.188	159
44	67	0.333333	1.33333	1	4	392.686	160
44	67	0.333333	1.33333	1	4	382.181	161
46	72	0.333333	1.33333	1	4	359.63	162
48	71	0.333333	1.33333	1	4	391.479	163
49	71	0.333333	1.33333	1	4	432.799	164
50	71	0.333333	1.33333	1	4	433.94	165
50	71	0.333333	1.33333	1	4	405.609	166
51	71	0.333333	1.33333	1	4	400.508	167
52	71	0.333333	1.33333	1	4	452.128	168
52	71	0.333333	1.33333	1	4	408.884	169
53	73	0.333333	1.33333	1	4	448.632	170
53	73	0.333333	1.33333	1	4	443.357	171
53	72	0.333333	1.33333	1	4	393.052	172
54	72	0.333333	1.33333	1	4	446.067	173
55	71	0.333333	1.33333	1	4	458.143	174
55	71	0.333333	1.33333	1	4	439.315	175
57	71	0.333333	1	1	3	455.211	176
57	71	0.333333	1	1	3	405.049	177
57	72	0.333333	1	1	3	444.753	178
57	72	0.333333	1	1	3	447.406	179
57	73	0.333333	1	1	3	440.71	180
58	73	0.333333	1	1	3	448.988	181
58	73	0.333333	1	1	3	461.214	182
57	73	0.333333	1	1	3	479.47	183
58	73	0.333333	1	1	3	445.115	184
57	73	0.333333	0.666667	1	2	441.409	185
58	71	0.333333	0.666667	1	2	452.747	186
59	71	0.333333	0.666667	1	2	467.214	187
59	70	0.333333	0.666667	1	2	482.149	188
56	69	0.333333	0.666667	1	2	435.693	189
56	71	0.333333	0.333333	1	1	417.761	190
55	69	0.333333	0.333333	1	1	430.143	191
55	69	0	0.333333	0	1	444.387	192
55	66	0	0.333333	0	1	453.366	193
55	66	0	0.333333	0	1	405.569	194
55	66	0	0.333333	0	1	386.643	195
55	67	0	0	0	0	441.894	196
55	66	0	0	0	0	430.212	197
56	66	0	0	0	0	425.898	198
58	65	0	0	0	0	427.903	199
58	68	0	0	0	0	438.173	200
58	69	0	0	0	0	433.195	201
58	68	0	0	0	0	442.155	202
58	63	0	0	0	0	431.544	203
58	62	0	0	0	0	428.681	204
58	61	0	0	0	0	412.522	205
57	61	0	0	0	0	394.059	206
57	61	0	0	0	0	390.405	207
56	63	0	0	0	0	447.678	208
54	63	0	0	0	0	399.097	209
