seq_id	position	insert_position	reference_base	major_base	minor_base	major_frequency	major_top_strand	major_bot_strand	minor_top_strand	minor_bot_strand	major_quals	minor_quals	
NODE_101_length_209_cov_70.545455	108	0	G	G	A	0.785714	39	27	11	7	36,36,36,36,36,36,36,36,36,27,36,36,32,36,36,36,36,36,32,36,36,36,32,36,36,36,14,32,36,36,36,36,36,36,36,36,36,36,32,36,36,36,14,36,36,36,36,32,36,36,36,32,36,36,36,36,32,32,32,14,14,36,27,32,14,32	36,36,36,36,36,36,36,36,36,36,36,36,36,27,36,36,36,36	
NODE_10_length_86440_cov_12.007978	86090	0	C	C	G	0.826087	20	18	6	2	32,32,32,14,27,32,36,32,36,36,36,27,36,36,36,36,32,27,36,36,36,14,36,36,36,36,36,36,36,36,36,36,32,36,36,32,36,32	36,36,36,36,36,36,36,36	
NODE_10_length_86440_cov_12.007978	86112	0	A	A	G	0.736842	29	13	11	4	36,36,36,36,36,36,32,36,36,32,36,14,36,36,36,36,36,14,36,36,36,14,32,32,36,36,36,36,32,36,36,36,36,32,36,36,36,36,36,36,36,36	36,36,36,36,36,36,36,36,36,36,36,36,36,36,27	
NODE_10_length_86440_cov_12.007978	86213	0	A	G	A	0.557143	21	18	17	14	27,36,36,14,36,36,36,36,32,36,32,27,36,36,32,32,36,36,36,32,36,36,36,36,36,36,36,21,36,32,32,27,36,32,36,36,27,32,32	27,27,14,36,32,36,32,14,36,36,36,36,36,36,36,36,36,36,36,36,36,36,36,36,36,36,32,36,32,36,32	
NODE_10_length_86440_cov_12.007978	86300	0	T	C	T	0.526316	11	29	15	21	32,36,36,32,36,36,32,32,36,36,36,36,27,36,36,36,36,27,36,36,36,36,36,36,36,32,36,36,36,36,36,36,36,36,32,32,36,36,36,36	21,36,36,36,36,36,36,36,36,36,36,36,21,36,14,36,36,36,36,36,36,14,36,32,21,36,14,36,36,14,14,32,36,32,32,32	
NODE_117_length_132_cov_7.909091	55	0	C	A	C	0.724138	15	6	4	4	36,36,36,36,36,36,36,36,36,36,32,14,32,32,27,36,36,36,32,36,36	36,36,27,36,36,36,21,36	
NODE_14_length_55182_cov_11.418129	75	0	A	A	G	0.75	13	8	1	6	36,32,36,32,36,14,36,36,14,36,36,36,36,14,36,32,36,36,36,14,14	36,36,32,36,36,36,36	
NODE_14_length_55182_cov_11.418129	3543	0	A	A	G	0.853659	21	14	4	2	32,36,36,32,36,32,36,36,14,36,14,14,36,36,36,36,14,14,36,36,36,36,36,32,36,36,36,36,14,14,36,14,36,32,14	36,27,36,36,14,36	
NODE_14_length_55182_cov_11.418129	3555	0	A	A	G	0.87037	20	27	3	4	36,14,36,32,14,36,36,36,14,36,36,36,36,36,36,36,36,36,32,36,32,36,32,36,36,36,36,36,36,36,36,36,36,36,14,14,36,36,27,36,36,14,36,36,36,32,36	36,36,36,14,14,36,14	
NODE_14_length_55182_cov_11.418129	3588	0	A	G	A	0.54386	8	23	2	24	14,36,36,32,36,14,36,36,36,32,36,32,36,36,36,36,36,36,32,32,36,36,36,27,36,36,32,36,27,32,36	36,36,32,32,36,36,36,36,36,32,32,36,36,36,36,36,36,36,36,36,14,36,14,36,36,32	
NODE_14_length_55182_cov_11.418129	3714	0	A	A	T	0.793103	12	11	0	6	36,36,36,14,36,14,36,36,36,36,36,36,36,36,36,32,36,36,27,36,36,32,32	36,36,36,36,36,32	
NODE_16_length_53232_cov_10.397253	9704	0	T	T	C	0.652174	13	2	3	5	36,36,32,36,36,36,36,36,36,36,36,36,36,36,14	32,36,36,36,14,32,36,36	
NODE_16_length_53232_cov_10.397253	9714	0	T	T	C	0.6	6	6	3	5	36,32,32,14,36,36,36,14,36,21,32,36	21,36,36,36,32,36,32,36	
NODE_18_length_49715_cov_12.358314	49530	0	C	C	T	0.6	3	6	3	3	36,36,32,36,36,36,14,36,14	36,36,32,36,36,36	
NODE_19_length_47455_cov_8.886065	13731	0	C	T	.	0.928571	7	6	0	1	32,32,36,36,32,36,36,36,32,32,36,32,32	36	
NODE_21_length_39324_cov_11.181339	126	1	.	.	A	0.655172	13	6	7	3	36,36,36,32,36,36,36,36,36,36,36,36,36,36,36,36,36,36,36	36,36,36,36,32,36,36,36,36,32	
NODE_21_length_39324_cov_11.181339	128	0	C	C	T	0.612903	13	6	9	3	36,27,36,36,36,36,36,36,36,36,36,36,36,36,36,36,36,36,36	36,36,36,36,14,36,36,14,32,36,36,36	
NODE_21_length_39324_cov_11.181339	142	0	G	G	A	0.548387	13	4	11	3	36,36,36,36,36,36,36,36,36,36,36,36,32,36,36,36,36	36,36,36,36,27,36,21,36,36,36,36,36,36,36	
NODE_21_length_39324_cov_11.181339	182	0	A	A	G	0.705882	13	11	8	2	36,36,36,36,36,32,36,27,14,14,36,36,36,36,36,36,36,36,14,36,36,32,32,36	36,36,36,36,36,36,36,36,36,36	
NODE_21_length_39324_cov_11.181339	337	0	G	G	.	0.689655	13	7	3	6	36,36,36,32,36,27,36,27,36,36,36,36,36,36,32,36,36,36,36,14	36,36,36,36,14,36,36,36,32	
NODE_21_length_39324_cov_11.181339	32737	0	A	G	A	0.857143	0	6	1	0	36,36,36,36,27,36	32	
NODE_22_length_38485_cov_11.597870	38144	0	C	C	.	0.692308	4	5	2	2	36,36,36,36,36,36,36,36,36	36,36,36,36	
NODE_22_length_38485_cov_11.597870	38145	0	T	T	G	0.642857	4	5	3	2	36,32,36,36,36,36,32,36,27	36,36,36,32,36	
NODE_26_length_30468_cov_12.184792	9893	0	A	A	G	0.75	5	16	3	4	32,36,36,36,36,36,36,27,36,36,32,36,32,36,36,36,36,36,36,36,36	36,36,36,36,36,36,36	
NODE_27_length_26109_cov_10.598417	25479	0	T	T	C	0.809524	18	16	3	5	36,36,32,36,36,36,36,36,36,36,36,32,32,32,36,36,36,36,32,36,36,36,32,36,14,36,36,36,36,36,36,36,36,27	36,32,27,32,36,36,36,36	
NODE_29_length_22216_cov_8.137676	121	0	A	A	T	0.592593	11	5	7	4	36,36,36,36,36,36,36,32,36,32,32,36,27,36,36,36	36,36,36,36,14,36,21,36,36,36,36	
NODE_35_length_14943_cov_9.402597	4242	0	A	A	G	0.777778	13	15	3	5	14,36,36,36,14,36,36,36,36,36,36,36,36,36,32,32,21,14,36,36,36,36,36,32,36,36,36,36	36,36,36,36,36,36,36,36	
NODE_35_length_14943_cov_9.402597	14854	0	T	T	C	0.769231	12	8	3	3	36,27,36,32,14,36,36,36,32,36,36,36,36,36,32,36,36,14,36,36	32,36,32,36,36,36	
NODE_36_length_12414_cov_10.147686	11285	0	A	A	.	0.6	0	6	3	1	36,36,36,36,36,32	27,36,36,36	
NODE_36_length_12414_cov_10.147686	11286	0	C	C	.	0.636364	0	7	3	1	32,36,36,36,14,32,32	27,36,36,36	
NODE_3_length_232584_cov_11.958724	18699	0	C	C	A	0.666667	14	4	6	3	21,36,36,36,14,36,36,36,36,36,27,32,36,36,36,36,32,36	32,36,32,36,36,36,36,36,36	
NODE_3_length_232584_cov_11.958724	41009	0	G	A	C	0.923077	10	2	0	1	36,36,32,36,36,36,36,36,36,36,32,36	14	
NODE_48_length_3994_cov_9.970641	3939	0	A	A	G	0.619048	8	5	1	7	14,36,14,36,36,27,36,36,36,36,36,36,21	36,14,36,14,32,36,32,36	
NODE_4_length_211617_cov_8.711681	38191	0	A	A	T	0.7	12	9	6	3	32,36,36,32,36,36,36,36,14,14,36,32,14,36,36,21,21,21,36,32,14	32,36,36,36,14,36,27,36,32	
NODE_58_length_3086_cov_66.847125	290	0	C	C	A	0.663793	47	30	25	14	32,32,32,32,36,36,32,36,32,36,36,36,36,36,32,36,32,36,36,36,36,36,32,36,36,36,36,32,32,36,32,32,36,36,27,36,36,36,32,36,36,36,36,36,36,36,36,36,36,36,36,36,36,36,36,36,36,32,36,27,36,36,36,32,32,36,36,36,36,14,32,36,36,32,36,36,36	27,36,36,36,14,36,32,14,36,14,36,32,32,36,14,36,36,36,36,36,36,36,36,36,36,36,36,32,14,32,36,36,36,36,36,36,36,36,32	
NODE_58_length_3086_cov_66.847125	322	0	A	A	G	0.727273	58	30	19	14	36,36,32,36,36,32,14,36,32,27,36,36,36,36,27,36,21,36,32,36,14,36,14,36,36,36,36,32,36,32,36,32,36,36,32,14,36,36,36,36,36,32,36,36,36,36,32,14,36,36,36,36,36,36,32,36,36,36,36,36,36,27,32,36,36,36,36,36,36,36,36,36,36,32,32,32,32,32,32,32,32,32,32,32,32,32,32,32	32,36,36,32,36,36,36,36,36,36,36,36,36,36,36,36,36,21,36,36,36,27,36,36,36,36,36,36,36,32,32,36,36	
NODE_58_length_3086_cov_66.847125	781	0	G	G	A	0.827957	46	31	8	8	36,32,36,36,27,36,36,27,36,14,27,36,36,36,36,36,36,14,36,36,36,32,36,27,32,36,36,36,36,36,36,36,36,36,36,36,36,36,36,36,36,36,27,36,32,36,36,36,36,32,36,36,36,36,36,21,36,36,36,36,14,36,36,36,36,36,32,36,32,32,36,32,36,27,21,32,32	36,14,36,36,36,36,36,36,36,36,36,32,36,36,14,36	
NODE_58_length_3086_cov_66.847125	1594	0	T	A	T	0.559524	22	25	23	14	27,36,32,27,36,36,36,14,36,32,36,32,36,32,32,36,36,36,36,36,36,14,32,36,32,36,14,36,36,36,27,36,14,36,32,36,36,36,32,36,36,36,36,36,36,32,36	14,36,32,36,36,36,36,36,36,36,36,36,36,27,36,36,36,36,36,36,32,32,36,36,36,36,36,36,36,36,14,36,36,36,27,36,36	
NODE_58_length_3086_cov_66.847125	2073	0	C	C	T	0.810526	39	38	11	7	32,27,36,36,36,36,36,32,36,36,36,36,36,14,36,32,36,36,14,36,14,36,36,14,36,36,21,36,36,36,14,36,36,14,36,14,36,36,32,36,36,36,36,36,32,36,36,27,27,36,36,36,36,36,36,32,36,36,21,36,36,14,36,36,36,36,32,36,36,36,36,32,36,32,32,36,36	32,36,36,36,36,32,36,36,36,36,36,32,36,36,36,36,36,32	
NODE_58_length_3086_cov_66.847125	2271	0	G	G	A	0.684211	34	18	11	13	32,36,32,36,36,36,32,36,36,36,36,36,32,32,36,36,36,36,27,14,36,36,32,36,14,14,36,32,14,36,32,36,36,36,36,36,36,36,36,36,36,27,36,36,32,36,36,36,36,36,27,32	14,14,32,27,36,14,36,32,14,36,14,36,36,32,36,32,36,36,32,36,36,36,32,27	
NODE_58_length_3086_cov_66.847125	2992	0	T	T	A	0.718519	52	45	18	20	32,36,36,36,32,36,36,32,36,36,36,36,36,36,36,36,32,36,36,21,36,32,36,36,36,36,36,36,36,36,36,36,36,36,36,32,36,36,36,36,36,36,36,36,36,36,36,36,36,36,32,36,36,36,36,32,36,36,36,27,36,36,14,36,27,32,36,36,32,36,36,36,36,36,36,36,36,36,36,36,36,36,36,14,36,36,36,36,27,36,27,36,36,36,32,36,32	36,36,36,36,36,36,32,36,36,36,36,36,36,32,36,36,14,36,32,14,36,36,36,36,36,36,36,36,36,36,36,14,27,36,36,21,36,36	
NODE_58_length_3086_cov_66.847125	2993	0	T	T	C	0.8	56	52	14	13	36,36,32,36,36,36,36,32,36,36,36,32,36,36,36,36,36,36,36,32,32,36,14,36,36,36,36,36,36,36,36,36,36,32,36,36,36,36,32,36,36,36,36,14,36,36,14,36,32,36,36,32,36,36,32,36,21,21,32,36,32,36,36,36,36,36,36,36,36,36,36,36,32,36,36,32,36,36,36,36,36,36,32,36,36,36,36,36,36,36,36,32,32,21,36,36,36,32,36,36,36,36,36,36,14,36,14,32	14,36,36,36,36,27,36,36,36,36,36,36,36,36,32,14,36,36,36,36,36,36,36,36,36,36,36	
NODE_5_length_148755_cov_13.950504	16385	0	A	A	G	0.538462	3	4	5	1	36,14,14,36,36,36,14	14,14,32,36,36,36	
NODE_5_length_148755_cov_13.950504	16400	0	G	A	G	0.538462	6	1	2	4	36,36,32,36,36,21,14	36,36,32,36,36,32	
NODE_5_length_148755_cov_13.950504	16418	0	G	G	A	0.72	6	12	4	3	36,36,36,21,36,36,36,36,36,36,32,36,27,14,36,36,32,32	27,36,36,36,32,36,32	
NODE_5_length_148755_cov_13.950504	45457	0	C	T	C	0.967742	20	10	1	0	36,36,36,36,36,36,36,36,36,36,36,36,36,36,36,36,21,36,36,27,36,27,36,36,36,36,36,36,36,36	36	
NODE_5_length_148755_cov_13.950504	148503	0	A	A	.	0.730769	8	11	1	6	36,32,36,36,36,36,36,36,36,36,36,32,21,36,32,32,27,36,32	32,14,36,32,32,32,36	
NODE_62_length_1968_cov_19.267054	78	0	A	A	C	0.568627	16	13	10	12	14,36,36,36,36,36,36,36,36,32,36,36,14,36,36,14,36,36,36,36,36,32,36,36,36,36,32,36,36	36,36,36,36,32,36,36,14,36,36,36,36,36,36,36,36,36,36,36,36,21,36	
NODE_63_length_1941_cov_23.326717	151	0	A	G	A	0.537313	13	23	11	20	32,36,36,36,36,36,36,36,36,32,36,36,36,36,36,36,36,36,36,32,36,36,36,36,36,36,36,36,36,32,36,36,32,36,36,27	32,27,36,36,36,36,36,36,36,36,32,36,36,36,36,14,36,36,36,36,36,36,32,32,32,36,36,32,36,32,36	
NODE_63_length_1941_cov_23.326717	153	0	A	T	A	0.537313	13	23	11	20	36,32,36,36,36,36,36,36,32,36,36,36,36,36,36,36,36,36,36,14,36,36,27,36,36,32,36,36,36,36,36,36,32,36,36,36	36,27,14,32,36,36,36,36,14,36,14,36,36,14,36,36,36,36,36,36,36,32,36,36,14,32,36,36,21,32,32	
NODE_63_length_1941_cov_23.326717	159	0	G	A	G	0.523077	11	23	11	20	36,36,36,36,32,36,36,36,36,32,14,36,36,36,36,32,36,36,36,36,36,32,32,14,36,36,36,36,36,36,36,32,36,36	32,32,14,36,36,36,36,36,32,36,36,36,32,36,36,36,32,32,36,36,32,32,14,36,36,36,36,36,27,32,36	
NODE_63_length_1941_cov_23.326717	160	0	A	C	A	0.530303	12	23	11	20	32,14,27,36,32,36,36,36,36,36,32,36,36,36,36,36,36,36,32,36,32,36,14,36,36,36,36,36,32,36,32,36,32,14,36	14,32,36,27,36,36,36,36,36,36,36,36,36,36,36,32,36,27,36,36,36,36,14,32,32,36,36,36,27,32,36	
NODE_63_length_1941_cov_23.326717	212	0	A	A	T	0.545455	15	21	17	13	32,14,32,14,36,36,36,36,36,36,36,36,36,36,36,36,36,36,14,36,32,36,36,36,36,36,32,36,36,36,21,36,14,36,36,27	36,36,36,36,36,36,36,36,27,36,32,14,36,36,14,32,36,36,21,36,36,36,32,36,36,36,36,32,36,36	
NODE_63_length_1941_cov_23.326717	238	0	C	C	T	0.521127	19	18	20	14	36,36,36,36,36,36,36,36,36,36,14,36,36,36,36,36,36,36,32,36,32,32,36,36,36,36,32,36,36,36,36,36,21,36,36,36,36	32,32,27,32,36,36,36,36,36,32,36,36,36,36,36,32,36,36,36,36,36,36,36,14,36,36,36,27,36,36,36,36,36,32	
NODE_63_length_1941_cov_23.326717	292	0	A	A	G	0.521127	19	18	25	9	32,32,36,32,36,32,36,36,14,36,36,36,36,36,32,36,32,36,36,32,36,36,36,36,36,32,36,36,36,36,36,27,32,36,36,36,32	14,32,36,32,32,27,36,36,36,36,36,36,36,36,32,36,36,36,36,36,36,32,36,36,36,36,36,36,36,36,14,36,36,32	
NODE_63_length_1941_cov_23.326717	568	0	C	T	C	0.539474	26	15	22	13	32,32,32,36,36,36,36,32,36,36,36,36,36,32,36,36,32,36,36,36,36,36,36,36,36,36,36,14,36,36,36,36,36,36,36,36,36,32,36,36,36	32,32,36,32,36,32,32,36,32,14,27,32,36,36,36,36,36,36,36,14,36,36,14,36,14,32,27,36,36,32,32,14,36,21,32	
NODE_63_length_1941_cov_23.326717	590	0	A	T	A	0.526316	27	13	20	16	32,27,36,36,36,32,36,36,36,36,36,32,32,36,27,36,36,14,32,36,36,36,36,14,36,32,36,36,36,36,32,36,36,14,32,32,32,36,36,21	36,36,27,36,36,36,36,14,36,36,14,36,36,14,32,36,36,36,14,36,14,32,36,36,36,32,36,36,36,36,36,32,32,36,32,32	
NODE_63_length_1941_cov_23.326717	594	0	T	T	C	0.506494	23	16	25	13	36,32,36,32,36,36,36,36,36,36,36,36,36,36,36,36,36,36,36,32,36,36,36,27,36,36,36,36,36,32,32,32,36,36,36,36,32,32,36	32,32,36,36,36,36,36,36,14,32,36,36,36,36,36,32,36,36,36,36,36,36,36,32,14,32,36,36,32,36,36,32,36,36,32,36,36,36	
NODE_63_length_1941_cov_23.326717	775	0	G	A	G	0.6	21	18	9	17	36,36,36,36,14,32,14,32,27,36,36,36,36,32,36,36,36,32,14,36,36,36,36,36,32,36,32,36,36,36,32,21,36,36,36,36,36,36,32	32,36,32,36,36,36,36,36,36,32,36,36,36,32,36,36,36,36,36,36,32,14,36,36,21,27	
NODE_63_length_1941_cov_23.326717	1014	0	C	C	T	0.5	11	12	9	14	36,36,36,14,36,21,36,36,32,14,36,36,36,27,36,36,32,36,32,36,36,36,36	32,21,36,36,36,36,36,36,36,27,36,36,32,36,36,14,36,36,32,36,36,36,36	
NODE_63_length_1941_cov_23.326717	1026	0	G	A	G	0.537037	12	17	12	13	36,32,36,36,36,36,36,36,32,32,36,36,36,36,32,32,14,36,36,36,36,36,14,36,14,36,27,36,36	14,36,14,36,36,36,36,36,36,36,32,32,36,36,36,36,32,36,36,32,36,14,14,36,36	
NODE_63_length_1941_cov_23.326717	1053	0	A	G	A	0.571429	16	16	10	14	36,36,32,36,36,36,27,36,36,36,36,36,32,36,36,36,32,36,36,36,36,36,32,36,27,36,36,36,36,36,36,32	32,36,32,36,36,36,36,36,36,36,36,14,36,36,36,36,36,21,36,36,36,36,36,27	
NODE_63_length_1941_cov_23.326717	1363	0	A	A	C	0.555556	23	12	15	13	27,14,36,32,36,36,32,32,27,14,36,27,36,36,32,32,36,36,36,27,36,36,36,14,36,36,36,36,36,32,36,36,36,32,36	32,27,36,14,36,32,27,36,36,36,36,21,36,32,32,32,36,36,36,36,36,32,36,36,36,36,32,32	
NODE_63_length_1941_cov_23.326717	1672	0	A	G	A	0.565217	14	12	7	13	32,36,36,36,36,36,36,36,27,36,36,36,27,36,36,36,32,36,36,36,36,36,36,36,36,36	36,36,36,36,36,36,36,36,32,36,36,36,36,36,32,36,36,36,36,32	
NODE_65_length_1659_cov_57.446903	17	0	G	G	T	0.857143	36	24	4	6	32,36,32,21,14,27,36,27,36,14,32,32,36,36,27,32,36,36,36,36,27,36,36,36,36,36,36,36,36,36,36,36,36,36,36,36,36,36,36,27,32,32,36,32,21,32,36,36,36,36,36,36,36,32,14,36,32,36,32,36	36,32,27,36,32,36,36,36,36,36	
NODE_65_length_1659_cov_57.446903	18	0	A	A	C	0.857143	36	24	4	6	36,32,36,32,36,36,14,32,27,32,36,32,36,36,36,32,36,36,36,14,36,36,36,36,36,36,14,36,32,36,21,36,32,36,36,36,36,36,36,36,32,36,36,36,36,32,36,36,36,36,36,32,32,36,36,32,32,36,36,14	27,32,32,36,36,36,36,36,32,32	
NODE_65_length_1659_cov_57.446903	114	0	C	C	A	0.829787	37	41	8	8	36,32,36,36,36,36,36,36,36,32,21,32,36,36,36,36,36,36,36,36,32,36,36,36,36,32,36,36,27,14,36,36,36,14,36,32,36,36,27,36,36,32,36,36,36,27,32,36,36,36,36,36,32,36,36,36,36,32,36,36,36,27,36,36,36,36,36,36,36,36,32,14,36,36,36,36,36,36	36,36,27,36,32,36,27,36,36,32,32,36,36,36,32,36	
NODE_65_length_1659_cov_57.446903	321	0	G	G	A	0.873563	28	48	6	5	32,32,27,27,32,32,27,36,36,14,36,36,36,36,32,36,36,36,36,36,36,36,36,36,36,36,36,36,14,36,14,36,32,36,14,36,36,32,36,36,36,32,32,36,36,36,36,32,36,36,36,36,36,36,36,36,14,14,36,32,36,32,36,36,36,14,27,14,32,36,32,36,32,36,36,32	36,36,14,36,36,36,36,14,36,32,27	
NODE_65_length_1659_cov_57.446903	551	0	T	T	C	0.830769	44	10	9	2	36,36,32,36,36,32,36,36,36,14,36,36,36,36,36,36,36,36,36,36,36,36,36,36,36,36,36,14,14,14,36,36,14,36,36,14,32,36,36,36,36,36,36,36,14,14,36,32,36,14,36,36,36,32	36,36,36,36,36,36,36,36,36,36,36	
NODE_65_length_1659_cov_57.446903	561	0	G	G	A	0.625	34	6	17	7	36,27,32,36,14,36,36,36,36,36,36,27,27,36,36,27,36,36,36,36,36,36,36,32,36,36,36,36,36,36,36,32,36,36,36,36,36,36,32,32	32,36,36,36,14,36,36,36,36,32,36,32,36,36,14,21,36,36,36,36,36,36,36,21	
NODE_65_length_1659_cov_57.446903	1137	0	G	G	A	0.83871	63	41	10	10	32,36,36,36,36,32,36,36,36,36,36,32,36,36,36,36,36,32,32,36,36,32,36,32,36,32,14,36,36,36,36,36,36,36,32,36,36,36,36,36,36,36,36,36,32,36,14,36,36,36,36,21,32,32,36,36,36,36,32,36,36,14,36,36,36,36,36,36,36,14,36,27,36,36,36,14,36,32,36,36,36,36,32,36,36,36,36,36,36,36,36,36,21,32,36,36,36,36,36,36,32,36,36,32	36,32,36,36,36,36,36,32,36,36,36,36,36,36,36,36,32,36,36,36	
NODE_65_length_1659_cov_57.446903	1389	0	C	C	T	0.711712	33	46	16	16	32,32,27,32,32,27,36,36,32,36,36,36,36,36,36,14,36,36,36,36,36,36,32,36,36,36,36,36,14,32,36,36,36,36,36,36,36,36,36,36,36,36,36,36,32,36,36,21,36,36,32,14,36,27,36,32,36,36,14,36,32,14,36,36,36,36,36,36,32,36,36,36,36,36,36,36,32,32,36	32,36,36,36,36,36,36,32,36,21,36,36,36,36,32,14,21,36,36,36,36,32,32,27,36,36,14,36,36,32,32,36	
NODE_65_length_1659_cov_57.446903	1522	0	G	G	A	0.811024	56	47	12	12	32,36,36,32,36,36,27,36,36,36,32,36,14,14,32,36,36,36,36,36,27,32,36,32,36,36,36,32,36,36,36,32,36,32,36,36,36,36,36,36,36,36,32,36,36,32,14,36,36,32,36,32,36,36,36,36,32,36,36,36,36,32,36,32,32,36,32,32,32,27,32,36,36,36,36,32,36,27,36,36,32,32,32,14,36,21,36,36,14,36,36,36,36,36,36,32,36,36,27,36,27,32,32	14,14,36,21,36,14,36,14,36,36,14,36,36,36,36,36,36,36,36,36,27,32,36,32	
NODE_65_length_1659_cov_57.446903	1615	0	G	G	T	0.858268	47	62	10	8	36,32,32,32,27,36,36,36,36,32,36,32,36,14,27,36,32,36,36,36,32,36,36,36,36,36,36,36,36,36,36,36,36,36,36,36,36,36,36,14,36,36,32,36,36,36,14,32,36,32,36,36,32,36,32,36,36,32,14,36,36,32,36,27,36,32,36,27,36,32,36,36,32,36,14,36,36,36,32,36,32,36,36,14,14,36,36,27,32,32,36,36,32,32,36,36,27,27,32,36,36,36,36,36,36,32,32,36,32	36,36,14,36,36,36,32,36,36,36,36,32,36,27,21,36,36,32	
NODE_6_length_141836_cov_9.669086	82367	0	T	T	C	0.6	4	5	3	3	36,36,32,36,32,36,36,36,14	32,36,32,36,27,36	
NODE_74_length_682_cov_9.191736	105	0	T	C	T	0.53125	10	7	10	5	36,36,36,36,36,36,36,36,36,36,36,36,36,36,36,36,32	36,36,36,36,36,32,36,36,27,36,36,36,14,36,36	
NODE_74_length_682_cov_9.191736	117	0	C	C	T	0.653846	12	5	5	4	32,36,21,36,36,36,36,36,36,27,36,32,36,36,36,36,36	32,14,32,36,36,36,36,32,36	
NODE_74_length_682_cov_9.191736	126	0	T	T	C	0.695652	10	6	4	3	36,27,36,36,36,32,36,36,36,36,36,36,36,14,36,36	32,14,36,14,36,14,36	
NODE_74_length_682_cov_9.191736	156	0	T	T	C	0.695652	10	6	4	3	36,32,36,36,36,36,32,36,36,36,14,36,36,32,36,14	14,36,32,27,32,36,32	
NODE_74_length_682_cov_9.191736	159	0	T	T	C	0.708333	10	7	4	3	36,14,36,36,36,36,36,36,36,36,36,14,36,36,36,14,14	21,36,36,14,36,36,14	
NODE_74_length_682_cov_9.191736	332	0	T	T	C	0.6875	4	7	1	4	36,14,36,36,36,32,27,36,36,32,32	36,36,36,36,32	
NODE_74_length_682_cov_9.191736	336	0	A	A	G	0.666667	4	6	1	4	36,32,36,14,32,36,36,14,36,36	36,32,36,36,36	
NODE_74_length_682_cov_9.191736	355	0	T	T	G	0.615385	7	9	4	6	27,36,36,36,36,36,36,36,36,36,36,36,36,36,36,36	36,36,36,36,36,36,36,27,36,36	
NODE_74_length_682_cov_9.191736	381	0	T	T	C	0.518519	7	7	7	6	32,32,36,36,14,36,36,32,36,14,14,32,36,36	36,36,32,36,32,36,36,36,21,36,27,32,36	
NODE_74_length_682_cov_9.191736	384	0	T	T	A	0.580645	8	10	7	6	36,14,36,36,36,32,36,36,36,36,27,36,36,36,36,32,27,36	32,36,36,36,36,36,36,36,14,36,32,36,36	
NODE_74_length_682_cov_9.191736	402	0	A	A	G	0.514286	9	9	8	9	36,36,36,14,36,36,36,36,36,36,36,32,36,36,32,27,36,36	36,36,36,36,36,36,32,27,36,36,36,27,36,32,32,27,36	
NODE_74_length_682_cov_9.191736	429	0	G	G	A	0.5	7	11	10	8	36,36,36,36,32,36,36,32,32,32,36,32,36,36,36,36,21,36	36,36,36,36,36,36,36,36,36,36,36,36,32,36,36,36,36,36	
NODE_74_length_682_cov_9.191736	487	0	C	C	A	0.511111	13	10	12	10	36,36,36,36,32,36,14,36,36,36,36,36,32,36,36,36,36,32,36,27,36,14,36	36,36,36,36,36,36,36,36,36,32,36,36,36,36,36,36,36,36,36,36,36,32	
NODE_74_length_682_cov_9.191736	490	0	A	A	G	0.511111	13	10	12	10	32,27,36,36,36,36,36,36,36,36,36,36,32,36,36,36,36,36,36,36,36,36,36	36,32,32,36,36,36,36,14,36,36,36,14,36,36,36,36,14,36,36,36,36,14	
NODE_74_length_682_cov_9.191736	491	0	A	A	C	0.533333	14	10	11	10	32,36,36,14,36,32,36,36,36,14,14,14,36,36,36,32,14,36,36,36,36,36,36,32	36,32,36,36,36,32,27,32,32,36,36,32,14,36,36,32,36,14,36,32,32	
NODE_74_length_682_cov_9.191736	587	0	T	C	T	0.538462	10	11	11	7	36,36,27,36,36,36,36,32,36,32,32,32,36,36,21,36,32,36,36,36,36	32,36,14,32,36,36,36,36,32,36,36,36,36,14,36,36,14,14	
NODE_75_length_570_cov_19.953347	234	0	G	A	G	0.558824	12	7	2	13	32,36,32,32,14,21,36,36,27,36,36,32,36,36,36,36,36,36,14	36,36,36,32,36,36,36,14,36,36,36,14,36,27,27	
NODE_75_length_570_cov_19.953347	260	0	A	G	A	0.6	12	12	4	12	27,36,36,36,32,32,32,32,36,36,32,36,36,36,36,36,36,36,36,36,36,32,36,36	32,36,36,36,36,36,36,36,36,14,36,36,36,36,21,36	
NODE_75_length_570_cov_19.953347	326	0	A	C	A	0.5	12	9	12	9	36,36,36,27,36,36,32,36,36,36,36,36,36,32,36,36,36,36,36,36,36	32,32,32,36,32,36,27,36,32,32,36,36,36,36,36,36,36,32,32,32,27	
NODE_75_length_570_cov_19.953347	425	0	T	C	T	0.527778	9	10	9	8	36,32,32,21,32,36,36,36,36,36,36,36,32,36,36,32,27,32,32	21,36,36,36,36,36,36,36,36,36,36,36,36,32,36,36,36	
NODE_75_length_570_cov_19.953347	452	0	T	T	C	0.5	5	11	5	11	36,32,36,36,36,36,36,36,36,36,32,36,36,36,36,32	36,14,36,32,36,27,36,36,27,36,32,27,36,36,27,36	
NODE_75_length_570_cov_19.953347	464	0	C	C	T	0.5	3	15	6	12	36,36,36,36,36,36,36,36,36,36,36,36,32,36,36,36,36,32	36,36,36,36,36,32,32,14,36,36,36,36,36,21,36,36,27,36	
NODE_75_length_570_cov_19.953347	497	0	G	T	G	0.62963	6	11	3	7	14,36,36,36,36,32,36,36,14,36,36,36,36,36,14,36,36	36,36,36,36,36,36,36,14,36,36	
NODE_75_length_570_cov_19.953347	499	0	G	A	G	0.607143	5	12	4	7	36,36,36,36,36,32,36,36,36,36,36,36,36,14,36,32,36	32,36,36,36,36,32,36,36,36,36,32	
NODE_79_length_491_cov_8.231884	171	1	.	A	.	0.545455	1	5	3	2	36,36,36,32,36,36	36,32,36,36,36	
NODE_79_length_491_cov_8.231884	171	2	.	A	.	0.545455	1	5	3	2	36,32,36,36,36,36	36,32,36,36,36	
NODE_79_length_491_cov_8.231884	172	1	.	G	.	0.545455	1	5	3	2	14,36,32,36,36,36	32,36,36,36,36	
NODE_79_length_491_cov_8.231884	172	2	.	A	.	0.545455	1	5	3	2	36,36,36,36,36,36	32,36,36,36,36	
NODE_79_length_491_cov_8.231884	177	0	A	T	A	0.545455	1	5	3	2	27,36,36,36,27,27	36,36,32,27,36	
NODE_79_length_491_cov_8.231884	178	0	C	A	C	0.545455	1	5	3	2	36,36,14,36,36,32	36,36,36,27,32	
NODE_79_length_491_cov_8.231884	181	0	T	A	T	0.545455	1	5	3	2	36,36,36,36,32,36	36,27,36,36,36	
NODE_79_length_491_cov_8.231884	182	1	.	G	.	0.545455	1	5	3	2	36,36,36,36,36,27	36,36,36,36,36	
NODE_79_length_491_cov_8.231884	184	1	.	A	.	0.545455	1	5	3	2	36,36,36,36,36,14	36,36,36,32,36	
NODE_81_length_465_cov_43.515464	125	0	T	T	C	0.734375	31	16	9	8	36,21,36,36,36,36,36,36,36,36,14,27,36,21,36,36,36,36,36,36,36,14,36,36,14,14,36,36,36,36,32,36,36,36,36,27,27,36,36,36,14,36,36,36,32,36,36	36,36,36,32,36,36,36,36,36,32,36,27,14,36,32,36,32	
NODE_81_length_465_cov_43.515464	269	0	C	C	A	0.553571	16	15	11	14	32,36,36,36,36,36,36,36,36,32,36,36,36,36,27,36,36,36,36,32,36,21,36,36,36,36,36,32,36,36,32	36,32,36,36,36,36,32,36,36,32,36,27,36,32,36,36,36,36,36,36,36,36,36,36,36	
NODE_81_length_465_cov_43.515464	307	0	A	A	T	0.582278	32	14	18	15	36,36,36,36,36,32,36,32,36,14,14,32,36,32,36,32,36,36,36,36,36,36,36,36,36,32,36,36,36,36,36,36,36,32,36,36,36,36,36,36,36,32,36,32,32,32	32,21,36,36,36,36,21,36,36,36,36,36,36,36,36,36,36,36,36,36,36,36,36,32,36,14,36,36,14,36,36,36,36	
NODE_81_length_465_cov_43.515464	325	0	G	G	A	0.578313	35	13	18	17	36,36,36,36,32,36,36,36,36,36,36,32,36,36,14,14,36,36,32,36,32,36,27,32,36,36,36,36,36,36,36,14,36,36,36,32,36,36,36,36,36,36,36,36,32,36,21,32	36,36,36,36,36,36,36,36,36,36,36,36,36,36,36,27,36,36,36,36,36,36,36,36,36,36,36,36,36,32,32,36,36,36,36	
NODE_84_length_379_cov_32.334437	117	0	C	T	C	0.621212	26	15	8	17	32,36,32,32,36,36,36,36,36,36,36,36,36,32,36,36,36,36,36,36,36,36,14,36,32,36,36,36,36,36,36,36,36,36,36,36,14,36,36,32,14	36,36,32,36,27,36,27,36,32,32,36,36,32,32,36,36,36,36,36,32,36,36,36,36,14	
NODE_84_length_379_cov_32.334437	129	0	C	T	C	0.591549	27	15	14	15	36,32,36,36,32,36,36,32,32,32,36,36,36,36,36,32,32,36,36,36,36,36,36,36,14,36,36,36,36,36,36,36,36,36,36,36,36,36,36,36,36,36	36,36,36,36,36,14,36,32,36,36,36,32,36,36,36,36,36,36,36,14,36,32,36,36,36,36,36,36,32	
NODE_84_length_379_cov_32.334437	144	0	G	A	G	0.564103	26	18	18	16	27,36,36,27,36,36,36,36,36,36,36,36,32,14,36,32,14,36,36,36,36,14,36,36,14,27,36,32,36,32,36,36,36,32,27,14,36,36,36,36,14,32,36,36	36,32,32,36,32,36,36,32,36,36,36,36,32,32,27,36,36,36,36,36,36,36,36,36,36,32,36,32,36,36,36,36,36,36	
NODE_86_length_372_cov_40.555932	248	1	.	.	A	0.705882	19	17	4	11	36,36,36,36,36,36,36,36,36,36,36,14,36,36,14,36,36,36,36,36,36,32,36,36,36,36,32,36,36,36,36,14,36,14,36,36	36,36,36,36,36,36,36,36,36,36,36,36,36,32,36	
NODE_86_length_372_cov_40.555932	295	0	G	G	A	0.766667	12	11	3	4	32,36,32,36,32,36,36,36,36,36,36,27,36,36,36,27,36,32,27,36,36,36,32	36,21,36,36,36,36,36	
NODE_87_length_350_cov_11.304029	150	0	A	A	G	0.73913	7	10	3	3	36,36,36,32,36,36,36,32,36,32,32,36,36,32,32,21,36	36,36,32,36,36,32	
NODE_87_length_350_cov_11.304029	192	0	A	A	G	0.822222	18	19	4	4	36,32,36,36,36,36,36,36,36,14,36,36,36,36,36,36,36,36,36,27,36,32,14,32,36,36,36,36,32,36,32,27,32,32,36,36,36	32,32,36,27,21,36,36,36	
NODE_87_length_350_cov_11.304029	198	0	A	A	G	0.837209	17	19	5	2	36,36,36,32,36,36,32,32,36,36,36,32,36,36,32,32,32,32,36,32,36,36,36,36,36,36,14,36,36,14,36,14,32,36,36,32	27,32,27,32,32,32,36	
NODE_87_length_350_cov_11.304029	201	0	T	T	A	0.833333	18	17	5	2	36,36,32,21,36,36,14,36,36,36,14,36,36,36,36,36,36,36,36,36,36,36,36,36,36,36,32,36,36,36,36,36,36,36,32	27,32,32,14,27,36,36	
NODE_87_length_350_cov_11.304029	216	0	T	T	C	0.828571	15	14	4	2	36,14,36,36,32,36,14,21,36,36,32,32,14,14,32,36,14,14,36,36,32,36,36,36,36,36,36,36,32	32,27,14,32,36,36	
NODE_89_length_334_cov_15.151751	33	0	C	C	T	0.8	23	21	6	5	36,36,36,36,14,32,32,32,32,32,36,36,32,36,36,36,36,36,36,36,36,36,36,36,36,36,36,36,36,36,36,36,36,36,32,32,36,36,36,36,32,36,14,36	36,36,32,36,32,32,36,36,36,36,36	
NODE_89_length_334_cov_15.151751	67	0	T	T	.	0.821429	17	6	2	3	36,36,32,32,36,32,36,36,32,36,36,36,32,36,36,36,36,36,27,36,14,36,32	36,32,14,36,36	
NODE_89_length_334_cov_15.151751	68	0	A	A	.	0.821429	17	6	2	3	36,36,32,27,27,32,36,36,36,14,36,36,27,32,36,32,36,36,32,36,36,36,32	36,32,14,36,36	
NODE_89_length_334_cov_15.151751	69	0	A	A	.	0.827586	17	7	2	3	36,36,36,36,36,32,36,36,14,36,36,36,32,32,36,32,36,14,36,14,36,36,36,36	36,32,14,36,36	
NODE_89_length_334_cov_15.151751	78	0	A	A	T	0.692308	11	7	2	6	36,36,36,36,36,36,36,36,32,36,14,36,32,36,36,36,36,36	14,36,32,14,36,36,36,36	
NODE_89_length_334_cov_15.151751	79	0	A	A	T	0.692308	11	7	2	6	36,36,36,32,36,36,36,36,36,36,14,36,36,36,36,36,36,36	36,36,36,36,36,36,36,32	
NODE_90_length_328_cov_16.717131	126	0	C	T	C	0.558824	13	25	12	18	32,27,36,36,36,27,36,36,32,32,14,36,36,36,36,36,36,36,32,36,36,36,36,36,36,27,32,36,32,36,36,21,32,36,14,32,32,21	32,32,36,36,27,36,36,36,32,36,36,36,36,27,36,32,32,36,36,36,36,32,27,36,36,27,27,14,32,36	
NODE_90_length_328_cov_16.717131	147	0	G	A	G	0.575	18	28	14	20	32,36,32,32,36,36,36,36,36,32,36,36,36,36,14,36,36,36,36,36,36,36,36,32,27,36,36,32,32,36,36,32,36,14,14,27,36,32,36,36,36,36,36,36,32,32	36,21,32,36,32,36,32,36,27,36,32,27,36,32,36,36,32,36,32,36,36,36,36,36,27,14,36,36,36,36,36,36,32,32	
NODE_90_length_328_cov_16.717131	153	0	C	T	C	0.546667	17	24	12	22	36,32,36,36,36,36,36,36,36,36,36,36,36,36,36,36,36,36,36,36,36,36,36,36,32,36,36,36,36,36,36,36,36,36,36,36,36,36,14,36,14	36,27,32,36,36,32,36,32,32,36,36,36,36,36,14,36,36,36,36,36,36,36,32,36,32,36,36,36,32,36,14,36,32,36	
NODE_90_length_328_cov_16.717131	155	0	T	G	T	0.552632	18	24	11	23	36,36,36,36,36,36,36,36,36,27,36,32,36,36,36,36,36,36,36,21,32,36,36,36,14,32,32,27,36,32,32,36,36,36,36,36,36,36,36,36,36,36	36,32,32,32,36,32,36,36,36,32,36,36,36,32,36,32,32,14,27,36,14,32,36,36,36,14,14,36,36,32,36,27,27,36	
NODE_90_length_328_cov_16.717131	167	0	G	A	G	0.538462	19	23	16	20	32,14,36,36,14,36,36,36,36,36,32,36,32,36,32,36,36,36,14,36,36,36,36,36,36,36,36,36,36,36,36,36,32,36,36,36,36,36,36,36,36,36	32,32,32,36,36,36,36,32,36,36,32,36,14,32,36,36,36,32,36,36,32,36,36,36,21,36,32,36,36,27,36,36,36,36,36,36	
NODE_90_length_328_cov_16.717131	186	0	A	G	A	0.5625	19	26	17	18	14,36,32,32,36,36,36,36,32,14,36,32,36,36,36,32,36,36,36,36,14,36,36,36,36,36,36,36,36,36,36,36,36,32,36,32,36,36,36,36,32,32,32,36,32	32,14,36,36,36,36,36,36,36,32,32,36,36,36,36,36,32,36,36,36,36,36,32,27,36,36,36,36,36,36,36,32,32,32,32	
NODE_90_length_328_cov_16.717131	204	0	A	G	A	0.591549	20	22	14	15	36,36,36,14,36,36,27,36,36,36,36,36,32,27,32,27,21,36,36,36,36,36,32,14,36,14,32,14,36,36,36,36,36,36,36,27,36,32,36,27,36,32	36,36,36,36,36,36,36,14,36,36,36,32,36,36,36,14,36,36,14,36,36,27,32,32,36,36,36,36,36	
NODE_90_length_328_cov_16.717131	210	0	A	G	A	0.583333	20	22	15	15	36,36,36,32,36,36,36,32,36,32,36,36,36,36,36,36,36,36,36,36,36,14,36,36,36,32,36,36,36,36,36,36,36,14,36,36,36,36,36,32,36,32	36,36,36,36,36,36,32,36,27,14,14,36,36,14,36,36,36,36,36,32,36,32,36,36,32,21,36,36,36,32	
NODE_90_length_328_cov_16.717131	213	0	G	A	G	0.583333	20	22	15	15	36,36,36,27,36,36,36,14,36,36,36,36,36,32,36,14,36,14,36,36,36,36,36,36,36,36,36,36,36,14,36,36,36,36,36,27,36,36,36,36,36,32	36,36,27,36,36,36,36,36,36,32,36,32,36,36,36,36,32,36,36,36,36,36,36,36,32,36,36,32,36,36	
NODE_90_length_328_cov_16.717131	225	0	T	C	T	0.565217	17	22	18	12	36,36,27,36,36,36,27,32,36,21,36,36,36,36,36,32,36,36,27,36,36,36,14,36,21,36,36,32,36,36,36,36,36,32,36,36,36,36,14	36,36,36,36,14,36,32,27,36,36,36,36,36,36,36,36,36,36,36,14,36,36,36,32,36,36,14,36,14,36	
NODE_90_length_328_cov_16.717131	229	0	T	G	T	0.552239	16	21	18	12	36,14,36,36,32,36,36,36,36,36,36,36,36,36,36,36,36,36,36,36,27,36,32,36,36,32,36,36,36,36,14,36,36,36,36,36,36	21,36,36,36,36,36,14,32,36,36,36,32,32,36,36,36,36,36,36,32,36,14,21,36,36,32,36,36,36,36	
NODE_90_length_328_cov_16.717131	240	0	G	A	G	0.538462	14	21	16	14	36,36,36,32,36,32,27,32,32,36,36,36,27,36,36,36,36,14,27,32,36,32,36,36,14,36,36,36,36,36,36,36,36,32,36	32,36,36,36,36,36,36,27,36,21,36,36,36,36,36,27,36,36,36,36,36,36,32,32,36,36,36,36,27,36	
NODE_90_length_328_cov_16.717131	249	0	A	T	A	0.520833	11	14	14	9	36,36,32,36,32,36,36,36,36,32,32,36,36,36,36,36,32,36,36,36,36,36,36,32,36	36,36,32,36,27,14,36,36,36,36,36,36,14,36,36,36,36,32,32,14,36,36,36	
NODE_91_length_323_cov_27.463415	138	0	C	T	C	0.563636	14	17	11	13	36,36,32,36,36,36,14,32,36,36,27,14,36,36,14,32,14,36,14,21,32,36,14,36,14,36,14,14,36,32,32	27,36,36,27,36,36,36,32,36,36,14,36,36,36,36,36,32,36,36,36,32,27,14,36	
NODE_91_length_323_cov_27.463415	167	0	A	G	A	0.576271	22	12	11	14	32,36,36,36,36,36,36,32,36,36,32,36,36,36,36,36,32,32,36,36,36,36,36,36,36,36,36,36,36,36,36,36,36,14	27,36,36,36,36,14,32,36,36,14,36,32,36,36,36,36,36,36,27,36,36,36,21,14,36	
NODE_91_length_323_cov_27.463415	174	0	C	T	C	0.54386	20	11	10	16	36,36,36,32,32,32,32,32,36,32,36,36,36,36,36,36,32,32,36,36,36,36,36,36,14,36,36,36,36,36,14	36,36,36,36,14,36,36,36,32,32,36,36,36,32,36,32,36,32,36,36,36,36,27,36,36,32	
NODE_91_length_323_cov_27.463415	179	0	A	G	A	0.57377	22	13	10	16	36,36,32,36,36,36,27,36,36,32,36,36,36,32,36,36,36,36,36,36,36,36,36,36,36,36,36,36,36,36,21,36,36,27,27	32,32,36,36,36,36,36,36,36,36,36,32,32,36,36,36,36,14,36,36,32,36,36,36,36,36	
NODE_91_length_323_cov_27.463415	201	0	T	C	T	0.508475	16	14	13	16	36,36,32,36,36,36,14,36,32,36,36,36,36,36,27,36,36,36,36,36,32,36,27,36,32,32,36,36,36,36	36,32,32,36,14,21,36,32,36,14,36,32,32,36,36,36,36,14,32,36,36,36,36,27,36,36,32,36,32	
NODE_91_length_323_cov_27.463415	224	0	C	C	T	0.528302	13	15	13	12	36,27,36,36,36,32,36,36,36,14,32,36,36,27,36,14,36,36,32,36,32,36,32,36,32,32,36,36	36,36,36,36,36,36,36,36,36,32,36,32,36,36,36,36,32,32,36,36,36,36,36,36,14	
NODE_92_length_316_cov_22.393305	117	0	A	A	.	0.806452	14	11	2	4	32,36,32,36,36,32,36,14,36,36,36,36,32,36,27,14,36,14,36,36,36,36,36,36,32	36,36,36,36,36,36	
NODE_92_length_316_cov_22.393305	145	0	C	C	T	0.575758	11	8	4	10	27,36,36,27,36,36,36,36,36,32,36,36,36,32,32,36,36,36,36	36,36,14,27,36,36,32,14,36,27,36,36,32,36	
NODE_92_length_316_cov_22.393305	146	0	A	A	G	0.575758	11	8	4	10	27,36,36,32,36,36,32,36,36,36,36,36,36,36,36,36,32,21,32	36,27,36,32,36,36,36,32,36,32,36,36,32,36	
NODE_92_length_316_cov_22.393305	161	0	T	T	.	0.575758	10	9	4	10	27,36,36,32,36,32,36,32,36,36,36,32,32,36,32,36,36,36,14	36,36,36,36,36,36,36,36,36,36,36,36,32,36	
NODE_92_length_316_cov_22.393305	184	1	.	.	A	0.586207	8	9	3	9	36,36,36,36,36,36,36,36,36,36,14,32,36,36,36,36,36	36,32,36,36,36,32,36,36,36,36,36,36	
NODE_92_length_316_cov_22.393305	187	0	T	T	A	0.6	8	10	3	9	36,36,36,36,36,36,36,27,14,36,36,36,36,36,36,32,36,32	36,36,36,36,36,32,36,32,36,36,14,32	
NODE_92_length_316_cov_22.393305	200	1	.	.	A	0.633333	10	9	2	9	36,36,36,36,14,32,36,32,36,36,14,36,14,36,36,36,36,14,36	36,36,36,27,36,36,36,21,36,27,36	
NODE_92_length_316_cov_22.393305	208	0	A	A	G	0.645161	11	9	3	8	32,36,36,14,36,36,36,32,36,36,36,36,36,36,32,36,36,27,36,32	36,36,14,36,36,36,36,36,36,36,36	
NODE_92_length_316_cov_22.393305	293	0	G	A	G	0.653846	15	19	7	11	36,14,36,36,27,36,36,36,36,36,36,32,36,36,36,14,14,36,36,32,36,36,32,36,36,36,36,36,36,36,36,27,32,36	36,36,36,27,36,36,36,36,36,36,36,36,36,36,36,36,36,36	
NODE_93_length_290_cov_6.145540	78	0	A	A	G	0.606061	11	9	7	6	36,36,36,32,14,36,36,36,32,36,36,36,32,36,36,36,36,36,32,36	36,32,36,36,36,36,36,36,36,36,27,32,32	
NODE_93_length_290_cov_6.145540	91	0	A	A	G	0.636364	12	9	6	6	36,36,36,36,14,36,36,36,36,36,36,36,36,36,36,14,32,36,21,36,36	36,36,36,36,14,32,36,21,27,36,36,14	
NODE_93_length_290_cov_6.145540	123	0	C	T	C	0.542857	12	7	9	7	36,36,27,36,36,36,36,14,14,14,36,32,36,36,36,36,36,36,36	32,36,36,32,32,36,36,36,36,32,36,32,14,14,14,27	
NODE_93_length_290_cov_6.145540	176	0	T	C	T	0.594595	13	9	9	6	27,27,32,32,14,36,36,36,36,36,32,36,36,36,36,36,36,36,36,36,27,36	27,32,32,32,32,14,36,36,32,32,36,36,14,36,21	
NODE_93_length_290_cov_6.145540	228	0	T	T	C	0.681818	14	16	9	5	36,36,32,21,36,14,36,36,36,36,27,36,14,36,32,36,36,14,36,36,32,36,36,36,36,32,36,32,36,36	36,32,36,36,36,36,36,36,36,36,36,36,36,14	
NODE_94_length_284_cov_26.502415	48	0	G	G	A	0.833333	19	21	7	1	32,36,36,32,36,36,36,36,36,21,36,32,36,36,36,32,32,36,36,14,36,36,36,36,36,36,36,32,27,32,32,32,32,32,32,36,32,36,36,32	36,36,14,14,36,27,36,36	
NODE_94_length_284_cov_26.502415	54	0	A	A	G	0.824561	21	26	6	4	36,36,36,32,36,14,36,32,36,36,36,36,36,36,36,36,36,36,36,36,36,36,36,32,36,14,36,36,32,36,36,36,36,32,36,36,36,36,36,36,32,36,36,32,36,36,27	32,36,36,36,32,36,36,32,27,36	
NODE_94_length_284_cov_26.502415	153	0	T	T	A	0.694444	34	16	16	6	36,32,36,32,36,36,32,32,32,36,36,32,27,36,14,36,36,36,27,36,36,36,36,36,36,36,36,36,36,14,36,36,36,36,36,14,36,36,36,36,36,32,36,36,36,32,32,32,32,36	36,32,36,36,32,32,32,32,36,32,32,36,32,36,36,36,36,36,36,36,36,36	
NODE_94_length_284_cov_26.502415	159	0	A	A	G	0.741935	34	12	14	2	36,32,36,36,36,32,32,32,36,36,36,36,36,36,36,36,32,36,36,32,32,36,36,21,36,36,36,36,36,36,36,36,36,36,36,36,36,36,36,36,36,32,14,36,36,32	36,32,27,36,32,14,27,27,36,36,36,14,36,36,27,36	
NODE_94_length_284_cov_26.502415	165	0	G	G	A	0.75	34	11	13	2	36,32,32,36,36,36,32,32,32,32,36,36,36,32,36,27,36,36,36,36,36,32,36,36,36,32,36,36,36,36,36,36,14,36,36,36,36,36,14,36,36,36,27,36,27	27,14,36,32,14,14,32,27,14,32,32,36,14,36,36	
NODE_94_length_284_cov_26.502415	273	0	A	A	G	0.636364	11	3	7	1	27,32,27,32,36,27,14,36,14,36,14,14,36,36	32,27,32,36,32,36,32,14	
NODE_97_length_254_cov_13.796610	78	0	T	C	T	0.605263	5	18	6	9	36,36,36,36,36,36,36,36,36,32,36,36,32,32,32,36,36,36,36,36,32,36,27	14,14,36,36,36,27,36,36,14,36,36,14,36,36,36	
NODE_97_length_254_cov_13.796610	93	0	A	A	C	0.854839	19	34	2	7	36,32,36,36,36,36,36,36,36,36,36,36,32,36,32,36,32,36,36,36,36,36,36,36,36,36,36,36,36,36,32,27,36,36,36,21,36,14,36,36,36,36,36,36,14,36,36,27,36,36,36,36,36	14,36,32,36,36,36,14,36,36	
NODE_97_length_254_cov_13.796610	116	0	C	C	T	0.866667	19	33	1	7	36,32,32,36,36,32,36,36,36,14,36,36,32,36,36,36,36,36,36,36,36,32,32,27,36,36,36,36,36,36,36,36,36,32,36,27,14,32,36,36,36,36,36,36,36,14,36,36,36,36,36,32	27,32,14,36,36,32,36,32	
NODE_97_length_254_cov_13.796610	126	0	T	T	C	0.766667	18	28	2	12	36,36,14,36,36,36,36,36,36,36,32,36,36,36,36,36,32,32,36,36,36,36,36,36,36,36,36,36,36,36,36,36,36,36,14,36,36,36,14,14,36,36,36,36,14,32	32,36,36,36,36,36,36,36,36,36,32,36,32,32	
NODE_97_length_254_cov_13.796610	177	0	A	A	G	0.686275	18	17	6	10	36,36,36,36,36,36,14,36,36,14,36,36,14,36,36,36,36,36,36,36,36,32,32,36,36,36,36,14,36,32,36,32,36,36,14	36,36,36,36,36,36,36,36,36,14,36,32,36,32,27,36	
NODE_9_length_87320_cov_9.113362	84231	0	A	A	G	0.774194	14	10	5	2	36,36,14,36,36,14,32,36,27,36,32,32,36,14,36,36,32,36,36,36,36,27,36,32	32,14,36,36,36,36,36	
NODE_9_length_87320_cov_9.113362	84245	0	C	C	A	0.8	16	12	6	1	36,36,36,36,36,32,36,27,32,32,32,27,32,36,36,32,36,36,36,32,36,36,27,36,36,36,36,32	27,36,36,32,36,32,32	
NODE_9_length_87320_cov_9.113362	84329	0	G	G	A	0.65	10	3	2	5	36,32,14,32,36,36,36,36,36,36,36,36,36	21,14,36,32,36,36,36	
NODE_9_length_87320_cov_9.113362	84445	0	G	G	T	0.631579	4	8	2	5	32,32,36,36,32,36,32,36,36,32,36,36	32,36,14,36,32,36,36	
NODE_9_length_87320_cov_9.113362	84462	0	A	A	G	0.592593	8	8	4	7	27,36,36,36,36,14,14,14,36,36,14,36,32,27,32,36	32,36,36,27,36,36,32,36,14,14,36	
NODE_9_length_87320_cov_9.113362	84527	0	C	C	A	0.767857	23	20	4	9	36,36,32,32,32,36,36,36,36,32,36,36,32,36,36,32,32,36,36,36,36,36,14,36,14,36,32,32,36,36,36,36,36,36,32,14,32,32,32,32,32,32,32	36,36,32,36,36,32,36,36,36,27,36,36,32	
NODE_9_length_87320_cov_9.113362	84532	0	C	C	A	0.769231	23	17	4	8	27,32,36,36,36,14,36,36,32,36,32,36,36,32,36,32,36,36,36,32,32,36,36,36,36,36,36,36,36,36,36,36,36,14,36,36,36,36,32,14	36,14,36,14,36,14,36,36,27,36,36,32	
NODE_9_length_87320_cov_9.113362	84535	0	C	C	T	0.784314	23	17	4	7	36,32,32,36,36,32,36,36,36,32,36,14,32,36,36,36,36,36,36,36,36,36,36,32,36,36,36,36,36,32,32,36,36,36,36,36,36,36,36,32	36,36,36,36,27,36,36,32,36,32,14	
NODE_9_length_87320_cov_9.113362	84560	0	G	G	A	0.796296	25	18	5	6	36,27,32,36,36,27,36,32,36,14,36,36,36,36,36,36,36,32,36,36,36,36,36,36,27,36,36,36,21,36,36,36,36,32,32,27,36,36,36,36,36,36,36	36,36,36,32,36,14,27,36,14,14,36	
