unique_top_cov	unique_bot_cov	redundant_top_cov	redundant_bot_cov	raw_redundant_top_cov	raw_redundant_bot_cov	e_value	position
8	11	0	0	0	0	55.8955	1
8	11	0	0	0	0	61.2251	2
7	10	0	0	0	0	48.2573	3
7	10	0	0	0	0	50.0565	4
7	10	0	0	0	0	55.279	5
7	10	0	0	0	0	57.6155	6
7	10	0	0	0	0	58.0763	7
7	10	0	0	0	0	51.4036	8
7	10	0	0	0	0	53.8925	9
7	10	0	0	0	0	48.7071	10
17	16	0	0	0	0	110.358	11
17	17	0.333333	0.333333	1	1	114.651	12
17	17	0.333333	0.333333	1	1	121.856	13
17	17	0.333333	0.333333	1	1	119.272	14
16	17	0.333333	0.333333	1	1	114.498	15
16	17	0.333333	0.333333	1	1	105.758	16
16	17	0.333333	0.333333	1	1	117.241	17
16	18	0.333333	0.333333	1	1	119.161	18
16	18	0.333333	0.333333	1	1	110.83	19
17	19	0.333333	0.666667	1	2	107.308	20
17	19	0.333333	0.666667	1	2	114.287	21
17	17	0.333333	0.666667	1	2	120.388	22
17	17	0.333333	1	1	3	122.872	23
17	17	0.333333	1	1	3	115.738	24
17	17	0.333333	1	1	3	107.554	25
17	17	0.333333	1	1	3	120.394	26
17	18	0.333333	1	1	3	126.016	27
17	17	0.333333	1	1	3	117.242	28
17	17	0.333333	1	1	3	117.882	29
17	17	0.333333	1	1	3	114.442	30
17	16	0.333333	1	1	3	113.942	31
17	16	0.333333	1	1	3	118.211	32
18	16	0.333333	1	1	3	109.698	33
18	16	0.333333	1	1	3	117.48	34
18	16	0.333333	1	1	3	115.948	35
18	16	0.333333	1	1	3	125.535	36
18	17	0.333333	1	1	3	122.663	37
18	17	0.333333	1	1	3	108.575	38
18	17	0.333333	1	1	3	124.267	39
18	17	0.333333	1	1	3	128.397	40
18	17	0.333333	1	1	3	110.864	41
18	18	0.333333	1	1	3	124.71	42
18	18	0.333333	1	1	3	110.7	43
19	18	0.333333	1	1	3	114.623	44
19	18	0.333333	1	1	3	129.757	45
20	18	0.333333	1	1	3	129.609	46
20	18	0.333333	1	1	3	126.275	47
20	18	0.333333	0.666667	1	2	131.551	48
19	18	0.333333	0.666667	1	2	126.015	49
19	18	0.333333	0.666667	1	2	135.4	50
20	18	0.333333	0.666667	1	2	107.083	51
20	18	0.333333	0.666667	1	2	111.21	52
20	17	0.333333	0.666667	1	2	138.879	53
20	17	0.333333	0.666667	1	2	114.204	54
20	17	0.333333	0.666667	1	2	138.132	55
20	17	0.333333	0.666667	1	2	124.282	56
20	17	0.333333	0.666667	1	2	125.377	57
20	17	0.333333	0.666667	1	2	106.463	58
20	17	0.333333	0.666667	1	2	131.521	59
20	17	0.333333	0.666667	1	2	120.287	60
20	16	0.333333	0.666667	1	2	115.2	61
20	16	0.333333	0.666667	1	2	132.776	62
20	16	0.333333	0.666667	1	2	123.277	63
20	16	0.333333	0.333333	1	1	123.338	64
20	16	0.333333	0.333333	1	1	103.511	65
20	16	0.333333	0.333333	1	1	106.351	66
20	15	0.333333	0.333333	1	1	105.469	67
20	15	0.333333	0.333333	1	1	106.204	68
19	15	0.333333	0	1	0	102.938	69
19	15	0.333333	0	1	0	92.4332	70
18	13	0	0	0	0	109.558	71
18	13	0	0	0	0	98.6493	72
18	13	0	0	0	0	91.9094	73
18	12	0	0	0	0	111.119	74
18	12	0	0	0	0	83.8965	75
18	12	0	0	0	0	81.9297	76
19	14	0	0	0	0	98.5016	77
19	14	0	0	0	0	109.06	78
19	14	0	0	0	0	108.659	79
18	14	0	0	0	0	105.692	80
18	14	0	0	0	0	106.44	81
18	13	0	0	0	0	101.443	82
18	13	0	0	0	0	105.123	83
18	13	0	0	0	0	109.235	84
18	13	0	0	0	0	108.178	85
18	13	0	0	0	0	101.472	86
18	13	0	0	0	0	97.7305	87
18	12	0	0	0	0	110.875	88
18	12	0.333333	0	1	0	109.18	89
18	12	0.333333	0	1	0	101.893	90
18	12	0.333333	0	1	0	95.7219	91
18	12	0.333333	0	1	0	98.5242	92
18	12	0.333333	0	1	0	105.238	93
18	11	0.333333	0	1	0	99.2024	94
18	11	0.333333	0	1	0	86.7046	95
16	11	0.333333	0	1	0	91.6102	96
16	11	0.333333	0.666667	1	2	100.662	97
16	11	0.333333	0.666667	1	2	89.0203	98
16	11	0.333333	0.666667	1	2	87.2869	99
16	11	0.333333	0.666667	1	2	90.6319	100
16	10	0.333333	1	1	3	80.7251	101
16	9	0.333333	1	1	3	80.9311	102
16	9	0.333333	1.66667	1	5	82.8265	103
15	9	0.333333	1.66667	1	5	77.3647	104
15	9	0.333333	2	1	6	82.9419	105
15	9	0.333333	2	1	6	75.6232	106
15	9	0.333333	2	1	6	76.1523	107
15	9	0.333333	2	1	6	77.2604	108
15	9	0.333333	2	1	6	74.6849	109
15	9	0.333333	2	1	6	74.976	110
15	9	0.333333	2	1	6	59.8456	111
10	9	0.333333	2	1	6	56.4817	112
9	8	0.333333	2	1	6	57.3741	113
9	8	0.333333	2	1	6	52.3582	114
9	8	0.333333	2	1	6	56.9268	115
9	8	0.333333	2	1	6	57.1491	116
9	8	0.333333	2	1	6	55.4677	117
9	8	0.333333	2	1	6	55.1377	118
9	8	0.333333	2.33333	1	7	59.6732	119
9	8	0.333333	2.33333	1	7	57.8697	120
9	8	0.333333	2.33333	1	7	42.3316	121
9	8	0.333333	2.33333	1	7	57.8697	122
9	8	0.333333	2.33333	1	7	56.7294	123
9	8	0.333333	2.33333	1	7	41.1568	124
9	8	0.333333	2.33333	1	7	45.8938	125
9	8	0.333333	2.33333	1	7	48.6571	126
9	8	0.333333	2.33333	1	7	36.6523	127
9	8	0.333333	2.33333	1	7	35.0271	128
5	7	0	2.33333	0	7	29.4344	129
5	7	0	2.33333	0	7	32.9075	130
5	7	0	2.33333	0	7	39.3656	131
5	7	0	2.33333	0	7	36.7173	132
5	7	0	2.33333	0	7	36.0629	133
5	7	0	2.33333	0	7	32.2821	134
5	7	0	2.33333	0	7	34.6485	135
5	7	0	2.33333	0	7	30.2139	136
5	7	0	2.33333	0	7	36.2463	137
5	7	0	2.33333	0	7	33.055	138
5	7	0	2	0	6	26.0818	139
4	6	0	2	0	6	25.1707	140
4	6	0	2	0	6	23.2695	141
4	6	0	2	0	6	18.8763	142
3	5	0	2	0	6	21.9357	143
3	5	0	2	0	6	19.5375	144
3	5	0	1.66667	0	5	22.127	145
3	5	0	1.66667	0	5	21.3891	146
3	5	0	1.66667	0	5	15.7738	147
3	4	0	1	0	3	14.1065	148
3	4	0	1	0	3	11.6617	149
3	3	0	1	0	3	14.9382	150
3	3	0	1	0	3	13.4752	151
3	3	0	1	0	3	6.77621	152
2	3	0	1	0	3	9.63645	153
2	3	0	1	0	3	11.2639	154
2	3	0	0.666667	0	2	9.11621	155
2	3	0	0.666667	0	2	8.92779	156
2	3	0	0.666667	0	2	9.44904	157
2	3	0	0.666667	0	2	5.45652	158
2	3	0	0.666667	0	2	7.41397	159
2	3	0	0.333333	0	1	5.32866	160
2	3	0	0.333333	0	1	4.94627	161
1	3	0	0.333333	0	1	-0.315822	162
1	1	0	0.333333	0	1	nan	163
