unique_top_cov	unique_bot_cov	redundant_top_cov	redundant_bot_cov	raw_redundant_top_cov	raw_redundant_bot_cov	e_value	position
9	1	0	0	0	0	nan	1
10	1	0	0	0	0	nan	2
10	1	0	0	0	0	nan	3
10	1	0	0	0	0	nan	4
10	1	0	0	0	0	nan	5
10	1	0	0	0	0	30.7104	6
10	1	0	0	0	0	32.5286	7
12	1	0	0	0	0	32.5464	8
12	1	0	0	0	0	34.2552	9
13	1	0	0	0	0	41.2343	10
14	1	0	0	0	0	40.4541	11
14	1	0	0	0	0	44.0981	12
14	1	0	0	0	0	42.4422	13
14	1	0	0	0	0	39.9625	14
14	1	0	0	0	0	42.9335	15
14	3	0	0	0	0	49.9208	16
14	3	0	0	0	0	56.6268	17
14	3	0	0	0	0	55.578	18
14	3	0	0	0	0	52.4136	19
14	3	0	0	0	0	50.1308	20
15	3	0	0	0	0	38.6473	21
15	3	0	0	0	0	52.9359	22
15	3	0.333333	0	1	0	50.6026	23
15	3	0.333333	0	1	0	62.541	24
15	3	0.333333	0	1	0	53.8005	25
16	4	0.333333	0	1	0	56.0739	26
16	4	0.333333	0	1	0	51.2492	27
17	5	0.333333	0	1	0	59.6909	28
17	5	0.333333	0	1	0	69.6466	29
17	5	0.333333	0	1	0	68.3108	30
18	6	0.333333	0	1	0	66.0484	31
19	7	0.333333	0	1	0	76.6787	32
19	8	0.333333	0	1	0	76.0315	33
19	8	0.333333	0	1	0	69.1169	34
19	8	0.333333	0	1	0	73.717	35
19	8	0.333333	0	1	0	72.9047	36
19	8	0.333333	0	1	0	74.8409	37
19	8	0.333333	0	1	0	89.124	38
21	9	0.333333	0	1	0	93.336	39
23	9	0.333333	0	1	0	100.691	40
24	9	0.333333	0	1	0	99.708	41
24	9	0.333333	0	1	0	101.786	42
24	10	0.333333	0	1	0	106.946	43
24	10	0.333333	0	1	0	111.258	44
24	10	0.333333	0	1	0	117.769	45
24	10	0.333333	0	1	0	113.682	46
24	10	0.333333	0	1	0	110.53	47
24	10	0.333333	0	1	0	111.1	48
24	10	0.333333	0	1	0	114.785	49
24	10	0.333333	0	1	0	121.634	50
24	10	0.333333	0	1	0	127.501	51
25	10	0.333333	0	1	0	117.981	52
25	11	0.333333	0	1	0	112.002	53
25	11	0.333333	0	1	0	115.368	54
25	11	0.333333	0	1	0	121.413	55
25	11	0.333333	0	1	0	117.88	56
25	11	0.333333	0	1	0	120.9	57
25	11	0.333333	0	1	0	124.985	58
25	11	0.333333	0	1	0	126.743	59
25	11	0.333333	0	1	0	112.576	60
27	12	0	0	0	0	136.1	61
28	12	0	0	0	0	130.462	62
28	12	0	0	0	0	135.091	63
29	12	0	0	0	0	134.897	64
29	12	0	0	0	0	153.442	65
29	14	0	0	0	0	118.814	66
31	14	0	0	0	0	154.028	67
31	14	0	0	0	0	148.985	68
31	14	0	0	0	0	155.216	69
31	14	0	0	0	0	162.806	70
31	14	0	0	0	0	160.517	71
32	15	0	0	0	0	155.216	72
32	15	0	0	0	0	153.144	73
32	15	0	0	0	0	164.751	74
32	15	0	0	0	0	153.293	75
32	16	0	0	0	0	158.32	76
32	16	0	0	0	0	144.498	77
33	16	0	0	0	0	175.51	78
34	15	0	0	0	0	148.947	79
34	16	0	0	0	0	176.064	80
34	16	0	0	0	0	167.805	81
34	18	0	0	0	0	174.977	82
34	18	0	0	0	0	156.742	83
36	18	0	0	0	0	177.894	84
37	18	0	0	0	0	180.732	85
37	18	0	0	0	0	196.507	86
37	18	0	0	0	0	191.625	87
37	18	0	0	0	0	180.115	88
37	18	0	0	0	0	198.983	89
37	18	0	0	0	0	199.418	90
37	18	0	0	0	0	189.743	91
38	18	0	0	0	0	204.587	92
39	19	0	0	0	0	173.748	93
39	19	0	0	0	0	200.464	94
39	19	0	0	0	0	198.309	95
39	19	0	0	0	0	184.01	96
39	19	0	0	0	0	200.837	97
39	19	0	0	0	0	205.949	98
39	18	0	0	0	0	196.108	99
39	18	0	0	0	0	192.253	100
40	18	0	0	0	0	220.118	101
40	18	0	0	0	0	188.483	102
40	19	0	0	0	0	204.082	103
40	19	0	0	0	0	198.466	104
41	19	0	0	0	0	227.377	105
41	19	0	0	0	0	207.516	106
44	19	0	0	0	0	215.723	107
44	19	0	0	0	0	209.675	108
45	19	0	0	0	0	216.788	109
45	19	0	0	0	0	226.88	110
45	19	0	0	0	0	223.539	111
45	19	0	0	0	0	223.761	112
45	19	0	0	0	0	230.152	113
45	19	0	0	0	0	233.113	114
45	19	0	0	0	0	230.932	115
45	19	0	0	0	0	228.297	116
46	19	0	0	0	0	215.658	117
46	19	0	0	0	0	233.166	118
46	19	0	0	0	0	238.25	119
46	19	0	0	0	0	217.986	120
46	19	0	0	0	0	245.83	121
46	19	0	0	0	0	219.855	122
46	18	0	0	0	0	236.551	123
45	18	0	0	0	0	215.956	124
45	17	0	0	0	0	230.823	125
45	17	0	0	0	0	237.348	126
45	17	0	0	0	0	202.427	127
45	17	0	0	0	0	209.922	128
46	17	0	0	0	0	219.284	129
45	17	0	0	0	0	223.534	130
45	19	0	0	0	0	221.299	131
45	19	0	0	0	0	225.873	132
45	19	0	0	0	0	229.495	133
45	20	0	0	0	0	238.567	134
46	20	0	0	0	0	223.896	135
48	20	0	0	0	0	233.503	136
48	20	0	0	0	0	235.851	137
48	20	0	0	0	0	237.639	138
49	22	0	0	0	0	237.167	139
42	22	0	0	0	0	224.819	140
42	25	0	0	0	0	228.1	141
41	25	0	0	0	0	201.31	142
41	25	0	0	0	0	232.364	143
41	25	0	0	0	0	211.801	144
40	26	0	0	0	0	219.918	145
40	26	0	0	0	0	227.056	146
40	26	0	0	0	0	220.261	147
38	26	0	0	0	0	219.808	148
36	26	0	0	0	0	203.182	149
31	26	0	0	0	0	189.736	150
31	27	0	0	0	0	207.865	151
31	26	0	0	0	0	187.521	152
31	26	0	0	0	0	188.942	153
30	26	0	0	0	0	194.683	154
31	26	0	0	0	0	193.037	155
32	26	0	0	0	0	193.391	156
33	26	0	0	0	0	182.782	157
33	26	0	0	0	0	209.483	158
33	26	0	0	0	0	202.72	159
30	26	0	0	0	0	190.631	160
31	26	0	0	0	0	178.981	161
31	27	0	0	0	0	206.786	162
31	27	0	0	0	0	168.804	163
32	28	0	0	0	0	194.739	164
32	28	0	0	0	0	191.315	165
29	28	0	0	0	0	203.843	166
29	28	0	0	0	0	197.302	167
29	28	0	0	0	0	191.337	168
29	28	0	0	0	0	214.688	169
29	28	0	0	0	0	212.483	170
29	28	0	0	0	0	209.691	171
29	28	0	0	0	0	166.8	172
29	28	0	0	0	0	170.475	173
29	28	0	0	0	0	185.38	174
30	27	0	0	0	0	181.377	175
30	26	0	0	0	0	185.432	176
30	26	0	0	0	0	181.935	177
30	25	0	0	0	0	180.113	178
30	25	0	0	0	0	189.199	179
29	25	0	0	0	0	194.266	180
28	25	0	0	0	0	206.296	181
28	25	0	0	0	0	176.752	182
27	25	0	0	0	0	173.702	183
27	25	0	0	0	0	180.694	184
28	25	0	0	0	0	186.125	185
27	24	0	0	0	0	165.69	186
28	26	0	0	0	0	183.319	187
28	25	0	0	0	0	165.331	188
30	24	0	0	0	0	176.075	189
30	24	0	0	0	0	184.637	190
30	24	0	0	0	0	183.256	191
30	24	0	0	0	0	194.964	192
30	23	0	0	0	0	156.062	193
30	22	0	0	0	0	196.831	194
31	22	0	0	0	0	189.638	195
31	22	0	0	0	0	179.823	196
32	20	0	0	0	0	167.845	197
32	20	0	0	0	0	164.718	198
32	20	0	0	0	0	190.638	199
32	20	0	0	0	0	190.051	200
32	21	0	0	0	0	167.058	201
32	22	0	0	0	0	186.235	202
32	21	0	0	0	0	184.221	203
32	21	0	0	0	0	193.303	204
32	21	0	0	0	0	189.48	205
32	21	0	0	0	0	171.94	206
32	21	0	0	0	0	175.158	207
32	21	0	0	0	0	187.582	208
30	21	0	0	0	0	174.746	209
30	21	0	0	0	0	168.502	210
29	21	0	0	0	0	156.548	211
30	21	0	0	0	0	191.807	212
31	21	0	0	0	0	179.952	213
31	22	0	0	0	0	183.348	214
32	22	0	0	0	0	186.282	215
32	20	0	0	0	0	189.459	216
31	20	0	0	0	0	125.713	217
31	19	0	0	0	0	162.733	218
31	19	0	0	0	0	181.898	219
31	19	0	0	0	0	174.817	220
31	19	0	0	0	0	171.268	221
29	18	0	0	0	0	167.065	222
29	18	0	0	0	0	169.747	223
29	19	0	0	0	0	165.105	224
29	20	0	0	0	0	151.78	225
30	21	0	0	0	0	178.421	226
31	21	0	0	0	0	148.607	227
30	22	0	0	0	0	170.09	228
30	22	0	0	0	0	170.289	229
31	22	0	0	0	0	176.81	230
31	22	0	0	0	0	178.759	231
31	21	0	0	0	0	167.344	232
31	21	0	0	0	0	171.322	233
28	21	0	0	0	0	165.64	234
27	21	0	0	0	0	170.759	235
26	21	0	0	0	0	130.317	236
26	21	0	0	0	0	153.478	237
26	20	0	0	0	0	163.405	238
26	20	0	0	0	0	158.512	239
26	21	0	0	0	0	168.221	240
26	21	0	0	0	0	135.685	241
26	22	0	0	0	0	138.964	242
26	20	0	0	0	0	143.776	243
24	19	0	0	0	0	145.266	244
25	19	0	0	0	0	153.593	245
25	19	0	0	0	0	152.767	246
25	19	0	0	0	0	159.829	247
25	19	0	0	0	0	153.814	248
26	19	0	0	0	0	138.787	249
26	19	0	0	0	0	164.039	250
26	19	0	0	0	0	157.818	251
27	20	0	0	0	0	163.538	252
27	20	0	0	0	0	157.3	253
28	20	0	0	0	0	162.825	254
28	20	0	0	0	0	168.402	255
28	20	0	0	0	0	160.992	256
28	20	0	0	0	0	172.278	257
28	20	0	0	0	0	152.721	258
28	20	0	0	0	0	174.65	259
28	19	0	0	0	0	155.274	260
28	18	0	0	0	0	161.23	261
30	18	0	0	0	0	160.551	262
30	18	0	0	0	0	160.223	263
30	18	0	0	0	0	166.626	264
30	17	0	0	0	0	143.362	265
30	17	0	0	0	0	154.491	266
30	17	0	0	0	0	165.352	267
29	17	0	0	0	0	153.875	268
29	17	0	0	0	0	152.94	269
29	18	0	0	0	0	158.879	270
30	18	0	0	0	0	157.279	271
30	18	0	0	0	0	158.991	272
30	17	0	0	0	0	157.714	273
30	17	0	0	0	0	159.825	274
30	17	0	0	0	0	156.495	275
29	17	0	0	0	0	155.169	276
29	17	0	0	0	0	156.15	277
29	16	0	0	0	0	157.717	278
28	19	0	0	0	0	136.103	279
27	19	0	0	0	0	155.088	280
26	19	0	0	0	0	152.633	281
25	20	0	0	0	0	124.658	282
25	20	0	0	0	0	124.201	283
25	20	0	0	0	0	134.375	284
25	19	0	0	0	0	131.666	285
22	19	0	0	0	0	130.264	286
22	19	0	0	0	0	124.971	287
21	19	0	0	0	0	116.536	288
21	19	0	0	0	0	126.727	289
21	19	0	0	0	0	137.576	290
21	19	0	0	0	0	129.397	291
21	19	0	0	0	0	129.214	292
20	19	0	0	0	0	134.112	293
21	18	0	0	0	0	142.368	294
21	18	0	0	0	0	132.461	295
21	18	0	0	0	0	136.635	296
21	18	0	0	0	0	140.41	297
22	18	0	0	0	0	120.434	298
21	19	0	0	0	0	123.739	299
21	19	0	0	0	0	141.955	300
21	20	0	0	0	0	142.452	301
21	20	0	0	0	0	136.171	302
20	20	0	0	0	0	145.037	303
20	20	0	0	0	0	129.715	304
20	20	0	0	0	0	133.32	305
20	19	0	0	0	0	127.308	306
20	18	0	0	0	0	130.868	307
20	18	0	0	0	0	139.524	308
20	18	0	0	0	0	145.382	309
20	18	0	0	0	0	129.875	310
20	18	0	0	0	0	133.55	311
20	18	0	0	0	0	125.141	312
20	18	0	0	0	0	131.136	313
20	18	0	0	0	0	131.955	314
20	18	0	0	0	0	135.999	315
20	18	0	0	0	0	128.428	316
20	18	0	0	0	0	131.352	317
20	18	0	0	0	0	138.288	318
20	17	0	0	0	0	122.636	319
20	17	0	0	0	0	124.022	320
20	17	0	0	0	0	129.479	321
20	17	0	0	0	0	132.263	322
20	17	0	0	0	0	133.739	323
20	17	0	0	0	0	132.336	324
19	17	0	0	0	0	128.389	325
19	17	0	0	0	0	126.21	326
19	16	0	0.333333	0	1	127.526	327
19	16	0	0.333333	0	1	117.295	328
18	16	0	0.333333	0	1	111.442	329
18	16	0	0.333333	0	1	119.722	330
18	15	0	0.333333	0	1	107.902	331
18	15	0	0.333333	0	1	108.387	332
18	15	0	0.333333	0	1	109.364	333
18	15	0	0.333333	0	1	94.3984	334
14	14	0	0.333333	0	1	87.0409	335
13	14	0	0.333333	0	1	76.1698	336
13	13	0	0.333333	0	1	87.1704	337
13	13	0	0.333333	0	1	91.4109	338
13	13	0	0.333333	0	1	75.3141	339
12	13	0	0.333333	0	1	76.5501	340
12	13	0	0.333333	0	1	83.0315	341
12	13	0	0.333333	0	1	74.837	342
12	12	0	0.333333	0	1	77.972	343
12	12	0	0.333333	0	1	76.4576	344
12	12	0	0.333333	0	1	64.3128	345
12	12	0	0.333333	0	1	55.9129	346
12	12	0	0.333333	0	1	60.3588	347
12	11	0	0.333333	0	1	62.7527	348
12	11	0	0.333333	0	1	65.689	349
12	11	0	0.333333	0	1	59.3847	350
12	10	0	0.333333	0	1	63.4079	351
12	8	0	0.333333	0	1	70.1998	352
12	8	0	0.333333	0	1	63.146	353
12	8	0	0.333333	0	1	63.3517	354
12	8	0	0.333333	0	1	53.4737	355
12	8	0	0.333333	0	1	56.2686	356
11	8	0	0.333333	0	1	40.9816	357
11	7	0	0.333333	0	1	44.1908	358
10	7	0	0.333333	0	1	36.4922	359
10	6	0	0.333333	0	1	41.5648	360
9	6	0	0.333333	0	1	43.9079	361
7	6	0	0.333333	0	1	34.6231	362
7	6	0	0.333333	0	1	39.2378	363
7	6	0	0	0	0	35.0229	364
7	6	0	0	0	0	45.9625	365
7	6	0	0	0	0	38.4641	366
7	5	0	0	0	0	34.4856	367
7	4	0	0	0	0	35.6977	368
7	4	0	0	0	0	35.3113	369
7	4	0	0	0	0	29.1883	370
7	4	0	0	0	0	31.721	371
7	4	0	0	0	0	35.7707	372
7	4	0	0	0	0	32.8485	373
7	4	0	0	0	0	33.1975	374
7	4	0	0	0	0	24.3551	375
7	4	0	0	0	0	35.6235	376
7	4	0	0	0	0	32.095	377
6	4	0	0	0	0	29.6013	378
6	4	0	0	0	0	31.8293	379
6	4	0	0	0	0	30.9916	380
6	4	0	0	0	0	27.4796	381
5	4	0	0	0	0	21.5577	382
5	3	0	0	0	0	22.1398	383
5	3	0	0	0	0	25.2092	384
5	3	0	0	0	0	23.9584	385
5	3	0	0	0	0	23.4138	386
5	3	0	0	0	0	22.1398	387
5	3	0	0	0	0	22.841	388
5	3	0	0	0	0	20.8807	389
5	3	0	0	0	0	24.1408	390
5	3	0	0	0	0	25.1672	391
5	3	0	0	0	0	17.5954	392
4	3	0	0	0	0	20.1492	393
4	3	0	0	0	0	20.1492	394
4	3	0	0	0	0	17.7355	395
4	3	0	0	0	0	17.5306	396
4	2	0	0	0	0	15.8339	397
4	2	0	0	0	0	nan	398
4	1	0	0	0	0	nan	399
