unique_top_cov	unique_bot_cov	redundant_top_cov	redundant_bot_cov	raw_redundant_top_cov	raw_redundant_bot_cov	e_value	position
2	0	0	0	0	0	nan	1
2	0	0	0	0	0	1.01192	2
2	0	0	0	0	0	0.0781632	3
2	0	0	0	0	0	0.595983	4
2	0	0	0	0	0	-0.402054	5
2	0	0	0	0	0	1.01192	6
2	0	0	0	0	0	1.01192	7
2	0	0	0	0	0	-0.546569	8
2	0	0	0	0	0	-1.98288	9
2	0	0	0	0	0	-1.32067	10
2	0	0	0	0	0	0.506768	11
2	0	0	0	0	0	0.251277	12
2	0	0	0	0	0	0.892608	13
2	0	0	0	0	0	0.743322	14
3	1	0	0	0	0	0.892608	15
3	1	0	0	0	0	0.892608	16
3	1	0	0	0	0	1.01192	17
3	1	0	0	0	0	3.25844	18
3	1	0	0	0	0	5.41837	19
4	1	0	0	0	0	2.49323	20
4	1	0	0	0	0	11.3681	21
6	1	0	0	0	0	9.02431	22
6	1	0	0	0	0	12.3183	23
6	2	0	0	0	0	18.0326	24
6	2	0	0	0	0	22.9823	25
6	2	0	0	0	0	24.6495	26
6	2	0	0	0	0	23.4263	27
6	2	0	0	0	0	24.4389	28
6	2	0	0	0	0	22.2924	29
6	2	0	0	0	0	20.735	30
6	2	0	0	0	0	13.5525	31
6	2	0	0	0	0	18.6638	32
6	2	0	0	0	0	24.6297	33
6	2	0	0	0	0	21.894	34
6	3	0	0	0	0	22.3368	35
6	3	0	0	0	0	27.4397	36
6	4	0	0	0	0	26.8159	37
6	4	0	0	0	0	28.7568	38
6	4	0	0	0	0	27.5739	39
6	4	0	0	0	0	20.1894	40
6	4	0	0	0	0	30.8298	41
6	4	0	0	0	0	28.1831	42
6	4	0	0	0	0	31.1145	43
6	4	0	0	0	0	31.8367	44
8	4	0	0	0	0	31.3901	45
8	4	0	0	0	0	30.0231	46
8	4	0	0	0	0	37.6659	47
8	4	0	0	0	0	36.5802	48
8	4	0	0	0	0	36.0627	49
8	4	0	0	0	0	33.4667	50
9	4	0	0	0	0	38.2757	51
9	4	0	0	0	0	29.5929	52
10	4	0	0	0	0	39.3624	53
10	4	0	0	0	0	38.2723	54
10	5	0	0	0	0	44.9326	55
10	5	0	0	0	0	46.3146	56
10	5	0	0	0	0	46.0614	57
10	5	0	0	0	0	42.3804	58
10	5	0	0	0	0	48.0177	59
10	5	0	0	0	0	51.1172	60
10	5	0	0	0	0	42.8227	61
10	5	0	0	0	0	42.2261	62
10	5	0	0	0	0	41.762	63
10	5	0	0	0	0	42.2702	64
10	5	0	0	0	0	47.9293	65
11	5	0	0	0	0	43.0679	66
11	5	0	0	0	0	50.3814	67
11	5	0	0	0	0	47.251	68
11	5	0	0	0	0	52.4433	69
11	5	0	0	0	0	52.1808	70
11	5	0	0	0	0	56.2455	71
11	5	0	0	0	0	47.1117	72
11	5	0	0	0	0	46.1262	73
12	5	0	0	0	0	50.1213	74
12	5	0	0	0	0	50.8063	75
12	5	0	0	0	0	51.6358	76
12	6	0	0	0	0	50.7037	77
12	6	0	0	0	0	52.8479	78
12	7	0	0	0	0	57.6097	79
13	7	0	0	0	0	57.9972	80
14	7	0	0	0	0	57.0338	81
14	6	0	0	0	0	59.7521	82
15	6	0	0	0	0	55.9462	83
15	7	0	0	0	0	50.4667	84
16	7	0	0	0	0	64.7801	85
16	7	0	0	0	0	48.3308	86
15	7	0	0	0	0	70.7648	87
15	8	0	0	0	0	66.7106	88
15	9	0	0	0	0	81.4903	89
15	9	0	0	0	0	75.9376	90
15	9	0	0	0	0	80.0787	91
15	9	0	0	0	0	74.5682	92
15	8	0	0	0	0	78.1155	93
15	10	0	0	0	0	81.1043	94
15	10	0	0	0	0	82.737	95
15	10	0	0	0	0	85.2163	96
15	10	0	0	0	0	84.1425	97
15	10	0	0	0	0	79.8415	98
15	10	0	0	0	0	81.6683	99
15	10	0	0	0	0	87.0245	100
15	10	0	0	0	0	90.9445	101
15	10	0	0	0	0	84.537	102
15	9	0	0	0	0	78.7691	103
15	9	0	0	0	0	74.664	104
15	9	0	0	0	0	81.2202	105
15	9	0	0	0	0	70.255	106
15	9	0	0	0	0	82.2314	107
15	9	0	0	0	0	74.9849	108
15	9	0	0	0	0	68.7815	109
15	9	0	0	0	0	76.7782	110
16	9	0	0	0	0	73.7793	111
18	10	0	0	0	0	73.0084	112
17	10	0	0	0	0	72.6456	113
16	10	0	0	0	0	78.5983	114
16	10	0	0	0	0	90.9872	115
16	10	0	0	0	0	83.3041	116
16	10	0	0	0	0	91.2548	117
16	10	0	0	0	0	73.4717	118
16	10	0	0	0	0	98.0061	119
16	10	0	0	0	0	87.3633	120
16	11	0	0	0	0	86.2522	121
16	11	0	0	0	0	97.3225	122
17	11	0	0	0	0	95.8105	123
17	11	0	0	0	0	92.0396	124
17	10	0	0	0	0	91.9806	125
16	10	0	0	0	0	89.2504	126
16	10	0	0	0	0	76.8759	127
16	9	0	0	0	0	83.1905	128
16	10	0	0	0	0	79.4452	129
16	10	0	0	0	0	91.6714	130
16	10	0	0	0	0	75.4589	131
16	10	0	0	0	0	91.0882	132
16	10	0	0	0	0	91.4737	133
16	10	0	0	0	0	92.8101	134
17	9	0	0	0	0	79.0823	135
17	9	0	0	0	0	75.289	136
17	9	0	0	0	0	87.4676	137
18	9	0	0	0	0	89.7645	138
18	9	0	0	0	0	98.2264	139
18	9	0	0	0	0	94.9963	140
18	9	0	0	0	0	94.0282	141
18	9	0	0	0	0	94.4637	142
18	9	0	0	0	0	89.3561	143
18	9	0	0	0	0	94.2316	144
20	9	0	0	0	0	96.3351	145
20	9	0	0	0	0	92.7803	146
20	9	0	0	0	0	92.3454	147
20	9	0	0	0	0	89.3381	148
20	9	0	0.5	0	1	98.4968	149
20	8	0	0.5	0	1	87.9495	150
20	8	0	0.5	0	1	97.9641	151
20	8	0.5	0.5	1	1	86.557	152
19	8	0.5	0.5	1	1	90.1613	153
19	7	0.5	0.5	1	1	89.5817	154
19	7	0.5	0.5	1	1	87.5146	155
19	7	0.5	0.5	1	1	83.972	156
19	7	0.5	0.5	1	1	80.8606	157
20	7	0.5	0.5	1	1	86.0219	158
20	7	0.5	0.5	1	1	92.8381	159
20	7	0.5	0.5	1	1	82.7793	160
20	8	0.5	0.5	1	1	100.005	161
20	8	0.5	0.5	1	1	97.3621	162
20	8	0.5	0.5	1	1	89.7688	163
21	8	0.5	0.5	1	1	89.2585	164
21	8	0.5	0.5	1	1	84.2455	165
22	9	0.5	0.5	1	1	95.4684	166
23	9	0.5	0.5	1	1	92.6218	167
24	9	0.5	0.5	1	1	90.3214	168
24	10	0.5	0.5	1	1	100.773	169
22	10	0.5	0.5	1	1	113.987	170
22	10	0.5	0.5	1	1	107.25	171
22	10	0.5	0.5	1	1	94.3203	172
21	10	0.5	0.5	1	1	108.052	173
21	10	0.5	0.5	1	1	105.932	174
21	10	0.5	0.5	1	1	103.758	175
22	10	0.5	0.5	1	1	100.533	176
22	10	0.5	0.5	1	1	102.115	177
24	10	0.5	0.5	1	1	113.762	178
25	10	0.5	0.5	1	1	115.674	179
24	9	0.5	0.5	1	1	115.325	180
24	9	0.5	0.5	1	1	108.774	181
24	9	0.5	0.5	1	1	114.436	182
24	10	0.5	0.5	1	1	109.156	183
24	10	0.5	0.5	1	1	108.393	184
25	9	0.5	0.5	1	1	125.545	185
25	9	0.5	0.5	1	1	114.693	186
25	8	0.5	0.5	1	1	114.373	187
25	8	0.5	0.5	1	1	111.252	188
25	8	0.5	0.5	1	1	120.666	189
25	8	0.5	0	1	0	114.49	190
25	9	0.5	0	1	0	113.282	191
26	9	0	0	0	0	115.294	192
26	9	0	0	0	0	117.283	193
26	9	0	0	0	0	121.505	194
26	9	0	0	0	0	104.183	195
26	9	0	0	0	0	119.676	196
26	9	0	0	0	0	107.442	197
25	9	0	0	0	0	95.3134	198
25	9	0	0	0	0	110.041	199
23	9	0	0	0	0	110.22	200
23	9	0	0	0	0	102.898	201
22	9	0	0	0	0	111.206	202
22	9	0	0	0	0	115.022	203
22	9	0	0	0	0	98.779	204
23	9	0	0	0	0	100.658	205
23	9	0	0	0	0	118.383	206
23	9	0	0	0	0	105.331	207
23	10	0	0	0	0	112.089	208
23	10	0	0	0	0	108.785	209
23	10	0	0	0	0	105.525	210
23	10	0	0	0	0	110.416	211
23	10	0	0	0	0	112.603	212
23	10	0	0	0	0	110.351	213
23	12	0	0	0	0	96.7919	214
24	12	0	0	0	0	109.659	215
21	12	0	0	0	0	85.0686	216
20	11	0	0	0	0	99.91	217
20	11	0	0	0	0	101.907	218
20	11	0	0	0	0	105.967	219
21	11	0	0	0	0	89.0202	220
21	11	0	0	0	0	93.3191	221
20	11	0	0	0	0	95.2436	222
19	12	0	0	0	0	92.6859	223
19	11	0	0	0	0	97.3885	224
19	11	0	0	0	0	92.5823	225
19	12	0	0	0	0	92.5223	226
19	11	0	0	0	0	100.379	227
19	11	0	0	0	0	86.0982	228
19	11	0	0	0	0	97.8836	229
17	11	0	0	0	0	88.4629	230
17	11	0	0	0	0	96.7223	231
17	11	0	0	0	0	85.825	232
17	11	0	0	0	0	97.7803	233
17	13	0	0	0	0	96.3559	234
18	14	0	0	0	0	97.3694	235
18	14	0	0	0	0	109.262	236
18	13	0	0	0	0	103.581	237
18	13	0	0	0	0	106.123	238
19	13	0	0	0	0	111.274	239
19	13	0	0	0	0	119.658	240
19	14	0	0	0	0	107.069	241
20	14	0	0	0	0	111.116	242
20	14	0	0	0	0	110.874	243
19	14	0	0	0	0	114.569	244
19	14	0	0	0	0	104.323	245
19	15	0	0	0	0	123.491	246
19	15	0	0	0	0	119.332	247
19	15	0	0	0	0	123.76	248
18	15	0	0	0	0	104.786	249
18	15	0	0	0	0	101.473	250
18	14	0	0	0	0	108.234	251
18	14	0	0	0	0	102.338	252
18	14	0	0	0	0	111.495	253
18	14	0	0	0	0	112.635	254
18	14	0	0	0	0	109.612	255
18	14	0	0	0	0	117.526	256
18	14	0	0	0	0	105.155	257
18	14	0	0	0	0	109.419	258
18	14	0	0	0	0	103.516	259
18	14	0	0	0	0	101.674	260
18	13	0	0	0	0	105.422	261
19	13	0	0	0	0	102.629	262
19	13	0	0	0	0	103.566	263
19	13	0	0	0	0	105.466	264
19	12	0	0	0	0	101.603	265
19	12	0	0	0	0	108.224	266
19	11	0	0	0	0	99.7223	267
19	12	0	0	0	0	108.513	268
19	12	0	0	0	0	113.723	269
19	12	0	0	0	0	99.7279	270
18	13	0	0	0	0	97.5076	271
18	13	0	0	0	0	108.227	272
17	13	0	0	0	0	99.2378	273
17	13	0	0	0	0	97.3405	274
16	13	0	0	0	0	91.7127	275
16	14	0	0	0	0	87.6465	276
16	13	0	0	0	0	91.6211	277
16	13	0	0	0	0	93.3208	278
15	11	0	0	0	0	81.3293	279
15	11	0	0	0	0	84.7726	280
15	11	0	0	0	0	90.6837	281
15	11	0	0	0	0	81.6751	282
15	10	0	0	0	0	82.045	283
15	10	0	0	0	0	87.4777	284
14	10	0	0	0	0	75.1347	285
14	10	0	0	0	0	87.2538	286
14	10	0	0	0	0	80.3466	287
14	12	0	0	0	0	85.7549	288
14	12	0	0	0	0	81.4805	289
14	13	0	0	0	0	87.1904	290
14	13	0	0	0	0	88.037	291
14	14	0	0	0	0	84.4235	292
14	14	0	0	0	0	79.8754	293
14	14	0	0	0	0	81.4143	294
13	14	0	0	0	0	84.5521	295
14	14	0	0	0	0	85.7398	296
12	14	0	0	0	0	73.2635	297
13	14	0	0	0	0	67.414	298
11	14	0	0	0	0	74.8213	299
11	14	0	0	0	0	79.9551	300
10	14	0	0	0	0	71.7067	301
10	13	0	0	0	0	70.3177	302
10	13	0	0	0	0	73.6371	303
10	13	0	0	0	0	74.3173	304
10	13	0	0	0	0	75.6038	305
10	13	0	0	0	0	72.5484	306
10	13	0	0	0	0	72.2532	307
10	13	0	0	0	0	75.1936	308
10	13	0	0	0	0	67.8518	309
10	13	0	0	0	0	65.1837	310
10	13	0	0	0	0	75.4874	311
10	13	0	0	0	0	74.5233	312
10	13	0	0	0	0	71.4712	313
10	13	0	0	0	0	68.5834	314
10	13	0	0	0	0	72.4742	315
10	13	0	0	0	0	68.3124	316
10	13	0	0	0	0	58.0442	317
10	12	0	0	0	0	64.2272	318
10	12	0	0	0	0	60.5388	319
10	12	0	0	0	0	68.8356	320
10	12	0	0	0	0	64.3611	321
10	12	0	0	0	0	64.9755	322
10	12	0	0	0	0	64.7847	323
10	11	0	0	0	0	65.0318	324
10	11	0	0	0	0	63.3661	325
10	11	0	0	0	0	60.7541	326
10	11	0	0	0	0	63.4443	327
9	11	0	0	0	0	56.7874	328
9	11	0	0	0	0	59.3759	329
9	10	0	0	0	0	56.3038	330
9	10	0	0	0	0	61.4274	331
9	10	0	0	0	0	62.238	332
9	10	0	0	0	0	58.3939	333
9	10	0	0	0	0	59.5307	334
9	10	0	0	0	0	53.5443	335
9	10	0	0	0	0	51.9335	336
9	9	0	0	0	0	47.0436	337
7	9	0	0	0	0	47.4006	338
7	9	0	0	0	0	47.9111	339
7	9	0	0	0	0	39.2493	340
7	8	0	0	0	0	34.7851	341
6	8	0	0	0	0	40.7584	342
6	8	0	0	0	0	32.9548	343
6	8	0	0	0	0	43.1525	344
6	8	0	0	0	0	30.6979	345
6	8	0	0	0	0	40.1399	346
6	8	0	0	0	0	39.1122	347
6	8	0	0	0	0	40.9517	348
6	8	0	0	0	0	39.1133	349
6	8	0	0	0	0	41.2335	350
6	8	0	0	0	0	38.8092	351
6	8	0	0	0	0	36.0746	352
6	8	0	0	0	0	40.5197	353
6	8	0	0	0	0	40.8412	354
6	8	0	0	0	0	37.1495	355
6	8	0	0	0	0	27.5301	356
5	8	0	0	0	0	28.7522	357
5	6	0	0	0	0	27.5067	358
5	6	0	0	0	0	29.5665	359
5	6	0	0	0	0	29.0683	360
5	6	0	0	0	0	27.8499	361
5	6	0	0	0	0	19.7655	362
5	6	0	0	0	0	27.1162	363
5	6	0	0	0	0	22.38	364
5	6	0	0	0	0	20.3088	365
3	6	0	0	0	0	19.2921	366
3	6	0	0	0	0	23.5836	367
3	6	0	0	0	0	22.7622	368
3	6	0	0	0	0	22.3473	369
3	6	0	0	0	0	22.0217	370
3	6	0	0	0	0	20.7532	371
3	6	0	0	0	0	22.3294	372
3	6	0	0	0	0	21.759	373
3	6	0	0	0	0	19.1792	374
3	6	0	0	0	0	19.5311	375
3	6	0	0	0	0	12.2282	376
3	6	0	0	0	0	14.4143	377
3	6	0	0	0	0	7.48168	378
3	6	0	0	0	0	7.35893	379
1	6	0	0	0	0	4.05725	380
1	6	0	0	0	0	3.77313	381
0	6	0	0	0	0	3.68882	382
0	6	0	0	0	0	3.48963	383
0	5	0	0	0	0	3.37512	384
0	5	0	0	0	0	3.61966	385
0	4	0	0	0	0	1.51831	386
0	4	0	0	0	0	3.44343	387
0	4	0	0	0	0	3.27178	388
0	4	0	0	0	0	3.68882	389
0	4	0	0	0	0	2.86296	390
0	4	0	0	0	0	3.301	391
0	4	0	0	0	0	3.24342	392
0	4	0	0	0	0	3.76076	393
0	4	0	0	0	0	4.03789	394
0	4	0	0	0	0	3.08973	395
0	4	0	0	0	0	2.86247	396
0	4	0	0	0	0	0.578356	397
0	4	0	0	0	0	nan	398
