unique_top_cov	unique_bot_cov	redundant_top_cov	redundant_bot_cov	raw_redundant_top_cov	raw_redundant_bot_cov	e_value	position
2	1	0	0	0	0	nan	1
2	3	0	0	0	0	4.13112	2
3	3	0.333333	0	1	0	1.50413	3
4	3	0.333333	0	1	0	10.2715	4
4	3	0.333333	0	1	0	18.0319	5
5	3	0.333333	0	1	0	19.6164	6
6	3	0.333333	0	1	0	17.1523	7
6	4	0.333333	0	1	0	20.2823	8
6	4	0.333333	0	1	0	20.6686	9
7	5	0.333333	0	1	0	23.9799	10
7	5	0.333333	0	1	0	20.867	11
7	6	0.333333	0	1	0	17.4777	12
7	6	0.333333	0	1	0	22.4853	13
7	6	0.333333	0	1	0	17.6727	14
7	6	0.333333	0	1	0	24.1408	15
7	6	0.333333	0	1	0	25.4048	16
7	6	0.333333	0	1	0	23.025	17
7	6	0.333333	0	1	0	24.1375	18
7	6	0.333333	0	1	0	43.0343	19
7	6	0.333333	0	1	0	41.7798	20
7	7	0.666667	0	2	0	37.2318	21
8	7	0.666667	0	2	0	47.9259	22
8	7	0.666667	0	2	0	45.7172	23
9	7	0.666667	0	2	0	47.2039	24
9	7	0.666667	0	2	0	44.4607	25
9	7	0.666667	0	2	0	43.5123	26
10	7	0.666667	0	2	0	51.6776	27
11	7	0.666667	0	2	0	55.6736	28
13	7	0.666667	0	2	0	60.3991	29
13	7	0.666667	0	2	0	56.7701	30
13	7	0.666667	0	2	0	65.356	31
14	7	0.666667	0	2	0	67.578	32
14	7	0.666667	0	2	0	71.0933	33
14	7	0.666667	0	2	0	73.1273	34
14	7	0.666667	0	2	0	69.4343	35
14	7	0.666667	0	2	0	66.1405	36
14	8	0.666667	0	2	0	70.4727	37
14	8	0.666667	0	2	0	66.7785	38
14	8	0.666667	0	2	0	63.7737	39
14	8	0.666667	0	2	0	70.923	40
14	8	0.666667	0	2	0	65.4726	41
14	8	0.666667	0	2	0	62.3052	42
14	8	0.666667	0	2	0	75.2267	43
14	8	0.666667	0	2	0	74.9615	44
14	8	0.666667	0	2	0	72.6102	45
14	8	0.666667	0	2	0	71.2515	46
14	8	0.666667	0	2	0	65.9814	47
14	8	0.666667	0	2	0	69.3106	48
14	8	0.666667	0	2	0	71.716	49
14	9	0.666667	0	2	0	68.25	50
14	9	0.666667	0	2	0	79.7329	51
14	9	0.666667	0	2	0	72.2227	52
16	9	0.333333	0	1	0	73.2341	53
16	9	0.333333	0	1	0	82.8646	54
16	10	0.333333	0	1	0	88.8736	55
16	10	0.333333	0	1	0	81.9122	56
16	10	0.333333	0	1	0	96.3844	57
16	11	0.333333	0	1	0	93.2777	58
16	12	0.333333	0	1	0	94.4535	59
16	12	0.333333	0	1	0	81.3113	60
16	12	0.333333	0	1	0	92.0356	61
17	12	0.333333	0	1	0	91.7511	62
17	12	0.333333	0	1	0	92.9001	63
17	12	0.333333	0	1	0	107.729	64
17	12	0.333333	0	1	0	90.0222	65
17	12	0.333333	0	1	0	98.054	66
17	12	0.333333	0	1	0	86.2024	67
19	12	0.333333	0	1	0	103.324	68
19	12	0.333333	0	1	0	109.883	69
19	13	0.333333	0	1	0	113.387	70
19	13	0.333333	0	1	0	83.562	71
20	13	0.333333	0	1	0	114.889	72
20	13	0.333333	0	1	0	115.652	73
20	14	0.333333	0	1	0	115.861	74
20	15	0.333333	0	1	0	119.123	75
20	15	0.333333	0	1	0	122.355	76
20	15	0	0	0	0	115.259	77
21	15	0	0	0	0	109.258	78
22	16	0	0	0	0	132.451	79
23	16	0	0	0	0	115.915	80
23	16	0	0	0	0	102.767	81
23	16	0	0	0	0	137.621	82
23	17	0	0	0	0	136.172	83
24	17	0	0	0	0	143.206	84
24	17	0	0	0	0	143.881	85
24	17	0	0	0	0	149.354	86
24	17	0	0	0	0	149.469	87
24	17	0	0	0	0	141.163	88
24	17	0	0	0	0	143.254	89
25	17	0	0	0	0	143.171	90
26	17	0	0	0	0	146.2	91
26	17	0	0	0	0	158.622	92
27	17	0	0	0	0	153.436	93
27	17	0	0	0	0	142.412	94
27	17	0	0	0	0	141.981	95
27	17	0	0	0	0	154.032	96
27	17	0	0	0	0	155.447	97
27	17	0	0	0	0	161.131	98
27	17	0	0	0	0	156.345	99
27	17	0	0	0	0	166.83	100
27	17	0	0	0	0	150.399	101
27	18	0	0	0	0	159.055	102
27	18	0	0	0	0	159.37	103
27	18	0	0	0	0	148.633	104
27	18	0	0	0	0	164.081	105
27	18	0	0	0	0	153.639	106
27	18	0	0	0	0	151.889	107
27	18	0	0	0	0	163.255	108
27	17	0	0	0	0	161.188	109
27	18	0	0	0	0	152.919	110
27	18	0	0	0	0	139.477	111
27	18	0	0	0	0	169.469	112
27	18	0	0	0	0	165.619	113
27	18	0	0	0	0	156.629	114
27	18	0	0	0	0	166.21	115
27	19	0	0	0	0	137.778	116
27	19	0	0	0	0	172.651	117
27	20	0	0	0	0	171.67	118
27	20	0	0	0	0	160.193	119
28	20	0	0	0	0	174.907	120
28	21	0	0	0	0	146.524	121
27	21	0	0	0	0	158.691	122
27	23	0	0	0	0	173.024	123
27	23	0	0	0	0	181.446	124
27	23	0	0	0	0	165.616	125
29	23	0	0	0	0	155.866	126
28	22	0	0	0	0	169.209	127
28	22	0	0	0	0	173.945	128
28	22	0	0	0	0	173.125	129
31	22	0	0	0	0	184.24	130
32	22	0	0	0	0	175.803	131
32	22	0	0	0	0	183.908	132
32	22	0	0	0	0	196.4	133
31	22	0	0	0	0	188.27	134
31	22	0	0	0	0	179.882	135
32	23	0	0	0	0	195.873	136
32	23	0	0	0	0	182.59	137
32	23	0	0	0	0	181.308	138
29	23	0	0	0	0	182.375	139
29	22	0	0	0	0	170.832	140
29	23	0	0	0	0	190.136	141
30	24	0	0	0	0	184.875	142
30	24	0	0	0	0	173.991	143
31	25	0	0	0	0	195.226	144
30	25	0	0	0	0	192.997	145
30	24	0	0	0	0	179.14	146
31	26	0	0	0	0	185.305	147
31	27	0	0	0	0	212.045	148
31	27	0	0	0	0	201.722	149
32	28	0	0	0	0	196.855	150
33	28	0	0	0	0	206.797	151
33	26	0	0	0	0	188.136	152
32	26	0	0	0	0	186.252	153
28	26	0	0	0	0	194.937	154
28	26	0	0	0	0	158.036	155
26	26	0	0	0	0	167.195	156
25	26	0	0	0	0	165.732	157
25	25	0	0	0	0	187.809	158
25	25	0	0	0	0	182.513	159
26	25	0	0	0	0	169.94	160
26	25	0	0	0	0	168.861	161
27	25	0	0	0	0	172.812	162
27	25	0	0	0	0	182.381	163
27	25	0	0	0	0	177.654	164
28	25	0	0	0	0	175.904	165
28	25	0	0	0	0	179.447	166
28	26	0	0	0	0	178.81	167
28	26	0	0	0	0	176.26	168
27	26	0	0	0	0	202.127	169
27	27	0	0	0	0	188.961	170
27	27	0	0	0	0	177.097	171
29	27	0	0	0	0	202.779	172
29	27	0	0	0	0	185.323	173
28	27	0	0	0	0	169.929	174
29	27	0	0	0	0	193.547	175
30	27	0	0	0	0	169.479	176
30	27	0	0	0	0	201.02	177
30	27	0	0	0	0	192.416	178
28	27	0	0	0	0	187.834	179
31	27	0	0	0	0	191.362	180
30	27	0	0	0	0	172.654	181
30	27	0	0	0	0	191.638	182
30	27	0	0	0	0	200.992	183
30	27	0	0	0	0	191.793	184
30	24	0	0	0	0	168.805	185
30	24	0	0	0	0	192.712	186
30	24	0	0	0	0	199.709	187
30	24	0	0	0	0	179.382	188
30	22	0	0	0	0	167.383	189
31	22	0	0	0	0	176.987	190
31	19	0	0	0	0	141.506	191
31	19	0	0	0	0	173.645	192
31	20	0	0	0	0	174.21	193
30	21	0	0	0	0	171.8	194
30	21	0	0	0	0	175.559	195
30	21	0	0	0	0	189.384	196
30	21	0	0	0	0	172.674	197
30	21	0	0	0	0	164.649	198
30	19	0	0	0	0	163.74	199
30	19	0	0	0	0	153.798	200
30	19	0	0	0	0	166.911	201
30	20	0	0	0	0	164.897	202
29	20	0	0	0	0	167.85	203
29	20	0	0	0	0	177.736	204
31	19	0	0	0	0	141.407	205
31	19	0	0	0	0	140.311	206
31	19	0	0	0	0	166.137	207
31	18	0	0	0	0	161.81	208
31	17	0	0	0	0	166.11	209
31	17	0	0	0	0	172.286	210
29	17	0	0	0	0	142.463	211
29	17	0	0	0	0	142.936	212
29	17	0	0	0	0	152.199	213
29	17	0	0	0	0	156.133	214
29	17	0	0	0	0	164.336	215
29	17	0	0	0	0	152.912	216
29	17	0	0	0	0	163.349	217
29	17	0	0	0	0	155.558	218
28	16	0	0	0	0	149.624	219
28	16	0	0	0	0	149.737	220
28	16	0	0	0	0	154.868	221
28	15	0	0	0	0	137.383	222
28	15	0	0	0	0	157.638	223
28	15	0	0	0	0	145.124	224
29	15	0	0	0	0	155.976	225
29	15	0	0	0	0	162.201	226
30	15	0	0	0	0	139.042	227
31	15	0	0	0	0	161.197	228
31	15	0	0	0	0	152.766	229
30	15	0	0	0	0	146.534	230
30	15	0	0	0	0	158.114	231
30	14	0	0	0	0	145.764	232
30	14	0	0	0	0	139.313	233
30	10	0	0	0	0	59.902	234
31	10	0	0	0	0	138.472	235
31	10	0	0	0	0	133.276	236
30	10	0	0	0	0	123.532	237
30	10	0	0	0	0	128.113	238
30	10	0	0	0	0	145.525	239
31	10	0	0	0	0	145.115	240
32	10	0	0	0	0	126.721	241
32	10	0	0	0	0	129.395	242
32	8	0	0	0	0	130.665	243
32	7	0	0	0	0	127.97	244
32	7	0	0	0	0	140.812	245
33	7	0	0	0	0	136.693	246
33	7	0	0	0	0	150.288	247
33	7	0	0	0	0	136.034	248
33	7	0	0	0	0	142.79	249
33	7	0	0	0	0	139.058	250
34	7	0	0	0	0	140.956	251
34	7	0	0	0	0	135.551	252
34	7	0	0	0	0	145.267	253
33	7	0	0	0	0	135.424	254
33	6	0	0	0	0	138.181	255
33	6	0	0	0	0	133.859	256
33	6	0	0	0	0	126.469	257
33	5	0	0	0	0	131.813	258
33	5	0	0	0	0	132.176	259
31	4	0	0	0	0	47.2644	260
32	5	0	0	0	0	122.261	261
32	5	0	0	0	0	130.125	262
32	5	0	0	0	0	124.233	263
32	5	0	0	0	0	129.196	264
32	5	0	0	0	0	139.015	265
32	5	0	0	0	0	136.371	266
32	5	0	0	0	0	113.653	267
32	5	0	0	0	0	135.25	268
32	4	0	0	0	0	123.658	269
32	4	0	0	0	0	118.974	270
32	4	0	0	0	0	121.721	271
32	5	0	0	0	0	126.463	272
32	5	0	0	0	0	96.7841	273
33	5	0	0	0	0	129.214	274
31	7	0	0	0	0	110.834	275
31	7	0	0	0	0	101.704	276
31	9	0	0	0	0	99.3928	277
31	9	0	0	0	0	111.157	278
31	9	0	0	0	0	106.5	279
29	9	0	0	0	0	105.023	280
26	9	0	0	0	0	121.649	281
26	9	0	0	0	0	114.258	282
26	9	0	0	0	0	118.54	283
24	9	0	0	0	0	117.876	284
24	9	0	0	0	0	115.185	285
23	9	0	0	0	0	98.7607	286
23	9	0	0	0	0	122.399	287
23	9	0	0	0	0	111.761	288
23	10	0	0	0	0	116.969	289
23	10	0	0	0	0	114.845	290
23	11	0	0	0	0	111.735	291
23	11	0	0	0	0	113.622	292
23	11	0	0	0	0	114.087	293
23	10	0	0	0	0	105.564	294
24	10	0	0	0	0	109.077	295
24	10	0	0	0	0	116.002	296
23	10	0	0	0	0	108.801	297
23	11	0	0	0	0	121.349	298
23	12	0	0	0	0	118.118	299
23	12	0	0	0	0	117.737	300
23	12	0	0	0	0	115.731	301
23	12	0	0	0	0	118.698	302
23	12	0	0	0	0	116.294	303
23	12	0	0	0	0	127.546	304
22	12	0	0	0	0	116.095	305
22	13	0	0	0	0	116.742	306
21	13	0	0	0	0	117.215	307
21	13	0	0	0	0	122.91	308
21	13	0	0	0	0	98.9478	309
21	13	0	0	0	0	125.634	310
21	13	0	0	0	0	104.641	311
21	13	0	0	0	0	121.29	312
21	13	0	0	0	0	126.77	313
21	13	0	0	0	0	112.925	314
20	13	0	0	0	0	104.639	315
20	12	0	0	0	0	105.855	316
20	12	0	0	0	0	118.317	317
20	12	0	0	0	0	109.242	318
20	12	0	0	0	0	108.328	319
20	12	0	0	0	0	103.918	320
19	13	0	0	0	0	115.479	321
19	13	0	0	0	0	121.793	322
19	15	0	0	0	0	113.053	323
19	15	0	0	0	0	108.445	324
19	15	0	0	0	0	113.641	325
19	15	0	0	0	0	37.3592	326
20	15	0	0	0	0	98.2346	327
21	15	0	0	0	0	112.943	328
21	15	0	0	0	0	95.8725	329
18	14	0	0	0	0	91.4522	330
18	14	0	0	0	0	108.493	331
18	14	0	0	0	0	104.537	332
18	15	0	0	0	0	117.395	333
18	15	0	0	0	0	117.29	334
18	15	0	0	0	0	108.608	335
18	16	0	0	0	0	106.463	336
18	16	0	0	0	0	123.866	337
20	16	0	0	0	0	105.537	338
21	16	0	0	0	0	111.074	339
19	16	0	0	0	0	123.753	340
19	18	0	0	0	0	123.719	341
19	17	0	0	0	0	121.687	342
18	17	0	0	0	0	129.634	343
17	18	0	0	0	0	96.225	344
18	19	0	0	0	0	100.949	345
19	24	0	0	0	0	108.395	346
19	24	0	0	0	0	98.9866	347
17	23	0	0	0	0	103.107	348
18	25	0	0	0	0	100.76	349
17	25	0	0	0	0	107.854	350
17	25	0	0	0	0	144.028	351
16	25	0	0	0	0	135.734	352
16	25	0	0	0	0	115.308	353
16	25	0	0	0	0	121.326	354
13	25	0	0	0	0	136.101	355
14	24	0	0	0	0	124.909	356
14	24	0	0	0	0	124.066	357
14	24	0	0	0	0	129.456	358
14	25	0	0	0	0	135.475	359
16	25	0	0	0	0	124.55	360
17	25	0	0	0	0	124.452	361
17	26	0	0	0	0	122.529	362
17	26	0	0	0	0	159.322	363
17	26	0	0	0	0	155.997	364
17	26	0	0	0	0	136.74	365
17	26	0	0	0	0	158.067	366
17	26	0	0	0	0	150.517	367
18	26	0	0	0	0	144.706	368
18	27	0	0	0	0	157.674	369
18	29	0	0	0	0	166.779	370
19	29	0	0	0	0	160.487	371
19	29	0	0	0	0	163.211	372
19	29	0	0	0	0	164.744	373
19	29	0	0	0	0	153.164	374
19	29	0	0	0	0	169.414	375
19	29	0	0	0	0	167.583	376
20	29	0	0	0	0	166.114	377
20	29	0	0	0	0	168.2	378
19	29	0	0	0	0	162.255	379
19	29	0	0	0	0	167.849	380
19	29	0	0	0	0	167.115	381
19	29	0	0	0	0	161.7	382
20	29	0	0	0	0	167.296	383
21	31	0	0	0	0	150.746	384
21	31	0	0	0	0	157.976	385
22	31	0	0	0	0	180.658	386
22	31	0	0	0	0	172.563	387
22	31	0	0	0	0	159.211	388
22	30	0	0	0	0	184.422	389
21	30	0	0	0	0	164.319	390
20	30	0	0	0	0	177.104	391
22	30	0	0	0	0	183.848	392
22	30	0	0	0	0	147.115	393
23	30	0	0	0	0	184.299	394
23	30	0	0	0	0	177.75	395
24	30	0	0	0	0	179.002	396
24	30	0	0	0	0	182.113	397
24	29	0	0	0	0	184.964	398
24	29	0	0	0	0	170.391	399
24	28	0	0	0	0	185.859	400
24	28	0	0	0	0	177.774	401
25	28	0	0	0	0	182.817	402
25	28	0	0	0	0	177.249	403
25	28	0	0	0	0	178.131	404
25	27	0	0	0	0	180.241	405
24	28	0	0	0	0	188.385	406
24	28	0	0	0	0	164.054	407
24	28	0	0	0	0	160.059	408
24	28	0	0	0	0	185.487	409
23	28	0	0	0	0	170.776	410
23	28	0	0	0	0	176.581	411
23	28	0	0	0	0	176.066	412
23	27	0	0	0	0	141.499	413
23	26	0	0	0	0	168.899	414
22	25	0	0	0	0	171.179	415
22	27	0	0	0	0	159.287	416
23	27	0	0	0	0	147.611	417
23	26	0	0	0	0	146.372	418
24	26	0	0	0	0	152.126	419
26	26	0	0	0	0	165.322	420
26	26	0	0	0	0	177.991	421
26	25	0	0	0	0	180.195	422
26	25	0	0	0	0	171.31	423
26	25	0	0	0	0	172.332	424
25	25	0	0	0	0	24.3042	425
25	25	0	0	0	0	170.815	426
25	25	0	0	0	0	173.367	427
25	25	0	0	0	0	157.128	428
24	24	0	0	0	0	143.725	429
24	24	0	0	0	0	160.159	430
24	23	0	0	0	0	146.003	431
24	22	0	0	0	0	154.308	432
24	22	0	0	0	0	158.21	433
24	22	0	0	0	0	152.813	434
24	22	0	0	0	0	163.047	435
24	22	0	0	0	0	132.766	436
24	22	0	0	0	0	130.392	437
24	22	0	0	0	0	141.263	438
24	20	0	0	0	0	153.407	439
24	19	0	0	0	0	140.757	440
24	18	0	0	0	0	142.703	441
25	18	0	0	0	0	129.242	442
25	18	0	0	0	0	144.712	443
26	18	0	0	0	0	155.872	444
26	18	0	0	0	0	156.278	445
26	18	0	0	0	0	133.198	446
27	18	0	0	0	0	134.746	447
27	17	0	0	0	0	131.824	448
27	16	0	0	0	0	155.903	449
27	16	0	0	0	0	151.968	450
27	16	0	0	0	0	129.624	451
27	15	0	0	0	0	21.6335	452
29	15	0	0	0	0	140.479	453
29	15	0	0	0	0	153.457	454
29	15	0	0	0	0	133.601	455
29	15	0	0	0	0	146.193	456
30	13	0	0	0	0	117.617	457
29	13	0	0	0	0	129.941	458
29	13	0	0	0	0	150.504	459
29	13	0	0	0	0	124.746	460
29	13	0	0	0	0	149.157	461
29	13	0	0	0	0	136.128	462
29	12	0	0	0	0	112.456	463
29	12	0	0	0	0	14.4966	464
30	12	0	0	0	0	129.488	465
30	12	0	0	0	0	138.404	466
30	11	0	0	0	0	117.795	467
30	11	0	0	0	0	146.743	468
30	11	0	0	0	0	144.697	469
30	11	0	0	0	0	120.913	470
30	11	0	0	0	0	131.035	471
30	11	0	0	0	0	124.911	472
30	11	0	0	0	0	130.693	473
32	11	0	0	0	0	103.726	474
32	10	0	0	0	0	110.44	475
32	10	0	0	0	0	114.18	476
27	10	0	0	0	0	114.041	477
27	10	0	0	0	0	108.387	478
27	11	0	0	0	0	110.416	479
26	11	0	0	0	0	124.819	480
26	11	0	0	0	0	124.072	481
26	11	0	0	0	0	110.32	482
26	10	0	0	0	0	111.963	483
26	10	0	0	0	0	112.385	484
26	10	0	0	0	0	113.724	485
26	10	0	0	0	0	115.398	486
26	10	0	0	0	0	100.238	487
22	10	0	0	0	0	101.825	488
22	10	0	0	0	0	99.6896	489
22	10	0	0	0	0	91.139	490
22	9	0	0	0	0	98.2466	491
23	9	0	0	0	0	99.2282	492
23	9	0	0	0	0	93.3409	493
23	9	0	0	0	0	97.7293	494
23	9	0	0	0	0	90.4461	495
22	9	0	0	0	0	97.2323	496
20	9	0	0	0	0	2.68303	497
20	8	0	0	0	0	74.0156	498
20	7	0	0	0	0	-5.16194	499
20	7	0	0	0	0	84.5444	500
20	7	0	0	0	0	76.4563	501
20	7	0	0	0	0	83.7582	502
19	7	0	0	0	0	85.1766	503
19	7	0	0	0	0	81.4416	504
19	7	0	0	0	0	85.2434	505
19	7	0	0	0	0	75.347	506
19	7	0	0	0	0	76.2587	507
19	6	0	0	0	0	74.2398	508
19	6	0	0	0	0	66.7216	509
19	6	0	0	0	0	61.1746	510
17	6	0	0	0	0	66.6869	511
17	6	0	0	0	0	63.7722	512
17	6	0	0	0	0	66.8835	513
16	6	0	0	0	0	61.9507	514
15	6	0	0	0	0	55.6124	515
15	6	0	0	0	0	60.8042	516
15	6	0	0	0	0	60.1429	517
15	6	0	0	0	0	49.5404	518
15	6	0	0	0	0	58.2605	519
15	6	0	0	0	0	63.4806	520
15	6	0	0	0	0	59.4598	521
15	6	0	0	0	0	52.4391	522
15	6	0	0	0	0	60.6372	523
15	6	0	0	0	0	52.2074	524
15	6	0	0	0	0	58.0238	525
15	6	0	0	0	0	58.252	526
14	6	0	0	0	0	54.9499	527
14	6	0	0	0	0	58.724	528
14	6	0	0	0	0	56.5713	529
14	6	0	0	0	0	33.1459	530
14	6	0	0	0	0	33.5447	531
13	6	0	0	0	0	35.8627	532
12	5	0	0	0	0	33.5196	533
9	5	0	0	0	0	29.4983	534
9	5	0	0	0	0	32.534	535
9	4	0	0	0	0	27.1333	536
8	4	0	0	0	0	26.1676	537
8	4	0	0	0	0	29.9891	538
8	4	0	0	0	0	23.6206	539
7	4	0	0	0	0	26.6801	540
7	4	0	0	0	0	27.1885	541
7	4	0	0	0	0	25.6235	542
7	4	0	0	0	0	22.8796	543
7	4	0	0	0	0	22.1189	544
7	4	0	0	0	0	26.0618	545
7	4	0	0	0	0	25.4254	546
7	4	0	0	0	0	25.7213	547
7	4	0	0	0	0	23.0877	548
7	3	0	0	0	0	19.8513	549
7	3	0	0	0	0	20.2735	550
7	3	0	0	0	0	15.4411	551
7	3	0	0	0	0	11.8377	552
7	2	0	0	0	0	15.4404	553
7	2	0	0	0	0	15.4745	554
7	2	0	0	0	0	15.2615	555
6	2	0	0	0	0	15.359	556
6	2	0	0	0	0	13.7266	557
6	2	0	0	0	0	15.2602	558
6	2	0	0	0	0	9.89013	559
4	2	0	0	0	0	9.78629	560
4	2	0	0	0	0	3.10199	561
2	2	0	0	0	0	2.77621	562
2	2	0	0	0	0	3.34745	563
2	2	0	0	0	0	4.18969	564
2	2	0	0	0	0	4.10819	565
2	2	0	0	0	0	1.14581	566
2	2	0	0	0	0	1.14053	567
2	2	0	0	0	0	1.12874	568
2	2	0	0	0	0	1.14053	569
1	2	0	0	0	0	nan	570
