unique_top_cov	unique_bot_cov	redundant_top_cov	redundant_bot_cov	raw_redundant_top_cov	raw_redundant_bot_cov	e_value	position
30	26	0	0	0	0	176.885	1
30	27	0	0	0	0	206.733	2
33	27	0	0	0	0	219.021	3
33	27	0	0	0	0	213.659	4
33	28	0	0	0	0	216.588	5
34	28	0	0	0	0	229.971	6
34	29	0	0	0	0	215.432	7
34	29	0	0	0	0	225.53	8
35	29	0	0	0	0	223.413	9
35	30	0	0	0	0	237.223	10
35	30	0	0	0	0	219.235	11
36	30	0	0	0	0	254.291	12
37	30	0	0	0	0	233.507	13
37	30	0	0	0	0	224.401	14
37	31	0	0	0	0	256.891	15
37	31	0	0	0	0	239.672	16
41	31	0	0	0	0	203.471	17
41	32	0	0	0	0	203.273	18
42	33	0	0	0	0	254.895	19
42	35	0	0	0	0	282.687	20
42	35	0	0	0	0	269.107	21
42	35	0.333333	0	1	0	257.338	22
42	37	0.333333	0	1	0	306.872	23
42	38	0.333333	0	1	0	286.948	24
43	38	0.333333	0	1	0	292.253	25
44	37	0.333333	0	1	0	299.564	26
43	38	0.333333	0	1	0	275.159	27
43	40	0.333333	0	1	0	289.876	28
43	41	0.333333	0	1	0	316.326	29
43	43	0.333333	0	1	0	307.803	30
45	43	0.333333	0	1	0	324.478	31
50	43	0.333333	0	1	0	321.383	32
51	43	0.333333	0	1	0	295.256	33
49	43	0.333333	0	1	0	307.147	34
49	39	0.666667	0	2	0	304.286	35
50	39	0.666667	0	2	0	301.92	36
49	39	0.666667	0	2	0	293.407	37
49	40	0.666667	0	2	0	305.703	38
49	41	0.666667	0	2	0	311.483	39
49	40	0.666667	0	2	0	316.21	40
50	40	0.666667	0	2	0	307.499	41
50	40	0.666667	0	2	0	293.042	42
50	40	0.666667	0	2	0	310.02	43
50	41	0.666667	0	2	0	331.682	44
50	41	0.666667	0	2	0	308.771	45
50	41	0.666667	0	2	0	310.38	46
50	41	0.666667	0	2	0	294.39	47
53	38	0.666667	0	2	0	325.756	48
53	40	0.666667	0	2	0	316.088	49
54	40	0.666667	0	2	0	306.181	50
55	40	0.666667	0	2	0	326.212	51
59	40	0.666667	0	2	0	329.838	52
59	38	0.666667	0	2	0	294.457	53
60	38	0.666667	0	2	0	344.242	54
59	38	0.666667	0	2	0	308.595	55
59	38	0.666667	0	2	0	322.733	56
61	38	0.666667	0	2	0	346.556	57
62	37	0.666667	0	2	0	344.645	58
63	37	0.666667	0	2	0	320.893	59
65	37	0.666667	0	2	0	364.188	60
66	37	0.666667	0	2	0	371.682	61
65	37	0.666667	0	2	0	366.488	62
64	37	0.666667	0	2	0	359.208	63
63	37	0.666667	0	2	0	377.328	64
62	37	0.666667	0	2	0	285.001	65
67	37	0.666667	0	2	0	358.601	66
67	36	0.666667	0	2	0	370.353	67
68	39	0.666667	0	2	0	353.97	68
69	39	0.666667	0	2	0	362.437	69
69	39	0.666667	0	2	0	397.615	70
70	39	0.666667	0	2	0	383.808	71
70	39	0.666667	0	2	0	378.231	72
67	39	0.333333	0	1	0	347.255	73
67	39	0.333333	0	1	0	368.442	74
66	39	0.333333	0	1	0	346.148	75
66	40	0.333333	0	1	0	386.046	76
66	40	0	0	0	0	385.831	77
67	41	0	0	0	0	390.976	78
68	41	0	0	0	0	402.849	79
67	41	0	0	0	0	365.725	80
68	41	0	0	0	0	343.724	81
68	41	0	0	0	0	392.391	82
67	41	0	0	0	0	409.581	83
66	40	0	0	0	0	373.124	84
65	42	0	0	0	0	374.858	85
66	44	0	0	0	0	383.849	86
66	42	0	0	0	0	355.252	87
69	42	0	0	0	0	371.134	88
68	43	0	0	0	0	370.584	89
69	42	0	0	0	0	406.53	90
70	41	0	0	0	0	389.495	91
69	44	0	0	0	0	353.042	92
71	44	0	0	0	0	417.436	93
71	43	0	0	0	0	401.096	94
70	43	0	0	0	0	398.253	95
71	43	0	0	0	0	404.965	96
68	43	0	0	0	0	325.479	97
69	44	0	0	0	0	408.608	98
69	44	0	0	0	0	388.629	99
69	45	0	0	0	0	407.359	100
69	43	0	0	0	0	404.138	101
68	43	0	0	0	0	381.317	102
68	42	0	0	0	0	377.257	103
67	42	0	0	0	0	384.966	104
68	42	0	0	0	0	403.632	105
67	41	0	0	0	0	361.048	106
66	40	0	0	0	0	372.152	107
66	40	0	0	0	0	374.327	108
66	41	0	0	0	0	374.208	109
66	43	0	0	0	0	402.317	110
67	43	0	0	0	0	380.228	111
69	43	0	0	0	0	395.519	112
68	43	0	0	0	0	385.576	113
68	41	0	0	0	0	389.403	114
66	44	0	0	0	0	326.524	115
66	46	0	0	0	0	420.156	116
66	46	0	0	0	0	424.871	117
66	46	0	0	0	0	379.348	118
65	46	0	0	0	0	383.482	119
65	46	0	0	0	0	421.83	120
66	46	0	0	0	0	415.477	121
65	46	0	0	0	0	354.057	122
65	46	0	0	0	0	411.287	123
65	45	0	0	0	0	398.967	124
65	45	0	0	0	0	405.836	125
65	45	0	0	0	0	401.737	126
65	44	0	0	0	0	375.537	127
66	44	0	0	0	0	365.546	128
65	45	0	0	0	0	416.87	129
67	45	0	0	0	0	426.983	130
66	45	0	0	0	0	385.382	131
66	47	0	0	0	0	411.854	132
66	47	0	0	0	0	405.255	133
65	47	0	0	0	0	396.144	134
65	47	0	0	0	0	384.562	135
65	47	0	0	0	0	375.17	136
67	46	0	0	0	0	354.194	137
67	43	0	0	0	0	371.932	138
67	44	0	0	0	0	400.323	139
69	44	0	0	0	0	385.679	140
67	42	0	0	0	0	302.904	141
67	42	0	0	0	0	378.251	142
67	41	0	0	0	0	381.141	143
68	42	0	0	0	0	408.19	144
68	42	0	0	0	0	393.722	145
69	41	0	0	0	0	384.549	146
69	40	0	0	0	0	375.978	147
68	36	0	0	0	0	318.822	148
69	36	0	0	0	0	398.078	149
68	36	0	0	0	0	387.441	150
69	37	0	0	0	0	368.9	151
69	38	0	0	0	0	382.178	152
68	38	0	0	0	0	399.374	153
66	38	0	0	0	0	310.211	154
68	37	0	0	0	0	343.172	155
68	38	0	0	0	0	400.392	156
69	38	0	0	0	0	401.952	157
69	38	0	0	0	0	393.89	158
69	39	0	0	0	0	387.597	159
69	38	0	0	0	0	346.644	160
70	38	0	0	0	0	403.183	161
69	38	0	0	0	0	334.03	162
70	38	0	0	0	0	386.008	163
71	39	0	0	0	0	390.982	164
71	39	0	0	0	0	422.301	165
71	38	0	0	0	0	377.891	166
69	37	0	0	0	0	359.651	167
68	36	0	0	0	0	357.727	168
68	36	0	0	0	0	391.293	169
67	34	0	0	0	0	355.028	170
67	35	0	0	0	0	391.332	171
66	34	0	0	0	0	347.93	172
67	34	0	0	0	0	389.393	173
68	34	0	0	0	0	368.941	174
68	35	0	0	0	0	291.575	175
69	35	0	0	0	0	365.449	176
69	37	0	0	0	0	360.15	177
68	36	0	0	0	0	277.805	178
68	35	0	0	0	0	353.795	179
67	32	0	0	0	0	277.984	180
68	32	0	0	0	0	371.701	181
67	31	0	0	0	0	320.177	182
67	30	0	0	0	0	378.24	183
70	30	0	0	0	0	352.977	184
69	29	0	0	0	0	359.458	185
69	29	0	0	0	0	353.283	186
69	28	0	0	0	0	377.889	187
68	28	0	0	0	0	347.275	188
68	32	0	0	0	0	362.66	189
67	32	0	0	0	0	260.035	190
67	41	0	0	0	0	364.692	191
67	41	0	0	0	0	295.435	192
71	52	0	0	0	0	358.26	193
70	51	0	0	0	0	295.982	194
70	50	0	0	0	0	416.43	195
71	50	0	0	0	0	447.238	196
72	50	0	0	0	0	392.798	197
68	51	0	0	0	0	397.519	198
72	50	0	0	0	0	407.208	199
60	51	0	0	0	0	345.588	200
60	53	0	0	0	0	375.89	201
50	53	0	0	0	0	361.301	202
48	52	0	0	0	0	364.778	203
48	52	0	0	0	0	349.07	204
48	52	0	0	0	0	363.405	205
49	51	0	0	0	0	373.392	206
50	51	0	0	0	0	354.761	207
50	51	0	0	0	0	336.3	208
50	55	0	0	0	0	390.915	209
51	57	0	0	0	0	401.445	210
53	57	0	0	0	0	369.368	211
54	57	0	0	0	0	378.788	212
54	57	0	0	0	0	389.76	213
58	58	0	0	0	0	376.948	214
58	58	0	0	0	0	430.065	215
56	57	0	0	0	0	378.847	216
57	59	0	0	0	0	421.957	217
58	60	0	0	0	0	405.174	218
61	62	0	0	0	0	433.241	219
61	62	0	0	0	0	402.51	220
59	60	0	0	0	0	405.621	221
59	60	0	0	0	0	445.102	222
59	60	0	0	0	0	442.298	223
58	63	0	0	0	0	404.234	224
59	63	0	0	0	0	406.976	225
58	62	0	0	0	0	440.907	226
59	63	0	0	0	0	455.658	227
57	63	0	0	0	0	402.955	228
57	64	0	0	0	0	442.456	229
58	63	0	0	0	0	405.741	230
59	65	0	0	0	0	411.755	231
60	65	0	0	0	0	464.216	232
60	64	0	0	0	0	442.924	233
61	64	0	0	0	0	434.095	234
61	64	0	0	0	0	468.583	235
63	64	0	0	0	0	482.984	236
63	64	0	0	0	0	432.81	237
59	64	0	0	0	0	427.548	238
59	64	0	0	0	0	435.115	239
59	64	0	0	0	0	440.63	240
61	64	0	0	0	0	469.163	241
62	63	0	0	0	0	446.618	242
61	63	0	0	0	0	445.265	243
63	63	0	0	0	0	470.416	244
62	62	0	0	0	0	468.026	245
62	62	0	0	0	0	463.56	246
62	62	0	0	0	0	411.184	247
62	63	0	0	0	0	415.76	248
63	62	0	0	0	0	430.896	249
64	61	0	0	0	0	476.748	250
64	61	0	0	0	0	459.196	251
63	61	0	0	0	0	422.777	252
62	62	0	0	0	0	467.747	253
62	62	0	0	0	0	464.322	254
60	61	0	0	0	0	421.985	255
61	62	0	0	0	0	403.276	256
60	61	0	0	0	0	439.023	257
60	62	0	0	0	0	423.575	258
60	62	0	0	0	0	432.391	259
62	61	0	0	0	0	445.816	260
61	61	0	0	0	0	421.068	261
57	61	0	0	0	0	422.281	262
58	61	0	0	0	0	443.053	263
58	61	0	0	0	0	378.215	264
60	59	0	0	0	0	428.43	265
60	59	0	0	0	0	433.407	266
59	59	0	0	0	0	411.156	267
59	59	0	0	0	0	448.952	268
59	59	0	0	0	0	368.839	269
59	58	0	0	0	0	383.443	270
59	57	0	0	0	0	414.333	271
58	57	0	0	0	0	425.603	272
59	56	0	0	0	0	383.557	273
59	54	0	0	0	0	420.068	274
59	55	0	0	0	0	361.739	275
60	59	0	0	0	0	417.358	276
58	59	0	0	0	0	401.585	277
57	58	0	0	0	0	411.823	278
57	57	0	0	0	0	411.483	279
53	58	0	0	0	0	373.413	280
54	58	0	0	0	0	362.486	281
54	57	0	0	0	0	391.905	282
54	59	0	0	0	0	398.219	283
54	59	0	0	0	0	380.367	284
50	59	0	0	0	0	385.521	285
50	57	0	0	0	0	359.728	286
49	55	0	0	0	0	322.728	287
49	55	0	0	0	0	378.319	288
49	54	0	0	0	0	363.495	289
49	55	0	0	0	0	359.583	290
48	54	0	0	0	0	336.787	291
48	52	0	0	0	0	355.241	292
49	52	0	0	0	0	305.074	293
48	52	0	0	0	0	329.203	294
48	53	0	0	0	0	362.951	295
49	53	0	0	0	0	330.937	296
49	53	0	0	0	0	305.392	297
49	54	0	0	0	0	377.676	298
50	53	0	0	0	0	335.3	299
49	53	0	0	0	0	340.614	300
49	51	0	0	0	0	340.747	301
50	50	0	0	0	0	339.734	302
51	49	0	0	0	0	352.24	303
51	49	0	0	0	0	354.18	304
51	50	0	0	0	0	358.255	305
51	50	0	0	0	0	366.47	306
53	50	0	0	0	0	357.834	307
53	50	0	0	0	0	326.389	308
53	51	0	0	0	0	363.101	309
55	51	0	0	0	0	364.463	310
55	51	0	0	0	0	390.491	311
55	51	0	0	0	0	402.078	312
55	51	0	0	0	0	340.193	313
55	51	0	0	0	0	346.366	314
55	51	0	0	0	0	397.822	315
55	51	0	0	0	0	342.272	316
57	49	0	0	0	0	382.701	317
56	49	0	0	0	0	382.82	318
55	49	0	0	0	0	343.481	319
55	48	0	0	0	0	352.876	320
55	46	0	0	0	0	273.024	321
54	46	0	0	0	0	357.307	322
55	46	0	0	0	0	353.292	323
55	44	0	0	0	0	365.473	324
56	43	0	0	0	0	304.286	325
59	42	0	0	0	0	307.147	326
61	42	0	0	0	0	317.094	327
63	42	0	0	0	0	363.296	328
65	42	0	0	0	0	362.574	329
65	42	0	0	0	0	397.975	330
66	41	0	0	0	0	348.454	331
67	39	0	0	0	0	370.105	332
67	39	0	0	0	0	374.131	333
67	46	0	0	0	0	369.674	334
68	47	0	0	0	0	352.29	335
67	46	0	0	0	0	372.422	336
69	46	0	0	0	0	367.158	337
69	44	0	0	0	0	374.692	338
70	46	0	0	0	0	406.541	339
70	46	0	0	0	0	395.1	340
70	43	0	0	0	0	381.732	341
72	43	0	0	0	0	343.019	342
63	38	0	0	0	0	347.417	343
63	42	0	0	0	0	365.847	344
64	41	0	0	0	0	363.068	345
64	45	0	0	0	0	355.764	346
64	44	0	0	0	0	347.949	347
58	44	0	0	0	0	363.401	348
59	44	0	0	0	0	369.292	349
60	44	0	0	0	0	361.184	350
61	45	0	0	0	0	382.185	351
61	44	0	0	0	0	362.695	352
59	44	0	0	0	0	361.958	353
59	44	0	0	0	0	374.942	354
57	44	0	0	0	0	360.179	355
57	42	0	0	0	0	315.272	356
56	42	0	0	0	0	366.917	357
56	42	0	0	0	0	340.817	358
55	44	0	0	0	0	288.567	359
54	48	0	0	0	0	332.103	360
52	48	0	0	0	0	309.985	361
53	49	0	0	0	0	338.319	362
52	49	0	0	0	0	314.384	363
53	47	0	0	0	0	349.375	364
53	49	0	0	0	0	354.833	365
53	49	0	0	0	0	347.453	366
53	50	0	0	0	0	344.51	367
51	50	0	0	0	0	350.45	368
46	50	0	0	0	0	320.47	369
46	51	0	0	0	0	302.08	370
46	51	0	0	0	0	310.421	371
46	53	0	0	0	0	340.382	372
46	55	0	0	0	0	372.807	373
45	56	0	0	0	0	354.807	374
46	55	0	0	0	0	346.404	375
44	55	0	0	0	0	351.111	376
45	55	0	0	0	0	345.102	377
45	55	0	0	0	0	366.264	378
45	53	0	0	0	0	329.691	379
43	53	0	0	0	0	357.228	380
43	52	0	0	0	0	346.148	381
42	52	0	0	0	0	355.241	382
41	52	0	0	0	0	312.09	383
42	52	0	0	0	0	305.69	384
42	51	0	0	0	0	319.238	385
42	51	0	0	0	0	313.58	386
40	50	0	0	0	0	299.621	387
39	52	0	0	0	0	333.277	388
39	52	0	0	0	0	302.093	389
39	51	0	0	0	0	287.704	390
39	51	0	0	0	0	310.016	391
40	51	0	0	0	0	318.457	392
39	50	0	0	0	0	339.52	393
39	50	0	0	0	0	282.9	394
40	51	0	0	0	0	336.241	395
41	51	0	0	0	0	345.682	396
41	50	0	0	0	0	311.498	397
42	49	0	0	0	0	335.7	398
42	49	0	0	0	0	290.165	399
42	50	0	0	0	0	312.175	400
43	50	0	0	0	0	345.852	401
44	50	0	0	0	0	342.254	402
44	49	0	0	0	0	327.274	403
44	49	0	0	0	0	333.207	404
43	48	0	0	0	0	284.4	405
43	48	0	0	0	0	344.721	406
43	48	0	0	0	0	337.168	407
43	47	0	0	0	0	297.046	408
43	45	0	0	0	0	299.053	409
42	46	0	0	0	0	309.439	410
42	46	0	0	0	0	289.533	411
43	43	0	0	0	0	289.041	412
43	43	0	0	0	0	305.89	413
42	43	0	0	0	0	298.685	414
42	43	0	0	0	0	292.166	415
42	41	0	0	0	0	302.619	416
41	40	0	0	0	0	221.004	417
41	39	0	0	0	0	253.182	418
41	39	0	0	0	0	284.882	419
41	40	0	0	0	0	305.216	420
41	39	0	0	0	0	248.743	421
41	37	0	0	0	0	283.24	422
41	37	0	0	0	0	225.302	423
40	38	0	0	0	0	282.324	424
40	37	0	0	0	0	281.691	425
39	37	0	0	0	0	272.103	426
39	36	0	0	0	0	275.437	427
40	36	0	0	0	0	273.242	428
41	34	0	0	0	0	261.312	429
41	34	0	0	0	0	294.669	430
41	34	0	0	0	0	246.887	431
43	33	0	0	0	0	273.858	432
43	32	0	0	0	0	237.074	433
43	38	0	0	0	0	241.163	434
43	38	0	0	0	0	295.068	435
42	38	0	0	0	0	269.8	436
42	36	0	0	0	0	273.662	437
41	36	0	0	0	0	256.164	438
41	37	0	0	0	0	290.483	439
41	37	0	0	0	0	250.319	440
41	38	0	0	0	0	280.772	441
38	38	0	0	0	0	246.648	442
37	40	0	0	0	0	283.026	443
37	39	0	0	0	0	268.813	444
37	39	0	0	0	0	272.076	445
38	38	0	0	0	0	268.545	446
39	38	0	0	0	0	238.433	447
39	40	0	0	0	0	235.786	448
39	40	0	0	0	0	302.684	449
39	40	0	0	0	0	218.211	450
39	39	0	0	0	0	209.705	451
26	40	0	0	0	0	236.577	452
26	40	0	0	0	0	217.765	453
26	40	0	0	0	0	224.277	454
25	40	0	0	0	0	235.778	455
25	41	0	0	0	0	217.676	456
25	41	0	0	0	0	215.37	457
25	40	0	0	0	0	235.362	458
25	40	0	0	0	0	234.595	459
26	40	0	0	0	0	239.465	460
26	41	0	0	0	0	217.023	461
27	41	0	0	0	0	228.547	462
27	41	0	0	0	0	251.378	463
26	41	0	0	0	0	234.093	464
26	40	0	0	0	0	246.186	465
27	41	0	0	0	0	224.324	466
27	48	0	0	0	0	255.843	467
27	48	0	0	0	0	275.303	468
26	48	0	0	0	0	253.247	469
26	48	0	0	0	0	253.966	470
26	48	0	0	0	0	256.558	471
26	47	0	0	0	0	248.629	472
26	47	0	0	0	0	252.453	473
25	46	0	0	0	0	243.187	474
23	46	0	0	0	0	255.177	475
20	46	0	0	0	0	196.438	476
19	46	0	0	0	0	205.069	477
20	46	0	0	0	0	246.059	478
20	46	0	0	0	0	226.373	479
20	46	0	0	0	0	233.442	480
20	46	0	0	0	0	233.578	481
19	45	0	0	0	0	193.815	482
20	44	0	0	0	0	234.592	483
20	42	0	0	0	0	234.795	484
20	45	0	0	0	0	195.865	485
21	45	0	0	0	0	196.387	486
25	45	0	0	0	0	242.415	487
25	45	0	0	0	0	244.74	488
26	45	0	0	0	0	234.647	489
27	44	0	0	0	0	235.821	490
27	44	0	0	0	0	246.472	491
28	45	0	0	0	0	202.758	492
28	45	0	0	0	0	267.512	493
27	44	0	0	0	0	223.591	494
27	43	0	0	0	0	242.517	495
27	41	0	0	0	0	218.138	496
27	38	0	0	0	0	189.571	497
28	39	0	0	0	0	215.227	498
26	38	0	0	0	0	212.338	499
26	37	0	0	0	0	209.48	500
23	35	0	0	0	0	185.437	501
23	35	0	0	0	0	194.611	502
23	34	0	0	0	0	222.661	503
23	34	0	0	0	0	194.134	504
23	35	0	0	0	0	186.957	505
21	35	0	0	0	0	203.817	506
22	35	0	0	0	0	179.719	507
24	35	0	0	0	0	204.999	508
24	34	0	0	0	0	169.387	509
24	34	0	0	0	0	212.402	510
24	34	0	0	0	0	204.322	511
25	34	0	0	0	0	154.315	512
25	34	0	0	0	0	211.772	513
25	34	0	0	0	0	166.924	514
26	34	0	0	0	0	209.217	515
26	34	0	0	0	0	214.425	516
26	33	0	0	0	0	185.004	517
27	33	0	0	0	0	229.379	518
27	33	0	0	0	0	223.02	519
28	32	0	0	0	0	183.249	520
29	34	0	0	0	0	202.333	521
29	32	0	0	0	0	184.533	522
29	32	0	0	0	0	213.481	523
29	32	0	0	0	0	211.021	524
30	31	0	0	0	0	169.391	525
30	32	0	0	0	0	208.915	526
30	31	0	0	0	0	201.321	527
30	37	0	0	0	0	192.361	528
30	39	0	0	0	0	234.133	529
25	39	0	0	0	0	226.892	530
25	41	0	0	0	0	214.109	531
25	42	0	0	0	0	234.191	532
25	42	0	0	0	0	242.752	533
25	45	0	0	0	0	233.324	534
23	44	0	0	0	0	186.275	535
24	45	0	0	0	0	229.476	536
23	45	0	0	0	0	230.352	537
23	49	0	0	0	0	184.919	538
23	50	0	0	0	0	224.127	539
22	50	0	0	0	0	237.786	540
22	50	0	0	0	0	241.351	541
22	51	0	0	0	0	273.036	542
22	51	0	0	0	0	246.556	543
22	51	0	0	0	0	276.218	544
21	53	0	0	0	0	247.689	545
21	53	0	0	0	0	291.48	546
21	53	0	0	0	0	259.133	547
20	53	0	0	0	0	263.738	548
20	53	0	0	0	0	257.389	549
20	53	0	0	0	0	282.525	550
20	53	0	0	0	0	234.962	551
21	54	0	0	0	0	243.547	552
21	54	0	0	0	0	251.67	553
21	55	0	0	0	0	253.014	554
23	54	0	0	0	0	244.987	555
22	55	0	0	0	0	245.146	556
22	55	0	0	0	0	274.552	557
22	55	0	0	0	0	233.138	558
22	55	0	0	0	0	255.856	559
22	55	0	0	0	0	267.351	560
22	55	0	0	0	0	165.543	561
26	55	0	0	0	0	276.953	562
26	55	0	0	0	0	273.204	563
25	53	0	0	0	0	258.751	564
25	52	0	0	0	0	253.704	565
25	51	0	0	0	0	156.849	566
25	50	0	0	0	0	267.32	567
25	50	0	0	0	0	273.823	568
24	50	0	0	0	0	243.32	569
26	51	0	0	0	0	268.359	570
26	50	0	0	0	0	243.582	571
29	52	0	0	0	0	247.694	572
29	55	0	0	0	0	267.172	573
29	62	0	0	0	0	277.06	574
29	63	0	0	0	0	260.9	575
28	63	0	0	0	0	273.852	576
28	61	0	0	0	0	266.107	577
28	60	0	0	0	0	290.893	578
29	60	0	0	0	0	322.42	579
29	60	0	0	0	0	301.562	580
29	60	0	0	0	0	318.266	581
27	60	0	0	0	0	252.439	582
26	59	0	0	0	0	262.544	583
26	56	0	0	0	0	302.806	584
26	56	0	0	0	0	284.954	585
26	56	0	0	0	0	287.568	586
26	54	0	0	0	0	265.885	587
26	53	0	0	0	0	267.627	588
26	52	0	0	0	0	283.675	589
26	52	0	0	0	0	263.541	590
26	51	0	0	0	0	283.751	591
24	50	0	0	0	0	223.015	592
22	49	0	0	0	0	231.688	593
22	49	0	0	0	0	259.279	594
22	49	0	0	0	0	234.307	595
24	49	0	0	0	0	250.083	596
24	49	0	0	0	0	254.812	597
27	48	0	0	0	0	245.7	598
28	47	0	0	0	0	264.546	599
27	46	0	0	0	0	261.028	600
28	46	0	0	0	0	234.209	601
29	46	0	0	0	0	254.707	602
29	47	0	0	0	0	246.18	603
30	47	0	0	0	0	258.334	604
30	50	0	0	0	0	290.148	605
30	48	0	0	0	0	261.981	606
31	47	0	0	0	0	258.944	607
30	46	0	0	0	0	266.516	608
30	46	0	0	0	0	259.307	609
30	46	0	0	0	0	279.248	610
29	45	0	0	0	0	217.004	611
30	45	0	0	0	0	227.681	612
35	45	0	0	0	0	267.926	613
35	45	0	0	0	0	245.66	614
36	45	0	0	0	0	228.345	615
38	41	0	0	0	0	236.714	616
39	41	0	0	0	0	262.931	617
39	41	0	0	0	0	271.033	618
39	41	0	0	0	0	269.114	619
38	41	0	0	0	0	210.46	620
39	39	0	0	0	0	247.109	621
39	39	0	0	0	0	282.113	622
39	39	0	0	0	0	284.932	623
39	39	0	0	0	0	223.878	624
41	39	0	0	0	0	249.839	625
41	39	0	0	0	0	290.334	626
41	40	0	0	0	0	292.717	627
42	44	0	0	0	0	284.09	628
42	43	0	0	0	0	277.329	629
42	43	0	0	0	0	287.474	630
43	43	0	0	0	0	303.248	631
43	43	0	0	0	0	279.084	632
43	41	0	0	0	0	266.174	633
44	40	0	0	0	0	233.799	634
44	39	0	0	0	0	276.798	635
43	38	0	0	0	0	261.63	636
41	37	0	0	0	0	244.614	637
42	37	0	0	0	0	271.677	638
42	34	0	0	0	0	228.971	639
43	34	0	0	0	0	251.754	640
42	32	0	0	0	0	263.83	641
43	36	0	0	0	0	271.911	642
43	36	0	0	0	0	264.75	643
43	36	0	0	0	0	295.032	644
43	37	0	0	0	0	271.391	645
44	37	0	0	0	0	240.39	646
49	38	0	0	0	0	286.001	647
47	39	0	0	0	0	282.938	648
47	37	0	0	0	0	303.869	649
48	37	0	0	0	0	294.927	650
46	35	0	0	0	0	252.745	651
47	35	0	0	0	0	258.214	652
47	38	0	0	0	0	306.926	653
48	38	0	0	0	0	262.888	654
50	38	0	0	0	0	283.256	655
51	38	0	0	0	0	326.12	656
51	38	0	0	0	0	292.548	657
54	38	0	0	0	0	313.374	658
54	38	0	0	0	0	324.957	659
53	38	0	0	0	0	312.353	660
56	38	0	0	0	0	325.039	661
58	37	0	0	0	0	324.585	662
59	37	0	0	0	0	310.235	663
59	36	0	0	0	0	320.935	664
59	37	0	0	0	0	361.386	665
59	37	0	0	0	0	285.545	666
61	36	0	0	0	0	354.924	667
61	35	0	0	0	0	315.399	668
61	34	0	0	0	0	302.699	669
61	34	0	0	0	0	323.105	670
64	35	0	0	0	0	322.785	671
65	35	0	0	0	0	331.142	672
63	35	0	0	0	0	354.355	673
61	35	0	0	0	0	341.989	674
62	35	0	0	0	0	336.192	675
63	35	0	0	0	0	343.554	676
63	36	0	0	0	0	370.333	677
64	38	0	0	0	0	351.965	678
65	40	0	0	0	0	379.408	679
65	39	0	0	0	0	326.506	680
65	39	0	0	0	0	330.036	681
66	39	0	0	0	0	346.588	682
67	39	0	0	0	0	384.968	683
66	38	0	0	0	0	360.609	684
68	37	0	0	0	0	327.221	685
69	39	0	0	0	0	385.224	686
67	39	0	0	0	0	380.725	687
66	39	0	0	0	0	350.92	688
66	38	0	0	0	0	350.071	689
66	38	0	0	0	0	378.537	690
66	37	0	0	0	0	378.379	691
66	37	0	0	0	0	377.777	692
66	40	0	0	0	0	379.72	693
65	40	0	0	0	0	288.44	694
67	40	0	0	0	0	393.96	695
67	41	0	0	0	0	395.448	696
68	41	0	0	0	0	364.993	697
67	41	0	0	0	0	357.273	698
67	41	0	0	0	0	409.096	699
67	41	0	0	0	0	376.232	700
68	42	0	0	0	0	379.737	701
67	41	0	0	0	0	375.275	702
67	41	0	0	0	0	374.546	703
67	42	0	0	0	0	374.756	704
64	41	0	0	0	0	319.396	705
65	41	0	0	0	0	382.289	706
67	41	0	0	0	0	389.644	707
67	41	0	0	0	0	403.057	708
67	41	0	0	0	0	386.086	709
66	42	0	0	0	0	398.543	710
66	41	0	0	0	0	380.658	711
66	41	0	0	0	0	399.807	712
66	40	0	0	0	0	350.542	713
66	41	0	0	0	0	377.231	714
68	41	0	0	0	0	401.596	715
68	41	0	0	0	0	346.53	716
68	39	0	0	0	0	364.017	717
68	38	0	0	0	0	369.857	718
68	37	0	0	0	0	352.022	719
69	37	0	0	0	0	364.876	720
69	37	0	0	0	0	377.307	721
64	37	0	0	0	0	363.124	722
61	37	0	0	0	0	356.811	723
60	34	0	0	0	0	257.238	724
60	33	0	0	0	0	309.992	725
61	33	0	0	0	0	332.869	726
62	32	0	0	0	0	340.563	727
61	33	0	0	0	0	344.781	728
60	33	0	0	0	0	312.538	729
60	33	0	0	0	0	303.663	730
60	31	0	0	0	0	325.885	731
61	28	0	0	0	0	288.732	732
61	30	0	0	0	0	333.816	733
62	30	0	0	0	0	341.309	734
63	29	0	0	0	0	297.884	735
63	29	0	0	0	0	344.944	736
61	28	0	0	0	0	322.045	737
65	28	0	0	0	0	312.13	738
65	28	0	0	0	0	303.418	739
66	27	0	0	0	0	300.969	740
66	26	0	0	0	0	299.6	741
59	26	0	0	0	0	285.897	742
60	27	0	0	0	0	300.724	743
60	26	0	0	0	0	301.704	744
60	25	0	0	0	0	302.434	745
61	25	0	0	0	0	303.41	746
61	22	0	0	0	0	263.46	747
61	21	0	0	0	0	245.253	748
60	20	0	0	0	0	249.968	749
59	24	0	0	0	0	286.471	750
59	24	0	0	0	0	275.079	751
60	26	0	0	0	0	271.076	752
60	26	0	0	0	0	265.837	753
61	26	0	0	0	0	285.363	754
61	24	0	0	0	0	290.574	755
61	24	0	0	0	0	289.774	756
61	24	0	0	0	0	248.465	757
61	26	0	0	0	0	272.39	758
57	26	0	0	0	0	237.89	759
56	28	0	0	0	0	274.589	760
48	28	0	0	0	0	267.442	761
48	28	0	0	0	0	272.546	762
48	28	0	0	0	0	262.008	763
48	28	0	0	0	0	288.646	764
48	29	0	0	0	0	275.47	765
47	28	0	0	0	0	234.232	766
46	28	0	0	0	0	274.65	767
45	28	0	0	0	0	248.548	768
47	28	0	0	0	0	275.134	769
47	28	0	0	0	0	245.001	770
47	28	0	0	0	0	257.776	771
47	28	0	0	0	0	294.82	772
48	28	0	0	0	0	276.425	773
49	29	0	0	0	0	227.752	774
50	29	0	0	0	0	243.186	775
50	29	0	0	0	0	274.496	776
51	29	0	0	0	0	281.778	777
51	29	0	0	0	0	309.641	778
51	29	0	0	0	0	285.505	779
51	29	0	0	0	0	286.507	780
51	29	0	0	0	0	284.232	781
51	30	0	0	0	0	302.92	782
51	30	0	0	0	0	250.017	783
51	30	0	0	0	0	280.326	784
52	31	0	0	0	0	301.606	785
52	30	0	0	0	0	264.803	786
52	32	0	0	0	0	311.182	787
51	32	0	0	0	0	295.556	788
53	34	0	0	0	0	267.307	789
53	33	0	0	0	0	307.435	790
53	33	0	0	0	0	284.259	791
50	33	0	0	0	0	274.494	792
48	33	0	0	0	0	264.205	793
48	33	0	0	0	0	259.936	794
48	34	0	0	0	0	275.97	795
40	33	0	0	0	0	227.323	796
41	37	0	0	0	0	249.681	797
41	37	0	0	0	0	259.545	798
43	37	0	0	0	0	289.276	799
43	37	0	0	0	0	264.721	800
41	37	0	0	0	0	269.98	801
39	36	0	0	0	0	245.389	802
40	36	0	0	0	0	263.675	803
40	36	0	0	0	0	277.53	804
40	35	0	0	0	0	271.363	805
37	35	0	0	0	0	239.642	806
37	35	0	0	0	0	257.676	807
36	33	0	0	0	0	235.123	808
38	33	0	0	0	0	223.269	809
38	33	0	0	0	0	247.057	810
39	33	0	0	0	0	259.191	811
39	32	0	0	0	0	211.66	812
40	32	0	0	0	0	235.812	813
42	33	0	0	0	0	236.069	814
42	33	0	0	0	0	227.777	815
42	32	0	0	0	0	229.854	816
44	32	0	0	0	0	218.21	817
43	30	0	0	0	0	221.22	818
43	32	0	0	0	0	250.476	819
44	32	0	0	0	0	265.105	820
44	36	0	0	0	0	277.435	821
44	35	0	0	0	0	270.107	822
44	36	0	0	0	0	261.819	823
44	36	0	0	0	0	278.969	824
44	36	0	0	0	0	283.147	825
44	36	0	0	0	0	290.616	826
44	36	0	0	0	0	274.936	827
43	36	0	0	0	0	243.635	828
43	36	0	0	0	0	280.743	829
41	34	0	0	0	0	254.388	830
41	34	0	0	0	0	244.363	831
41	33	0	0	0	0	264.709	832
41	32	0	0	0	0	234.996	833
42	32	0	0	0	0	256.597	834
41	32	0	0	0	0	272.692	835
42	31	0	0	0	0	273.918	836
42	31	0	0	0	0	222.844	837
43	33	0	0	0	0	285.383	838
44	34	0	0	0	0	270.616	839
45	37	0	0	0	0	295.92	840
45	40	0	0	0	0	248.581	841
45	39	0	0	0	0	282.326	842
46	37	0	0	0	0	287.1	843
46	37	0	0	0	0	302.356	844
45	36	0	0	0	0	276.698	845
45	37	0	0	0	0	299.813	846
44	37	0	0	0	0	262.598	847
44	37	0	0	0	0	304.009	848
44	36	0	0	0	0	296.69	849
44	36	0	0	0	0	286.863	850
45	36	0	0	0	0	294.465	851
45	35	0	0	0	0	272.669	852
45	35	0	0	0	0	264.681	853
45	35	0	0	0	0	263.148	854
44	34	0	0	0	0	295.678	855
44	34	0	0	0	0	269.185	856
44	33	0	0	0	0	274.424	857
44	33	0	0	0	0	280.409	858
44	33	0	0	0	0	293.134	859
44	33	0	0	0	0	290.884	860
44	33	0	0	0	0	259.488	861
44	33	0	0	0	0	266.952	862
44	34	0	0	0	0	291.645	863
46	34	0	0	0	0	297.965	864
46	35	0	0	0	0	297.335	865
46	35	0	0	0	0	283.182	866
46	33	0	0	0	0	271.647	867
46	33	0	0	0	0	302.906	868
47	33	0	0	0	0	270.218	869
48	34	0	0	0	0	282.869	870
48	36	0	0	0	0	274.509	871
47	35	0	0	0	0	234.996	872
47	34	0	0	0	0	283.305	873
45	32	0	0	0	0	228.395	874
45	32	0	0	0	0	239.232	875
45	32	0	0	0	0	253.654	876
46	34	0	0	0	0	261.163	877
46	35	0	0	0	0	242.955	878
45	36	0	0	0	0	270.302	879
43	36	0	0	0	0	259.167	880
43	38	0	0	0	0	242.364	881
43	38	0	0	0	0	238.832	882
38	38	0	0	0	0	239.841	883
38	41	0	0	0	0	226.691	884
35	41	0	0	0	0	257.111	885
34	41	0	0	0	0	236.892	886
33	41	0	0	0	0	253.312	887
34	39	0	0	0	0	248.197	888
35	38	0	0	0	0	248.545	889
35	38	0	0	0	0	247.653	890
35	36	0	0	0	0	245.89	891
35	37	0	0	0	0	251.67	892
36	36	0	0	0	0	244.034	893
36	41	0	0	0	0	224.848	894
37	41	0	0	0	0	247.51	895
37	41	0	0	0	0	239.221	896
37	40	0	0	0	0	283.023	897
38	39	0	0	0	0	239.819	898
38	40	0	0	0	0	278.817	899
37	40	0	0	0	0	271.102	900
36	38	0	0	0	0	263.47	901
36	38	0	0	0	0	277.824	902
35	38	0	0	0	0	255.505	903
36	38	0	0	0	0	243.535	904
38	38	0	0	0	0	269.189	905
39	38	0	0	0	0	237.468	906
39	37	0	0	0	0	267.624	907
37	37	0	0	0	0	244.964	908
38	36	0	0	0	0	261.655	909
38	36	0	0	0	0	264.753	910
40	40	0	0	0	0	279.404	911
39	40	0	0	0	0	280.776	912
38	40	0	0	0	0	263.902	913
38	40	0	0	0	0	275.607	914
38	40	0	0	0	0	279.755	915
38	40	0	0	0	0	286.66	916
38	40	0	0	0	0	288.317	917
38	40	0	0	0	0	263.116	918
39	40	0	0	0	0	293.699	919
38	40	0	0	0	0	270.671	920
38	44	0	0	0	0	270.766	921
38	44	0	0	0	0	271.544	922
39	44	0	0	0	0	307.168	923
39	44	0	0	0	0	301.92	924
40	44	0	0	0	0	265.107	925
41	49	0	0	0	0	293.509	926
41	49	0	0	0	0	277.927	927
40	49	0	0	0	0	271.607	928
41	49	0	0	0	0	300.419	929
40	49	0	0	0	0	277.979	930
40	48	0	0	0	0	329.165	931
40	47	0	0	0	0	324.381	932
40	47	0	0	0	0	270.205	933
40	47	0	0	0	0	321.646	934
39	47	0	0	0	0	299.66	935
39	47	0	0	0	0	330.39	936
39	47	0	0	0	0	300.982	937
40	46	0	0	0	0	296.454	938
40	45	0	0	0	0	320.323	939
40	44	0	0	0	0	281.095	940
40	44	0	0	0	0	284.813	941
40	44	0	0	0	0	305.48	942
40	44	0	0	0	0	306.351	943
40	44	0	0	0	0	321.491	944
40	44	0	0	0	0	311.012	945
41	43	0	0	0	0	296.395	946
41	43	0	0	0	0	317.631	947
41	43	0	0	0	0	272.836	948
42	41	0	0	0	0	258.616	949
41	41	0	0	0	0	281.077	950
41	41	0	0	0	0	295.385	951
41	41	0	0	0	0	305.526	952
40	41	0	0	0	0	273.091	953
40	40	0	0	0	0	260.978	954
39	39	0	0	0	0	270.005	955
39	39	0	0	0	0	279.34	956
39	38	0	0	0	0	236.383	957
41	38	0	0	0	0	260.262	958
41	36	0	0	0	0	250.355	959
40	40	0	0	0	0	241.3	960
41	39	0	0	0	0	265.032	961
40	38	0	0	0	0	266.334	962
41	38	0	0	0	0	270.749	963
40	36	0	0	0	0	214.879	964
41	39	0	0	0	0	276.059	965
40	38	0	0	0	0	276.936	966
39	39	0	0	0	0	263.52	967
39	39	0	0	0	0	239.972	968
40	39	0	0	0	0	251.994	969
45	39	0	0	0	0	274.53	970
45	35	0	0	0	0	255.523	971
45	34	0	0	0	0	292.758	972
45	34	0	0	0	0	278.627	973
43	34	0	0	0	0	263.347	974
43	33	0	0	0	0	256.362	975
39	33	0	0	0	0	228.772	976
40	33	0	0	0	0	241.804	977
41	34	0	0	0	0	233.707	978
42	34	0	0	0	0	232.729	979
42	31	0	0	0	0	244.186	980
43	27	0	0	0	0	215.846	981
43	27	0	0	0	0	239.06	982
43	27	0	0	0	0	234.46	983
43	27	0	0	0	0	245.439	984
44	26	0	0	0	0	217.046	985
48	28	0	0	0	0	250.086	986
48	27	0	0	0	0	217.124	987
48	27	0	0	0	0	254.373	988
50	28	0	0	0	0	270.459	989
50	28	0	0	0	0	267.797	990
51	30	0	0	0	0	275.564	991
51	29	0	0	0	0	266.054	992
52	30	0	0	0	0	298.952	993
53	29	0	0	0	0	264.402	994
54	29	0	0	0	0	278.935	995
56	28	0	0	0	0	283.063	996
57	28	0	0	0	0	284.158	997
58	28	0	0	0	0	275.714	998
59	27	0	0	0	0	264.706	999
59	27	0	0	0	0	258.755	1000
59	27	0	0	0	0	244.727	1001
62	27	0	0	0	0	306.736	1002
65	26	0	0	0	0	304.369	1003
65	26	0	0	0	0	313.99	1004
65	26	0	0	0	0	343.431	1005
66	26	0	0	0	0	337.653	1006
67	26	0	0	0	0	325.161	1007
67	27	0	0	0	0	307.128	1008
67	28	0	0	0	0	321.752	1009
67	27	0	0	0	0	325.783	1010
67	27	0	0	0	0	304.169	1011
67	27	0	0	0	0	306.235	1012
68	26	0	0	0	0	326.205	1013
67	26	0	0	0	0	285.685	1014
68	27	0	0	0	0	341.78	1015
68	27	0	0	0	0	304.133	1016
69	27	0	0	0	0	324.809	1017
69	27	0	0	0	0	348.176	1018
69	28	0	0	0	0	327.859	1019
69	28	0	0	0	0	359.458	1020
69	28	0	0	0	0	345.29	1021
69	28	0	0	0	0	353.256	1022
68	28	0	0	0	0	356.923	1023
66	31	0	0	0	0	355.98	1024
67	31	0	0	0	0	317.622	1025
68	32	0	0	0	0	345.252	1026
67	32	0	0	0	0	332.013	1027
67	32	0	0	0	0	335.003	1028
66	31	0	0	0	0	316.536	1029
66	31	0	0	0	0	304.774	1030
66	31	0	0	0	0	351.168	1031
68	31	0	0	0	0	338.92	1032
65	31	0	0	0	0	345.846	1033
66	36	0	0	0	0	352.583	1034
66	36	0	0	0	0	359.784	1035
66	36	0	0	0	0	362.245	1036
66	36	0	0	0	0	350.514	1037
69	36	0	0	0	0	332.024	1038
69	36	0	0	0	0	333.931	1039
70	36	0	0	0	0	381.739	1040
70	36	0	0	0	0	384.611	1041
70	36	0	0	0	0	397.771	1042
68	36	0	0	0	0	348.486	1043
69	36	0	0	0	0	332.398	1044
70	36	0	0	0	0	389.227	1045
70	36	0	0	0	0	388.094	1046
70	36	0	0	0	0	372.114	1047
68	32	0	0	0	0	326.157	1048
68	34	0	0	0	0	365.598	1049
68	35	0	0	0	0	374.615	1050
70	35	0	0	0	0	357.322	1051
70	40	0	0	0	0	330.951	1052
70	40	0	0	0	0	401.989	1053
70	44	0	0	0	0	398.856	1054
70	44	0	0	0	0	387.439	1055
70	45	0	0	0	0	390.009	1056
68	45	0	0	0	0	388.669	1057
67	45	0	0	0	0	382.8	1058
66	43	0	0	0	0	353.338	1059
67	44	0	0	0	0	377.644	1060
61	44	0	0	0	0	368.664	1061
60	44	0	0	0	0	367.69	1062
59	44	0	0	0	0	352.315	1063
60	44	0	0	0	0	364.344	1064
60	44	0	0	0	0	367.595	1065
60	44	0	0	0	0	382.418	1066
59	43	0	0	0	0	331.868	1067
60	45	0	0	0	0	373.484	1068
60	45	0	0	0	0	384.007	1069
60	44	0	0	0	0	335.775	1070
62	46	0	0	0	0	374.907	1071
63	45	0	0	0	0	381.888	1072
63	45	0	0	0	0	401.736	1073
63	44	0	0	0	0	350.846	1074
63	45	0	0	0	0	398.904	1075
64	45	0	0	0	0	393.121	1076
64	48	0	0	0	0	375.555	1077
64	48	0	0	0	0	399.03	1078
66	49	0	0	0	0	420.913	1079
64	49	0	0	0	0	383.018	1080
65	49	0	0	0	0	407.274	1081
65	49	0	0	0	0	405.235	1082
65	49	0	0	0	0	427.877	1083
65	50	0	0	0	0	404.159	1084
63	49	0	0	0	0	407.756	1085
61	49	0	0	0	0	396.276	1086
59	49	0	0	0	0	324.198	1087
62	49	0	0	0	0	375.492	1088
63	49	0	0	0	0	400.996	1089
63	50	0	0	0	0	413.169	1090
63	54	0	0	0	0	371.166	1091
62	54	0	0	0	0	389.389	1092
62	54	0	0	0	0	375.433	1093
62	54	0	0	0	0	426.974	1094
62	54	0	0	0	0	389.917	1095
64	55	0	0	0	0	425.3	1096
64	58	0	0	0	0	402.979	1097
63	57	0	0	0	0	408.173	1098
63	56	0	0	0	0	430.429	1099
61	56	0	0	0	0	428.124	1100
61	56	0	0	0	0	437.227	1101
61	55	0	0	0	0	425.417	1102
61	53	0	0	0	0	390.04	1103
62	52	0	0	0	0	362.558	1104
62	55	0	0	0	0	414.387	1105
62	55	0	0	0	0	421.103	1106
62	56	0	0	0	0	434.233	1107
62	56	0	0	0	0	360.921	1108
62	56	0	0	0	0	422.091	1109
64	54	0	0	0	0	398.56	1110
64	54	0	0	0	0	404.338	1111
64	57	0	0	0	0	448.6	1112
64	56	0	0	0	0	387.835	1113
58	56	0	0	0	0	379.442	1114
58	56	0	0	0	0	402.178	1115
56	56	0	0	0	0	368.935	1116
58	56	0	0	0	0	405.168	1117
59	54	0	0	0	0	395.86	1118
58	52	0	0	0	0	346.997	1119
57	53	0	0	0	0	387.202	1120
55	53	0	0	0	0	371.334	1121
56	58	0	0	0	0	407.28	1122
57	58	0	0	0	0	333.426	1123
53	64	0	0	0	0	351.49	1124
56	66	0	0	0	0	347.174	1125
55	66	0	0	0	0	374.517	1126
57	67	0	0	0	0	351.056	1127
56	67	0	0	0	0	351.974	1128
54	70	0	0	0	0	339.163	1129
54	73	0	0	0	0	370.165	1130
50	72	0	0	0	0	397.518	1131
50	82	0	0	0	0	404.556	1132
47	82	0	0	0	0	399.213	1133
47	81	0	0	0	0	443.539	1134
47	81	0	0	0	0	446.128	1135
45	80	0	0	0	0	447.596	1136
46	81	0	0	0	0	476.886	1137
45	81	0	0	0	0	418.306	1138
44	81	0	0	0	0	428.466	1139
44	82	0	0	0	0	440.801	1140
43	82	0	0	0	0	420.681	1141
43	81	0	0	0	0	423.237	1142
43	80	0	0	0	0	435.407	1143
41	81	0	0	0	0	437.588	1144
41	80	0	0	0	0	451.444	1145
39	81	0	0	0	0	409.487	1146
39	81	0	0	0	0	437.316	1147
39	81	0	0	0	0	417.559	1148
40	81	0	0	0	0	425.362	1149
40	81	0	0	0	0	414.205	1150
40	81	0	0	0	0	396.834	1151
39	81	0	0	0	0	458.797	1152
37	81	0	0	0	0	398.331	1153
37	82	0	0	0	0	443.517	1154
37	82	0	0	0	0	416.33	1155
37	82	0	0	0	0	450.059	1156
38	81	0	0	0	0	375.869	1157
38	80	0	0	0	0	390.888	1158
39	79	0	0	0	0	399.021	1159
39	79	0	0	0	0	403.404	1160
41	78	0	0	0	0	397.593	1161
42	78	0	0	0	0	438.245	1162
38	77	0	0	0	0	409.444	1163
38	76	0	0	0	0	329.81	1164
34	75	0	0	0	0	384.087	1165
34	78	0	0	0	0	395.036	1166
34	77	0	0	0	0	385.782	1167
34	76	0	0	0	0	391.226	1168
34	76	0	0	0	0	359.781	1169
34	75	0	0	0	0	373.46	1170
34	74	0	0	0	0	414.806	1171
34	72	0	0	0	0	300.423	1172
35	72	0	0	0	0	380.044	1173
35	71	0	0	0	0	279.689	1174
37	71	0	0	0	0	351.203	1175
38	70	0	0	0	0	339.883	1176
38	70	0	0	0	0	368.881	1177
38	69	0	0	0	0	323.735	1178
38	70	0	0	0	0	337.881	1179
36	69	0	0	0	0	362.73	1180
35	68	0	0	0	0	313.364	1181
35	69	0	0	0	0	370.505	1182
34	69	0	0	0	0	337.801	1183
34	68	0	0	0	0	353.757	1184
35	68	0	0	0	0	297.724	1185
35	67	0	0	0	0	343.142	1186
35	68	0	0	0	0	360.032	1187
35	67	0	0	0	0	329.98	1188
36	67	0	0	0	0	355.781	1189
36	68	0	0	0	0	363.808	1190
36	67	0	0	0	0	347.218	1191
38	66	0	0	0	0	379.056	1192
38	66	0	0	0	0	291.337	1193
38	65	0	0	0	0	346.973	1194
38	66	0	0	0	0	384.719	1195
37	66	0	0	0	0	372.993	1196
38	65	0	0	0	0	320.273	1197
38	64	0	0	0	0	370.209	1198
37	65	0	0	0	0	357.144	1199
38	65	0	0	0	0	369.48	1200
38	64	0	0	0	0	306.007	1201
38	59	0	0	0	0	327.922	1202
38	56	0	0	0	0	254.864	1203
38	56	0	0	0	0	345.195	1204
38	57	0	0	0	0	346.552	1205
38	57	0	0	0	0	343.858	1206
34	56	0	0	0	0	290.843	1207
34	56	0	0	0	0	287.449	1208
35	56	0	0	0	0	306.865	1209
37	54	0	0	0	0	317.352	1210
37	53	0	0	0	0	326.955	1211
37	54	0	0	0	0	316.027	1212
37	52	0	0	0	0	304.22	1213
36	51	0	0	0	0	310.15	1214
37	51	0	0	0	0	300.413	1215
38	54	0	0	0	0	287.746	1216
38	54	0	0	0	0	308.74	1217
38	53	0	0	0	0	324.582	1218
38	52	0	0	0	0	325.585	1219
40	52	0	0	0	0	321.844	1220
40	52	0	0	0	0	334.177	1221
43	52	0	0	0	0	327.121	1222
43	52	0	0	0	0	329.394	1223
44	52	0	0	0	0	354.059	1224
44	52	0	0	0	0	268.953	1225
44	50	0	0	0	0	331.315	1226
45	50	0	0	0	0	325.438	1227
46	52	0	0	0	0	331.529	1228
45	49	0	0	0	0	315.686	1229
45	50	0	0	0	0	319.986	1230
45	49	0	0	0	0	300.187	1231
43	49	0	0	0	0	298.715	1232
45	50	0	0	0	0	314.779	1233
43	49	0	0	0	0	300.166	1234
45	49	0	0	0	0	313.136	1235
45	49	0	0	0	0	298.969	1236
45	48	0	0	0	0	268.079	1237
45	47	0	0	0	0	322.418	1238
47	47	0	0	0	0	319.545	1239
47	47	0	0	0	0	330.662	1240
47	52	0	0	0	0	310.934	1241
48	53	0	0	0	0	337.561	1242
48	57	0	0	0	0	337.058	1243
48	57	0	0	0	0	345.957	1244
48	59	0	0	0	0	363.502	1245
48	59	0	0	0	0	313.953	1246
50	57	0	0	0	0	370.529	1247
50	57	0	0	0	0	379.801	1248
51	57	0	0	0	0	381.317	1249
50	63	0	0	0	0	375.125	1250
50	66	0	0	0	0	405.659	1251
47	66	0	0	0	0	369.689	1252
48	66	0	0	0	0	414.198	1253
48	66	0	0	0	0	392.984	1254
51	64	0	0	0	0	420.903	1255
51	63	0	0	0	0	413.74	1256
51	62	0	0	0	0	320.596	1257
51	63	0	0	0	0	408.644	1258
48	62	0	0	0	0	392.559	1259
48	62	0	0	0	0	389.021	1260
48	59	0	0	0	0	329.778	1261
49	59	0	0	0	0	404.579	1262
49	58	0	0	0	0	311.474	1263
49	57	0	0	0	0	380.946	1264
49	56	0	0	0	0	348.668	1265
50	55	0	0	0	0	384.37	1266
50	55	0	0	0	0	366.66	1267
51	63	0	0	0	0	393.984	1268
51	62	0	0	0	0	373.999	1269
50	61	0	0	0	0	379.173	1270
52	61	0	0	0	0	380.42	1271
52	62	0	0	0	0	395.642	1272
50	60	0	0	0	0	387.617	1273
50	61	0	0	0	0	391.63	1274
52	59	0	0	0	0	341.303	1275
53	59	0	0	0	0	387.435	1276
48	58	0	0	0	0	325.832	1277
51	58	0	0	0	0	389.615	1278
51	58	0	0	0	0	382.255	1279
50	57	0	0	0	0	387.57	1280
50	57	0	0	0	0	382.788	1281
50	54	0	0	0	0	386.618	1282
49	54	0	0	0	0	310.931	1283
49	54	0	0	0	0	330.887	1284
49	54	0	0	0	0	386.818	1285
49	53	0	0	0	0	308.822	1286
49	54	0	0	0	0	384.217	1287
51	56	0	0	0	0	378.39	1288
50	56	0	0	0	0	373.722	1289
50	57	0	0	0	0	344.908	1290
51	57	0	0	0	0	379.061	1291
50	57	0	0	0	0	361.053	1292
50	58	0	0	0	0	392.859	1293
50	56	0	0	0	0	366.288	1294
50	56	0	0	0	0	402.272	1295
51	56	0	0	0	0	396.512	1296
50	56	0	0	0	0	346.329	1297
50	56	0	0	0	0	410.08	1298
50	56	0	0	0	0	381.507	1299
50	60	0	0	0	0	387.309	1300
49	60	0	0	0	0	401.549	1301
47	59	0	0	0	0	351.213	1302
48	58	0	0	0	0	365.662	1303
47	58	0	0	0	0	363.269	1304
47	58	0	0	0	0	400.676	1305
47	58	0	0	0	0	404.226	1306
46	58	0	0	0	0	348.733	1307
46	59	0	0	0	0	315.674	1308
42	59	0	0	0	0	370.045	1309
41	59	0	0	0	0	368.866	1310
41	57	0	0	0	0	327.201	1311
41	57	0	0	0	0	341.23	1312
44	58	0	0	0	0	362.082	1313
45	56	0	0	0	0	369.971	1314
48	56	0	0	0	0	355.49	1315
49	57	0	0	0	0	338.692	1316
47	57	0	0	0	0	354.393	1317
47	58	0	0	0	0	376.236	1318
48	58	0	0	0	0	388.945	1319
48	58	0	0	0	0	352.46	1320
49	58	0	0	0	0	350.097	1321
47	56	0	0	0	0	314.774	1322
48	59	0	0	0	0	392.945	1323
48	59	0	0	0	0	405.391	1324
48	59	0	0	0	0	401.944	1325
48	59	0	0	0	0	393.695	1326
48	55	0	0	0	0	275.464	1327
48	55	0	0	0	0	323.888	1328
50	55	0	0	0	0	296.646	1329
50	60	0	0	0	0	346.726	1330
52	59	0	0	0	0	346.917	1331
50	58	0	0	0	0	325.65	1332
50	56	0	0	0	0	307.122	1333
51	55	0	0	0	0	307.771	1334
51	55	0	0	0	0	347.948	1335
51	56	0	0	0	0	335.555	1336
53	54	0	0	0	0	333.562	1337
56	53	0	0	0	0	338.904	1338
58	53	0	0	0	0	418.027	1339
58	52	0	0	0	0	357.747	1340
58	61	0	0	0	0	391.054	1341
58	61	0	0	0	0	438.039	1342
58	61	0	0	0	0	448.61	1343
59	62	0	0	0	0	407.019	1344
59	61	0	0	0	0	408.787	1345
59	61	0	0	0	0	403.557	1346
59	61	0	0	0	0	421.516	1347
61	61	0	0	0	0	436.405	1348
61	61	0	0	0	0	437.285	1349
59	60	0	0	0	0	397.726	1350
59	59	0	0	0	0	427.505	1351
59	58	0	0	0	0	416.302	1352
59	58	0	0	0	0	419.949	1353
59	57	0	0	0	0	420.531	1354
59	55	0	0	0	0	403.192	1355
59	55	0	0	0	0	417.563	1356
59	51	0	0	0	0	354.93	1357
59	50	0	0	0	0	328.329	1358
59	49	0	0	0	0	389.391	1359
57	49	0	0	0	0	396.456	1360
59	55	0	0	0	0	356.756	1361
60	56	0	0	0	0	379.503	1362
60	57	0	0	0	0	425.468	1363
61	56	0	0	0	0	384.595	1364
59	56	0	0	0	0	406.999	1365
59	55	0	0	0	0	401.848	1366
59	55	0	0	0	0	388.682	1367
59	55	0	0	0	0	397.988	1368
59	54	0	0	0	0	389.39	1369
50	55	0	0	0	0	361.284	1370
50	55	0	0	0	0	393.208	1371
47	55	0	0	0	0	339.215	1372
48	58	0	0	0	0	387.526	1373
48	58	0	0	0	0	370.106	1374
47	58	0	0	0	0	398.688	1375
48	58	0	0	0	0	397.227	1376
48	58	0	0	0	0	367.405	1377
48	58	0	0	0	0	372.995	1378
49	58	0	0	0	0	394.59	1379
49	58	0	0	0	0	343.557	1380
48	58	0	0	0	0	376.521	1381
44	57	0	0	0	0	350.627	1382
44	56	0	0	0	0	373.807	1383
44	57	0	0	0	0	315.802	1384
44	56	0	0	0	0	380.488	1385
44	56	0	0	0	0	333.207	1386
44	56	0	0	0	0	342.075	1387
44	54	0	0	0	0	344.01	1388
44	53	0	0	0	0	282.679	1389
44	54	0	0	0	0	341.616	1390
45	56	0	0	0	0	340.872	1391
45	56	0	0	0	0	308.201	1392
46	56	0	0	0	0	310.692	1393
46	54	0	0	0	0	314.149	1394
46	52	0	0	0	0	293.217	1395
45	51	0	0	0	0	359.413	1396
45	51	0	0	0	0	336.313	1397
45	49	0	0	0	0	302.557	1398
46	49	0	0	0	0	302.261	1399
42	49	0	0	0	0	295.484	1400
41	44	0	0	0	0	285.792	1401
42	45	0	0	0	0	276.77	1402
41	45	0	0	0	0	303.564	1403
41	44	0	0	0	0	305.994	1404
39	44	0	0	0	0	302.196	1405
38	45	0	0	0	0	297.594	1406
37	45	0	0	0	0	216.835	1407
37	46	0	0	0	0	271.674	1408
37	45	0	0	0	0	309.804	1409
37	46	0	0	0	0	234.539	1410
38	46	0	0	0	0	249.682	1411
38	46	0	0	0	0	247.213	1412
39	51	0	0	0	0	254.794	1413
39	50	0	0	0	0	234.793	1414
42	50	0	0	0	0	281.28	1415
44	50	0	0	0	0	268.487	1416
44	50	0	0	0	0	273.753	1417
45	49	0	0	0	0	303.341	1418
47	48	0	0	0	0	309.847	1419
47	48	0	0	0	0	337.346	1420
48	48	0	0	0	0	322.51	1421
49	48	0	0	0	0	341.107	1422
53	50	0	0	0	0	348.17	1423
54	50	0	0	0	0	365.463	1424
54	50	0	0	0	0	360.489	1425
54	49	0	0	0	0	342.933	1426
54	49	0	0	0	0	362.263	1427
54	48	0	0	0	0	355.379	1428
54	48	0	0	0	0	388.503	1429
55	48	0	0	0	0	374.64	1430
53	48	0	0	0	0	352.215	1431
55	48	0	0	0	0	351.074	1432
53	48	0	0	0	0	356.613	1433
53	46	0	0	0	0	353.268	1434
53	45	0	0	0	0	363.135	1435
52	44	0	0	0	0	290.507	1436
53	45	0	0	0	0	324.484	1437
52	45	0	0	0	0	335.3	1438
53	46	0	0	0	0	348.865	1439
53	46	0	0	0	0	338.339	1440
53	45	0	0	0	0	331.738	1441
53	45	0	0	0	0	368.013	1442
52	45	0	0	0	0	330.718	1443
52	45	0	0	0	0	337.407	1444
52	45	0	0	0	0	367.372	1445
52	45	0	0	0	0	324.557	1446
54	45	0	0	0	0	334.66	1447
55	45	0	0	0	0	330.243	1448
56	45	0	0	0	0	355.726	1449
56	43	0	0	0	0	328.605	1450
56	42	0	0	0	0	335.392	1451
54	42	0	0	0	0	348.444	1452
53	42	0	0	0	0	317.283	1453
52	47	0	0	0	0	360.586	1454
53	46	0	0	0	0	321.513	1455
52	50	0	0	0	0	372.515	1456
52	51	0	0	0	0	341.72	1457
51	50	0	0	0	0	322.667	1458
51	50	0	0	0	0	354.363	1459
51	51	0	0	0	0	295.006	1460
51	51	0	0	0	0	298.599	1461
51	50	0	0	0	0	312.96	1462
48	50	0	0	0	0	303.305	1463
45	50	0	0	0	0	286.518	1464
40	49	0	0	0	0	287.633	1465
40	52	0	0	0	0	316.104	1466
40	52	0	0	0	0	324.206	1467
39	51	0	0	0	0	257.593	1468
40	50	0	0	0	0	307.172	1469
40	49	0	0	0	0	299.325	1470
40	48	0	0	0	0	305.029	1471
41	48	0	0	0	0	322.691	1472
42	46	0	0	0	0	313.309	1473
44	46	0	0	0	0	298.13	1474
43	46	0	0	0	0	342.403	1475
44	45	0	0	0	0	334.371	1476
44	45	0	0	0	0	302.827	1477
45	47	0	0	0	0	333.19	1478
46	51	0	0	0	0	275.509	1479
46	50	0	0	0	0	308.363	1480
49	50	0	0	0	0	330.366	1481
51	51	0	0	0	0	378.05	1482
51	50	0	0	0	0	355.15	1483
51	50	0	0	0	0	359.199	1484
48	50	0	0	0	0	279.474	1485
49	50	0	0	0	0	359.548	1486
51	50	0	0	0	0	347.772	1487
46	50	0	0	0	0	354.647	1488
47	51	0	0	0	0	358.878	1489
47	49	0	0	0	0	324.564	1490
49	49	0	0	0	0	338.984	1491
49	48	0	0	0	0	334.312	1492
49	49	0	0	0	0	337.488	1493
50	51	0	0	0	0	344.722	1494
49	50	0	0	0	0	339.436	1495
49	51	0	0	0	0	347.681	1496
49	51	0	0	0	0	356.565	1497
50	51	0	0	0	0	346.312	1498
50	50	0	0	0	0	341.933	1499
51	49	0	0	0	0	330.042	1500
54	52	0	0	0	0	378.709	1501
54	52	0	0	0	0	359.504	1502
54	52	0	0	0	0	362.513	1503
56	52	0	0	0	0	379.8	1504
55	51	0	0	0	0	332.468	1505
56	54	0	0	0	0	355.769	1506
57	54	0	0	0	0	339.077	1507
55	54	0	0	0	0	368.06	1508
55	54	0	0	0	0	321.329	1509
50	54	0	0	0	0	326.301	1510
51	54	0	0	0	0	378.196	1511
50	54	0	0	0	0	375.424	1512
51	54	0	0	0	0	357.835	1513
52	55	0	0	0	0	330.971	1514
52	56	0	0	0	0	397.552	1515
52	58	0	0	0	0	395.896	1516
52	58	0	0	0	0	360.314	1517
51	58	0	0	0	0	347.793	1518
52	56	0	0	0	0	396.458	1519
52	56	0	0	0	0	370.408	1520
52	56	0	0	0	0	405.84	1521
51	55	0	0	0	0	381.605	1522
51	53	0	0	0	0	370.279	1523
51	53	0	0	0	0	375.461	1524
49	52	0	0	0	0	370.345	1525
51	52	0	0	0	0	379.333	1526
50	52	0	0	0	0	302.16	1527
50	52	0	0	0	0	331.377	1528
52	52	0	0	0	0	381.481	1529
52	50	0	0	0	0	384.924	1530
53	51	0	0	0	0	368.087	1531
55	51	0	0	0	0	346.87	1532
55	52	0	0	0	0	392.23	1533
55	52	0	0	0	0	382.329	1534
55	53	0	0	0	0	318.144	1535
56	52	0	0	0	0	397.601	1536
57	52	0	0	0	0	360.41	1537
59	53	0	0	0	0	375.487	1538
59	52	0	0	0	0	388.147	1539
58	50	0	0	0	0	408.302	1540
58	50	0	0	0	0	384.236	1541
59	52	0	0	0	0	355.585	1542
61	65	0	0	0	0	396.082	1543
60	67	0	0	0	0	420.838	1544
61	68	0	0	0	0	448.107	1545
61	68	0	0	0	0	446.226	1546
61	69	0	0	0	0	442.309	1547
62	68	0	0	0	0	445.355	1548
60	68	0	0	0	0	459.648	1549
61	67	0	0	0	0	446.785	1550
61	67	0	0	0	0	432.576	1551
57	66	0	0	0	0	384.45	1552
57	68	0	0	0	0	446.561	1553
57	68	0	0	0	0	447.201	1554
58	68	0	0	0	0	428.964	1555
59	67	0	0	0	0	416.514	1556
59	67	0	0	0	0	433.495	1557
60	66	0	0	0	0	441.513	1558
60	66	0	0	0	0	426.188	1559
62	65	0	0	0	0	395.225	1560
62	66	0	0	0	0	472.712	1561
65	68	0	0	0	0	446.859	1562
64	68	0	0	0	0	486.447	1563
65	68	0	0	0	0	432.429	1564
65	68	0	0	0	0	444.174	1565
67	68	0	0	0	0	475.004	1566
67	68	0	0	0	0	448.855	1567
69	68	0	0	0	0	468.345	1568
69	69	0	0	0	0	495.222	1569
68	70	0	0	0	0	502.732	1570
68	69	0	0	0	0	479.332	1571
68	70	0	0	0	0	504.859	1572
67	69	0	0	0	0	412.913	1573
68	69	0	0	0	0	513.412	1574
68	69	0	0	0	0	495.348	1575
68	70	0	0	0	0	484.846	1576
67	68	0	0	0	0	474.127	1577
68	68	0	0	0	0	475.131	1578
69	68	0	0	0	0	500.752	1579
70	68	0	0	0	0	483.465	1580
70	68	0	0	0	0	486.363	1581
71	68	0	0	0	0	506.704	1582
71	69	0	0	0	0	446.519	1583
71	66	0	0	0	0	434	1584
71	66	0	0	0	0	412.051	1585
71	66	0	0	0	0	518.289	1586
68	65	0	0	0	0	469.202	1587
68	66	0	0	0	0	500.463	1588
67	66	0	0	0	0	478.132	1589
67	67	0	0	0	0	476.276	1590
66	67	0	0	0	0	499.183	1591
67	68	0	0	0	0	469.127	1592
67	67	0	0	0	0	454.216	1593
69	65	0	0	0	0	468.046	1594
69	65	0	0	0	0	452.539	1595
69	66	0	0	0	0	477.942	1596
68	66	0	0	0	0	456.651	1597
69	66	0	0	0	0	466.683	1598
69	64	0	0	0	0	479.812	1599
69	64	0	0	0	0	458.754	1600
71	64	0	0	0	0	430.178	1601
71	65	0	0	0	0	447.708	1602
71	65	0	0	0	0	472.11	1603
71	62	0	0	0	0	461.025	1604
70	62	0	0	0	0	455.565	1605
70	61	0	0	0	0	477.953	1606
71	61	0	0	0	0	446.349	1607
73	62	0	0	0	0	434.911	1608
73	62	0	0	0	0	457.422	1609
73	63	0	0	0	0	520.943	1610
73	62	0	0	0	0	486.127	1611
73	61	0	0	0	0	425.396	1612
73	61	0	0	0	0	464.014	1613
69	61	0	0	0	0	457.987	1614
73	62	0	0	0	0	460.855	1615
74	61	0	0	0	0	513.183	1616
75	61	0	0	0	0	462.378	1617
77	68	0	0	0	0	498.151	1618
78	67	0	0	0	0	501.805	1619
78	66	0	0	0	0	496.77	1620
78	64	0	0	0	0	448.043	1621
78	64	0	0	0	0	456.145	1622
78	65	0	0	0	0	462.138	1623
55	46	0	0	0	0	363.716	1624
57	47	0	0	0	0	370.035	1625
58	48	0	0	0	0	399.873	1626
58	48	0	0	0	0	365.757	1627
49	45	0	0	0	0	323.298	1628
49	45	0	0	0	0	326.848	1629
49	45	0	0	0	0	316.157	1630
50	45	0	0	0	0	331.04	1631
47	45	0	0	0	0	320.297	1632
47	45	0	0	0	0	310.969	1633
49	44	0	0	0	0	319.928	1634
49	45	0	0	0	0	341.239	1635
46	45	0	0	0	0	306.408	1636
43	45	0	0	0	0	306.717	1637
43	44	0	0	0	0	302.735	1638
43	44	0	0	0	0	317.974	1639
44	44	0	0	0	0	309.093	1640
45	44	0	0	0	0	319.477	1641
44	43	0	0	0	0	292.034	1642
43	43	0	0	0	0	328.141	1643
42	42	0	0	0	0	289.31	1644
42	42	0	0	0	0	283.365	1645
42	42	0	0	0	0	293.961	1646
42	42	0	0	0	0	291.683	1647
41	41	0	0	0	0	290.574	1648
41	41	0	0	0	0	301.41	1649
41	40	0	0	0	0	285.469	1650
37	39	0	0	0	0	272.752	1651
37	39	0	0	0	0	268.687	1652
37	38	0	0	0	0	266.529	1653
38	38	0	0	0	0	261.456	1654
38	37	0	0	0	0	257.773	1655
37	37	0	0	0	0	257.457	1656
37	38	0	0	0	0	262.498	1657
37	38	0	0	0	0	256.933	1658
37	38	0	0	0	0	256.876	1659
