unique_top_cov	unique_bot_cov	redundant_top_cov	redundant_bot_cov	raw_redundant_top_cov	raw_redundant_bot_cov	e_value	position
5	2	0	0	0	0	nan	1
5	4	0	0	0	0	7.1858	2
5	4	0	0	0	0	14.068	3
5	5	0	0	0	0	12.7461	4
5	5	0	0	0	0	14.0773	5
5	5	0	0	0	0	17.2222	6
5	5	0	0	0	0	18.5174	7
5	5	0	0	0	0	19.5055	8
5	5	0	0	0	0	20.1771	9
5	5	0	0	0	0	19.59	10
6	5	0	0	0	0	15.6968	11
6	5	0	0	0	0	23.4001	12
6	5	0	0	0	0	23.3817	13
7	5	0	0	0	0	17.8568	14
7	7	0	0	0	0	25.1445	15
8	7	0	0	0	0	30.1444	16
8	7	0	0	0	0	29.9301	17
9	7	0	0	0	0	34.6863	18
10	7	0	0	0	0	31.7334	19
11	7	0	0	0	0	39.7192	20
11	7	0	0	0	0	42.9345	21
11	7	0	0	0	0	42.8965	22
11	7	0	0	0	0	44.2535	23
11	7	0	0	0	0	44.8846	24
11	7	0	0	0	0	44.1213	25
11	7	0	0	0	0	42.1687	26
11	7	0	0	0	0	46.1088	27
11	7	0	0	0	0	42.5322	28
11	7	0	0	0	0	43.3976	29
11	7	0	0	0	0	45.3951	30
11	7	0	0	0	0	45.6548	31
13	7	0	0	0	0	43.7596	32
13	7	0	0	0	0	46.7011	33
13	7	0	0	0	0	52.1341	34
14	7	0	0	0	0	51.5043	35
14	7	0	0	0	0	45.1606	36
14	7	0	0	0	0	50.8923	37
14	7	0	0	0	0	51.0148	38
14	7	0	0	0	0	52.0927	39
14	7	0	0	0	0	51.3483	40
14	7	0	0	0	0	54.7965	41
14	7	0	0	0	0	54.9848	42
15	7	0	0	0	0	51.6883	43
15	7	0	0	0	0	51.9041	44
15	7	0	0	0	0	51.981	45
15	7	0	0	0	0	46.5775	46
16	7	0	0	0	0	54.4563	47
16	7	0	0	0	0	57.8719	48
17	7	0	0	0	0	62.1678	49
17	7	0	0	0	0	63.8091	50
17	7	0	0	0	0	64.9787	51
17	7	0	0	0	0	64.6744	52
17	7	0	0	0	0	58.4185	53
17	7	0	0	0	0	54.8211	54
18	7	0	0	0	0	63.8386	55
18	7	0	0	0	0	65.7703	56
19	7	0	0	0	0	66.8734	57
19	7	0	0	0	0	62.6673	58
19	7	0	0	0	0	64.1971	59
19	8	0	0	0	0	67.7289	60
19	9	0	0	0	0	69.2396	61
19	9	0	0	0	0	70.5885	62
19	9	0	0	0	0	68.6824	63
19	9	0	0	0	0	72.9792	64
19	9	0	0	0	0	69.0568	65
20	9	0	0	0	0	76.0689	66
20	9	0	0	0	0	80.2975	67
20	9	0	0	0	0	78.4011	68
21	9	0	0	0	0	85.3143	69
22	9	0	0	0	0	74.789	70
23	9	0	0	0	0	79.7111	71
24	9	0	0	0	0	90.9113	72
24	12	0	0	0	0	94.0938	73
24	12	0	0	0	0	96.2794	74
24	12	0	0	0	0	104.909	75
24	12	0	0	0	0	106.014	76
24	12	0	0	0	0	100.92	77
24	12	0	0	0	0	100.185	78
24	12	0	0	0	0	107.771	79
24	12	0	0	0	0	26.2233	80
24	12	0	0	0	0	103.9	81
24	14	0	0	0	0	100.147	82
24	14	0	0	0	0	111.097	83
24	14	0	0	0	0	96.0502	84
24	17	0	0	0	0	113.07	85
24	17	0	0	0	0	111.489	86
24	17	0	0	0	0	123.197	87
24	17	0	0	0	0	124.645	88
24	17	0	0	0	0	43.7185	89
25	17	0	0	0	0	124.035	90
25	17	0	0	0	0	117.952	91
25	17	0	0	0	0	127.427	92
25	17	0	0	0	0	129.703	93
26	17	0	0	0	0	125.174	94
26	17	0	0	0	0	125.863	95
25	17	0	0	0	0	127.985	96
25	17	0	0	0	0	125.839	97
25	17	0	0	0	0	121.681	98
26	17	0	0	0	0	131.189	99
25	17	0	0	0	0	48.0535	100
25	17	0	0	0	0	124.351	101
25	17	0	0	0	0	121.415	102
25	17	0	0	0	0	136.132	103
25	16	0	0	0	0	41.6037	104
25	16	0	0	0	0	122.524	105
25	16	0	0	0	0	123.738	106
26	16	0	0	0	0	130.976	107
26	16	0	0	0	0	135.142	108
26	15	0	0	0	0	129.598	109
26	16	0	0	0	0	133.228	110
26	16	0	0	0	0	124.428	111
25	16	0	0	0	0	119.843	112
25	17	0	0	0	0	121.075	113
24	17	0	0	0	0	122.246	114
24	18	0	0	0	0	116.229	115
23	18	0	0	0	0	36.2103	116
22	18	0	0	0	0	122.63	117
22	18	0	0	0	0	138.499	118
22	19	0	0	0	0	48.4504	119
22	21	0	0	0	0	126.998	120
22	21	0	0	0	0	141.375	121
22	21	0	0	0	0	149.666	122
22	21	0	0	0	0	138.001	123
22	22	0	0	0	0	143.25	124
22	22	0	0	0	0	45.3648	125
22	23	0	0	0	0	143.242	126
22	23	0	0	0	0	143.772	127
22	23	0	0	0	0	149.704	128
23	25	0	0	0	0	141.891	129
23	28	0	0	0	0	167.834	130
22	28	0	0	0	0	171.183	131
22	29	0	0	0	0	160.65	132
21	28	0	0	0	0	154.487	133
21	28	0	0	0	0	162.319	134
21	28	0	0	0	0	179.464	135
20	28	0	0	0	0	154.953	136
20	28	0	0	0	0	154.004	137
20	28	0	0	0	0	164.443	138
20	29	0	0	0	0	155.766	139
20	29	0	0	0	0	165.669	140
18	27	0	0	0	0	146.843	141
18	27	0	0	0	0	152.826	142
18	27	0	0	0	0	35.5568	143
19	27	0	0	0	0	164.49	144
19	27	0	0	0	0	160.825	145
19	27	0	0	0	0	159.466	146
19	26	0	0	0	0	152.236	147
19	26	0	0	0	0	152.803	148
19	27	0	0	0	0	157.96	149
20	27	0	0	0	0	153.882	150
20	27	0	0	0	0	146.573	151
20	27	0	0	0	0	167.008	152
20	28	0	0	0	0	167.874	153
20	29	0	0	0	0	150.835	154
20	29	0	0	0	0	168.928	155
20	29	0	0	0	0	167.362	156
20	29	0	0	0	0	166.271	157
20	30	0	0	0	0	184.145	158
20	30	0	0	0	0	159.755	159
20	31	0	0	0	0	144.579	160
19	31	0	0	0	0	180.843	161
19	29	0	0	0	0	41.4443	162
20	33	0	0	0	0	165.742	163
20	34	0	0	0	0	178.215	164
20	34	0	0	0	0	174.889	165
20	35	0	0	0	0	178.038	166
21	35	0	0	0	0	201.439	167
20	37	0	0	0	0	181.515	168
18	37	0	0	0	0	189.374	169
17	37	0	0	0	0	177.13	170
17	37	0	0	0	0	197.301	171
16	37	0	0	0	0	192.712	172
16	37	0	0	0	0	187.411	173
16	37	0	0	0	0	24.3398	174
16	37	0	0	0	0	204.315	175
16	37	0	0	0	0	12.4191	176
16	39	0	0	0	0	177.37	177
17	41	0	0	0	0	183.173	178
17	43	0	0	0	0	189.32	179
17	43	0	0	0	0	214.564	180
17	43	0	0	0	0	199.457	181
15	43	0	0	0	0	17.1288	182
17	45	0	0	0	0	205.372	183
17	45	0	0	0	0	200.001	184
17	45	0	0	0	0	208.985	185
17	45	0	0	0	0	212.884	186
16	45	0	0	0	0	213.489	187
14	45	0	0	0	0	208.119	188
13	45	0	0	0	0	201.513	189
13	45	0	0	0	0	206.989	190
13	45	0	0	0	0	210.898	191
13	45	0	0	0	0	191.798	192
13	45	0	0	0	0	194.662	193
13	45	0	0	0	0	191.194	194
13	45	0	0	0	0	207.079	195
13	45	0	0	0	0	174.268	196
11	45	0	0	0	0	195.03	197
11	45	0	0	0	0	207.796	198
11	44	0	0	0	0	168.16	199
10	44	0	0	0	0	184.699	200
10	44	0	0	0	0	198.7	201
10	44	0	0	0	0	174.438	202
8	43	0	0	0	0	-5.822	203
9	43	0	0	0	0	174.858	204
9	43	0	0	0	0	166.681	205
10	43	0	0	0	0	173.944	206
10	43	0	0	0	0	184.245	207
10	43	0	0	0	0	165.04	208
10	42	0	0	0	0	173.493	209
10	41	0	0	0	0	180.7	210
10	40	0	0	0	0	167.672	211
10	39	0	0	0	0	160.792	212
10	38	0	0	0	0	157.489	213
10	38	0	0	0	0	163.243	214
10	38	0	0	0	0	172.185	215
10	39	0	0	0	0	166.414	216
10	38	0	0	0	0	137.549	217
10	37	0	0	0	0	163.537	218
9	37	0	0	0	0	155.478	219
7	37	0	0	0	0	150.946	220
7	37	0	0	0	0	137.154	221
7	38	0	0	0	0	155.165	222
7	36	0	0	0	0	145.011	223
7	36	0	0	0	0	149.953	224
7	36	0	0	0	0	129.018	225
7	36	0	0	0	0	131.24	226
7	35	0	0	0	0	108.688	227
7	34	0	0	0	0	129.276	228
7	34	0	0	0	0	135.435	229
7	33	0	0	0	0	135.718	230
7	32	0	0	0	0	142.241	231
8	32	0	0	0	0	134.03	232
8	32	0	0	0	0	126.901	233
8	32	0	0	0	0	130.087	234
9	31	0	0	0	0	136.944	235
9	31	0	0	0	0	138.517	236
9	31	0	0	0	0	135.18	237
9	31	0	0	0	0	140.032	238
9	31	0	0	0	0	137.906	239
9	31	0	0	0	0	135.733	240
9	31	0	0	0	0	119.864	241
9	31	0	0	0	0	121.737	242
10	30	0	0	0	0	114.155	243
10	30	0	0	0	0	114.668	244
9	27	0	0	0	0	112.669	245
9	27	0	0	0	0	130.429	246
9	27	0	0	0	0	116.099	247
10	27	0	0	0	0	123.269	248
10	27	0	0	0	0	125.213	249
10	27	0	0	0	0	126.241	250
10	26	0	0	0	0	120.534	251
10	26	0	0	0	0	127.363	252
10	26	0	0	0	0	98.4582	253
10	26	0	0	0	0	113.802	254
10	26	0	0	0	0	115.796	255
10	25	0	0	0	0	115.409	256
10	25	0	0	0	0	107.986	257
10	24	0	0	0	0	103.282	258
10	22	0	0	0	0	97.608	259
10	21	0	0	0	0	109.346	260
10	21	0	0	0	0	106.29	261
10	21	0	0	0	0	93.4651	262
10	21	0	0	0	0	106.15	263
10	21	0	0	0	0	103.503	264
10	21	0	0	0	0	101.554	265
10	21	0	0	0	0	102.537	266
10	21	0	0	0	0	102.822	267
10	19	0	0	0	0	79.0439	268
10	19	0	0	0	0	89.9951	269
10	18	0	0	0	0	97.3508	270
10	18	0	0	0	0	90.4968	271
10	17	0	0	0	0	93.5165	272
10	17	0	0	0	0	95.0476	273
10	16	0	0	0	0	78.4872	274
10	16	0	0	0	0	79.0739	275
10	16	0	0	0	0	78.7025	276
10	15	0	0	0	0	83.785	277
10	15	0	0	0	0	73.1783	278
9	13	0	0	0	0	67.7438	279
9	12	0	0	0	0	62.9079	280
9	12	0.333333	0	1	0	67.7171	281
9	12	0.333333	0	1	0	64.8316	282
9	12	0.333333	0	1	0	70.6638	283
9	12	0.333333	0	1	0	67.0765	284
9	12	0.333333	0	1	0	65.9338	285
9	12	0.333333	0	1	0	60.2373	286
9	12	0.333333	0	1	0	69.4792	287
9	11	0.333333	0	1	0	62.1326	288
9	11	0.333333	0	1	0	54.7105	289
9	10	0.333333	0	1	0	63.0208	290
9	10	0.333333	0	1	0	58.1626	291
9	10	0.333333	0	1	0	55.1879	292
9	9	0.333333	0	1	0	55.241	293
9	9	0.333333	0	1	0	60.6851	294
9	9	0.333333	0	1	0	46.2872	295
9	9	0.333333	0	1	0	52.7576	296
8	9	0.333333	0	1	0	49.9416	297
8	9	0.333333	0	1	0	40.8976	298
6	8	0.333333	0	1	0	42.6493	299
6	8	0.333333	0	1	0	34.4019	300
6	8	0.333333	0	1	0	32.5688	301
6	8	0.333333	0	1	0	32.9211	302
6	7	0.333333	0	1	0	34.3924	303
4	7	0.333333	0	1	0	23.5532	304
4	7	0.333333	0	1	0	30.0243	305
4	7	0.333333	0	1	0	31.9709	306
4	7	0.333333	0	1	0	29.3871	307
4	7	0.333333	0	1	0	33.8669	308
4	7	0.333333	0	1	0	22.9031	309
4	6	0.333333	0	1	0	26.4208	310
4	6	0.333333	0	1	0	26.1285	311
3	6	0.333333	0	1	0	25.9661	312
3	6	0.333333	0	1	0	25.0331	313
3	6	0.333333	0	1	0	19.9469	314
3	5	0.333333	0	1	0	22.3555	315
3	5	0.333333	0	1	0	19.618	316
3	4	0.333333	0	1	0	18.4602	317
3	4	0.333333	0	1	0	14.9563	318
3	3	0.333333	0	1	0	11.6224	319
3	3	0.333333	0	1	0	9.66624	320
2	3	0.333333	0	1	0	11.3044	321
2	3	0.333333	0	1	0	4.67654	322
1	3	0.333333	0	1	0	0.800664	323
1	3	0.333333	0	1	0	1.64046	324
1	3	0.333333	0	1	0	1.83641	325
0	3	0	0	0	0	nan	326
0	3	0	0	0	0	nan	327
0	1	0	0	0	0	nan	328
