unique_top_cov	unique_bot_cov	redundant_top_cov	redundant_bot_cov	raw_redundant_top_cov	raw_redundant_bot_cov	e_value	position
2	0	0	0	0	0	nan	1
2	0	0	0	0	0	nan	2
2	0	0	0	0	0	-1.11855	3
2	0	0	0	0	0	-1.6714	4
2	0	0	0	0	0	-1.43193	5
2	2	0.2	0	1	0	-0.635669	6
2	2	0.2	0	1	0	4.45143	7
2	2	0.2	0	1	0	3.23966	8
3	2	0.2	0	1	0	2.57076	9
3	2	0.2	0	1	0	3.86293	10
3	2	0.533333	0	3	0	8.85204	11
3	2	0.533333	0	3	0	5.93081	12
3	2	0.533333	0	3	0	8.18618	13
4	2	0.533333	0	3	0	8.13131	14
4	2	0.533333	0	3	0	12.3306	15
4	2	0.533333	0	3	0	11.7888	16
4	4	0.533333	0	3	0	12.6949	17
5	4	0.533333	0	3	0	18.467	18
5	4	0.533333	0	3	0	17.7075	19
5	4	0.533333	0	3	0	23.5972	20
5	4	0.533333	0	3	0	22.912	21
5	6	0.533333	0	3	0	23.6476	22
5	6	0.533333	0	3	0	29.5919	23
5	6	0.533333	0	3	0	27.2833	24
6	7	0.533333	0	3	0	30.4519	25
6	7	0.533333	0	3	0	28.7652	26
6	8	0.533333	0	3	0	32.2449	27
6	8	0.533333	0	3	0	37.9432	28
6	8	0.533333	0	3	0	38.9618	29
6	8	0.533333	0	3	0	42.277	30
6	8	0.533333	0	3	0	42.2543	31
7	8	0.533333	0	3	0	41.6299	32
7	8	0.533333	0	3	0	39.9276	33
7	8	0.533333	0	3	0	45.1614	34
7	8	0.533333	0	3	0	38.8812	35
7	8	0.533333	0	3	0	47.4317	36
7	8	0.533333	0	3	0	39.9297	37
7	8	0.533333	0	3	0	46.902	38
7	8	0.533333	0	3	0	39.5352	39
7	8	0.533333	0	3	0	47.6489	40
7	9	0.533333	0	3	0	47.3322	41
7	9	0.533333	0	3	0	50.04	42
7	9	0.533333	0	3	0	45.8779	43
7	9	0.533333	0	3	0	47.6844	44
7	9	0.533333	0	3	0	47.2938	45
7	9	0.533333	0	3	0	44.7861	46
7	9	0.533333	0	3	0	49.2965	47
7	9	0.533333	0	3	0	47.0056	48
7	9	0.533333	0	3	0	48.7742	49
7	9	0.2	0	1	0	44.4296	50
7	9	0.2	0	1	0	46.9366	51
7	9	0.2	0	1	0	52.8289	52
7	10	0.2	0	1	0	48.3523	53
7	10	0.2	0	1	0	54.2492	54
7	10	0.2	0	1	0	53.4236	55
7	10	0.2	0	1	0	54.2398	56
7	10	0.2	0	1	0	53.1836	57
7	10	0.2	0	1	0	51.6422	58
7	10	0.2	0	1	0	45.4129	59
7	10	0.2	0	1	0	53.828	60
7	10	0.2	0	1	0	49.2551	61
7	10	0	0	0	0	52.6786	62
7	10	0	0	0	0	50.0148	63
7	10	0	0	0	0	51.7207	64
7	10	0	0	0	0	54.7897	65
7	10	0	0	0	0	54.9164	66
8	11	0	0	0	0	54.2379	67
8	11	0	0	0	0	54.2492	68
8	11	0	0	0	0	53.7636	69
8	11	0	0	0	0	53.0129	70
8	11	0	0	0	0	62.148	71
8	11	0	0	0	0	64.3506	72
8	11	0	0	0	0	61.1592	73
8	11	0	0	0	0	61.3223	74
8	11	0	0	0	0	55.1671	75
8	11	0	0	0	0	56.9993	76
8	11	0	0	0	0	56.8172	77
8	11	0	0	0	0	58.2104	78
8	11	0	0	0	0	56.3679	79
8	11	0	0	0	0	56.671	80
7	12	0	0	0	0	53.1954	81
7	13	0	0	0	0	60.4489	82
7	13	0	0	0	0	59.1905	83
7	13	0	0	0	0	63.2924	84
7	13	0	0	0	0	63.2924	85
8	13	0	0	0	0	64.6208	86
9	13	0	0	0	0	59.9906	87
9	13	0	0	0	0	61.4012	88
9	13	0	0	0	0	66.5863	89
9	13	0	0	0	0	61.7612	90
9	13	0	0	0	0	65.4136	91
9	13	0	0	0	0	59.7665	92
9	13	0	0	0	0	70.6252	93
9	13	0	0	0	0	68.9665	94
9	12	0	0	0	0	64.044	95
9	12	0	0	0	0	65.912	96
9	10	0	0	0	0	54.808	97
10	10	0	0	0	0	59.6591	98
10	9	0	0	0	0	61.7528	99
10	9	0	0	0	0	58.8209	100
10	9	0	0	0	0	62.6975	101
10	10	0	0	0	0	53.2003	102
10	10	0	0	0	0	52.1723	103
10	10	0	0	0	0	59.1984	104
10	10	0	0	0	0	67.6732	105
10	10	0	0	0	0	69.4289	106
10	10	0	0	0	0	64.0883	107
10	10	0	0	0	0	67.3254	108
10	10	0	0	0	0	56.8425	109
10	9	0	0	0	0	58.6125	110
11	9	0	0	0	0	57.7423	111
11	9	0	0	0	0	52.8857	112
11	9	0	0	0	0	61.5869	113
10	9	0	0	0	0	60.0907	114
12	9	0	0	0	0	62.3946	115
12	9	0	0	0	0	60.2167	116
12	8	0	0	0	0	58.7291	117
12	7	0	0	0	0	55.8087	118
11	7	0	0	0	0	60.5009	119
11	7	0	0	0	0	61.632	120
11	7	0	0	0	0	58.3619	121
11	6	0	0	0	0	51.9052	122
11	6	0	0	0	0	61.4269	123
11	6	0	0	0	0	57.5941	124
12	6	0	0	0	0	58.8255	125
12	6	0	0	0	0	59.002	126
12	6	0	0	0	0	57.9666	127
12	6	0	0	0	0	61.0883	128
12	7	0	0	0	0	64.1279	129
12	7	0	0	0	0	63.2501	130
12	7	0	0	0	0	61.5569	131
12	7	0	0	0	0	56.9809	132
12	6	0	0	0	0	66.195	133
12	7	0	0	0	0	62.3236	134
14	8	0	0	0	0	64.9335	135
14	8	0	0	0	0	59.0986	136
14	9	0	0	0	0	68.6702	137
14	10	0	0	0	0	76.8335	138
15	10	0	0	0	0	81.8251	139
15	10	0	0	0	0	83.6829	140
15	11	0	0	0	0	77.9344	141
15	11	0	0	0	0	78.9438	142
15	11	0	0	0	0	77.7709	143
14	11	0	0	0	0	81.2173	144
14	11	0	0	0	0	83.8794	145
14	12	0	0	0	0	86.1411	146
14	12	0	0	0	0	85.5092	147
14	12	0	0	0	0	80.3978	148
13	12	0	0	0	0	84.4743	149
13	12	0	0	0	0	89.7589	150
13	12	0	0	0	0	83.907	151
13	12	0	0	0	0	81.1827	152
13	12	0	0	0	0	85.2404	153
13	12	0	0	0	0	78.4867	154
13	12	0	0	0	0	87.7999	155
13	12	0	0	0	0	87.0009	156
13	12	0	0	0	0	86.0361	157
13	12	0	0	0	0	82.8142	158
13	12	0	0	0	0	82.7414	159
13	12	0	0	0	0	91.4496	160
13	12	0	0	0	0	86.6691	161
13	13	0	0	0	0	87.1956	162
13	13	0	0	0	0	86.1266	163
13	13	0	0	0	0	82.5704	164
13	13	0	0	0	0	88.4056	165
13	13	0	0	0	0	88.6505	166
14	13	0	0	0	0	88.8976	167
14	13	0	0	0	0	85.4684	168
14	13	0	0	0	0	84.5248	169
14	13	0	0	0	0	89.127	170
14	13	0	0	0	0	84.5398	171
14	13	0	0	0	0	95.2056	172
14	13	0	0	0	0	80.2627	173
14	13	0	0	0	0	89.8591	174
13	12	0	0	0	0	79.5689	175
13	12	0	0	0	0	72.1672	176
13	14	0	0	0	0	83.7918	177
13	14	0	0	0	0	92.2997	178
13	14	0	0	0	0	77.0022	179
15	14	0	0	0	0	95.0866	180
15	15	0	0	0	0	101.972	181
15	15	0	0	0	0	100.802	182
15	15	0	0	0	0	96.9551	183
15	15	0	0	0	0	99.9608	184
16	15	0	0	0	0	100.154	185
15	15	0	0	0	0	99.0396	186
15	15	0	0	0	0	110.292	187
15	15	0	0	0	0	98.5674	188
15	15	0	0	0	0	112.325	189
15	15	0	0	0	0	105.509	190
15	15	0	0	0	0	104.381	191
15	16	0	0	0	0	87.3222	192
15	15	0	0	0	0	101.01	193
15	16	0	0	0	0	105.589	194
15	16	0	0	0	0	108.202	195
15	17	0	0	0	0	99.8142	196
15	18	0	0	0	0	103.594	197
15	18	0	0	0	0	106.689	198
14	18	0	0	0	0	104.255	199
14	18	0	0	0	0	110.743	200
14	18	0	0	0	0	103.264	201
15	19	0	0	0	0	110.772	202
15	19	0	0	0	0	111.672	203
15	19	0	0	0	0	113.331	204
15	19	0	0	0	0	108.881	205
15	21	0	0	0	0	113.959	206
15	21	0	0	0	0	106	207
15	21	0	0	0	0	110.324	208
17	22	0	0	0	0	135.281	209
17	22	0	0	0	0	118.635	210
17	23	0	0	0	0	123.35	211
17	23	0	0	0	0	132.186	212
17	23	0	0	0	0	128.729	213
17	23	0	0	0	0	113.77	214
17	24	0	0	0	0	140.244	215
17	24	0	0	0	0	133.714	216
16	23	0	0	0	0	132.242	217
16	24	0	0	0	0	131.861	218
16	25	0	0	0	0	129.189	219
17	24	0	0	0	0	129.57	220
17	24	0	0	0	0	150.907	221
17	25	0	0	0	0	139.401	222
17	26	0	0	0	0	142.312	223
17	26	0	0	0	0	144.973	224
17	26	0	0	0	0	153.289	225
17	26	0	0	0	0	136.533	226
18	26	0	0	0	0	134.439	227
0	0	0	0	0	0	nan	228
0	0	0	0	0	0	nan	229
0	0	0	0	0	0	nan	230
0	0	0	0	0	0	nan	231
0	0	0	0	0	0	nan	232
0	0	0	0	0	0	nan	233
0	0	0	0	0	0	nan	234
0	0	0	0	0	0	nan	235
0	0	0	0	0	0	nan	236
0	0	0	0	0	0	nan	237
0	0	0	0	0	0	nan	238
0	0	0	0	0	0	nan	239
0	0	0	0	0	0	nan	240
0	0	0	0	0	0	nan	241
0	0	0	0	0	0	nan	242
0	0	0	0	0	0	nan	243
0	0	0	0	0	0	nan	244
0	0	0	0	0	0	nan	245
0	0	0	0	0	0	nan	246
0	0	0	0	0	0	nan	247
0	0	0	0	0	0	nan	248
0	0	0	0	0	0	nan	249
0	0	0	0	0	0	nan	250
