unique_top_cov	unique_bot_cov	redundant_top_cov	redundant_bot_cov	raw_redundant_top_cov	raw_redundant_bot_cov	e_value	position
3	0	0	0	0	0	nan	1
3	0	0	0	0	0	2.99204	2
3	0	0	0	0	0	1.12988	3
3	0	0	0	0	0	1.95457	4
3	0	0	0	0	0	2.63748	5
3	0	0	0	0	0	1.77458	6
3	0	0	0	0	0	3.00972	7
3	1	0	0	0	0	1.93948	8
3	2	0	0	0	0	5.50741	9
7	2	0	0	0	0	10.5582	10
7	2	0	0	0	0	8.79483	11
8	2	0	0	0	0	23.7553	12
8	5	0	0	0	0	26.9565	13
8	5	0	0	0	0	36.4502	14
9	5	0	0	0	0	33.7354	15
9	5	0	0	0	0	37.8195	16
9	5	0	0	0	0	41.3798	17
9	5	0	0	0	0	39.953	18
9	5	0	0	0	0	40.638	19
9	5	0	0	0	0	36.9791	20
11	5	0	0	0	0	43.8897	21
11	5	0	0	0	0	49.4814	22
11	5	0	0	0	0	48.5069	23
11	5	0	0	0	0	46.329	24
11	5	0	0	0	0	45.1635	25
11	5	0	0	0	0	47.6505	26
11	6	0	0	0	0	48.8888	27
11	6	0	0	0	0	51.1703	28
11	6	0	0	0	0	47.6696	29
11	6	0	0	0	0	56.4237	30
11	6	0	0	0	0	47.674	31
11	6	0	0	0	0	56.3265	32
12	6	0	0	0	0	54.2015	33
12	6	0	0	0	0	58.9042	34
13	6	0	0	0	0	57.678	35
13	12	0	0	0	0	56.6125	36
13	12	0	0	0	0	79.9402	37
14	12	0	0	0	0	76.599	38
14	12	0	0	0	0	82.7822	39
14	12	0	0	0	0	83.2798	40
16	12	0	0	0	0	66.7963	41
16	12	0	0	0	0	67.9936	42
16	12	0	0	0	0	98.0509	43
16	12	0	0	0	0	86.9929	44
16	12	0	0	0	0	89.7562	45
16	12	0	0	0	0	89.5674	46
16	12	0	0	0	0	89.6295	47
16	12	0	0	0	0	88.5249	48
16	12	0	0	0	0	91.4907	49
16	13	0	0	0	0	94.401	50
16	13	0	0	0	0	89.6699	51
16	14	0	0	0	0	96.6766	52
18	14	0	0	0	0	86.8573	53
18	15	0	0	0	0	96.3941	54
19	15	0	0	0	0	99.3059	55
19	15	0	0	0	0	109.293	56
20	15	0	0	0	0	108.504	57
20	15	0	0	0	0	103.363	58
20	15	0	0	0	0	114.51	59
20	15	0	0	0	0	112.497	60
20	15	0	0	0	0	112.678	61
21	15	0	0	0	0	114.771	62
22	15	0	0	0	0	120.692	63
22	15	0	0	0	0	112.31	64
22	15	0	0	0	0	128.36	65
22	17	0	0	0	0	130.05	66
22	17	0	0	0	0	121.187	67
23	17	0	0	0	0	123.505	68
25	17	0	0	0	0	124.002	69
26	17	0	0	0	0	130.397	70
27	17	0	0	0	0	147.845	71
27	17	0	0	0	0	145.062	72
27	17	0	0	0	0	147.737	73
27	17	0	0	0	0	134.06	74
27	17	0	0	0	0	143.283	75
27	17	0	0	0	0	136.605	76
26	18	0	0	0	0	146.468	77
26	18	0	0	0	0	145.255	78
26	18	0	0	0	0	147.354	79
26	18	0	0	0	0	155.191	80
28	18	0	0	0	0	159.942	81
28	18	0	0	0	0	142.755	82
28	18	0	0	0	0	160.331	83
28	17	0	0	0	0	152.076	84
28	17	0	0	0	0	144.774	85
28	17	0	0	0	0	135.945	86
28	17	0	0	0	0	151.344	87
28	17	0	0	0	0	155.325	88
28	17	0	0	0	0	156.889	89
28	17	0	0	0	0	4.51311	90
29	17	0	0	0	0	149.982	91
29	17	0	0	0	0	156.946	92
29	17	0	0	0	0	152.396	93
29	17	0	0	0	0	155.704	94
29	19	0	0	0	0	161.248	95
29	19	0	0	0	0	146.246	96
29	19	0	0	0	0	149.764	97
29	19	0	0	0	0	171.728	98
29	19	0	0	0	0	139.487	99
30	19	0	0	0	0	145.431	100
30	19	0	0	0	0	169.83	101
30	21	0	0	0	0	156.216	102
30	20	0	0	0	0	172.219	103
29	20	0	0	0	0	173.504	104
29	20	0	0	0	0	162.187	105
28	19	0	0	0	0	149.3	106
27	19	0	0	0	0	163.192	107
27	19	0	0	0	0	139.906	108
27	19	0	0	0	0	140.083	109
27	20	0	0	0	0	146.769	110
27	20	0	0	0	0	140.405	111
28	19	0	0	0	0	140.819	112
28	19	0	0	0	0	148.713	113
27	19	0	0	0	0	157.654	114
28	19	0	0	0	0	163.766	115
28	19	0	0	0	0	162.021	116
28	19	0	0	0	0	141.463	117
29	18	0	0	0	0	158.48	118
29	17	0	0	0	0	10.6192	119
29	18	0	0	0	0	151.861	120
29	18	0	0	0	0	142.503	121
29	18	0	0	0	0	155.89	122
30	18	0	0	0	0	151.081	123
30	18	0	0	0	0	163.13	124
30	18	0	0	0	0	167.392	125
30	17	0	0	0	0	2.6816	126
30	17	0	0	0	0	160.18	127
30	17	0	0	0	0	166.605	128
29	17	0	0	0	0	149.326	129
28	17	0	0	0	0	153.73	130
28	17	0	0	0	0	-5.73904	131
29	19	0	0	0	0	146.173	132
29	19	0	0	0	0	149.494	133
29	19	0	0	0	0	171.07	134
29	19	0	0	0	0	159.933	135
29	19	0	0	0	0	146.801	136
29	19	0	0	0	0	162.338	137
29	19	0	0	0	0	166.224	138
28	18	0	0	0	0	159.056	139
28	18	0	0	0	0	168.872	140
28	18	0	0	0	0	149.076	141
28	18	0	0	0	0	152.992	142
28	18	0	0	0	0	154.039	143
29	19	0	0	0	0	150.136	144
29	18	0	0	0	0	176.771	145
29	18	0	0	0	0	154.604	146
28	18	0	0	0	0	147.252	147
28	18	0	0	0	0	149.841	148
28	18	0	0	0	0	162.974	149
28	17	0	0	0	0	157.115	150
28	18	0	0	0	0	166.483	151
28	18	0	0	0	0	156.423	152
28	18	0	0	0	0	4.62514	153
28	20	0	0	0	0	166.329	154
28	20	0	0	0	0	162.752	155
28	21	0	0	0	0	144.701	156
28	21	0	0	0	0	148.016	157
28	20	0	0	0	0	139.842	158
28	22	0	0	0	0	145.923	159
24	22	0	0	0	0	146.346	160
24	22	0	0	0	0	154.994	161
23	22	0	0	0	0	141.198	162
22	21	0	0	0	0	139.673	163
22	22	0	0	0	0	146.394	164
21	22	0	0	0	0	150.195	165
21	21	0	0	0	0	142.186	166
21	21	0	0	0	0	135.63	167
21	20	0	0	0	0	135.374	168
21	20	0	0	0	0	126.72	169
21	19	0	0	0	0	145.167	170
20	19	0	0	0	0	126.527	171
20	19	0	0	0	0	132.585	172
20	19	0	0	0	0	136.817	173
20	19	0	0	0	0	130.345	174
20	19	0	0	0	0	125.248	175
19	19	0	0	0	0	7.3097	176
19	19	0	0	0	0	124.797	177
19	22	0	0	0	0	131.878	178
19	24	0	0	0	0	117.356	179
19	24	0	0	0	0	121.577	180
19	23	0	0	0	0	138.327	181
19	23	0	0	0	0	123.634	182
19	23	0	0	0	0	146.079	183
19	23	0	0	0	0	136.816	184
18	21	0	0	0	0	131.613	185
18	19	0	0	0	0	135.862	186
18	19	0	0	0	0	109.508	187
17	19	0	0	0	0	127.882	188
17	19	0	0	0	0	131.846	189
17	19	0	0	0	0	124.326	190
17	18	0	0	0	0	104.834	191
17	18	0	0	0	0	122.044	192
17	18	0	0	0	0	108.618	193
17	18	0	0	0	0	122.493	194
15	18	0	0	0	0	99.0285	195
15	18	0	0	0	0	114.693	196
15	17	0	0	0	0	114.822	197
15	17	0	0	0	0	114.556	198
15	17	0	0	0	0	115.068	199
15	17	0	0	0	0	118.231	200
15	17	0	0	0	0	107.948	201
15	16	0	0	0	0	111.085	202
14	16	0	0.333333	0	1	94.8449	203
14	16	0	0.333333	0	1	102.647	204
14	16	0	0.333333	0	1	104.961	205
14	16	0.333333	0.333333	1	1	110.741	206
14	16	0.333333	0.333333	1	1	93.6339	207
14	15	0.333333	0.333333	1	1	98.7178	208
14	15	0.333333	0.333333	1	1	83.9785	209
14	14	0.333333	0.333333	1	1	87.0305	210
14	14	0.333333	0.333333	1	1	86.4137	211
11	14	0.333333	0.333333	1	1	84.7228	212
11	13	0.333333	0.333333	1	1	74.9381	213
11	13	0.333333	0.333333	1	1	77.7245	214
11	13	0.333333	0.333333	1	1	80.0224	215
11	13	0.333333	0.333333	1	1	77.9067	216
11	13	0.333333	0.333333	1	1	82.712	217
11	13	0.333333	0.333333	1	1	76.3751	218
10	13	0.333333	0.333333	1	1	76.2066	219
10	13	0.333333	0.333333	1	1	74.5235	220
8	13	0.333333	0.333333	1	1	62.6441	221
8	13	0.333333	0.333333	1	1	68.0034	222
8	12	0.333333	0.333333	1	1	59.857	223
8	12	0.333333	0.333333	1	1	69.0223	224
8	12	0.333333	0.333333	1	1	64.2749	225
8	12	0.333333	0.333333	1	1	61.2668	226
8	12	0.333333	0.333333	1	1	67.7547	227
8	12	0.333333	0.333333	1	1	68.011	228
8	12	0.333333	0.333333	1	1	60.1377	229
8	12	0.333333	0.333333	1	1	62.1131	230
7	12	0.333333	0.333333	1	1	56.4628	231
7	12	0.333333	0.333333	1	1	59.1408	232
7	12	0.333333	0.333333	1	1	55.8804	233
7	11	0.333333	0.333333	1	1	54.1906	234
7	11	0.333333	0.333333	1	1	56.2579	235
7	11	0.333333	0.333333	1	1	54.121	236
7	11	0.333333	0.333333	1	1	50.785	237
7	11	0.333333	0.333333	1	1	51.6471	238
7	11	0.333333	0.333333	1	1	61.0641	239
7	11	0.333333	0.333333	1	1	56.7866	240
7	11	0.333333	0.333333	1	1	59.5983	241
7	11	0.333333	0.333333	1	1	58.5346	242
7	11	0.333333	0.333333	1	1	57.3398	243
7	11	0.333333	0.333333	1	1	54.6553	244
7	11	0.333333	0.333333	1	1	52.5022	245
7	11	0.333333	0.333333	1	1	57.7543	246
7	11	0.333333	0.333333	1	1	47.4294	247
7	10	0.333333	0.333333	1	1	39.3489	248
7	10	0	0.333333	0	1	41.1668	249
5	9	0	0.333333	0	1	42.267	250
5	9	0	0.333333	0	1	37.7803	251
4	8	0	0.333333	0	1	30.8916	252
3	8	0	0.333333	0	1	29.4096	253
3	7	0	0.333333	0	1	21.9905	254
3	7	0	0.333333	0	1	23.4706	255
3	7	0	0.333333	0	1	27.504	256
3	7	0	0.333333	0	1	22.451	257
3	7	0	0.333333	0	1	26.1101	258
3	7	0	0.333333	0	1	18.3289	259
3	7	0	0.333333	0	1	28.2085	260
3	7	0	0.333333	0	1	21.91	261
2	7	0	0.333333	0	1	22.3642	262
2	6	0	0.333333	0	1	20.267	263
2	5	0	0.333333	0	1	19.2991	264
2	5	0	0.333333	0	1	9.42552	265
2	5	0	0.333333	0	1	11.7776	266
2	4	0	0.333333	0	1	9.65226	267
2	4	0	0.333333	0	1	10.4347	268
2	4	0	0.333333	0	1	12.3532	269
2	3	0	0.333333	0	1	7.6922	270
2	3	0	0.333333	0	1	12.1933	271
2	3	0	0.333333	0	1	11.0839	272
2	3	0	0	0	0	9.73675	273
2	3	0	0	0	0	nan	274
2	2	0	0	0	0	nan	275
