unique_top_cov	unique_bot_cov	redundant_top_cov	redundant_bot_cov	raw_redundant_top_cov	raw_redundant_bot_cov	e_value	position
0	0	0	0	0	0	nan	1
0	0	0	0	0	0	nan	2
0	0	0	0	0	0	nan	3
0	1	0	0.333333	0	1	nan	4
0	1	0	0.333333	0	1	-3.19739	5
0	1	0	0.333333	0	1	-3.19739	6
0	1	0	0.333333	0	1	-3.31756	7
0	1	0	0.333333	0	1	-3.19739	8
0	1	0	0.333333	0	1	-2.95229	9
0	1	0	0.333333	0	1	-2.7002	10
0	1	0	0.333333	0	1	-4.3674	11
0	1	0	0.333333	0	1	-2.95229	12
1	1	0	0.333333	0	1	-2.95229	13
1	3	0	0.333333	0	1	0.00774727	14
2	3	0	0.333333	0	1	6.56765	15
2	3	0	0.333333	0	1	12.0003	16
2	3	0	0.333333	0	1	10.4182	17
2	3	0	0.333333	0	1	11.0645	18
2	3	0	0.333333	0	1	11.4652	19
2	3	0	0.333333	0	1	12.3764	20
2	3	0	0.333333	0	1	9.81441	21
2	3	0	0.333333	0	1	10.4425	22
2	3	0	0.333333	0	1	11.4652	23
2	3	0	0.333333	0	1	11.3337	24
2	3	0	0.333333	0	1	13.6763	25
2	3	0	0.333333	0	1	12.7378	26
2	3	0	0.333333	0	1	12.0223	27
2	3	0	0.333333	0	1	11.8338	28
3	3	0	0.333333	0	1	12.3573	29
3	3	0	0.333333	0	1	10.7954	30
3	3	0	0.333333	0	1	15.7851	31
4	3	0	0.333333	0	1	16.229	32
4	3	0	0.333333	0	1	20.733	33
4	3	0	0.333333	0	1	16.6366	34
4	3	0	0.333333	0	1	18.6679	35
4	3	0	0.333333	0	1	15.452	36
5	4	0	0.333333	0	1	17.1896	37
5	4	0	0.333333	0	1	21.5321	38
5	4	0	0.333333	0	1	16.677	39
5	4	0	0.333333	0	1	24.8424	40
5	4	0	0.333333	0	1	26.8028	41
5	4	0	0.333333	0	1	27.8873	42
5	4	0	0.333333	0	1	22.1879	43
5	4	0	0.333333	0	1	22.1879	44
5	4	0	0.333333	0	1	27.3767	45
5	4	0	0.333333	0	1	29.4326	46
5	4	0	0.333333	0	1	26.2841	47
5	4	0	0.333333	0	1	24.2384	48
5	4	0	0.333333	0	1	26.0205	49
5	4	0	0.333333	0	1	25.3785	50
5	4	0	0.333333	0	1	25.9574	51
5	4	0	0.333333	0	1	28.01	52
5	4	0	0.333333	0	1	22.7702	53
5	4	0	0.333333	0	1	27.5429	54
5	4	0	0.333333	0	1	26.6054	55
5	4	0	0.333333	0	1	26.7763	56
5	4	0	0.333333	0	1	28.01	57
5	4	0	0.333333	0	1	29.2642	58
5	4	0	0.333333	0	1	28.3028	59
5	4	0	0.333333	0	1	27.5429	60
5	4	0	0.333333	0	1	28.5575	61
5	4	0	0.333333	0	1	28.01	62
5	4	0	0.333333	0	1	27.349	63
5	4	0	0	0	0	25.8643	64
5	4	0	0	0	0	19.6908	65
5	4	0	0	0	0	26.4968	66
6	4	0	0	0	0	21.935	67
6	4	0	0	0	0	31.481	68
7	4	0	0	0	0	31.9584	69
7	4	0	0	0	0	32.8835	70
7	4	0	0	0	0	34.7394	71
7	5	0	0	0	0	31.0479	72
7	5	0	0	0	0	35.3113	73
7	5	0	0	0	0	30.103	74
7	5	0	0	0	0	35.3113	75
7	5	0	0	0	0	31.7353	76
8	5	0	0	0	0	36.9673	77
8	5	0	0	0	0	45.6901	78
8	5	0	0	0	0	40.9764	79
8	5	0	0	0	0	40.9501	80
8	5	0	0	0	0	43.1762	81
8	5	0	0	0	0	43.4075	82
8	5	0	0	0	0	38.8882	83
9	5	0	0	0	0	42.2862	84
9	5	0	0	0	0	47.0056	85
9	5	0	0	0	0	49.2375	86
9	5	0	0	0	0	38.6426	87
10	5	0	0	0	0	44.1717	88
10	5	0	0	0	0	44.2038	89
10	5	0	0	0	0	50.8126	90
10	5	0	0	0	0	50.9196	91
10	5	0	0	0	0	46.1375	92
11	5	0	0	0	0	53.163	93
11	5	0	0	0	0	47.8605	94
12	5	0	0	0	0	52.4843	95
13	5	0	0	0	0	50.9141	96
13	5	0	0	0	0	60.8792	97
13	5	0	0	0	0	58.0113	98
13	5	0	0	0	0	65.3321	99
13	5	0	0	0	0	49.3445	100
14	5	0	0	0	0	53.9916	101
15	5	0	0	0	0	60.2149	102
15	5	0	0	0	0	55.5788	103
15	5	0	0	0	0	69.3101	104
15	5	0	0	0	0	66.2497	105
15	5	0	0	0	0	65.6138	106
15	5	0	0	0	0	67.3868	107
15	5	0	0	0	0	67.8897	108
15	5	0	0	0	0	60.4413	109
15	5	0	0	0	0	62.0382	110
15	6	0	0	0	0	65.6087	111
15	6	0	0	0	0	60.5957	112
15	6	0	0	0	0	62.1721	113
15	6	0	0	0	0	66.4001	114
15	6	0	0	0	0	67.2834	115
15	6	0	0	0	0	75.9711	116
15	6	0	0	0	0	71.3988	117
15	6	0	0	0	0	69.6872	118
15	6	0	0	0	0	72.3484	119
15	6	0	0	0	0	72.4831	120
15	6	0	0	0	0	72.7698	121
15	6	0	0	0	0	69.3506	122
15	8	0	0	0	0	75.6949	123
15	8	0	0	0	0	75.8026	124
15	8	0	0	0	0	71.9229	125
15	9	0	0	0	0	64.0484	126
15	9	0	0	0	0	70.4541	127
15	9	0	0	0	0	76.4044	128
14	9	0	0	0	0	70.9585	129
14	9	0	0	0	0	66.2268	130
14	12	0	0	0	0	82.8034	131
14	12	0	0	0	0	84.9247	132
14	12	0	0	0	0	82.0326	133
14	12	0	0	0	0	89.7404	134
14	12	0	0	0	0	90.6988	135
14	12	0	0	0	0	88.2285	136
14	12	0	0	0	0	92.3578	137
14	13	0	0	0	0	85.8628	138
14	13	0	0	0	0	87.8757	139
13	13	0	0	0	0	86.4764	140
13	13	0	0	0	0	78.9376	141
13	13	0	0	0	0	80.1809	142
13	13	0	0	0	0	77.3094	143
12	13	0	0	0	0	84.941	144
12	13	0	0	0	0	84.2694	145
12	14	0	0	0	0	72.6	146
11	14	0	0	0	0	74.9193	147
11	14	0	0	0	0	81.2577	148
11	14	0	0	0	0	81.1818	149
11	14	0	0	0	0	76.2918	150
11	14	0	0	0	0	82.7446	151
11	14	0	0	0	0	87.0449	152
11	14	0	0	0	0	79.2296	153
10	13	0	0	0	0	81.5008	154
10	13	0	0	0	0	77.9567	155
10	13	0	0	0	0	75.9954	156
11	13	0	0	0	0	78.1576	157
11	13	0	0	0	0	82.1495	158
11	13	0	0	0	0	70.398	159
11	13	0	0	0	0	61.6566	160
11	13	0	0	0	0	68.6182	161
11	13	0	0	0	0	65.072	162
12	13	0	0	0	0	72.9872	163
11	10	0	0	0	0	64.9544	164
11	10	0	0	0	0	68.932	165
11	10	0	0	0	0	72.0487	166
11	11	0	0	0	0	70.2173	167
11	11	0	0	0	0	69.4852	168
11	11	0	0	0	0	76.4001	169
11	11	0	0	0	0	70.6097	170
11	11	0	0	0	0	76.0856	171
11	11	0	0	0	0	70.2773	172
12	11	0	0	0	0	81.194	173
12	11	0	0	0	0	72.2313	174
12	11	0	0	0	0	69.4906	175
11	11	0	0	0	0	68.4922	176
11	11	0	0	0	0	72.2278	177
11	11	0	0	0	0	76.4645	178
11	11	0	0	0	0	64.6841	179
11	10	0	0	0	0	63.5998	180
11	10	0	0	0	0	65.3543	181
10	9	0	0	0	0	65.2929	182
11	9	0	0	0	0	70.1376	183
11	9	0	0	0	0	64.5007	184
11	10	0	0	0	0	62.6217	185
11	11	0	0	0	0	72.1823	186
11	11	0	0	0	0	69.3998	187
11	11	0	0	0	0	57.8432	188
11	12	0	0	0	0	69.4343	189
11	12	0	0	0	0	81.821	190
11	12	0	0	0	0	65.7993	191
11	12	0	0	0	0	70.615	192
10	12	0	0	0	0	70.4016	193
10	14	0	0	0	0	77.1356	194
9	14	0	0	0	0	80.062	195
9	14	0	0	0	0	72.2014	196
8	13	0	0	0	0	72.4898	197
8	14	0	0	0	0	60.9989	198
8	13	0	0	0	0	63.8781	199
9	13	0	0	0	0	70.4305	200
9	13	0	0	0	0	74.3227	201
9	13	0	0	0	0	66.1442	202
9	14	0	0	0	0	65.4411	203
9	14	0	0	0	0	84.3079	204
9	14	0	0	0	0	75.335	205
9	14	0	0	0	0	72.6184	206
8	14	0	0	0	0	75.1044	207
8	16	0	0	0	0	75.7635	208
8	16	0	0	0	0	80.2025	209
9	16	0	0	0	0	74.6044	210
9	17	0	0	0	0	85.3707	211
9	18	0	0	0	0	94.8134	212
9	18	0	0	0	0	91.9291	213
9	18	0	0	0	0	91.3495	214
9	18	0	0	0	0	88.8566	215
9	18	0	0	0	0	91.7256	216
9	18	0	0	0	0	88.1491	217
9	18	0	0	0	0	98.8396	218
9	18	0	0	0	0	87.5883	219
10	18	0	0	0	0	92.031	220
8	18	0	0	0	0	85.8836	221
8	18	0	0	0	0	89.2311	222
9	18	0	0	0	0	90.3397	223
9	18	0	0	0	0	90.6088	224
10	18	0	0	0	0	85.0889	225
10	18	0	0	0	0	82.2685	226
9	18	0	0	0	0	100.853	227
9	18	0	0	0	0	84.818	228
9	18	0	0	0	0	88.9786	229
9	17	0	0	0	0	85.8281	230
9	17	0	0	0	0	83.6697	231
9	18	0	0	0	0	87.6347	232
10	18	0	0	0	0	87.603	233
10	19	0	0	0	0	100.558	234
10	19	0	0	0	0	98.5257	235
11	19	0	0	0	0	97.1168	236
11	20	0	0	0	0	94.1009	237
11	20	0	0	0	0	100.086	238
11	21	0	0	0	0	90.2495	239
11	20	0	0	0	0	99.5819	240
11	20	0	0	0	0	96.6359	241
11	20	0	0	0	0	94.4803	242
11	20	0	0	0	0	102.374	243
12	20	0	0	0	0	103.572	244
12	20	0	0	0	0	111.319	245
11	19	0	0	0	0	104.534	246
12	19	0	0	0	0	100.784	247
12	19	0	0	0	0	116.249	248
12	19	0	0	0	0	99.9779	249
12	19	0	0	0	0	102.202	250
12	19	0	0	0	0	111.064	251
12	19	0	0	0	0	110.864	252
12	19	0	0	0	0	88.6113	253
13	19	0	0	0	0	96.7915	254
13	18	0	0	0	0	106.674	255
13	18	0	0	0	0	108.694	256
13	18	0	0	0	0	111.348	257
13	18	0	0	0	0	102.481	258
13	18	0	0	0	0	102.486	259
13	18	0	0	0	0	114.101	260
13	18	0	0	0	0	98.1992	261
13	18	0	0	0	0	108.621	262
13	18	0	0	0	0	103.428	263
13	18	0	0	0	0	101.958	264
14	18	0	0	0	0	95.2737	265
15	18	0	0	0	0	119.136	266
15	18	0	0	0	0	114.861	267
15	18	0	0	0	0	114.116	268
16	18	0	0	0	0	104.73	269
16	18	0	0	0	0	109.371	270
16	16	0	0	0	0	104.332	271
17	16	0	0	0	0	109.2	272
18	16	0	0	0	0	116.541	273
18	16	0	0	0	0	121.305	274
18	16	0	0	0	0	114.675	275
18	16	0	0	0	0	122.147	276
18	16	0	0	0	0	122.775	277
19	16	0	0	0	0	100.78	278
19	15	0	0	0	0	115.991	279
19	15	0	0	0	0	108.092	280
19	14	0	0	0	0	118.093	281
19	14	0	0	0	0	126.061	282
21	14	0	0	0	0	109.933	283
21	13	0	0	0	0	100.983	284
21	13	0	0	0	0	112.889	285
21	13	0	0	0	0	113.488	286
21	13	0	0	0	0	105.016	287
21	12	0	0	0	0	114.33	288
21	12	0	0	0	0	114.777	289
21	12	0	0	0	0	110.457	290
21	12	0	0	0	0	115.146	291
21	11	0	0	0	0	105.008	292
21	11	0	0	0	0	114.413	293
21	11	0	0	0	0	98.302	294
21	11	0	0	0	0	104.893	295
21	11	0	0	0	0	104.369	296
21	11	0	0	0	0	105.499	297
22	11	0	0	0	0	110.855	298
22	11	0	0	0	0	119.633	299
22	11	0	0	0	0	108.052	300
22	11	0	0	0	0	91.6028	301
22	11	0	0	0	0	89.3114	302
21	11	0	0	0	0	96.2613	303
21	11	0	0	0	0	83.6356	304
21	11	0	0	0	0	93.582	305
21	10	0	0	0	0	88.7509	306
20	10	0	0	0	0	100.662	307
19	9	0	0	0	0	96.9321	308
19	9	0	0	0	0	98.8036	309
19	9	0	0	0	0	91.5077	310
19	9	0	0	0	0	100.054	311
19	9	0	0	0	0	85.7169	312
19	9	0	0	0	0	83.5892	313
19	9	0	0	0	0	77.9484	314
19	8	0	0	0	0	86.0631	315
18	8	0	0	0	0	86.1819	316
18	8	0	0	0	0	84.6575	317
19	8	0	0	0	0	83.9513	318
19	8	0	0	0	0	85.798	319
19	8	0	0	0	0	85.916	320
19	8	0	0	0	0	83.3849	321
19	8	0	0	0	0	79.4384	322
19	7	0	0	0	0	90.6726	323
19	7	0	0	0	0	86.66	324
19	7	0	0	0	0	85.0792	325
19	7	0	0	0	0	81.5539	326
19	6	0	0	0	0	73.1844	327
20	6	0	0	0	0	81.6803	328
20	6	0	0	0	0	90.4874	329
20	6	0	0	0	0	79.1204	330
21	6	0	0	0	0	86.2702	331
21	6	0	0	0	0	89.3715	332
21	6	0	0	0	0	89.7564	333
21	6	0	0	0	0	88.177	334
21	5	0	0	0	0	94.0814	335
22	4	0	0	0	0	83.6386	336
22	4	0	0	0	0	72.3469	337
22	4	0	0	0	0	74.9542	338
22	3	0	0	0	0	79.1943	339
22	3	0	0	0	0	72.1297	340
22	2	0	0	0	0	76.6407	341
22	2	0	0	0	0	78.1845	342
22	2	0	0	0	0	78.1845	343
22	1	0	0	0	0	72.3317	344
20	1	0	0	0	0	68.8873	345
20	1	0	0	0	0	68.4188	346
20	1	0	0	0	0	63.1284	347
20	1	0	0	0	0	63.8347	348
20	1	0	0	0	0	61.1795	349
18	1	0	0	0	0	59.3938	350
18	1	0	0	0	0	66.1768	351
19	1	0	0	0	0	61.6518	352
20	1	0	0	0	0	72.8291	353
21	1	0	0	0	0	77.1147	354
21	1	0	0	0	0	75.8473	355
21	1	0	0	0	0	74.2831	356
21	3	0	0	0	0	73.2427	357
21	3	0	0	0	0	72.8007	358
21	3	0	0	0	0	74.3791	359
21	3	0	0	0	0	71.6106	360
21	3	0	0	0	0	79.614	361
21	3	0	0	0	0	82.1838	362
21	3	0	0	0	0	83.1664	363
21	3	0	0	0	0	70.4547	364
17	3	0	0	0	0	69.3354	365
17	3	0	0	0	0	63.0686	366
17	3	0	0	0	0	65.3845	367
18	3	0	0	0	0	67.6312	368
18	3	0	0	0	0	65.8168	369
18	4	0	0	0	0	67.2133	370
18	4	0	0	0	0	70.6091	371
18	4	0	0	0	0	66.0505	372
18	4	0	0	0	0	76.3154	373
18	4	0	0	0	0	67.6883	374
15	4	0	0	0	0	65.5182	375
15	4	0	0	0	0	60.1997	376
15	4	0	0	0	0	57.3465	377
15	3	0	0	0	0	55.9743	378
15	3	0	0	0	0	63.3529	379
15	3	0	0	0	0	62.0928	380
15	3	0	0	0	0	62.6474	381
16	3	0	0	0	0	56.9432	382
16	3	0	0	0	0	68.0986	383
16	4	0	0	0	0	61.3295	384
17	4	0	0	0	0	69.1427	385
18	4	0	0	0	0	64.7646	386
18	4	0	0	0	0	69.2846	387
18	4	0	0	0	0	75.2797	388
19	4	0	0	0	0	61.5655	389
19	4	0	0	0	0	64.6257	390
18	4	0	0	0	0	72.084	391
18	4	0	0	0	0	70.4227	392
18	4	0	0	0	0	69.5186	393
17	4	0	0	0	0	72.5897	394
17	4	0	0	0	0	67.2702	395
17	4	0	0	0	0	62.2489	396
17	4	0	0	0	0	74.5221	397
17	4	0	0	0	0	74.5711	398
17	4	0	0	0	0	68.0152	399
17	4	0	0	0	0	63.5753	400
17	4	0	0	0	0	66.1331	401
19	4	0	0	0	0	71.318	402
20	4	0	0	0	0	78.4769	403
20	4	0	0	0	0	78.5132	404
21	4	0	0	0	0	70.4409	405
18	4	0	0	0	0	69.982	406
18	4	0	0	0	0	61.3559	407
17	4	0	0	0	0	65.5121	408
17	3	0	0	0	0	63.9746	409
17	3	0	0	0	0	64.6565	410
16	3	0	0	0	0	60.7471	411
17	4	0	0	0	0	60.403	412
18	4	0	0	0	0	58.2795	413
18	4	0	0	0	0	56.3877	414
18	4	0	0	0	0	54.3864	415
18	4	0	0	0	0	58.3439	416
18	4	0	0	0	0	56.1626	417
17	4	0	0	0	0	60.6174	418
17	4	0	0	0	0	69.1367	419
16	4	0	0	0	0	65.7175	420
16	4	0	0	0	0	68.8268	421
16	4	0	0	0	0	66.3616	422
16	4	0	0	0	0	64.0648	423
16	6	0	0	0	0	73.4729	424
16	6	0	0	0	0	67.7512	425
16	7	0	0	0	0	75.9714	426
16	7	0	0	0	0	72.6366	427
16	7	0	0	0	0	70.8667	428
16	8	0	0	0	0	81.025	429
16	8	0	0	0	0	74.8278	430
16	8	0	0	0	0	69.3327	431
16	8	0	0	0	0	66.652	432
14	8	0	0	0	0	66.1676	433
14	8	0	0	0	0	71.556	434
13	8	0	0	0	0	69.1555	435
13	8	0	0	0	0	72.6505	436
13	8	0	0	0	0	72.3766	437
12	8	0	0	0	0	69.7562	438
12	8	0	0	0	0	69.7562	439
12	8	0	0	0	0	68.6304	440
12	8	0	0	0	0	62.051	441
12	8	0	0	0	0	66.7439	442
12	8	0	0	0	0	69.9744	443
12	8	0	0	0	0	63.89	444
11	8	0	0	0	0	63.8378	445
11	8	0	0	0	0	54.5349	446
11	8	0	0	0	0	69.0599	447
11	8	0	0	0	0	63.146	448
12	8	0	0	0	0	61.4209	449
12	8	0	0	0	0	62.2707	450
12	8	0	0	0	0	64.222	451
13	8	0	0	0	0	66.743	452
13	8	0	0	0	0	63.8404	453
14	8	0	0	0	0	65.7549	454
14	8	0	0	0	0	62.1966	455
14	8	0	0	0	0	65.1079	456
14	8	0	0	0	0	61.3309	457
14	8	0	0	0	0	57.3884	458
15	8	0	0	0	0	56.4471	459
15	8	0	0	0	0	59.1458	460
15	8	0	0	0	0	55.5312	461
15	8	0	0	0	0	63.2104	462
15	8	0	0	0	0	69.4768	463
15	8	0	0	0	0	67.1997	464
15	8	0	0	0	0	70.4266	465
15	8	0	0	0	0	66.6497	466
15	7	0	0	0	0	60.9588	467
15	6	0	0	0	0	60.1176	468
15	6	0	0	0	0	65.1905	469
15	6	0	0	0	0	73.942	470
15	6	0	0	0	0	72.3491	471
15	6	0	0	0	0	71.3895	472
15	6	0	0	0	0	69.0483	473
15	6	0	0	0	0	64.1889	474
15	5	0	0	0	0	67.1091	475
15	5	0	0	0	0	72.2581	476
15	5	0	0	0	0	67.8301	477
15	5	0	0	0	0	65.2886	478
15	5	0	0	0	0	70.9419	479
15	5	0	0	0	0	68.3544	480
15	5	0	0	0	0	70.385	481
15	5	0	0	0	0	67.8548	482
16	5	0	0	0	0	69.0512	483
16	5	0	0	0	0	68.0896	484
16	6	0	0	0	0	64.1237	485
16	6	0	0	0	0	74.0382	486
16	6	0	0	0	0	77.6955	487
16	6	0	0	0	0	80.682	488
16	6	0	0	0	0	73.207	489
16	7	0	0	0	0	70.9249	490
16	7	0	0	0	0	81.6431	491
17	7	0	0	0	0	82.9033	492
17	7	0	0	0	0	84.4556	493
18	7	0	0	0	0	84.2069	494
18	8	0	0	0	0	93.9974	495
18	8	0	0	0	0	91.5718	496
18	8	0	0	0	0	92.546	497
18	9	0	0	0	0	83.2232	498
18	9	0	0	0	0	85.1125	499
18	9	0	0	0	0	83.5756	500
18	9	0	0	0	0	86.7933	501
17	9	0	0	0	0	90.4981	502
16	9	0	0	0	0	78.994	503
15	9	0	0	0	0	81.2649	504
15	9	0	0	0	0	86.0493	505
15	9	0	0	0	0	84.8893	506
15	9	0	0	0	0	85.2501	507
15	9	0	0	0	0	83.2273	508
16	9	0	0	0	0	76.8209	509
16	9	0	0	0	0	80.1769	510
16	9	0	0	0	0	88.7856	511
16	9	0	0	0	0	80.3859	512
16	9	0	0	0	0	86.0802	513
16	9	0	0	0	0	87.8162	514
16	9	0	0	0	0	82.6618	515
16	9	0	0	0	0	92.8211	516
16	9	0	0	0	0	74.304	517
16	9	0	0	0	0	83.141	518
16	9	0	0	0	0	80.1022	519
16	8	0	0	0	0	70.3039	520
16	8	0	0	0	0	80.5341	521
16	8	0	0	0	0	81.5587	522
16	8	0	0	0	0	76.5706	523
16	8	0	0	0	0	79.0307	524
16	8	0	0	0	0	84.1818	525
15	8	0	0	0	0	84.4248	526
15	8	0	0	0	0	77.4423	527
15	10	0	0	0	0	66.1089	528
15	10	0	0	0	0	62.9751	529
14	11	0	0	0	0	63.0358	530
14	11	0	0	0	0	62.9916	531
14	13	0	0	0	0	62.8709	532
14	13	0	0	0	0	62.3018	533
14	13	0	0	0	0	59.6258	534
11	13	0	0	0	0	49.0384	535
11	13	0	0	0	0	58.8241	536
8	13	0	0	0	0	66.0018	537
8	13	0	0	0	0	68.8962	538
7	13	0	0	0	0	61.4504	539
7	13	0	0	0	0	64.2024	540
5	13	0	0	0	0	58.6447	541
5	13	0	0	0	0	55.3191	542
5	13	0	0	0	0	52.0763	543
5	13	0	0	0	0	57.8832	544
5	13	0	0	0	0	56.9571	545
5	13	0	0	0	0	59.0271	546
5	13	0	0	0	0	58.1953	547
5	13	0	0	0	0	57.1571	548
5	13	0	0	0	0	54.7939	549
5	13	0	0	0	0	61.4314	550
6	13	0	0	0	0	62.2753	551
6	13	0	0	0	0	49.1705	552
7	13	0	0	0	0	55.1137	553
7	13	0	0	0	0	60.5946	554
7	13	0	0	0	0	61.0514	555
7	12	0	0	0	0	60.7876	556
7	12	0	0	0	0	54.2939	557
7	12	0	0	0	0	64.6917	558
7	13	0	0	0	0	63.0096	559
7	13	0	0	0	0	73.1696	560
7	14	0	0	0	0	65.9911	561
7	14	0	0	0	0	65.1965	562
7	14	0	0	0	0	61.0997	563
8	14	0	0	0	0	67.412	564
8	14	0	0	0	0	61.6558	565
8	14	0	0	0	0	66.2904	566
8	14	0	0	0	0	74.6934	567
8	14	0	0	0	0	73.1731	568
9	14	0	0	0	0	74.6662	569
9	14	0	0	0	0	67.0491	570
10	13	0	0	0	0	77.0026	571
10	13	0	0	0	0	78.6786	572
10	14	0	0	0	0	76.2467	573
10	13	0	0	0	0	66.7466	574
10	13	0	0	0	0	72.7517	575
11	12	0	0	0	0	69.6245	576
12	12	0	0	0	0	67.5622	577
13	12	0	0	0	0	74.6025	578
14	12	0	0	0	0	71.7878	579
14	12	0	0	0	0	75.5003	580
15	12	0	0	0	0	81.9806	581
15	13	0	0	0	0	79.4869	582
15	14	0	0	0	0	83.1589	583
15	14	0	0	0	0	95.5339	584
16	14	0	0	0	0	97.8181	585
16	14	0	0	0	0	99.3217	586
16	13	0	0	0	0	89.8425	587
16	13	0	0	0	0	98.7962	588
16	13	0	0	0	0	95.524	589
16	13	0	0	0	0	102.903	590
16	13	0	0	0	0	87.9063	591
14	13	0	0	0	0	81.8869	592
14	13	0	0	0	0	91.9386	593
13	13	0	0	0	0	86.175	594
13	13	0	0	0	0	69.0932	595
13	13	0	0	0	0	86.8604	596
13	13	0	0	0	0	83.2527	597
13	12	0	0	0	0	83.5341	598
13	12	0	0	0	0	81.6413	599
15	12	0	0	0	0	77.4555	600
15	12	0	0	0	0	96.5344	601
15	12	0	0	0	0	91.161	602
15	13	0	0	0	0	93.5868	603
15	13	0	0	0	0	78.1641	604
15	12	0	0	0	0	95.4943	605
15	12	0	0	0	0	92.1906	606
15	12	0	0	0	0	83.24	607
15	12	0	0	0	0	95.4011	608
15	12	0	0	0	0	96.3891	609
15	12	0	0	0	0	88.5872	610
15	12	0	0	0	0	86.6734	611
15	12	0	0	0	0	88.3231	612
15	12	0	0	0	0	92.0872	613
15	12	0	0	0	0	90.3435	614
15	12	0	0	0	0	94.5548	615
15	12	0	0	0	0	89.7351	616
17	12	0	0	0	0	91.8974	617
17	12	0	0	0	0	103.623	618
17	12	0	0	0	0	96.9835	619
17	13	0	0	0	0	95.9952	620
17	13	0	0	0	0	96.9246	621
17	13	0	0	0	0	93.7298	622
17	13	0	0	0	0	90.2284	623
17	12	0	0	0	0	97.3535	624
17	11	0	0	0	0	94.0816	625
17	11	0	0	0	0	91.5276	626
17	11	0	0	0	0	78.7387	627
17	11	0	0	0	0	91.1887	628
17	11	0	0	0	0	85.0797	629
17	11	0	0	0	0	96.2717	630
17	11	0	0	0	0	88.4005	631
17	11	0	0	0	0	86.6352	632
17	11	0	0	0	0	99.2055	633
17	11	0	0	0	0	78.1009	634
17	11	0	0	0	0	89.3379	635
16	11	0	0	0	0	88.362	636
16	11	0	0	0	0	86.3169	637
16	11	0	0	0	0	88.9469	638
16	11	0	0	0	0	80.6066	639
16	11	0	0	0	0	93.0462	640
16	11	0	0	0	0	85.7184	641
15	11	0	0	0	0	85.657	642
15	11	0	0	0	0	81.558	643
14	11	0	0	0	0	71.7456	644
14	11	0	0	0	0	79.1834	645
14	11	0	0	0	0	81.463	646
16	11	0	0	0	0	80.9596	647
16	11	0	0	0	0	90.5258	648
16	11	0	0	0	0	97.0187	649
16	11	0	0	0	0	90.0292	650
16	11	0	0	0	0	95.5043	651
16	11	0	0	0	0	95.4542	652
16	11	0	0	0	0	93.7952	653
16	11	0	0	0	0	93.2766	654
15	10	0	0	0	0	81.4275	655
15	10	0	0	0	0	91.3522	656
15	10	0	0	0	0	76.9433	657
15	11	0	0	0	0	79.9772	658
15	10	0	0	0	0	78.3615	659
15	10	0	0	0	0	78.4498	660
15	9	0	0	0	0	82.1172	661
15	9	0	0	0	0	74.8796	662
15	9	0	0	0	0	81.1722	663
15	9	0	0	0	0	78.5561	664
15	9	0	0	0	0	82.2217	665
15	9	0	0	0	0	77.7572	666
15	9	0	0	0	0	72.6266	667
15	9	0	0	0	0	76.051	668
15	9	0	0	0	0	72.2815	669
15	9	0	0	0	0	79.3279	670
15	8	0	0	0	0	83.4667	671
15	8	0	0	0	0	76.0455	672
15	8	0	0	0	0	77.0313	673
16	8	0	0	0	0	76.4067	674
16	8	0	0	0	0	80.055	675
16	8	0	0	0	0	71.8021	676
16	8	0	0	0	0	74.0483	677
16	8	0	0	0	0	82.7866	678
16	8	0	0	0	0	83.0613	679
16	8	0	0	0	0	75.6877	680
17	8	0	0	0	0	80.0198	681
17	7	0	0	0	0	77.3779	682
18	7	0	0	0	0	81.2674	683
18	7	0	0	0	0	81.2856	684
18	7	0	0	0	0	79.3283	685
18	7	0	0	0	0	85.8878	686
18	7	0	0	0	0	85.1965	687
18	7	0	0	0	0	79.9442	688
18	7	0	0	0	0	75.3187	689
18	8	0	0	0	0	77.9269	690
18	8	0	0	0	0	65.7774	691
18	8	0	0	0	0	77.9589	692
18	10	0	0	0	0	76.1897	693
19	10	0	0	0	0	73.0154	694
20	10	0	0	0	0	73.1329	695
20	10	0	0	0	0	76.1575	696
20	10	0	0	0	0	74.6327	697
20	10	0	0	0	0	79.3406	698
17	10	0	0	0	0	91.5787	699
17	10	0	0	0	0	91.1088	700
16	10	0	0	0	0	85.4878	701
16	10	0	0	0	0	86.1442	702
16	10	0	0	0	0	81.6591	703
16	10	0	0	0	0	77.857	704
16	10	0	0	0	0	67.0838	705
16	9	0	0	0	0	78.1184	706
16	9	0	0	0	0	87.8103	707
16	9	0	0	0	0	88.9276	708
15	9	0	0	0	0	84.0155	709
15	10	0	0	0	0	69.4917	710
15	10	0	0	0	0	79.1681	711
15	10	0	0	0	0	87.7179	712
15	10	0	0	0	0	85.9517	713
15	10	0	0	0	0	84.4758	714
15	9	0	0	0	0	81.3582	715
15	9	0	0	0	0	84.3535	716
15	9	0	0	0	0	70.7671	717
15	9	0	0	0	0	74.6942	718
14	9	0	0	0	0	72.1721	719
14	9	0	0	0	0	78.0172	720
13	9	0	0	0	0	74.257	721
13	10	0	0	0	0	75.5285	722
13	10	0	0	0	0	75.528	723
13	10	0	0	0	0	69.8461	724
13	10	0	0	0	0	74.3806	725
13	10	0	0	0	0	65.7148	726
13	10	0	0	0	0	64.5476	727
13	10	0	0	0	0	82.7933	728
13	10	0	0	0	0	59.8586	729
12	10	0	0	0	0	61.4449	730
11	10	0	0	0	0	55.7778	731
11	9	0	0	0	0	60.2023	732
12	9	0	0	0	0	70.3483	733
12	9	0	0	0	0	61.9311	734
12	9	0	0	0	0	66.3196	735
12	9	0	0	0	0	64.6477	736
12	9	0	0	0	0	64.1772	737
12	9	0	0	0	0	73.4896	738
12	9	0	0	0	0	71.5656	739
12	9	0	0	0	0	69.0873	740
13	9	0	0	0	0	73.9342	741
13	9	0	0	0	0	66.6473	742
13	9	0	0	0	0	69.4398	743
13	9	0	0	0	0	72.3755	744
14	9	0	0	0	0	81.1845	745
14	9	0	0	0	0	82.4917	746
14	9	0	0	0	0	83.3018	747
14	9	0	0	0	0	80.473	748
14	9	0	0	0	0	77.4719	749
14	9	0	0	0	0	83.5618	750
14	9	0	0	0	0	69.9827	751
14	10	0	0	0	0	85.11	752
14	10	0	0	0	0	79.3764	753
14	11	0	0	0	0	84.7189	754
14	11	0	0	0	0	76.8495	755
14	13	0	0	0	0	70.8639	756
13	14	0	0	0	0	85.3833	757
13	14	0	0	0	0	82.4929	758
14	16	0	0	0	0	89.6374	759
13	16	0	0	0	0	95.4974	760
13	16	0	0	0	0	98.2672	761
13	16	0	0	0	0	96.1595	762
12	16	0	0	0	0	99.9631	763
13	16	0	0	0	0	97.8855	764
13	16	0	0	0	0	98.7321	765
13	16	0	0	0	0	90.3911	766
12	16	0	0	0	0	95.9121	767
11	16	0	0	0	0	89.9768	768
11	16	0	0	0	0	87.7994	769
11	16	0	0	0	0	91.1035	770
11	16	0	0	0	0	101.81	771
11	16	0	0	0	0	83.8604	772
12	16	0	0	0	0	87.738	773
12	16	0	0	0	0	103.115	774
12	16	0	0	0	0	94.7669	775
11	16	0	0	0	0	86.3387	776
12	16	0	0	0	0	84.7705	777
12	16	0	0	0	0	98.4392	778
12	16	0	0	0	0	84.6797	779
12	16	0	0	0	0	83.1897	780
13	16	0	0	0	0	92.7373	781
13	17	0	0	0	0	105.328	782
13	17	0	0	0	0	104.304	783
13	17	0	0	0	0	99.0097	784
12	17	0	0	0	0	95.5512	785
12	17	0	0	0	0	100.173	786
13	16	0	0	0	0	94.4615	787
14	16	0	0	0	0	97.1714	788
14	16	0	0	0	0	105.558	789
14	16	0	0	0	0	114.209	790
14	16	0	0	0	0	100.83	791
14	16	0	0	0	0	102.229	792
14	16	0	0	0	0	112.777	793
15	16	0	0	0	0	103.829	794
15	16	0	0	0	0	95.9388	795
15	16	0	0	0	0	94.4139	796
15	15	0	0	0	0	90.776	797
15	15	0	0	0	0	93.8085	798
15	15	0	0	0	0	111.332	799
15	15	0	0	0	0	92.9934	800
15	15	0	0	0	0	84.4656	801
15	15	0	0	0	0	112.877	802
15	15	0	0	0	0	104.181	803
15	15	0	0	0	0	100.469	804
15	15	0	0	0	0	103.067	805
15	15	0	0	0	0	102.782	806
15	15	0	0	0	0	100.616	807
15	15	0	0	0	0	104.102	808
15	15	0	0	0	0	105.403	809
15	15	0	0	0	0	103.945	810
15	15	0	0	0	0	87.4096	811
15	15	0	0	0	0	87.6617	812
14	14	0	0	0	0	89.172	813
14	15	0	0	0	0	94.1544	814
14	15	0	0	0	0	96.8628	815
14	15	0	0	0	0	93.6148	816
14	15	0	0	0	0	100.31	817
14	15	0	0	0	0	98.8124	818
14	17	0	0	0	0	98.134	819
14	17	0	0	0	0	89.5868	820
14	16	0	0	0	0	101.844	821
14	16	0	0	0	0	102.741	822
14	16	0	0	0	0	93.7343	823
14	18	0	0	0	0	97.6476	824
14	18	0	0	0	0	96.6781	825
14	18	0	0	0	0	99.1387	826
14	18	0	0	0	0	99.2516	827
12	18	0	0	0	0	89.1668	828
12	19	0	0	0	0	103.313	829
13	19	0	0	0	0	97.0866	830
13	19	0	0	0	0	105.566	831
13	20	0	0	0	0	110.797	832
12	20	0	0	0	0	104.539	833
12	20	0	0	0	0	95.4094	834
12	20	0	0	0	0	99.7872	835
10	19	0	0	0	0	95.6103	836
10	19	0	0	0	0	101.89	837
10	19	0	0	0	0	104.026	838
10	19	0	0	0	0	94.6884	839
10	19	0	0	0	0	96.1809	840
8	19	0	0	0	0	93.9075	841
8	19	0	0	0	0	91.7274	842
8	18	0	0	0	0	87.818	843
8	18	0	0	0	0	97.5702	844
9	18	0	0	0	0	87.5096	845
9	18	0	0	0	0	95.9252	846
9	18	0	0	0	0	94.7606	847
9	18	0	0	0	0	97.4173	848
9	18	0	0	0	0	83.3202	849
10	18	0	0	0	0	92.9516	850
11	18	0	0	0	0	96.0853	851
11	18	0	0	0	0	96.4005	852
11	18	0	0	0	0	97.9332	853
13	18	0	0	0	0	98.5754	854
13	18	0	0	0	0	105.504	855
14	18	0	0	0	0	109.353	856
14	18	0	0	0	0	112.655	857
15	18	0	0	0	0	112.443	858
15	18	0	0	0	0	108.116	859
14	18	0	0	0	0	106.534	860
15	17	0	0	0	0	106.001	861
15	17	0	0	0	0	101.544	862
15	17	0	0	0	0	105.446	863
15	17	0	0	0	0	95.4513	864
13	17	0	0	0	0	104.884	865
13	17	0	0	0	0	91.9336	866
13	17	0	0	0	0	78.3572	867
13	17	0	0	0	0	87.5617	868
13	16	0	0	0	0	88.5196	869
13	14	0	0	0	0	85.4446	870
13	14	0	0	0	0	87.8232	871
13	14	0	0	0	0	86.3444	872
13	14	0	0	0	0	84.1416	873
13	15	0	0	0	0	74.4426	874
13	14	0	0	0	0	83.632	875
13	14	0	0	0	0	89.1521	876
14	14	0	0	0	0	79.7137	877
14	14	0	0	0	0	93.2249	878
14	13	0	0	0	0	77.9879	879
14	13	0	0	0	0	88.6608	880
14	13	0	0	0	0	90.411	881
14	12	0	0	0	0	82.3576	882
14	12	0	0	0	0	74.3007	883
14	13	0	0	0	0	93.8927	884
14	13	0	0	0	0	83.8325	885
15	14	0	0	0	0	87.1582	886
15	14	0	0	0	0	92.8666	887
16	14	0	0	0	0	94.9761	888
16	14	0	0	0	0	100.665	889
17	14	0	0	0	0	108.662	890
17	15	0	0	0	0	102.789	891
17	13	0	0	0	0	96.9859	892
17	13	0	0	0	0	88.9702	893
17	13	0	0	0	0	98.8584	894
17	13	0	0	0	0	106.12	895
17	13	0	0	0	0	99.8881	896
17	14	0	0	0	0	106.566	897
17	15	0	0	0	0	103.47	898
17	15	0	0	0	0	110.16	899
17	15	0	0	0	0	106.662	900
17	15	0	0	0	0	104.389	901
18	16	0	0	0	0	102.774	902
19	16	0	0	0	0	105.008	903
19	16	0	0	0	0	120.279	904
19	16	0	0	0	0	119.539	905
17	15	0	0	0	0	109.162	906
18	15	0	0	0	0	112.692	907
18	15	0	0	0	0	105.077	908
18	15	0	0	0	0	113.787	909
18	15	0	0	0	0	122.401	910
18	15	0	0	0	0	96.4614	911
18	15	0	0	0	0	107.916	912
18	15	0	0	0	0	118.498	913
18	15	0	0	0	0	103.17	914
19	16	0	0	0	0	93.0892	915
19	15	0	0	0	0	106.482	916
19	15	0	0	0	0	127.758	917
19	15	0	0	0	0	111.854	918
19	15	0	0	0	0	123.017	919
19	15	0	0	0	0	116.901	920
19	19	0	0	0	0	114.362	921
19	20	0	0	0	0	124.656	922
18	20	0	0	0	0	125.676	923
18	20	0	0	0	0	122.926	924
18	20	0	0	0	0	123.828	925
18	20	0	0	0	0	125.515	926
18	20	0	0	0	0	130.645	927
16	20	0	0	0	0	117.977	928
16	20	0	0	0	0	131.188	929
16	20	0	0	0	0	110.982	930
16	20	0	0	0	0	116.435	931
16	20	0	0	0	0	119.081	932
16	20	0	0	0	0	120.375	933
16	20	0	0	0	0	115.082	934
16	20	0	0	0	0	135.164	935
16	20	0	0	0	0	122.759	936
16	20	0	0	0	0	120.797	937
16	20	0	0	0	0	133.648	938
16	20	0	0	0	0	123.962	939
16	19	0	0	0	0	116.393	940
16	19	0	0	0	0	132.034	941
16	19	0	0	0	0	121.94	942
16	19	0	0	0	0	112.108	943
15	19	0	0	0	0	106.036	944
15	19	0	0	0	0	116.147	945
15	18	0	0	0	0	111.192	946
15	18	0	0	0	0	108.555	947
15	19	0	0	0	0	85.2324	948
15	18	0	0	0	0	125.809	949
15	18	0	0	0	0	119.946	950
15	18	0	0	0	0	116.755	951
15	18	0	0	0	0	103.602	952
14	18	0	0	0	0	109.609	953
14	17	0	0	0	0	108.169	954
14	17	0	0	0	0	109.241	955
14	17	0	0	0	0	99.3023	956
14	17	0	0	0	0	96.5566	957
14	17	0	0	0	0	107.467	958
14	18	0	0	0	0	114.227	959
13	18	0	0	0	0	95.6824	960
14	18	0	0	0	0	88.9682	961
15	18	0	0	0	0	121.461	962
15	18	0	0	0	0	112.746	963
15	18	0	0	0	0	120.582	964
15	18	0	0	0	0	112.847	965
15	18	0	0	0	0	113.263	966
15	18	0	0	0	0	105.11	967
14	18	0	0	0	0	105.003	968
14	18	0	0	0	0	80.122	969
9	18	0	0	0	0	70.2544	970
9	19	0	0	0	0	85.2861	971
9	17	0	0	0	0	80.9948	972
9	17	0	0	0	0	70.4128	973
9	16	0	0	0	0	82.6873	974
9	17	0	0	0	0	69.9067	975
9	17	0	0	0	0	77.588	976
9	17	0	0	0	0	74.6727	977
9	17	0	0	0	0	81.9512	978
10	17	0	0	0	0	84.2061	979
10	15	0	0	0	0	78.8075	980
10	15	0	0	0	0	75.1144	981
10	15	0	0	0	0	86.404	982
10	15	0	0	0	0	88.2302	983
10	15	0	0	0	0	69.6406	984
10	15	0	0	0	0	83.3693	985
10	15	0	0	0	0	82.894	986
10	15	0	0	0	0	79.4245	987
10	15	0	0	0	0	77.7999	988
10	15	0	0	0	0	81.4856	989
10	14	0	0	0	0	68.8636	990
10	14	0	0	0	0	72.2048	991
10	14	0	0	0	0	78.4887	992
9	14	0	0	0	0	66.8773	993
9	15	0	0	0	0	63.5502	994
7	15	0	0	0	0	55.6355	995
7	15	0	0	0	0	67.7495	996
7	15	0	0	0	0	73.4211	997
7	15	0	0	0	0	72.9256	998
7	15	0	0	0	0	67.7358	999
7	15	0	0	0	0	76.1419	1000
7	15	0	0	0	0	71.4392	1001
7	15	0	0	0	0	63.7087	1002
7	15	0	0	0	0	74.9488	1003
7	15	0	0	0	0	76.0696	1004
7	15	0	0	0	0	75.9565	1005
7	15	0	0	0	0	75.6956	1006
7	15	0	0	0	0	73.5988	1007
7	15	0	0	0	0	78.2206	1008
8	16	0	0	0	0	79.4991	1009
9	16	0	0	0	0	71.9837	1010
8	16	0	0	0	0	83.1643	1011
8	16	0	0	0	0	83.1151	1012
8	15	0	0	0	0	60.5485	1013
8	14	0	0	0	0	60.9357	1014
8	14	0	0	0	0	54.9076	1015
8	15	0	0	0	0	75.5653	1016
8	15	0	0	0	0	74.7464	1017
8	15	0	0	0	0	64.6838	1018
8	15	0	0	0	0	65.6203	1019
8	15	0	0	0	0	64.034	1020
8	15	0	0	0	0	69.6623	1021
8	14	0	0	0	0	63.2721	1022
8	14	0	0	0	0	72.5682	1023
8	14	0	0	0	0	66.1948	1024
9	13	0	0	0	0	54.2756	1025
10	13	0	0	0	0	64.551	1026
10	12	0	0	0	0	59.2866	1027
10	12	0	0	0	0	75.0506	1028
10	12	0	0	0	0	66.4494	1029
10	12	0	0	0	0	73.4614	1030
10	12	0	0	0	0	72.4044	1031
10	12	0	0	0	0	66.232	1032
10	12	0	0	0	0	69.2539	1033
10	12	0	0	0	0	65.1962	1034
10	12	0	0	0	0	71.0002	1035
11	12	0	0	0	0	72.4092	1036
11	12	0	0	0	0	65.5239	1037
11	12	0	0	0	0	77.5546	1038
11	12	0	0	0	0	80.6125	1039
11	12	0	0	0	0	74.5171	1040
12	12	0	0	0	0	67.5626	1041
12	12	0	0	0	0	82.2282	1042
12	12	0	0	0	0	80.6201	1043
13	12	0	0	0	0	73.1997	1044
11	12	0	0	0	0	74.8374	1045
11	11	0	0	0	0	73.748	1046
11	11	0	0	0	0	71.992	1047
11	11	0	0	0	0	72.9525	1048
11	11	0	0	0	0	57.9722	1049
10	11	0	0	0	0	61.7891	1050
10	11	0	0	0	0	59.6259	1051
9	10	0	0	0	0	63.0437	1052
9	10	0	0	0	0	66.3824	1053
9	10	0	0	0	0	66.3762	1054
9	10	0	0	0	0	55.2839	1055
9	10	0	0	0	0	54.6106	1056
9	10	0	0	0	0	66.0712	1057
9	10	0	0	0	0	62.2288	1058
9	10	0	0	0	0	60.8669	1059
9	10	0	0	0	0	67.0379	1060
9	10	0	0	0	0	57.3102	1061
9	10	0	0	0	0	54.6384	1062
9	10	0	0	0	0	57.9401	1063
9	10	0	0	0	0	55.459	1064
9	10	0	0	0	0	62.4318	1065
9	10	0	0	0	0	56.0422	1066
9	9	0	0	0	0	55.0096	1067
9	9	0	0	0	0	53.2809	1068
9	8	0	0	0	0	54.6345	1069
9	8	0	0	0	0	53.1926	1070
9	7	0	0	0	0	47.4447	1071
9	6	0	0	0	0	44.6096	1072
9	5	0	0	0	0	48.2188	1073
9	5	0	0	0	0	40.5097	1074
9	5	0	0	0	0	43.6233	1075
9	5	0	0	0	0	39.6358	1076
9	5	0	0	0	0	46.2393	1077
9	5	0	0	0	0	40.6437	1078
9	5	0	0	0	0	49.1894	1079
9	5	0	0	0	0	42.2009	1080
9	5	0	0	0	0	48.9557	1081
9	5	0	0	0	0	33.1338	1082
9	8	0	0	0	0	38.2631	1083
8	7	0	0	0	0	44.7344	1084
8	7	0	0	0	0	48.01	1085
8	7	0	0	0	0	44.9619	1086
8	8	0	0	0	0	43.5687	1087
7	8	0	0	0	0	42.7322	1088
7	8	0	0	0	0	48.5766	1089
7	8	0	0	0	0	50.4243	1090
7	10	0	0	0	0	45.3022	1091
7	11	0	0	0	0	52.1064	1092
7	13	0	0	0	0	63.9148	1093
7	13	0	0	0	0	64.7927	1094
7	13	0	0	0	0	57.0551	1095
7	13	0	0	0	0	71.0997	1096
7	13	0	0	0	0	62.0303	1097
7	14	0	0	0	0	59.7379	1098
7	14	0	0	0	0	78.2877	1099
7	14	0	0	0	0	77.4633	1100
7	14	0	0	0	0	73.8182	1101
7	14	0	0	0	0	72.2763	1102
7	14	0	0	0	0	70.5245	1103
7	14	0	0	0	0	69.9554	1104
7	14	0	0	0	0	65.4546	1105
7	14	0	0	0	0	50.0511	1106
5	14	0	0	0	0	65.5481	1107
4	14	0	0	0	0	64.9917	1108
4	14	0	0	0	0	54.275	1109
4	14	0	0	0	0	65.6147	1110
4	14	0	0	0	0	54.4541	1111
4	14	0	0	0	0	66.1022	1112
4	14	0	0	0	0	61.1374	1113
4	14	0	0	0	0	64.4545	1114
4	14	0	0	0	0	60.1516	1115
4	14	0	0	0	0	60.6452	1116
4	14	0	0	0	0	63.6577	1117
4	14	0	0	0	0	60.1668	1118
4	14	0	0	0	0	62.6938	1119
4	14	0	0	0	0	62.222	1120
4	14	0	0	0	0	61.5892	1121
4	14	0	0	0	0	53.6262	1122
4	14	0	0	0	0	66.2346	1123
4	14	0	0	0	0	62.4977	1124
4	14	0	0	0	0	60.0634	1125
4	14	0	0	0	0	62.7956	1126
4	14	0	0	0	0	64.4097	1127
4	14	0	0	0	0	61.3241	1128
4	14	0	0	0	0	63.2601	1129
4	14	0	0	0	0	57.5123	1130
4	14	0	0	0	0	57.7964	1131
4	14	0	0	0	0	59.0243	1132
4	14	0	0	0	0	62.0246	1133
4	14	0	0	0	0	60.6025	1134
4	14	0	0	0	0	62.7099	1135
4	14	0	0	0	0	59.3738	1136
4	13	0	0	0	0	47.8388	1137
3	13	0	0	0	0	51.806	1138
3	13	0	0	0	0	52.3531	1139
3	13	0	0	0	0	51.2771	1140
3	13	0	0	0	0	56.3677	1141
3	13	0	0	0	0	54.7305	1142
3	13	0	0	0	0	47.4467	1143
3	12	0	0	0	0	53.0757	1144
3	12	0	0	0	0	34.783	1145
3	14	0	0	0	0	53.0434	1146
3	14	0	0	0	0	61.2218	1147
3	14	0	0	0	0	54.7421	1148
3	14	0	0	0	0	51.1965	1149
3	14	0	0	0	0	51.9482	1150
3	14	0	0	0	0	54.7704	1151
3	14	0	0	0	0	55.064	1152
3	14	0	0	0	0	57.0871	1153
3	14	0	0	0	0	53.3136	1154
3	14	0	0	0	0	53.9989	1155
3	14	0	0	0	0	55.7011	1156
2	14	0	0	0	0	49.4948	1157
2	14	0	0	0	0	41.803	1158
2	13	0	0	0	0	46.6371	1159
2	13	0	0	0	0	52.6917	1160
2	13	0	0	0	0	51.0645	1161
2	13	0	0	0	0	53.7703	1162
2	13	0	0	0	0	46.1936	1163
2	14	0	0	0	0	53.9197	1164
2	14	0	0	0	0	51.6102	1165
2	14	0	0	0	0	46.8862	1166
2	14	0	0	0	0	49.0011	1167
2	15	0	0	0	0	53.179	1168
2	15	0	0	0	0	50.5777	1169
2	15	0	0	0	0	51.0645	1170
2	15	0	0	0	0	57.7312	1171
2	15	0	0	0	0	53.197	1172
1	15	0	0	0	0	50.8986	1173
1	15	0	0	0	0	55.9848	1174
1	15	0	0	0	0	45.2303	1175
0	15	0	0	0	0	51.5891	1176
0	16	0	0	0	0	52.5352	1177
0	16	0	0	0	0	50.7615	1178
0	16	0	0	0	0	48.1099	1179
0	16	0	0	0	0	46.8628	1180
0	16	0	0	0	0	42.3059	1181
0	17	0	0	0	0	41.1784	1182
1	17	0	0	0	0	54.3421	1183
1	17	0	0	0	0	55.0704	1184
1	17	0	0	0	0	58.2756	1185
3	17	0	0	0	0	56.0196	1186
3	17	0	0	0	0	62.7469	1187
4	17	0	0	0	0	61.3802	1188
7	17	0	0	0	0	73.2625	1189
7	17	0	0	0	0	81.7643	1190
8	17	0	0	0	0	83.4942	1191
9	17	0	0	0	0	71.3212	1192
9	17	0	0	0	0	86.9053	1193
10	17	0	0	0	0	89.8552	1194
10	17	0	0	0	0	95.4312	1195
10	17	0	0	0	0	92.6828	1196
10	17	0	0	0	0	83.7416	1197
12	17	0	0	0	0	89.1032	1198
12	17	0	0	0	0	108.35	1199
13	17	0	0	0	0	102.726	1200
13	18	0	0	0	0	105.676	1201
13	19	0	0	0	0	97.8086	1202
13	19	0	0	0	0	104.523	1203
15	19	0	0	0	0	110.887	1204
15	19	0	0	0	0	119.255	1205
15	19	0	0	0	0	117.936	1206
15	19	0	0	0	0	117.747	1207
15	19	0	0	0	0	114.17	1208
15	18	0	0	0	0	101.559	1209
15	18	0	0	0	0	113.449	1210
15	18	0	0	0	0	107.115	1211
15	17	0	0	0	0	114.145	1212
15	17	0	0	0	0	107.814	1213
15	17	0	0	0	0	104.985	1214
15	17	0	0	0	0	109.162	1215
16	17	0	0	0	0	117.253	1216
16	17	0	0	0	0	112.839	1217
16	17	0	0	0	0	115.713	1218
16	17	0	0	0	0	118.359	1219
17	17	0	0	0	0	113.284	1220
17	17	0	0	0	0	108.866	1221
17	17	0	0	0	0	117.977	1222
17	16	0	0	0	0	104.135	1223
17	16	0	0	0	0	110.903	1224
17	16	0	0	0	0	110.288	1225
17	16	0	0	0	0	114.931	1226
17	16	0	0	0	0	102.169	1227
17	16	0	0	0	0	116.887	1228
18	16	0	0	0	0	103.738	1229
18	16	0	0	0	0	112.164	1230
18	16	0	0	0	0	105.986	1231
18	16	0	0	0	0	113.147	1232
18	13	0	0	0	0	103.622	1233
18	12	0	0	0	0	101.668	1234
18	12	0	0	0	0	103.094	1235
18	12	0	0	0	0	92.2499	1236
19	12	0	0	0	0	90.872	1237
19	11	0	0	0	0	91.5024	1238
19	10	0	0	0	0	89.4779	1239
19	10	0	0	0	0	86.4207	1240
19	8	0	0	0	0	77.7727	1241
19	7	0	0	0	0	75.3333	1242
20	8	0	0	0	0	83.2935	1243
19	8	0	0	0	0	79.6743	1244
19	8	0	0	0	0	83.9385	1245
19	8	0	0	0	0	93.1021	1246
19	8	0	0	0	0	85.6708	1247
19	7	0	0	0	0	76.1634	1248
19	7	0	0	0	0	87.7285	1249
19	7	0	0	0	0	80.5495	1250
19	7	0	0	0	0	88.0182	1251
19	7	0	0	0	0	77.7194	1252
19	7	0	0	0	0	71.6541	1253
19	7	0	0	0	0	75.3615	1254
17	8	0	0	0	0	83.1344	1255
16	8	0	0	0	0	66.0403	1256
15	8	0	0	0	0	68.7378	1257
15	8	0	0	0	0	73.4433	1258
15	8	0	0	0	0	70.5465	1259
15	8	0	0	0	0	70.1964	1260
15	8	0	0	0	0	71.8633	1261
15	8	0	0	0	0	67.3029	1262
15	9	0	0	0	0	66.1052	1263
14	9	0	0	0	0	71.6259	1264
14	10	0	0	0	0	71.7044	1265
14	9	0	0	0	0	67.9526	1266
14	9	0	0	0	0	73.732	1267
14	9	0	0	0	0	64.3113	1268
12	9	0	0	0	0	68.2039	1269
12	9	0	0	0	0	68.1277	1270
12	9	0	0	0	0	59.762	1271
12	9	0	0	0	0	68.2631	1272
12	11	0	0	0	0	57.2402	1273
11	10	0	0	0	0	54.3091	1274
11	9	0	0	0	0	63.1446	1275
11	9	0	0	0	0	63.4382	1276
11	9	0	0	0	0	65.2738	1277
11	9	0	0	0	0	67.1068	1278
11	9	0	0	0	0	66.3693	1279
11	9	0	0	0	0	61.7865	1280
11	10	0	0	0	0	67.6624	1281
11	10	0	0	0	0	65.0439	1282
10	10	0	0	0	0	66.9411	1283
10	10	0	0	0	0	61.6977	1284
11	10	0	0	0	0	69.9286	1285
11	10	0	0	0	0	69.233	1286
11	10	0	0	0	0	66.9764	1287
11	10	0	0	0	0	61.6017	1288
11	11	0	0	0	0	64.9476	1289
11	11	0	0	0	0	67.3225	1290
10	11	0	0	0	0	73.8059	1291
10	11	0	0	0	0	70.6937	1292
10	11	0	0	0	0	69.9279	1293
10	11	0	0	0	0	71.0209	1294
10	11	0	0	0	0	58.1816	1295
9	10	0	0	0	0	64.762	1296
9	10	0	0	0	0	63.4321	1297
9	10	0	0	0	0	66.8829	1298
9	10	0	0	0	0	63.9887	1299
9	10	0	0	0	0	65.3142	1300
9	10	0	0	0	0	66.2962	1301
9	10	0	0	0	0	59.805	1302
9	10	0	0	0	0	65.0679	1303
9	10	0	0	0	0	59.5506	1304
9	10	0	0	0	0	63.6905	1305
9	10	0	0	0	0	64.265	1306
10	10	0	0	0	0	63.2447	1307
11	10	0	0	0	0	63.9153	1308
11	10	0	0	0	0	64.4174	1309
11	9	0	0	0	0	68.9396	1310
12	9	0	0	0	0	73.2023	1311
12	9	0	0	0	0	64.4048	1312
12	9	0	0	0	0	70.4599	1313
12	9	0	0	0	0	70.9515	1314
12	9	0	0	0	0	63.563	1315
13	9	0	0	0	0	64.4605	1316
14	9	0	0	0	0	68.5836	1317
14	9	0	0	0	0	74.5226	1318
14	9	0	0	0	0	73.8373	1319
14	9	0	0	0	0	76.9105	1320
14	9	0	0	0	0	72.9159	1321
15	9	0	0	0	0	77.0308	1322
15	9	0	0	0	0	80.3486	1323
15	9	0	0	0	0	78.7839	1324
15	11	0	0	0	0	76.0218	1325
15	11	0	0	0	0	84.8082	1326
15	11	0	0	0	0	84.3042	1327
16	11	0	0	0	0	80.7201	1328
17	11	0	0	0	0	83.7874	1329
17	11	0	0	0	0	89.9389	1330
17	11	0	0	0	0	88.9879	1331
20	10	0	0	0	0	86.864	1332
20	10	0	0	0	0	84.6611	1333
18	10	0	0	0	0	97.5612	1334
18	10	0	0	0	0	92.2119	1335
18	10	0	0	0	0	96.9654	1336
18	10	0	0	0	0	95.2773	1337
18	10	0	0	0	0	89.6823	1338
18	10	0	0	0	0	101.269	1339
18	10	0	0	0	0	89.5437	1340
18	10	0	0	0	0	87.2122	1341
18	10	0	0	0	0	93.3787	1342
18	11	0	0	0	0	87.3536	1343
18	11	0	0	0	0	89.9129	1344
18	10	0	0	0	0	95.0435	1345
18	10	0	0	0	0	97.3188	1346
18	10	0	0	0	0	93.3214	1347
19	10	0	0	0	0	101.543	1348
19	10	0	0	0	0	94.327	1349
19	10	0	0	0	0	92.8196	1350
19	10	0	0	0	0	93.9168	1351
20	10	0	0	0	0	98.5584	1352
20	11	0	0	0	0	103.504	1353
20	11	0	0	0	0	100.065	1354
20	11	0	0	0	0	105.944	1355
19	11	0	0	0	0	98.617	1356
19	11	0	0	0	0	94.64	1357
18	11	0	0	0	0	97.0515	1358
18	10	0	0	0	0	93.1709	1359
18	10	0	0	0	0	95.1177	1360
18	10	0	0	0	0	101.243	1361
18	10	0	0	0	0	94.6324	1362
18	10	0	0	0	0	98.2465	1363
18	10	0	0	0	0	92.2629	1364
18	10	0	0	0	0	95.4754	1365
17	10	0	0	0	0	82.8438	1366
17	10	0	0	0	0	88.8462	1367
16	10	0	0	0	0	89.3129	1368
16	10	0	0	0	0	84.8324	1369
15	10	0	0	0	0	76.1855	1370
16	10	0	0	0	0	83.8212	1371
16	10	0	0	0	0	86.3353	1372
16	9	0	0	0	0	82.4778	1373
17	9	0	0	0	0	74.8786	1374
17	9	0	0	0	0	70.5865	1375
17	9	0	0	0	0	95.1445	1376
17	9	0	0	0	0	84.8147	1377
17	9	0	0	0	0	98.2567	1378
17	9	0	0	0	0	82.7613	1379
17	9	0	0	0	0	91.1429	1380
17	9	0	0	0	0	86.3684	1381
17	12	0	0	0	0	91.6018	1382
17	12	0	0	0	0	90.1763	1383
17	12	0	0	0	0	89.7872	1384
17	19	0	0	0	0	91.61	1385
17	19	0	0	0	0	91.5679	1386
16	19	0	0	0	0	90.0742	1387
16	19	0	0	0	0	117.324	1388
16	19	0	0	0	0	110.089	1389
16	20	0	0	0	0	98.1594	1390
15	20	0	0	0	0	121.855	1391
15	20	0	0	0	0	98.9988	1392
15	20	0	0	0	0	123.536	1393
15	20	0	0	0	0	113.183	1394
15	21	0	0	0	0	133.784	1395
15	21	0	0	0	0	130.221	1396
15	21	0	0	0	0	130.762	1397
15	21	0	0	0	0	121.534	1398
15	21	0	0	0	0	121.305	1399
16	21	0	0	0	0	121.642	1400
17	22	0	0	0	0	127.536	1401
17	22	0	0	0	0	144.158	1402
17	22	0	0	0	0	121.054	1403
16	22	0	0	0	0	124.392	1404
16	21	0	0	0	0	135.654	1405
16	21	0	0	0	0	126.185	1406
17	20	0	0	0	0	129.65	1407
17	20	0	0	0	0	138.123	1408
18	20	0	0	0	0	126.713	1409
18	20	0	0	0	0	137.54	1410
18	20	0	0	0	0	128.61	1411
18	20	0	0	0	0	134.746	1412
18	22	0	0	0	0	130.936	1413
18	22	0	0	0	0	132.847	1414
18	21	0	0	0	0	132.38	1415
18	21	0	0	0	0	123.875	1416
18	21	0	0	0	0	129.752	1417
18	21	0	0	0	0	143.443	1418
19	21	0	0	0	0	128.051	1419
19	21	0	0	0	0	129.631	1420
19	21	0	0	0	0	138.936	1421
20	21	0	0	0	0	135.065	1422
22	21	0	0	0	0	127.059	1423
22	21	0	0	0	0	155.219	1424
22	21	0	0	0	0	142.935	1425
21	21	0	0	0	0	146.975	1426
21	21	0	0	0	0	143.504	1427
21	21	0	0	0	0	147.202	1428
21	21	0	0	0	0	144.87	1429
22	21	0	0	0	0	141.841	1430
23	21	0	0	0	0	147.653	1431
24	21	0	0	0	0	150.081	1432
24	21	0	0	0	0	152.781	1433
24	21	0	0	0	0	148.455	1434
25	21	0	0	0	0	164.076	1435
26	20	0	0	0	0	151.442	1436
26	20	0	0	0	0	152.753	1437
26	20	0	0	0	0	156.454	1438
26	19	0	0	0	0	155.969	1439
26	19	0	0	0	0	159.143	1440
26	18	0	0	0	0	145.893	1441
26	18	0	0	0	0	167.982	1442
26	18	0	0	0	0	149.702	1443
26	18	0	0	0	0	150.994	1444
26	18	0	0	0	0	158.463	1445
26	18	0	0	0	0	151.193	1446
26	17	0	0	0	0	151.15	1447
26	17	0	0	0	0	154.928	1448
26	17	0	0	0	0	141.026	1449
26	17	0	0	0	0	157.39	1450
26	17	0	0	0	0	142.459	1451
26	17	0	0	0	0	143.562	1452
25	17	0	0	0	0	150.402	1453
25	17	0	0	0	0	144.493	1454
25	16	0	0	0	0	145.396	1455
25	17	0	0	0	0	139.179	1456
25	17	0	0	0	0	143.646	1457
25	17	0	0	0	0	132.504	1458
25	17	0	0	0	0	137.108	1459
25	17	0	0	0	0	130.785	1460
21	17	0	0	0	0	129.218	1461
22	17	0	0	0	0	129.755	1462
22	17	0	0	0	0	126.925	1463
22	18	0	0	0	0	126.077	1464
22	18	0	0	0	0	140.462	1465
22	18	0	0	0	0	136.501	1466
22	18	0	0	0	0	137.113	1467
22	17	0	0	0	0	132.075	1468
22	17	0	0	0	0	135.512	1469
21	17	0	0	0	0	129.742	1470
21	17	0	0	0	0	127.886	1471
20	17	0	0	0	0	116.363	1472
20	18	0	0	0	0	129.69	1473
20	18	0	0	0	0	123.145	1474
20	17	0	0	0	0	123.312	1475
20	17	0	0	0	0	123.476	1476
20	17	0	0	0	0	112.188	1477
21	17	0	0	0	0	109.851	1478
21	17	0	0	0	0	110.403	1479
20	17	0	0	0	0	116.631	1480
19	17	0	0	0	0	112.733	1481
17	17	0	0	0	0	112.077	1482
17	18	0	0	0	0	114.621	1483
17	18	0	0	0	0	106.909	1484
16	18	0	0	0	0	114.668	1485
16	18	0	0	0	0	110.852	1486
15	18	0	0	0	0	117.523	1487
15	18	0	0	0	0	106.661	1488
15	18	0	0	0	0	115.779	1489
14	18	0	0	0	0	107.185	1490
14	18	0	0	0	0	98.5177	1491
14	18	0	0	0	0	95.2946	1492
14	17	0	0	0	0	96.0695	1493
14	17	0	0	0	0	94.8694	1494
14	17	0	0	0	0	77.2998	1495
14	16	0	0	0	0	83.714	1496
14	16	0	0	0	0	84.6198	1497
12	16	0	0	0	0	92.502	1498
12	16	0	0	0	0	90.9907	1499
11	16	0	0	0	0	85.62	1500
11	16	0	0	0	0	89.7013	1501
12	16	0	0	0	0	76.3063	1502
13	15	0	0	0	0	101.946	1503
13	15	0	0	0	0	97.8671	1504
13	15	0	0	0	0	100.836	1505
13	15	0	0	0	0	94.5414	1506
13	15	0	0	0	0	93.6196	1507
13	15	0	0	0	0	97.1745	1508
13	15	0	0	0	0	93.0655	1509
13	16	0	0	0	0	95.4254	1510
13	16	0	0	0	0	88.4338	1511
13	15	0	0	0	0	91.0984	1512
13	15	0	0	0	0	91.6885	1513
13	14	0	0	0	0	83.5892	1514
13	14	0	0	0	0	93.3178	1515
13	14	0	0	0	0	81.9542	1516
13	14	0	0	0	0	93.8453	1517
13	14	0	0	0	0	83.8759	1518
13	14	0	0	0	0	83.8759	1519
13	14	0	0	0	0	88.0395	1520
13	14	0	0	0	0	87.1527	1521
13	15	0	0	0	0	92.2866	1522
13	15	0	0	0	0	94.0113	1523
14	15	0	0	0	0	93.5022	1524
15	15	0	0	0	0	70.3081	1525
15	15	0	0	0	0	76.3221	1526
15	15	0	0	0	0	76.4016	1527
15	15	0	0	0	0	71.0372	1528
15	15	0	0	0	0	62.9947	1529
15	16	0	0	0	0	79.8971	1530
16	16	0	0	0	0	73.903	1531
16	13	0	0	0	0	75.4222	1532
16	13	0	0	0	0	78.8368	1533
16	13	0	0	0	0	75.2359	1534
17	10	0	0	0	0	64.7746	1535
17	12	0	0	0	0	81.0258	1536
17	12	0	0	0	0	99.9921	1537
17	12	0	0	0	0	97.633	1538
17	12	0	0	0	0	100.171	1539
17	12	0	0	0	0	91.6598	1540
17	12	0	0	0	0	99.5847	1541
17	12	0	0	0	0	89.7618	1542
15	11	0	0	0	0	88.7229	1543
15	11	0	0	0	0	85.4143	1544
14	10	0	0	0	0	82.1787	1545
14	10	0	0	0	0	84.079	1546
14	10	0	0	0	0	75.3899	1547
14	11	0	0	0	0	84.6155	1548
14	10	0	0	0	0	71.0296	1549
14	11	0	0	0	0	64.319	1550
14	11	0	0	0	0	62.4683	1551
14	10	0	0	0	0	63.212	1552
14	11	0	0	0	0	75.5734	1553
14	11	0	0	0	0	72.5298	1554
13	11	0	0	0	0	70.5063	1555
13	12	0	0	0	0	80.4913	1556
12	12	0	0	0	0	68.6168	1557
12	12	0	0	0	0	75.5503	1558
10	12	0	0	0	0	74.2557	1559
10	13	0	0	0	0	74.3534	1560
10	13	0	0	0	0	73.9888	1561
10	13	0	0	0	0	81.3261	1562
10	13	0	0	0	0	74.5607	1563
10	13	0	0	0	0	79.8437	1564
10	13	0	0	0	0	74.5174	1565
10	14	0	0	0	0	73.145	1566
9	14	0	0	0	0	73.2826	1567
9	14	0	0	0	0	77.2714	1568
9	14	0	0	0	0	72.0897	1569
9	14	0	0	0	0	71.5202	1570
9	14	0	0	0	0	70.0998	1571
9	14	0	0	0	0	53.3202	1572
6	14	0	0	0	0	69.487	1573
6	15	0	0	0	0	68.2829	1574
5	15	0	0	0	0	63.7447	1575
5	15	0	0	0	0	62.2982	1576
5	15	0	0	0	0	67.9304	1577
5	15	0	0	0	0	70.5754	1578
5	15	0	0	0	0	68.9164	1579
5	15	0	0	0	0	69.456	1580
5	15	0	0	0	0	64.2015	1581
5	15	0	0	0	0	71.9247	1582
5	15	0	0	0	0	64.9121	1583
5	15	0	0	0	0	64.8852	1584
5	16	0	0	0	0	71.3046	1585
5	16	0	0	0	0	68.7667	1586
5	16	0	0	0	0	67.9732	1587
5	16	0	0	0	0	71.0236	1588
5	16	0	0	0	0	67.0276	1589
5	16	0	0	0	0	73.8049	1590
5	17	0	0	0	0	65.9517	1591
5	18	0	0	0	0	76.6123	1592
5	18	0	0	0	0	66.4458	1593
5	18	0	0	0	0	74.5971	1594
5	18	0	0	0	0	74.5946	1595
5	19	0	0	0	0	77.7069	1596
5	20	0	0	0	0	89.639	1597
5	20	0	0	0	0	86.3901	1598
5	20	0	0	0	0	74.8425	1599
5	20	0	0	0	0	90.5291	1600
5	20	0	0	0	0	80.9369	1601
5	21	0	0	0	0	79.8527	1602
5	21	0	0	0	0	84.5581	1603
5	20	0	0	0	0	85.11	1604
5	20	0	0	0	0	84.5883	1605
5	20	0	0	0	0	77.2855	1606
5	20	0	0	0	0	77.8738	1607
5	20	0	0	0	0	78.9015	1608
5	21	0	0	0	0	80.4702	1609
4	21	0	0	0	0	74.8968	1610
4	21	0	0	0	0	87.8148	1611
4	21	0	0	0	0	77.0357	1612
4	21	0	0	0	0	85.1061	1613
4	21	0	0	0	0	83.704	1614
4	21	0	0	0	0	81.0491	1615
4	21	0	0	0	0	80.5117	1616
4	21	0	0	0	0	85.6932	1617
4	21	0	0	0	0	84.5154	1618
4	20	0	0	0	0	83.2341	1619
4	20	0	0	0	0	78.2341	1620
5	20	0	0	0	0	81.6118	1621
5	20	0	0	0	0	81.8152	1622
5	20	0	0	0	0	77.6832	1623
5	20	0	0	0	0	82.3665	1624
5	20	0	0	0	0	71.2499	1625
5	20	0	0	0	0	69.8188	1626
6	19	0	0	0	0	68.4735	1627
6	18	0	0	0	0	69.741	1628
7	17	0	0	0	0	77.7417	1629
7	17	0	0	0	0	77.2229	1630
7	17	0	0	0	0	78.3878	1631
7	17	0	0	0	0	64.9367	1632
7	16	0	0	0	0	68.8002	1633
8	17	0	0	0	0	73.8944	1634
8	16	0	0	0	0	70.9461	1635
8	16	0	0	0	0	72.4316	1636
9	16	0	0	0	0	73.246	1637
9	15	0	0	0	0	77.5145	1638
9	15	0	0	0	0	85.4224	1639
10	15	0	0	0	0	76.4035	1640
10	15	0	0	0	0	83.523	1641
10	15	0	0	0	0	80.6398	1642
10	15	0	0	0	0	81.2074	1643
10	13	0	0	0	0	74.7341	1644
10	12	0	0	0	0	72.3913	1645
10	11	0	0	0	0	57.8503	1646
10	11	0	0	0	0	71.9956	1647
10	11	0	0	0	0	70.3308	1648
10	11	0	0	0	0	64.9069	1649
10	11	0	0	0	0	72.132	1650
11	11	0	0	0	0	67.7421	1651
10	11	0	0	0	0	64.4362	1652
10	10	0	0	0	0	65.2929	1653
9	10	0	0	0	0	61.0814	1654
9	10	0	0	0	0	58.9415	1655
9	10	0	0	0	0	62.5496	1656
10	10	0	0	0	0	59.604	1657
10	10	0	0	0	0	67.0347	1658
10	10	0	0	0	0	73.633	1659
10	10	0	0	0	0	69.507	1660
11	10	0	0	0	0	67.4188	1661
11	10	0	0	0	0	60.4179	1662
11	10	0	0	0	0	70.2537	1663
11	10	0	0	0	0	61.4022	1664
11	10	0	0	0	0	67.4978	1665
11	10	0	0	0	0	60.759	1666
11	12	0	0	0	0	56.9126	1667
10	11	0	0	0	0	72.3745	1668
10	12	0	0	0	0	74.4616	1669
10	12	0	0	0	0	73.2084	1670
10	12	0	0	0	0	74.317	1671
10	12	0	0	0	0	69.4337	1672
10	12	0	0	0	0	71.3151	1673
10	12	0	0	0	0	67.2331	1674
10	12	0	0	0	0	71.5849	1675
10	13	0	0	0	0	69.1038	1676
9	12	0	0	0	0	55.0525	1677
7	12	0	0	0	0	56.4686	1678
7	12	0	0	0	0	62.2506	1679
7	14	0	0	0	0	52.1393	1680
7	14	0	0	0	0	69.876	1681
7	14	0	0	0	0	64.7558	1682
7	14	0	0	0	0	65.9052	1683
8	15	0	0	0	0	65.1833	1684
7	14	0	0	0	0	63.9207	1685
8	12	0	0	0	0	60.2765	1686
8	12	0	0	0	0	65.8633	1687
8	12	0	0	0	0	70.7062	1688
8	12	0	0	0	0	68.7315	1689
8	12	0	0	0	0	61.8511	1690
8	12	0	0	0	0	66.6348	1691
9	14	0	0	0	0	69.9685	1692
9	14	0	0	0	0	78.1226	1693
9	14	0	0	0	0	72.7415	1694
9	14	0	0	0	0	76.908	1695
9	14	0	0	0	0	74.7879	1696
9	14	0	0	0	0	69.5733	1697
9	14	0	0	0	0	72.0248	1698
11	14	0	0	0	0	73.7439	1699
11	13	0	0	0	0	61.6085	1700
10	13	0	0	0	0	72.6121	1701
10	13	0	0	0	0	73.6749	1702
10	13	0	0	0	0	70.0674	1703
10	13	0	0	0	0	82.5203	1704
10	13	0	0	0	0	77.05	1705
10	13	0	0	0	0	85.9672	1706
10	13	0	0	0	0	78.1234	1707
11	13	0	0	0	0	74.6246	1708
11	13	0	0	0	0	75.207	1709
11	13	0	0	0	0	73.3574	1710
12	13	0	0	0	0	82.6193	1711
12	13	0	0	0	0	83.1828	1712
12	13	0	0	0	0	82.7714	1713
12	13	0	0	0	0	84.3767	1714
12	13	0	0	0	0	92.5403	1715
12	13	0	0	0	0	87.1891	1716
12	13	0	0	0	0	90.6362	1717
12	13	0	0	0	0	86.97	1718
12	13	0	0	0	0	82.0422	1719
12	13	0	0	0	0	88.4923	1720
13	15	0	0	0	0	83.0047	1721
13	15	0	0	0	0	82.9803	1722
13	15	0	0	0	0	90.8261	1723
13	14	0	0	0	0	91.4517	1724
13	14	0	0	0	0	85.4435	1725
13	14	0	0	0	0	85.5225	1726
13	14	0	0	0	0	91.1271	1727
13	15	0	0	0	0	89.0609	1728
14	15	0	0	0	0	89.9313	1729
15	14	0	0	0	0	88.8998	1730
15	14	0	0	0	0	92.6183	1731
15	14	0	0	0	0	94.6613	1732
15	13	0	0	0	0	87.9012	1733
15	13	0	0	0	0	91.2103	1734
15	13	0	0	0	0	97.939	1735
15	12	0	0	0	0	87.8937	1736
15	12	0	0	0	0	90.0914	1737
15	12	0	0	0	0	66.9745	1738
15	11	0	0	0	0	68.2241	1739
15	10	0	0	0	0	75.4509	1740
15	10	0	0	0	0	70.4198	1741
15	8	0	0	0	0	68.7771	1742
14	8	0	0	0	0	77.9264	1743
16	8	0	0	0	0	78.096	1744
16	8	0	0	0	0	82.8909	1745
16	8	0	0	0	0	80.4298	1746
16	8	0	0	0	0	71.9265	1747
16	8	0	0	0	0	79.3435	1748
16	7	0	0	0	0	84.1496	1749
16	7	0	0	0	0	74.1112	1750
16	7	0	0	0	0	73.7242	1751
16	7	0	0	0	0	74.1643	1752
16	7	0	0	0	0	77.5782	1753
16	7	0	0	0	0	79.7935	1754
16	6	0	0	0	0	66.0424	1755
16	6	0	0	0	0	64.2976	1756
16	5	0	0	0	0	74.2104	1757
17	5	0	0	0	0	61.8168	1758
17	5	0	0	0	0	76.9344	1759
17	5	0	0	0	0	70.3718	1760
18	5	0	0	0	0	74.7133	1761
17	5	0	0	0	0	68.0773	1762
17	6	0	0	0	0	72.1773	1763
17	6	0	0	0	0	73.7862	1764
17	6	0	0	0	0	83.8854	1765
17	6	0	0	0	0	76.6692	1766
17	6	0	0	0	0	73.048	1767
16	6	0	0	0	0	67.3271	1768
16	7	0	0	0	0	81.8948	1769
16	7	0	0	0	0	71.3292	1770
16	7	0	0	0	0	75.1184	1771
15	7	0	0	0	0	76.073	1772
15	7	0	0	0	0	70.0771	1773
15	7	0	0	0	0	69.1828	1774
16	6	0	0	0	0	70.2004	1775
16	7	0	0	0	0	67.895	1776
16	7	0	0	0	0	78.1526	1777
16	7	0	0	0	0	73.9138	1778
15	8	0	0	0	0	64.0945	1779
15	8	0	0	0	0	75.4029	1780
15	8	0	0	0	0	83.6823	1781
15	8	0	0	0	0	74.2395	1782
15	8	0	0	0	0	72.4314	1783
15	7	0	0	0	0	75.3092	1784
14	7	0	0	0	0	72.1984	1785
14	7	0	0	0	0	67.6857	1786
14	7	0	0	0	0	72.4712	1787
14	7	0	0	0	0	72.3453	1788
14	7	0	0	0	0	66.7461	1789
14	7	0	0	0	0	70.2296	1790
14	7	0	0	0	0	72.6334	1791
14	7	0	0	0	0	72.7241	1792
14	7	0	0	0	0	65.1766	1793
14	7	0	0	0	0	67.4994	1794
14	7	0	0	0	0	68.5427	1795
13	7	0	0	0	0	62.9614	1796
13	7	0	0	0	0	57.9239	1797
13	7	0	0	0	0	59.93	1798
14	6	0	0	0	0	59.5893	1799
13	6	0	0	0	0	57.6734	1800
13	6	0	0	0	0	58.1631	1801
13	6	0	0	0	0	67.3593	1802
13	6	0	0	0	0	57.4943	1803
13	6	0	0	0	0	62.8203	1804
14	6	0	0	0	0	55.4153	1805
14	6	0	0	0	0	54.2269	1806
15	6	0	0	0	0	61.7009	1807
15	6	0	0	0	0	50.4505	1808
15	6	0	0	0	0	60.407	1809
15	5	0	0	0	0	70.415	1810
15	5	0	0	0	0	65.4532	1811
15	5	0	0	0	0	64.254	1812
15	5	0	0	0	0	64.367	1813
16	5	0	0	0	0	71.7242	1814
16	6	0	0	0	0	63.1648	1815
15	7	0	0	0	0	69.0439	1816
15	7	0	0	0	0	75.4844	1817
15	7	0	0	0	0	71.4952	1818
15	7	0	0	0	0	75.019	1819
15	7	0	0	0	0	71.1707	1820
15	7	0	0	0	0	75.3375	1821
15	8	0	0	0	0	72.4787	1822
14	8	0	0	0	0	66.1253	1823
14	9	0	0	0	0	69.3754	1824
14	9	0	0	0	0	70.7968	1825
14	9	0	0	0	0	70.2485	1826
14	9	0	0	0	0	69.7227	1827
15	9	0	0	0	0	65.9508	1828
16	9	0	0	0	0	69.8078	1829
16	9	0	0	0	0	58.9953	1830
15	9	0	0	0	0	71.6474	1831
14	9	0	0	0	0	69.6114	1832
14	10	0	0	0	0	73.0843	1833
12	10	0	0	0	0	72.4196	1834
12	10	0	0	0	0	68.4238	1835
12	10	0	0	0	0	66.5498	1836
12	11	0	0	0	0	68.8203	1837
12	11	0	0	0	0	75.3441	1838
12	11	0	0	0	0	61.5737	1839
12	11	0	0	0	0	73.0864	1840
13	11	0	0	0	0	79.0875	1841
12	11	0	0	0	0	71.3369	1842
12	10	0	0	0	0	82.2713	1843
12	10	0	0	0	0	70.7301	1844
12	10	0	0	0	0	71.2103	1845
12	10	0	0	0	0	74.2795	1846
12	10	0	0	0	0	73.1331	1847
12	10	0	0	0	0	76.005	1848
13	10	0	0	0	0	77.0064	1849
13	10	0	0	0	0	73.9859	1850
13	10	0	0	0	0	75.6207	1851
13	10	0	0	0	0	75.6744	1852
14	10	0	0	0	0	82.4462	1853
15	10	0	0	0	0	82.9213	1854
15	10	0	0	0	0	85.3009	1855
15	10	0	0	0	0	74.7402	1856
15	10	0	0	0	0	79.2383	1857
16	10	0	0	0	0	81.188	1858
16	10	0	0	0	0	77.6795	1859
15	10	0	0	0	0	78.1411	1860
15	10	0	0	0	0	85.1401	1861
15	10	0	0	0	0	76.4004	1862
15	10	0	0	0	0	81.6336	1863
15	10	0	0	0	0	85.2167	1864
15	11	0	0	0	0	83.5282	1865
15	11	0	0	0	0	81.0847	1866
15	11	0	0	0	0	86.7355	1867
16	10	0	0	0	0	92.2885	1868
16	10	0	0	0	0	85.0099	1869
16	10	0	0	0	0	84.8011	1870
16	10	0	0	0	0	90.6245	1871
16	10	0	0	0	0	85.1325	1872
16	10	0	0	0	0	89.8903	1873
16	10	0	0	0	0	91.0947	1874
16	10	0	0	0	0	73.4573	1875
16	10	0	0	0	0	82.4478	1876
16	11	0	0	0	0	78.6277	1877
17	11	0	0	0	0	79.6452	1878
16	11	0	0	0	0	80.2701	1879
14	11	0	0	0	0	77.546	1880
14	11	0	0	0	0	77.661	1881
14	11	0	0	0	0	76.6794	1882
15	12	0	0	0	0	83.8922	1883
15	12	0	0	0	0	81.8154	1884
15	11	0	0	0	0	87.9009	1885
15	11	0	0	0	0	90.7841	1886
15	11	0	0	0	0	87.0411	1887
15	11	0	0	0	0	87.8178	1888
16	11	0	0	0	0	84.4168	1889
16	11	0	0	0	0	88.9303	1890
17	11	0	0	0	0	87.0662	1891
18	11	0	0	0	0	87.3837	1892
17	11	0	0	0	0	85.9844	1893
17	10	0	0	0	0	94.5924	1894
17	10	0	0	0	0	87.6332	1895
17	10	0	0	0	0	84.8347	1896
18	9	0	0	0	0	90.6827	1897
18	9	0	0	0	0	90.9405	1898
19	9	0	0	0	0	85.9829	1899
19	9	0	0	0	0	95.9791	1900
19	9	0	0	0	0	87.492	1901
20	9	0	0	0	0	95.7243	1902
20	9	0	0	0	0	96.8674	1903
20	9	0	0	0	0	105.265	1904
20	9	0	0	0	0	96.2099	1905
20	9	0	0	0	0	101.476	1906
20	9	0	0	0	0	92.8082	1907
20	9	0	0	0	0	101.975	1908
20	9	0	0	0	0	102.084	1909
20	9	0	0	0	0	96.5918	1910
20	9	0	0	0	0	104.007	1911
20	9	0	0	0	0	98.5312	1912
20	8	0	0	0	0	98.6261	1913
20	8	0	0	0	0	95.2787	1914
20	8	0	0	0	0	96.7713	1915
20	8	0	0	0	0	92.0506	1916
20	8	0	0	0	0	86.4582	1917
20	8	0	0	0	0	92.4917	1918
20	8	0	0	0	0	84.2434	1919
22	12	0	0	0	0	86.0843	1920
22	11	0	0	0	0	89.95	1921
22	11	0	0	0	0	91.9917	1922
22	11	0	0	0	0	79.1575	1923
21	11	0	0	0	0	106.008	1924
20	11	0	0	0	0	103.769	1925
21	11	0	0	0	0	109.916	1926
21	10	0	0	0	0	101.879	1927
22	10	0	0	0	0	97.3831	1928
23	10	0	0	0	0	89.3843	1929
23	11	0	0	0	0	109.423	1930
23	11	0	0	0	0	115.485	1931
23	11	0	0	0	0	117.228	1932
23	11	0	0	0	0	116.322	1933
23	11	0	0	0	0	108.09	1934
23	11	0	0	0	0	114.244	1935
23	11	0	0	0	0	109.82	1936
23	11	0	0	0	0	114.205	1937
23	11	0	0	0	0	95.687	1938
23	11	0	0	0	0	111.094	1939
23	11	0	0	0	0	107.07	1940
23	10	0	0	0	0	122.649	1941
23	10	0	0	0	0	104.589	1942
25	10	0	0	0	0	111.263	1943
26	9	0	0	0	0	120.018	1944
26	9	0	0	0	0	108.201	1945
26	13	0	0	0	0	116.577	1946
27	13	0	0	0	0	118.996	1947
27	13	0	0	0	0	133.761	1948
27	13	0	0	0	0	137.205	1949
27	13	0	0	0	0	137.2	1950
27	13	0	0	0	0	126.362	1951
27	13	0	0	0	0	126.228	1952
27	13	0	0	0	0	134.936	1953
27	13	0	0	0	0	141.73	1954
24	13	0	0	0	0	131.818	1955
26	13	0	0	0	0	125.828	1956
26	13	0	0	0	0	131.913	1957
26	13	0	0	0	0	128.968	1958
26	13	0	0	0	0	136.6	1959
26	13	0	0	0	0	135.211	1960
27	13	0	0	0	0	133.961	1961
28	13	0	0	0	0	130.17	1962
28	13	0	0	0	0	141.39	1963
28	13	0	0	0	0	141.569	1964
29	13	0	0	0	0	134.624	1965
29	12	0	0	0	0	148.594	1966
29	12	0	0	0	0	144.793	1967
29	12	0	0	0	0	145.78	1968
29	12	0	0	0	0	146.117	1969
30	12	0	0	0	0	132.389	1970
31	12	0	0	0	0	140.422	1971
31	13	0	0	0	0	148.572	1972
31	13	0	0	0	0	147.726	1973
31	13	0	0	0	0	154.756	1974
31	12	0	0	0	0	149.756	1975
31	12	0	0	0	0	150.231	1976
31	12	0	0	0	0	143.06	1977
31	12	0	0	0	0	158.303	1978
32	12	0	0	0	0	143.632	1979
32	12	0	0	0	0	161.816	1980
32	12	0	0	0	0	150.354	1981
32	13	0	0	0	0	149.922	1982
32	13	0	0	0	0	160.696	1983
32	13	0	0	0	0	166.302	1984
32	13	0	0	0	0	164.983	1985
32	13	0	0	0	0	154.903	1986
31	13	0	0	0	0	148.727	1987
31	13	0	0	0	0	152.548	1988
30	13	0	0	0	0	150.077	1989
30	14	0	0	0	0	135.824	1990
28	14	0	0	0	0	145.864	1991
28	17	0	0	0	0	132.821	1992
28	17	0	0	0	0	137.314	1993
28	17	0	0	0	0	132.712	1994
26	17	0	0	0	0	144.018	1995
26	17	0	0	0	0	161.373	1996
27	17	0	0	0	0	142.23	1997
27	17	0	0	0	0	141.326	1998
27	18	0	0	0	0	167.896	1999
28	18	0	0	0	0	158.849	2000
28	18	0	0	0	0	149.007	2001
29	18	0	0	0	0	168.377	2002
29	18	0	0	0	0	161.357	2003
29	18	0	0	0	0	161.64	2004
29	18	0	0	0	0	170.234	2005
29	18	0	0	0	0	159.648	2006
29	18	0	0	0	0	162.985	2007
29	18	0	0	0	0	172.227	2008
29	18	0	0	0	0	157.58	2009
29	18	0	0	0	0	151.594	2010
27	18	0	0	0	0	159.554	2011
26	18	0	0	0	0	148.614	2012
26	18	0	0	0	0	145.944	2013
27	18	0	0	0	0	148.974	2014
27	17	0	0	0	0	147.745	2015
27	17	0	0	0	0	149.371	2016
26	17	0	0	0	0	152.757	2017
25	17	0	0	0	0	158.255	2018
25	17	0	0	0	0	137.566	2019
25	17	0	0	0	0	138.451	2020
25	17	0	0	0	0	137.191	2021
25	15	0	0	0	0	139.693	2022
26	15	0	0	0	0	137.641	2023
27	15	0	0	0	0	148.267	2024
27	15	0	0	0	0	136.656	2025
28	15	0	0	0	0	151.204	2026
28	15	0	0	0	0	150.661	2027
28	15	0	0	0	0	139.871	2028
28	14	0	0	0	0	151.233	2029
28	14	0	0	0	0	146.275	2030
28	14	0	0	0	0	144.804	2031
27	14	0	0	0	0	131.758	2032
27	14	0	0	0	0	139.871	2033
27	14	0	0	0	0	147.998	2034
27	14	0	0	0	0	146.859	2035
27	14	0	0	0	0	144.165	2036
27	14	0	0	0	0	128.285	2037
28	12	0	0	0	0	117.785	2038
28	12	0	0	0	0	138.438	2039
28	12	0	0	0	0	127.36	2040
28	12	0	0	0	0	145.9	2041
28	12	0	0	0	0	135.677	2042
28	12	0	0	0	0	135.257	2043
28	12	0	0	0	0	149.726	2044
28	12	0	0	0	0	134.469	2045
28	12	0	0	0	0	136.211	2046
28	12	0	0	0	0	138.127	2047
28	12	0	0	0	0	153.844	2048
28	12	0	0	0	0	141.015	2049
28	12	0	0	0	0	143.783	2050
28	12	0	0	0	0	139.86	2051
28	12	0	0	0	0	136.314	2052
28	12	0	0	0	0	135.951	2053
27	14	0	0	0	0	133.769	2054
27	14	0	0	0	0	134.888	2055
27	15	0	0	0	0	147.345	2056
27	15	0	0	0	0	147.095	2057
27	15	0	0	0	0	136.579	2058
27	15	0	0	0	0	140.345	2059
27	15	0	0	0	0	141.81	2060
27	16	0	0	0	0	135.856	2061
27	15	0	0	0	0	137.259	2062
25	14	0	0	0	0	138.71	2063
25	14	0	0	0	0	145.051	2064
25	14	0	0	0	0	131.508	2065
25	14	0	0	0	0	117.744	2066
25	14	0	0	0	0	133.952	2067
25	14	0	0	0	0	130.693	2068
25	14	0	0	0	0	122.839	2069
23	12	0	0	0	0	120.967	2070
23	12	0	0	0	0	113.247	2071
23	12	0	0	0	0	117.019	2072
23	12	0	0	0	0	124.97	2073
22	12	0	0	0	0	112.717	2074
21	12	0	0	0	0	92.0372	2075
17	12	0	0	0	0	97.7182	2076
17	12	0	0	0	0	104.932	2077
17	13	0	0	0	0	100.093	2078
17	13	0	0	0	0	91.8327	2079
17	13	0	0	0	0	82.3001	2080
17	13	0	0	0	0	96.3153	2081
17	13	0	0	0	0	92.9068	2082
17	13	0	0	0	0	93.4241	2083
16	13	0	0	0	0	90.7381	2084
16	13	0	0	0	0	92.4751	2085
16	12	0	0	0	0	93.8246	2086
15	12	0	0	0	0	89.0846	2087
16	13	0	0	0	0	97.0658	2088
16	14	0	0	0	0	93.4042	2089
16	14	0	0	0	0	103.327	2090
16	14	0	0	0	0	98.8977	2091
16	14	0	0	0	0	87.7337	2092
16	14	0	0	0	0	84.3337	2093
16	14	0	0	0	0	98.666	2094
16	14	0	0	0	0	83.5756	2095
16	12	0	0	0	0	78.6393	2096
11	12	0	0	0	0	79.2743	2097
11	14	0	0	0	0	81.9449	2098
11	14	0	0	0	0	75.4296	2099
11	14	0	0	0	0	83.4074	2100
11	15	0	0	0	0	87.0019	2101
11	15	0	0	0	0	82.081	2102
11	15	0	0	0	0	90.0315	2103
11	15	0	0	0	0	83.966	2104
11	15	0	0	0	0	79.2107	2105
11	15	0	0	0	0	88.996	2106
11	15	0	0	0	0	87.6889	2107
11	15	0	0	0	0	88.844	2108
12	15	0	0	0	0	81.6098	2109
13	15	0	0	0	0	71.3891	2110
12	14	0	0	0	0	90.6574	2111
12	15	0	0	0	0	78.6928	2112
12	15	0	0	0	0	80.7935	2113
12	15	0	0	0	0	79.1205	2114
11	14	0	0	0	0	90.2363	2115
11	14	0	0	0	0	84.7232	2116
10	14	0	0	0	0	69.7156	2117
11	14	0	0	0	0	79.6825	2118
11	14	0	0	0	0	82.7219	2119
11	15	0	0	0	0	78.3698	2120
11	14	0	0	0	0	69.96	2121
11	14	0	0	0	0	82.4444	2122
11	14	0	0	0	0	77.0925	2123
11	13	0	0	0	0	75.5737	2124
11	13	0	0	0	0	82.4563	2125
11	13	0	0	0	0	77.9493	2126
11	13	0	0	0	0	77.3174	2127
11	13	0	0	0	0	71.4212	2128
9	12	0	0	0	0	69.3299	2129
9	12	0	0	0	0	71.6299	2130
9	12	0	0	0	0	71.1358	2131
9	12	0	0	0	0	72.1477	2132
9	12	0	0	0	0	70.1998	2133
8	12	0	0	0	0	66.7555	2134
8	12	0	0	0	0	69.7987	2135
8	12	0	0	0	0	56.0215	2136
8	12	0	0	0	0	61.4752	2137
8	12	0	0	0	0	60.4127	2138
8	12	0	0	0	0	54.911	2139
8	11	0	0	0	0	62.0776	2140
7	11	0	0	0	0	59.8308	2141
7	13	0	0	0	0	59.9325	2142
7	13	0	0	0	0	61.4847	2143
7	13	0	0	0	0	63.4173	2144
7	13	0	0	0	0	65.8625	2145
7	13	0	0	0	0	65.7695	2146
7	13	0	0	0	0	56.3454	2147
7	13	0	0	0	0	64.7785	2148
7	13	0	0	0	0	68.9711	2149
7	13	0	0	0	0	60.4285	2150
6	13	0	0	0	0	57.2773	2151
6	13	0	0	0	0	58.5542	2152
6	13	0	0	0	0	63.2982	2153
6	13	0	0	0	0	60.1988	2154
6	14	0	0	0	0	63.256	2155
7	14	0	0	0	0	63.777	2156
7	14	0	0	0	0	67.1331	2157
7	14	0	0	0	0	67.9074	2158
7	14	0	0	0	0	73.1637	2159
7	14	0	0	0	0	67.325	2160
7	14	0	0	0	0	73.5102	2161
7	14	0	0	0	0	73.0537	2162
7	14	0	0	0	0	67.9983	2163
7	14	0	0	0	0	70.2597	2164
7	14	0	0	0	0	65.1564	2165
7	14	0	0	0	0	52.9903	2166
7	15	0	0	0	0	70.0976	2167
7	15	0	0	0	0	66.1502	2168
7	15	0	0	0	0	75.6924	2169
7	15	0	0	0	0	76.0893	2170
7	15	0	0	0	0	70.9585	2171
7	15	0	0	0	0	75.1971	2172
7	15	0	0	0	0	77.6542	2173
7	15	0	0	0	0	66.3317	2174
7	15	0	0	0	0	77.2306	2175
7	15	0	0	0	0	78.8389	2176
8	15	0	0	0	0	77.3451	2177
8	15	0	0	0	0	76.2868	2178
8	15	0	0	0	0	75.4769	2179
8	15	0	0	0	0	79.6636	2180
9	15	0	0	0	0	78.5928	2181
9	16	0	0	0	0	78.1141	2182
9	16	0	0	0	0	84.0655	2183
9	16	0	0	0	0	83.677	2184
9	17	0	0	0	0	85.7685	2185
8	16	0	0	0	0	77.8821	2186
8	16	0	0	0	0	81.1212	2187
8	16	0	0	0	0	77.6836	2188
8	16	0	0	0	0	79.9687	2189
9	17	0	0	0	0	85.0425	2190
9	18	0	0	0	0	79.6498	2191
9	18	0	0	0	0	84.9948	2192
9	18	0	0	0	0	76.9557	2193
9	18	0	0	0	0	82.5234	2194
10	17	0	0	0	0	75.9398	2195
9	17	0	0	0	0	74.2981	2196
9	17	0	0	0	0	92.8918	2197
9	17	0	0	0	0	88.5133	2198
9	17	0	0	0	0	88.3156	2199
9	17	0	0	0	0	76.7075	2200
9	16	0	0	0	0	77.0795	2201
9	15	0	0	0	0	73.1708	2202
9	17	0	0	0	0	78.59	2203
10	17	0	0	0	0	87.2262	2204
10	16	0	0	0	0	82.3029	2205
10	16	0	0	0	0	90.6313	2206
10	16	0	0	0	0	88.0325	2207
10	16	0	0	0	0	86.0576	2208
10	16	0	0	0	0	91.7342	2209
10	16	0	0	0	0	82.4094	2210
11	16	0	0	0	0	83.3812	2211
9	16	0	0	0	0	88.883	2212
9	16	0	0	0	0	81.6609	2213
9	16	0	0	0	0	80.4053	2214
9	16	0	0	0	0	82.205	2215
9	16	0	0	0	0	80.4911	2216
9	15	0	0	0	0	73.1661	2217
9	15	0	0	0	0	78.0301	2218
9	15	0	0	0	0	81.432	2219
9	15	0	0	0	0	74.4908	2220
9	15	0	0	0	0	77.0945	2221
9	13	0	0	0	0	63.5048	2222
9	13	0	0	0	0	76.2851	2223
9	13	0	0	0	0	66.888	2224
8	13	0	0	0	0	66.9825	2225
8	11	0	0	0	0	53.5306	2226
8	11	0	0	0	0	65.5503	2227
8	11	0	0	0	0	63.4938	2228
8	11	0	0	0	0	56.5105	2229
8	11	0	0	0	0	68.1963	2230
8	11	0	0	0	0	58.4799	2231
8	11	0	0	0	0	65.5376	2232
8	11	0	0	0	0	58.1795	2233
8	11	0	0	0	0	55.6634	2234
8	11	0	0	0	0	61.1646	2235
8	10	0	0	0	0	51.8063	2236
9	12	0	0	0	0	59.8709	2237
10	12	0	0	0	0	67.9503	2238
9	11	0	0	0	0	70.795	2239
10	11	0	0	0	0	62.519	2240
11	11	0	0	0	0	55.5278	2241
11	11	0	0	0	0	76.9902	2242
11	11	0	0	0	0	75.721	2243
11	11	0	0	0	0	74.8004	2244
12	11	0	0	0	0	68.8197	2245
11	11	0	0	0	0	67.8661	2246
12	11	0	0	0	0	74.7697	2247
12	10	0	0	0	0	65.5982	2248
12	10	0	0	0	0	73.4419	2249
13	11	0	0	0	0	77.3897	2250
14	12	0	0	0	0	89.5698	2251
14	12	0	0	0	0	80.8378	2252
15	12	0	0	0	0	81.0102	2253
15	12	0	0	0	0	91.2076	2254
16	12	0	0	0	0	89.2083	2255
15	11	0	0	0	0	86.4365	2256
15	10	0	0	0	0	78.7685	2257
16	10	0	0	0	0	71.807	2258
16	10	0	0	0	0	90.0821	2259
16	10	0	0	0	0	76.3662	2260
16	10	0	0	0	0	75.513	2261
15	10	0	0	0	0	73.3204	2262
15	10	0	0	0	0	82.1698	2263
15	10	0	0	0	0	80.0832	2264
15	10	0	0	0	0	77.6537	2265
13	10	0	0	0	0	72.8161	2266
13	10	0	0	0	0	82.5085	2267
13	10	0	0	0	0	70.3724	2268
13	10	0	0	0	0	78.1234	2269
14	10	0	0	0	0	74.6331	2270
16	10	0	0	0	0	80.6002	2271
16	10	0	0	0	0	93.2805	2272
16	10	0	0	0	0	81.2604	2273
16	10	0	0	0	0	85.3791	2274
17	10	0	0	0	0	89.4895	2275
18	10	0	0	0	0	97.452	2276
17	10	0	0	0	0	92.9307	2277
17	10	0	0	0	0	83.4549	2278
17	10	0	0	0	0	84.1643	2279
17	10	0	0	0	0	92.6506	2280
17	10	0	0	0	0	93.2533	2281
16	10	0	0	0	0	89.5194	2282
17	11	0	0	0	0	93.4417	2283
17	11	0	0	0	0	84.5746	2284
17	11	0	0	0	0	94.9027	2285
17	11	0	0	0	0	97.7153	2286
17	11	0	0	0	0	102.599	2287
17	11	0	0	0	0	99.9398	2288
17	11	0	0	0	0	94.5014	2289
17	11	0	0	0	0	85.5252	2290
17	11	0	0	0	0	95.1195	2291
18	10	0	0	0	0	95.0275	2292
18	11	0	0	0	0	101.222	2293
19	11	0	0	0	0	93.4186	2294
19	10	0	0	0	0	98.1087	2295
19	10	0	0	0	0	102.157	2296
19	10	0	0	0	0	99.3769	2297
19	18	0	0	0	0	97.698	2298
20	18	0	0	0	0	134.156	2299
20	18	0	0	0	0	126.055	2300
20	18	0	0	0	0	133.104	2301
20	18	0	0	0	0	125.94	2302
20	19	0	0	0	0	132.424	2303
19	19	0	0	0	0	126.605	2304
19	19	0	0	0	0	138.724	2305
19	19	0	0	0	0	136.189	2306
18	19	0	0	0	0	120.089	2307
18	20	0	0	0	0	130.3	2308
18	20	0	0	0	0	116.421	2309
18	20	0	0	0	0	117.488	2310
18	20	0	0	0	0	139.076	2311
18	20	0	0	0	0	115.192	2312
17	20	0	0	0	0	123.394	2313
15	21	0	0	0	0	130.517	2314
15	21	0	0	0	0	126.983	2315
15	21	0	0	0	0	111.546	2316
15	20	0	0	0	0	133.61	2317
15	20	0	0	0	0	132.279	2318
15	20	0	0	0	0	116.948	2319
15	20	0	0	0	0	132.032	2320
15	20	0	0	0	0	118.679	2321
15	20	0	0	0	0	123.129	2322
15	20	0	0	0	0	124.467	2323
13	20	0	0	0	0	125.312	2324
13	20	0	0	0	0	103.42	2325
14	21	0	0	0	0	125.201	2326
14	21	0	0	0	0	118.06	2327
14	21	0	0	0	0	117.532	2328
14	21	0	0	0	0	126.012	2329
14	21	0	0	0	0	126.977	2330
14	21	0	0	0	0	119.959	2331
14	21	0	0	0	0	129.155	2332
14	21	0	0	0	0	124.251	2333
14	21	0	0	0	0	120.728	2334
15	21	0	0	0	0	116.898	2335
15	22	0	0	0	0	130.675	2336
15	23	0	0	0	0	118.47	2337
14	23	0	0	0	0	123.284	2338
14	23	0	0	0	0	119.595	2339
14	23	0	0	0	0	121.411	2340
13	23	0	0	0	0	111.35	2341
13	23	0	0	0	0	119.903	2342
15	23	0	0	0	0	127.079	2343
15	23	0	0	0	0	140.773	2344
16	23	0	0	0	0	125.285	2345
16	23	0	0	0	0	130.12	2346
16	23	0	0	0	0	122.212	2347
16	23	0	0	0	0	133.072	2348
14	23	0	0	0	0	128.491	2349
15	24	0	0	0	0	113.935	2350
15	23	0	0	0	0	116.168	2351
15	22	0	0	0	0	111.128	2352
15	20	0	0	0	0	123.965	2353
16	21	0	0	0	0	112.111	2354
18	21	0	0	0	0	115.842	2355
18	22	0	0	0	0	131.337	2356
18	23	0	0	0	0	113.733	2357
19	23	0	0	0	0	141.695	2358
20	23	0	0	0	0	126.285	2359
21	23	0	0	0	0	151.379	2360
21	23	0	0	0	0	154.459	2361
21	23	0	0	0	0	143.972	2362
21	23	0	0	0	0	150.011	2363
21	23	0	0	0	0	149.202	2364
21	24	0	0	0	0	156.076	2365
23	24	0	0	0	0	155.595	2366
23	24	0	0	0	0	158.184	2367
23	24	0	0	0	0	156.215	2368
21	24	0	0	0	0	149.349	2369
22	24	0	0	0	0	164.472	2370
22	24	0	0	0	0	152.386	2371
23	24	0	0	0	0	166.904	2372
23	24	0	0	0	0	156.984	2373
23	24	0	0	0	0	162.278	2374
23	24	0	0	0	0	161.523	2375
23	24	0	0	0	0	151.287	2376
23	24	0	0	0	0	170.534	2377
25	24	0	0	0	0	163.87	2378
25	24	0	0	0	0	157.947	2379
26	24	0	0	0	0	164.579	2380
26	23	0	0	0	0	157.374	2381
26	23	0	0	0	0	160.4	2382
27	23	0	0	0	0	163.015	2383
27	22	0	0	0	0	176.414	2384
27	22	0	0	0	0	165.305	2385
27	21	0	0	0	0	165.837	2386
27	20	0	0	0	0	171.384	2387
27	20	0	0	0	0	152.615	2388
27	20	0	0	0	0	165.345	2389
27	20	0	0	0	0	162.295	2390
26	19	0	0	0	0	161.419	2391
26	19	0.5	0	1	0	172.038	2392
26	19	0.5	0	1	0	149.79	2393
26	19	0.5	0	1	0	153.555	2394
26	19	0.5	0	1	0	143.789	2395
26	19	0.5	0	1	0	162.561	2396
26	19	1	0	2	0	148.158	2397
26	19	1	0	2	0	146.092	2398
25	19	1	0	2	0	147.708	2399
24	18	1	0	2	0	140.931	2400
24	17	1	0	2	0	139.461	2401
24	17	1	0	2	0	138.774	2402
24	17	1	0	2	0	124.36	2403
24	17	1	0	2	0	138.337	2404
23	17	1	0	2	0	133.756	2405
23	17	1	0	2	0	141.959	2406
23	17	1	0	2	0	138.467	2407
23	16	1	0	2	0	123.285	2408
23	16	1	0	2	0	136.59	2409
24	16	1	0	2	0	137.165	2410
24	16	1	0	2	0	140.447	2411
24	16	1	0	2	0	139.129	2412
24	16	1	0	2	0	142.154	2413
24	16	1	0	2	0	135.071	2414
24	16	1	0	2	0	124.83	2415
24	16	1	0	2	0	139.38	2416
24	16	1	0	2	0	130.199	2417
23	16	1	0	2	0	140.485	2418
23	16	1	0	2	0	139.377	2419
23	16	1	0	2	0	137.377	2420
23	16	1	0	2	0	133.723	2421
23	16	1	0	2	0	131.026	2422
23	16	1	0	2	0	127.926	2423
23	16	1	0	2	0	130.43	2424
22	16	1	0	2	0	122.502	2425
22	16	1	0	2	0	125.027	2426
22	16	1	0	2	0	128.05	2427
22	16	1	0	2	0	135.825	2428
22	16	1	0	2	0	127.031	2429
22	16	1	0	2	0	118.823	2430
22	16	1	0	2	0	129.096	2431
21	16	1	0	2	0	124.367	2432
20	15	1	0	2	0	127.592	2433
20	15	1	0	2	0	123.393	2434
20	15	1	0	2	0	117.179	2435
20	14	1	0	2	0	107.653	2436
20	13	1	0	2	0	112.289	2437
20	13	1	0	2	0	117.274	2438
20	13	1	0	2	0	102.92	2439
20	13	1	0	2	0	103.386	2440
20	13	0.5	0	1	0	103.739	2441
19	13	0	0	0	0	101.326	2442
19	13	0	0	0	0	92.6358	2443
15	13	0	0	0	0	84.886	2444
15	13	0	0	0	0	88.4517	2445
15	13	0.333333	0	1	0	72.3938	2446
15	13	0.333333	0	1	0	67.3306	2447
15	8	0.333333	0	1	0	60.4788	2448
14	7	0.333333	0	1	0	68.0662	2449
14	7	0.333333	0	1	0	72.0213	2450
14	7	0.333333	0	1	0	53.4195	2451
14	7	0.333333	0	1	0	70.2046	2452
14	6	0.333333	0	1	0	72.5105	2453
14	6	0.333333	0	1	0	70.7884	2454
14	6	0.333333	0	1	0	70.5216	2455
14	6	0.333333	0	1	0	69.5402	2456
14	6	0.333333	0	1	0	67.4764	2457
14	6	0.333333	0	1	0	69.0993	2458
14	6	0.333333	0	1	0	58.0764	2459
14	6	0.333333	0	1	0	59.0539	2460
14	6	0.333333	0	1	0	58.8039	2461
14	6	0.333333	0	1	0	59.8352	2462
13	6	0.333333	0	1	0	62.2754	2463
13	6	0.333333	0	1	0	58.268	2464
13	6	0.333333	0	1	0	63.4904	2465
12	6	0.333333	0	1	0	60.5121	2466
12	6	0.333333	0	1	0	61.4463	2467
11	6	0.333333	0	1	0	54.5122	2468
11	6	0.333333	0	1	0	57.422	2469
11	5	0.333333	0.333333	1	1	44.6943	2470
11	5	0.333333	0.333333	1	1	54.1012	2471
11	5	0.333333	0.333333	1	1	50.4026	2472
11	5	0.333333	0.333333	1	1	48.5464	2473
11	5	0.333333	0.333333	1	1	45.8882	2474
11	5	0.333333	0.333333	1	1	40.6684	2475
8	5	0.333333	0.333333	1	1	27.3459	2476
8	5	0.333333	0.333333	1	1	28.326	2477
5	5	0.333333	0.333333	1	1	28.0429	2478
5	5	0.333333	0.333333	1	1	30.1066	2479
5	5	0.333333	0.333333	1	1	24.7849	2480
5	5	0.333333	0.333333	1	1	29.3553	2481
5	5	0.333333	0.333333	1	1	32.3406	2482
5	5	0.333333	0.333333	1	1	30.4058	2483
5	5	0.333333	0.333333	1	1	29.4282	2484
5	5	0.333333	0.333333	1	1	25.9787	2485
5	4	0.333333	0.333333	1	1	27.012	2486
5	4	0.333333	0.333333	1	1	21.3865	2487
5	4	0.333333	0.333333	1	1	27.509	2488
5	4	0.333333	0.333333	1	1	27.1666	2489
5	4	0.333333	0.333333	1	1	24.3664	2490
5	4	0.333333	0.333333	1	1	25.8583	2491
5	4	0.333333	0.333333	1	1	26.0003	2492
5	4	0.333333	0.333333	1	1	22.9171	2493
5	4	0.333333	0.333333	1	1	27.4576	2494
5	4	0.333333	0.333333	1	1	25.3662	2495
5	4	0.333333	0.333333	1	1	26.0958	2496
5	4	0.333333	0.333333	1	1	19.5816	2497
5	4	0.333333	0.333333	1	1	22.0885	2498
5	4	0.333333	0.333333	1	1	21.907	2499
5	3	0.333333	0.333333	1	1	20.4101	2500
5	3	0.333333	0.333333	1	1	16.5967	2501
5	3	0.333333	0.333333	1	1	-5.25176	2502
4	3	0.333333	0.333333	1	1	-5.25176	2503
4	2	0.333333	0.333333	1	1	-2.95229	2504
0	1	0.333333	0.333333	1	1	-3.33768	2505
0	1	0.333333	0.333333	1	1	-3.73223	2506
0	1	0.333333	0.333333	1	1	-3.73223	2507
0	1	0.333333	0.333333	1	1	-3.31756	2508
0	1	0.333333	0.333333	1	1	-5.25176	2509
0	1	0.333333	0.333333	1	1	-5.19119	2510
0	1	0.333333	0.333333	1	1	-3.62916	2511
0	1	0.333333	0.333333	1	1	-3.24979	2512
0	1	0.333333	0	1	0	-3.31756	2513
0	1	0.333333	0	1	0	nan	2514
0	0	0.333333	0	1	0	nan	2515
0	0	0	0	0	0	nan	2516
0	0	0	0	0	0	nan	2517
0	0	0	0	0	0	nan	2518
0	0	0	0	0	0	nan	2519
