unique_top_cov	unique_bot_cov	redundant_top_cov	redundant_bot_cov	raw_redundant_top_cov	raw_redundant_bot_cov	e_value	position
0	0	0	0	0	0	nan	1
0	0	0	0	0	0	nan	2
0	0	0	0	0	0	nan	3
0	0	0	0	0	0	nan	4
0	0	0	0	0	0	nan	5
0	0	0	0	0	0	nan	6
0	0	0	0	0	0	nan	7
0	0	0	0	0	0	nan	8
0	0	0	0	0	0	nan	9
0	0	0	0	0	0	nan	10
1	7	0	0	0	0	25.5979	11
2	7	0	0	0	0	23.3372	12
2	7	0	0	0	0	22.7661	13
2	7	0	0	0	0	23.3372	14
2	7	0	0	0	0	26.6046	15
2	7	0	0	0	0	20.1205	16
2	7	0	0	0	0	27.8611	17
2	7	0	0	0	0	29.0092	18
2	7	0	0	0	0	21.8808	19
2	7	0	0	0	0	27.9099	20
2	7	0	0	0	0	25.8093	21
2	7	0	0	0	0	25.1794	22
2	7	0	0	0	0	23.5357	23
2	7	0	0	0	0	29.3858	24
2	7	0	0	0	0	19.3717	25
2	7	0	0	0	0	24.2067	26
3	7	0	0	0	0	24.0083	27
3	7	0	0	0	0	28.1989	28
3	7	0	0	0	0	32.3083	29
3	7	0	0	0	0	27.8346	30
3	7	0	0	0	0	29.9913	31
3	7	0	0	0	0	29.9031	32
3	7	0	0	0	0	32.3248	33
3	7	0	0	0	0	31.2489	34
3	7	0	0	0	0	31.2515	35
3	7	0	0	0	0	30.272	36
3	7	0	0	0	0	31.5295	37
3	7	0	0	0	0	31.5295	38
3	7	0	0	0	0	31.5554	39
3	7	0	0	0	0	27.9411	40
3	7	0	0	0	0	33.7892	41
3	7	0	0	0	0	29.6076	42
3	7	0	0	0	0	31.3393	43
4	7	0	0	0	0	31.7063	44
4	7	0	0	0	0	31.5295	45
4	7	0	0	0	0	30.3042	46
4	7	0	0	0	0	32.597	47
4	7	0	0	0	0	33.1975	48
4	7	0	0	0	0	34.1029	49
4	7	0	0	0	0	33.8337	50
4	7	0	0	0	0	31.7396	51
4	7	0	0	0	0	36.0508	52
4	9	0	0	0	0	35.6235	53
4	9	0	0	0	0	33.3419	54
4	9	0	0	0	0	32.864	55
4	9	0	0	0	0	34.4856	56
4	9	0	0	0	0	31.4512	57
4	9	0	0	0	0	30.1963	58
4	9	0	0	0	0	41.8603	59
4	9	0	0	0	0	35.1507	60
4	9	0	0	0	0	36.3259	61
4	9	0	0	0	0	40.5414	62
4	9	0	0	0	0	45.9075	63
4	9	0	0	0	0	36.706	64
4	9	0	0	0	0	40.8371	65
4	9	0	0	0	0	37.8442	66
4	9	0	0	0	0	41.8336	67
4	9	0	0	0	0	44.0435	68
4	9	0	0	0	0	42.1623	69
4	9	0	0	0	0	42.1495	70
4	9	0	0	0	0	38.333	71
4	9	0	0	0	0	44.5386	72
4	9	0	0	0	0	43.3586	73
5	9	0	0	0	0	42.7682	74
5	9	0	0	0	0	42.7731	75
5	9	0	0	0	0	42.2342	76
5	9	0	0	0	0	38.9766	77
5	9	0	0	0	0	42.7377	78
5	9	0	0	0	0	42.4595	79
5	9	0	0	0	0	43.1491	80
5	9	0	0	0	0	40.1909	81
5	9	0	0	0	0	43.1273	82
5	9	0	0	0	0	38.6249	83
5	9	0	0	0	0	38.5818	84
5	9	0	0	0	0	40.2359	85
5	9	0	0	0	0	37.0432	86
5	9	1	0	2	0	39.1186	87
5	9	1	0	2	0	34.4363	88
5	9	1	0	2	0	36.7912	89
5	8	1	0	2	0	31.3783	90
5	7	1	0	2	0	36.4434	91
5	7	1	0	2	0	24.6641	92
4	7	1	0	2	0	31.1522	93
4	7	1	0	2	0	24.8533	94
4	7	1	0	2	0	28.6351	95
4	7	1	0	2	0	28.584	96
4	7	1	0	2	0	26.0656	97
4	7	1	0	2	0	31.2591	98
4	7	1	0.5	2	1	31.4569	99
4	7	1.5	0.5	3	1	19.0852	100
4	6	1.5	0.5	3	1	30.1277	101
4	6	1.5	0.5	3	1	27.8816	102
4	6	1.5	0.5	3	1	17.0351	103
4	5	1.5	0.5	3	1	18.0098	104
4	5	1.5	0.5	3	1	21.7237	105
4	4	1.5	0.5	3	1	21.7237	106
4	4	1.5	0.5	3	1	20.2119	107
4	4	1.5	0.5	3	1	21.9025	108
4	4	1.5	0.5	3	1	20.2724	109
4	4	1.5	0.5	3	1	22.7258	110
4	4	1.5	0.5	3	1	19.4106	111
4	4	1.5	1	3	2	20.1582	112
4	4	1.5	1	3	2	16.5566	113
4	4	1.5	1	3	2	18.811	114
4	4	1.5	1	3	2	22.5019	115
4	4	1.5	1	3	2	18.4507	116
4	4	1.5	1	3	2	18.3156	117
4	4	1.5	1	3	2	17.6549	118
4	3	1.5	1	3	2	14.5169	119
4	3	1.5	1	3	2	15.8953	120
4	3	1.5	1	3	2	14.6294	121
4	3	1.5	1	3	2	16.5589	122
4	3	1.5	1	3	2	15.0322	123
3	3	1.5	1	3	2	11.5251	124
3	3	1.5	1	3	2	13.6846	125
3	3	1.5	1	3	2	9.47181	126
3	3	1.5	1	3	2	15.4335	127
3	3	1.5	1	3	2	10.8933	128
3	2	1.5	1	3	2	10.5647	129
3	2	1.5	1	3	2	11.3813	130
3	2	1.5	1	3	2	10.9011	131
3	2	1.5	1	3	2	7.33387	132
3	2	1.5	1	3	2	9.60209	133
3	2	1.5	1	3	2	10.0634	134
3	2	1.5	1	3	2	10.2001	135
3	2	1.5	1	3	2	7.6604	136
3	2	1.5	1	3	2	9.7677	137
3	2	1.5	1	3	2	10.9012	138
3	2	1.5	0.5	3	1	6.46945	139
3	2	1.5	0.5	3	1	10.1993	140
3	2	1.5	0.5	3	1	7.11868	141
3	2	1.5	0.5	3	1	8.66825	142
3	2	1.5	0.5	3	1	10.8933	143
3	2	1.5	0.5	3	1	9.7677	144
3	2	1.5	0.5	3	1	7.31035	145
3	1	1.5	0.5	3	1	6.61725	146
3	1	1.5	0.5	3	1	5.33747	147
3	1	1.5	0.5	3	1	6.75237	148
3	1	1.5	0.5	3	1	3.75994	149
3	1	1.5	0.5	3	1	6.27112	150
3	1	0.5	0	1	0	6.27112	151
3	1	0.5	0	1	0	4.22168	152
3	1	0.5	0	1	0	nan	153
2	0	0.5	0	1	0	nan	154
2	0	0.5	0	1	0	nan	155
2	0	0	0	0	0	nan	156
