unique_top_cov	unique_bot_cov	redundant_top_cov	redundant_bot_cov	raw_redundant_top_cov	raw_redundant_bot_cov	e_value	position
2	2	0	0	0	0	nan	1
2	2	0	0	0	0	5.74552	2
2	2	0.333333	0	1	0	3.78886	3
2	2	0.333333	0	1	0	6.58276	4
2	2	0.333333	0	1	0	6.25749	5
2	3	0.333333	0	1	0	1.13383	6
2	3	0.333333	0	1	0	9.86801	7
3	3	0.333333	0	1	0	10.161	8
3	4	0.333333	0	1	0	14.4351	9
3	6	0.333333	0	1	0	16.8063	10
3	7	0.333333	0.666667	1	2	20.8705	11
3	7	0.333333	0.666667	1	2	24.8536	12
3	7	0.333333	0.666667	1	2	27.7318	13
3	7	0.333333	0.666667	1	2	28.7864	14
4	9	0.333333	1	1	3	26.1681	15
4	9	0.333333	1	1	3	29.1526	16
4	11	0.333333	1.66667	1	5	38.8409	17
4	12	0.333333	1.66667	1	5	41.834	18
4	13	0.333333	2	1	6	46.6124	19
4	16	0.333333	2	1	6	44.031	20
4	16	0.333333	2	1	6	48.7561	21
5	16	0.333333	2	1	6	47.2714	22
5	16	0.333333	2	1	6	42.9757	23
5	16	0.333333	2	1	6	66.9852	24
5	16	0.333333	2	1	6	74.5921	25
7	16	0.333333	2	1	6	71.8969	26
7	17	0.333333	2	1	6	75.0019	27
7	17	0.333333	2	1	6	80.3061	28
7	17	0.333333	2	1	6	80.2937	29
8	17	0.333333	2	1	6	81.5519	30
8	17	0.333333	2	1	6	66.2764	31
8	18	0.333333	2	1	6	83.0202	32
8	18	0.333333	2.33333	1	7	92.5647	33
8	31	0.333333	2.33333	1	7	90.6519	34
8	31	0.333333	2.33333	1	7	114.561	35
9	31	0.333333	2.33333	1	7	127.201	36
9	31	0.333333	2.33333	1	7	131.123	37
9	31	0.333333	2.33333	1	7	111.154	38
10	31	0.333333	2.33333	1	7	135.915	39
10	31	0.333333	2.33333	1	7	150.722	40
11	33	0.333333	2.33333	1	7	144.952	41
12	33	0.333333	2.33333	1	7	150.177	42
12	33	0	2.33333	0	7	149.831	43
14	33	0	2.33333	0	7	139.342	44
14	34	0	2.33333	0	7	175.005	45
17	34	0	2.33333	0	7	170.863	46
19	34	0	2.33333	0	7	182.932	47
19	34	0	2.33333	0	7	179.981	48
20	37	0	2.33333	0	7	189.674	49
20	37	0	2.33333	0	7	203.909	50
20	37	0	2.33333	0	7	200.473	51
21	37	0	2.33333	0	7	204.954	52
22	38	0	2	0	6	181.596	53
23	38	0	2	0	6	185.74	54
25	39	0	2	0	6	217.181	55
25	39	0	2	0	6	238.049	56
25	39	0	2	0	6	231.38	57
25	40	0	2	0	6	232.351	58
25	41	0	1.66667	0	5	235.223	59
25	41	0	1.66667	0	5	219.661	60
27	41	0	1.66667	0	5	250.653	61
27	41	0	1	0	3	223.695	62
28	41	0	1	0	3	232.593	63
29	45	0	1	0	3	258.822	64
30	45	0	1	0	3	256.522	65
31	45	0	1	0	3	237.639	66
31	46	0	1	0	3	272.48	67
33	46	0	1	0	3	286.831	68
33	46	0	0.666667	0	2	259.691	69
36	46	0	0.666667	0	2	262.647	70
38	46	0	0.666667	0	2	286.926	71
40	46	0	0.666667	0	2	322.901	72
40	46	0	0.666667	0	2	285.86	73
44	47	0	0.333333	0	1	293.849	74
45	47	0	0.333333	0	1	283.728	75
47	47	0	0.333333	0	1	331.53	76
49	47	0	0.333333	0	1	345.536	77
50	49	0	0	0	0	266.754	78
52	50	0	0	0	0	339.338	79
52	52	0	0	0	0	338.189	80
52	52	0	0	0	0	321.542	81
52	52	0	0	0	0	364.892	82
52	52	0	0	0	0	363.113	83
53	52	0	0	0	0	369.183	84
53	54	0	0	0	0	391.632	85
53	54	0	0	0	0	402.206	86
53	54	0	0	0	0	331.91	87
54	54	0	0	0	0	370.875	88
54	54	0	0	0	0	366.133	89
61	55	0	0	0	0	393.366	90
61	55	0	0	0	0	393.42	91
61	55	0	0	0	0	380.734	92
62	56	0	0	0	0	389.284	93
62	55	0	0	0	0	388.516	94
63	55	0	0	0	0	447.133	95
64	59	0	0	0	0	445.712	96
64	59	0	0	0	0	410.508	97
64	59	0	0	0	0	443.967	98
64	60	0	0	0	0	424.042	99
65	63	0	0	0	0	434.855	100
66	62	0	0	0	0	417.927	101
68	62	0	0	0	0	450.219	102
67	61	0	0	0	0	423.673	103
67	61	0	0	0	0	416.137	104
67	61	0	0	0	0	419.859	105
67	66	0	0	0	0	446.47	106
67	66	0	0	0	0	500.355	107
66	65	0	0	0	0	450.007	108
66	64	0	0	0	0	442.241	109
68	64	0	0	0	0	452.935	110
68	65	0	0	0	0	489.596	111
68	66	0	0	0	0	446.176	112
68	66	0	0	0	0	468.68	113
69	66	0	0	0	0	483.46	114
66	66	0	0	0	0	485.231	115
67	66	0	0	0	0	450.107	116
67	66	0	0	0	0	488.523	117
66	66	0	0	0	0	458.475	118
66	66	0	0	0	0	485.909	119
65	66	0	0	0	0	446.803	120
64	68	0	0	0	0	424.982	121
65	68	0	0	0	0	469.004	122
65	67	0	0	0	0	454.287	123
66	66	0	0	0	0	479.733	124
66	66	0	0	0	0	463.695	125
67	66	0	0	0	0	482.264	126
67	65	0	0	0	0	473.274	127
67	65	0	0	0	0	437.945	128
67	65	0	0	0	0	472.587	129
69	67	0	0	0	0	485.63	130
69	66	0	0	0	0	453.282	131
69	66	0	0	0	0	466.799	132
69	66	0	0	0	0	493.953	133
69	65	0	0	0	0	466.464	134
69	65	0	0	0	0	426.046	135
70	65	0	0	0	0	395.112	136
70	65	0	0	0	0	495.714	137
75	65	0	0	0	0	495.855	138
75	64	0	0	0	0	463.726	139
75	63	0	0	0	0	479.066	140
75	65	0	0	0	0	510.896	141
75	65	0	0	0	0	495.162	142
75	65	0	0	0	0	492.234	143
75	64	0	0	0	0	468.894	144
75	68	0	0	0	0	506.629	145
74	69	0	0	0	0	499.259	146
74	72	0	0	0	0	511.349	147
73	69	0	0	0	0	455.814	148
71	68	0	0	0	0	452.001	149
71	69	0	0	0	0	480.226	150
72	70	0	0	0	0	500.712	151
72	68	0	0	0	0	519.463	152
72	67	0	0	0	0	468.488	153
70	68	0	0	0	0	485.572	154
69	67	0	0	0	0	481.924	155
67	66	0	0	0	0	477.623	156
67	66	0	0	0	0	489.222	157
66	66	0	0	0	0	445.295	158
65	66	0	0	0	0	455.866	159
66	65	0	0	0	0	457.658	160
66	65	0	0	0	0	471.954	161
67	66	0	0	0	0	481.54	162
68	66	0	0	0	0	504.723	163
69	66	0	0	0	0	467.987	164
69	65	0	0	0	0	463.105	165
70	67	0	0	0	0	455.858	166
68	70	0	0	0	0	451.565	167
68	73	0	0	0	0	473.868	168
67	75	0	0	0	0	436.326	169
68	73	0	0	0	0	490.131	170
68	73	0	0	0	0	483.558	171
68	75	0	0	0	0	490.927	172
66	76	0	0	0	0	504.606	173
65	79	0	0	0	0	501.572	174
65	79	0	0	0	0	512.559	175
59	79	0	0	0	0	478.539	176
58	79	0	0	0	0	475.309	177
58	79	0	0	0	0	480.57	178
59	85	0	0	0	0	515.436	179
59	85	0	0	0	0	514.416	180
55	84	0	0	0	0	466.636	181
55	89	0	0	0	0	454.769	182
53	89	0	0	0	0	470.509	183
53	89	0	0	0	0	452.45	184
53	90	0	0	0	0	496.137	185
49	90	0	0	0	0	479.877	186
50	90	0	0	0	0	501.574	187
43	90	0	0	0	0	447.022	188
42	90	0	0	0	0	429.68	189
42	95	0	0	0	0	481.307	190
42	94	0	0	0	0	480.019	191
41	94	0	0	0	0	481.647	192
39	94	0	0	0	0	414.563	193
39	95	0	0	0	0	485.4	194
39	92	0	0	0	0	378.777	195
41	92	0	0	0	0	479.872	196
40	92	0	0	0	0	458.477	197
40	92	0	0	0	0	459.496	198
40	92	0	0	0	0	474.985	199
40	93	0	0	0	0	468.444	200
40	94	0	0	0	0	457.581	201
40	94	0	0	0	0	470.775	202
41	92	0	0	0	0	418.215	203
41	93	0	0	0	0	400.531	204
41	92	0	0	0	0	493.671	205
41	92	0	0	0	0	474.426	206
41	92	0	0	0	0	497.578	207
43	91	0	0	0	0	423.785	208
43	90	0	0	0	0	434.993	209
43	89	0	0	0	0	413.307	210
41	90	0	0	0	0	479.538	211
41	90	0	0	0	0	455.478	212
41	99	0	0	0	0	442.589	213
41	98	0	0	0	0	517.123	214
41	98	0	0	0	0	478.063	215
42	97	0	0	0	0	479.997	216
42	97	0	0	0	0	479.282	217
42	97	0	0	0	0	519.241	218
42	97	0	0	0	0	469.816	219
41	96	0	0	0	0	476.862	220
40	97	0	0	0	0	497.975	221
40	97	0	0	0	0	468.506	222
40	96	0	0	0	0	475.873	223
40	94	0	0	0	0	452.343	224
42	94	0	0	0	0	454.889	225
43	94	0	0	0	0	446.341	226
44	94	0	0	0	0	456.183	227
43	93	0	0	0	0	470.681	228
43	93	0	0	0	0	452.343	229
40	92	0	0	0	0	458.335	230
40	93	0	0	0	0	469.798	231
40	92	0	0	0	0	440.165	232
40	92	0	0	0	0	475.07	233
38	89	0	0	0	0	425.065	234
39	87	0	0	0	0	432.939	235
40	88	0	0	0	0	428.58	236
40	88	0	0	0	0	463.263	237
42	88	0	0	0	0	423.696	238
41	88	0	0	0	0	452.102	239
42	88	0	0	0	0	447.791	240
42	87	0	0	0	0	424.992	241
43	87	0	0	0	0	448.715	242
43	87	0	0	0	0	452.753	243
43	86	0	0	0	0	451.983	244
43	84	0	0	0	0	459.458	245
43	84	0	0	0	0	420.498	246
43	84	0	0	0	0	406.781	247
43	85	0	0	0	0	432.685	248
47	83	0	0	0	0	451.492	249
47	85	0	0	0	0	431.897	250
48	85	0	0	0	0	431.238	251
48	83	0	0	0	0	440.542	252
48	88	0	0	0	0	417.04	253
49	88	0	0	0	0	414.991	254
50	89	0	0	0	0	458.563	255
50	85	0	0	0	0	416.749	256
49	85	0	0	0	0	408.482	257
50	85	0	0	0	0	416.98	258
47	85	0	0	0	0	447.116	259
46	85	0	0	0	0	438.787	260
46	84	0	0	0	0	388.999	261
45	84	0	0	0	0	405.821	262
45	83	0	0	0	0	400.883	263
47	82	0	0	0	0	367.043	264
47	80	0	0	0	0	420.871	265
49	78	0	0	0	0	405.294	266
49	78	0	0	0	0	434.02	267
49	73	0	0	0	0	311.827	268
50	70	0	0	0	0	376.322	269
50	69	0	0	0	0	389.585	270
50	68	0	0	0	0	443.337	271
51	68	0	0	0	0	420.236	272
51	67	0	0	0	0	432.184	273
51	68	0	0	0	0	433.09	274
51	67	0	0	0	0	407.253	275
51	65	0	0	0	0	379.35	276
50	63	0	0	0	0	412.971	277
48	63	0	0	0	0	333.89	278
48	62	0	0	0	0	413.769	279
49	61	0	0	0	0	383.285	280
49	61	0	0	0	0	378.629	281
49	62	0	0	0	0	380.366	282
50	60	0	0	0	0	349.881	283
50	56	0	0	0	0	353.136	284
50	57	0	0	0	0	324.736	285
50	60	0	0	0	0	371.305	286
50	62	0	0	0	0	338.125	287
45	63	0	0	0	0	332.44	288
45	62	0	0	0	0	323.615	289
46	58	0	0	0	0	80.7877	290
46	57	0	0	0	0	336.832	291
47	57	0	0	0	0	300.391	292
47	57	0	0	0	0	355.851	293
46	56	0	0	0	0	348.743	294
45	55	0	0	0	0	297.521	295
44	54	0	0	0	0	305.877	296
44	53	0	0	0	0	356.065	297
44	54	0	0	0	0	343.644	298
43	55	0	0	0	0	286.761	299
43	54	0	0	0	0	316.035	300
43	53	0	0	0	0	341.558	301
43	53	0	0	0	0	297.195	302
44	53	0	0	0	0	313.71	303
44	53	0	0	0	0	315.448	304
43	55	0	0	0	0	331.758	305
42	54	0	0	0	0	328.578	306
42	53	0	0	0	0	326.359	307
43	54	0	0	0	0	299.869	308
41	53	0	0	0	0	184.369	309
41	53	0	0	0	0	355.637	310
42	54	0	0	0	0	322.117	311
42	55	0	0	0	0	337.294	312
41	54	0	0	0	0	365.133	313
41	54	0	0	0	0	340.932	314
42	53	0	0	0	0	302.593	315
42	53	0	0	0	0	340.569	316
40	57	0	0	0	0	301.636	317
40	67	0	0	0	0	329.213	318
38	68	0	0	0	0	327.227	319
38	77	0	0	0	0	357.006	320
37	77	0	0	0	0	311.219	321
37	78	0	0	0	0	329.191	322
38	80	0	0	0	0	370.06	323
37	78	0	0	0	0	375.584	324
37	80	0	0	0	0	415.458	325
31	80	0	0	0	0	395.127	326
28	86	0	0	0	0	388.629	327
27	86	0	0	0	0	382.956	328
24	87	0	0	0	0	420.254	329
24	87	0	0	0	0	364.018	330
23	87	0	0	0	0	374.843	331
23	86	0	0	0	0	387.426	332
23	85	0	0	0	0	398.082	333
23	84	0	0	0	0	367.709	334
24	84	0	0	0	0	358.968	335
18	84	0	0	0	0	341.148	336
20	84	0	0	0	0	378.648	337
20	84	0	0	0	0	360.26	338
23	83	0	0	0	0	301.679	339
27	83	0	0	0	0	368.056	340
27	84	0	0	0	0	381.048	341
27	91	0	0	0	0	317.888	342
29	91	0	0	0	0	372.668	343
29	91	0	0	0	0	434.004	344
29	91	0	0	0	0	402.146	345
30	91	0	0	0	0	417.62	346
31	91	0	0	0	0	424.514	347
32	92	0	0	0	0	471.696	348
33	92	0	0	0	0	386.753	349
32	90	0	0	0	0	432.115	350
30	90	0	0	0	0	447.065	351
31	90	0	0	0	0	402.216	352
32	90	0	0	0	0	404.554	353
33	90	0	0	0	0	427.336	354
33	91	0	0	0	0	445.377	355
32	91	0	0	0	0	411.05	356
32	94	0	0	0	0	424.31	357
32	94	0	0	0	0	453.342	358
32	94	0	0	0	0	449.265	359
33	94	0	0	0	0	458.826	360
33	91	0	0	0	0	472.532	361
33	91	0	0	0	0	441.615	362
34	90	0	0	0	0	416.367	363
35	90	0	0	0	0	432.307	364
36	91	0	0	0	0	467.569	365
36	91	0	0	0	0	448.825	366
37	90	0	0	0	0	421.556	367
37	89	0	0	0	0	464.327	368
37	90	0	0	0	0	427.247	369
39	90	0	0	0	0	438.287	370
39	90	0	0	0	0	447.752	371
40	90	0	0	0	0	466.217	372
41	90	0	0	0	0	456.012	373
41	89	0	0	0	0	453.493	374
41	88	0	0	0	0	454.442	375
43	88	0	0	0	0	493.412	376
43	88	0	0	0	0	445.596	377
42	88	0	0	0	0	449.631	378
43	89	0	0	0	0	464.828	379
45	92	0	0	0	0	468.862	380
46	90	0	0	0	0	437.079	381
47	90	0	0	0	0	469.537	382
49	90	0	0	0	0	464.79	383
49	93	0	0	0	0	467.905	384
48	93	0	0	0	0	468.291	385
48	92	0	0	0	0	434.756	386
48	93	0	0	0	0	470.434	387
47	93	0	0	0	0	480.004	388
45	90	0	0	0	0	476.297	389
43	89	0	0	0	0	461.597	390
43	89	0	0	0	0	481.615	391
43	88	0	0	0	0	456.178	392
43	88	0	0	0	0	468.137	393
43	88	0	0	0	0	502.452	394
43	88	0	0	0	0	446.696	395
45	87	0	0	0	0	497.537	396
45	87	0	0	0	0	489.768	397
45	85	0	0	0	0	442.691	398
46	85	0	0	0	0	425.666	399
46	84	0	0	0	0	451.961	400
45	84	0	0	0	0	434.866	401
45	83	0	0	0	0	423.681	402
45	78	0	0	0	0	440.58	403
45	76	0	0	0	0	412.596	404
45	76	0	0	0	0	407.485	405
48	75	0	0	0	0	439.699	406
48	77	0	0	0	0	386.716	407
49	77	0	0	0	0	438.418	408
49	77	0	0	0	0	397.715	409
50	81	0	0	0	0	420.778	410
50	81	0	0	0	0	377.478	411
50	81	0	0	0	0	430.339	412
50	79	0	0	0	0	412.961	413
50	78	0	0	0	0	440.852	414
50	78	0	0	0	0	457.164	415
49	78	0	0	0	0	435.895	416
49	78	0	0	0	0	478.856	417
49	78	0	0	0	0	405.299	418
45	77	0	0	0	0	418.737	419
45	77	0	0	0	0	442.149	420
43	75	0	0	0	0	383.896	421
43	74	0	0	0	0	372.439	422
45	76	0	0	0	0	421.976	423
44	76	0	0	0	0	440.493	424
44	75	0	0	0	0	412.492	425
45	79	0	0	0	0	430.756	426
45	77	0	0	0	0	421.887	427
46	79	0	0	0	0	433.061	428
44	78	0	0	0	0	400.054	429
46	77	0	0	0	0	381.673	430
48	77	0	0	0	0	393.095	431
48	75	0	0	0	0	406.698	432
48	73	0	0	0	0	341.138	433
51	72	0	0	0	0	401.184	434
49	71	0	0	0	0	380.31	435
49	70	0	0	0	0	409.099	436
49	67	0	0	0	0	354.811	437
49	66	0	0	0	0	440.118	438
51	65	0	0	0	0	417.255	439
52	65	0	0	0	0	372.951	440
54	65	0	0	0	0	420.955	441
55	67	0	0	0	0	434.073	442
55	66	0	0	0	0	391.45	443
57	66	0	0	0	0	430.241	444
57	65	0	0	0	0	442.584	445
58	66	0	0	0	0	433.664	446
60	66	0	0	0	0	431.157	447
60	66	0	0	0	0	444.224	448
62	66	0	0	0	0	421.657	449
62	66	0	0	0	0	453.786	450
60	66	0	0	0	0	437.644	451
61	64	0	0	0	0	439.272	452
61	64	0	0	0	0	397.261	453
64	62	0	0	0	0	438.483	454
65	60	0	0	0	0	410.151	455
67	59	0	0	0	0	432.871	456
68	58	0	0	0	0	422.725	457
68	58	0	0	0	0	426.208	458
68	57	0	0	0	0	414.482	459
71	56	0	0	0	0	446.166	460
73	56	0	0	0	0	440.148	461
76	56	0	0	0	0	438.285	462
76	56	0	0	0	0	418.51	463
76	55	0	0	0	0	435.944	464
76	55	0	0	0	0	426.678	465
76	55	0	0	0	0	455.7	466
76	54	0	0	0	0	440.308	467
76	50	0	0	0	0	394.547	468
76	51	0	0	0	0	462.185	469
76	49	0	0	0	0	445.212	470
76	49	0	0	0	0	396.78	471
78	48	0	0	0	0	391.905	472
78	51	0	0	0	0	456.098	473
78	54	0	0	0	0	408.982	474
78	59	0	0	0	0	409.757	475
79	57	0	0	0	0	464.27	476
77	54	0	0	0	0	462.297	477
77	55	0	0	0	0	453.035	478
77	54	0	0	0	0	442.343	479
79	57	0	0	0	0	467.879	480
81	61	0	0	0	0	458.097	481
81	61	0	0	0	0	518.299	482
82	61	0	0	0	0	482.326	483
81	62	0	0	0	0	476.168	484
81	62	0	0	0	0	469.713	485
82	61	0	0	0	0	458.998	486
82	58	0	0	0	0	501.931	487
82	60	0	0	0	0	467.237	488
81	60	0	0	0	0	483.416	489
75	58	0	0	0	0	428.212	490
75	58	0	0	0	0	480.868	491
75	54	0	0	0	0	423.473	492
76	57	0	0	0	0	473.492	493
76	56	0	0	0	0	421.615	494
75	56	0	0	0	0	432.242	495
75	54	0	0	0	0	473.55	496
70	53	0	0	0	0	394.107	497
70	54	0	0	0	0	457.459	498
69	54	0	0	0	0	381.567	499
69	54	0	0	0	0	425.622	500
68	53	0	0	0	0	435.204	501
68	51	0	0	0	0	428.669	502
67	54	0	0	0	0	409.47	503
67	54	0	0	0	0	421.176	504
67	52	0	0	0	0	404.09	505
68	52	0	0	0	0	428.029	506
67	51	0	0	0	0	384.345	507
68	52	0	0	0	0	425.879	508
69	52	0	0	0	0	385.902	509
70	53	0	0	0	0	349.819	510
71	55	0	0	0	0	450.984	511
69	55	0	0	0	0	455.347	512
69	56	0	0	0	0	441.352	513
70	56	0	0	0	0	466.278	514
72	56	0	0	0	0	414.913	515
75	56	0	0	0	0	420.728	516
77	58	0	0	0	0	479.967	517
75	59	0	0	0	0	464.727	518
75	59	0	0	0	0	500.601	519
71	59	0	0	0	0	414.762	520
75	59	0	0	0	0	491.467	521
77	60	0	0	0	0	458.427	522
75	63	0	0	0	0	490.457	523
76	64	0	0	0	0	464.601	524
75	64	0	0	0	0	502.334	525
76	64	0	0	0	0	482.746	526
75	63	0	0	0	0	482.024	527
75	63	0	0	0	0	486.134	528
75	64	0	0	0	0	504.496	529
75	62	0	0	0	0	494.954	530
75	62	0	0	0	0	440.501	531
80	63	0	0	0	0	535.496	532
81	63	0	0	0	0	505.456	533
82	62	0	0	0	0	499.552	534
82	62	0	0	0	0	469.867	535
82	62	0	0	0	0	473.89	536
82	61	0	0	0	0	534.155	537
80	61	0	0	0	0	489.469	538
77	60	0	0	0	0	465.021	539
77	62	0	0	0	0	511.515	540
77	62	0	0	0	0	505.796	541
78	61	0	0	0	0	495.551	542
79	61	0	0	0	0	499.325	543
80	61	0	0	0	0	498.405	544
81	59	0	0	0	0	519.517	545
82	59	0	0	0	0	492.686	546
83	59	0	0	0	0	464.219	547
83	58	0	0	0	0	516.062	548
83	58	0	0	0	0	502.283	549
82	57	0	0	0	0	225.738	550
86	58	0	0	0	0	495.067	551
86	58	0	0	0	0	520.443	552
86	60	0	0	0	0	501.161	553
85	60	0	0	0	0	501.232	554
86	60	0	0	0	0	532.912	555
86	59	0	0	0	0	508.71	556
85	59	0	0	0	0	518.376	557
84	59	0	0	0	0	510.746	558
84	59	0	0	0	0	499.007	559
82	57	0	0	0	0	499.303	560
82	56	0	0	0	0	495.963	561
79	52	0	0	0	0	405.073	562
79	54	0	0	0	0	383.993	563
78	54	0	0	0	0	512.368	564
79	54	0	0	0	0	497.504	565
80	54	0	0	0	0	469.701	566
80	53	0	0	0	0	502.375	567
80	51	0	0	0	0	447.513	568
80	50	0	0	0	0	440.549	569
80	50	0	0	0	0	403.369	570
80	50	0	0	0	0	448.837	571
69	50	0	0	0	0	445.046	572
69	49	0	0	0	0	438.229	573
69	51	0	0	0	0	382.856	574
69	51	0	0	0	0	425.411	575
69	50	0	0	0	0	378.693	576
70	51	0	0	0	0	444.889	577
69	56	0	0	0	0	455.196	578
69	56	0	0	0	0	439.627	579
70	57	0	0	0	0	452.126	580
71	57	0	0	0	0	463.426	581
72	61	0	0	0	0	467.684	582
71	61	0	0	0	0	465.554	583
71	60	0	0	0	0	424.631	584
72	60	0	0	0	0	464.259	585
68	61	0	0	0	0	424.606	586
64	61	0	0	0	0	433.952	587
64	64	0	0	0	0	455.224	588
63	64	0	0	0	0	375.817	589
65	64	0	0	0	0	448.784	590
62	63	0	0	0	0	435.877	591
62	63	0	0	0	0	457.448	592
60	61	0	0	0	0	393.305	593
61	61	0	0	0	0	464.705	594
61	61	0	0	0	0	421.985	595
59	59	0	0	0	0	415.558	596
57	57	0	0	0	0	428.143	597
59	59	0	0	0	0	423.659	598
59	59	0	0	0	0	361.626	599
59	59	0	0	0	0	408.18	600
59	59	0	0	0	0	393.19	601
60	59	0	0	0	0	373.3	602
58	59	0	0	0	0	400.013	603
60	59	0	0	0	0	411.013	604
57	59	0	0	0	0	402.838	605
57	60	0	0	0	0	409.181	606
53	60	0	0	0	0	360.445	607
54	60	0	0	0	0	426.958	608
54	60	0	0	0	0	398.242	609
56	59	0	0	0	0	357.589	610
56	59	0	0	0	0	401.484	611
56	60	0	0	0	0	396.65	612
54	60	0	0	0	0	395.396	613
55	60	0	0	0	0	401.118	614
51	59	0	0	0	0	356.872	615
51	58	0	0	0	0	403.597	616
51	59	0	0	0	0	376.724	617
51	58	0	0	0	0	373.845	618
50	56	0	0	0	0	339.583	619
48	57	0	0	0	0	347.399	620
48	59	0	0	0	0	360.47	621
48	59	0	0	0	0	369.906	622
49	59	0	0	0	0	400.962	623
49	59	0	0	0	0	376.824	624
49	58	0	0	0	0	381.176	625
49	58	0	0	0	0	382.839	626
46	58	0	0	0	0	353.793	627
45	57	0	0	0	0	346.012	628
45	55	0	0	0	0	343.337	629
44	56	0	0	0	0	357.423	630
44	55	0	0	0	0	302.168	631
45	55	0	0	0	0	275.782	632
49	54	0	0	0	0	369.681	633
49	53	0	0	0	0	370.27	634
48	53	0	0	0	0	366.782	635
50	52	0	0	0	0	361.11	636
50	51	0	0	0	0	367.339	637
50	51	0	0	0	0	370.628	638
50	50	0	0	0	0	350.502	639
51	52	0	0	0	0	386.811	640
51	51	0	0	0	0	325.805	641
53	50	0	0	0	0	335.58	642
54	48	0	0	0	0	362.821	643
54	48	0	0	0	0	385.881	644
54	48	0	0	0	0	372.547	645
54	50	0	0	0	0	360.794	646
53	50	0	0	0	0	326.949	647
53	50	0	0	0	0	344.534	648
53	49	0	0	0	0	345.077	649
54	49	0	0	0	0	383.138	650
54	51	0	0	0	0	365.279	651
54	51	0	0	0	0	364.077	652
54	49	0	0	0	0	394.345	653
54	49	0	0	0	0	365.712	654
53	49	0	0	0	0	354.889	655
53	57	0	0	0	0	362.173	656
52	58	0	0	0	0	395.245	657
52	58	0	0	0	0	402.06	658
50	57	0	0	0	0	313.859	659
50	55	0	0	0	0	356.244	660
50	55	0	0	0	0	369.046	661
50	56	0	0	0	0	357.777	662
52	55	0	0	0	0	380.323	663
52	57	0	0	0	0	361.091	664
43	56	0	0	0	0	334.321	665
42	54	0	0	0	0	370.676	666
43	54	0	0	0	0	329.379	667
43	53	0	0	0	0	347.9	668
43	53	0	0	0	0	338.608	669
43	54	0	0	0	0	330.836	670
45	54	0	0	0	0	335.09	671
46	52	0	0	0	0	348.873	672
45	52	0	0	0	0	308.685	673
45	52	0	0	0	0	340.315	674
45	52	0	0	0	0	341.335	675
43	52	0	0	0	0	299.992	676
42	52	0	0	0	0	347.595	677
41	52	0	0	0	0	327.887	678
41	51	0	0	0	0	320.382	679
43	51	0	0	0	0	344.496	680
43	51	0	0	0	0	320.822	681
44	51	0	0	0	0	337.206	682
44	51	0	0	0	0	352.696	683
46	51	0	0	0	0	336.737	684
47	51	0	0	0	0	337.43	685
44	50	0	0	0	0	315.849	686
44	50	0	0	0	0	307.433	687
45	50	0	0	0	0	301.211	688
45	50	0	0	0	0	348.368	689
45	49	0	0	0	0	343.366	690
45	48	0	0	0	0	335.48	691
44	49	0	0	0	0	237.573	692
45	49	0	0	0	0	340.176	693
45	49	0	0	0	0	313.681	694
46	48	0	0	0	0	362.692	695
47	48	0	0	0	0	329.14	696
48	50	0	0	0	0	354.376	697
48	50	0	0	0	0	335.628	698
48	49	0	0	0	0	336.813	699
47	49	0	0	0	0	307.224	700
41	47	0	0	0	0	296.531	701
42	47	0	0	0	0	322.244	702
42	47	0	0	0	0	317.362	703
43	47	0	0	0	0	306.881	704
42	47	0	0	0	0	314.093	705
42	50	0	0	0	0	308.817	706
43	49	0	0	0	0	275.834	707
44	49	0	0	0	0	273.029	708
44	49	0	0	0	0	321.167	709
45	48	0	0	0	0	309.358	710
46	48	0	0	0	0	345.278	711
46	48	0	0	0	0	331.088	712
47	48	0	0	0	0	341.251	713
47	49	0	0	0	0	320.948	714
44	49	0	0	0	0	321.725	715
43	50	0	0	0	0	302.098	716
43	50	0	0	0	0	339.601	717
43	50	0	0	0	0	348.683	718
43	49	0	0	0	0	276.721	719
40	49	0	0	0	0	316.418	720
40	49	0	0	0	0	324.219	721
40	47	0	0	0	0	294.988	722
40	45	0	0	0	0	286.473	723
41	43	0	0	0	0	308.574	724
42	43	0	0	0	0	242.159	725
42	44	0	0	0	0	307.634	726
43	42	0	0	0	0	297.016	727
43	40	0	0	0	0	288.239	728
44	39	0	0	0	0	258.332	729
44	37	0	0	0	0	273.292	730
44	36	0	0	0	0	259.881	731
44	35	0	0	0	0	244.266	732
44	33	0	0	0	0	290.873	733
44	33	0	0	0	0	289.972	734
42	33	0	0	0	0	247.167	735
42	33	0	0	0	0	293.618	736
42	33	0	0	0	0	280.71	737
43	33	0	0	0	0	232.273	738
44	31	0	0	0	0	264.51	739
44	31	0	0	0	0	247.7	740
44	31	0	0	0	0	249.766	741
44	31	0	0	0	0	273.229	742
42	31	0	0	0	0	252.371	743
42	32	0	0	0	0	235.096	744
43	33	0	0	0	0	237.715	745
43	33	0	0	0	0	240.056	746
43	32	0	0	0	0	229.441	747
39	35	0	0	0	0	215.967	748
34	35	0	0	0	0	221.278	749
34	35	0	0	0	0	236.094	750
34	35	0	0	0	0	251.389	751
34	33	0	0	0	0	202.843	752
34	33	0	0	0	0	242.845	753
32	33	0	0	0	0	219.674	754
31	35	0	0	0	0	226.138	755
31	34	0	0	0	0	231.091	756
31	34	0	0	0	0	203.577	757
31	34	0	0	0	0	223.312	758
32	33	0	0	0	0	238.547	759
32	33	0	0	0	0	220.031	760
33	32	0	0	0	0	223.345	761
33	34	0	0	0	0	253.192	762
33	34	0	0	0	0	220.848	763
33	34	0	0	0	0	222.132	764
35	34	0	0	0	0	254.029	765
35	37	0	0	0	0	241.964	766
35	40	0	0	0	0	262.522	767
35	39	0	0	0	0	259.199	768
35	38	0	0	0	0	238.853	769
36	37	0	0	0	0	239.64	770
35	37	0	0	0	0	222.768	771
36	37	0	0	0	0	253.195	772
36	37	0	0	0	0	230.306	773
36	37	0	0	0	0	259.717	774
34	36	0	0	0	0	242.904	775
35	39	0	0	0	0	258.466	776
35	39	0	0	0	0	255.32	777
36	39	0	0	0	0	252.979	778
37	39	0	0	0	0	228.917	779
32	38	0	0	0	0	240.588	780
32	37	0	0	0	0	227.364	781
29	37	0	0	0	0	227.116	782
32	38	0	0	0	0	242.435	783
33	38	0	0	0	0	223.114	784
32	38	0	0	0	0	188.193	785
33	39	0	0	0	0	241.488	786
33	39	0	0	0	0	233.462	787
33	37	0	0	0	0	235.168	788
33	36	0	0	0	0	214.945	789
33	36	0	0	0	0	179.383	790
34	36	0	0	0	0	254.272	791
34	36	0	0	0	0	238.735	792
35	37	0	0	0	0	241.927	793
36	37	0	0	0	0	213.735	794
36	37	0	0	0	0	270.12	795
37	36	0	0	0	0	256.239	796
38	36	0	0	0	0	261.793	797
38	36	0	0	0	0	255.769	798
39	36	0	0	0	0	275.002	799
40	37	0	0	0	0	253.955	800
40	34	0	0	0	0	245.831	801
38	36	0	0	0	0	235.671	802
38	37	0	0	0	0	268.276	803
38	37	0	0	0	0	245.22	804
38	37	0	0	0	0	247.703	805
38	36	0	0	0	0	230.554	806
34	36	0	0	0	0	246.478	807
35	36	0	0	0	0	253.893	808
34	36	0	0	0	0	236.37	809
35	36	0	0	0	0	262.564	810
35	36	0	0	0	0	233.778	811
36	36	0	0	0	0	265.029	812
36	34	0	0	0	0	239.516	813
35	34	0	0	0	0	265.892	814
35	42	0	0	0	0	256.477	815
35	42	0	0	0	0	268.167	816
35	41	0	0	0	0	258.577	817
36	42	0	0	0	0	278.673	818
36	42	0	0	0	0	233.859	819
36	44	0	0	0	0	238.198	820
36	44	0	0	0	0	284.018	821
34	44	0	0	0	0	261.889	822
36	44	0	0	0	0	293.177	823
33	44	0	0	0	0	259.428	824
34	46	0	0	0	0	276.364	825
34	45	0	0	0	0	265.201	826
33	45	0	0	0	0	275.681	827
32	44	0	0	0	0	231.139	828
31	44	0	0	0	0	259.379	829
32	44	0	0	0	0	284.634	830
32	44	0	0	0	0	277.924	831
32	44	0	0	0	0	271.909	832
33	44	0	0	0	0	263.188	833
32	44	0	0	0	0	258.837	834
32	43	0	0	0	0	268.147	835
32	43	0	0	0	0	254.883	836
32	42	0	0	0	0	256.834	837
32	42	0	0	0	0	244.764	838
32	43	0	0	0	0	252.444	839
32	42	0	0	0	0	255.973	840
33	42	0	0	0	0	263.347	841
32	42	0	0	0	0	265.367	842
33	42	0	0	0	0	259.306	843
33	43	0	0	0	0	236.115	844
33	43	0	0	0	0	267.598	845
33	43	0	0	0	0	261.91	846
33	41	0	0	0	0	273.273	847
33	44	0	0	0	0	228.626	848
33	44	0	0	0	0	229.408	849
35	45	0	0	0	0	285.99	850
37	45	0	0	0	0	281.847	851
37	45	0	0	0	0	283.813	852
38	46	0	0	0	0	302.255	853
38	45	0	0	0	0	283.091	854
38	45	0	0	0	0	270.267	855
38	44	0	0	0	0	285.787	856
35	44	0	0	0	0	263.453	857
35	47	0	0	0	0	285.693	858
36	52	0	0	0	0	291.568	859
36	51	0	0	0	0	327.719	860
36	50	0	0	0	0	321.776	861
36	49	0	0	0	0	294.669	862
36	50	0	0	0	0	297.333	863
36	50	0	0	0	0	308.665	864
37	49	0	0	0	0	272.558	865
37	49	0	0	0	0	266.308	866
38	50	0	0	0	0	318.223	867
37	50	0	0	0	0	285.519	868
37	51	0	0	0	0	320.289	869
37	50	0	0	0	0	294.593	870
38	50	0	0	0	0	300.797	871
39	49	0	0	0	0	308.238	872
39	48	0	0	0	0	330.95	873
41	48	0	0	0	0	301.846	874
43	48	0	0	0	0	310.14	875
43	48	0	0	0	0	310.751	876
44	48	0	0	0	0	330.096	877
45	47	0	0	0	0	309.76	878
47	47	0	0	0	0	333.247	879
47	48	0	0	0	0	345.268	880
49	48	0	0	0	0	328.831	881
50	48	0	0	0	0	321.599	882
51	48	0	0	0	0	341.917	883
51	48	0	0	0	0	330.847	884
52	49	0	0	0	0	334.366	885
52	50	0	0	0	0	325.738	886
51	50	0	0	0	0	329.704	887
43	50	0	0	0	0	329.185	888
43	48	0	0	0	0	309.069	889
44	52	0	0	0	0	316.41	890
45	53	0	0	0	0	360.396	891
45	53	0	0	0	0	342.467	892
45	53	0	0	0	0	357.265	893
43	53	0	0	0	0	332.151	894
43	52	0	0	0	0	351.138	895
43	52	0	0	0	0	325.502	896
42	52	0	0	0	0	336.281	897
42	54	0	0	0	0	346.619	898
39	54	0	0	0	0	299.575	899
40	52	0	0	0	0	327.052	900
39	52	0	0	0	0	317.525	901
39	52	0	0	0	0	310.853	902
39	51	0	0	0	0	315.672	903
39	51	0	0	0	0	308.228	904
38	53	0	0	0	0	300.779	905
38	53	0	0	0	0	309.937	906
38	56	0	0	0	0	291.209	907
38	56	0	0	0	0	297.054	908
38	56	0	0	0	0	302.132	909
39	56	0	0	0	0	326.316	910
40	54	0	0	0	0	313.939	911
38	52	0	0	0	0	299.747	912
39	51	0	0	0	0	334.827	913
39	54	0	0	0	0	332.539	914
39	55	0	0	0	0	306.679	915
39	53	0	0	0	0	313.578	916
38	53	0	0	0	0	333.451	917
38	51	0	0	0	0	274.972	918
38	52	0	0	0	0	319.527	919
38	52	0	0	0	0	331.096	920
37	52	0	0	0	0	280.411	921
38	51	0	0	0	0	322.704	922
37	50	0	0	0	0	304.242	923
38	51	0	0	0	0	316.955	924
38	50	0	0	0	0	278.231	925
38	50	0	0	0	0	275.009	926
40	50	0	0	0	0	283.568	927
40	50	0	0	0	0	324.705	928
40	49	0	0	0	0	319.165	929
40	49	0	0	0	0	274.832	930
38	49	0	0	0	0	313.094	931
39	49	0	0	0	0	298.2	932
34	47	0	0	0	0	241.964	933
34	47	0	0	0	0	281.639	934
34	43	0	0	0	0	270.766	935
34	43	0	0	0	0	273.098	936
35	42	0	0	0	0	279.331	937
34	42	0	0	0	0	244.01	938
34	41	0	0	0	0	263.125	939
34	44	0	0	0	0	252.337	940
34	45	0	0	0	0	253.711	941
34	42	0	0	0	0	207.607	942
35	42	0	0	0	0	270.56	943
35	41	0	0	0	0	209.507	944
36	39	0	0	0	0	260.036	945
37	38	0	0	0	0	237.085	946
37	35	0	0	0	0	244.734	947
36	35	0	0	0	0	256.683	948
35	33	0	0	0	0	167.946	949
39	31	0	0	0	0	219.123	950
40	29	0	0	0	0	221.805	951
40	29	0	0	0	0	252.805	952
41	30	0	0	0	0	250.918	953
42	30	0	0	0	0	260.131	954
42	29	0	0	0	0	237.451	955
43	29	0	0	0	0	235.281	956
43	29	0	0	0	0	244.972	957
43	29	0	0	0	0	234.113	958
44	28	0	0	0	0	250.481	959
43	25	0	0	0	0	232.939	960
43	25	0	0	0	0	251.938	961
43	25	0	0	0	0	229.365	962
44	25	0	0	0	0	247.073	963
42	24	0	0	0	0	229.662	964
42	24	0	0	0	0	225.335	965
43	23	0	0	0	0	214.987	966
44	23	0	0	0	0	253.328	967
44	22	0	0	0	0	235.967	968
44	23	0	0	0	0	245.283	969
44	23	0	0	0	0	237.049	970
45	23	0	0	0	0	235.383	971
46	23	0	0	0	0	237.616	972
46	23	0	0	0	0	220.052	973
45	23	0	0	0	0	217.576	974
47	24	0	0	0	0	228.572	975
51	24	0	0	0	0	250.771	976
52	24	0	0	0	0	244.87	977
51	22	0	0	0	0	243.026	978
52	22	0	0	0	0	247.183	979
53	21	0	0	0	0	247.061	980
53	21	0	0	0	0	235.808	981
53	22	0	0	0	0	254.455	982
54	22	0	0	0	0	240.346	983
54	22	0	0	0	0	246.809	984
55	22	0	0	0	0	255.07	985
56	23	0	0	0	0	253.493	986
56	23	0	0	0	0	269.536	987
57	24	0	0	0	0	263.929	988
57	24	0	0	0	0	299.477	989
57	24	0	0	0	0	289.292	990
58	24	0	0	0	0	280.754	991
59	24	0	0	0	0	297.065	992
59	23	0	0	0	0	291.01	993
65	23	0	0	0	0	296.808	994
65	24	0	0	0	0	306.771	995
65	25	0	0	0	0	335.067	996
65	25	0	0	0	0	263.24	997
65	25	0	0	0	0	338.932	998
65	24	0	0	0	0	313.053	999
65	27	0	0	0	0	326.064	1000
65	27	0	0	0	0	316.566	1001
65	27	0	0	0	0	316.012	1002
65	29	0	0	0	0	333.794	1003
63	29	0	0	0	0	319.595	1004
63	29	0	0	0	0	303.061	1005
64	30	0	0	0	0	292.924	1006
64	33	0	0	0	0	291.748	1007
65	36	0	0	0	0	300.195	1008
54	36	0	0	0	0	264.729	1009
54	38	0	0	0	0	320.768	1010
54	38	0	0	0	0	313.26	1011
54	38	0	0	0	0	325.61	1012
54	38	0	0	0	0	298.377	1013
52	38	0	0	0	0	309.653	1014
52	38	0	0	0	0	297.571	1015
52	39	0	0	0	0	292.365	1016
45	38	0	0	0	0	248.414	1017
47	38	0	0	0	0	307.932	1018
47	37	0	0	0	0	301.119	1019
47	37	0	0	0	0	315.938	1020
48	36	0	0	0	0	278.605	1021
48	37	0	0	0	0	319.578	1022
50	37	0	0	0	0	239.092	1023
54	37	0	0	0	0	268.825	1024
54	37	0	0	0	0	328.069	1025
54	35	0	0	0	0	327.351	1026
56	36	0	0	0	0	310.679	1027
57	35	0	0	0	0	296.938	1028
56	35	0	0	0	0	307.765	1029
56	35	0	0	0	0	328.749	1030
56	35	0	0	0	0	324.644	1031
56	35	0	0	0	0	325.687	1032
56	36	0	0	0	0	298.565	1033
56	37	0	0	0	0	292.917	1034
56	35	0	0	0	0	287.856	1035
58	34	0	0	0	0	329.689	1036
58	33	0	0	0	0	304.742	1037
59	34	0	0	0	0	324.214	1038
58	35	0	0	0	0	333.731	1039
60	35	0	0	0	0	337.269	1040
59	35	0	0	0	0	331.024	1041
59	34	0	0	0	0	322.76	1042
59	35	0	0	0	0	328.046	1043
61	33	0	0	0	0	274.575	1044
62	33	0	0	0	0	328.43	1045
61	33	0	0	0	0	324.118	1046
58	34	0	0	0	0	277.828	1047
58	34	0	0	0	0	326.832	1048
58	34	0	0	0	0	316.529	1049
58	35	0	0	0	0	287.907	1050
58	36	0	0	0	0	348.013	1051
58	36	0	0	0	0	346.156	1052
56	36	0	0	0	0	306.92	1053
56	36	0	0	0	0	325.104	1054
57	36	0	0	0	0	317.648	1055
57	37	0	0	0	0	308.637	1056
57	35	0	0	0	0	318.537	1057
54	35	0	0	0	0	280.767	1058
55	35	0	0	0	0	320.053	1059
53	35	0	0	0	0	311.372	1060
53	35	0	0	0	0	321.054	1061
53	35	0	0	0	0	282.043	1062
54	35	0	0	0	0	305.329	1063
54	36	0	0	0	0	299.65	1064
55	36	0	0	0	0	297.665	1065
55	36	0	0	0	0	293.802	1066
55	37	0	0	0	0	302.993	1067
56	37	0	0	0	0	304.926	1068
56	36	0	0	0	0	294.117	1069
58	36	0	0	0	0	300.755	1070
58	34	0	0	0	0	326.114	1071
55	34	0	0	0	0	283.981	1072
54	32	0	0	0	0	294.222	1073
53	32	0	0	0	0	293.649	1074
52	32	0	0	0	0	289.637	1075
52	33	0	0	0	0	315.694	1076
52	32	0	0	0	0	268.47	1077
51	34	0	0	0	0	289.216	1078
51	34	0	0	0	0	306.238	1079
50	34	0	0	0	0	307.043	1080
50	34	0	0	0	0	290.333	1081
50	34	0	0	0	0	283.579	1082
50	33	0	0	0	0	284.4	1083
50	34	0	0	0	0	303.191	1084
48	36	0	0	0	0	304.681	1085
46	36	0	0	0	0	287.975	1086
45	36	0	0	0	0	255.423	1087
45	36	0	0	0	0	287.329	1088
44	36	0	0	0	0	251.605	1089
47	35	0	0	0	0	300.27	1090
47	34	0	0	0	0	289.569	1091
48	34	0	0	0	0	292.057	1092
48	34	0	0	0	0	311.263	1093
48	34	0	0	0	0	222.891	1094
48	33	0	0	0	0	278.208	1095
48	33	0	0	0	0	305.688	1096
49	33	0	0	0	0	291.577	1097
49	33	0	0	0	0	295.282	1098
49	33	0	0	0	0	295.181	1099
47	33	0	0	0	0	282.862	1100
47	33	0	0	0	0	307.011	1101
47	32	0	0	0	0	260.87	1102
47	34	0	0	0	0	302.627	1103
49	34	0	0	0	0	292.526	1104
48	34	0	0	0	0	270.078	1105
52	34	0	0	0	0	315.237	1106
55	34	0	0	0	0	294.878	1107
55	34	0	0	0	0	314.248	1108
55	34	0	0	0	0	317.083	1109
55	34	0	0	0	0	316.521	1110
54	33	0	0	0	0	296.291	1111
50	33	0	0	0	0	279.097	1112
50	33	0	0	0	0	294.308	1113
47	33	0	0	0	0	252.212	1114
49	34	0	0	0	0	273.761	1115
49	36	0	0	0	0	293.138	1116
49	35	0	0	0	0	307.361	1117
49	36	0	0	0	0	305.911	1118
48	36	0	0	0	0	273.22	1119
49	36	0	0	0	0	289.788	1120
49	36	0	0	0	0	300.523	1121
51	36	0	0	0	0	315.539	1122
51	36	0	0	0	0	271.955	1123
51	36	0	0	0	0	256.697	1124
47	35	0	0	0	0	279.649	1125
46	35	0	0	0	0	296.101	1126
47	35	0	0	0	0	274.074	1127
47	36	0	0	0	0	289.16	1128
47	36	0	0	0	0	281.311	1129
48	35	0	0	0	0	280.657	1130
48	33	0	0	0	0	256.737	1131
48	32	0	0	0	0	254.042	1132
48	36	0	0	0	0	291.903	1133
49	36	0	0	0	0	276.97	1134
51	44	0	0	0	0	257.242	1135
51	43	0	0	0	0	298.508	1136
51	43	0	0	0	0	294.357	1137
51	43	0	0	0	0	319.456	1138
51	43	0	0	0	0	297.772	1139
50	43	0	0	0	0	291.585	1140
51	42	0	0	0	0	316.25	1141
49	42	0	0	0	0	292.645	1142
49	45	0	0	0	0	300.228	1143
43	45	0	0	0	0	286.423	1144
44	48	0	0	0	0	328.465	1145
44	49	0	0	0	0	332.888	1146
46	49	0	0	0	0	330.585	1147
45	51	0	0	0	0	327.832	1148
44	51	0	0	0	0	319.952	1149
44	51	0	0	0	0	318.675	1150
44	52	0	0	0	0	338.18	1151
44	52	0	0	0	0	322.883	1152
44	52	0	0	0	0	339.56	1153
43	52	0	0	0	0	341.665	1154
42	52	0	0	0	0	320.034	1155
42	52	0	0	0	0	335.612	1156
42	50	0	0	0	0	298.685	1157
42	53	0	0	0	0	336.637	1158
41	53	0	0	0	0	329.505	1159
41	52	0	0	0	0	336.541	1160
41	52	0	0	0	0	335.278	1161
40	52	0	0	0	0	310.254	1162
40	52	0	0	0	0	337.146	1163
40	53	0	0	0	0	333.884	1164
39	53	0	0	0	0	313.647	1165
39	54	0	0	0	0	343.514	1166
40	54	0	0	0	0	292.584	1167
41	54	0	0	0	0	332.382	1168
41	52	0	0	0	0	273.741	1169
41	52	0	0	0	0	329.808	1170
41	52	0	0	0	0	286.803	1171
42	52	0	0	0	0	316.195	1172
37	52	0	0	0	0	302.52	1173
37	52	0	0	0	0	329.856	1174
37	52	0	0	0	0	317.593	1175
37	52	0	0	0	0	317.473	1176
37	51	0	0	0	0	300.014	1177
38	51	0	0	0	0	301.218	1178
38	51	0	0	0	0	325.133	1179
38	51	0	0	0	0	295.398	1180
38	51	0	0	0	0	296.644	1181
38	51	0	0	0	0	301.991	1182
38	50	0	0	0	0	304.939	1183
37	49	0	0	0	0	304.159	1184
37	49	0	0	0	0	306.312	1185
38	49	0	0	0	0	300.509	1186
38	48	0	0	0	0	259.997	1187
37	46	0	0	0	0	298.23	1188
37	46	0	0	0	0	286.642	1189
37	43	0	0	0	0	280.559	1190
37	44	0	0	0	0	279.462	1191
39	44	0	0	0	0	269.798	1192
39	43	0	0	0	0	288.352	1193
39	43	0	0	0	0	305.42	1194
40	42	0	0	0	0	274.388	1195
40	42	0	0	0	0	286.665	1196
40	42	0	0	0	0	270.345	1197
40	43	0	0	0	0	265.318	1198
41	44	0	0	0	0	287.885	1199
38	44	0	0	0	0	287.399	1200
37	44	0	0	0	0	292.566	1201
37	44	0	0	0	0	290.622	1202
39	44	0	0	0	0	281.162	1203
38	47	0	0	0	0	277.185	1204
39	47	0	0	0	0	279.889	1205
39	45	0	0	0	0	317.622	1206
39	45	0	0	0	0	311.325	1207
39	45	0	0	0	0	296.612	1208
39	44	0	0	0	0	263.873	1209
39	44	0	0	0	0	262.6	1210
41	47	0	0	0	0	306.819	1211
41	47	0	0	0	0	325.677	1212
41	48	0	0	0	0	268.309	1213
41	47	0	0	0	0	286.689	1214
41	47	0	0	0	0	257.897	1215
42	47	0	0	0	0	294.4	1216
43	45	0	0	0	0	316.816	1217
43	45	0	0	0	0	295.519	1218
43	43	0	0	0	0	254.526	1219
40	43	0	0	0	0	252.242	1220
41	41	0	0	0	0	312.217	1221
41	41	0	0	0	0	260	1222
43	44	0	0	0	0	291.525	1223
41	43	0	0	0	0	273.887	1224
41	42	0	0	0	0	266.7	1225
42	42	0	0	0	0	268.341	1226
42	42	0	0	0	0	281.863	1227
43	43	0	0	0	0	295.115	1228
43	42	0	0	0	0	297.484	1229
43	42	0	0	0	0	274.564	1230
43	41	0	0	0	0	291.844	1231
41	41	0	0	0	0	274.326	1232
41	43	0	0	0	0	265.125	1233
41	49	0	0	0	0	282.225	1234
42	50	0	0	0	0	301.525	1235
42	50	0	0	0	0	311.748	1236
42	50	0	0	0	0	309.321	1237
43	50	0	0	0	0	323.607	1238
45	51	0	0	0	0	352.479	1239
45	51	0	0	0	0	340.864	1240
45	50	0	0	0	0	323.901	1241
45	50	0	0	0	0	358.537	1242
42	51	0	0	0	0	284.085	1243
42	51	0	0	0	0	353.353	1244
43	52	0	0	0	0	347.515	1245
44	51	0	0	0	0	367.314	1246
44	62	0	0	0	0	307.5	1247
44	61	0	0	0	0	285.356	1248
44	61	0	0	0	0	395.206	1249
44	61	0	0	0	0	362.779	1250
44	61	0	0	0	0	358.997	1251
44	61	0	0	0	0	351.54	1252
44	60	0	0	0	0	389.885	1253
43	60	0	0	0	0	374.527	1254
42	60	0	0	0	0	385.113	1255
41	60	0	0	0	0	382.716	1256
43	60	0	0	0	0	395.937	1257
43	60	0	0	0	0	328.167	1258
43	59	0	0	0	0	346.783	1259
43	59	0	0	0	0	387.666	1260
43	59	0	0	0	0	334.385	1261
41	59	0	0	0	0	339.708	1262
41	61	0	0	0	0	382.085	1263
42	60	0	0	0	0	383.265	1264
42	59	0	0	0	0	358.734	1265
41	59	0	0	0	0	337.745	1266
41	58	0	0	0	0	388.881	1267
41	60	0	0	0	0	346.96	1268
41	60	0	0	0	0	329.764	1269
42	59	0	0	0	0	376.141	1270
42	59	0	0	0	0	374.83	1271
42	59	0	0	0	0	341.044	1272
43	58	0	0	0	0	347.568	1273
43	56	0	0	0	0	347.028	1274
44	56	0	0	0	0	355.98	1275
44	60	0	0	0	0	371.376	1276
44	59	0	0	0	0	342.05	1277
42	61	0	0	0	0	370.443	1278
43	61	0	0	0	0	370.094	1279
42	61	0	0	0	0	346.44	1280
42	61	0	0	0	0	391.289	1281
40	61	0	0	0	0	349.52	1282
41	61	0	0	0	0	369.914	1283
42	60	0	0	0	0	369.305	1284
42	60	0	0	0	0	335.095	1285
43	60	0	0	0	0	378.535	1286
41	60	0	0	0	0	358.219	1287
41	59	0	0	0	0	355.423	1288
41	60	0	0	0	0	346.969	1289
40	60	0	0	0	0	307.963	1290
40	60	0	0	0	0	318.857	1291
41	59	0	0	0	0	339.932	1292
41	59	0	0	0	0	356.839	1293
40	59	0	0	0	0	328.833	1294
39	57	0	0	0	0	328.165	1295
39	56	0	0	0	0	333.806	1296
29	56	0	0	0	0	277.12	1297
29	56	0	0	0	0	307.618	1298
29	56	0	0	0	0	285.981	1299
29	56	0	0	0	0	311.929	1300
29	54	0	0	0	0	271.361	1301
27	54	0	0	0	0	255.202	1302
27	55	0	0	0	0	282.503	1303
30	56	0	0	0	0	316.497	1304
30	56	0	0	0	0	299.914	1305
30	56	0	0	0	0	296.491	1306
30	56	0	0	0	0	305.733	1307
30	54	0	0	0	0	300.399	1308
29	53	0	0	0	0	246.374	1309
29	53	0	0	0	0	294.533	1310
29	53	0	0	0	0	252.19	1311
30	54	0	0	0	0	307.495	1312
32	53	0	0	0	0	290.193	1313
33	52	0	0	0	0	319.824	1314
33	51	0	0	0	0	267.276	1315
33	51	0	0	0	0	283.901	1316
33	50	0	0	0	0	318.715	1317
33	50	0	0	0	0	283.009	1318
33	50	0	0	0	0	284.317	1319
33	47	0	0	0	0	269.359	1320
33	47	0	0	0	0	257.94	1321
34	47	0	0	0	0	238.649	1322
35	47	0	0	0	0	307.119	1323
35	47	0	0	0	0	273.637	1324
35	47	0	0	0	0	283.541	1325
35	47	0	0	0	0	300.898	1326
35	47	0	0	0	0	286.154	1327
35	46	0	0	0	0	293.23	1328
35	45	0	0	0	0	239.799	1329
37	45	0	0	0	0	304.523	1330
37	45	0	0	0	0	268.414	1331
38	46	0	0	0	0	293.617	1332
38	45	0	0	0	0	256.289	1333
38	46	0	0	0	0	268.403	1334
37	45	0	0	0	0	268.569	1335
38	45	0	0	0	0	294.892	1336
39	45	0	0	0	0	286.144	1337
38	45	0	0	0	0	269.331	1338
40	45	0	0	0	0	287.959	1339
39	45	0	0	0	0	255.343	1340
39	45	0	0	0	0	293.186	1341
40	44	0	0	0	0	286.277	1342
39	43	0	0	0	0	245.082	1343
39	43	0	0	0	0	301.939	1344
38	44	0	0	0	0	298.037	1345
38	43	0	0	0	0	292.848	1346
38	43	0	0	0	0	262.199	1347
38	43	0	0	0	0	253.264	1348
39	44	0	0	0	0	284.416	1349
40	47	0	0	0	0	298.242	1350
40	46	0	0	0	0	282.394	1351
40	46	0	0	0	0	329.224	1352
40	46	0	0	0	0	301.97	1353
40	47	0	0	0	0	298.732	1354
40	47	0	0	0	0	284.859	1355
42	49	0	0	0	0	321.941	1356
42	49	0	0	0	0	315.378	1357
41	49	0	0	0	0	260.512	1358
38	53	0	0	0	0	273.455	1359
41	54	0	0	0	0	299.444	1360
44	53	0	0	0	0	329.543	1361
46	53	0	0	0	0	326.22	1362
45	52	0	0	0	0	326.027	1363
46	53	0	0	0	0	338.757	1364
45	52	0	0	0	0	322.075	1365
46	51	0	0	0	0	333.836	1366
47	51	0	0	0	0	344.277	1367
43	51	0	0	0	0	321.58	1368
44	51	0	0	0	0	302.728	1369
44	50	0	0	0	0	356.273	1370
44	50	0	0	0	0	345.815	1371
45	50	0	0	0	0	343.708	1372
45	49	0	0	0	0	287.869	1373
49	50	0	0	0	0	345.868	1374
49	49	0	0	0	0	352.851	1375
49	47	0	0	0	0	278.126	1376
53	47	0	0	0	0	349.036	1377
55	47	0	0	0	0	338.814	1378
56	46	0	0	0	0	356.467	1379
57	46	0	0	0	0	361.524	1380
57	46	0	0	0	0	284.357	1381
57	44	0	0	0	0	355.189	1382
55	41	0	0	0	0	292.709	1383
56	43	0	0	0	0	333.007	1384
57	42	0	0	0	0	334.261	1385
57	42	0	0	0	0	344.263	1386
56	42	0	0	0	0	309.114	1387
53	42	0	0	0	0	321.367	1388
54	40	0	0	0	0	321.087	1389
56	41	0	0	0	0	357.61	1390
56	41	0	0	0	0	293.803	1391
59	41	0	0	0	0	338.046	1392
57	39	0	0	0	0	332.4	1393
57	40	0	0	0	0	327.281	1394
57	40	0	0	0	0	327.378	1395
55	38	0	0	0	0	262.76	1396
60	38	0	0	0	0	340.627	1397
60	37	0	0	0	0	340.112	1398
59	37	0	0	0	0	353.345	1399
59	38	0	0	0	0	333.259	1400
59	40	0	0	0	0	301.194	1401
60	39	0	0	0	0	367.086	1402
60	39	0	0	0	0	342.452	1403
57	39	0	0	0	0	282.849	1404
59	39	0	0	0	0	342.234	1405
59	37	0	0	0	0	287.972	1406
62	36	0	0	0	0	342.969	1407
63	36	0	0	0	0	349.289	1408
63	36	0	0	0	0	360.474	1409
62	36	0	0	0	0	262.146	1410
62	33	0	0	0	0	343.734	1411
62	32	0	0	0	0	287.863	1412
62	32	0	0	0	0	340.863	1413
62	33	0	0	0	0	303.677	1414
63	36	0	0	0	0	327.474	1415
63	39	0	0	0	0	338.507	1416
62	39	0	0	0	0	374.776	1417
62	38	0	0	0	0	329.577	1418
62	37	0	0	0	0	293.216	1419
64	37	0	0	0	0	354.46	1420
64	39	0	0	0	0	356.122	1421
64	39	0	0	0	0	382.759	1422
66	38	0	0	0	0	383.972	1423
64	38	0	0	0	0	379.738	1424
62	39	0	0	0	0	349.239	1425
62	39	0	0	0	0	343.762	1426
62	41	0	0	0	0	363.25	1427
63	42	0	0	0	0	392.396	1428
65	42	0	0	0	0	369.907	1429
64	42	0	0	0	0	378.111	1430
64	42	0	0	0	0	373.408	1431
64	42	0	0	0	0	333.649	1432
64	41	0	0	0	0	372.278	1433
60	41	0	0	0	0	342.373	1434
60	41	0	0	0	0	381.409	1435
58	40	0	0	0	0	364.216	1436
58	40	0	0	0	0	254.528	1437
58	40	0	0	0	0	314.5	1438
60	39	0	0	0	0	364.366	1439
60	38	0	0	0	0	332.943	1440
61	38	0	0	0	0	340.637	1441
62	38	0	0	0	0	336.801	1442
61	42	0	0	0	0	319.987	1443
60	43	0	0	0	0	345.012	1444
61	44	0	0	0	0	395.536	1445
60	44	0	0	0	0	371.392	1446
60	44	0	0	0	0	364.285	1447
61	42	0	0	0	0	378.677	1448
57	42	0	0	0	0	342.211	1449
57	42	0	0	0	0	308.591	1450
58	41	0	0	0	0	333.906	1451
56	40	0	0	0	0	342.724	1452
56	40	0	0	0	0	292.37	1453
56	45	0	0	0	0	351.048	1454
55	45	0	0	0	0	343.405	1455
55	45	0	0	0	0	353.419	1456
54	45	0	0	0	0	344.532	1457
54	45	0	0	0	0	351.006	1458
55	45	0	0	0	0	352.267	1459
55	47	0	0	0	0	331.41	1460
55	46	0	0	0	0	357.171	1461
54	45	0	0	0	0	362.688	1462
54	44	0	0	0	0	356.136	1463
54	45	0	0	0	0	303.235	1464
56	45	0	0	0	0	324.503	1465
57	44	0	0	0	0	339.573	1466
58	44	0	0	0	0	347.812	1467
59	44	0	0	0	0	359.895	1468
59	46	0	0	0	0	332.311	1469
58	46	0	0	0	0	365.852	1470
55	46	0	0	0	0	378.17	1471
56	46	0	0	0	0	383.722	1472
56	46	0	0	0	0	341.157	1473
58	46	0	0	0	0	338.288	1474
62	46	0	0	0	0	376.755	1475
63	46	0	0	0	0	369.852	1476
63	46	0	0	0	0	372.728	1477
63	46	0	0	0	0	368.687	1478
65	45	0	0	0	0	366.42	1479
66	44	0	0	0	0	383.371	1480
68	44	0	0	0	0	361.263	1481
68	44	0	0	0	0	419.918	1482
68	44	0	0	0	0	417.61	1483
67	51	0	0	0	0	422.856	1484
65	51	0	0	0	0	411.74	1485
65	55	0	0	0	0	430.048	1486
64	55	0	0	0	0	401.327	1487
65	58	0	0	0	0	414.16	1488
65	59	0	0	0	0	435.023	1489
65	58	0	0	0	0	427.942	1490
65	57	0	0	0	0	415.949	1491
64	57	0	0	0	0	370.528	1492
53	57	0	0	0	0	387.925	1493
53	57	0	0	0	0	391.24	1494
53	57	0	0	0	0	405.865	1495
52	56	0	0	0	0	395.82	1496
52	56	0	0	0	0	379.307	1497
51	54	0	0	0	0	334.244	1498
51	53	0	0	0	0	336.786	1499
51	52	0	0	0	0	391.024	1500
51	52	0	0	0	0	356.878	1501
50	53	0	0	0	0	387.217	1502
50	54	0	0	0	0	307.525	1503
50	54	0	0	0	0	378.348	1504
50	54	0	0	0	0	391.976	1505
50	54	0	0	0	0	355.502	1506
50	54	0	0	0	0	338.559	1507
50	52	0	0	0	0	298.762	1508
49	51	0	0	0	0	329.858	1509
50	51	0	0	0	0	360.118	1510
50	52	0	0	0	0	371.731	1511
50	52	0	0	0	0	345.421	1512
50	52	0	0	0	0	327.739	1513
51	52	0	0	0	0	333.639	1514
51	51	0	0	0	0	371.167	1515
50	51	0	0	0	0	381.597	1516
50	51	0	0	0	0	313.658	1517
50	56	0	0	0	0	373.819	1518
48	56	0	0	0	0	378.106	1519
48	65	0	0	0	0	336.113	1520
48	65	0	0	0	0	406.564	1521
47	63	0	0	0	0	391.601	1522
47	64	0	0	0	0	391.765	1523
47	63	0	0	0	0	373.372	1524
47	65	0	0	0	0	403.003	1525
47	69	0	0	0	0	395.084	1526
44	70	0	0	0	0	395.603	1527
44	69	0	0	0	0	416.478	1528
42	69	0	0	0	0	397.838	1529
45	69	0	0	0	0	385.721	1530
46	69	0	0	0	0	375.314	1531
45	70	0	0	0	0	429.06	1532
44	73	0	0	0	0	414.127	1533
45	72	0	0	0	0	430.064	1534
42	71	0	0	0	0	369.094	1535
43	69	0	0	0	0	409.405	1536
43	69	0	0	0	0	388.148	1537
43	73	0	0	0	0	414.564	1538
42	70	0	0	0	0	368.103	1539
40	70	0	0	0	0	362.56	1540
34	68	0	0	0	0	357.148	1541
34	68	0	0	0	0	363.237	1542
34	68	0	0	0	0	366.484	1543
34	69	0	0	0	0	377.498	1544
33	69	0	0	0	0	368.348	1545
33	69	0	0	0	0	351.467	1546
30	66	0	0	0	0	327.469	1547
30	66	0	0	0	0	326.078	1548
31	67	0	0	0	0	311.479	1549
31	67	0	0	0	0	342.371	1550
32	65	0	0	0	0	349.149	1551
32	65	0	0	0	0	348.033	1552
32	65	0	0	0	0	355.558	1553
32	65	0	0	0	0	348.93	1554
32	65	0	0	0	0	329.644	1555
32	65	0	0	0	0	330.588	1556
32	64	0	0	0	0	367.721	1557
33	64	0	0	0	0	327.749	1558
33	72	0	0	0	0	354.461	1559
32	71	0	0	0	0	377.019	1560
32	71	0	0	0	0	332.884	1561
32	70	0	0	0	0	355.808	1562
32	70	0	0	0	0	331.581	1563
33	70	0	0	0	0	346.637	1564
33	70	0	0	0	0	370.554	1565
33	67	0	0	0	0	368.421	1566
33	67	0	0	0	0	355.482	1567
28	66	0	0	0	0	311.89	1568
29	65	0	0	0	0	326.505	1569
29	62	0	0	0	0	296.335	1570
30	62	0	0	0	0	347.948	1571
30	62	0	0	0	0	333.436	1572
28	61	0	0	0	0	257.66	1573
30	64	0	0	0	0	320.629	1574
30	63	0	0	0	0	298.47	1575
32	61	0	0	0	0	329.258	1576
33	61	0	0	0	0	303.589	1577
31	61	0	0	0	0	317.077	1578
32	61	0	0	0	0	334.104	1579
32	61	0	0	0	0	330.774	1580
32	61	0	0	0	0	314.628	1581
32	60	0	0	0	0	312.064	1582
31	60	0	0	0	0	302.211	1583
32	59	0	0	0	0	324.196	1584
31	58	0	0	0	0	294.208	1585
32	58	0	0	0	0	290.633	1586
32	57	0	0	0	0	308.306	1587
32	57	0	0	0	0	292.61	1588
33	56	0	0	0	0	304.216	1589
31	56	0	0	0	0	314.154	1590
32	56	0	0	0	0	285.954	1591
33	56	0	0	0	0	292.669	1592
34	53	0	0	0	0	328.087	1593
34	53	0	0	0	0	24.5132	1594
37	53	0	0	0	0	329.52	1595
37	53	0	0	0	0	296.504	1596
37	53	0	0	0	0	325.894	1597
36	50	0	0	0	0	301.692	1598
37	50	0	0	0	0	295.27	1599
37	50	0	0	0	0	304.746	1600
38	47	0	0	0	0	274.535	1601
38	46	0	0	0	0	273.213	1602
38	45	0	0	0	0	279.146	1603
37	41	0	0	0	0	221.035	1604
37	39	0	0	0	0	264.69	1605
37	33	0	0	0	0	201.516	1606
37	23	0	0	0	0	163.904	1607
37	16	0	0	0	0	158.127	1608
40	14	0	0	0	0	163.842	1609
40	10	0	0	0	0	165.129	1610
40	8	0	0	0	0	141.822	1611
40	8	0	0	0	0	149.599	1612
41	9	0	0	0	0	160.482	1613
41	7	0	0	0	0	157.708	1614
42	5	0	0	0	0	147.368	1615
43	4	0	0	0	0	162.701	1616
43	4	0	0	0	0	144.78	1617
42	4	0	0	0	0	159.489	1618
42	3	0	0	0	0	154.879	1619
42	7	0	0	0	0	156.428	1620
43	7	0	0	0	0	180.978	1621
43	7	0	0	0	0	184.011	1622
44	8	0	0	0	0	161.264	1623
43	7	0	0	0	0	148.108	1624
43	8	0	0	0	0	157.688	1625
43	7	0	0	0	0	142.49	1626
42	7	0	0	0	0	149.388	1627
42	7	0	0	0	0	147.171	1628
37	7	0	0	0	0	134.186	1629
37	8	0	0	0	0	155.415	1630
37	8	0	0	0	0	165.787	1631
37	8	0	0	0	0	153.991	1632
38	8	0	0	0	0	142.378	1633
36	8	0	0	0	0	159.97	1634
35	8	0	0	0	0	147.551	1635
35	10	0	0	0	0	144.578	1636
35	10	0	0	0	0	153.733	1637
35	11	0	0	0	0	147.363	1638
35	11	0	0	0	0	138.837	1639
34	11	0	0	0	0	147.685	1640
35	12	0	0	0	0	154.104	1641
38	13	0	0	0	0	143.56	1642
38	13	0	0	0	0	158.24	1643
38	13	0	0	0	0	161.357	1644
37	13	0	0	0	0	154.345	1645
39	13	0	0	0	0	163.078	1646
35	13	0	0	0	0	165.534	1647
35	13	0	0	0	0	152.445	1648
35	13	0	0	0	0	162.325	1649
31	14	0	0	0	0	111.915	1650
31	14	0	0	0	0	164.907	1651
31	14	0	0	0	0	163.196	1652
31	14	0	0	0	0	169.893	1653
31	14	0	0	0	0	162.721	1654
31	14	0	0	0	0	164.939	1655
31	14	0	0	0	0	149.301	1656
31	14	0	0	0	0	141.574	1657
32	14	0	0	0	0	174.38	1658
34	14	0	0	0	0	172.965	1659
34	14	0	0	0	0	179.078	1660
34	14	0	0	0	0	182.984	1661
34	14	0	0	0	0	176.057	1662
35	15	0	0	0	0	152.461	1663
35	15	0	0	0	0	137.793	1664
35	16	0	0	0	0	189.567	1665
35	16	0	0	0	0	189.789	1666
35	16	0	0	0	0	183.177	1667
35	16	0	0	0	0	159.584	1668
35	17	0	0	0	0	189.294	1669
35	17	0	0	0	0	167.135	1670
36	20	0	0	0	0	185.06	1671
35	20	0	0	0	0	168.831	1672
34	20	0	0	0	0	193.762	1673
34	20	0	0	0	0	204.701	1674
34	21	0	0	0	0	172.212	1675
31	21	0	0	0	0	180.252	1676
31	25	0	0	0	0	185.664	1677
31	25	0	0	0	0	179.387	1678
31	25	0	0	0	0	189.275	1679
27	25	0	0	0	0	184.224	1680
27	26	0	0	0	0	182.546	1681
27	26	0	0	0	0	190.565	1682
27	25	0	0	0	0	168.598	1683
27	25	0	0	0	0	172.757	1684
27	25	0	0	0	0	181.112	1685
24	25	0	0	0	0	175.095	1686
24	25	0	0	0	0	186.76	1687
24	25	0	0	0	0	171.135	1688
24	27	0	0	0	0	165.289	1689
25	27	0	0	0	0	171.842	1690
26	27	0	0	0	0	185.949	1691
26	27	0	0	0	0	197.309	1692
28	27	0	0	0	0	185.893	1693
28	27	0	0	0	0	184.552	1694
28	26	0	0	0	0	176.56	1695
29	26	0	0	0	0	177.49	1696
30	26	0	0	0	0	172.443	1697
24	26	0	0	0	0	160.019	1698
26	27	0	0	0	0	173.252	1699
27	27	0	0	0	0	153.634	1700
30	27	0	0	0	0	167.655	1701
32	27	0	0	0	0	178.362	1702
33	27	0	0	0	0	172.131	1703
33	28	0	0	0	0	143.079	1704
37	28	0	0	0	0	176.413	1705
37	28	0	0	0	0	167.967	1706
38	28	0	0	0	0	191.332	1707
39	28	0	0	0	0	162.295	1708
39	28	0	0	0	0	214.512	1709
39	28	0	0	0	0	245.863	1710
38	28	0	0	0	0	198.404	1711
39	29	0	0	0	0	249.583	1712
40	29	0	0	0	0	213.24	1713
40	30	0	0	0	0	229.605	1714
40	31	0	0	0	0	249	1715
40	28	0	0	0	0	200.433	1716
40	28	0	0	0	0	214.675	1717
41	27	0	0	0	0	228.905	1718
41	26	0	0	0	0	209.484	1719
41	26	0	0	0	0	230.691	1720
42	26	0	0	0	0	234.626	1721
42	26	0	0	0	0	211.912	1722
42	25	0	0	0	0	180.053	1723
42	25	0	0	0	0	248.795	1724
42	25	0	0	0	0	226.694	1725
43	25	0	0	0	0	256.974	1726
43	25	0	0	0	0	250.337	1727
43	25	0	0	0	0	247.986	1728
43	25	0	0	0	0	252.167	1729
43	24	0	0	0	0	222.935	1730
43	23	0	0	0	0	223.706	1731
43	23	0	0	0	0	207.943	1732
43	22	0	0	0	0	202.158	1733
43	23	0	0	0	0	225.562	1734
44	23	0	0	0	0	243.407	1735
44	23	0	0	0	0	207.626	1736
45	24	0	0	0	0	237.694	1737
44	24	0	0	0	0	235.701	1738
43	24	0	0	0	0	233.984	1739
42	23	0	0	0	0	226.47	1740
42	23	0	0	0	0	230.752	1741
42	22	0	0	0	0	207.804	1742
41	22	0	0	0	0	214.248	1743
41	21	0	0	0	0	188.462	1744
41	21	0	0	0	0	225.342	1745
38	21	0	0	0	0	201.951	1746
39	21	0	0	0	0	180.707	1747
38	21	0	0	0	0	222.557	1748
38	21	0	0	0	0	219.261	1749
40	22	0	0	0	0	205.313	1750
40	23	0	0	0	0	214.946	1751
40	23	0	0	0	0	202.2	1752
41	23	0	0	0	0	232.646	1753
39	23	0	0	0	0	209.775	1754
39	23	0	0	0	0	197.339	1755
40	26	0	0	0	0	220.234	1756
40	26	0	0	0	0	212.495	1757
40	26	0	0	0	0	216.052	1758
39	26	0	0	0	0	219.114	1759
38	25	0	0	0	0	203.736	1760
38	26	0	0	0	0	217.819	1761
38	27	0	0	0	0	228.508	1762
39	29	0	0	0	0	167.788	1763
39	32	0	0	0	0	219.008	1764
37	32	0	0	0	0	216.92	1765
38	32	0	0	0	0	236.072	1766
38	32	0	0	0	0	245.875	1767
38	32	0	0	0	0	245.881	1768
39	32	0	0	0	0	252.43	1769
38	31	0	0	0	0	251.406	1770
39	31	0	0	0	0	248.835	1771
38	31	0	0	0	0	195.784	1772
34	31	0	0	0	0	218.201	1773
36	31	0	0	0	0	225.896	1774
36	31	0	0	0	0	196.462	1775
37	31	0	0	0	0	258.992	1776
37	33	0	0	0	0	248.718	1777
38	34	0	0	0	0	256.948	1778
39	34	0	0	0	0	249.363	1779
38	35	0	0	0	0	248.388	1780
38	35	0	0	0	0	233.179	1781
39	35	0	0	0	0	251.58	1782
39	35	0	0	0	0	214.477	1783
40	34	0	0	0	0	222.803	1784
40	34	0	0	0	0	246.687	1785
35	34	0	0	0	0	210.713	1786
35	34	0	0	0	0	249.289	1787
35	33	0	0	0	0	247.808	1788
34	33	0	0	0	0	234.855	1789
33	34	0	0	0	0	234.474	1790
33	34	0	0	0	0	241.923	1791
36	33	0	0	0	0	232.392	1792
36	37	0	0	0	0	262.613	1793
36	37	0	0	0	0	216.546	1794
37	40	0	0	0	0	253.623	1795
38	40	0	0	0	0	274.582	1796
38	40	0	0	0	0	263.524	1797
38	40	0	0	0	0	238.487	1798
31	40	0	0	0	0	234.129	1799
31	40	0	0	0	0	251.01	1800
32	42	0	0	0	0	230.247	1801
31	42	0	0	0	0	260.88	1802
31	42	0	0	0	0	243.73	1803
29	42	0	0	0	0	237.239	1804
30	41	0	0	0	0	234.696	1805
30	42	0	0	0	0	208.789	1806
32	42	0	0	0	0	278.941	1807
33	42	0	0	0	0	279.183	1808
33	42	0	0	0	0	280.616	1809
33	42	0	0	0	0	256.081	1810
34	42	0	0	0	0	286.803	1811
34	41	0	0	0	0	268.815	1812
34	41	0	0	0	0	286.745	1813
34	41	0	0	0	0	244.495	1814
34	41	0	0	0	0	253.01	1815
35	40	0	0	0	0	254.741	1816
36	39	0	0	0	0	269.605	1817
37	39	0	0	0	0	251.077	1818
37	40	0	0	0	0	289.295	1819
37	40	0	0	0	0	268.51	1820
37	39	0	0	0	0	271.427	1821
37	38	0	0	0	0	246.276	1822
37	38	0	0	0	0	242.714	1823
37	37	0	0	0	0	236.726	1824
39	37	0	0	0	0	278.488	1825
39	37	0	0	0	0	251.262	1826
40	37	0	0	0	0	281.559	1827
40	36	0	0	0	0	249.016	1828
42	37	0	0	0	0	287.965	1829
42	37	0	0	0	0	276.12	1830
42	36	0	0	0	0	230.745	1831
42	35	0	0	0	0	296.472	1832
42	35	0	0	0	0	247.721	1833
43	36	0	0	0	0	295.08	1834
43	36	0	0	0	0	274.791	1835
43	36	0	0	0	0	302.429	1836
43	36	0	0	0	0	299.886	1837
42	36	0	0	0	0	276.461	1838
43	37	0	0	0	0	278.649	1839
43	37	0	0	0	0	251.738	1840
43	37	0	0	0	0	224.933	1841
43	38	0	0	0	0	294.06	1842
39	38	0	0	0	0	279.636	1843
39	37	0	0	0	0	278.656	1844
39	36	0	0	0	0	252.348	1845
39	36	0	0	0	0	262.176	1846
40	37	0	0	0	0	257.504	1847
39	37	0	0	0	0	277.079	1848
39	37	0	0	0	0	265.223	1849
39	35	0	0	0	0	241.929	1850
36	35	0	0	0	0	277.992	1851
36	36	0	0	0	0	235.445	1852
36	37	0	0	0	0	249.095	1853
36	42	0	0	0	0	269.121	1854
36	42	0	0	0	0	248.301	1855
35	42	0	0	0	0	250.372	1856
36	42	0	0	0	0	240.569	1857
31	42	0	0	0	0	249.91	1858
32	42	0	0	0	0	241.296	1859
32	42	0	0	0	0	227.532	1860
30	40	0	0	0	0	235.533	1861
29	44	0	0	0	0	235.042	1862
26	44	0	0	0	0	250.201	1863
26	44	0	0	0	0	222.988	1864
26	44	0	0	0	0	265.438	1865
26	44	0	0	0	0	186.912	1866
27	45	0	0	0	0	273.497	1867
27	45	0	0	0	0	280.19	1868
27	45	0	0	0	0	264.92	1869
28	45	0	0	0	0	258.31	1870
27	45	0	0	0	0	242.153	1871
28	47	0	0	0	0	274.79	1872
28	47	0	0	0	0	276.11	1873
28	47	0	0	0	0	248.843	1874
28	47	0	0	0	0	271.892	1875
27	47	0	0	0	0	270.589	1876
29	50	0	0	0	0	275.386	1877
29	49	0	0	0	0	231.702	1878
29	49	0	0	0	0	294.383	1879
29	49	0	0	0	0	287.98	1880
30	47	0	0	0	0	243.924	1881
31	47	0	0	0	0	285.281	1882
31	46	0	0	0	0	284.589	1883
31	46	0	0	0	0	254.727	1884
30	46	0	0	0	0	244.478	1885
28	48	0	0	0	0	272.564	1886
28	51	0	0	0	0	279.401	1887
31	51	0	0	0	0	234.756	1888
31	50	0	0	0	0	253.7	1889
36	48	0	0	0	0	265.399	1890
36	47	0	0	0	0	234.621	1891
36	46	0	0	0	0	240.174	1892
36	46	0	0	0	0	226.836	1893
38	46	0	0	0	0	244.466	1894
36	44	0	0	0	0	248.492	1895
27	44	0	0	0	0	236.588	1896
29	44	0	0	0	0	255.757	1897
28	43	0	0	0	0	233.888	1898
30	44	0	0	0	0	254.653	1899
31	44	0	0	0	0	256.968	1900
31	43	0	0	0	0	224.507	1901
31	44	0	0	0	0	243.79	1902
34	43	0	0	0	0	248.368	1903
36	42	0	0	0	0	265.904	1904
37	40	0	0	0	0	269.065	1905
36	37	0	0	0	0	220.985	1906
37	37	0	0	0	0	209.201	1907
38	37	0	0	0	0	270.661	1908
39	35	0	0	0	0	244.902	1909
39	35	0	0	0	0	261.682	1910
39	34	0	0	0	0	256.693	1911
42	32	0	0	0	0	247.34	1912
43	30	0	0	0	0	206.275	1913
42	30	0	0	0	0	234.246	1914
42	29	0	0	0	0	255.461	1915
42	29	0	0	0	0	249.116	1916
42	28	0	0	0	0	230.956	1917
42	27	0	0	0	0	228.519	1918
42	27	0	0	0	0	252.352	1919
44	27	0	0	0	0	233.156	1920
44	26	0	0	0	0	226.773	1921
44	26	0	0	0	0	226.884	1922
44	25	0	0	0	0	212.681	1923
44	24	0	0	0	0	242.032	1924
45	21	0	0	0	0	234.311	1925
47	21	0	0	0	0	194.971	1926
47	21	0	0	0	0	195.019	1927
48	20	0	0	0	0	233.463	1928
48	20	0	0	0	0	252.997	1929
48	20	0	0	0	0	248.847	1930
48	22	0	0	0	0	236.735	1931
48	23	0	0	0	0	246.078	1932
48	22	0	0	0	0	237.422	1933
49	21	0	0	0	0	246.085	1934
49	19	0	0	0	0	236.775	1935
49	19	0	0	0	0	214.521	1936
48	19	0	0	0	0	193.498	1937
47	19	0	0	0	0	201.625	1938
49	19	0	0	0	0	215.168	1939
48	18	0	0	0	0	197.105	1940
49	18	0	0	0	0	209.418	1941
48	18	0	0	0	0	217.863	1942
48	19	0	0	0	0	205.272	1943
48	19	0	0	0	0	204.7	1944
48	18	0	0	0	0	223.306	1945
48	17	0	0	0	0	241.16	1946
48	17	0	0	0	0	251.947	1947
48	17	0	0	0	0	213.567	1948
48	19	0	0	0	0	229.67	1949
48	19	0	0	0	0	225.802	1950
48	26	0	0	0	0	250.223	1951
49	26	0	0	0	0	251.752	1952
49	27	0	0	0	0	255.174	1953
49	28	0	0	0	0	255.24	1954
49	28	0	0	0	0	225.369	1955
49	27	0	0	0	0	232.679	1956
47	27	0	0	0	0	285.518	1957
47	27	0	0	0	0	267.116	1958
47	33	0	0	0	0	265.926	1959
45	33	0	0	0	0	238.03	1960
46	34	0	0	0	0	282.871	1961
46	35	0	0	0	0	292.272	1962
46	35	0	0	0	0	278.168	1963
46	35	0	0	0	0	271.325	1964
46	35	0	0	0	0	284.044	1965
45	35	0	0	0	0	270.291	1966
46	35	0	0	0	0	274.483	1967
38	34	0	0	0	0	229.733	1968
37	34	0	0	0	0	253.483	1969
37	35	0	0	0	0	264.117	1970
38	35	0	0	0	0	263.392	1971
40	35	0	0	0	0	280.009	1972
40	34	0	0	0	0	264.747	1973
40	34	0	0	0	0	244.507	1974
39	34	0	0	0	0	255.181	1975
39	34	0	0	0	0	269.899	1976
39	34	0	0	0	0	265.385	1977
39	34	0	0	0	0	276.539	1978
39	34	0	0	0	0	274.655	1979
39	35	0	0	0	0	258.869	1980
39	35	0	0	0	0	256.23	1981
41	35	0	0	0	0	276.229	1982
40	34	0	0	0	0	235.356	1983
39	34	0	0	0	0	274.227	1984
39	34	0	0	0	0	270.943	1985
38	38	0	0	0	0	270.426	1986
38	38	0	0	0	0	275.445	1987
38	37	0	0	0	0	242.061	1988
38	37	0	0	0	0	260.484	1989
38	36	0	0	0	0	243.409	1990
38	36	0	0	0	0	283.185	1991
38	35	0	0	0	0	206.36	1992
40	35	0	0	0	0	233.214	1993
41	35	0	0	0	0	287.053	1994
41	35	0	0	0	0	273.586	1995
41	35	0	0	0	0	278.892	1996
42	33	0	0	0	0	241.282	1997
42	32	0	0	0	0	264.618	1998
42	32	0	0	0	0	257.154	1999
38	32	0	0	0	0	248.382	2000
40	32	0	0	0	0	258.697	2001
41	33	0	0	0	0	274.06	2002
41	33	0	0	0	0	231.804	2003
41	33	0	0	0	0	280.779	2004
41	33	0	0	0	0	270.991	2005
43	33	0	0	0	0	254.773	2006
43	33	0	0	0	0	255.469	2007
44	33	0	0	0	0	256.421	2008
44	33	0	0	0	0	279.285	2009
46	33	0	0	0	0	296.437	2010
46	33	0	0	0	0	293.775	2011
46	32	0	0	0	0	306.455	2012
46	32	0	0	0	0	261.321	2013
47	32	0	0	0	0	270.093	2014
48	32	0	0	0	0	258.692	2015
47	32	0	0	0	0	301.462	2016
47	33	0	0	0	0	293.71	2017
48	34	0	0	0	0	278.699	2018
49	34	0	0	0	0	255.786	2019
49	33	0	0	0	0	253.292	2020
50	34	0	0	0	0	282.525	2021
50	35	0	0	0	0	301.834	2022
52	36	0	0	0	0	290.813	2023
52	38	0	0	0	0	290.994	2024
51	38	0	0	0	0	333.242	2025
49	38	0	0	0	0	282.204	2026
48	38	0	0	0	0	324.895	2027
50	37	0	0	0	0	305.541	2028
50	45	0	0	0	0	319.132	2029
51	45	0	0	0	0	285.589	2030
53	45	0	0	0	0	351.838	2031
54	45	0	0	0	0	316.548	2032
55	45	0	0	0	0	345.427	2033
55	44	0	0	0	0	311.509	2034
57	44	0	0	0	0	294.942	2035
56	45	0	0	0	0	377.615	2036
56	45	0	0	0	0	361.783	2037
53	45	0	0	0	0	328.235	2038
55	45	0	0	0	0	370.391	2039
55	45	0	0	0	0	333.378	2040
56	45	0	0	0	0	362.25	2041
56	45	0	0	0	0	305.819	2042
56	45	0	0	0	0	371.982	2043
54	44	0	0	0	0	315.999	2044
55	45	0	0	0	0	364.094	2045
55	46	0	0	0	0	364.56	2046
55	48	0	0	0	0	371.42	2047
55	48	0	0	0	0	309.632	2048
55	48	0	0	0	0	397.433	2049
55	48	0	0	0	0	343.834	2050
55	49	0	0	0	0	351.861	2051
56	46	0	0	0	0	353.871	2052
57	46	0	0	0	0	354.397	2053
57	50	0	0	0	0	372.99	2054
56	50	0	0	0	0	365.244	2055
56	50	0	0	0	0	369.456	2056
56	50	0	0	0	0	373.132	2057
56	51	0	0	0	0	378.62	2058
55	52	0	0	0	0	376.906	2059
53	52	0	0	0	0	347.358	2060
53	50	0	0	0	0	349.436	2061
50	50	0	0	0	0	356.845	2062
47	50	0	0	0	0	336.982	2063
47	51	0	0	0	0	364.474	2064
49	51	0	0	0	0	291.583	2065
50	51	0	0	0	0	357.061	2066
49	51	0	0	0	0	348.784	2067
49	50	0	0	0	0	348.149	2068
49	52	0	0	0	0	360.492	2069
47	51	0	0	0	0	309.802	2070
49	51	0	0	0	0	325.548	2071
49	51	0	0	0	0	365.872	2072
49	51	0	0	0	0	364.461	2073
50	49	0	0	0	0	336.593	2074
51	50	0	0	0	0	372.018	2075
52	50	0	0	0	0	367.394	2076
51	50	0	0	0	0	297.548	2077
52	50	0	0	0	0	340.739	2078
54	50	0	0	0	0	334.547	2079
53	50	0	0	0	0	372.258	2080
54	49	0	0	0	0	372.404	2081
55	49	0	0	0	0	363.18	2082
55	49	0	0	0	0	358.909	2083
55	49	0	0	0	0	358.874	2084
56	49	0	0	0	0	370.732	2085
56	46	0	0	0	0	342.805	2086
57	46	0	0	0	0	382.297	2087
57	45	0	0	0	0	353.734	2088
58	45	0	0	0	0	356.457	2089
57	51	0	0	0	0	365.969	2090
57	50	0	0	0	0	350.162	2091
57	52	0	0	0	0	394.416	2092
56	51	0	0	0	0	376.423	2093
55	50	0	0	0	0	379.616	2094
56	50	0	0	0	0	352.338	2095
57	48	0	0	0	0	347.75	2096
57	47	0	0	0	0	345.155	2097
55	47	0	0	0	0	360.613	2098
54	48	0	0	0	0	307.48	2099
54	48	0	0	0	0	380.615	2100
54	47	0	0	0	0	357.727	2101
54	48	0	0	0	0	374.753	2102
54	48	0	0	0	0	372.58	2103
54	47	0	0	0	0	387.796	2104
55	46	0	0	0	0	305.109	2105
60	46	0	0	0	0	376.483	2106
60	46	0	0	0	0	380.287	2107
59	46	0	0	0	0	369.924	2108
61	46	0	0	0	0	405.496	2109
63	46	0	0	0	0	391.623	2110
61	46	0	0	0	0	371.54	2111
62	50	0	0	0	0	366.506	2112
63	50	0	0	0	0	395.728	2113
64	58	0	0	0	0	411.538	2114
65	59	0	0	0	0	451.558	2115
63	59	0	0	0	0	436.135	2116
63	60	0	0	0	0	441.001	2117
61	60	0	0	0	0	428.033	2118
62	60	0	0	0	0	433.348	2119
62	61	0	0	0	0	455.328	2120
62	60	0	0	0	0	454.015	2121
63	61	0	0	0	0	454.873	2122
63	61	0	0	0	0	430.27	2123
65	62	0	0	0	0	474.003	2124
65	61	0	0	0	0	448.476	2125
65	61	0	0	0	0	422.038	2126
65	61	0	0	0	0	420.481	2127
66	61	0	0	0	0	429.196	2128
64	61	0	0	0	0	439.196	2129
66	61	0	0	0	0	489.046	2130
66	61	0	0	0	0	456.569	2131
66	61	0	0	0	0	453.077	2132
66	61	0	0	0	0	439.531	2133
65	61	0	0	0	0	427.596	2134
65	61	0	0	0	0	443.056	2135
67	59	0	0	0	0	466.555	2136
67	59	0	0	0	0	475.466	2137
68	58	0	0	0	0	464.052	2138
68	57	0	0	0	0	468.549	2139
68	56	0	0	0	0	426.448	2140
68	56	0	0	0	0	457.064	2141
68	57	0	0	0	0	427.861	2142
68	57	0	0	0	0	471.139	2143
68	58	0	0	0	0	445.546	2144
67	60	0	0	0	0	410.188	2145
68	60	0	0	0	0	411.043	2146
67	64	0	0	0	0	457.494	2147
65	63	0	0	0	0	433.392	2148
66	63	0	0	0	0	448.861	2149
66	63	0	0	0	0	448.992	2150
60	63	0	0	0	0	416.776	2151
56	65	0	0	0	0	454.224	2152
56	64	0	0	0	0	437.143	2153
56	64	0	0	0	0	437.534	2154
56	64	0	0	0	0	309.722	2155
53	67	0	0	0	0	319.529	2156
53	73	0	0	0	0	348.169	2157
51	74	0	0	0	0	346.84	2158
51	74	0	0	0	0	288.066	2159
44	73	0	0	0	0	321.013	2160
40	72	0	0	0	0	337.722	2161
40	71	0	0	0	0	350.963	2162
38	68	0	0	0	0	365.572	2163
39	69	0	0	0	0	396.232	2164
37	69	0	0	0	0	378.714	2165
37	69	0	0	0	0	373.741	2166
37	67	0	0	0	0	344.08	2167
37	66	0	0	0	0	333.299	2168
38	64	0	0	0	0	353.449	2169
39	64	0	0	0	0	381.807	2170
39	63	0	0	0	0	311.788	2171
39	63	0	0	0	0	324.92	2172
40	64	0	0	0	0	303.911	2173
33	64	0	0	0	0	373.881	2174
33	64	0	0	0	0	363.045	2175
32	64	0	0	0	0	303.887	2176
32	64	0	0	0	0	352.886	2177
32	64	0	0	0	0	315.838	2178
33	65	0	0	0	0	359.862	2179
33	65	0	0	0	0	347.35	2180
33	65	0	0	0	0	359.821	2181
33	65	0	0	0	0	348.393	2182
33	65	0	0	0	0	329.628	2183
35	66	0	0	0	0	352.114	2184
35	66	0	0	0	0	373.478	2185
35	68	0	0	0	0	360.394	2186
35	66	0	0	0	0	315.646	2187
34	65	0	0	0	0	336.563	2188
34	66	0	0	0	0	353.499	2189
35	66	0	0	0	0	351.506	2190
35	65	0	0	0	0	370.056	2191
35	64	0	0	0	0	323.777	2192
34	62	0	0	0	0	355.084	2193
34	61	0	0	0	0	344.67	2194
34	59	0	0	0	0	320.407	2195
34	59	0	0	0	0	351.692	2196
34	58	0	0	0	0	335.023	2197
33	58	0	0	0	0	334.203	2198
34	58	0	0	0	0	321.759	2199
33	57	0	0	0	0	335.003	2200
33	56	0	0	0	0	297.649	2201
34	56	0	0	0	0	319.935	2202
34	57	0	0	0	0	351.392	2203
35	57	0	0	0	0	293.304	2204
36	57	0	0	0	0	322.059	2205
36	59	0	0	0	0	326.45	2206
36	59	0	0	0	0	354.358	2207
36	65	0	0	0	0	334.953	2208
35	66	0	0	0	0	307.873	2209
35	62	0	0	0	0	313.622	2210
33	64	0	0	0	0	321.533	2211
33	65	0	0	0	0	323.154	2212
33	67	0	0	0	0	297.73	2213
33	67	0	0	0	0	344.134	2214
31	67	0	0	0	0	335.873	2215
31	68	0	0	0	0	339.075	2216
30	67	0	0	0	0	349.924	2217
30	68	0	0	0	0	345.999	2218
34	68	0	0	0	0	362.161	2219
33	68	0	0	0	0	381.282	2220
32	68	0	0	0	0	333.672	2221
32	70	0	0	0	0	353.548	2222
30	71	0	0	0	0	321.144	2223
31	70	0	0	0	0	365.714	2224
31	69	0	0	0	0	311.384	2225
32	68	0	0	0	0	336.235	2226
34	67	0	0	0	0	361.604	2227
34	67	0	0	0	0	363.448	2228
33	66	0	0	0	0	355.193	2229
32	69	0	0	0	0	315.977	2230
32	77	0	0	0	0	319.189	2231
33	76	0	0	0	0	336.246	2232
33	76	0	0	0	0	394.094	2233
33	76	0	0	0	0	380.165	2234
33	75	0	0	0	0	362.251	2235
33	71	0	0	0	0	334.054	2236
33	70	0	0	0	0	345.594	2237
33	70	0	0	0	0	327.467	2238
32	68	0	0	0	0	312.019	2239
32	68	0	0	0	0	379.395	2240
32	68	0	0	0	0	287.978	2241
32	68	0	0	0	0	336.532	2242
32	68	0	0	0	0	347.93	2243
33	67	0	0	0	0	337.942	2244
34	65	0	0	0	0	301.311	2245
34	65	0	0	0	0	338.253	2246
34	65	0	0	0	0	321.359	2247
35	65	0	0	0	0	334.603	2248
35	64	0	0	0	0	335.592	2249
35	64	0	0	0	0	341.873	2250
36	64	0	0	0	0	350.068	2251
36	63	0	0	0	0	344.717	2252
37	62	0	0	0	0	302.555	2253
38	62	0	0	0	0	348.165	2254
38	64	0	0	0	0	351.275	2255
37	63	0	0	0	0	281.581	2256
41	64	0	0	0	0	327.762	2257
42	64	0	0	0	0	336.841	2258
42	65	0	0	0	0	347.706	2259
43	63	0	0	0	0	337.317	2260
43	63	0	0	0	0	383.942	2261
44	62	0	0	0	0	309.276	2262
44	63	0	0	0	0	379.059	2263
41	59	0	0	0	0	350.21	2264
43	61	0	0	0	0	353.127	2265
42	60	0	0	0	0	298.227	2266
43	58	0	0	0	0	339.151	2267
40	58	0	0	0	0	292.809	2268
41	57	0	0	0	0	351.923	2269
41	55	0	0	0	0	294.219	2270
41	55	0	0	0	0	194.556	2271
44	55	0	0	0	0	349.801	2272
45	55	0	0	0	0	361.043	2273
45	54	0	0	0	0	351.84	2274
45	53	0	0	0	0	364.465	2275
45	53	0	0	0	0	380.43	2276
45	53	0	0	0	0	357.941	2277
45	52	0	0	0	0	354.416	2278
46	52	0	0	0	0	382.569	2279
46	52	0	0	0	0	289.574	2280
46	51	0	0	0	0	301.89	2281
46	49	0	0	0	0	319.254	2282
46	48	0	0	0	0	363.89	2283
46	48	0	0	0	0	310.121	2284
48	48	0	0	0	0	336.7	2285
47	48	0	0	0	0	313.616	2286
49	48	0	0	0	0	329.963	2287
47	48	0	0	0	0	332.883	2288
48	48	0	0	0	0	350.208	2289
49	48	0	0	0	0	345.499	2290
49	48	0	0	0	0	338.502	2291
48	47	0	0	0	0	329.085	2292
48	47	0	0	0	0	350.982	2293
48	46	0	0	0	0	260.407	2294
49	46	0	0	0	0	294.683	2295
50	43	0	0	0	0	329.418	2296
50	45	0	0	0	0	311.332	2297
50	43	0	0	0	0	312.514	2298
50	41	0	0	0	0	247.663	2299
51	41	0	0	0	0	317.406	2300
51	41	0	0	0	0	306.705	2301
52	39	0	0	0	0	253.372	2302
52	39	0	0	0	0	296.249	2303
52	39	0	0	0	0	292.431	2304
51	39	0	0	0	0	280.254	2305
51	38	0	0	0	0	288.024	2306
51	33	0	0	0	0	285.547	2307
50	33	0	0	0	0	290.582	2308
47	31	0	0	0	0	254.246	2309
48	31	0	0	0	0	256.92	2310
50	29	0	0	0	0	252.479	2311
53	29	0	0	0	0	286.953	2312
53	27	0	0	0	0	260.553	2313
53	25	0	0	0	0	273.703	2314
50	21	0	0	0	0	228.061	2315
51	21	0	0	0	0	250.022	2316
51	21	0	0	0	0	250.513	2317
50	21	0	0	0	0	260.061	2318
50	22	0	0	0	0	215.272	2319
52	22	0	0	0	0	269.862	2320
53	21	0	0	0	0	189.658	2321
54	22	0	0	0	0	278.972	2322
54	20	0	0	0	0	253.559	2323
55	21	0	0	0	0	247.522	2324
56	20	0	0	0	0	253.239	2325
57	21	0	0	0	0	272.422	2326
57	21	0	0	0	0	267.699	2327
53	20	0	0	0	0	200.489	2328
52	20	0	0	0	0	225.142	2329
55	21	0	0	0	0	271.966	2330
55	22	0	0	0	0	272.165	2331
55	22	0	0	0	0	278.035	2332
55	22	0	0	0	0	260.198	2333
55	22	0	0	0	0	290.196	2334
54	22	0	0	0	0	265.26	2335
54	23	0	0	0	0	282.011	2336
55	21	0	0	0	0	267.355	2337
55	20	0	0	0	0	259.829	2338
56	20	0	0	0	0	261.983	2339
54	20	0	0	0	0	272.641	2340
54	21	0	0	0	0	266.324	2341
54	20	0	0	0	0	214.659	2342
53	20	0	0	0	0	237.921	2343
55	20	0	0	0	0	247.987	2344
56	20	0	0	0	0	264.366	2345
56	20	0	0	0	0	268.768	2346
56	20	0	0	0	0	260.475	2347
56	20	0	0	0	0	260.921	2348
55	22	0	0	0	0	244.253	2349
54	25	0	0	0	0	267.206	2350
54	25	0	0	0	0	242.55	2351
54	32	0	0	0	0	229.112	2352
54	32	0	0	0	0	247.28	2353
54	33	0	0	0	0	261.665	2354
54	33	0	0	0	0	251.839	2355
54	33	0	0	0	0	240.787	2356
53	34	0	0	0	0	274.503	2357
53	32	0	0	0	0	287.155	2358
50	32	0	0	0	0	279.43	2359
50	38	0	0	0	0	290.995	2360
46	38	0	0	0	0	247.875	2361
45	38	0	0	0	0	290.49	2362
45	38	0	0	0	0	262.982	2363
45	39	0	0	0	0	281.563	2364
47	39	0	0	0	0	273.508	2365
48	39	0	0	0	0	272.592	2366
46	42	0	0	0	0	291.465	2367
48	46	0	0	0	0	286.727	2368
40	46	0	0	0	0	330.633	2369
40	46	0	0	0	0	306.816	2370
39	47	0	0	0	0	292.65	2371
40	47	0	0	0	0	291.338	2372
41	47	0	0	0	0	293.109	2373
42	47	0	0	0	0	318.168	2374
42	47	0	0	0	0	308.377	2375
42	48	0	0	0	0	322.292	2376
39	47	0	0	0	0	305.791	2377
40	47	0	0	0	0	336.573	2378
40	47	0	0	0	0	335.976	2379
40	47	0	0	0	0	283.906	2380
43	47	0	0	0	0	298.433	2381
47	47	0	0	0	0	343.19	2382
46	48	0	0	0	0	317.18	2383
46	48	0	0	0	0	344.925	2384
45	47	0	0	0	0	324.574	2385
46	47	0	0	0	0	341.073	2386
44	47	0	0	0	0	338.544	2387
45	47	0	0	0	0	325.328	2388
46	47	0	0	0	0	317.143	2389
46	47	0	0	0	0	334.642	2390
46	47	0	0	0	0	294.658	2391
46	48	0	0	0	0	353.192	2392
46	48	0	0	0	0	340.766	2393
45	48	0	0	0	0	322.216	2394
45	47	0	0	0	0	323.475	2395
45	47	0	0	0	0	356.399	2396
45	47	0	0	0	0	306.845	2397
46	46	0	0	0	0	313.774	2398
46	46	0	0	0	0	322.637	2399
46	46	0	0	0	0	255.059	2400
45	46	0	0	0	0	332.993	2401
45	46	0	0	0	0	346.306	2402
46	45	0	0	0	0	296.569	2403
46	45	0	0	0	0	336.179	2404
45	45	0	0	0	0	322.392	2405
44	43	0	0	0	0	314.949	2406
44	43	0	0	0	0	301.63	2407
44	43	0	0	0	0	313.942	2408
44	44	0	0	0	0	309.509	2409
45	43	0	0	0	0	280.576	2410
49	43	0	0	0	0	324.463	2411
49	43	0	0	0	0	306.193	2412
49	40	0	0	0	0	305.918	2413
49	40	0	0	0	0	286.938	2414
51	39	0	0	0	0	300.183	2415
48	39	0	0	0	0	319.778	2416
48	37	0	0	0	0	267.505	2417
45	37	0	0	0	0	300.575	2418
46	37	0	0	0	0	279.82	2419
47	38	0	0	0	0	301.023	2420
47	37	0	0	0	0	269.054	2421
47	37	0	0	0	0	321.018	2422
47	36	0	0	0	0	289.061	2423
47	37	0	0	0	0	290.549	2424
48	37	0	0	0	0	306.383	2425
48	37	0	0	0	0	322.211	2426
48	36	0	0	0	0	294.711	2427
51	37	0	0	0	0	311.397	2428
49	38	0	0	0	0	283.21	2429
49	39	0	0	0	0	293.76	2430
49	39	0	0	0	0	321.523	2431
49	39	0	0	0	0	323.707	2432
50	40	0	0	0	0	292.818	2433
50	39	0	0	0	0	313.867	2434
49	39	0	0	0	0	250.338	2435
49	39	0	0	0	0	308.345	2436
49	39	0	0	0	0	321.261	2437
48	38	0	0	0	0	219.232	2438
48	37	0	0	0	0	276.475	2439
51	36	0	0	0	0	310.447	2440
50	36	0	0	0	0	301.49	2441
51	37	0	0	0	0	307.367	2442
51	37	0	0	0	0	325.795	2443
51	37	0	0	0	0	295.955	2444
51	38	0	0	0	0	269.287	2445
49	37	0	0	0	0	313.512	2446
50	36	0	0	0	0	311.822	2447
51	36	0	0	0	0	292.908	2448
50	36	0	0	0	0	293.67	2449
50	36	0	0	0	0	301.536	2450
49	35	0	0	0	0	311.786	2451
50	34	0	0	0	0	307.517	2452
51	34	0	0	0	0	303.955	2453
49	33	0	0	0	0	298.982	2454
49	33	0	0	0	0	257.744	2455
49	33	0	0	0	0	267.206	2456
50	33	0	0	0	0	294.463	2457
50	33	0	0	0	0	290.711	2458
50	32	0	0	0	0	297.57	2459
48	31	0	0	0	0	237.372	2460
49	31	0	0	0	0	276.91	2461
48	29	0	0	0	0	257.245	2462
48	28	0	0	0	0	237.642	2463
49	28	0	0	0	0	271.331	2464
46	28	0	0	0	0	256.899	2465
46	29	0	0	0	0	264.573	2466
45	29	0	0	0	0	257.89	2467
45	27	0	0	0	0	255.654	2468
45	27	0	0	0	0	245.261	2469
45	27	0	0	0	0	240.5	2470
45	30	0	0	0	0	228.558	2471
44	29	0	0	0	0	219.873	2472
44	29	0	0	0	0	257.892	2473
44	29	0	0	0	0	254.314	2474
42	29	0	0	0	0	245.183	2475
43	29	0	0	0	0	236.091	2476
43	29	0	0	0	0	243.501	2477
43	27	0	0	0	0	247.295	2478
43	27	0	0	0	0	239.503	2479
40	26	0	0	0	0	234.775	2480
40	27	0	0	0	0	227.505	2481
41	27	0	0	0	0	226.394	2482
41	27	0	0	0	0	234.918	2483
41	27	0	0	0	0	231.362	2484
40	26	0	0	0	0	227.347	2485
40	28	0	0	0	0	228.865	2486
39	28	0	0	0	0	233.117	2487
39	28	0	0	0	0	223.785	2488
39	28	0	0	0	0	247.473	2489
38	28	0	0	0	0	206.918	2490
39	30	0	0	0	0	233.969	2491
38	29	0	0	0	0	235.762	2492
38	29	0	0	0	0	224.764	2493
37	28	0	0	0	0	178.529	2494
35	28	0	0	0	0	203.6	2495
35	27	0	0	0	0	205.833	2496
34	26	0	0	0	0	155.374	2497
34	26	0	0	0	0	168.336	2498
26	28	0	0	0	0	156.52	2499
23	29	0	0	0	0	166.153	2500
23	28	0	0	0	0	163.873	2501
23	25	0	0	0	0	164.908	2502
24	25	0	0	0	0	167.604	2503
24	26	0	0	0	0	165.287	2504
24	26	0	0	0	0	169.716	2505
25	26	0	0	0	0	152.601	2506
25	25	0	0	0	0	165.869	2507
26	25	0	0	0	0	151.41	2508
26	26	0	0	0	0	166.226	2509
24	24	0	0	0	0	134.362	2510
23	24	0	0	0	0	151.353	2511
24	23	0	0	0	0	173.356	2512
24	23	0	0	0	0	144.121	2513
25	24	0	0	0	0	164.892	2514
25	24	0	0	0	0	140.357	2515
25	25	0	0	0	0	171.966	2516
26	25	0	0	0	0	175.565	2517
24	23	0	0	0	0	182.069	2518
24	23	0	0	0	0	136.734	2519
27	23	0	0	0	0	177.6	2520
28	24	0	0	0	0	187.685	2521
28	24	0	0	0	0	183.584	2522
28	24	0	0	0	0	187.659	2523
29	24	0	0	0	0	192.079	2524
29	24	0	0	0	0	187.476	2525
29	24	0	0	0	0	188.202	2526
29	27	0	0	0	0	191.09	2527
30	27	0	0	0	0	175.015	2528
28	27	0	0	0	0	184.768	2529
28	27	0	0	0	0	183.161	2530
29	27	0	0	0	0	202.242	2531
30	27	0	0	0	0	203.712	2532
31	27	0	0	0	0	210.969	2533
30	26	0	0	0	0	155.706	2534
28	27	0	0	0	0	202.296	2535
26	27	0	0	0	0	200.238	2536
26	27	0	0	0	0	167.907	2537
26	27	0	0	0	0	177.126	2538
26	27	0	0	0	0	194.846	2539
26	27	0	0	0	0	174.332	2540
26	27	0	0	0	0	185.826	2541
26	27	0	0	0	0	205.996	2542
26	27	0	0	0	0	171.98	2543
26	28	0	0	0	0	197.577	2544
26	28	0	0	0	0	200.463	2545
26	29	0	0	0	0	206.35	2546
26	28	0	0	0	0	203.64	2547
27	28	0	0	0	0	177.064	2548
27	29	0	0	0	0	208.715	2549
27	29	0	0	0	0	169.639	2550
27	29	0	0	0	0	187.788	2551
27	28	0	0	0	0	207.972	2552
27	27	0	0	0	0	198.392	2553
27	29	0	0	0	0	193.641	2554
26	29	0	0	0	0	151.63	2555
26	30	0	0	0	0	163.365	2556
26	30	0	0	0	0	199.519	2557
26	31	0	0	0	0	205.295	2558
24	31	0	0	0	0	183.902	2559
24	31	0	0	0	0	198.547	2560
24	32	0	0	0	0	196.365	2561
24	32	0	0	0	0	200.461	2562
23	33	0	0	0	0	208.533	2563
23	33	0	0	0	0	203.992	2564
22	33	0	0	0	0	168.727	2565
22	32	0	0	0	0	201.35	2566
22	31	0	0	0	0	171.352	2567
22	32	0	0	0	0	187.52	2568
22	32	0	0	0	0	182.772	2569
21	31	0	0	0	0	129.988	2570
20	31	0	0	0	0	180.618	2571
19	31	0	0	0	0	182.015	2572
19	33	0	0	0	0	186.582	2573
18	34	0	0	0	0	154.006	2574
18	34	0	0	0	0	175.478	2575
18	34	0	0	0	0	168.839	2576
17	34	0	0	0	0	181.641	2577
17	34	0	0	0	0	151.345	2578
17	33	0	0	0	0	164.493	2579
17	36	0	0	0	0	174.893	2580
17	36	0	0	0	0	171.219	2581
17	36	0	0	0	0	175.183	2582
15	35	0	0	0	0	157.931	2583
17	35	0	0	0	0	154.248	2584
20	35	0	0	0	0	186.07	2585
21	35	0	0	0	0	181.588	2586
21	35	0	0	0	0	180.681	2587
20	32	0	0	0	0	176.652	2588
18	32	0	0	0	0	162.399	2589
19	32	0	0	0	0	188.117	2590
18	32	0	0	0	0	156.017	2591
19	32	0	0	0	0	156.558	2592
22	31	0	0	0	0	176.41	2593
22	31	0	0	0	0	190.062	2594
22	30	0	0	0	0	169.071	2595
23	29	0	0	0	0	184.646	2596
23	31	0	0	0	0	179.269	2597
23	30	0	0	0	0	169.125	2598
24	29	0	0	0	0	158.833	2599
24	29	0	0	0	0	180.766	2600
23	28	0	0	0	0	172.075	2601
23	28	0	0	0	0	164.111	2602
23	28	0	0	0	0	162.449	2603
23	28	0	0	0	0	191.272	2604
22	28	0	0	0	0	170.034	2605
20	27	0	0	0	0	167.365	2606
20	29	0	0	0	0	174.013	2607
19	29	0	0	0	0	139.544	2608
19	28	0	0	0	0	116.336	2609
19	27	0	0	0	0	150.908	2610
19	28	0	0	0	0	154.695	2611
19	28	0	0	0	0	155.54	2612
20	27	0	0	0	0	155.339	2613
20	26	0	0	0	0	120.781	2614
22	26	0	0	0	0	157.839	2615
22	27	0	0	0	0	168.724	2616
23	26	0	0	0	0	159.953	2617
24	25	0	0	0	0	171.53	2618
24	25	0	0	0	0	178.653	2619
24	25	0	0	0	0	176.284	2620
24	24	0	0	0	0	146.354	2621
23	24	0	0	0	0	129.448	2622
23	23	0	0	0	0	173.163	2623
23	23	0	0	0	0	161.776	2624
23	23	0	0	0	0	164.852	2625
23	21	0	0	0	0	138.044	2626
24	21	0	0	0	0	112.844	2627
25	21	0	0	0	0	144.69	2628
22	21	0	0	0	0	146.821	2629
23	23	0	0	0	0	117.723	2630
25	23	0	0	0	0	146.6	2631
26	23	0	0	0	0	148.581	2632
26	22	0	0	0	0	119.226	2633
27	22	0	0	0	0	167.827	2634
27	21	0	0	0	0	156.27	2635
27	21	0	0	0	0	168.52	2636
27	21	0	0	0	0	140.838	2637
28	21	0	0	0	0	164.924	2638
26	20	0	0	0	0	154.829	2639
26	24	0	0	0	0	164.362	2640
26	24	0	0	0	0	130.782	2641
27	24	0	0	0	0	153.893	2642
28	24	0	0	0	0	177.727	2643
28	24	0	0	0	0	169.463	2644
28	27	0	0	0	0	186.11	2645
28	27	0	0	0	0	180.829	2646
28	26	0	0	0	0	198.809	2647
29	26	0	0	0	0	199.49	2648
30	24	0	0	0	0	192.155	2649
30	24	0	0	0	0	181.471	2650
30	24	0	0	0	0	187.918	2651
30	24	0	0	0	0	197	2652
30	24	0	0	0	0	183.711	2653
29	24	0	0	0	0	173.599	2654
30	23	0	0	0	0	190.129	2655
30	25	0	0	0	0	152.759	2656
30	25	0	0	0	0	182.475	2657
31	25	0	0	0	0	184.788	2658
31	25	0	0	0	0	129.706	2659
35	25	0	0	0	0	202.645	2660
35	25	0	0	0	0	214.16	2661
36	25	0	0	0	0	205.639	2662
37	25	0	0	0	0	221.167	2663
37	25	0	0	0	0	225.166	2664
38	25	0	0	0	0	213.918	2665
38	25	0	0	0	0	223.21	2666
38	25	0	0	0	0	222.472	2667
38	24	0	0	0	0	231.201	2668
38	23	0	0	0	0	208.118	2669
38	23	0	0	0	0	220.127	2670
40	23	0	0	0	0	214.999	2671
40	24	0	0	0	0	212.395	2672
40	24	0	0	0	0	227.739	2673
40	24	0	0	0	0	223.362	2674
41	24	0	0	0	0	234.607	2675
42	23	0	0	0	0	211.843	2676
44	23	0	0	0	0	225.268	2677
46	23	0	0	0	0	203.821	2678
49	22	0	0	0	0	236.89	2679
50	23	0	0	0	0	218.254	2680
50	22	0	0	0	0	203.704	2681
52	21	0	0	0	0	241.924	2682
52	21	0	0	0	0	282.939	2683
51	21	0	0	0	0	225.798	2684
52	24	0	0	0	0	259.302	2685
50	24	0	0	0	0	216.571	2686
53	27	0	0	0	0	267.728	2687
53	27	0	0	0	0	266.948	2688
51	27	0	0	0	0	262.101	2689
52	27	0	0	0	0	259.511	2690
50	27	0	0	0	0	267.171	2691
52	29	0	0	0	0	269.954	2692
52	28	0	0	0	0	245.828	2693
48	27	0	0	0	0	236.307	2694
53	27	0	0	0	0	272.128	2695
51	27	0	0	0	0	274.675	2696
50	27	0	0	0	0	248.231	2697
52	27	0	0	0	0	267.711	2698
52	27	0	0	0	0	241.564	2699
54	27	0	0	0	0	268.099	2700
52	28	0	0	0	0	269.894	2701
53	27	0	0	0	0	257.138	2702
53	28	0	0	0	0	293.089	2703
52	28	0	0	0	0	295.905	2704
52	31	0	0	0	0	261.174	2705
52	31	0	0	0	0	289.734	2706
53	30	0	0	0	0	282.624	2707
53	29	0	0	0	0	287.275	2708
53	29	0	0	0	0	252.192	2709
55	29	0	0	0	0	272.25	2710
55	29	0	0	0	0	300.985	2711
55	29	0	0	0	0	281.938	2712
55	30	0	0	0	0	300.214	2713
51	30	0	0	0	0	285.194	2714
51	30	0	0	0	0	289.326	2715
51	30	0	0	0	0	279.286	2716
51	36	0	0	0	0	295.369	2717
51	36	0	0	0	0	299.177	2718
48	36	0	0	0	0	290.419	2719
48	36	0	0	0	0	314.306	2720
47	36	0	0	0	0	299.682	2721
47	37	0	0	0	0	321.352	2722
49	37	0	0	0	0	301.625	2723
49	37	0	0	0	0	263.132	2724
50	37	0	0	0	0	314.7	2725
47	37	0	0	0	0	283.97	2726
48	37	0	0	0	0	289.2	2727
47	38	0	0	0	0	319.725	2728
48	38	0	0	0	0	319.782	2729
48	38	0	0	0	0	309.256	2730
48	39	0	0	0	0	312.409	2731
46	38	0	0	0	0	290.913	2732
46	38	0	0	0	0	289.865	2733
46	38	0	0	0	0	326.802	2734
46	38	0	0	0	0	267.785	2735
46	38	0	0	0	0	310.231	2736
47	37	0	0	0	0	314.29	2737
46	37	0	0	0	0	261.3	2738
49	37	0	0	0	0	307.982	2739
48	36	0	0	0	0	324.936	2740
48	36	0	0	0	0	320.503	2741
48	36	0	0	0	0	282.273	2742
47	36	0	0	0	0	268.366	2743
48	38	0	0	0	0	316.709	2744
50	38	0	0	0	0	318.281	2745
50	43	0	0	0	0	319.268	2746
50	47	0	0	0	0	349.28	2747
51	47	0	0	0	0	340.5	2748
51	51	0	0	0	0	355.813	2749
51	50	0	0	0	0	350.439	2750
51	54	0	0	0	0	359.032	2751
51	53	0	0	0	0	360.362	2752
45	53	0	0	0	0	324.943	2753
46	57	0	0	0	0	346.761	2754
45	58	0	0	0	0	341.675	2755
45	59	0	0	0	0	361.364	2756
45	58	0	0	0	0	351.383	2757
45	60	0	0	0	0	359.545	2758
45	62	0	0	0	0	382.615	2759
44	62	0	0	0	0	400.707	2760
44	62	0	0	0	0	351.397	2761
44	61	0	0	0	0	370.12	2762
42	61	0	0	0	0	337.707	2763
42	65	0	0	0	0	356.3	2764
38	65	0	0	0	0	335.183	2765
38	66	0	0	0	0	367.496	2766
38	66	0	0	0	0	315.631	2767
38	67	0	0	0	0	370.756	2768
40	67	0	0	0	0	393.539	2769
42	67	0	0	0	0	355.293	2770
43	68	0	0	0	0	411.782	2771
43	68	0	0	0	0	404.793	2772
42	73	0	0	0	0	399.402	2773
43	74	0	0	0	0	414.773	2774
43	74	0	0	0	0	419.041	2775
43	74	0	0	0	0	415.931	2776
43	74	0	0	0	0	410.456	2777
45	74	0	0	0	0	429.798	2778
45	76	0	0	0	0	451.953	2779
44	76	0	0	0	0	393.099	2780
46	76	0	0	0	0	439.944	2781
42	75	0	0	0	0	419.135	2782
41	74	0	0	0	0	391.84	2783
41	74	0	0	0	0	420.971	2784
41	73	0	0	0	0	387.386	2785
41	73	0	0	0	0	371.911	2786
40	72	0	0	0	0	353.387	2787
36	73	0	0	0	0	377.581	2788
37	73	0	0	0	0	400.897	2789
36	72	0	0	0	0	369.112	2790
36	75	0	0	0	0	378.175	2791
37	75	0	0	0	0	401.318	2792
36	75	0	0	0	0	395.79	2793
37	75	0	0	0	0	372.354	2794
36	74	0	0	0	0	365.317	2795
38	77	0	0	0	0	412.43	2796
37	76	0	0	0	0	420.896	2797
37	76	0	0	0	0	407.927	2798
35	76	0	0	0	0	379.251	2799
36	76	0	0	0	0	411.097	2800
36	75	0	0	0	0	332.649	2801
36	74	0	0	0	0	323.988	2802
36	74	0	0	0	0	411.688	2803
37	74	0	0	0	0	396.729	2804
37	76	0	0	0	0	384.933	2805
38	76	0	0	0	0	372.69	2806
38	77	0	0	0	0	399.616	2807
38	79	0	0	0	0	369.652	2808
37	80	0	0	0	0	378.106	2809
38	80	0	0	0	0	387.119	2810
38	80	0	0	0	0	417.882	2811
38	79	0	0	0	0	409.913	2812
38	80	0	0	0	0	401.05	2813
39	80	0	0	0	0	439.877	2814
38	79	0	0	0	0	388.793	2815
38	76	0	0	0	0	382.002	2816
40	76	0	0	0	0	387.667	2817
39	76	0	0	0	0	396.312	2818
39	73	0	0	0	0	418.842	2819
40	73	0	0	0	0	365.32	2820
40	72	0	0	0	0	357.235	2821
40	71	0	0	0	0	383.353	2822
40	70	0	0	0	0	395.306	2823
40	70	0	0	0	0	391.818	2824
40	69	0	0	0	0	373.518	2825
41	67	0	0	0	0	385.673	2826
40	67	0	0	0	0	348.908	2827
41	65	0	0	0	0	311.248	2828
42	65	0	0	0	0	395.861	2829
42	63	0	0	0	0	362.988	2830
43	62	0	0	0	0	359.478	2831
44	64	0	0	0	0	387.672	2832
44	64	0	0	0	0	386.458	2833
44	68	0	0	0	0	381.654	2834
44	68	0	0	0	0	343.38	2835
46	67	0	0	0	0	376.174	2836
48	65	0	0	0	0	386.276	2837
48	68	0	0	0	0	376.188	2838
48	68	0	0	0	0	381.026	2839
49	67	0	0	0	0	407.133	2840
49	66	0	0	0	0	418.536	2841
49	64	0	0	0	0	371.408	2842
47	65	0	0	0	0	365.45	2843
47	65	0	0	0	0	415.086	2844
49	66	0	0	0	0	390.223	2845
49	67	0	0	0	0	404.002	2846
49	68	0	0	0	0	388.995	2847
49	68	0	0	0	0	422.772	2848
49	68	0	0	0	0	407.092	2849
50	67	0	0	0	0	401.555	2850
50	65	0	0	0	0	399.035	2851
51	65	0	0	0	0	374.461	2852
51	65	0	0	0	0	338.594	2853
46	65	0	0	0	0	331.533	2854
43	64	0	0	0	0	362.568	2855
44	62	0	0	0	0	354.504	2856
44	62	0	0	0	0	327.147	2857
45	61	0	0	0	0	383.481	2858
45	60	0	0	0	0	368.106	2859
46	68	0	0	0	0	399.637	2860
46	70	0	0	0	0	389.084	2861
46	68	0	0	0	0	361.848	2862
46	69	0	0	0	0	389.583	2863
46	69	0	0	0	0	385.77	2864
48	69	0	0	0	0	397.42	2865
48	69	0	0	0	0	402.612	2866
48	68	0	0	0	0	400.629	2867
49	69	0	0	0	0	381.811	2868
40	70	0	0	0	0	374.649	2869
36	69	0	0	0	0	326.024	2870
38	69	0	0	0	0	331.786	2871
42	69	0	0	0	0	380.253	2872
44	68	0	0	0	0	385.047	2873
44	71	0	0	0	0	403.81	2874
46	71	0	0	0	0	418.063	2875
46	73	0	0	0	0	419.46	2876
46	72	0	0	0	0	345.575	2877
48	70	0	0	0	0	419.594	2878
48	70	0	0	0	0	431.272	2879
48	71	0	0	0	0	398.296	2880
49	70	0	0	0	0	391.144	2881
49	73	0	0	0	0	435.055	2882
50	73	0	0	0	0	441.095	2883
48	72	0	0	0	0	419.205	2884
48	72	0	0	0	0	409.004	2885
48	72	0	0	0	0	413.11	2886
49	74	0	0	0	0	436.681	2887
48	74	0	0	0	0	399.065	2888
54	75	0	0	0	0	431.407	2889
53	73	0	0	0	0	409.317	2890
54	77	0	0	0	0	452.792	2891
56	77	0	0	0	0	444.989	2892
54	75	0	0	0	0	441.575	2893
55	75	0	0	0	0	429.836	2894
54	74	0	0	0	0	410.654	2895
58	73	0	0	0	0	448.134	2896
58	73	0	0	0	0	449.386	2897
57	73	0	0	0	0	448.468	2898
57	73	0	0	0	0	456.397	2899
56	72	0	0	0	0	465.537	2900
58	72	0	0	0	0	414.234	2901
60	79	0	0	0	0	470.447	2902
62	76	0	0	0	0	442.153	2903
64	77	0	0	0	0	499.416	2904
67	76	0	0	0	0	508.768	2905
67	76	0	0	0	0	499.299	2906
68	77	0	0	0	0	481.723	2907
69	78	0	0	0	0	523.025	2908
69	79	0	0	0	0	525.289	2909
69	81	0	0	0	0	560.52	2910
70	82	0	0	0	0	525.909	2911
69	82	0	0	0	0	535.844	2912
68	82	0	0	0	0	474.897	2913
68	82	0	0	0	0	503.127	2914
67	82	0	0	0	0	508.346	2915
69	82	0	0	0	0	512.037	2916
70	88	0	0	0	0	458.111	2917
70	88	0	0	0	0	493.678	2918
71	88	0	0	0	0	507.525	2919
71	86	0	0	0	0	521.514	2920
72	85	0	0	0	0	489.861	2921
72	82	0	0	0	0	528.494	2922
72	82	0	0	0	0	554.13	2923
72	80	0	0	0	0	503.864	2924
72	80	0	0	0	0	573.373	2925
71	80	0	0	0	0	528.124	2926
72	80	0	0	0	0	511.6	2927
72	81	0	0	0	0	546.604	2928
72	81	0	0	0	0	531.761	2929
72	80	0	0	0	0	552.477	2930
73	80	0	0	0	0	569.288	2931
72	81	0	0	0	0	526.714	2932
72	80	0	0	0	0	533.704	2933
73	80	0	0	0	0	529.605	2934
73	80	0	0	0	0	533.754	2935
74	81	0	0	0	0	539.437	2936
74	81	0	0	0	0	523.777	2937
74	81	0	0	0	0	537.612	2938
73	81	0	0	0	0	528.335	2939
74	80	0	0	0	0	517.95	2940
74	79	0	0	0	0	572.882	2941
74	79	0	0	0	0	469.117	2942
72	79	0	0	0	0	488.093	2943
73	79	0	0	0	0	514.669	2944
74	76	0	0	0	0	487.678	2945
74	73	0	0	0	0	550.414	2946
76	72	0	0	0	0	494.108	2947
75	71	0	0	0	0	528.413	2948
75	71	0	0	0	0	507.529	2949
75	71	0	0	0	0	499.762	2950
75	71	0	0	0	0	535.246	2951
75	71	0	0	0	0	521.659	2952
75	69	0	0	0	0	472.152	2953
78	68	0	0	0	0	464.618	2954
80	68	0	0	0	0	437.857	2955
82	64	0	0	0	0	456.436	2956
82	64	0	0	0	0	486.797	2957
84	63	0	0	0	0	538.754	2958
84	61	0	0	0	0	473.933	2959
86	65	0	0	0	0	528.465	2960
86	64	0	0	0	0	544.718	2961
88	66	0	0	0	0	516.317	2962
88	66	0	0	0	0	520.561	2963
88	67	0	0	0	0	490.925	2964
91	68	0	0	0	0	545.388	2965
92	68	0	0	0	0	576.511	2966
92	68	0	0	0	0	547.585	2967
95	69	0	0	0	0	532.372	2968
93	70	0	0	0	0	520.064	2969
93	73	0	0	0	0	563.02	2970
93	73	0	0	0	0	514.442	2971
96	78	0	0	0	0	583.982	2972
96	78	0	0	0	0	614.837	2973
96	78	0	0	0	0	635.837	2974
97	78	0	0	0	0	586.292	2975
96	79	0	0	0	0	594.553	2976
97	80	0	0	0	0	645.228	2977
96	80	0	0	0	0	569.629	2978
94	80	0	0	0	0	583.278	2979
94	79	0	0	0	0	564.693	2980
92	76	0	0	0	0	562.1	2981
93	75	0	0	0	0	622.292	2982
93	76	0	0	0	0	578.43	2983
93	73	0	0	0	0	571.093	2984
91	73	0	0	0	0	580.712	2985
90	82	0	0	0	0	578.329	2986
89	82	0	0	0	0	587.763	2987
86	83	0	0	0	0	585.664	2988
86	82	0	0	0	0	588.408	2989
86	82	0	0	0	0	566.306	2990
86	83	0	0	0	0	578.877	2991
85	84	0	0	0	0	207.33	2992
85	83	0	0	0	0	420.998	2993
85	83	0	0	0	0	577.469	2994
82	84	0	0	0	0	595.249	2995
82	82	0	0	0	0	619.324	2996
84	82	0	0	0	0	578.401	2997
87	84	0	0	0	0	560.019	2998
86	88	0	0	0	0	572.351	2999
85	92	0	0	0	0	647.052	3000
86	92	0	0	0	0	605.981	3001
88	92	0	0	0	0	610.402	3002
88	92	0	0	0	0	630.509	3003
88	92	0	0	0	0	635.858	3004
88	91	0	0	0	0	666.87	3005
88	93	0	0	0	0	611.98	3006
86	93	0	0	0	0	654.181	3007
82	93	0	0	0	0	617.314	3008
81	94	0	0	0	0	615.92	3009
82	89	0	0	0	0	610.81	3010
82	88	0	0	0	0	529.662	3011
84	87	0	0	0	0	620.344	3012
87	88	0	0	0	0	585.34	3013
88	92	0	0	0	0	647.047	3014
86	91	0	0	0	0	621.8	3015
88	94	0	0	0	0	621.321	3016
90	93	0	0	0	0	623.345	3017
89	94	0	0	0	0	627.755	3018
89	98	0	0	0	0	675.884	3019
89	98	0	0	0	0	668.023	3020
84	98	0	0	0	0	618.14	3021
84	98	0	0	0	0	571.72	3022
78	98	0	0	0	0	626.917	3023
78	95	0	0	0	0	632.223	3024
76	94	0	0	0	0	575.841	3025
77	98	0	0	0	0	620.645	3026
77	102	0	0	0	0	612.323	3027
79	102	0	0	0	0	558.4	3028
80	102	0	0	0	0	672.895	3029
80	101	0	0	0	0	565.816	3030
83	109	0	0	0	0	661.325	3031
84	108	0	0	0	0	561.638	3032
85	109	0	0	0	0	663.725	3033
86	108	0	0	0	0	694.518	3034
82	106	0	0	0	0	664.235	3035
82	108	0	0	0	0	697.062	3036
82	109	0	0	0	0	641.314	3037
82	109	0	0	0	0	644.199	3038
83	109	0	0	0	0	694.496	3039
77	109	0	0	0	0	665.023	3040
77	106	0	0	0	0	664.242	3041
76	105	0	0	0	0	590.8	3042
75	103	0	0	0	0	627.827	3043
76	104	0	0	0	0	673.364	3044
73	99	0	0	0	0	645.714	3045
58	97	0	0	0	0	571.737	3046
58	97	0	0	0	0	592.802	3047
58	96	0	0	0	0	506.489	3048
58	97	0	0	0	0	496.057	3049
57	96	0	0	0	0	597.681	3050
57	95	0	0	0	0	533.042	3051
57	94	0	0.142857	0	1	573.58	3052
56	94	0	0.142857	0	1	543.329	3053
57	95	0	0.142857	0	1	563.092	3054
58	93	0	0.142857	0	1	522.664	3055
58	92	0	0.142857	0	1	523.131	3056
58	93	0	0.142857	0	1	572.744	3057
58	93	0	0.142857	0	1	482.081	3058
60	93	0	0.142857	0	1	542.843	3059
60	94	0	0.142857	0	1	546.341	3060
59	94	0	0.142857	0	1	509.229	3061
59	94	0	0.142857	0	1	600.641	3062
58	93	0	0.142857	0	1	567.02	3063
59	93	0	0.142857	0	1	493.105	3064
61	105	0	0.142857	0	1	567.899	3065
59	104	0	0.142857	0	1	558.6	3066
59	101	0	0.142857	0	1	546.775	3067
59	101	0	0.142857	0	1	560.904	3068
60	101	0	0.142857	0	1	556.428	3069
60	101	0	0.142857	0	1	607.177	3070
56	100	0	0.142857	0	1	577.288	3071
58	100	0	0.142857	0	1	582.507	3072
57	99	0	0.142857	0	1	518.096	3073
52	99	0	0.142857	0	1	573.035	3074
52	98	0	0.142857	0	1	570.99	3075
52	97	0	0.142857	0	1	519.1	3076
54	97	0	0.142857	0	1	508.184	3077
54	97	0	0.142857	0	1	558.799	3078
54	95	0	0.142857	0	1	555.591	3079
55	96	0	0.142857	0	1	508.407	3080
49	95	0	0.142857	0	1	518.312	3081
49	95	0	0.142857	0	1	553.781	3082
49	92	0	0.142857	0	1	477.353	3083
49	92	0	0.142857	0	1	488.886	3084
49	91	0	0.142857	0	1	527.012	3085
49	91	0	0.142857	0	1	454.439	3086
49	91	0	0.142857	0	1	452.423	3087
50	93	0	0.142857	0	1	521.195	3088
50	92	0	0	0	0	504.15	3089
50	92	0	0	0	0	510.228	3090
