unique_top_cov	unique_bot_cov	redundant_top_cov	redundant_bot_cov	raw_redundant_top_cov	raw_redundant_bot_cov	e_value	position
0	0	0	0	0	0	nan	1
0	0	0	0	0	0	nan	2
0	0	0	0	0	0	nan	3
0	0	0	0	0	0	nan	4
0	0	0	0	0	0	nan	5
0	0	0	0	0	0	nan	6
0	0	0	0	0	0	nan	7
0	0	0	0	0	0	nan	8
0	0	0	0	0	0	nan	9
0	0	0	0	0	0	nan	10
0	0	0	0	0	0	nan	11
0	0	0	0	0	0	nan	12
0	0	0	0	0	0	nan	13
0	0	0	0	0	0	nan	14
0	0	0	0	0	0	nan	15
0	0	0	0	0	0	nan	16
0	0	0	0	0	0	nan	17
0	0	0	0	0	0	nan	18
0	0	0	0	0	0	nan	19
0	0	0	0	0	0	nan	20
0	0	0	0	0	0	nan	21
0	0	0	0	0	0	nan	22
0	0	0	0	0	0	nan	23
0	0	0	0	0	0	nan	24
0	0	0	0	0	0	nan	25
0	0	0	0	0	0	nan	26
0	0	0	0	0	0	nan	27
0	0	0	0	0	0	nan	28
0	0	0	0	0	0	nan	29
32	30	0	0	0	0	218.368	30
32	30	0	0	0	0	218.353	31
32	29	0	0	0	0	222.154	32
30	29	0	0	0	0	201.483	33
30	29	0	0	0	0	196.768	34
30	28	0	0	0	0	200.383	35
30	28	0	0	0	0	205.879	36
30	29	0	0	0	0	187.559	37
29	28	0	0	0	0	191.368	38
29	27	0	0	0	0	198.678	39
29	27	0	0	0	0	204.874	40
29	27	0	0	0	0	166.891	41
29	27	0	0	0	0	193.746	42
29	26	0	0	0	0	196.557	43
29	26	0	0	0	0	184.263	44
29	26	0	0	0	0	189.287	45
27	26	0	0	0	0	166.059	46
27	26	0	0	0	0	157.252	47
27	27	0	0	0	0	166.054	48
25	27	0	0	0	0	170.883	49
26	26	0	0	0	0	155.045	50
26	26	0	0	0	0	161.85	51
21	26	0	0	0	0	142.304	52
22	26	0	0	0	0	149.29	53
21	26	0	0	0	0	146.142	54
21	23	0	0	0	0	148.052	55
21	23	0	0	0	0	137.926	56
21	23	0	0	0	0	142.356	57
19	22	0	0	0	0	140.863	58
19	22	0	0	0	0	137.451	59
18	21	0	0	0	0	113.164	60
18	21	0	0	0	0	102.852	61
18	20	0	0	0	0	107.958	62
18	16	0	0	0	0	103.005	63
18	15	0	0	0	0	118.315	64
18	15	0	0	0	0	101.176	65
18	14	0	0	0	0	100.827	66
18	13	0	0	0	0	93.1234	67
15	13	0	0	0	0	94.0484	68
14	13	0	0	0	0	82.7198	69
13	13	0	0	0	0	80.8867	70
13	14	0	0	0	0	81.9053	71
13	14	0	0	0	0	83.1762	72
13	13	0	0	0	0	77.3106	73
13	14	0	0	0	0	72.0595	74
12	15	0	0	0	0	78.3533	75
12	15	0	0	0	0	81.4186	76
12	15	0	0	0	0	80.726	77
12	14	0	0	0	0	95.3587	78
12	14	0	0	0	0	82.3328	79
12	13	0	0	0	0	74.9018	80
11	13	0	0	0	0	74.6156	81
11	12	0	0	0	0	82.4318	82
11	12	0	0	0	0	72.2413	83
11	12	0	0	0	0	78.2354	84
11	13	0	0	0	0	67.3536	85
11	13	0	0	0	0	82.1268	86
11	13	0	0	0	0	79.2944	87
11	13	0	0	0	0	80.416	88
11	13	0	0	0	0	88.0978	89
11	13	0	0	0	0	75.5039	90
11	13	0	0	0	0	74.2162	91
11	13	0	0	0	0	73.2928	92
12	13	0	0	0	0	68.4909	93
12	13	0	0	0	0	75.3888	94
14	13	0	0	0	0	73.3431	95
14	13	0	0	0	0	75.4084	96
14	13	0	0	0	0	74.6547	97
12	14	0	0	0	0	73.6144	98
12	14	0	0	0	0	84.169	99
12	14	0	0	0	0	85.0545	100
12	14	0	0	0	0	80.8298	101
11	14	0	0	0	0	85.9485	102
11	14	0	0	0	0	84.6932	103
11	14	0	0	0	0	83.5795	104
12	14	0	0	0	0	77.0806	105
12	14	0	0	0	0	67.9336	106
12	14	0	0	0	0	74.6961	107
12	14	0	0	0	0	78.407	108
12	13	0	0	0	0	73.9583	109
11	13	0	0	0	0	81.3176	110
11	13	0	0	0	0	73.2779	111
11	14	0	0	0	0	82.4941	112
11	14	0	0	0	0	87.0469	113
11	16	0	0	0	0	84.5192	114
11	16	0	0	0	0	82.7386	115
11	15	0	0	0	0	75.6226	116
11	15	0	0	0	0	85.1347	117
12	15	0	0	0	0	86.0978	118
12	15	0	0	0	0	92.5973	119
11	15	0	0	0	0	73.8721	120
10	15	0	0	0	0	89.673	121
10	15	0	0	0	0	78.5162	122
10	15	0	0	0	0	77.8211	123
10	15	0	0	0	0	74.0853	124
11	16	0	0	0	0	81.1789	125
11	16	0	0	0	0	82.0728	126
11	16	0	0	0	0	95.0078	127
11	16	0	0	0	0	89.6399	128
11	16	0	0	0	0	89.9013	129
11	16	0	0	0	0	92.0889	130
11	16	0	0	0	0	88.5609	131
11	17	0	0	0	0	92.1259	132
11	17	0	0	0	0	91.1006	133
12	17	0	0	0	0	89.1778	134
12	17	0	0	0	0	94.2875	135
12	17	0	0	0	0	94.9365	136
11	17	0	0	0	0	90.0068	137
11	15	0	0	0	0	79.6964	138
10	14	0	0	0	0	77.0076	139
10	14	0	0	0	0	87.6753	140
10	15	0	0	0	0	79.8625	141
10	15	0	0	0	0	78.8414	142
10	15	0	0	0	0	75.0226	143
9	15	0	0	0	0	79.0749	144
9	14	0	0	0	0	72.7268	145
9	14	0	0	0	0	75.6263	146
9	14	0	0	0	0	78.7704	147
9	14	0	0	0	0	65.1424	148
9	14	0	0	0	0	73.9267	149
9	14	0	0	0	0	79.8222	150
9	14	0	0	0	0	74.9263	151
9	14	0	0	0	0	78.5695	152
9	14	0	0	0	0	76.2179	153
9	15	0	0	0	0	77.4046	154
9	15	0	0	0	0	71.4596	155
9	16	0	0	0	0	77.5107	156
9	15	0	0	0	0	62.8998	157
9	15	0	0	0	0	78.1596	158
9	15	0	0	0	0	86.6959	159
9	15	0	0	0	0	79.646	160
9	15	0	0	0	0	83.3864	161
9	15	0	0	0	0	82.8975	162
9	15	0	0	0	0	82.6108	163
9	16	0	0	0	0	76.4407	164
9	16	0	0	0	0	79.4796	165
9	16	0	0	0	0	69.4873	166
9	15	0	0	0	0	85.6314	167
9	15	0	0	0	0	78.0701	168
10	15	0	0	0	0	81.3567	169
10	15	0	0	0	0	74.1012	170
10	15	0	0	0	0	78.5686	171
10	14	0	0	0	0	76.4064	172
10	14	0	0	0	0	80.5143	173
10	14	0	0	0	0	70.6418	174
10	14	0	0	0	0	74.0422	175
10	14	0	0	0	0	71.2771	176
10	13	0	0	0	0	80.8281	177
10	13	0	0	0	0	80.7755	178
10	13	0	0	0	0	86.0888	179
10	13	0	0	0	0	80.6022	180
10	13	0	0	0	0	76.5029	181
9	13	0	0	0	0	68.1203	182
9	13	0	0	0	0	78.5302	183
9	13	0	0	0	0	77.6238	184
9	13	0	0	0	0	71.2591	185
9	13	0	0	0	0	78.2102	186
9	13	0	0	0	0	66.6998	187
9	13	0	0	0	0	74.2866	188
9	13	0	0	0	0	78.2408	189
9	13	0	0	0	0	67.5382	190
9	13	0	0	0	0	61.502	191
9	13	0	0	0	0	73.8171	192
8	13	0	0	0	0	72.4548	193
8	13	0	0	0	0	56.451	194
8	13	0	0	0	0	67.1738	195
8	13	0	0	0	0	60.9982	196
8	13	0	0	0	0	64.5491	197
6	13	0	0	0	0	60.8108	198
6	13	0	0	0	0	63.2841	199
6	13	0	0	0	0	67.4235	200
6	13	0	0	0	0	62.4747	201
6	13	0	0	0	0	58.8222	202
6	12	0	0	0	0	57.096	203
6	12	0	0	0	0	54.3065	204
6	12	0	0	0	0	49.1258	205
6	12	0	0	0	0	65.5318	206
6	12	0	0	0	0	62.5892	207
6	12	0	0	0	0	59.1116	208
0	0	0	0	0	0	nan	209
0	0	0	0	0	0	nan	210
0	0	0.142857	0	1	0	nan	211
0	0	0.142857	0	1	0	nan	212
0	0	0.142857	0	1	0	nan	213
0	0	0.142857	0	1	0	nan	214
0	0	0.142857	0	1	0	nan	215
0	0	0.142857	0	1	0	nan	216
0	0	0.142857	0	1	0	nan	217
0	0	0.142857	0	1	0	nan	218
0	0	0.142857	0	1	0	nan	219
0	0	0.142857	0	1	0	nan	220
0	0	0.142857	0	1	0	nan	221
0	0	0.142857	0	1	0	nan	222
0	0	0.142857	0	1	0	nan	223
0	0	0.142857	0	1	0	nan	224
0	0	0.142857	0	1	0	nan	225
0	0	0.142857	0	1	0	nan	226
0	0	0.142857	0	1	0	nan	227
0	0	0.142857	0	1	0	nan	228
0	0	0.142857	0	1	0	nan	229
0	0	0.142857	0	1	0	nan	230
0	0	0.142857	0	1	0	nan	231
0	0	0.142857	0	1	0	nan	232
0	0	0.142857	0	1	0	nan	233
0	0	0.142857	0	1	0	nan	234
0	0	0.142857	0	1	0	nan	235
0	0	0.142857	0	1	0	nan	236
0	0	0.142857	0	1	0	nan	237
0	0	0.142857	0	1	0	nan	238
0	0	0.142857	0	1	0	nan	239
0	0	0.142857	0	1	0	nan	240
0	0	0.142857	0	1	0	nan	241
0	0	0.142857	0	1	0	nan	242
0	0	0.142857	0	1	0	nan	243
0	0	0.142857	0	1	0	nan	244
0	0	0.142857	0	1	0	nan	245
0	0	0.142857	0	1	0	nan	246
0	0	0.142857	0	1	0	nan	247
0	0	0	0	0	0	nan	248
0	0	0	0	0	0	nan	249
