unique_top_cov	unique_bot_cov	redundant_top_cov	redundant_bot_cov	raw_redundant_top_cov	raw_redundant_bot_cov	e_value	position
4	5	0	0	0	0	15.778	1
2	5	0	0	0	0	17.2087	2
1	5	0	0	0	0	11.4415	3
1	5	0	0	0	0	9.45343	4
1	5	0	0	0	0	12.1837	5
1	5	0	0	0	0	16.5117	6
1	5	0	0	0	0	12.3183	7
1	4	0	0	0	0	9.9114	8
1	4	0	0	0	0	12.4781	9
1	4	0	0	0	0	8.81218	10
45	64	0	0	0	0	373.339	11
45	63	0.333333	0.333333	1	1	367.954	12
44	63	0.333333	0.333333	1	1	409.862	13
44	62	0.333333	0.333333	1	1	385.647	14
44	62	0.333333	0.333333	1	1	348.569	15
45	62	0.333333	0.333333	1	1	366.463	16
46	62	0.333333	0.333333	1	1	391.002	17
48	60	0.333333	0.333333	1	1	378.442	18
48	61	0.333333	0.333333	1	1	365.036	19
48	61	0.333333	0.666667	1	2	366.595	20
47	60	0.333333	0.666667	1	2	379.056	21
46	61	0.333333	0.666667	1	2	385.181	22
46	61	0.333333	1	1	3	371.057	23
46	59	0.333333	1	1	3	354.951	24
50	59	0.333333	1	1	3	378.559	25
51	58	0.333333	1	1	3	367.185	26
51	59	0.333333	1	1	3	400.668	27
51	61	0.333333	1	1	3	388.904	28
52	61	0.333333	1	1	3	364.686	29
52	60	0.333333	1	1	3	375.334	30
51	59	0.333333	1	1	3	366.958	31
52	59	0.333333	1	1	3	375.956	32
53	59	0.333333	1	1	3	337.544	33
53	59	0.333333	1	1	3	382.882	34
53	59	0.333333	1	1	3	383.581	35
52	59	0.333333	1	1	3	380.546	36
52	58	0.333333	1	1	3	364.027	37
52	56	0.333333	1	1	3	316.304	38
52	56	0.333333	1	1	3	373.521	39
52	57	0.333333	1	1	3	375.544	40
51	55	0.333333	1	1	3	333.931	41
51	59	0.333333	1	1	3	374.398	42
50	60	0.333333	1	1	3	329.416	43
50	59	0.333333	1	1	3	343.532	44
50	59	0.333333	1	1	3	356.125	45
49	59	0.333333	1	1	3	364.29	46
49	59	0.333333	1	1	3	337.797	47
48	59	0.333333	0.666667	1	2	321.499	48
42	56	0.333333	0.666667	1	2	345.696	49
42	56	0.333333	0.666667	1	2	360.481	50
40	55	0.333333	0.666667	1	2	286.453	51
39	55	0.333333	0.666667	1	2	297.626	52
38	56	0.333333	0.666667	1	2	346.09	53
38	57	0.333333	0.666667	1	2	281.734	54
40	57	0.333333	0.666667	1	2	346.193	55
39	57	0.333333	0.666667	1	2	328.8	56
39	55	0.333333	0.666667	1	2	336.201	57
40	55	0.333333	0.666667	1	2	283.081	58
40	56	0.333333	0.666667	1	2	338.455	59
40	56	0.333333	0.666667	1	2	330.874	60
40	56	0.333333	0.666667	1	2	337.93	61
40	61	0.333333	0.666667	1	2	359.338	62
40	64	0.333333	0.666667	1	2	351.286	63
39	67	0.333333	0.333333	1	1	346.688	64
39	65	0.333333	0.333333	1	1	296.748	65
39	65	0.333333	0.333333	1	1	306.448	66
39	63	0.333333	0.333333	1	1	311.608	67
39	62	0.333333	0.333333	1	1	304.791	68
40	61	0.333333	0	1	0	326.107	69
39	59	0.333333	0	1	0	251.012	70
33	59	0	0	0	0	321.101	71
33	59	0	0	0	0	321.107	72
33	59	0	0	0	0	310.443	73
33	60	0	0	0	0	333.799	74
33	60	0	0	0	0	292.244	75
33	61	0	0	0	0	321.349	76
34	61	0	0	0	0	325.852	77
34	60	0	0	0	0	326.889	78
35	60	0	0	0	0	338.847	79
36	61	0	0	0	0	318.124	80
37	60	0	0	0	0	330.455	81
38	59	0	0	0	0	348.317	82
39	58	0	0	0	0	344.352	83
39	58	0	0	0	0	334.802	84
39	58	0	0	0	0	344.109	85
39	59	0	0	0	0	348.959	86
39	59	0	0	0	0	322.289	87
39	60	0	0	0	0	353.224	88
39	60	0	0	0	0	343.26	89
40	61	0	0	0	0	327.369	90
40	61	0	0	0	0	340.836	91
40	61	0	0	0	0	356.389	92
40	60	0	0	0	0	354.211	93
40	60	0	0	0	0	368.781	94
39	59	0	0	0	0	310.736	95
40	58	0	0	0	0	326.988	96
40	58	0	0	0	0	349.802	97
40	57	0	0	0	0	372.457	98
40	57	0	0	0	0	343.102	99
43	58	0	0	0	0	339.057	100
43	57	0	0	0	0	313.683	101
43	57	0	0	0	0	225.895	102
45	57	0	0	0	0	354.002	103
45	56	0	0	0	0	352.42	104
45	56	0	0	0	0	359.737	105
45	56	0	0	0	0	345.313	106
45	55	0	0	0	0	347.645	107
45	52	0	0	0	0	362.909	108
46	52	0	0	0	0	318.412	109
47	51	0	0	0	0	328.375	110
46	50	0	0	0	0	335.638	111
46	50	0	0	0	0	321.422	112
46	49	0	0	0	0	351.355	113
46	49	0	0	0	0	343.952	114
47	48	0	0	0	0	314.667	115
47	48	0	0	0	0	307.984	116
47	48	0	0	0	0	326.562	117
49	47	0	0	0	0	337.266	118
49	46	0	0	0	0	305.331	119
49	46	0	0	0	0	325.079	120
48	45	0	0	0	0	323.464	121
46	45	0	0	0	0	299.686	122
45	45	0	0	0	0	298.764	123
45	44	0	0	0	0	309.969	124
45	44	0	0	0	0	293.828	125
45	44	0	0	0	0	291.49	126
45	44	0	0	0	0	296.301	127
43	44	0	0	0	0	300.14	128
43	43	0	0	0	0	297.4	129
43	42	0	0	0	0	281.011	130
43	42	0	0	0	0	297.013	131
42	42	0	0	0	0	308.549	132
42	42	0	0	0	0	236.516	133
42	41	0	0	0	0	304.463	134
41	41	0.333333	0	1	0	281.889	135
41	40	0.333333	0	1	0	276.298	136
41	40	0.333333	0	1	0	273.014	137
41	39	0.333333	0	1	0	272.572	138
41	39	0.333333	0	1	0	282.521	139
41	39	0.333333	0	1	0	277.683	140
41	38	0.333333	0	1	0	274.704	141
41	37	0.333333	0	1	0	248.432	142
41	34	0.333333	0.666667	1	2	272.093	143
41	33	0.333333	0.666667	1	2	262.363	144
41	33	0.333333	0.666667	1	2	231.682	145
39	33	0.333333	0.666667	1	2	249.742	146
38	31	0.333333	1	1	3	210.837	147
37	30	0.333333	1	1	3	240.521	148
37	30	0.333333	1.66667	1	5	244.042	149
35	30	0.333333	1.66667	1	5	180.919	150
34	30	0.333333	2	1	6	195.287	151
34	29	0.333333	2	1	6	198.518	152
32	28	0.333333	2	1	6	190.556	153
32	28	0.333333	2	1	6	185.557	154
32	27	0.333333	2	1	6	182.474	155
31	25	0.333333	2	1	6	182.035	156
31	24	0.333333	2	1	6	163.72	157
25	24	0.333333	2	1	6	157.141	158
24	24	0.333333	2	1	6	159.153	159
21	24	0.333333	2	1	6	143.836	160
21	24	0.333333	2	1	6	145.344	161
21	23	0.333333	2	1	6	150.668	162
21	23	0.333333	2	1	6	131.994	163
21	23	0.333333	2	1	6	147.802	164
21	23	0.333333	2.33333	1	7	140.028	165
21	22	0.333333	2.33333	1	7	140.257	166
17	22	0.333333	2.33333	1	7	118.483	167
17	21	0.333333	2.33333	1	7	129.066	168
16	21	0.333333	2.33333	1	7	133.664	169
16	21	0.333333	2.33333	1	7	115.041	170
16	21	0.333333	2.33333	1	7	110.222	171
16	20	0.333333	2.33333	1	7	117.056	172
16	20	0.333333	2.33333	1	7	91.6028	173
16	20	0.333333	2.33333	1	7	79.0745	174
8	19	0	2.33333	0	7	86.4484	175
8	19	0	2.33333	0	7	85.5637	176
8	19	0	2.33333	0	7	88.8664	177
8	18	0	2.33333	0	7	85.9791	178
8	18	0	2.33333	0	7	73.6256	179
8	17	0	2.33333	0	7	76.1844	180
8	16	0	2.33333	0	7	60.3059	181
6	15	0	2.33333	0	7	63.0952	182
6	15	0	2.33333	0	7	71.2452	183
6	15	0	2.33333	0	7	70.3953	184
6	14	0	2	0	6	58.1989	185
6	14	0	2	0	6	55.2272	186
5	14	0	2	0	6	58.5469	187
5	13	0	2	0	6	49.9449	188
5	13	0	2	0	6	53.2001	189
5	12	0	2	0	6	50.2796	190
5	12	0	1.66667	0	5	48.4299	191
5	11	0	1.66667	0	5	44.2369	192
5	11	0	1.66667	0	5	52.7374	193
5	11	0	1	0	3	30.3325	194
4	11	0	1	0	3	43.3114	195
4	10	0	1	0	3	39.7797	196
4	10	0	1	0	3	42.504	197
4	10	0	1	0	3	36.5334	198
4	10	0	1	0	3	38.933	199
4	9	0	1	0	3	34.4295	200
4	8	0	0.666667	0	2	34.4702	201
4	8	0	0.666667	0	2	36.0729	202
4	8	0	0.666667	0	2	33.3315	203
4	8	0	0.666667	0	2	32.1259	204
4	8	0	0.666667	0	2	29.5015	205
4	7	0	0.333333	0	1	22.3671	206
4	7	0	0.333333	0	1	23.0597	207
2	7	0	0.333333	0	1	19.283	208
2	7	0	0.333333	0	1	nan	209
