unique_top_cov	unique_bot_cov	redundant_top_cov	redundant_bot_cov	raw_redundant_top_cov	raw_redundant_bot_cov	e_value	position
2	0	0	0	0	0	nan	1
2	0	0.333333	0	1	0	nan	2
2	0	0.333333	0	1	0	-0.882711	3
2	0	0.333333	0	1	0	-1.16813	4
2	0	0.333333	0	1	0	-0.936281	5
2	0	0.333333	0	1	0	-0.936281	6
2	0	0.333333	0	1	0	-0.635669	7
2	0	0.333333	0	1	0	-0.605198	8
2	0	0.333333	0	1	0	-0.943471	9
2	0	0.333333	0	1	0	-6.06461	10
2	0	0.333333	0	1	0	-0.87314	11
2	0	0.333333	0	1	0	-1.45224	12
2	0	0.333333	0	1	0	-1.16813	13
2	0	0.333333	0.333333	1	1	-0.936281	14
2	0	0.333333	0.333333	1	1	-0.87314	15
2	0	0.333333	0.333333	1	1	-0.87314	16
2	0	0.333333	0.333333	1	1	-3.18499	17
2	0	0.333333	0.333333	1	1	-0.878285	18
2	0	0.333333	0.333333	1	1	-0.87314	19
2	0	0.333333	0.333333	1	1	-0.619196	20
2	0	0.333333	0.333333	1	1	-4.29748	21
2	0	0.333333	0.333333	1	1	-0.882711	22
2	0	0.333333	0.333333	1	1	-0.878285	23
2	1	0.333333	0.666667	1	2	-1.39425	24
2	1	0.333333	0.666667	1	2	-3.17306	25
2	3	0.333333	0.666667	1	2	-0.973014	26
2	3	0.333333	0.666667	1	2	1.40015	27
2	3	0.333333	0.666667	1	2	3.00114	28
2	4	0.333333	0.666667	1	2	2.5052	29
2	4	0.333333	0.666667	1	2	10.1364	30
2	4	0.333333	0.666667	1	2	12.5271	31
2	4	0.333333	0.666667	1	2	15.3113	32
2	4	0.333333	0.666667	1	2	14.556	33
2	4	0.333333	0.666667	1	2	14.3932	34
2	4	0.333333	0.666667	1	2	15.7328	35
2	4	0.333333	0.666667	1	2	14.3825	36
2	4	0.333333	0.666667	1	2	11.4614	37
2	4	0.333333	0.666667	1	2	15.611	38
3	4	0.333333	0.666667	1	2	14.7006	39
3	4	0.333333	0.666667	1	2	15.7619	40
3	4	0.333333	0.666667	1	2	19.1978	41
3	4	0.333333	0.666667	1	2	17.1095	42
3	4	0.333333	0.666667	1	2	18.6626	43
3	4	0.333333	0.666667	1	2	19.1978	44
3	4	0.333333	0.666667	1	2	18.317	45
3	4	0.333333	0.666667	1	2	19.1978	46
4	4	0.333333	0.666667	1	2	17.8148	47
4	5	0.333333	0.666667	1	2	18.3279	48
4	5	0.333333	0.666667	1	2	26.659	49
4	5	0.333333	0.666667	1	2	27.2482	50
5	5	0.333333	0.333333	1	1	20.9514	51
5	5	0.333333	0.333333	1	1	21.9926	52
5	5	0.333333	0.333333	1	1	21.8166	53
5	5	0.333333	0.333333	1	1	21.8234	54
5	5	0.333333	0.333333	1	1	27.6423	55
5	5	0.333333	0.333333	1	1	31.0632	56
5	5	0.333333	0.333333	1	1	26.3789	57
5	8	0.333333	0.333333	1	1	25.9658	58
5	8	0.333333	0.333333	1	1	27.9428	59
5	8	0.333333	0.333333	1	1	31.8461	60
5	8	0.333333	0.333333	1	1	25.3717	61
6	8	0.333333	0.333333	1	1	39.0803	62
6	8	0.333333	0.333333	1	1	44.2187	63
6	9	0.333333	0.333333	1	1	43.0885	64
6	9	0.333333	0.333333	1	1	50.9573	65
7	9	0.333333	0.333333	1	1	48.3178	66
7	9	0.333333	0.333333	1	1	48.4053	67
7	9	0.333333	0.333333	1	1	51.7944	68
7	9	0.333333	0	1	0	53.427	69
7	10	0.333333	0	1	0	50.9724	70
7	10	0.333333	0	1	0	55.296	71
7	10	0.333333	0	1	0	53.3451	72
7	10	0	0	0	0	55.0137	73
7	11	0	0	0	0	52.3861	74
7	11	0	0	0	0	55.406	75
7	11	0	0	0	0	57.8674	76
7	11	0	0	0	0	54.4965	77
7	11	0	0	0	0	60.2849	78
8	11	0	0	0	0	60.3827	79
8	11	0	0	0	0	62.0687	80
8	11	0	0	0	0	56.8545	81
8	11	0	0	0	0	60.2267	82
8	11	0	0	0	0	61.5641	83
8	11	0	0	0	0	54.9189	84
8	12	0	0	0	0	66.4739	85
8	12	0	0	0	0	70.5085	86
8	12	0	0	0	0	63.434	87
9	12	0	0	0	0	63.4918	88
9	12	0	0	0	0	70.2914	89
9	12	0	0	0	0	65.6616	90
10	12	0	0	0	0	73.9641	91
10	12	0	0	0	0	57.2452	92
10	12	0	0	0	0	71.5289	93
10	12	0	0	0	0	74.1973	94
10	12	0	0	0	0	57.5556	95
9	12	0	0	0	0	62.7637	96
9	12	0	0	0	0	69.9281	97
9	13	0	0	0	0	67.3076	98
9	13	0	0	0	0	60.2998	99
9	13	0	0	0	0	58.8405	100
9	14	0	0	0	0	64.705	101
9	13	0	0	0	0	68.3511	102
9	13	0	0	0	0	64.8479	103
9	13	0	0	0	0	77.7678	104
9	13	0	0	0	0	74.6426	105
9	13	0	0	0	0	70.4771	106
9	13	0	0	0	0	76.9072	107
10	13	0	0	0	0	55.1461	108
10	13	0	0	0	0	61.3879	109
9	12	0	0	0	0	58.418	110
9	12	0	0	0	0	61.5557	111
9	12	0	0	0	0	63.1689	112
9	10	0	0	0	0	52.5307	113
9	10	0	0	0	0	64.998	114
9	10	0	0	0	0	57.5613	115
9	10	0	0	0	0	49.8251	116
9	10	0	0	0	0	56.6845	117
9	10	0	0	0	0	62.9292	118
9	9	0	0	0	0	47.4957	119
9	9	0	0	0	0	46.8454	120
9	9	0	0	0	0	51.0811	121
9	9	0	0	0	0	57.406	122
9	9	0	0	0	0	61.8345	123
9	9	0	0	0	0	61.2244	124
10	10	0	0	0	0	59.0884	125
10	10	0	0	0	0	58.8545	126
10	10	0	0	0	0	57.0907	127
11	10	0	0	0	0	70.204	128
11	10	0	0	0	0	64.139	129
11	13	0	0	0	0	59.0327	130
11	13	0	0	0	0	68.7065	131
11	13	0	0	0	0	63.033	132
11	13	0	0	0	0	58.6817	133
11	13	0	0	0	0	69.2801	134
11	13	0	0	0	0	71.2212	135
11	13	0	0	0	0	70.4851	136
11	13	0	0	0	0	81.07	137
11	13	0	0	0	0	81.6451	138
11	14	0	0	0	0	80.5451	139
11	14	0	0	0	0	81.0498	140
12	14	0	0	0	0	85.3964	141
13	13	0	0	0	0	88.1405	142
13	13	0	0	0	0	80.9157	143
13	13	0	0	0	0	91.333	144
13	13	0	0	0	0	95.7777	145
13	13	0	0	0	0	88.4789	146
13	13	0	0	0	0	92.9252	147
13	13	0	0	0	0	79.9489	148
13	13	0	0	0	0	82.7445	149
13	13	0	0	0	0	81.9682	150
13	14	0	0	0	0	96.7989	151
13	14	0	0	0	0	94.9247	152
14	14	0	0	0	0	92.8878	153
14	14	0	0	0	0	94.2986	154
14	14	0	0	0	0	86.0715	155
15	15	0	0	0	0	98.1902	156
15	15	0	0	0	0	101.263	157
15	15	0	0	0	0	102.443	158
15	15	0	0	0	0	98.3189	159
15	15	0	0	0	0	99.5592	160
15	15	0	0	0	0	110.853	161
15	15	0	0	0	0	101.857	162
15	15	0	0	0	0	99.4828	163
15	15	0	0	0	0	96.7008	164
14	15	0	0	0	0	99.9912	165
15	15	0	0	0	0	96.4378	166
15	15	0	0	0	0	100.174	167
15	16	0	0	0	0	107.695	168
15	16	0	0	0	0	93.6656	169
15	16	0	0	0	0	89.7358	170
15	16	0	0	0	0	102.136	171
15	16	0	0	0	0	111.428	172
15	16	0	0	0	0	103.443	173
15	15	0	0	0	0	103.064	174
15	15	0	0	0	0	102.998	175
15	14	0	0	0	0	106.556	176
15	15	0	0	0	0	89.3602	177
15	15	0	0	0	0	98.2914	178
15	15	0	0	0	0	109.208	179
15	15	0	0	0	0	103.72	180
15	15	0	0	0	0	104.884	181
15	15	0	0	0	0	102.219	182
15	15	0	0	0	0	103.615	183
15	15	0	0	0	0	99.7659	184
15	15	0	0	0	0	103.639	185
15	15	0	0	0	0	99.0834	186
15	15	0	0	0	0	100.113	187
15	15	0	0	0	0	95.5526	188
14	15	0	0	0	0	100.649	189
14	15	0	0	0	0	89.958	190
14	15	0	0	0	0	95.8332	191
14	15	0	0	0	0	87.5703	192
14	15	0	0	0	0	97.3039	193
13	14	0	0	0	0	89.508	194
14	14	0	0	0	0	92.8733	195
14	14	0	0	0	0	86.0279	196
14	14	0	0	0	0	81.8921	197
13	13	0	0	0	0	80.3356	198
13	13	0	0	0	0	75.5264	199
13	11	0	0	0	0	78.1693	200
13	11	0	0	0	0	69.7884	201
12	11	0	0	0	0	76.815	202
12	11	0	0	0	0	73.8429	203
12	12	0	0	0	0	70.3229	204
12	12	0	0	0	0	66.1762	205
12	12	0	0	0	0	73.4179	206
13	12	0	0	0	0	73.6918	207
13	10	0	0	0	0	65.8524	208
13	10	0	0	0	0	78.5686	209
13	10	0	0	0	0	78.9315	210
13	10	0	0	0	0	74.9478	211
14	12	0	0	0	0	74.8861	212
14	12	0	0	0	0	73.2212	213
14	12	0	0	0	0	82.7698	214
14	12	0	0	0	0	82.71	215
12	12	0	0	0	0	78.2458	216
13	12	0	0	0	0	82.1273	217
13	12	0	0	0	0	78.4973	218
13	12	0	0	0	0	79.9775	219
14	11	0	0	0	0	78.9888	220
14	10	0	0	0	0	79.1496	221
14	10	0	0	0	0	81.251	222
14	10	0	0	0	0	75.5762	223
14	10	0	0	0	0	73.806	224
14	10	0	0	0	0	72.728	225
14	9	0	0	0	0	78.4913	226
14	9	0	0	0	0	73.4223	227
14	10	0	0	0	0	81.0381	228
13	10	0	0	0	0	76.4724	229
13	9	0	0	0	0	70.2062	230
13	9	0	0	0	0	71.2544	231
13	9	0	0	0	0	77.0545	232
13	9	0	0	0	0	70.4786	233
13	9	0	0	0	0	74.0143	234
13	8	0	0	0	0	72.9526	235
13	8	0	0	0	0	66.6019	236
12	8	0	0	0	0	71.3955	237
12	8	0	0	0	0	62.5442	238
12	8	0	0	0	0	55.9348	239
13	8	0	0	0	0	63.863	240
12	8	0	0	0	0	51.3871	241
12	9	0	0	0	0	72.3569	242
13	9	0	0	0	0	64.8977	243
13	9	0	0	0	0	71.1842	244
13	9	0	0	0	0	65.5733	245
14	9	0	0	0	0	62.9294	246
13	9	0	0	0	0	74.0091	247
13	9	0	0	0	0	66.3576	248
13	9	0	0	0	0	69.4505	249
14	8	0	0	0	0	77.0231	250
14	8	0	0	0	0	69.8025	251
14	8	0	0	0	0	65.8981	252
14	8	0	0	0	0	76.5066	253
15	8	0	0	0	0	69.8025	254
16	9	0	0	0	0	84.7625	255
16	9	0	0	0	0	78.2498	256
16	9	0	0	0	0	80.7202	257
16	10	0	0	0	0	79.2369	258
16	10	0	0	0	0	83.4711	259
16	10	0	0	0	0	76.7536	260
16	10	0	0	0	0	84.5387	261
16	10	0	0	0	0	80.3137	262
16	10	0	0	0	0	77.1678	263
15	9	0	0	0	0	80.5094	264
15	9	0	0	0	0	77.8889	265
15	9	0	0	0	0	83.316	266
15	9	0	0	0	0	79.9206	267
15	8	0	0	0	0	69.3531	268
15	8	0	0	0	0	74.7065	269
15	8	0	0	0	0	77.2268	270
15	7	0	0	0	0	78.8827	271
16	8	0	0	0	0	76.6052	272
16	8	0	0	0	0	73.2659	273
16	8	0	0	0	0	82.5706	274
17	8	0	0	0	0	81.3775	275
18	8	0	0	0	0	83.8906	276
18	9	0	0	0	0	90.4662	277
18	10	0	0	0	0	90.2356	278
19	10	0	0	0	0	98.7884	279
19	10	0	0	0	0	100.998	280
19	10	0	0	0	0	100.087	281
20	10	0	0	0	0	93.9485	282
20	11	0	0	0	0	87.7436	283
20	11	0	0	0	0	112.862	284
20	11	0	0	0	0	102.325	285
20	11	0	0	0	0	109.547	286
20	11	0	0	0	0	101.365	287
21	11	0	0	0	0	90.5144	288
21	11	0	0	0	0	108.906	289
20	11	0	0	0	0	94.3258	290
19	11	0	0	0	0	84.857	291
16	11	0	0	0	0	78.2437	292
16	10	0	0	0	0	81.9361	293
16	9	0	0	0	0	84.5424	294
16	9	0	0	0	0	84.2887	295
16	10	0	0	0	0	83.1644	296
15	10	0	0	0	0	77.406	297
15	10	0	0	0	0	76.4666	298
15	10	0	0	0	0	72.6588	299
15	10	0	0	0	0	91.0583	300
15	10	0	0	0	0	78.8951	301
15	10	0	0	0	0	77.6731	302
15	11	0	0	0	0	87.921	303
15	11	0	0	0	0	82.5776	304
15	11	0	0	0	0	91.3373	305
15	11	0	0	0	0	88.8789	306
15	11	0	0	0	0	85.4585	307
15	11	0	0	0	0	72.472	308
15	11	0	0	0	0	87.2726	309
15	11	0	0	0	0	79.5716	310
15	11	0	0	0	0	88.869	311
15	11	0	0	0	0	93.4484	312
16	11	0	0	0	0	90.0683	313
16	11	0	0	0	0	80.4829	314
16	12	0	0	0	0	88.9187	315
16	12	0	0	0	0	96.5215	316
16	12	0	0	0	0	97.1379	317
16	12	0	0	0	0	93.7202	318
15	12	0	0	0	0	89.7495	319
15	12	0	0	0	0	92.2196	320
15	12	0	0	0	0	96.1323	321
15	12	0	0	0	0	90.4101	322
15	12	0	0	0	0	80.9704	323
15	12	0	0	0	0	91.2611	324
15	12	0	0	0	0	92.2817	325
15	12	0	0	0	0	97.5484	326
16	12	0	0	0	0	94.3027	327
16	12	0	0	0	0	93.6327	328
16	12	0	0	0	0	91.7393	329
16	13	0	0	0	0	89.5785	330
16	12	0	0	0	0	86.9149	331
16	12	0	0	0	0	86.0666	332
16	12	0	0	0	0	101.923	333
16	12	0	0	0	0	95.3202	334
17	12	0	0	0	0	98.2169	335
17	12	0	0	0	0	101.087	336
17	12	0	0	0	0	97.5827	337
16	12	0	0	0	0	99.4508	338
16	12	0	0	0	0	94.1837	339
16	12	0	0	0	0	93.5912	340
16	12	0	0	0	0	94.2475	341
17	12	0	0	0	0	99.4709	342
17	13	0	0	0	0	95.0494	343
17	13	0	0	0	0	95.1102	344
18	13	0	0	0	0	95.2868	345
18	13	0	0	0	0	100.989	346
18	12	0	0	0	0	103.801	347
18	12	0	0	0	0	106.406	348
18	12	0	0	0	0	97.6932	349
19	12	0	0	0	0	104.557	350
19	12	0	0	0	0	108.187	351
19	12	0	0	0	0	103.693	352
20	12	0	0	0	0	100.588	353
20	12	0	0	0	0	109.933	354
20	12	0	0	0	0	106.509	355
20	12	0	0	0	0	104.381	356
19	12	0	0	0	0	101.564	357
19	12	0	0	0	0	97.8072	358
19	12	0	0	0	0	102.925	359
19	12	0	0	0	0	111.359	360
20	12	0	0	0	0	93.0097	361
20	11	0	0	0	0	102.274	362
20	11	0	0	0	0	113.879	363
20	11	0	0	0	0	96.0253	364
20	11	0	0	0	0	94.9769	365
20	13	0	0	0	0	103.841	366
19	13	0	0	0	0	101.801	367
18	13	0	0	0	0	91.3884	368
18	13	0	0	0	0	103.632	369
18	14	0	0	0	0	103.147	370
18	14	0	0	0	0	105.115	371
18	14	0	0	0	0	113.74	372
18	14	0	0	0	0	109.068	373
18	14	0	0	0	0	102.506	374
18	14	0	0	0	0	106.13	375
18	14	0	0	0	0	115.327	376
18	14	0	0	0	0	106.962	377
18	13	0	0	0	0	111.845	378
18	13	0	0	0	0	95.1791	379
19	13	0	0	0	0	100.503	380
19	13	0	0	0	0	100.341	381
19	13	0	0	0	0	100.597	382
19	13	0	0	0	0	103.056	383
19	13	0	0	0	0	98.9456	384
19	13	0	0	0	0	110.356	385
19	13	0	0	0	0	104.89	386
19	13	0	0	0	0	110.707	387
19	13	0	0	0	0	103.592	388
19	13	0	0	0	0	105.278	389
19	12	0	0	0	0	106.11	390
20	12	0	0	0	0	114.92	391
20	12	0	0	0	0	91.0962	392
20	10	0	0	0	0	91.88	393
21	10	0	0	0	0	91.5181	394
19	10	0	0	0	0	95.9903	395
21	11	0	0	0	0	85.0989	396
21	11	0	0	0	0	96.921	397
22	11	0	0	0	0	99.437	398
22	12	0	0	0	0	96.3353	399
22	12	0	0	0	0	110.702	400
22	11	0	0	0	0	97.6721	401
23	11	0	0	0	0	101.15	402
23	11	0	0	0	0	84.4742	403
23	12	0	0	0	0	100.946	404
20	11	0	0	0	0	109.239	405
19	13	0	0	0	0	103.369	406
19	13	0	0	0	0	104.026	407
19	13	0	0	0	0	107.575	408
20	13	0	0	0	0	102.079	409
20	12	0	0	0	0	96.4931	410
20	12	0	0	0	0	108.354	411
20	11	0	0	0	0	101.197	412
19	13	0	0	0	0	96.3519	413
20	14	0	0	0	0	117.934	414
20	14	0	0	0	0	112.87	415
20	14	0	0	0	0	111.598	416
20	14	0	0	0	0	108.629	417
21	14	0	0	0	0	115.599	418
21	14	0	0	0	0	109.301	419
21	14	0	0	0	0	129.348	420
21	14	0	0	0	0	114.444	421
19	16	0	0	0	0	121.506	422
19	15	0	0	0	0	113.962	423
19	15	0	0	0	0	115.307	424
19	15	0	0	0	0	119.954	425
19	15	0	0	0	0	111.988	426
19	15	0	0	0	0	116.844	427
19	15	0	0	0	0	115.517	428
17	15	0	0	0	0	109.245	429
17	15	0	0	0	0	101.18	430
17	15	0	0	0	0	107.632	431
17	15	0	0	0	0	110.196	432
17	15	0	0	0	0	120.668	433
17	15	0	0	0	0	109.281	434
17	15	0	0	0	0	110.764	435
17	16	0	0	0	0	114.58	436
16	17	0	0	0	0	113.347	437
16	18	0	0	0	0	122.113	438
16	18	0	0	0	0	100.596	439
16	18	0	0	0	0	113.883	440
16	18	0	0	0	0	119.98	441
15	18	0	0	0	0	114.125	442
15	18	0	0	0	0	104.108	443
15	18	0	0	0	0	120.053	444
15	18	0	0	0	0	114.458	445
16	18	0	0	0	0	116.452	446
15	18	0	0	0	0	114.896	447
15	18	0	0	0	0	114.854	448
15	18	0	0	0	0	115.483	449
14	18	0	0	0	0	106.62	450
14	18	0	0	0	0	109.132	451
15	18	0	0	0	0	108.971	452
15	18	0	0	0	0	126.464	453
15	18	0	0	0	0	108.404	454
15	18	0	0	0	0	115.426	455
15	17	0	0	0	0	111.188	456
15	17	0	0	0	0	103.419	457
15	17	0	0	0	0	120.357	458
15	17	0	0	0	0	110.991	459
15	17	0	0	0	0	108.112	460
15	17	0	0	0	0	110.579	461
16	17	0	0	0	0	116.789	462
16	17	0	0	0	0	109.089	463
17	16	0	0	0	0	107.049	464
17	15	0	0	0	0	110.073	465
17	15	0	0	0	0	112.142	466
17	15	0	0	0	0	111.591	467
17	15	0	0	0	0	114.907	468
17	15	0	0	0	0	112.241	469
17	15	0	0	0	0	114.714	470
17	15	0	0	0	0	102.596	471
17	15	0	0	0	0	114.52	472
17	15	0	0	0	0	109.632	473
17	15	0	0	0	0	112.644	474
17	15	0	0	0	0	109.375	475
16	16	0	0	0	0	111.897	476
16	16	0	0	0	0	103.412	477
16	16	0	0	0	0	110.3	478
16	16	0	0	0	0	95.6831	479
16	16	0	0	0	0	112.447	480
17	17	0	0	0	0	105.957	481
18	18	0	0	0	0	108.542	482
18	18	0	0	0	0	117.824	483
18	20	0	0	0	0	124.007	484
15	20	0	0	0	0	121.052	485
15	22	0	0	0	0	124.42	486
16	22	0	0	0	0	129.801	487
17	22	0	0	0	0	128.793	488
17	22	0	0	0	0	141.685	489
17	22	0	0	0	0	130.126	490
16	22	0	0	0	0	136.356	491
15	22	0	0	0	0	119.555	492
15	22	0	0	0	0	112.133	493
15	21	0	0	0	0	132.921	494
15	21	0	0	0	0	130.452	495
15	21	0	0	0	0	125.466	496
15	21	0	0	0	0	127.593	497
15	21	0	0	0	0	115.205	498
15	21	0	0	0	0	123.191	499
15	21	0	0	0	0	130.816	500
15	21	0	0	0	0	126.231	501
15	21	0	0	0	0	121.261	502
15	21	0	0	0	0	128.053	503
15	21	0	0	0	0	121.535	504
16	21	0	0	0	0	124.757	505
16	21	0	0	0	0	123.937	506
16	21	0	0	0	0	126.137	507
17	21	0	0	0	0	129.53	508
18	21	0	0	0	0	124.819	509
18	21	0	0	0	0	131.762	510
18	21	0	0	0	0	135.056	511
18	21	0	0	0	0	131.418	512
18	21	0	0	0	0	137.607	513
18	21	0	0	0	0	129.385	514
19	21	0	0	0	0	135.555	515
20	21	0	0	0	0	139.937	516
20	21	0	0	0	0	135.389	517
20	20	0	0	0	0	133.459	518
20	20	0	0	0	0	132.596	519
20	19	0	0	0	0	130.99	520
20	18	0	0	0	0	132.814	521
20	18	0	0	0	0	124.233	522
20	18	0	0	0	0	124.017	523
20	18	0	0	0	0	125.638	524
20	18	0	0	0	0	121.748	525
19	18	0	0	0	0	120.641	526
19	18	0	0	0	0	116.607	527
19	18	0	0	0	0	118.978	528
19	17	0	0	0	0	117.03	529
18	18	0	0	0	0	121.69	530
18	18	0	0	0	0	121.619	531
21	18	0	0	0	0	115.599	532
21	17	0	0	0	0	119.835	533
21	17	0	0	0	0	125.841	534
21	17	0	0	0	0	127.144	535
20	19	0	0	0	0	127.088	536
20	19	0	0	0	0	125.749	537
21	18	0	0	0	0	90.436	538
21	18	0	0	0	0	107.672	539
21	17	0	0	0	0	98.7837	540
21	17	0	0	0	0	106.126	541
21	17	0	0	0	0	108.015	542
22	17	0	0	0	0	105.502	543
23	17	0	0	0	0	99.415	544
22	17	0	0	0	0	107.068	545
17	17	0	0	0	0	101.069	546
17	18	0	0	0	0	107.088	547
17	18	0	0	0	0	101.76	548
18	17	0	0	0	0	106.726	549
18	16	0	0	0	0	127.836	550
19	16	0	0	0	0	111.32	551
19	17	0	0	0	0	113.452	552
19	17	0	0	0	0	122.283	553
19	18	0	0	0	0	117.935	554
19	18	0	0	0	0	126.508	555
20	18	0	0	0	0	124.404	556
20	18	0	0	0	0	137.577	557
20	18	0	0	0	0	116.209	558
20	19	0	0	0	0	114.28	559
20	19	0	0	0	0	139.87	560
20	19	0	0	0	0	138.231	561
20	19	0	0	0	0	133.098	562
20	20	0	0	0	0	130.553	563
20	20	0	0	0	0	127.678	564
20	20	0	0	0	0	140.209	565
20	20	0	0	0	0	135.837	566
20	20	0	0	0	0	139.723	567
20	20	0	0	0	0	139.128	568
20	20	0	0	0	0	136.344	569
20	19	0	0	0	0	122.593	570
20	19	0	0	0	0	125.832	571
19	17	0	0	0	0	126.331	572
19	17	0	0	0	0	98.3694	573
20	17	0	0	0	0	133.1	574
22	17	0	0	0	0	131.136	575
22	18	0	0	0	0	139.288	576
22	18	0	0	0	0	116.813	577
23	18	0	0	0	0	132.564	578
23	17	0	0	0	0	130.245	579
23	17	0	0	0	0	140.706	580
23	17	0	0	0	0	138.873	581
23	17	0	0	0	0	138.022	582
23	17	0	0	0	0	132.022	583
24	16	0	0	0	0	132.513	584
24	16	0	0	0	0	131.666	585
24	16	0	0	0	0	144.631	586
24	15	0	0	0	0	123.874	587
24	15	0	0	0	0	127.021	588
24	15	0	0	0	0	139.935	589
24	15	0	0	0	0	126.381	590
25	15	0	0	0	0	125.54	591
25	15	0	0	0	0	136.069	592
25	16	0	0	0	0	124.062	593
24	16	0	0	0	0	113.231	594
24	16	0	0	0	0	114.216	595
24	16	0	0	0	0	125.487	596
23	16	0	0	0	0	122.383	597
23	18	0	0	0	0	111.088	598
23	18	0	0	0	0	122.107	599
21	17	0	0	0	0	135.176	600
21	16	0	0	0	0	119.128	601
20	15	0	0	0	0	97.7127	602
20	15	0	0	0	0	133.303	603
20	15	0	0	0	0	127.146	604
20	15	0	0	0	0	120.367	605
20	15	0	0	0	0	117.02	606
20	15	0	0	0	0	109.724	607
21	15	0	0	0	0	118.164	608
21	13	0	0	0	0	114.524	609
21	13	0	0	0	0	111.446	610
21	13	0	0	0	0	126.287	611
22	13	0	0	0	0	107.639	612
22	13	0	0	0	0	100.841	613
21	11	0	0	0	0	112.069	614
21	11	0	0	0	0	113.661	615
21	11	0	0	0	0	106.33	616
21	11	0	0	0	0	102.777	617
21	11	0	0	0	0	100.68	618
21	11	0	0	0	0	108.111	619
20	11	0	0	0	0	102.262	620
20	11	0	0	0	0	99.2028	621
21	11	0	0	0	0	106.591	622
21	11	0	0	0	0	101.836	623
21	11	0	0	0	0	103.031	624
21	11	0	0	0	0	95.9213	625
21	12	0	0	0	0	86.5579	626
21	12	0	0	0	0	100.647	627
21	12	0	0	0	0	94.0316	628
21	12	0	0	0	0	86.6149	629
21	12	0	0	0	0	102.958	630
21	11	0	0	0	0	98.5878	631
21	11	0	0	0	0	89.3162	632
21	11	0	0	0	0	103.809	633
21	10	0	0	0	0	93.8917	634
21	9	0	0	0	0	89.7896	635
20	9	0	0	0	0	99.9657	636
20	9	0	0	0	0	85.507	637
19	9	0	0	0	0	95.5412	638
19	9	0	0	0	0	88.4537	639
19	9	0	0	0	0	94.908	640
19	9	0	0	0	0	101.25	641
19	9	0	0	0	0	100.101	642
19	9	0	0	0	0	88.7558	643
19	9	0	0	0	0	94.1835	644
19	9	0	0	0	0	98.4629	645
19	9	0	0	0	0	94.0762	646
19	9	0	0	0	0	93.203	647
19	9	0	0	0	0	98.2462	648
19	9	0	0	0	0	89.7839	649
19	9	0	0	0	0	89.3611	650
19	10	0	0	0	0	83.8648	651
19	10	0	0	0	0	84.6452	652
18	11	0	0	0	0	88.9174	653
18	11	0	0	0	0	97.5678	654
17	11	0	0	0	0	90.6026	655
17	11	0	0	0	0	85.4671	656
16	10	0	0	0	0	79.3098	657
15	10	0	0	0	0	85.9421	658
15	10	0	0	0	0	90.5219	659
15	10	0	0	0	0	68.6047	660
16	10	0	0	0	0	77.7546	661
17	10	0	0	0	0	74.6066	662
17	10	0	0	0	0	89.9539	663
17	10	0	0	0	0	85.9959	664
16	10	0	0	0	0	75.178	665
15	10	0	0	0	0	81.314	666
15	10	0	0	0	0	82.265	667
15	10	0	0	0	0	87.0306	668
15	9	0	0	0	0	82.8725	669
15	9	0	0	0	0	83.5215	670
15	9	0	0	0	0	73.725	671
16	9	0	0	0	0	73.5375	672
16	9	0	0	0	0	80.8632	673
16	9	0	0	0	0	86.6621	674
17	9	0	0	0	0	66.569	675
17	9	0	0	0	0	95.188	676
17	9	0	0	0	0	90.6706	677
18	10	0	0	0	0	82.5922	678
18	10	0	0	0	0	93.9449	679
18	10	0	0	0	0	96.5744	680
19	10	0	0	0	0	81.248	681
16	10	0	0	0	0	77.9277	682
16	10	0	0	0	0	77.9364	683
16	9	0	0	0	0	77.1734	684
16	9	0	0	0	0	72.9872	685
16	8	0	0	0	0	77.2104	686
15	8	0	0	0	0	73.4062	687
15	8	0	0	0	0	81.0785	688
15	8	0	0	0	0	73.2435	689
15	7	0	0	0	0	75.5854	690
15	7	0	0	0	0	64.5089	691
16	9	0	0	0	0	78.3677	692
17	9	0	0	0	0	83.4878	693
17	10	0	0	0	0	79.9088	694
17	10	0	0	0	0	80.5178	695
17	10	0	0	0	0	80.8381	696
17	13	0	0	0	0	86.8566	697
17	13	0	0	0	0	88.3261	698
17	13	0	0	0	0	89.0722	699
18	13	0	0	0	0	91.1627	700
15	13	0	0	0	0	93.5436	701
15	12	0	0	0	0	88.8089	702
15	12	0	0	0	0	89.5345	703
15	12	0	0	0	0	89.7208	704
14	12	0	0	0	0	90.0637	705
13	12	0	0	0	0	73.2499	706
13	12	0	0	0	0	81.1802	707
13	12	0	0	0	0	85.9126	708
13	12	0	0	0	0	92.5918	709
13	12	0	0	0	0	92.5045	710
13	12	0	0	0	0	88.1353	711
13	12	0	0	0	0	85.5391	712
13	12	0	0	0	0	82.2969	713
13	13	0	0	0	0	84.5083	714
14	13	0	0	0	0	79.5987	715
14	13	0	0	0	0	89.1834	716
14	13	0	0	0	0	85.3625	717
14	13	0	0	0	0	84.3181	718
14	13	0	0	0	0	88.3776	719
14	12	0	0	0	0	85.4505	720
14	12	0	0	0	0	91.6005	721
14	12	0	0	0	0	72.9729	722
15	15	0	0	0	0	69.7459	723
15	15	0	0	0	0	72.002	724
14	16	0	0	0	0	95.3718	725
14	16	0	0	0	0	104.368	726
14	16	0	0	0	0	98.4041	727
14	16	0	0	0	0	104.425	728
15	16	0	0	0	0	106.64	729
15	16	0	0	0	0	95.0552	730
15	16	0	0	0	0	104.44	731
14	16	0	0	0	0	93.1634	732
14	18	0	0	0	0	103.001	733
14	18	0	0	0	0	97.7881	734
15	18	0	0	0	0	92.3671	735
15	18	0	0	0	0	101.773	736
15	18	0	0	0	0	105.72	737
15	18	0	0	0	0	90.3051	738
15	18	0	0	0	0	115.938	739
16	18	0	0	0	0	120.735	740
16	18	0	0	0	0	113.696	741
17	18	0	0	0	0	105.904	742
17	18	0	0	0	0	119.713	743
17	18	0	0	0	0	130.89	744
17	18	0	0	0	0	119.522	745
17	18	0	0	0	0	129.079	746
18	18	0	0	0	0	123.757	747
18	18	0	0	0	0	121.556	748
20	18	0	0	0	0	119.337	749
20	18	0	0	0	0	136.983	750
20	17	0	0	0	0	126.874	751
20	17	0	0	0	0	122.967	752
21	17	0	0	0	0	122.085	753
22	17	0	0	0	0	126.399	754
23	17	0	0	0	0	140.502	755
23	17	0	0	0	0	141.674	756
23	17	0	0	0	0	124.348	757
23	17	0	0	0	0	114.713	758
23	17	0	0	0	0	139.995	759
23	17	0	0	0	0	130.627	760
23	17	0	0	0	0	124.246	761
23	17	0	0	0	0	143.2	762
22	17	0	0	0	0	122.414	763
22	17	0	0	0	0	114.948	764
22	16	0	0	0	0	131.332	765
22	16	0	0	0	0	130.248	766
22	16	0	0	0	0	124.31	767
22	16	0	0	0	0	128.003	768
22	16	0	0	0	0	119.815	769
20	16	0	0	0	0	121.112	770
20	16	0	0	0	0	109.067	771
19	15	0	0	0	0	111.768	772
19	15	0	0	0	0	113.467	773
19	15	0	0	0	0	113.956	774
20	14	0	0	0	0	110.34	775
19	14	0	0	0	0	92.2	776
19	15	0	0	0	0	107.392	777
18	15	0	0	0	0	83.4249	778
18	14	0	0	0	0	113.111	779
18	13	0	0	0	0	105.242	780
18	13	0	0	0	0	98.9052	781
18	13	0	0	0	0	103.862	782
18	13	0	0	0	0	106.108	783
18	12	0	0	0	0	107.489	784
19	12	0	0	0	0	97.9662	785
19	12	0	0	0	0	91.3772	786
19	11	0	0	0	0	103.14	787
19	11	0	0	0	0	114.346	788
19	11	0	0	0	0	104.107	789
19	11	0	0	0	0	95.384	790
19	11	0	0	0	0	107.011	791
19	11	0	0	0	0	94.5823	792
19	11	0	0	0	0	97.6595	793
19	11	0	0	0	0	97.2334	794
19	10	0	0	0	0	92.0372	795
19	10	0	0	0	0	98.311	796
19	10	0	0	0	0	109.715	797
19	10	0	0	0	0	102.918	798
19	10	0	0	0	0	97.3993	799
19	10	0	0	0	0	90.8465	800
19	10	0	0	0	0	95.2759	801
19	10	0	0	0	0	95.474	802
19	9	0	0	0	0	99.9835	803
19	9	0	0	0	0	96.7286	804
19	9	0	0	0	0	95.2759	805
19	10	0	0	0	0	100.079	806
19	10	0	0	0	0	85.7455	807
19	10	0	0	0	0	88.6114	808
19	10	0	0	0	0	97.1392	809
19	10	0	0	0	0	91.1697	810
19	10	0	0	0	0	80.4487	811
18	10	0	0	0	0	96.1943	812
18	10	0	0	0	0	85.2788	813
18	11	0	0	0	0	83.3737	814
15	12	0	0	0	0	69.8431	815
16	12	0	0	0	0	85.1836	816
16	12	0	0	0	0	88.0866	817
16	12	0	0	0	0	88.3703	818
16	12	0	0	0	0	84.1746	819
16	12	0	0	0	0	87.3257	820
16	12	0	0	0	0	82.3209	821
14	13	0	0	0	0	91.3031	822
14	13	0	0	0	0	90.3072	823
14	13	0	0	0	0	82.489	824
13	13	0	0	0	0	87.333	825
13	13	0	0	0	0	83.9452	826
14	14	0	0	0	0	87.5278	827
14	14	0	0	0	0	94.6968	828
14	14	0	0	0	0	88.6918	829
14	14	0	0	0	0	97.3099	830
15	14	0	0	0	0	92.8368	831
15	14	0	0	0	0	96.259	832
15	14	0	0	0	0	90.7046	833
15	14	0	0	0	0	91.779	834
15	14	0	0	0	0	103.133	835
15	13	0	0	0	0	95.9443	836
15	13	0	0	0	0	87.6708	837
15	13	0	0	0	0	87.8751	838
15	12	0	0	0	0	92.1345	839
15	12	0	0	0	0	96.1103	840
16	12	0	0	0	0	86.9205	841
16	10	0	0	0	0	89.8954	842
16	10	0	0	0	0	87.3975	843
16	10	0	0	0	0	93.7123	844
16	10	0	0	0	0	86.5064	845
16	10	0	0	0	0	70.7944	846
16	10	0	0	0	0	92.9293	847
16	10	0	0	0	0	84.8901	848
16	13	0	0	0	0	93.0949	849
15	13	0	0	0	0	93.6267	850
15	12	0	0	0	0	89.1765	851
15	12	0	0	0	0	88.7767	852
15	12	0	0	0	0	90.32	853
15	12	0	0	0	0	90.9456	854
16	12	0	0	0	0	93.1052	855
16	12	0	0	0	0	92.8578	856
16	12	0	0	0	0	89.759	857
16	12	0	0	0	0	92.3313	858
16	12	0	0	0	0	90.655	859
16	11	0	0	0	0	89.2648	860
16	11	0	0	0	0	76.6401	861
16	11	0	0	0	0	91.2171	862
17	11	0	0	0	0	91.3257	863
19	11	0	0	0	0	95.2086	864
18	11	0	0	0	0	93.0145	865
18	11	0	0	0	0	97.6029	866
18	11	0	0	0	0	99.6563	867
18	11	0	0	0	0	96.6249	868
18	11	0	0	0	0	85.2486	869
18	11	0	0	0	0	89.6547	870
17	11	0	0	0	0	99.2439	871
17	11	0	0	0	0	92.4358	872
18	10	0	0	0	0	77.9448	873
18	10	0	0	0	0	86.694	874
19	10	0	0	0	0	101.413	875
20	10	0	0	0	0	89.0277	876
20	10	0	0	0	0	82.9297	877
20	11	0	0	0	0	95.1873	878
20	11	0	0	0	0	96.543	879
20	11	0	0	0	0	111.041	880
20	11	0	0	0	0	110.525	881
20	11	0	0	0	0	100.875	882
20	11	0	0	0	0	111.103	883
20	11	0	0	0	0	108.889	884
20	11	0	0	0	0	106.97	885
20	12	0	0	0	0	113.574	886
20	11	0	0	0	0	100.582	887
20	11	0	0	0	0	108.659	888
20	11	0	0	0	0	99.6866	889
20	11	0	0	0	0	98.396	890
20	11	0	0	0	0	106.091	891
19	11	0	0	0	0	93.5147	892
18	12	0	0	0	0	100.483	893
17	12	0	0	0	0	93.7829	894
18	12	0	0	0	0	97.4281	895
18	12	0	0	0	0	91.1513	896
17	12	0	0	0	0	88.093	897
17	13	0	0	0	0	101.011	898
16	13	0	0	0	0	95.2617	899
16	13	0	0	0	0	90.446	900
16	13	0	0	0	0	94.7548	901
16	12	0	0	0	0	91.6806	902
16	12	0	0	0	0	85.8069	903
16	12	0	0	0	0	89.4043	904
16	12	0	0	0	0	96.1565	905
16	12	0	0	0	0	95.967	906
16	12	0	0	0	0	95.9804	907
16	12	0	0	0	0	93.997	908
16	12	0	0	0	0	95.0887	909
16	12	0	0	0	0	96.8121	910
16	12	0	0	0	0	93.8868	911
16	12	0	0	0	0	105.414	912
17	12	0	0	0	0	95.6124	913
17	12	0	0	0	0	99.5497	914
18	12	0	0	0	0	94.1018	915
18	12	0	0	0	0	94.8328	916
18	12	0	0	0	0	108.656	917
18	13	0	0	0	0	104.223	918
18	13	0	0	0	0	106.595	919
18	13	0	0	0	0	97.9074	920
18	13	0	0	0	0	101.302	921
17	13	0	0	0	0	104.513	922
18	14	0	0	0	0	108.475	923
18	15	0	0	0	0	110.725	924
16	15	0	0	0	0	95.2757	925
16	14	0	0	0	0	102.746	926
16	14	0	0	0	0	98.122	927
16	14	0	0	0	0	101.159	928
16	14	0	0	0	0	106.431	929
16	14	0	0	0	0	108.518	930
16	14	0	0	0	0	76.1578	931
17	14	0	0	0	0	102.961	932
17	14	0	0	0	0	99.8827	933
17	14	0	0	0	0	90.3479	934
17	14	0	0	0	0	110.401	935
17	14	0	0	0	0	104.937	936
17	13	0	0	0	0	98.8987	937
17	13	0	0	0	0	90.2161	938
17	14	0	0	0	0	99.8622	939
17	14	0	0	0	0	83.9002	940
17	14	0	0	0	0	101.204	941
17	14	0	0	0	0	112.1	942
17	13	0	0	0	0	105.392	943
17	13	0	0	0	0	107.779	944
17	15	0	0	0	0	102.186	945
17	15	0	0	0	0	81.9496	946
17	15	0	0	0	0	84.0196	947
17	15	0	0	0	0	93.275	948
17	15	0	0	0	0	92.6018	949
17	15	0	0	0	0	95.9834	950
16	14	0	0	0	0	91.7953	951
17	12	0	0	0	0	94.6743	952
17	12	0	0	0	0	78.9637	953
17	12	0	0	0	0	104.707	954
20	12	0	0	0	0	100.822	955
20	11	0	0	0	0	116.664	956
20	13	0	0	0	0	109.728	957
20	13	0	0	0	0	103.993	958
20	13	0	0	0	0	120.303	959
20	14	0	0	0	0	101.587	960
20	14	0	0	0	0	118.016	961
20	14	0	0	0	0	112.224	962
20	14	0	0	0	0	114.191	963
19	14	0	0	0	0	111.931	964
19	14	0	0	0	0	109.946	965
16	14	0	0	0	0	102.065	966
15	14	0	0	0	0	94.3516	967
15	12	0	0	0	0	84.1475	968
15	12	0	0	0	0	79.097	969
15	12	0	0	0	0	78.1079	970
16	12	0	0	0	0	95.1396	971
16	12	0	0	0	0	81.9732	972
16	12	0	0	0	0	86.8133	973
15	13	0	0	0	0	90.0482	974
15	13	0	0	0	0	92.2064	975
16	13	0	0	0	0	90.0855	976
16	12	0	0	0	0	84.7485	977
17	12	0	0	0	0	98.4004	978
17	12	0	0	0	0	93.8869	979
17	12	0	0	0	0	106.26	980
18	12	0	0	0	0	101.945	981
18	12	0	0	0	0	98.1243	982
18	12	0	0	0	0	104.392	983
18	12	0	0	0	0	105.412	984
18	12	0	0	0	0	102.039	985
18	13	0	0	0	0	86.9994	986
18	13	0	0	0	0	99.6678	987
18	13	0	0	0	0	97.5122	988
17	13	0	0	0	0	101.045	989
18	13	0	0	0	0	105.912	990
19	13	0	0	0	0	101.137	991
20	13	0	0	0	0	111.84	992
20	13	0	0	0	0	114.506	993
20	14	0	0	0	0	123.021	994
20	14	0	0	0	0	110.388	995
20	14	0	0.5	0	1	97.8183	996
20	14	0	0.5	0	1	121.582	997
20	14	0	0.5	0	1	126.667	998
20	14	0	0.5	0	1	112.265	999
20	14	0	0.5	0	1	110.565	1000
20	14	0.5	0.5	1	1	115.096	1001
21	14	0.5	0.5	1	1	124.751	1002
21	14	1	0.5	2	1	115.444	1003
21	14	1	0.5	2	1	120.065	1004
21	14	1	0.5	2	1	121.116	1005
21	14	1	0.5	2	1	112.364	1006
21	14	1	0.5	2	1	123.85	1007
21	14	1	0.5	2	1	115.328	1008
21	14	1	0.5	2	1	108.238	1009
21	14	1	0.5	2	1	100.776	1010
21	14	1	0.5	2	1	99.7435	1011
22	14	1	0.5	2	1	105.665	1012
20	13	1	0.5	2	1	109.408	1013
20	13	1	0.5	2	1	107.168	1014
20	13	1	0.5	2	1	108.873	1015
20	13	1	0.5	2	1	101.934	1016
20	13	1	0.5	2	1	112.214	1017
20	13	1	0.5	2	1	107.362	1018
20	13	1	0.5	2	1	111.591	1019
20	13	1	0.5	2	1	112.483	1020
20	13	1	0.5	2	1	115.247	1021
20	13	1	0.5	2	1	102.427	1022
21	13	1	0.5	2	1	110.126	1023
21	13	1	0.5	2	1	112.027	1024
20	14	1	0.5	2	1	116.164	1025
19	14	1	0.5	2	1	104.432	1026
19	14	1	0.5	2	1	100.559	1027
19	14	1	0.5	2	1	112.418	1028
19	14	1	0.5	2	1	115.593	1029
19	14	1	0.5	2	1	119.864	1030
19	14	1	0.5	2	1	109.884	1031
19	14	1	0.5	2	1	108.443	1032
20	13	1	0.5	2	1	108.441	1033
20	13	1	0.5	2	1	103.627	1034
20	12	1	0.5	2	1	110.592	1035
20	12	1	0.5	2	1	112.415	1036
20	12	1	0.5	2	1	122.064	1037
20	12	1	0.5	2	1	100.785	1038
19	12	1	0.5	2	1	105.369	1039
19	12	1	0.5	2	1	98.0988	1040
20	12	1	0.5	2	1	108.914	1041
20	12	1	0.5	2	1	101.102	1042
19	12	1	0.5	2	1	103.825	1043
19	11	1	0.5	2	1	96.2506	1044
18	11	1	0.5	2	1	80.0661	1045
18	10	1	0.5	2	1	84.8974	1046
18	10	1	0.5	2	1	93.8652	1047
18	10	1	0.5	2	1	90.3833	1048
17	10	1	0.5	2	1	88.2106	1049
17	9	1	0.5	2	1	89.4027	1050
17	9	1	0.5	2	1	91.5212	1051
17	9	1	0.5	2	1	92.0154	1052
17	9	1	0.5	2	1	86.7818	1053
17	11	1	0.5	2	1	95.2862	1054
18	11	1	0.5	2	1	102.414	1055
18	11	1	0.5	2	1	99.2386	1056
18	11	1	0.5	2	1	94.2793	1057
18	11	1	0.5	2	1	63.1991	1058
18	11	1	0.5	2	1	63.4132	1059
18	10	1	0	2	0	65.724	1060
18	10	1	0	2	0	67.992	1061
18	10	1	0	2	0	67.8532	1062
14	10	1	0	2	0	68.4909	1063
14	10	0.5	0	1	0	70.0463	1064
12	12	0.5	0	1	0	68.3023	1065
12	12	0.5	0	1	0	59.6705	1066
11	11	0	0	0	0	70.0351	1067
11	11	0	0	0	0	73.308	1068
11	11	0	0	0	0	68.1784	1069
11	11	0	0	0	0	75.7545	1070
11	11	0	0	0	0	54.7463	1071
11	10	0	0	0	0	70.5459	1072
11	10	0	0	0	0	72.7122	1073
11	10	0	0	0	0	58.1522	1074
11	10	0	0	0	0	74.8587	1075
11	10	0	0	0	0	68.9641	1076
11	10	0	0	0	0	66.8674	1077
11	9	0	0	0	0	66.6182	1078
11	9	0	0	0	0	70.4328	1079
11	9	0	0	0	0	64.7999	1080
11	9	0	0	0	0	65.3721	1081
10	8	0	0	0	0	57.9238	1082
10	9	0	0	0	0	65.221	1083
10	9	0	0	0	0	65.6094	1084
10	9	0	0	0	0	56.6451	1085
10	9	0	0	0	0	58.9206	1086
10	9	0	0	0	0	69.4897	1087
10	9	0	0	0	0	61.6182	1088
10	9	0	0	0	0	58.4692	1089
10	9	0	0	0	0	60.4509	1090
10	9	0	0	0	0	66.4681	1091
10	9	0	0	0	0	62.7889	1092
10	9	0	0	0	0	53.2366	1093
10	9	0	0	0	0	69.3131	1094
10	9	0	0	0	0	57.1278	1095
10	9	0	0	0	0	57.2186	1096
10	8	0	0	0	0	60.4527	1097
10	8	0	0	0	0	60.9038	1098
10	8	0	0	0	0	61.4489	1099
10	8	0	0	0	0	59.0363	1100
10	8	0	0	0	0	53.2352	1101
11	8	0	0	0	0	61.6533	1102
10	8	0	0	0	0	55.9094	1103
10	9	0	0	0	0	62.1152	1104
10	9	0	0	0	0	62.6091	1105
10	9	0	0	0	0	54.0954	1106
9	9	0	0	0	0	58.6362	1107
10	9	0	0	0	0	55.8651	1108
10	9	0	0	0	0	61.7132	1109
10	9	0	0	0	0	66.8533	1110
10	9	0	0	0	0	59.1769	1111
11	9	0	0	0	0	58.4692	1112
11	9	0	0	0	0	69.8083	1113
11	9	0	0	0	0	71.8404	1114
11	9	0	0	0	0	64.7853	1115
11	8	0	0	0	0	58.5367	1116
11	8	0	0	0	0	59.5133	1117
11	7	0	0	0	0	50.6779	1118
11	7	0	0	0	0	59.5282	1119
11	8	0	0	0	0	60.7221	1120
11	7	0	0	0	0	63.7148	1121
11	7	0	0	0	0	55.6292	1122
11	7	0	0	0	0	56.1019	1123
11	7	0	0	0	0	59.6461	1124
11	7	0	0	0	0	58.388	1125
11	9	0	0	0	0	59.2766	1126
11	9	0	0	0	0	57.3624	1127
10	9	0	0	0	0	51.2915	1128
9	9	0	0	0	0	60.0949	1129
9	9	0	0	0	0	62.0688	1130
10	9	0	0	0	0	59.9136	1131
11	9	0	0	0	0	66.5519	1132
11	9	0	0	0	0	66.5038	1133
11	9	0	0	0	0	63.0422	1134
11	10	0	0	0	0	61.0045	1135
11	11	0	0	0	0	68.4616	1136
12	11	0	0	0	0	61.6312	1137
12	11	0	0	0	0	64.6637	1138
12	10	0	0	0	0	63.9075	1139
12	10	0	0	0	0	61.3304	1140
12	10	0	0	0	0	68.1862	1141
11	10	0	0	0	0	65.456	1142
11	10	0	0	0	0	74.0769	1143
10	10	0	0	0	0	64.0492	1144
10	10	0	0	0	0	69.7435	1145
10	10	0	0	0	0	68.9169	1146
10	11	0	0	0	0	66.856	1147
10	13	0	0	0	0	68.9675	1148
10	13	0	0	0	0	61.8478	1149
10	13	0	0	0	0	65.8939	1150
11	14	0	0	0	0	76.3281	1151
11	14	0	0	0	0	69.5439	1152
11	16	0	0	0	0	77.9211	1153
11	16	0	0	0	0	74.7498	1154
11	16	0	0	0	0	74.0433	1155
11	16	0	0	0	0	79.7939	1156
11	16	0	0	0	0	87.8684	1157
11	16	0	0	0	0	96.1748	1158
11	16	0	0	0	0	98.2153	1159
11	16	0	0	0	0	95.4492	1160
11	18	0	0	0	0	93.4193	1161
10	18	0	0	0	0	94.4625	1162
10	18	0	0	0	0	93.5637	1163
9	18	0	0	0	0	91.3809	1164
9	18	0	0	0	0	95.6074	1165
9	18	0	0	0	0	76.7969	1166
9	19	0	0	0	0	97.2685	1167
8	20	0	0	0	0	94.0196	1168
7	20	0	0	0	0	90.1468	1169
6	20	0	0	0	0	74.2491	1170
6	21	0	0	0	0	91.3136	1171
7	21	0	0	0	0	87.4544	1172
7	21	0	0	0	0	92.8459	1173
7	21	0	0	0	0	91.3894	1174
8	21	0	0	0	0	91.9378	1175
8	21	0	0	0	0	75.4724	1176
9	22	0	0	0	0	91.3397	1177
10	22	0	0	0	0	93.049	1178
10	22	0	0	0	0	108.724	1179
10	22	0	0	0	0	101.108	1180
10	22	0	0	0	0	101.717	1181
10	22	0	0	0	0	112.999	1182
10	22	0	0	0	0	110.552	1183
10	22	0	0	0	0	116.258	1184
10	22	0	0	0	0	111.407	1185
10	22	0	0	0	0	120.524	1186
10	22	0	0	0	0	107.822	1187
10	22	0	0	0	0	114.717	1188
10	22	0	0	0	0	115.153	1189
10	22	0	0	0	0	109.999	1190
10	22	0	0	0	0	108.479	1191
10	22	0	0	0	0	114.866	1192
10	22	0	0	0	0	106.782	1193
10	22	0	0	0	0	107.144	1194
10	22	0	0	0	0	110.812	1195
10	23	0	0	0	0	105.018	1196
10	24	0	0	0	0	115.836	1197
10	24	0	0	0	0	109.069	1198
10	24	0	0	0	0	113.279	1199
10	24	0	0	0	0	116.309	1200
10	24	0	0	0	0	111.143	1201
10	24	0	0	0	0	119.654	1202
10	24	0	0	0	0	121.919	1203
10	23	0	0	0	0	107.933	1204
10	23	0	0	0	0	111.591	1205
10	23	0	0	0	0	114.47	1206
10	23	0	0	0	0	109.293	1207
10	23	0	0	0	0	116.467	1208
10	22	0	0	0	0	110.315	1209
10	22	0	0	0	0	110.162	1210
10	22	0	0	0	0	110.812	1211
10	22	0	0	0	0	112.402	1212
10	22	0	0	0	0	114.071	1213
10	22	0	0	0	0	104.532	1214
10	21	0	0	0	0	105.609	1215
10	21	0	0	0	0	82.5364	1216
10	21	0	0	0	0	101.813	1217
9	21	0	0	0	0	82.8971	1218
9	21	0	0	0	0	91.9251	1219
10	21	0	0	0	0	105.747	1220
10	21	0	0	0	0	108.388	1221
10	21	0	0	0	0	99.5315	1222
10	22	0	0	0	0	111.485	1223
10	22	0	0	0	0	107.648	1224
8	22	0	0	0	0	93.0793	1225
7	24	0	0	0	0	85.9289	1226
7	23	0	0	0	0	92.839	1227
7	23	0	0	0	0	95.9913	1228
7	23	0	0	0	0	100.58	1229
7	23	0	0	0	0	98.3961	1230
7	23	0	0	0	0	90.1943	1231
7	23	0	0	0	0	88.3483	1232
7	22	0	0	0	0	87.327	1233
8	22	0	0	0	0	94.1334	1234
7	22	0	0	0	0	81.9866	1235
7	22	0	0	0	0	93.0156	1236
7	21	0	0	0	0	80.7557	1237
7	21	0	0	0	0	95.2285	1238
7	21	0	0	0	0	71.3271	1239
7	20	0	0	0	0	82.0164	1240
7	20	0	0	0	0	88.4448	1241
7	20	0	0	0	0	92.0116	1242
7	20	0	0	0	0	92.8254	1243
7	20	0	0	0	0	93.8793	1244
7	21	0	0	0	0	90.8668	1245
8	21	0	0	0	0	87.1787	1246
8	21	0	0	0	0	93.994	1247
8	21	0	0	0	0	89.9757	1248
8	21	0	0	0	0	96.6324	1249
8	21	0	0	0	0	87.7228	1250
9	21	0	0	0	0	102.86	1251
9	20	0	0	0	0	103.631	1252
9	21	0	0	0	0	93.8784	1253
9	20	0	0	0	0	100.585	1254
9	21	0	0	0	0	96.0559	1255
9	21	0	0	0	0	92.9603	1256
9	22	0	0	0	0	97.61	1257
9	22	0	0	0	0	101.373	1258
9	22	0	0	0	0	100.364	1259
9	22	0	0	0	0	87.9472	1260
9	23	0	0	0	0	101.302	1261
7	23	0	0	0	0	97.9496	1262
7	23	0	0	0	0	99.0053	1263
7	23	0	0	0	0	92.4548	1264
7	22	0	0	0	0	93.5627	1265
7	22	0	0	0	0	101.582	1266
7	22	0	0	0	0	92.5843	1267
7	22	0	0	0	0	89.8286	1268
7	20	0	0	0	0	85.6415	1269
7	20	0	0	0	0	80.1762	1270
7	19	0	0	0	0	83.069	1271
7	18	0	0	0	0	81.815	1272
7	18	0	0	0	0	77.1589	1273
7	18	0	0	0	0	88.9835	1274
7	18	0	0	0	0	81.9033	1275
7	17	0	0	0	0	82.0619	1276
7	17	0	0	0	0	89.7238	1277
7	17	0	0	0	0	78.3009	1278
7	17	0	0	0	0	72.2741	1279
7	17	0	0	0	0	73.6555	1280
6	17	0	0	0	0	82.2689	1281
6	17	0	0	0	0	70.7113	1282
6	17	0	0	0	0	79.3313	1283
6	17	0	0	0	0	79.9126	1284
6	18	0	0	0	0	73.4151	1285
6	18	0	0	0	0	70.7504	1286
5	17	0	0	0	0	67.7874	1287
5	17	0	0	0	0	64.4162	1288
5	17	0	0	0	0	62.8241	1289
5	16	0	0	0	0	65.5846	1290
5	16	0	0	0	0	72.2396	1291
5	16	0	0.5	0	1	68.1166	1292
5	16	0	0.5	0	1	73.3595	1293
5	16	0	0.5	0	1	65.6517	1294
5	16	0	0.5	0	1	66.6074	1295
5	16	0	0.5	0	1	67.1071	1296
5	16	0	0.5	0	1	68.6852	1297
5	15	0	0.5	0	1	69.2438	1298
5	15	0	0.5	0	1	69.7549	1299
5	15	0	0.5	0	1	63.5304	1300
5	14	0	0.5	0	1	61.7657	1301
6	14	0	0.5	0	1	58.3274	1302
6	14	0	0.5	0	1	46.2395	1303
6	14	0	0.5	0	1	68.4179	1304
6	14	0	0.5	0	1	67.3394	1305
6	14	0	0.5	0	1	66.3457	1306
7	13	0	0.5	0	1	60.3971	1307
7	13	0	0.5	0	1	64.7203	1308
8	13	0	0.5	0	1	57.7857	1309
8	14	0	0.5	0	1	66.3189	1310
8	13	0	0.5	0	1	66.9871	1311
8	13	0	0.5	0	1	62.4579	1312
7	13	0	0.5	0	1	63.2656	1313
7	13	0	0.5	0	1	60.3804	1314
6	13	0	0.5	0	1	60.048	1315
6	13	0	0.5	0	1	58.4852	1316
6	13	0	0.5	0	1	65.9249	1317
6	13	0	0.5	0	1	60.3228	1318
6	13	0	0.5	0	1	57.0071	1319
6	13	0	0.5	0	1	63.5928	1320
5	13	0	0.5	0	1	55.777	1321
5	13	0	0.5	0	1	56.1505	1322
5	12	0	0.5	0	1	39.36	1323
5	12	0	0.5	0	1	46.7262	1324
4	13	0	0.5	0	1	42.822	1325
4	13	0	0.5	0	1	50.0516	1326
4	13	0	0.5	0	1	52.0139	1327
4	13	0	0.5	0	1	56.3001	1328
4	13	0	0.5	0	1	52.6394	1329
4	13	0	0.5	0	1	58.3679	1330
4	13	0	0.5	0	1	49.8513	1331
5	13	0	0.5	0	1	55.8528	1332
5	12	0	0.5	0	1	47.5595	1333
5	12	0	0	0	0	51.374	1334
5	12	0	0	0	0	56.968	1335
5	12	0	0	0	0	49.0879	1336
5	11	0	0	0	0	50.01	1337
5	11	0	0	0	0	43.3436	1338
5	11	0	0	0	0	49.9359	1339
5	10	0	0	0	0	47.3917	1340
5	10	0	0	0	0	48.1742	1341
5	10	0	0	0	0	50.7227	1342
5	10	0	0	0	0	53.6863	1343
6	10	0	0	0	0	47.974	1344
6	10	0	0	0	0	51.103	1345
6	10	0	0	0	0	47.3644	1346
7	10	0	0	0	0	50.8895	1347
7	10	0	0	0	0	50.1431	1348
7	10	0	0	0	0	53.1863	1349
7	10	0	0	0	0	51.6305	1350
7	10	0	0	0	0	50.9631	1351
7	10	0	0	0	0	50.7834	1352
7	10	0	0	0	0	46.7333	1353
7	10	0	0	0	0	49.1124	1354
7	12	0	0	0	0	51.4833	1355
7	12	0	0	0	0	43.4322	1356
8	12	0	0	0	0	45.7612	1357
8	11	0	0	0	0	45.3507	1358
8	11	0	0	0	0	40.3596	1359
8	11	0	0	0	0	42.2661	1360
8	13	0	0	0	0	40.6514	1361
8	13	0	0	0	0	56.0279	1362
8	12	0	0	0	0	56.9065	1363
8	11	0	0	0	0	54.107	1364
9	11	0	0	0	0	61.1521	1365
9	11	0	0	0	0	60.3497	1366
9	10	0	0	0	0	49.9507	1367
9	10	0	0	0	0	47.0606	1368
9	10	0	0	0	0	52.5737	1369
8	8	0	0	0	0	46.6587	1370
8	8	0	0	0	0	48.6701	1371
8	8	0	0	0	0	50.5389	1372
8	8	0	0	0	0	49.356	1373
8	8	0	0	0	0	40.1149	1374
8	8	0	0	0	0	47.537	1375
8	7	0	0	0	0	44.0254	1376
8	6	0	0	0	0	44.4017	1377
8	6	0	0	0	0	43.9103	1378
8	6	0	0	0	0	47.0946	1379
8	6	0	0	0	0	43.7312	1380
8	6	0	0	0	0	46.9572	1381
8	6	0	0	0	0	39.5964	1382
8	6	0	0	0	0	39.6834	1383
8	6	0	0	0	0	46.2323	1384
8	6	0	0	0	0	41.2301	1385
8	5	0	0	0	0	39.6674	1386
8	5	0	0	0	0	41.1338	1387
8	5	0	0	0	0	33.5169	1388
8	5	0	0	0	0	45.3479	1389
8	5	0	0	0	0	41.569	1390
8	5	0	0	0	0	40.3599	1391
8	5	0	0	0	0	38.9956	1392
10	5	0	0	0	0	39.2153	1393
10	5	0	0	0	0	40.9093	1394
11	4	0	0	0	0	43.5412	1395
11	4	0	0	0	0	44.6526	1396
11	4	0	0	0	0	46.8289	1397
11	4	0	0	0	0	49.8008	1398
11	4	0	0	0	0	35.9996	1399
11	4	0	0	0	0	47.2003	1400
11	4	0	0	0	0	49.6594	1401
11	4	0	0	0	0	51.232	1402
11	4	0	0	0	0	38.0246	1403
12	4	0	0	0	0	45.7289	1404
12	4	0	0	0	0	52.3179	1405
12	4	0	0	0	0	49.7051	1406
12	7	0	1.5	0	3	49.6347	1407
12	7	0	1.5	0	3	55.8215	1408
11	7	0	1.5	0	3	53.4115	1409
12	7	0	1.5	0	3	57.2575	1410
12	7	0	1.5	0	3	61.6465	1411
13	7	0	1.5	0	3	61.264	1412
13	7	0	1.5	0	3	63.1582	1413
13	7	0	1.5	0	3	64.9717	1414
13	7	0	1.5	0	3	61.4976	1415
12	7	0	1.5	0	3	59.8718	1416
12	8	0	1.5	0	3	65.8398	1417
12	8	0	1.5	0	3	50.1115	1418
12	8	0	1.5	0	3	64.2775	1419
12	8	0	1.5	0	3	66.7502	1420
11	8	0	1.5	0	3	62.2955	1421
11	8	0	1.5	0	3	62.5921	1422
11	8	0	1.5	0	3	60.0144	1423
11	8	0	1.5	0	3	51.9811	1424
12	8	0	1.5	0	3	67.0479	1425
12	9	0	1.5	0	3	65.7818	1426
12	9	0	1.5	0	3	65.1087	1427
13	9	0	1.5	0	3	64.5731	1428
13	9	0	1.5	0	3	76.239	1429
13	9	0	1.5	0	3	69.2046	1430
14	8	0	1.5	0	3	59.7825	1431
14	8	0	1.5	0	3	65.8567	1432
13	8	0	1.5	0	3	65.851	1433
13	9	0	1.5	0	3	69.914	1434
13	9	0	1.5	0	3	75.9709	1435
13	9	0	1.5	0	3	67.0075	1436
13	9	0	1.5	0	3	70.3037	1437
13	9	0	1.5	0	3	66.4197	1438
13	9	0	1.5	0	3	79.6276	1439
13	9	0	1.5	0	3	73.5949	1440
13	9	0	1.5	0	3	70.9637	1441
14	9	0	1.5	0	3	74.0831	1442
14	10	0	1.5	0	3	72.2635	1443
14	10	0	1.5	0	3	75.624	1444
15	10	0	1.5	0	3	67.1568	1445
15	10	0	1.5	0	3	80.1721	1446
15	10	0	1.5	0	3	78.0939	1447
16	13	0	1.5	0	3	86.9858	1448
16	13	0	1.5	0	3	99.6915	1449
16	13	0	1.5	0	3	82.9697	1450
16	13	0	1.5	0	3	91.9646	1451
15	13	0	1.5	0	3	95.0767	1452
15	13	0	1.5	0	3	91.6967	1453
16	13	0	1.5	0	3	98.2015	1454
16	13	0	1.5	0	3	102.695	1455
16	13	0	1	0	2	99.8961	1456
16	13	0	0.5	0	1	92.8599	1457
16	13	0	0.5	0	1	91.0907	1458
16	13	0	0.5	0	1	90.9592	1459
15	13	0	0.5	0	1	91.8544	1460
15	13	0	0.5	0	1	102.649	1461
15	13	0	0	0	0	91.7109	1462
15	13	0	0	0	0	91.3101	1463
16	13	0	0	0	0	94.8594	1464
16	13	0	0	0	0	89.476	1465
16	13	0	0	0	0	98.6605	1466
16	13	0	0	0	0	95.1287	1467
16	14	0	1	0	2	100.332	1468
16	14	0	1	0	2	92.1109	1469
16	13	0	1	0	2	97.0671	1470
16	13	0	1	0	2	103.46	1471
16	13	0	1	0	2	96.1304	1472
16	13	0	1	0	2	89.8109	1473
16	12	0	1	0	2	88.6463	1474
15	11	0	1	0	2	75.6938	1475
15	11	0	1	0	2	77.5251	1476
14	11	0	1	0	2	82.0903	1477
15	11	0	1	0	2	90.5866	1478
15	11	0	1	0	2	75.8476	1479
16	11	0	1	0	2	88.0629	1480
16	11	0	1	0	2	88.3177	1481
16	10	0	1	0	2	90.0421	1482
16	10	0	1	0	2	82.9921	1483
16	10	0	1	0	2	86.8517	1484
17	13	0	1	0	2	89.9781	1485
17	13	0	1	0	2	109.192	1486
17	13	0	1	0	2	94.9881	1487
17	12	0	1	0	2	98.5387	1488
17	12	0	1	0	2	97.9875	1489
17	11	0	1	0	2	87.5045	1490
18	11	0	1	0	2	87.4785	1491
18	11	0	1	0	2	96.5168	1492
18	11	0	1	0	2	92.2574	1493
16	11	0	1	0	2	90.0899	1494
16	12	0	1	0	2	98.9484	1495
16	12	0	1	0	2	90.3915	1496
16	12	0	1	0	2	93.7186	1497
16	12	0	1	0	2	91.1626	1498
16	12	0	1	0	2	90.3523	1499
16	12	0	1	0	2	89.8085	1500
16	11	0	1	0	2	85.7065	1501
15	11	0	1	0	2	68.5481	1502
15	11	0	1	0	2	89.7564	1503
14	11	0	1	0	2	84.5524	1504
14	12	0	1	0	2	87.0067	1505
14	12	0	1	0	2	69.9402	1506
14	12	0	1	0	2	92.8114	1507
14	12	0	1	0	2	82.8057	1508
14	11	0	1	0	2	77.8539	1509
15	10	0	1	0	2	81.6228	1510
15	10	0	1	0	2	80.5063	1511
15	10	0	1	0	2	75.186	1512
15	9	0	1	0	2	89.3667	1513
15	9	0	1	0	2	78.9761	1514
15	9	0	1	0	2	89.2052	1515
15	9	0	0.5	0	1	73.0413	1516
15	12	0	0	0	0	80.0315	1517
15	12	0	0	0	0	77.959	1518
15	12	0	0	0	0	77.6189	1519
15	12	0	0	0	0	91.4282	1520
15	12	0	0	0	0	96.5188	1521
15	12	0	0	0	0	87.6156	1522
15	12	0	0	0	0	93.5965	1523
15	12	0	0	0	0	85.228	1524
15	12	0	0	0	0	97.2767	1525
14	12	0	0	0	0	96.664	1526
15	12	0	0	0	0	90.8894	1527
15	13	0	0	0	0	88.3087	1528
15	13	0	0	0	0	92.9954	1529
15	12	0	0	0	0	94.0394	1530
16	12	0	0	0	0	94.5258	1531
16	12	0	0	0	0	94.8888	1532
16	12	0	0	0	0	87.5466	1533
16	12	0	0	0	0	91.6583	1534
16	12	0	0	0	0	80.0158	1535
16	13	0	0	0	0	95.5388	1536
16	13	0	0	0	0	79.4513	1537
16	12	0	0	0	0	89.4207	1538
17	12	0	0	0	0	92.217	1539
17	12	0	0	0	0	93.1124	1540
17	12	0	0	0	0	90.8836	1541
17	12	0	0	0	0	76.969	1542
10	12	0	0	0	0	71.5988	1543
10	11	0	0	0	0	68.3222	1544
10	11	0	0	0	0	69.9994	1545
10	11	0	0	0	0	73.2907	1546
10	12	0	0	0	0	68.0526	1547
9	13	0	0	0	0	72.9523	1548
9	13	0	0	0	0	71.9057	1549
9	13	0	0	0	0	70.3249	1550
9	13	0	0	0	0	69.4824	1551
10	13	0	0	0	0	79.684	1552
10	13	0	0	0	0	76.6116	1553
12	13	0	0	0	0	77.6176	1554
13	13	0	0	0	0	74.8664	1555
13	13	0	0	0	0	73.5568	1556
13	13	0	0	0	0	80.8057	1557
13	13	0	0	0	0	81.2106	1558
13	13	0	0	0	0	77.9444	1559
13	13	0	0	0	0	79.9398	1560
13	13	0	0	0	0	93.4559	1561
13	13	0	0	0	0	88.3064	1562
13	13	0	0	0	0	90.7393	1563
13	13	0	0	0	0	80.1901	1564
13	13	0	0	0	0	82.2447	1565
13	13	0	0	0	0	85.6204	1566
13	12	0	0	0	0	86.5213	1567
14	12	0	0	0	0	76.2179	1568
14	12	0	0	0	0	75.7468	1569
14	12	0	0	0	0	82.5053	1570
14	11	0	0	0	0	82.2992	1571
14	11	0	0	0	0	80.9988	1572
14	12	0	0	0	0	74.0039	1573
13	12	0	0	0	0	83.7751	1574
13	12	0	0	0	0	87.6361	1575
13	12	0	0	0	0	81.6453	1576
13	12	0	0	0	0	91.7739	1577
14	12	0	0	0	0	81.9472	1578
14	12	0	0	0	0	76.1819	1579
14	13	0	0	0	0	92.0036	1580
14	14	0	0	0	0	88.3449	1581
14	14	0	0	0	0	89.3599	1582
15	14	0	0	0	0	95.2626	1583
15	14	0	0	0	0	92.1176	1584
15	14	0	0	0	0	94.2583	1585
15	14	0	0	0	0	94.7244	1586
15	15	0	0	0	0	88.7839	1587
15	15	0	0	0	0	93.7019	1588
14	14	0	0	0	0	80.1859	1589
14	14	0	0	0	0	85.1357	1590
15	14	0	0	0	0	89.1205	1591
15	14	0	0	0	0	98.3586	1592
15	14	0	0	0	0	96.0474	1593
15	15	0	0	0	0	103.544	1594
15	15	0	0	0	0	101.088	1595
15	15	0	0	0	0	98.3256	1596
15	15	0	0	0	0	110.207	1597
15	15	0	0	0	0	105.899	1598
16	15	0	0	0	0	95.8931	1599
16	15	0	0	0	0	105.292	1600
16	15	0	0	0	0	102.934	1601
16	15	0	0	0	0	113.206	1602
16	16	0	0	0	0	105.376	1603
16	16	0	0	0	0	107.364	1604
16	16	0	0	0	0	111.135	1605
16	16	0	0	0	0	110.171	1606
16	16	0	0	0	0	112.102	1607
16	16	0	0	0	0	102.04	1608
15	17	0	0	0	0	103.083	1609
15	17	0	0	0	0	106.642	1610
15	17	0	0	0	0	109.283	1611
15	17	0	0	0	0	112.888	1612
15	17	0	0	0	0	101.14	1613
15	17	0	0	0	0	114.206	1614
15	17	0	0	0	0	111.621	1615
15	17	0	0	0	0	103.306	1616
15	17	0	0	0	0	112.177	1617
15	16	0	0	0	0	94.4063	1618
15	16	0	0	0	0	96.121	1619
16	16	0	0	0	0	98.7512	1620
16	16	0	0	0	0	97.7742	1621
16	16	0	0	0	0	113.634	1622
16	16	0	0	0	0	101.662	1623
16	16	0	0	0	0	99.1252	1624
16	14	0	0	0	0	99.0585	1625
15	14	0	0	0	0	99.5376	1626
15	14	0	0	0	0	93.0098	1627
15	14	0	0	0	0	95.7916	1628
16	14	0	0	0	0	100.822	1629
16	14	0	0	0	0	97.046	1630
17	14	0	0	0	0	96.5157	1631
17	13	0	0	0	0	100.159	1632
17	14	0	0	0	0	100.742	1633
17	14	0	0	0	0	91.0372	1634
17	14	0	0	0	0	82.3542	1635
17	14	0	0	0	0	112.782	1636
18	15	0	0	0	0	106.601	1637
18	15	0	0	0	0	105.162	1638
18	16	0	0	0	0	113.757	1639
18	16	0	0	0	0	93.308	1640
19	16	0	0	0	0	103.082	1641
19	16	0	0	0	0	110.786	1642
18	16	0	0	0	0	105.902	1643
18	16	0	0	0	0	102.072	1644
18	16	0	0	0	0	104.759	1645
18	16	0	0	0	0	112.075	1646
18	16	0	0	0	0	109.672	1647
17	16	0	0	0	0	117.097	1648
17	16	0	0	0	0	113.472	1649
17	16	0	0	0	0	104.728	1650
18	16	0	0	0	0	106.765	1651
18	16	0	0	0	0	110.078	1652
19	16	0	0	0	0	113.075	1653
19	16	0	0	0	0	108.662	1654
19	16	0	0	0	0	107.841	1655
19	16	0	0	0	0	119.497	1656
19	16	0	0	0	0	112.945	1657
19	16	0	0	0	0	109.116	1658
19	16	0	0	0	0	113.25	1659
19	16	0	0	0	0	109.467	1660
20	16	0	0	0	0	106.084	1661
20	16	0	0	0	0	104.954	1662
20	16	0	0	0	0	110.882	1663
21	16	0	0	0	0	125.838	1664
21	17	0	0	0	0	126.65	1665
22	17	0	0	0	0	119.777	1666
22	15	0	0	0	0	134.402	1667
22	15	0	0	0	0	119.442	1668
23	15	0	0	0	0	126.696	1669
24	15	0	0	0	0	118.645	1670
24	15	0	0	0	0	127.168	1671
24	15	0	0	0	0	126.353	1672
24	19	0	0	0	0	131.449	1673
23	19	0	0	0	0	121.115	1674
24	20	0	0	0	0	129.814	1675
23	20	0	0	0	0	109.764	1676
23	20	0	0	0	0	146.4	1677
23	20	0	0	0	0	150.981	1678
24	20	0	0	0	0	141.382	1679
24	20	0	0	0	0	139.787	1680
24	20	0	0	0	0	136.802	1681
21	20	0	0	0	0	122.722	1682
21	20	0	0	0	0	120.174	1683
20	18	0	0	0	0	123.866	1684
20	18	0	0	0	0	113.601	1685
20	16	0	0	0	0	107.14	1686
20	16	0	0	0	0	125.16	1687
20	16	0	0	0	0	114.598	1688
20	17	0	0	0	0	117.938	1689
20	17	0	0	0	0	120.364	1690
20	16	0	0	0	0	118.104	1691
21	17	0	0	0	0	113.048	1692
21	17	0	0	0	0	124.417	1693
21	17	0	0	0	0	126.199	1694
21	17	0	0	0	0	126.093	1695
21	17	0	0	0	0	129.181	1696
21	17	0	0	0	0	131.823	1697
21	17	0	0	0	0	122.34	1698
21	17	0	0	0	0	125.521	1699
20	17	0	0	0	0	123.194	1700
21	17	0	0	0	0	125.681	1701
21	17	0	0	0	0	123.026	1702
21	16	0	0	0	0	119.522	1703
19	16	0	0	0	0	120.983	1704
19	16	0	0	0	0	117.603	1705
18	16	0	0	0	0	112.261	1706
18	16	0	0	0	0	112.375	1707
19	16	0	0	0	0	124.135	1708
19	16	0	0	0	0	111.493	1709
19	15	0	0	0	0	117.987	1710
19	15	0	0	0	0	108.597	1711
19	14	0	0	0	0	102.795	1712
19	14	0	0	0	0	105.23	1713
19	14	0	0	0	0	111.075	1714
19	14	0	0	0	0	106.735	1715
20	13	0	0	0	0	107.55	1716
20	12	0	0	0	0	69.8956	1717
20	10	0	0	0	0	68.2687	1718
20	10	0	0	0	0	75.6329	1719
20	10	0	0	0	0	88.3454	1720
20	10	0	0	0	0	85.6088	1721
20	10	0	0	0	0	84.9829	1722
19	10	0	0	0	0	85.3887	1723
19	10	0	0	0	0	82.5135	1724
19	10	0	0	0	0	79.2697	1725
19	9	0	0	0	0	88.4071	1726
19	8	0	0	0	0	84.6961	1727
19	8	0	0	0	0	83.6885	1728
20	8	0	0	0	0	81.9222	1729
20	7	0	0	0	0	89.9738	1730
20	7	0	0	0	0	90.1572	1731
20	6	0	0	0	0	91.2822	1732
20	6	0	0	0	0	79.3982	1733
20	6	0	0	0	0	90.7695	1734
21	6	0	0	0	0	89.7285	1735
21	6	0	0	0	0	85.2169	1736
21	6	0	0	0	0	83.9272	1737
21	6	0	0	0	0	95.0406	1738
21	6	0	0	0	0	89.6933	1739
21	7	0	0	0	0	85.0012	1740
21	7	0	0	0	0	95.4429	1741
21	7	0	0	0	0	86.0206	1742
21	7	0	0	0	0	87.8633	1743
20	7	0	0	0	0	87.7809	1744
20	8	0	0	0	0	87.3982	1745
19	8	0	0	0	0	88.982	1746
19	8	0	0	0	0	96.1248	1747
19	8	0	0	0	0	89.5906	1748
18	8	0	0	0	0	86.268	1749
18	8	0	0	0	0	94.0459	1750
18	9	0	0	0	0	79.9827	1751
18	9	0	0	0	0	79.0752	1752
18	9	0	0	0	0	81.1215	1753
17	9	0	0	0	0	79.5338	1754
17	9	0	0	0	0	80.5651	1755
17	8	0	0	0	0	91.1099	1756
18	8	0	0	0	0	88.0971	1757
18	8	0	0	0	0	85.7219	1758
18	9	0	0	0	0	92.852	1759
18	9	0	0	0	0	91.9583	1760
18	10	0	0	0	0	87.7887	1761
18	10	0	0	0	0	97.7383	1762
18	10	0	0	0	0	90.9367	1763
18	10	0	0	0	0	97.4402	1764
18	10	0	0	0	0	91.8204	1765
18	10	0	0	0	0	93.3606	1766
18	11	0.5	0	1	0	98.607	1767
18	11	0.5	0	1	0	95.8519	1768
18	11	0.5	0	1	0	78.511	1769
17	10	0.5	0	1	0	87.8892	1770
17	10	0.5	1	1	2	79.348	1771
17	14	0.5	1	1	2	87.9352	1772
17	14	0.5	1	1	2	104.962	1773
16	14	0.5	1	1	2	92.9478	1774
15	14	0.5	1	1	2	91.7547	1775
15	16	0.5	1	1	2	92.5827	1776
15	16	0.5	1	1	2	91.0294	1777
15	16	0.5	1	1	2	86.7167	1778
14	16	0.5	1	1	2	98.3876	1779
14	16	0.5	1	1	2	101.758	1780
13	16	0.5	1	1	2	99.1433	1781
13	16	0.5	1	1	2	95.6793	1782
13	16	0.5	1	1	2	100.752	1783
13	16	0.5	1	1	2	102.009	1784
14	16	0.5	1	1	2	102.523	1785
13	16	0.5	1	1	2	93.8366	1786
13	16	0.5	1	1	2	95.0661	1787
13	16	0.5	1	1	2	102.813	1788
13	16	0.5	1	1	2	98.2398	1789
13	16	0.5	1	1	2	106.394	1790
13	16	0.5	1	1	2	86.9112	1791
13	16	0.5	1	1	2	95.125	1792
14	18	0.5	1	1	2	96.7324	1793
15	20	0.5	1	1	2	94.3357	1794
15	20	0.5	1	1	2	88.5737	1795
16	20	0.5	1	1	2	96.8464	1796
16	20	0.5	1	1	2	93.998	1797
15	20	0.5	1	1	2	96.4525	1798
15	20	0.5	1	1	2	105.072	1799
15	20	0.5	1	1	2	120.715	1800
15	19	0.5	1	1	2	112.353	1801
14	20	0.5	1	1	2	90.4459	1802
14	20	0.5	1	1	2	102.309	1803
13	20	0.5	1	1	2	109.262	1804
13	20	0.5	1	1	2	98.3169	1805
13	20	0.5	1	1	2	90.3202	1806
12	20	0.5	1	1	2	109.341	1807
11	20	0.5	1	1	2	97.4679	1808
11	20	0.5	1	1	2	97.216	1809
11	20	0.5	0.5	1	1	102.075	1810
11	20	0.5	0.5	1	1	106.565	1811
11	20	0.5	0.5	1	1	103.769	1812
11	20	0.5	0.5	1	1	100.783	1813
11	20	0.5	0.5	1	1	108.251	1814
11	21	0	0	0	0	108.496	1815
11	21	0	0	0	0	113.922	1816
10	21	0	0	0	0	100.728	1817
11	21	0	0	0	0	101.946	1818
10	21	0	0	0	0	108.241	1819
10	21	0	0	0	0	90.3456	1820
10	21	0	0	0	0	113.837	1821
10	21	0	0	0	0	99.7776	1822
10	21	0	0	0	0	105.193	1823
10	21	0	0	0	0	111.104	1824
9	21	0	0	0	0	99.7071	1825
10	21	0	0	0	0	101.379	1826
10	21	0	0	0	0	108.082	1827
10	21	0	0	0	0	86.9628	1828
10	21	0	0	0	0	87.2641	1829
8	21	0	0	0	0	101.279	1830
8	21	0	0	0	0	104.276	1831
8	21	0	0	0	0	99.0902	1832
8	20	0	0	0	0	100.726	1833
8	21	0	0	0	0	98.6394	1834
9	21	0	0	0	0	93.2729	1835
9	21	0	0	0	0	106.268	1836
9	21	0	0	0	0	100.236	1837
9	21	0	0	0	0	97.114	1838
9	21	0	0	0	0	94.6512	1839
9	21	0	0	0	0	96.0262	1840
9	21	0	0	0	0	97.8689	1841
9	21	0	0	0	0	101.337	1842
9	21	0	0	0	0	95.9597	1843
9	20	0	0	0	0	100.08	1844
10	20	0	0	0	0	98.2576	1845
11	20	0	0	0	0	97.7584	1846
11	20	0	0	0	0	107.484	1847
11	21	0	0	0	0	105.726	1848
11	21	0	0	0	0	92.4819	1849
12	21	0	0	0	0	107.11	1850
12	20	0	0	0	0	114.867	1851
13	20	0	0	0	0	110.637	1852
13	21	0	0	0	0	116.911	1853
13	21	0	0	0	0	121.465	1854
13	21	0	0	0	0	108.214	1855
13	22	0	0	0	0	127.368	1856
13	22	0	0	0	0	99.4721	1857
13	22	0	0	0	0	114.099	1858
13	22	0	0	0	0	110.795	1859
13	21	0	0	0	0	104.382	1860
13	21	0	0	0	0	110.596	1861
12	21	0	0	0	0	93.3558	1862
11	21	0	0	0	0	100.821	1863
11	21	0	0	0	0	104.242	1864
11	21	0.5	0	1	0	98.6304	1865
11	21	0.5	0	1	0	98.0058	1866
11	21	0.5	0	1	0	101.285	1867
11	21	0.5	0	1	0	108.387	1868
11	21	0.5	0	1	0	97.5833	1869
11	21	0.5	0	1	0	109.693	1870
11	21	0.5	0	1	0	108.414	1871
11	21	0.5	0	1	0	107.335	1872
11	21	0.5	0	1	0	98.7689	1873
11	21	0.5	0	1	0	103.036	1874
11	21	0.5	0	1	0	100.437	1875
12	21	0.5	0	1	0	101.882	1876
12	19	0.5	0	1	0	96.1995	1877
12	20	0.5	0	1	0	100.422	1878
12	19	0.5	0	1	0	97.0113	1879
13	19	0.5	0	1	0	97.3878	1880
13	18	0.5	0	1	0	104.945	1881
13	18	0.5	0	1	0	108.09	1882
14	18	0.5	0	1	0	106.041	1883
14	18	0.5	0	1	0	105.737	1884
14	18	0.5	0	1	0	104.594	1885
14	17	0.5	0	1	0	105.246	1886
14	17	0.5	0	1	0	99.0482	1887
15	16	0.5	0	1	0	103.891	1888
15	16	0.5	0	1	0	93.9225	1889
15	16	0.5	0	1	0	106.863	1890
15	16	0.5	0	1	0	111.107	1891
15	16	0.5	0	1	0	86.7536	1892
15	16	0.5	0	1	0	100.206	1893
15	16	0.5	0	1	0	99.7358	1894
15	16	0.5	0	1	0	102.705	1895
15	16	0.5	0	1	0	100.864	1896
15	16	0.5	0	1	0	102.001	1897
15	16	0.5	0	1	0	91.009	1898
15	16	0.5	0	1	0	98.1223	1899
15	14	0.5	0	1	0	95.8061	1900
15	14	0.5	0	1	0	87.2912	1901
15	14	0.5	0	1	0	94.6415	1902
16	14	0.5	0	1	0	89.2457	1903
16	13	0.5	0	1	0	82.2245	1904
16	13	0.5	0	1	0	94.4099	1905
16	13	0.5	0	1	0	89.622	1906
16	13	0.5	0	1	0	86.0149	1907
16	12	0	0	0	0	92.44	1908
16	12	0	0	0	0	86.9253	1909
15	11	0	0	0	0	84.6286	1910
15	11	0	0	0	0	90.4286	1911
15	12	0	0	0	0	88.952	1912
15	14	0	0	0	0	89.9612	1913
15	14	0	0	0	0	83.4122	1914
14	13	0	0	0	0	92.3003	1915
14	13	0	0	0	0	80.0864	1916
15	13	0	0	0	0	89.4832	1917
15	13	0	0	0	0	84.7977	1918
15	13	0	0	0	0	90.4611	1919
15	13	0	0	0	0	72.6371	1920
15	13	0	0	0	0	84.2742	1921
14	12	0	0	0	0	76.368	1922
14	12	0	1	0	2	80.6597	1923
14	11	0	2	0	4	81.5469	1924
14	12	0	2	0	4	75.6681	1925
14	12	0	2	0	4	85.076	1926
14	12	0	2	0	4	81.13	1927
14	12	0	2	0	4	85.5894	1928
14	11	0	2	0	4	83.3695	1929
14	11	0	2	0	4	83.8855	1930
14	11	0	2	0	4	77.2472	1931
14	10	0	2	0	4	76.8607	1932
14	10	0.5	2	1	4	79.256	1933
14	10	0.5	2	1	4	77.1943	1934
14	9	0.5	2.5	1	5	73.0939	1935
14	9	0.5	2.5	1	5	70.5476	1936
15	9	0.5	2.5	1	5	70.2592	1937
16	9	0.5	2.5	1	5	73.8277	1938
16	9	0.5	2.5	1	5	78.0498	1939
16	9	0.5	2.5	1	5	76.3721	1940
17	9	0.5	2.5	1	5	77.2391	1941
17	9	0.5	2.5	1	5	70.5743	1942
17	9	0.5	2.5	1	5	77.5243	1943
17	9	0.5	2.5	1	5	76.7832	1944
17	9	0.5	2.5	1	5	77.1992	1945
15	9	0.5	2.5	1	5	60.8868	1946
16	9	0.5	2.5	1	5	78.4487	1947
17	9	0.5	2.5	1	5	81.9154	1948
17	9	0.5	2.5	1	5	83.4971	1949
17	9	0.5	2.5	1	5	88.2238	1950
17	9	0.5	2.5	1	5	77.6796	1951
18	9	0.5	2.5	1	5	84.5013	1952
18	10	0.5	2.5	1	5	83.0011	1953
18	10	0.5	2.5	1	5	79.0823	1954
18	10	0.5	2.5	1	5	88.1983	1955
18	10	0.5	2.5	1	5	95.5129	1956
18	10	0.5	2.5	1	5	93.1325	1957
18	10	0.5	2.5	1	5	86.2645	1958
18	10	0.5	2.5	1	5	85.3705	1959
18	9	0.5	2.5	1	5	95.5115	1960
18	9	0.5	2.5	1	5	77.7375	1961
18	9	0.5	2.5	1	5	88.9266	1962
19	8	0.5	2.5	1	5	90.3536	1963
19	8	0.5	2.5	1	5	86.8658	1964
19	7	0.5	2.5	1	5	81.6451	1965
20	7	0.5	2.5	1	5	91.8387	1966
20	8	0.5	2.5	1	5	90.5228	1967
20	8	0.5	2.5	1	5	100.329	1968
20	8	0.5	2.5	1	5	90.8004	1969
21	8	0.5	2.5	1	5	88.9181	1970
21	8	0.5	2.5	1	5	82.9124	1971
20	8	0.5	2.5	1	5	90.6866	1972
20	8	0.5	2.5	1	5	95.1988	1973
20	8	0.5	2.5	1	5	86.9221	1974
20	9	0.5	2	1	4	82.4948	1975
16	8	0	1.5	0	3	76.0318	1976
17	8	0	1.5	0	3	79.3298	1977
17	8	0	1	0	2	85.1946	1978
17	8	0	0.5	0	1	84.8616	1979
17	8	0	0.5	0	1	90.1599	1980
17	8	0	0.5	0	1	84.9733	1981
17	8	0	0.5	0	1	70.9783	1982
17	8	0	0.5	0	1	85.3738	1983
17	8	0	0.5	0	1	88.2045	1984
17	8	0	0.5	0	1	81.6962	1985
17	8	0	0.5	0	1	74.2553	1986
17	8	0	0.5	0	1	76.6861	1987
17	8	0	0.5	0	1	83.737	1988
17	8	0	0	0	0	87.4337	1989
17	8	0	0	0	0	80.5054	1990
18	8	0	0	0	0	83.5023	1991
18	8	0	0	0	0	83.3551	1992
18	7	0	0	0	0	78.181	1993
18	7	0	0	0	0	79.7171	1994
18	7	0	0	0	0	71.0227	1995
18	7	0	0	0	0	79.4289	1996
18	6	0	0	0	0	70.0517	1997
18	6	0	0	0	0	75.3569	1998
18	6	0	0	0	0	80.2272	1999
18	6	0	0	0	0	74.8644	2000
18	6	0	0	0	0	74.5181	2001
18	6	0	0	0	0	80.4633	2002
18	6	0	0	0	0	74.877	2003
18	6	0	0	0	0	74.2804	2004
18	6	0	0	0	0	74.8796	2005
18	6	0	0	0	0	73.9826	2006
17	6	0	0	0	0	69.0701	2007
18	6	0	0	0	0	74.7439	2008
19	6	0	0	0	0	80.283	2009
19	6	0	0	0	0	79.8115	2010
20	6	0	0	0	0	83.4091	2011
20	9	0	0	0	0	81.8987	2012
19	9	0	0	0	0	94.2579	2013
19	9	0	0	0	0	80.6317	2014
19	9	0	0	0	0	87.5575	2015
20	9	0	0	0	0	92.8921	2016
20	9	0	0	0	0	95.4234	2017
20	9	0	0	0	0	92.2768	2018
20	8	0	0	0	0	91.1768	2019
19	8	0	0	0	0	82.5017	2020
17	9	0	0	0	0	79.9834	2021
17	9	0	0	0	0	77.9823	2022
18	9	0	0	0	0	88.1794	2023
18	9	0	0	0	0	92.3685	2024
18	9	0	0	0	0	93.8346	2025
18	9	0	0	0	0	88.2252	2026
18	9	0	0	0	0	87.2091	2027
18	9	0	0	0	0	89.9191	2028
18	9	0	0	0	0	89.7549	2029
18	9	0	0	0	0	85.5117	2030
18	9	0	0	0	0	94.1275	2031
18	9	0	0	0	0	91.8939	2032
18	9	0	0	0	0	89.5656	2033
19	9	0	0	0	0	93.7863	2034
19	9	0	0	0	0	104.506	2035
19	9	0	0	0	0	72.3703	2036
19	9	0	0	0	0	94.5994	2037
18	9	0	0	0	0	88.1729	2038
18	9	0	0	0	0	90.0918	2039
18	9	0	0	0	0	88.0083	2040
19	9	0	0	0	0	88.5491	2041
20	9	0	0	0	0	89.1382	2042
20	9	0	0	0	0	93.0489	2043
19	9	0	0	0	0	91.0637	2044
20	10	0	0	0	0	94.774	2045
20	10	0	0	0	0	103.242	2046
21	10	0	0	0	0	97.0926	2047
21	10	0	0	0	0	91.3819	2048
21	10	0	0	0	0	90.123	2049
21	10	0	0	0	0	96.9446	2050
21	9	0	0	0	0	105.738	2051
21	9	0	0	0	0	104.513	2052
22	9	0	0	0	0	97.9702	2053
22	9	0	0	0	0	108.481	2054
22	9	0	0	0	0	99.7104	2055
21	9	0	0	0	0	97.151	2056
21	9	0	0	0	0	80.8005	2057
22	9	0	0	0	0	104.358	2058
22	9	0	0	0	0	103.388	2059
23	9	0	0	0	0	85.0594	2060
23	9	0	0	0	0	112.331	2061
23	9	0	0	0	0	105.476	2062
24	8	0	0	0	0	104.991	2063
24	10	0	0	0	0	115.976	2064
25	10	0	0	0	0	107.909	2065
25	10	0	0	0	0	106.659	2066
24	10	0	0	0	0	103.465	2067
23	10	0	0	0	0	114.776	2068
23	10	0	0	0	0	106.681	2069
24	10	0	0	0	0	110.069	2070
24	10	0	0	0	0	124.147	2071
25	10	0	0	0	0	112.516	2072
25	10	0	0	0	0	102.964	2073
24	10	0	0	0	0	113.794	2074
24	10	0	0	0	0	116.273	2075
25	10	0	0	0	0	120.415	2076
25	10	0	0	0	0	130.917	2077
25	10	0	0	0	0	122.875	2078
25	10	0	0	0	0	95.348	2079
26	10	0	0	0	0	127.7	2080
26	9	0	0	0	0	124.871	2081
27	9	0	0	0	0	115.935	2082
26	9	0	0	0	0	119.799	2083
26	9	0	0	0	0	117.701	2084
26	9	0	0	0	0	124.675	2085
26	9	0	0	0	0	117.611	2086
26	9	0	0	0	0	120.824	2087
26	10	0	0	0	0	124.818	2088
26	11	0	0	0	0	112.965	2089
26	11	0	0	0	0	108.307	2090
24	11	0	0	0	0	109.843	2091
22	11	0	0	0	0	102.877	2092
22	11	0	0	0	0	113.663	2093
22	11	0	0	0	0	96.026	2094
22	12	0	0	0	0	108.463	2095
21	10	0	0	0	0	109.705	2096
21	11	0	0	0	0	103.335	2097
19	11	0	0	0	0	91.7874	2098
19	11	0	0	0	0	92.4184	2099
20	11	0	0	0	0	101.123	2100
20	11	0	0	0	0	106.762	2101
21	11	0	0	0	0	105.972	2102
21	11	0	0	0	0	110.164	2103
21	11	0	0	0	0	100.466	2104
19	11	0	0	0	0	97.603	2105
20	11	0	0	0	0	108.214	2106
20	11	0	0	0	0	104.834	2107
20	11	0	0	0	0	102.674	2108
20	11	0	0	0	0	96.7872	2109
20	11	0	0	0	0	98.0503	2110
20	11	0	0	0	0	96.5661	2111
18	11	0	0	0	0	91.8328	2112
18	11	0	0	0	0	85.9992	2113
19	11	0	0	0	0	100.396	2114
20	11	0	0	0	0	80.3013	2115
19	11	0	0	0	0	87.6369	2116
17	9	0	0	0	0	88.5712	2117
16	9	0	0	0	0	64.7882	2118
16	9	0	0	0	0	81.1567	2119
16	9	0	0	0	0	86.1876	2120
16	9	0	0	0	0	71.205	2121
16	9	0	0	0	0	91.3163	2122
16	9	0	0	0	0	85.6075	2123
16	9	0	0	0	0	80.2151	2124
16	8	0	0	0	0	85.1625	2125
16	8	0	0	0	0	79.04	2126
15	8	0	0	0	0	76.7522	2127
15	8	0	0	0	0	82.5824	2128
16	8	0	0	0	0	77.1478	2129
16	8	0	0	0	0	66.6428	2130
17	8	0	0	0	0	51.3718	2131
17	8	0	0	0	0	91.6882	2132
17	8	0	0	0	0	87.6772	2133
17	8	0	0	0	0	85.9017	2134
17	8	0	0	0	0	75.3416	2135
17	8	0	0	0	0	92.786	2136
17	8	0	0	0	0	82.1977	2137
17	8	0	0	0	0	78.5008	2138
18	8	0	0	0	0	70.1895	2139
18	8	0	0	0	0	79.1031	2140
18	8	0	0	0	0	95.8086	2141
18	8	0	0	0	0	91.2128	2142
18	8	0	0	0	0	79.601	2143
18	8	0	0	0	0	84.5322	2144
19	8	0	0	0	0	82.9396	2145
18	9	0	0	0	0	87.8685	2146
18	9	0	0	0	0	95.2477	2147
18	10	0	0	0	0	88.8708	2148
18	10	0	0	0	0	88.3634	2149
18	10	0	0	0	0	95.5076	2150
18	10	0	0	0	0	93.9907	2151
18	10	0	0	0	0	87.8092	2152
18	10	0	0	0	0	100.335	2153
18	10	0	0	0	0	102.709	2154
18	10	0	0	0	0	89.5751	2155
17	10	0	0	0	0	79.654	2156
18	9	0	0	0	0	73.0899	2157
18	9	0	0	0	0	78.9234	2158
19	9	0	0	0	0	72.2914	2159
19	9	0	0	0	0	82.4929	2160
19	9	0	0	0	0	80.881	2161
18	7	0	0	0	0	79.6526	2162
18	6	0	0	0	0	80.1174	2163
18	6	0	0	0	0	69.7041	2164
18	6	0	0	0	0	89.3358	2165
19	6	0	0	0	0	84.363	2166
19	5	0	0	0	0	76.1874	2167
19	5	0	0	0	0	77.8728	2168
19	5	0	0	0	0	90.127	2169
19	5	0	0	0	0	90.1266	2170
19	5	0	0	0	0	90.127	2171
19	5	0	0	0	0	74.518	2172
19	7	0	0	0	0	81.7046	2173
19	7	0	0	0	0	95.4725	2174
19	7	0	0	0	0	82.5172	2175
19	7	0	0	0	0	95.1097	2176
19	7	0	0	0	0	84.5097	2177
19	7	0	0	0	0	85.4533	2178
19	7	0	0	0	0	81.4143	2179
19	7	0	0	0	0	59.9949	2180
19	7	0	0	0	0	66.0733	2181
11	7	0	0	0	0	48.0695	2182
11	7	0	0	0	0	64.2067	2183
11	8	0	0	0	0	61.3273	2184
10	8	0	0	0	0	58.8608	2185
10	8	0	0	0	0	44.4832	2186
10	8	0	0	0	0	62.1625	2187
10	8	0	0	0	0	57.1087	2188
10	8	0	0	0	0	55.541	2189
10	8	0	0	0	0	55.1955	2190
9	8	0	0	0	0	60.3031	2191
9	8	0	0	0	0	61.749	2192
9	8	0	0	0	0	48.8977	2193
9	8	0	0	0	0	50.5134	2194
8	8	0	0	0	0	52.8198	2195
8	8	0	0	0	0	50.9486	2196
8	8	0	0	0	0	56.3667	2197
8	8	0	0	0	0	50.1533	2198
9	8	0	0	0	0	49.0767	2199
9	8	0	0	0	0	52.6901	2200
9	8	0	0	0	0	52.6287	2201
11	8	0	0	0	0	51.6652	2202
11	9	0	0	0	0	48.986	2203
11	9	0	0	0	0	51.5769	2204
11	9	0	0	0	0	50.6795	2205
11	9	0	0	0	0	54.8004	2206
11	9	0	0	0	0	53.0769	2207
11	9	0	0	0	0	51.9558	2208
10	9	0	0	0	0	52.0248	2209
10	9	0	0	0	0	54.774	2210
10	9	0	0	0	0	58.4212	2211
10	9	0	0	0	0	62.8632	2212
10	9	0	0	0	0	63.2286	2213
10	9	0	0	0	0	65.5173	2214
10	9	0	0	0	0	53.557	2215
10	9	0	0	0	0	64.622	2216
10	9	0	0	0	0	64.7463	2217
10	9	0	0	0	0	62.951	2218
10	9	0	0	0	0	61.7206	2219
10	9	0	0	0	0	62.8389	2220
10	9	0	0	0	0	68.1948	2221
10	9	0	0	0	0	55.7716	2222
10	9	0	0	0	0	65.4331	2223
10	9	0	0	0	0	65.4744	2224
10	9	0	0	0	0	57.4955	2225
10	9	0	0	0	0	50.6311	2226
11	12	0	0	0	0	63.5215	2227
11	12	0	0	0	0	55.3714	2228
11	12	0	0	0	0	72.1375	2229
11	12	0	0	0	0	77.2156	2230
11	12	0	0	0	0	72.6928	2231
11	12	0	0	0	0	61.9417	2232
11	12	0	0	0	0	47.2721	2233
11	12	0	0	0	0	60.982	2234
11	12	0	0	0	0	58.0275	2235
11	11	0	0	0	0	62.6023	2236
11	11	0	0	0	0	62.967	2237
11	10	0	0	0	0	62.8678	2238
11	10	0	0	0	0	60.109	2239
11	10	0	0	0	0	63.4565	2240
11	10	0	0	0	0	59.9592	2241
10	10	0	0	0	0	62.967	2242
9	10	0	0	0	0	57.7103	2243
9	10	0	0	0	0	62.5057	2244
9	10	0	0	0	0	56.2749	2245
9	10	0	0	0	0	63.9154	2246
9	9	0	0	0	0	51.8607	2247
9	9	0	0	0	0	57.1486	2248
9	9	0	0	0	0	62.1809	2249
9	9	0	0	0	0	64.7931	2250
9	9	0	0	0	0	57.4473	2251
9	8	0	0	0	0	54.0808	2252
9	8	0	0	0	0	53.5148	2253
9	8	0	0	0	0	57.6504	2254
10	8	0	0	0	0	58.4685	2255
10	8	0	0	0	0	54.7447	2256
10	8	0	0	0	0	54.4753	2257
9	8	0	0	0	0	62.09	2258
10	8	0	0	0	0	56.1827	2259
11	8	0	0	0	0	58.3272	2260
11	8	0	0	0	0	55.7947	2261
11	8	0	0	0	0	66.9464	2262
11	8	0	0	0	0	59.1734	2263
11	8	0	0	0	0	58.4872	2264
11	8	0	0	0	0	63.7467	2265
11	8	0	0	0	0	63.5139	2266
11	8	0	0	0	0	62.5664	2267
11	8	0	0	0	0	63.5946	2268
11	9	0	0	0	0	56.8926	2269
10	9	0	0	0	0	57.4992	2270
10	10	0	0	0	0	58.773	2271
11	12	0	0	0	0	60.0541	2272
11	12	0	0	0	0	57.8328	2273
11	12	0	0	0	0	60.2417	2274
11	12	0	0	0	0	61.8747	2275
11	12	0	0	0	0	68.5605	2276
11	11	0	0	0	0	71.5295	2277
11	11	0	0	0	0	61.7664	2278
10	11	0	0	0	0	61.7908	2279
10	11	0	0	0	0	63.5238	2280
8	11	0	0	0	0	62.648	2281
8	11	0	0	0	0	61.4304	2282
7	11	0	0	0	0	58.0841	2283
7	11	0	0	0	0	56.7737	2284
7	10	0	0	0	0	44.5009	2285
7	10	0	0	0	0	50.4078	2286
7	9	0	0	0	0	43.2423	2287
7	8	0	0	0	0	50.0866	2288
7	8	0	0	0	0	48.8206	2289
7	8	0	0	0	0	42.966	2290
7	8	0	0	0	0	40.0075	2291
7	8	0	0	0	0	38.8763	2292
6	6	0	0	0	0	34.7665	2293
6	6	0	0	0	0	34.1834	2294
7	6	0	0	0	0	35.7094	2295
7	6	0	0	0	0	40.7414	2296
7	6	0	0	0	0	31.7977	2297
7	5	0	0	0	0	29.9949	2298
7	5	0	0	0	0	35.8068	2299
7	5	0	0	0	0	38.9805	2300
7	5	0	0	0	0	39.9208	2301
7	5	0	0	0	0	34.406	2302
7	5	0	0	0	0	28.5325	2303
7	5	0	0	0	0	38.232	2304
7	5	0	0	0	0	37.7881	2305
7	5	0	0	0	0	37.7503	2306
7	5	0	0	0	0	34.9871	2307
7	5	0	0	0	0	38.84	2308
7	5	0	0	0	0	22.7518	2309
7	5	0	0	0	0	34.0689	2310
6	5	0.5	0	1	0	33.2343	2311
6	5	0.5	0	1	0	35.5253	2312
7	5	0.5	0.5	1	1	30.8771	2313
7	5	0.5	0.5	1	1	33.3217	2314
8	5	0.5	0.5	1	1	32.068	2315
7	5	0.5	0.5	1	1	36.557	2316
7	5	0.5	0.5	1	1	31.0177	2317
7	5	0.5	0.5	1	1	39.5364	2318
8	5	0.5	0.5	1	1	37.4257	2319
8	5	0.5	0.5	1	1	43.976	2320
9	5	0.5	0.5	1	1	38.1692	2321
9	5	0.5	0.5	1	1	42.5131	2322
9	5	0.5	0.5	1	1	41.017	2323
9	5	0.5	0.5	1	1	41.2905	2324
9	5	0.5	0.5	1	1	43.6304	2325
9	5	0.5	0.5	1	1	43.0058	2326
9	5	0.5	0.5	1	1	43.1762	2327
8	5	0.5	0.5	1	1	38.1774	2328
8	5	0.5	0.5	1	1	45.7011	2329
8	5	0.5	0.5	1	1	43.0914	2330
8	5	0.5	0.5	1	1	42.5455	2331
8	5	0.5	0.5	1	1	40.9416	2332
8	5	0.5	0.5	1	1	40.6415	2333
8	5	0.5	0.5	1	1	43.6542	2334
8	5	0.5	0.5	1	1	41.3453	2335
8	5	0.5	0.5	1	1	31.9895	2336
8	5	0.5	0.5	1	1	41.2439	2337
8	5	0.5	0.5	1	1	35.917	2338
8	5	0.5	0.5	1	1	39.9766	2339
8	5	0.5	0.5	1	1	39.3718	2340
8	5	0.5	0.5	1	1	42.8538	2341
8	5	0.5	0.5	1	1	38.4719	2342
8	5	0.5	0.5	1	1	34.5739	2343
8	5	0.5	0.5	1	1	36.0809	2344
8	5	0.5	0.5	1	1	41.7357	2345
8	5	0.5	0.5	1	1	37.4064	2346
9	5	0.5	0.5	1	1	39.6617	2347
9	5	0.5	0.5	1	1	33.5352	2348
9	5	0.5	0.5	1	1	41.929	2349
8	5	0.5	0.5	1	1	39.1952	2350
8	6	0.5	0.5	1	1	40.0903	2351
8	6	0.5	0.5	1	1	39.5241	2352
8	6	0.5	0.5	1	1	44.9574	2353
8	6	0.5	0.5	1	1	42.5873	2354
8	6	0.5	0.5	1	1	43.4241	2355
8	6	0.5	0.5	1	1	45.4232	2356
8	6	0.5	0.5	1	1	44.1289	2357
8	6	0.5	0.5	1	1	45.268	2358
8	6	0.5	0.5	1	1	43.027	2359
9	6	0	0.5	0	1	40.0772	2360
9	6	0	0.5	0	1	43.0427	2361
9	6	0	0.5	0	1	46.0102	2362
9	6	0	0.5	0	1	48.8115	2363
9	6	0	0.5	0	1	43.5893	2364
9	5	0	0.5	0	1	44.0808	2365
10	5	0	0	0	0	38.0771	2366
10	5	0	0	0	0	47.0826	2367
10	5	0	0	0	0	50.9196	2368
10	5	0	0	0	0	41.9795	2369
10	5	0	0	0	0	51.3044	2370
10	5	0	0	0	0	46.3781	2371
10	5	0	0	0	0	44.9945	2372
10	5	0	0	0	0	46.4801	2373
10	5	0	0	0	0	48.5305	2374
10	5	0	0	0	0	44.5376	2375
10	5	0	0	0	0	44.9393	2376
10	4	0	0	0	0	48.2294	2377
10	4	0	0	0	0	42.2058	2378
10	4	0	0	0	0	46.0758	2379
10	4	0	0	0	0	42.0487	2380
10	4	0	0	0	0	42.0956	2381
10	4	0	0	0	0	45.9396	2382
10	4	0	0	0	0	44.1537	2383
10	4	0	0	0	0	43.1334	2384
10	4	0	0	0	0	34.6772	2385
9	4	0	0	0	0	34.5467	2386
8	3	0	0	0	0	30.7681	2387
8	3	0	0	0	0	37.0703	2388
8	3	0	0	0	0	28.8922	2389
8	3	0	0	0	0	31.903	2390
7	3	0	0	0	0	31.2532	2391
7	3	0	0	0	0	29.0687	2392
7	3	0	0	0	0	30.795	2393
7	3	0	0	0	0	31.4453	2394
7	3	0	0	0	0	33.2253	2395
7	3	0	0	0	0	29.775	2396
7	7	0	0	0	0	28.7893	2397
7	7	0	0	0	0	20.2606	2398
7	7	0	0	0	0	41.7359	2399
7	7	0	0	0	0	41.9358	2400
7	7	0	0	0	0	42.7399	2401
7	7	0	0	0	0	34.8056	2402
7	7	0	0	0	0	36.4384	2403
7	7	0	0	0	0	36.5347	2404
6	7	0	0	0	0	34.3662	2405
5	7	0	0	0	0	40.8597	2406
5	7	0	0	0	0	34.8177	2407
5	6	0	0	0	0	35.6726	2408
5	6	0	0	0	0	37.4555	2409
5	6	0	0	0	0	34.4605	2410
5	6	0	0	0	0	36.4623	2411
5	6	0	0	0	0	29.4512	2412
5	6	0	0	0	0	35.0719	2413
6	6	0	0	0	0	32.6355	2414
6	6	0.5	0	1	0	29.1183	2415
6	6	0.5	0	1	0	31.1175	2416
6	6	0.5	0	1	0	33.1144	2417
7	7	0.5	0	1	0	36.1413	2418
7	6	0.5	0.5	1	1	33.7572	2419
7	6	0.5	0.5	1	1	31.4278	2420
7	6	0.5	0.5	1	1	37.4829	2421
7	6	0.5	0.5	1	1	32.179	2422
7	6	0.5	0.5	1	1	42.3434	2423
7	6	0.5	0.5	1	1	38.7932	2424
7	7	0.5	0.5	1	1	41.4738	2425
7	7	0.5	0.5	1	1	35.7375	2426
7	7	0.5	0.5	1	1	28.5174	2427
6	7	0.5	0.5	1	1	36.0331	2428
6	7	0.5	0.5	1	1	42.378	2429
6	7	0.5	0.5	1	1	43.3337	2430
6	7	0.5	0.5	1	1	44.5509	2431
6	7	0.5	0.5	1	1	36.5205	2432
6	6	0.5	0.5	1	1	34.6502	2433
5	6	0.5	0.5	1	1	35.0917	2434
5	6	0.5	0.5	1	1	35.4823	2435
5	6	0.5	0.5	1	1	33.5619	2436
6	6	0.5	0.5	1	1	35.9088	2437
6	6	0.5	0.5	1	1	34.5329	2438
6	6	0.5	0.5	1	1	35.9088	2439
6	6	0.5	0.5	1	1	32.5188	2440
6	6	0.5	0.5	1	1	35.5565	2441
6	6	0.5	0.5	1	1	41.4008	2442
6	6	0.5	0.5	1	1	39.8331	2443
6	6	0.5	0.5	1	1	39.8331	2444
6	6	0.5	0.5	1	1	39.8331	2445
6	6	0.5	0.5	1	1	39.0195	2446
6	6	0.5	0.5	1	1	41.4158	2447
6	6	0.5	0.5	1	1	41.4962	2448
6	6	0.5	0.5	1	1	32.858	2449
6	6	0.5	0.5	1	1	39.4844	2450
6	6	0.5	0.5	1	1	37.5643	2451
6	8	0.5	0.5	1	1	38.4984	2452
6	8	0.5	0.5	1	1	36.2977	2453
6	8	0.5	0.5	1	1	38.3678	2454
6	8	0.5	0.5	1	1	34.842	2455
6	8	0.5	0.5	1	1	41.4878	2456
6	8	0.5	0.5	1	1	29.5635	2457
6	8	0.5	0.5	1	1	37.4933	2458
6	8	0.5	0.5	1	1	32.9509	2459
6	8	0.5	0.5	1	1	44.7789	2460
5	8	0.5	0.5	1	1	42.0973	2461
6	8	0.5	0.5	1	1	44.5184	2462
6	8	0.5	0.5	1	1	40.907	2463
6	8	0.5	0.5	1	1	41.1617	2464
6	8	0.5	0.5	1	1	43.6705	2465
6	8	0.5	0.5	1	1	44.0111	2466
6	8	0.5	0.5	1	1	37.4842	2467
6	8	0.5	0.5	1	1	36.7606	2468
6	8	0.5	0.5	1	1	35.8102	2469
6	10	0.5	0.5	1	1	37.8062	2470
5	10	0.5	0.5	1	1	38.2005	2471
5	10	0.5	0.5	1	1	48.4766	2472
6	10	0.5	0.5	1	1	48.0201	2473
7	10	0.5	0.5	1	1	31.2785	2474
8	10	0.5	0.5	1	1	48.6865	2475
8	10	0	0.5	0	1	50.9548	2476
9	10	0	0.5	0	1	37.9135	2477
10	11	0	0	0	0	51.4082	2478
10	11	0	0	0	0	63.5282	2479
10	11	0	0	0	0	76.7559	2480
10	12	0	0	0	0	67.9262	2481
10	12	0	0	0	0	66.1257	2482
10	12	0	0	0	0	67.9069	2483
9	11	0	0	0	0	65.3598	2484
9	11	0	0	0	0	67.3291	2485
9	11	0	0	0	0	69.5576	2486
9	11	0	0	0	0	73.344	2487
9	12	0	0	0	0	64.504	2488
9	12	0	0	0	0	72.8219	2489
9	12	0	0	0	0	53.1728	2490
9	12	0	0	0	0	73.9773	2491
9	12	0	0	0	0	57.3846	2492
10	12	0	0	0	0	74.0219	2493
10	12	0	0	0	0	56.709	2494
10	11	0	0	0	0	68.5534	2495
10	11	0	0	0	0	77.0756	2496
10	11	0	0	0	0	56.7233	2497
10	11	0	0	0	0	58.9408	2498
10	11	0	0	0	0	67.3491	2499
9	11	0	0	0	0	65.0267	2500
9	11	0	0	0	0	73.0921	2501
9	11	0	0	0	0	71.5935	2502
9	11	0	0	0	0	62.734	2503
9	11	0	0	0	0	65.7923	2504
9	11	0	0	0	0	68.2658	2505
9	10	0	0	0	0	49.7075	2506
9	10	0	0	0	0	52.7599	2507
9	10	0	0	0	0	59.3556	2508
9	10	0	0	0	0	59.4439	2509
9	10	0	0	0	0	59.3288	2510
9	9	0	0	0	0	64.3088	2511
9	9	0	0	0	0	64.7733	2512
9	9	0	0	0	0	61.7839	2513
9	10	0	0	0	0	51.532	2514
9	11	0	0	0	0	51.0484	2515
9	11	0	0	0	0	58.9657	2516
9	11	0	0	0	0	64.2754	2517
9	11	0	0	0	0	64.206	2518
8	11	0	0	0	0	60.7388	2519
8	11	0	0	0	0	66.5172	2520
8	12	0	0	0	0	59.6463	2521
8	12	0	0	0	0	49.4249	2522
7	12	0	0	0	0	65.475	2523
7	12	0	0	0	0	68.3106	2524
8	12	0	0	0	0	61.5565	2525
8	12	0	0	0	0	61.2013	2526
8	12	0	0	0	0	73.0309	2527
8	12	0	0	0	0	60.8173	2528
8	13	0	0	0	0	51.3456	2529
8	13	0	0	0	0	74.8574	2530
8	13	0	0	0	0	70.7705	2531
8	13	0	0	0	0	66.7093	2532
8	13	0	0	0	0	71.2136	2533
8	13	0	0	0	0	70.1851	2534
8	13	0	0	0	0	64.2764	2535
8	13	0	0	0	0	71.5334	2536
8	13	0	0	0	0	69.3364	2537
8	13	0	0	0	0	67.4201	2538
7	13	0	0	0	0	63.8846	2539
7	13	0	0	0	0	60.8349	2540
7	13	0	0	0	0	66.006	2541
7	13	0	0	0	0	62.4493	2542
7	13	0	0	0	0	66.4349	2543
7	13	0	0	0	0	58.2141	2544
7	13	0	0	0	0	64.753	2545
7	12	0	0	0	0	49.8212	2546
7	11	0	0	0	0	60.3978	2547
7	11	0	0	0	0	48.6098	2548
7	11	0	0	0	0	63.4925	2549
7	11	0	0	0	0	48.8334	2550
4	11	0	0	0	0	50.2379	2551
4	11	0	0	0	0	31.832	2552
4	11	0	0	0	0	48.9294	2553
4	11	0	0	0	0	48.2601	2554
4	11	0	0	0	0	40.4827	2555
4	11	0	0	0	0	46.9622	2556
4	11	0	0	0	0	37.8342	2557
4	10	0	0	0	0	43.2225	2558
4	10	0	0	0	0	46.5639	2559
4	10	0	0	0	0	43.6807	2560
4	9	0	0	0	0	39.5857	2561
4	9	0	0	0	0	37.6021	2562
3	8	0	0	0	0	29.7738	2563
3	7	0	0	0	0	31.0985	2564
3	7	0	0	0	0	31.5054	2565
3	7	0	0	0	0	29.566	2566
3	7	0	0	0	0	26.1509	2567
3	6	0	0	0	0	21.3524	2568
3	5	0	0	0	0	17.7932	2569
3	5	0	0	0	0	21.2342	2570
3	4	0	0	0	0	16.9608	2571
3	4	0	0	0	0	19.3858	2572
3	4	0	0	0	0	17.7581	2573
3	4	0	0	0	0	9.55984	2574
3	4	0	0	0	0	20.0701	2575
3	4	0	0	0	0	16.1283	2576
3	4	0	0	0	0	14.5062	2577
2	4	0	0	0	0	16.4458	2578
2	4	0	0	0	0	15.6408	2579
2	4	0	0	0	0	15.0745	2580
2	4	0	0	0	0	13.081	2581
2	4	0	0	0	0	14.6677	2582
2	4	0	0	0	0	11.904	2583
2	4	0	0	0	0	8.38052	2584
2	4	0	0	0	0	8.70038	2585
0	4	0	0	0	0	8.47482	2586
0	4	0	0	0	0	7.63498	2587
0	4	0	0	0	0	8.47503	2588
0	4	0	0	0	0	6.82812	2589
0	4	0	0	0	0	6.30447	2590
0	4	0	0	0	0	8.38052	2591
0	4	0	0	0	0	7.09701	2592
0	4	0	0	0	0	3.18141	2593
0	4	0	0	0	0	0.0108627	2594
0	3	0	0	0	0	4.07208	2595
0	3	0	0	0	0	4.73047	2596
0	3	0	0	0	0	4.73047	2597
0	3	0	0	0	0	2.35385	2598
0	3	0	0	0	0	4.5794	2599
0	3	0	0	0	0	1.61203	2600
0	3	0	0	0	0	4.24543	2601
0	3	0	0	0	0	3.14138	2602
0	3	0	0	0	0	4.73047	2603
0	3	0	0	0	0	2.38167	2604
0	3	0	0	0	0	4.54036	2605
0	3	0	0	0	0	4.04131	2606
0	3	0	0	0	0	4.73047	2607
0	3	0	0	0	0	nan	2608
