unique_top_cov	unique_bot_cov	redundant_top_cov	redundant_bot_cov	raw_redundant_top_cov	raw_redundant_bot_cov	e_value	position
0	0	0	0	0	0	nan	1
0	0	0	0	0	0	nan	2
0	0	0	0	0	0	nan	3
2	0	0	0	0	0	nan	4
2	1	0	0	0	0	-0.704903	5
2	1	0.333333	0	1	0	1.4387	6
2	1	0.666667	0	2	0	4.08149	7
3	1	0.666667	0	2	0	1.99264	8
4	1	0.666667	0	2	0	3.25323	9
4	2	0.666667	0	2	0	8.38132	10
4	2	0.666667	0	2	0	15.7497	11
4	2	0.666667	0	2	0	15.3541	12
4	2	0.666667	0	2	0	13.0908	13
4	2	0.666667	0	2	0	16.8297	14
4	2	0.666667	0	2	0	12.6437	15
4	2	0.666667	0	2	0	13.1045	16
4	2	0.666667	0	2	0	17.5306	17
4	2	0.666667	0	2	0	16.5655	18
4	3	0.666667	0	2	0	14.2612	19
4	5	0.666667	0	2	0	15.0087	20
4	5	0.666667	0	2	0	19.4218	21
4	5	0.666667	0	2	0	27.0865	22
4	5	0.666667	0	2	0	24.2496	23
4	5	0.666667	0	2	0	25.0215	24
4	5	0.666667	0	2	0	27.5916	25
4	5	0.666667	0	2	0	24.7459	26
4	5	1	0	3	0	25.0483	27
4	6	1	0	3	0	28.4858	28
4	6	1	0	3	0	28.567	29
6	6	1	0	3	0	31.8539	30
6	6	1	0	3	0	37.068	31
6	6	1.33333	0	4	0	39.2134	32
6	6	1.33333	0	4	0	39.6644	33
6	6	1.33333	0	4	0	40.026	34
6	7	1.33333	0	4	0	37.068	35
6	7	1.33333	0	4	0	40.026	36
7	7	1.33333	0	4	0	38.535	37
9	7	1.33333	0	4	0	46.8233	38
9	7	1.33333	0	4	0	44.1771	39
9	7	1.33333	0	4	0	52.3738	40
10	7	1.33333	0	4	0	53.3975	41
10	8	1.33333	0	4	0	59.0318	42
10	8	1.33333	0	4	0	46.5565	43
10	10	1.33333	0	4	0	58.2066	44
10	10	1.33333	0	4	0	59.0901	45
11	10	1.33333	0	4	0	54.3674	46
12	10	1.33333	0	4	0	62.5168	47
13	11	1.33333	0	4	0	53.76	48
13	11	1.33333	0	4	0	77.7655	49
13	12	1.33333	0	4	0	58.459	50
13	12	1.33333	0	4	0	64.1352	51
14	14	1.33333	0	4	0	71.922	52
14	14	1.33333	0	4	0	97.4116	53
15	14	1.33333	0	4	0	97.684	54
15	14	1.33333	0	4	0	88.2696	55
16	14	1.33333	0	4	0	100.631	56
16	16	1.33333	0	4	0	89.9809	57
16	16	1.33333	0	4	0	110.174	58
16	16	1.33333	0	4	0	113.787	59
17	16	1	0	3	0	107.983	60
17	16	1	0	3	0	109.145	61
17	16	1	0	3	0	112.562	62
17	16	1	0	3	0	107.271	63
17	16	1	0	3	0	117.189	64
18	16	1	0	3	0	120.765	65
18	16	0.666667	0	2	0	120.126	66
18	16	0.333333	0	1	0	117.977	67
18	16	0.333333	0	1	0	116.036	68
18	16	0.333333	0	1	0	117.251	69
18	16	0.333333	0	1	0	111.7	70
18	17	0.333333	0	1	0	128.823	71
18	17	0.333333	0	1	0	122.189	72
18	17	0.333333	0	1	0	119.211	73
18	18	0	0	0	0	112.679	74
18	19	0	0	0	0	129.746	75
18	19	0	0	0	0	119.571	76
18	19	0	0	0	0	111.416	77
18	19	0	0	0	0	131.307	78
18	19	0	0	0	0	133.376	79
18	21	0	0	0	0	128.979	80
18	21	0	0	0	0	136.08	81
18	21	0	0	0	0	106.487	82
19	21	0	0	0	0	132.638	83
19	21	0	0	0	0	126.311	84
19	20	0	0	0	0	129.679	85
19	20	0	0	0	0	132.825	86
19	19	0	0	0	0	122.308	87
19	19	0	0	0	0	139.567	88
19	19	0	0	0	0	132.531	89
20	20	0	0	0	0	128.694	90
20	21	0	0	0	0	136.732	91
19	21	0	0	0	0	131.129	92
19	21	0	0	0	0	131.276	93
19	21	0	0	0	0	135.795	94
19	21	0	0	0	0	141.189	95
19	21	0	0	0	0	126.307	96
20	21	0	0	0	0	146.291	97
20	21	0	0	0	0	142.531	98
20	21	0	0	0	0	136.731	99
22	21	0	0	0	0	140.164	100
22	21	0	0	0	0	137.466	101
22	23	0	0	0	0	138.414	102
22	23	0	0	0	0	141.927	103
20	23	0	0	0	0	141.748	104
20	23	0	0	0	0	154.579	105
20	23	0	0	0	0	143.691	106
20	23	0	0	0	0	125.608	107
20	22	0	0	0	0	155.097	108
20	22	0	0	0	0	141.052	109
20	23	0	0	0	0	146.3	110
20	23	0	0	0	0	158.151	111
21	23	0	0	0	0	138.655	112
21	23	0	0	0	0	138.687	113
21	23	0	0	0	0	151.405	114
21	23	0	0	0	0	149.013	115
21	23	0	0	0	0	164.404	116
21	23	0	0	0	0	165.824	117
21	23	0	0	0	0	143.304	118
21	23	0	0	0	0	145.748	119
21	23	0	0	0	0	149.802	120
21	23	0	0	0	0	160.197	121
21	23	0	0	0	0	154.599	122
21	23	0	0	0	0	150.994	123
21	23	0	0	0	0	133.653	124
21	23	0	0	0	0	144.376	125
21	23	0	0	0	0	151.327	126
21	23	0	0	0	0	161.997	127
21	23	0	0	0	0	150.998	128
21	23	0	0	0	0	148.644	129
21	23	0	0	0	0	149.766	130
20	23	0	0	0	0	157.591	131
21	22	0	0	0	0	143.031	132
21	22	0	0	0	0	149.491	133
21	22	0	0	0	0	154.458	134
21	23	0	0	0	0	151.941	135
21	23	0	0	0	0	151.906	136
21	23	0	0	0	0	155.158	137
21	22	0	0	0	0	155.837	138
21	21	0	0	0	0	136.043	139
21	21	0	0	0	0	138.5	140
22	21	0	0	0	0	142.081	141
22	20	0	0	0	0	133.615	142
22	20	0	0	0	0	137.285	143
21	18	0	0	0	0	101.968	144
21	18	0	0	0	0	145.071	145
21	18	0	0	0	0	145.854	146
21	19	0	0	0	0	89.42	147
21	20	0	0	0	0	145.073	148
21	20	0	0	0	0	120.691	149
21	20	0	0	0	0	139.926	150
21	20	0	0	0	0	129.023	151
21	19	0	0	0	0	130.117	152
21	19	0	0	0	0	144.155	153
22	19	0	0	0	0	140.75	154
21	18	0	0	0	0	135.637	155
21	19	0	0	0	0	123.065	156
19	19	0	0	0	0	131.272	157
19	20	0	0	0	0	119.13	158
19	20	0	0	0	0	125.076	159
19	19	0	0	0	0	137.049	160
19	19	0	0	0	0	142.718	161
19	19	0	0	0	0	122.007	162
19	19	0	0	0	0	118.471	163
19	19	0	0	0	0	140.287	164
19	19	0	0	0	0	142.395	165
19	19	0	0	0	0	131.183	166
19	19	0	0	0	0	139.605	167
19	18	0	0	0	0	118.439	168
19	18	0	0	0	0	137.968	169
19	18	0	0	0	0	121.503	170
19	24	0	0	0	0	138.547	171
19	24	0	0	0	0	123.69	172
19	24	0	0	0	0	126.481	173
19	24	0	0	0	0	134.689	174
19	24	0	0	0	0	116.652	175
19	24	0	0	0	0	104.512	176
19	24	0	0	0	0	139.462	177
19	23	0	0	0	0	126.658	178
19	23	0	0	0	0	123.353	179
12	23	0	0	0	0	126.364	180
12	24	0	0	0	0	105.495	181
12	24	0	0	0	0	93.4307	182
11	23	0	0	0	0	94.8539	183
11	23	0	0	0	0	97.8399	184
11	23	0	0	0	0	96.1314	185
11	23	0	0	0	0	101.349	186
8	23	0	0	0	0	101.034	187
6	23	0	0	0	0	99.1386	188
6	23	0	0	0	0	99.7555	189
6	24	0	0	0	0	106.667	190
6	25	0	0	0	0	104.272	191
6	25	0	0	0	0	105.356	192
6	25	0	0	0	0	103.476	193
6	24	0	0	0	0	93.7063	194
6	24	0	0	0	0	86.5292	195
4	22	0	0	0	0	82.1439	196
4	22	0	0	0	0	76.9785	197
3	22	0	0	0	0	86.1586	198
3	24	0	0	0	0	82.8965	199
3	24	0	0	0	0	71.5354	200
3	26	0	0	0	0	79.703	201
3	25	0	0	0	0	71.6429	202
3	27	0	0	0	0	83.2257	203
3	27	0	0	0	0	89.3986	204
3	26	0	0	0	0	97.1709	205
3	26	0	0	0	0	106.175	206
3	26	0	0	0	0	94.6445	207
2	26	0	0	0	0	94.9344	208
2	26	0	0	0	0	87.648	209
1	29	0	0	0	0	99.1527	210
1	29	0	0	0	0	93.3707	211
0	29	0	0	0	0	93.9374	212
0	29	0	0	0	0	99.0187	213
0	29	0	0	0	0	92.7725	214
0	28	0	0	0	0	87.0472	215
0	27	0	0	0	0	74.6663	216
0	27	0	0	0	0	100.935	217
0	27	0	0	0	0	94.18	218
0	27	0	0	0	0	88.3665	219
0	27	0	0	0	0	94.33	220
0	27	0	0	0	0	87.2152	221
0	27	0	0	0	0	91.3584	222
0	26	0	0	0	0	93.1195	223
0	26	0	0	0	0	92.824	224
0	26	0	0	0	0	91.6514	225
0	26	0	0	0	0	89.5656	226
0	25	0	0	0	0	79.7773	227
1	25	0	0	0	0	88.4299	228
2	25	0	0	0	0	85.5742	229
3	25	0	0	0	0	88.7229	230
4	25	0	0	0	0	81.886	231
4	25	0	0	0	0	79.93	232
4	25	0	0	0	0	81.9311	233
4	24	0	0	0	0	74.1711	234
15	24	0	0	0	0	103.387	235
15	24	0	0	0	0	144.677	236
19	24	0	0	0	0	146.425	237
19	24	0	0	0	0	141.145	238
19	24	0	0	0	0	161.329	239
20	24	0	0	0	0	144.473	240
21	23	0	0	0	0	158.651	241
21	23	0	0	0	0	153.453	242
21	22	0	0	0	0	150.236	243
21	21	0	0	0	0	146.301	244
21	21	0	0	0	0	162.839	245
22	21	0	0	0	0	145.045	246
22	22	0	0	0	0	131.923	247
22	22	0	0	0	0	153.544	248
22	22	0	0	0	0	148.787	249
22	22	0	0	0	0	154.214	250
23	22	0	0	0	0	154.169	251
23	22	0	0	0	0	153.843	252
24	22	0	0	0	0	158.338	253
24	22	0	0	0	0	168.437	254
24	22	0	0	0	0	146.784	255
24	22	0	0	0	0	160.815	256
25	22	0	0	0	0	156.485	257
25	22	0	0	0	0	154.116	258
25	23	0	0	0	0	157.835	259
25	21	0	0	0	0	158.259	260
25	20	0	0	0	0	140.836	261
25	20	0	0	0	0	140.802	262
25	21	0	0	0	0	156.277	263
25	21	0	0	0	0	163.037	264
25	22	0	0	0	0	158.261	265
25	22	0	0	0	0	159.174	266
27	22	0	0	0	0	162.816	267
28	23	0	0	0	0	168.932	268
28	23	0	0	0	0	152.279	269
28	23	0	0	0	0	159.622	270
28	23	0	0	0	0	185.676	271
29	23	0	0	0	0	172.209	272
29	23	0	0	0	0	181.385	273
29	23	0	0	0	0	174.554	274
29	23	0	0	0	0	171.767	275
29	23	0	0	0	0	182.349	276
27	23	0	0	0	0	150.18	277
26	23	0	0	0	0	157.913	278
27	23	0	0	0	0	178.07	279
27	23	0	0	0	0	166.861	280
27	23	0	0	0	0	160.5	281
28	25	0	0	0	0	164.599	282
28	26	0	0	0	0	166.785	283
28	26	0	0	0	0	168.173	284
27	26	0	0	0	0	168.424	285
27	26	0	0	0	0	175.82	286
25	27	0	0	0	0	178.678	287
25	27	0	0	0	0	194.011	288
25	27	0	0	0	0	171.912	289
25	27	0	0	0	0	174.268	290
25	27	0	0	0	0	174.861	291
25	28	0	0	0	0	176.965	292
25	28	0	0	0	0	179.958	293
25	27	0	0	0	0	181.748	294
25	27	0	0	0	0	182.943	295
24	26	0	0	0	0	176.98	296
24	26	0	0	0	0	170.984	297
25	26	0	0	0	0	169.677	298
25	26	0	0	0	0	182.322	299
25	26	0	0	0	0	167.207	300
25	26	0	0	0	0	181.327	301
25	26	0	0	0	0	171.956	302
25	26	0	0	0	0	168.231	303
26	26	0	0	0	0	159.94	304
26	26	0	0	0	0	167.649	305
26	25	0	0	0	0	182.289	306
26	26	0	0	0	0	169.499	307
26	26	0	0	0	0	158.545	308
26	26	0	0	0	0	150.728	309
23	26	0	0	0	0	166.016	310
23	25	0	0	0	0	156.687	311
22	25	0	0	0	0	150.373	312
22	25	0	0	0	0	160.171	313
22	26	0	0	0	0	161.767	314
23	27	0	0	0	0	176.723	315
24	27	0	0	0	0	178.414	316
24	27	0	0	0	0	172.751	317
24	27	0	0	0	0	148.822	318
24	27	0	0	0	0	161.595	319
24	27	0	0	0	0	165.765	320
23	24	0	0	0	0	163.831	321
23	24	0	0	0	0	171.054	322
24	24	0	0	0	0	180.203	323
24	24	0	0	0	0	155.401	324
25	24	0	0	0	0	153.811	325
25	24	0	0	0	0	159.781	326
25	24	0	0	0	0	172.467	327
25	24	0	0	0	0	162.691	328
27	23	0	0	0	0	159.532	329
28	23	0	0	0	0	163.351	330
28	23	0	0	0	0	163.204	331
26	23	0	0	0	0	175.583	332
25	23	0	0	0	0	172.749	333
25	23	0	0	0	0	163.641	334
25	24	0	0	0	0	172.782	335
25	24	0	0	0	0	153.991	336
26	24	0	0	0	0	177.012	337
27	26	0	0	0	0	135.429	338
29	26	0	0	0	0	155.781	339
29	26	0	0	0	0	152.855	340
30	24	0	0	0	0	177.545	341
30	24	0	0	0	0	174.059	342
30	24	0	0	0	0	184.966	343
30	24	0	0	0	0	189.906	344
30	24	0	0	0	0	179.552	345
29	23	0	0	0	0	181.984	346
28	23	0	0	0	0	162.1	347
28	23	0	0	0	0	164.33	348
29	22	0	0	0	0	167.477	349
29	22	0	0	0	0	156.125	350
29	21	0	0	0	0	163.667	351
29	21	0	0	0	0	166.321	352
29	21	0	0	0	0	154.686	353
28	21	0	0	0	0	157.8	354
28	21	0	0	0	0	155.213	355
28	21	0	0	0	0	177.415	356
28	21	0	0	0	0	165.45	357
28	21	0	0	0	0	168.795	358
28	21	0	0	0	0	163.375	359
28	20	0	0	0	0	163.321	360
28	20	0	0	0	0	169.356	361
28	20	0	0	0	0	164.665	362
28	20	0	0	0	0	169.074	363
28	20	0	0	0	0	163.562	364
29	20	0	0	0	0	168.33	365
29	20	0	0	0	0	184.447	366
30	20	0	0	0	0	169.53	367
30	20	0	0	0	0	163.358	368
30	20	0	0	0	0	170.541	369
30	19	0	0	0	0	171.741	370
30	20	0	0	0	0	181.137	371
29	20	0	0	0	0	168.207	372
29	21	0	0	0	0	178.527	373
29	21	0	0	0	0	161.004	374
29	21	0	0	0	0	174.429	375
29	21	0	0	0	0	169.997	376
29	20	0	0	0	0	162.587	377
29	20	0	0	0	0	152.918	378
29	20	0	0	0	0	178.062	379
29	20	0	0	0	0	171.313	380
30	20	0	0	0	0	170.05	381
30	22	0	0	0	0	165.797	382
30	22	0	0	0	0	161.885	383
30	21	0	0	0	0	171.701	384
30	21	0	0	0	0	185.853	385
29	21	0	0	0	0	173.283	386
30	22	0	0	0	0	179.184	387
30	22	0	0	0	0	176.179	388
30	21	0	0	0	0	160.892	389
30	20	0	0	0	0	170.389	390
29	20	0	0	0	0	168.931	391
29	22	0	0	0	0	176.741	392
29	21	0	0	0	0	146.214	393
29	21	0	0	0	0	176.756	394
29	21	0	0	0	0	162.729	395
28	21	0	0	0	0	166.874	396
28	21	0	0	0	0	160.164	397
28	22	0	0	0	0	167.887	398
28	22	0	0	0	0	165.695	399
28	22	0	0	0	0	168.918	400
27	22	0	0	0	0	161.824	401
27	22	0	0	0	0	183.681	402
27	22	0	0	0	0	172.95	403
27	22	0	0	0	0	161.733	404
27	22	0	0	0	0	167.286	405
27	22	0	0	0	0	172.51	406
26	22	0	0	0	0	160.046	407
26	22	0	0	0	0	152.615	408
27	22	0	0	0	0	162.117	409
27	23	0	0	0	0	178.566	410
27	25	0	0	0	0	177.129	411
27	25	0	0	0	0	173.343	412
27	26	0	0	0	0	177.128	413
27	28	0	0	0	0	179.972	414
27	27	0	0	0	0	160.535	415
27	28	0	0	0	0	165.801	416
25	27	0	0	0	0	166.441	417
25	26	0	0	0	0	163.024	418
24	26	0	0	0	0	175.475	419
24	26	0	0	0	0	173.586	420
24	26	0	0	0	0	174.059	421
21	25	0	0	0	0	172.711	422
20	25	0	0	0	0	146.688	423
20	25	0	0	0	0	152.943	424
19	25	0	0	0	0	155.42	425
19	25	0	0	0	0	146.993	426
19	25	0	0	0	0	156.889	427
20	26	0	0	0	0	142.809	428
20	26	0	0	0	0	150.504	429
20	26	0	0	0	0	155.791	430
21	26	0	0	0	0	152.496	431
22	25	0	0	0	0	144.129	432
22	25	0	0	0	0	155.233	433
22	25	0	0	0	0	152.693	434
23	25	0	0	0	0	156.389	435
22	24	0	0	0	0	161.8	436
21	23	0	0	0	0	157.899	437
21	23	0	0	0	0	166.163	438
22	23	0	0	0	0	150.916	439
22	23	0	0	0	0	147.466	440
22	23	0	0	0	0	146.792	441
22	24	0	0	0	0	161.924	442
22	24	0	0	0	0	156.114	443
22	24	0	0	0	0	154.862	444
23	24	0	0	0	0	175.436	445
25	24	0	0	0	0	159.239	446
26	26	0	0	0	0	167.91	447
26	25	0	0	0	0	147.448	448
26	25	0	0	0	0	146.826	449
26	25	0	0	0	0	175.787	450
25	24	0	0	0	0	157.775	451
24	24	0	0	0	0	150.884	452
22	24	0	0	0	0	152.107	453
21	24	0	0	0	0	146.364	454
22	24	0	0	0	0	161.073	455
22	25	0	0	0	0	159.969	456
22	24	0	0	0	0	157.329	457
21	25	0	0	0	0	153.135	458
21	25	0	0	0	0	168.898	459
21	25	0	0	0	0	150.08	460
22	25	0	0	0	0	148.762	461
21	24	0	0	0	0	155.888	462
21	25	0	0	0	0	167.528	463
22	25	0	0	0	0	126.502	464
22	25	0	0	0	0	140.301	465
23	25	0	0	0	0	134.496	466
22	25	0	0	0	0	138.031	467
22	25	0	0	0	0	143.832	468
22	25	0	0	0	0	144.776	469
23	25	0	0	0	0	138.314	470
23	25	0	0	0	0	137.189	471
19	25	0	0	0	0	147.919	472
19	25	0	0	0	0	153.75	473
19	25	0	0	0	0	146.319	474
19	25	0	0	0	0	143.501	475
19	25	0	0	0	0	136.468	476
19	24	0	0	0	0	157.182	477
19	24	0	0	0	0	146.849	478
20	27	0	0	0	0	162.302	479
20	27	0	0	0	0	145.344	480
20	27	0	0	0	0	153.102	481
20	27	0	0	0	0	152.872	482
20	27	0	0	0	0	158.357	483
20	28	0	0	0	0	166.62	484
20	28	0	0	0	0	167.27	485
20	28	0	0	0	0	163.359	486
20	28	0	0	0	0	164.19	487
20	27	0	0	0	0	164.278	488
20	27	0	0	0	0	162.506	489
21	27	0	0	0	0	162.363	490
21	26	0	0	0	0	141.267	491
21	26	0	0	0	0	153.441	492
22	26	0	0	0	0	159.763	493
22	26	0	0	0	0	163.814	494
22	28	0	0	0	0	173.33	495
22	28	0	0	0	0	170.563	496
22	28	0	0	0	0	170.705	497
22	28	0	0	0	0	141.818	498
22	28	0	0	0	0	177.693	499
22	28	0	0	0	0	173.856	500
22	28	0	0	0	0	163.815	501
22	29	0	0	0	0	164.784	502
22	29	0	0	0	0	185.389	503
22	29	0	0	0	0	179.724	504
22	29	0	0	0	0	167.963	505
22	28	0	0	0	0	166.037	506
22	27	0	0	0	0	158.959	507
22	26	0	0	0	0	176.322	508
23	26	0	0	0	0	164.826	509
23	26	0	0	0	0	177.111	510
23	26	0	0	0	0	181.594	511
23	26	0	0	0	0	164.719	512
23	26	0	0	0	0	180.756	513
23	26	0	0	0	0	171.895	514
23	26	0	0	0	0	158.614	515
23	26	0	0	0	0	172.768	516
23	26	0	0	0	0	179.002	517
23	26	0	0	0	0	167.915	518
22	26	0	0	0	0	155.909	519
22	26	0	0	0	0	161.98	520
22	26	0	0	0	0	157.781	521
23	25	0	0	0	0	150.917	522
23	25	0	0	0	0	161.695	523
23	24	0	0	0	0	166.263	524
22	24	0	0	0	0	151.498	525
22	24	0	0	0	0	154.94	526
24	23	0	0	0	0	150.082	527
24	23	0	0	0	0	153.28	528
24	23	0	0	0	0	166.463	529
24	23	0	0	0	0	162.475	530
22	23	0	0	0	0	143.704	531
22	22	0	0	0	0	154.783	532
24	22	0	0	0	0	141.58	533
24	22	0	0	0	0	150.912	534
24	22	0	0	0	0	159.131	535
24	21	0	0	0	0	148.882	536
23	19	0	0	0	0	144.092	537
23	19	0	0	0	0	139.225	538
23	19	0	0	0	0	153.051	539
24	19	0	0	0	0	143.565	540
26	19	0	0	0	0	158.589	541
26	18	0	0	0	0	148.707	542
26	18	0	0	0	0	143.759	543
26	18	0	0	0	0	151.476	544
26	17	0	0	0	0	150.361	545
26	17	0	0	0	0	148.188	546
26	17	0	0	0	0	120.185	547
27	18	0	0	0	0	143.645	548
27	18	0	0	0	0	122.871	549
28	18	0	0	0	0	143.135	550
27	18	0	0	0	0	156.1	551
27	17	0	0	0	0	143.28	552
26	17	0	0	0	0	133.48	553
26	16	0	0	0	0	142.945	554
25	15	0	0	0	0	123.516	555
26	15	0	0	0	0	141.148	556
26	15	0	0	0	0	147.342	557
26	15	0	0	0	0	135.089	558
26	17	0	0	0	0	126.173	559
27	17	0	0	0	0	144.358	560
27	18	0	0	0	0	136.451	561
27	19	0	0	0	0	139.821	562
25	18	0	0	0	0	142.764	563
25	18	0	0	0	0	143.959	564
25	19	0	0	0	0	146.565	565
24	19	0	0	0	0	126.368	566
24	19	0	0	0	0	148.552	567
22	19	0	0	0	0	130.948	568
21	19	0	0	0	0	130.984	569
22	19	0	0	0	0	142.958	570
22	19	0	0	0	0	136.815	571
22	18	0	0	0	0	151.783	572
22	18	0	0	0	0	128.461	573
22	18	0	0	0	0	138.338	574
22	18	0	0	0	0	137.29	575
22	18	0	0	0	0	141.053	576
22	18	0	0	0	0	144.619	577
22	18	0	0	0	0	140.316	578
23	18	0	0	0	0	128.323	579
23	18	0	0	0	0	138.746	580
23	18	0	0	0	0	135.71	581
21	19	0	0	0	0	127.346	582
21	19	0	0	0	0	128.375	583
21	18	0	0	0	0	127.585	584
21	18	0	0	0	0	135.415	585
19	18	0	0	0	0	117.675	586
18	18	0	0	0	0	122.564	587
18	19	0	0	0	0	134.543	588
19	19	0	0	0	0	127.756	589
19	19	0	0	0	0	125.379	590
19	19	0	0	0	0	123.689	591
18	19	0	0	0	0	134.11	592
18	19	0	0	0	0	133.102	593
18	19	0	0	0	0	132.604	594
18	19	0	0	0	0	127.929	595
19	19	0	0	0	0	129.269	596
19	17	0	0	0	0	118.957	597
19	17	0	0	0	0	114.865	598
18	17	0	0	0	0	109.031	599
18	17	0	0	0	0	116.085	600
19	16	0	0	0	0	114.161	601
18	16	0	0	0	0	114.001	602
18	16	0	0	0	0	111.246	603
18	16	0	0	0	0	123.579	604
18	16	0	0	0	0	107.014	605
19	16	0	0	0	0	114.034	606
19	16	0	0	0	0	116.674	607
19	16	0	0	0	0	112.109	608
19	16	0	0	0	0	112.246	609
19	16	0	0	0	0	121.503	610
18	17	0	0	0	0	112.802	611
19	17	0	0	0	0	116.029	612
19	16	0	0	0	0	124.571	613
20	16	0	0	0	0	122.915	614
20	16	0	0	0	0	115.46	615
23	16	0	0	0	0	115.849	616
23	15	0	0	0	0	109.442	617
23	15	0	0	0	0	117.099	618
23	14	0	0	0	0	105.43	619
22	14	0	0	0	0	119.636	620
22	14	0	0	0	0	109.141	621
23	14	0	0	0	0	107.104	622
24	14	0	0	0	0	130.233	623
24	14	0	0	0	0	110.82	624
24	14	0	0	0	0	129.803	625
24	14	0	0	0	0	119.791	626
23	13	0	0	0	0	120.915	627
23	13	0	0	0	0	92.9633	628
18	11	0	0	0	0	95.1836	629
18	10	0	0	0	0	99.5892	630
18	10	0	0	0	0	100.25	631
18	10	0	0	0	0	88.2767	632
18	10	0	0	0	0	105.192	633
18	10	0	0	0	0	94.2375	634
18	11	0	0	0	0	102.015	635
18	11	0	0	0	0	105.4	636
18	11	0	0	0	0	96.8063	637
18	11	0	0	0	0	98.057	638
18	11	0	0	0	0	98.2745	639
18	11	0	0	0	0	106.103	640
18	11	0	0	0	0	99.1409	641
18	11	0	0	0	0	97.0709	642
18	10	0	0	0	0	93.9808	643
18	10	0	0	0	0	82.7886	644
18	10	0	0	0	0	97.2276	645
18	10	0	0	0	0	99.3379	646
19	10	0	0	0	0	98.0566	647
19	10	0	0	0	0	92.9277	648
19	10	0	0	0	0	107.474	649
20	10	0	0	0	0	93.842	650
20	10	0	0	0	0	85.8924	651
20	11	0	0	0	0	97.2873	652
21	11	0	0	0	0	93.662	653
21	11	0	0	0	0	96.4331	654
20	11	0	0	0	0	90.0787	655
20	11	0	0	0	0	101.558	656
20	11	0	0	0	0	111.931	657
20	12	0	0	0	0	96.3638	658
20	12	0	0	0	0	102.835	659
20	12	0	0	0	0	108.133	660
20	12	0	0	0	0	104.781	661
20	12	0	0	0	0	109.434	662
21	12	0	0	0	0	108.67	663
21	12	0	0	0	0	115.074	664
21	12	0	0	0	0	110.131	665
22	12	0	0	0	0	115.203	666
22	12	0	0	0	0	103.546	667
22	12	0	0	0	0	114.711	668
22	13	0	0	0	0	124.327	669
21	13	0	0	0	0	119.113	670
21	13	0	0	0	0	122.57	671
21	13	0	0	0	0	118.635	672
21	13	0	0	0	0	116.272	673
22	14	0	0	0	0	116.064	674
22	14	0	0	0	0	124.817	675
23	14	0	0	0	0	123.493	676
23	15	0	0	0	0	127.703	677
22	15	0	0	0	0	119.5	678
23	14	0	0	0	0	126.965	679
23	14	0	0	0	0	123.561	680
23	14	0	0	0	0	122.779	681
23	14	0	0	0	0	126.002	682
22	14	0	0	0	0	108.695	683
22	14	0	0	0	0	117.188	684
20	14	0	0	0	0	117.01	685
20	14	0	0	0	0	112.028	686
20	14	0	0	0	0	114.045	687
20	14	0	0	0	0	113.212	688
20	14	0	0	0	0	109.297	689
18	14	0	0	0	0	97.3789	690
17	14	0	0	0	0	100.022	691
17	14	0	0	0	0	98.0424	692
17	13	0	0	0	0	99.118	693
17	13	0	0	0	0	109.672	694
17	13	0	0	0	0	100.989	695
17	15	0	0	0	0	103.663	696
17	16	0	0	0	0	98.9014	697
17	15	0	0	0	0	104.459	698
17	14	0	0	0	0	99.6745	699
17	14	0	0	0	0	91.289	700
17	14	0	0	0	0	108.366	701
17	14	0	0	0	0	110.875	702
17	14	0	0	0	0	106.07	703
17	14	0	0	0	0	110.548	704
17	14	0	0	0	0	103.041	705
17	14	0	0	0	0	108.527	706
17	14	0	0	0	0	112.82	707
18	14	0	0	0	0	90.5423	708
18	15	0	0	0	0	94.933	709
18	15	0	0	0	0	86.4562	710
19	15	0	0	0	0	86.926	711
20	14	0	0	0	0	92.145	712
20	14	0	0	0	0	94.7618	713
20	14	0	0	0	0	88.4723	714
20	13	0	0	0	0	91.0685	715
20	13	0	0	0	0	106.662	716
20	13	0	0	0	0	117.835	717
20	13	0	0	0	0	106.385	718
20	13	0	0	0	0	104.197	719
19	13	0	0	0	0	114.712	720
19	13	0	0	0	0	106.963	721
22	13	0	0	0	0	111.798	722
22	13	0	0	0	0	112.38	723
22	14	0	0	0	0	125.128	724
22	14	0	0	0	0	119.232	725
22	14	0	0	0	0	111.799	726
22	14	0	0	0	0	116.865	727
22	14	0	0	0	0	130.131	728
22	14	0	0	0	0	119.061	729
23	16	0	0	0	0	127.601	730
23	16	0	0	0	0	131.539	731
23	15	0	0	0	0	131.137	732
23	15	0	0	0	0	134.348	733
23	15	0	0	0	0	127.901	734
23	15	0	0	0	0	121.094	735
23	15	0	0	0	0	125.712	736
21	15	0	0	0	0	123.896	737
21	14	0	0	0	0	122.241	738
21	14	0	0	0	0	127.588	739
21	14	0	0	0	0	121.398	740
21	14	0	0	0	0	121.675	741
22	14	0	0	0	0	118.288	742
22	14	0	0	0	0	129.734	743
22	14	0	0	0	0	111.695	744
23	15	0	0	0	0	122.788	745
21	15	0	0	0	0	122.464	746
21	15	0	0	0	0	122.57	747
21	15	0	0	0	0	111.999	748
21	15	0	0	0	0	128.701	749
21	15	0	0	0	0	119.691	750
21	15	0	0	0	0	122.908	751
21	15	0	0	0	0	122.234	752
21	15	0	0	0	0	123.942	753
21	15	0	0	0	0	126.463	754
21	15	0	0	0	0	133.678	755
20	15	0	0	0	0	118.198	756
20	15	0	0	0	0	121.66	757
20	15	0	0	0	0	109.211	758
20	15	0	0	0	0	121.965	759
20	15	0	0	0	0	120.492	760
20	15	0	0	0	0	116.469	761
20	15	0	0	0	0	129.153	762
21	15	0	0	0	0	117.031	763
21	16	0	0	0	0	125.121	764
22	16	0	0	0	0	114.295	765
20	15	0	0	0	0	114.271	766
20	14	0	0	0	0	112.247	767
19	14	0	0	0	0	108.804	768
19	14	0	0	0	0	125.86	769
19	14	0	0	0	0	109.255	770
19	13	0	0	0	0	114.364	771
20	13	0	0	0	0	113.667	772
20	13	0	0	0	0	105.377	773
20	13	0	0	0	0	110.829	774
20	13	0	0	0	0	119.286	775
20	13	0	0	0	0	120.095	776
20	13	0	0	0	0	111.95	777
20	13	0	0	0	0	116.411	778
20	13	0	0	0	0	116.86	779
20	13	0	0	0	0	115.097	780
21	13	0	0	0	0	124.591	781
21	13	0	0	0	0	117.592	782
21	13	0	0	0	0	120.692	783
21	13	0	0	0	0	103.133	784
21	12	0	0	0	0	114.732	785
21	13	0	0	0	0	120.522	786
21	13	0	0	0	0	121.312	787
21	13	0	0	0	0	116.672	788
21	14	0	0	0	0	112.065	789
21	14	0	0	0	0	115.748	790
21	16	0	0	0	0	120.279	791
21	16	0	0	0	0	122.854	792
22	16	0	0	0	0	120.311	793
21	17	0	0	0	0	128.959	794
21	17	0	0	0	0	128.607	795
21	19	0	0	0	0	124.885	796
21	19	0	0	0	0	126.859	797
19	19	0	0	0	0	132.029	798
19	19	0	0	0	0	130.14	799
16	19	0	0	0	0	112.738	800
17	18	0	0	0	0	117.004	801
17	18	0	0	0	0	117.186	802
15	18	0	0	0	0	101.683	803
15	18	0	0	0	0	125.81	804
15	18	0	0	0	0	112.188	805
15	21	0	0	0	0	121.752	806
16	21	0	0	0	0	114.962	807
16	21	0	0	0	0	136.595	808
16	21	0	0	0	0	120.407	809
16	21	0	0	0	0	124.205	810
17	21	0	0	0	0	125.158	811
17	21	0	0	0	0	130.213	812
17	21	0	0	0	0	133.979	813
17	22	0	0	0	0	131.415	814
14	22	0	0	0	0	120.745	815
13	22	0	0	0	0	114.278	816
13	22	0	0	0	0	122.928	817
13	22	0	0	0	0	125.412	818
13	22	0	0	0	0	127.485	819
13	22	0	0	0	0	105.928	820
13	22	0	0	0	0	121.963	821
13	22	0	0	0	0	116.323	822
12	22	0	0	0	0	105.549	823
12	21	0	0	0	0	115.461	824
12	20	0	0	0	0	96.9492	825
12	20	0	0	0	0	108.355	826
12	20	0	0	0	0	117.019	827
12	20	0	0	0	0	110.859	828
12	20	0	0	0	0	118.898	829
12	20	0	0	0	0	105.635	830
12	20	0	0	0	0	108.208	831
12	20	0	0	0	0	106.225	832
12	20	0	0	0	0	109.97	833
12	19	0	0	0	0	116.282	834
12	19	0	0	0	0	107.308	835
12	19	0	0	0	0	100.846	836
12	19	0	0	0	0	105.995	837
11	19	0	0	0	0	99.4271	838
11	19	0	0	0	0	106.171	839
11	19	0	0	0	0	107.469	840
11	19	0	0	0	0	97.3599	841
12	20	0	0	0	0	104.404	842
12	20	0	0	0	0	114.03	843
12	20	0	0	0	0	107.995	844
12	20	0	0	0	0	112.579	845
12	20	0	0	0	0	104.612	846
12	19	0	0	0	0	117.526	847
12	19	0	0	0	0	102.023	848
12	19	0	0	0	0	90.7927	849
12	19	0	0	0	0	88.1438	850
11	19	0	0	0	0	100.086	851
14	19	0	0	0	0	95.6895	852
14	18	0	0	0	0	88.8519	853
14	17	0	0	0	0	91.4567	854
14	17	0	0	0	0	100.565	855
14	16	0	0	0	0	88.4725	856
15	16	0	0	0	0	105.332	857
15	16	0	0	0	0	102.167	858
15	16	0	0	0	0	106.353	859
15	16	0	0	0	0	80.0653	860
15	15	0	0	0	0	104.289	861
15	15	0	0	0	0	107.302	862
15	17	0	0	0	0	97.4327	863
14	18	0	0	0	0	109.278	864
14	18	0	0	0	0	101.64	865
14	18	0	0	0	0	106.842	866
14	19	0	0	0	0	95.5198	867
14	19	0	0	0	0	107.285	868
14	19	0	0	0	0	99.5646	869
15	19	0	0	0	0	95.1191	870
15	19	0	0	0	0	96.1348	871
9	19	0	0	0	0	92.7139	872
9	19	0	0	0	0	101.976	873
9	20	0	0	0	0	87.5491	874
9	20	0	0	0	0	95.493	875
9	20	0	0	0	0	89.9592	876
10	20	0	0	0	0	95.8248	877
10	20	0	0	0	0	97.6968	878
11	20	0	0	0	0	100.873	879
11	19	0	0	0	0	98.6423	880
11	19	0	0	0	0	107.15	881
11	19	0	0	0	0	106.99	882
11	19	0	0	0	0	93.5761	883
11	19	0	0	0	0	102.524	884
11	18	0	0	0	0	90.7659	885
11	15	0	0	0	0	89.082	886
11	14	0	0	0	0	76.8447	887
11	14	0	0	0	0	73.2518	888
11	14	0	0	0	0	89.2477	889
11	14	0	0	0	0	84.1347	890
11	16	0	0	0	0	91.5949	891
12	16	0	0	0	0	90.4543	892
12	16	0	0	0	0	83.137	893
12	16	0	0	0	0	94.6491	894
12	16	0	0	0	0	87.9515	895
12	16	0	0	0	0	90.4876	896
12	16	0	0	0	0	102.294	897
12	16	0	0	0	0	87.706	898
12	16	0	0	0	0	85.8964	899
13	16	0	0	0	0	93.2566	900
13	17	0	0	0	0	103.457	901
13	17	0	0	0	0	101.858	902
13	18	0	0	0	0	106.839	903
13	18	0	0	0	0	103.182	904
14	18	0	0	0	0	101.797	905
15	18	0	0	0	0	101.2	906
15	18	0	0	0	0	101.463	907
16	17	0	0	0	0	108.047	908
16	17	0	0	0	0	106.459	909
16	17	0	0	0	0	104.789	910
16	17	0	0	0	0	109.659	911
16	17	0	0	0	0	115.553	912
16	17	0	0	0	0	103.347	913
16	17	0	0	0	0	104.641	914
15	17	0	0	0	0	110.444	915
15	17	0	0	0	0	117.5	916
15	17	0	0	0	0	108.144	917
15	17	0	0	0	0	99.6772	918
16	17	0	0	0	0	99.4813	919
16	17	0	0	0	0	112.963	920
16	17	0	0	0	0	100.073	921
16	17	0	0	0	0	110.811	922
16	17	0	0	0	0	102.387	923
16	17	0	0	0	0	94.9102	924
17	17	0	0	0	0	113.503	925
17	17	0	0	0	0	105.47	926
17	16	0	0	0	0	112.841	927
17	16	0	0	0	0	108.464	928
17	15	0	0	0	0	118.76	929
17	15	0	0	0	0	90.1915	930
17	15	0	0	0	0	101.593	931
19	15	0	0	0	0	108.993	932
19	15	0	0	0	0	105.093	933
19	15	0	0	0	0	119.095	934
19	15	0	0	0	0	114.244	935
20	15	0	0	0	0	119.64	936
20	17	0	0	0	0	114.951	937
19	18	0	0	0	0	109.31	938
19	17	0	0	0	0	96.6639	939
19	17	0	0	0	0	107.22	940
19	16	0	0	0	0	112.018	941
19	16	0	0	0	0	107.939	942
18	16	0	0	0	0	107.023	943
16	16	0	0	0	0	101.076	944
18	16	0	0	0	0	98.9601	945
18	14	0	0	0	0	100.22	946
18	14	0	0	0	0	108.439	947
18	14	0	0	0	0	108.024	948
18	14	0	0	0	0	94.4143	949
20	13	0	0	0	0	101.738	950
20	13	0	0	0	0	100.982	951
20	13	0	0	0	0	106.965	952
20	13	0	0	0	0	107.778	953
21	13	0	0	0	0	100.728	954
22	13	0	0	0	0	110.579	955
23	11	0	0	0	0	117.848	956
24	11	0	0	0	0	107.296	957
24	10	0	0	0	0	115.721	958
24	10	0	0	0	0	109.751	959
24	10	0	0	0	0	110.499	960
24	10	0	0	0	0	116.362	961
24	10	0	0	0	0	105.008	962
24	10	0	0	0	0	112.391	963
24	10	0	0	0	0	100.365	964
24	9	0	0	0	0	100.686	965
24	9	0	0	0	0	102.042	966
25	9	0	0	0	0	106.577	967
24	9	0	0	0	0	101.479	968
25	9	0	0	0	0	100.96	969
25	9	0	0	0	0	102.678	970
26	9	0	0	0	0	93.1364	971
26	8	0	0	0	0	97.3254	972
26	8	0	0	0	0	97.01	973
26	9	0	0	0	0	100.266	974
26	9	0	0	0	0	108.882	975
26	9	0	0	0	0	101.21	976
26	9	0	0	0	0	99.0938	977
26	9	0	0	0	0	101.912	978
25	9	0	0	0	0	112.689	979
25	9	0	0	0	0	124.673	980
25	9	0	0	0	0	110.813	981
25	9	0	0	0	0	108.05	982
25	10	0	0	0	0	122.414	983
25	9	0	0	0	0	117.388	984
25	10	0	0	0	0	115.514	985
26	10	0	0	0	0	109.161	986
26	9	0	0	0	0	96.7862	987
26	9	0	0	0	0	123.326	988
26	10	0	0	0	0	116.854	989
26	10	0	0	0	0	121.702	990
27	10	0	0	0	0	122.12	991
25	10	0	0	0	0	118.562	992
26	14	0	0	0	0	127.836	993
26	14	0	0	0	0	134.552	994
26	14	0	0	0	0	140.211	995
26	14	0	0	0	0	143.289	996
26	14	0	0	0	0	128.82	997
26	15	0	0	0	0	140.476	998
26	15	0	0	0	0	136.997	999
27	15	0	0	0	0	134.385	1000
27	15	0	0	0	0	119.755	1001
19	15	0	0	0	0	110.083	1002
19	14	0	0	0	0	107.036	1003
18	14	0	0	0	0	108.392	1004
18	14	0	0	0	0	99.6755	1005
18	14	0	0	0	0	91.1647	1006
17	12	0	0	0	0	74.7526	1007
17	12	0	0	0	0	102.544	1008
17	12	0	0	0	0	100.952	1009
17	14	0	0	0	0	89.5626	1010
17	14	0	0	0	0	105.053	1011
17	14	0	0	0	0	98.9182	1012
17	13	0	0	0	0	101.163	1013
18	13	0	0	0	0	95.8259	1014
20	13	0	0	0	0	103.172	1015
20	14	0	0	0	0	105.953	1016
21	14	0	0	0	0	99.8875	1017
21	14	0	0	0	0	124.214	1018
20	14	0	0	0	0	114.658	1019
20	14	0	0	0	0	113.785	1020
19	14	0	0	0	0	107.254	1021
19	13	0	0	0	0	110.171	1022
19	13	0	0	0	0	107.748	1023
19	13	0	0	0	0	119.001	1024
19	13	0	0	0	0	110.024	1025
19	13	0	0	0	0	116.564	1026
20	13	0	0	0	0	105.431	1027
20	15	0	0	0	0	114.658	1028
20	16	0	0	0	0	122.548	1029
21	16	0	0	0	0	106.555	1030
21	16	0	0	0	0	120.412	1031
21	16	0	0	0	0	124.793	1032
21	15	0	0	0	0	116.568	1033
21	14	0	0	0	0	103.996	1034
21	14	0	0	0	0	131.91	1035
21	14	0	0	0	0	128.618	1036
20	14	0	0	0	0	117.277	1037
20	14	0	0	0	0	100.257	1038
20	13	0	0	0	0	103.738	1039
20	13	0	0	0	0	113.609	1040
20	13	0	0	0	0	119.177	1041
19	13	0	0	0	0	109.637	1042
19	13	0	0	0	0	102.103	1043
21	13	0	0	0	0	112.449	1044
21	13	0	0	0	0	121.897	1045
21	13	0	0	0	0	116.49	1046
21	13	0	0	0	0	108.807	1047
21	13	0	0	0	0	118.04	1048
21	13	0	0	0	0	120.589	1049
21	13	0	0	0	0	118.022	1050
21	13	0	0	0	0	120.269	1051
21	13	0	0	0	0	104.042	1052
21	13	0	0	0	0	117.698	1053
21	13	0	0	0	0	121.319	1054
20	13	0	0	0	0	113.069	1055
20	13	0	0	0	0	110.154	1056
20	13	0	0	0	0	116.918	1057
20	13	0	0	0	0	103.878	1058
20	13	0	0	0	0	123.99	1059
20	13	0	0	0	0	116.763	1060
21	13	0	0	0	0	125.73	1061
21	13	0	0	0	0	120.22	1062
21	14	0	0	0	0	114.494	1063
21	14	0	0	0	0	120.586	1064
21	14	0	0	0	0	115.338	1065
21	14	0	0	0	0	113.706	1066
21	14	0	0	0	0	116.641	1067
22	14	0	0	0	0	123.932	1068
23	13	0	0	0	0	120.81	1069
23	14	0	0	0	0	132.782	1070
24	14	0	0	0	0	122.721	1071
24	14	0	0	0	0	140.38	1072
24	14	0	0	0	0	128.617	1073
24	14	0	0	0	0	128.077	1074
24	14	0	0	0	0	132.743	1075
24	15	0	0	0	0	126.912	1076
25	15	0	0	0	0	141.971	1077
25	15	0	0	0	0	130.323	1078
22	15	0	0	0	0	126.38	1079
23	15	0	0	0	0	120.723	1080
23	15	0	0	0	0	129.273	1081
23	15	0	0	0	0	135.595	1082
22	15	0	0	0	0	113.733	1083
22	15	0	0	0	0	136.127	1084
21	15	0	0	0	0	118.685	1085
21	15	0	0	0	0	121.701	1086
20	15	0	0	0	0	120.426	1087
20	15	0	0	0	0	121.381	1088
20	14	0	0	0	0	119.803	1089
20	14	0	0	0	0	100.855	1090
20	14	0	0	0	0	115.092	1091
20	14	0	0	0	0	118.143	1092
20	19	0	0	0	0	120.129	1093
20	19	0	0	0	0	122.399	1094
17	18	0	0	0	0	120.258	1095
17	18	0	0	0	0	118.871	1096
17	18	0	0	0	0	118.238	1097
17	18	0	0	0	0	119.363	1098
17	18	0	0	0	0	116.616	1099
17	18	0	0	0	0	115.402	1100
17	18	0	0	0	0	123.796	1101
17	19	0	0	0	0	118.617	1102
17	19	0	0	0	0	122.945	1103
17	19	0	0	0	0	113.216	1104
18	19	0	0	0	0	134.991	1105
18	19	0	0	0	0	127.503	1106
17	19	0	0	0	0	106.883	1107
17	19	0	0	0	0	101.041	1108
17	18	0	0	0	0	104.382	1109
17	18	0	0	0	0	109.094	1110
17	20	0	0	0	0	110.814	1111
17	20	0	0	0	0	110.558	1112
17	21	0	0	0	0	97.6941	1113
17	21	0	0	0	0	103.552	1114
16	21	0	0	0	0	105.142	1115
16	21	0	0	0	0	109.375	1116
16	21	0	0	0	0	104.366	1117
15	21	0	0	0	0	121.973	1118
15	21	0	0	0	0	119.374	1119
15	21	0	0	0	0	129.049	1120
15	21	0	0	0	0	132.655	1121
15	21	0	0	0	0	130.816	1122
15	21	0	0	0	0	119.546	1123
15	21	0	0	0	0	124.764	1124
15	21	0	0	0	0	124.856	1125
15	21	0	0	0	0	116.472	1126
15	21	0	0	0	0	125.312	1127
15	21	0	0	0	0	122.37	1128
15	21	0	0	0	0	124.915	1129
16	21	0	0	0	0	117.989	1130
16	22	0	0	0	0	126.679	1131
16	19	0	0	0	0	104.77	1132
17	19	0	0	0	0	109.372	1133
17	19	0	0	0	0	100.654	1134
16	18	0	0	0	0	108.245	1135
15	18	0	0	0	0	109.321	1136
15	18	0	0	0	0	119.32	1137
15	18	0	0	0	0	112.785	1138
15	17	0	0	0	0	111.694	1139
15	17	0	0	0	0	113.68	1140
14	17	0	0	0	0	106.883	1141
14	18	0	0	0	0	101.473	1142
14	19	0	0	0	0	93.3637	1143
14	19	0	0	0	0	104.012	1144
14	19	0	0	0	0	105.174	1145
14	18	0	0	0	0	106.291	1146
14	18	0	0	0	0	102.438	1147
15	18	0	0	0	0	104.171	1148
16	18	0	0	0	0	97.5464	1149
15	18	0	0	0	0	104.792	1150
16	19	0	0	0	0	115.069	1151
16	19	0	0	0	0	102.926	1152
15	19	0	0	0	0	117.675	1153
15	19	0	0	0	0	119.967	1154
15	19	0	0	0	0	112.29	1155
15	19	0	0	0	0	112.616	1156
15	18	0	0	0	0	105.182	1157
15	18	0	0	0	0	113.47	1158
18	18	0	0	0	0	109.896	1159
19	18	0	0	0	0	107.959	1160
19	19	0	0	0	0	115.355	1161
18	19	0	0	0	0	103.072	1162
18	22	0	0	0	0	104.345	1163
18	23	0	0	0	0	128.865	1164
18	22	0	0	0	0	136.352	1165
18	22	0	0	0	0	142.3	1166
17	22	0	0	0	0	127.371	1167
17	23	0	0	0	0	134.537	1168
17	23	0	0	0	0	153.317	1169
17	23	0	0	0	0	111.077	1170
17	23	0	0	0	0	104.153	1171
17	23	0	0	0	0	109.039	1172
16	23	0	0	0	0	97.2836	1173
16	23	0	0	0	0	114.785	1174
15	24	0	0	0	0	110.048	1175
15	24	0	0	0	0	114.731	1176
13	24	0	0	0	0	110.675	1177
13	24	0	0	0	0	107.425	1178
13	24	0	0	0	0	112.091	1179
14	25	0	0	0	0	107.738	1180
14	25	0	0	0	0	118.746	1181
14	25	0	0	0	0	105.774	1182
14	25	0	0	0	0	110.483	1183
14	24	0	0	0	0	95.8899	1184
14	24	0	0	0	0	95.0184	1185
14	24	0	0	0	0	116.973	1186
14	24	0	0	0	0	115.962	1187
14	26	0	0	0	0	116.036	1188
13	25	0	0	0	0	111.292	1189
13	25	0	0	0	0	95.0955	1190
13	26	0	0	0	0	110.627	1191
13	26	0	0	0	0	106.295	1192
13	27	0	0	0	0	111.21	1193
13	27	0	0	0	0	145.059	1194
13	27	0	0	0	0	137.325	1195
13	27	0	0	0	0	128.815	1196
13	26	0	0	0	0	132.351	1197
13	26	0	0	0	0	127.065	1198
12	27	0	0	0	0	136.237	1199
12	27	0	0	0	0	133.901	1200
12	26	0	0	0	0	105.212	1201
12	25	0	0	0	0	113.817	1202
11	26	0	0	0	0	125.024	1203
11	26	0	0	0	0	127.235	1204
10	27	0	0	0	0	122.645	1205
10	27	0	0	0	0	138.04	1206
10	27	0	0	0	0	109.869	1207
10	27	0	0	0	0	125.69	1208
10	27	0	0	0	0	137.918	1209
11	26	0	0	0	0	113.959	1210
11	26	0	0	0	0	90.6355	1211
11	25	0	0	0	0	125.809	1212
11	25	0	0	0	0	136.164	1213
12	25	0	0	0	0	116.243	1214
12	25	0	0	0	0	121.834	1215
12	25	0	0	0	0	122.434	1216
12	26	0	0	0	0	118.071	1217
13	26	0	0	0	0	132.985	1218
13	26	0	0	0	0	108.469	1219
14	26	0	0	0	0	121.826	1220
14	26	0	0	0	0	134.608	1221
13	26	0	0	0	0	119.096	1222
13	27	0	0	0	0	122.946	1223
13	27	0	0	0	0	136.021	1224
13	27	0	0	0	0	127.79	1225
13	26	0	0	0	0	126.87	1226
12	27	0	0	0	0	132.797	1227
13	28	0	0	0	0	129.862	1228
13	28	0	0	0	0	151.938	1229
15	28	0	0	0	0	135.008	1230
15	28	0	0	0	0	136.685	1231
15	28	0	0	0	0	136.492	1232
15	27	0	0	0	0	132.039	1233
16	27	0	0	0	0	140.13	1234
16	26	0	0	0	0	134.6	1235
16	26	0	0	0	0	137.499	1236
16	25	0	0	0	0	135.322	1237
16	25	0	0	0	0	139.462	1238
16	25	0	0	0	0	143.811	1239
16	24	0	0	0	0	132.823	1240
16	25	0	0	0	0	129.5	1241
17	26	0	0	0	0	129.666	1242
17	24	0	0	0	0	146.433	1243
17	24	0	0	0	0	134.183	1244
17	26	0	0	0	0	141.889	1245
17	26	0	0	0	0	142.896	1246
17	26	0	0	0	0	138.891	1247
17	26	0	0	0	0	142.037	1248
17	25	0	0	0	0	130.237	1249
17	25	0	0	0	0	142.109	1250
17	25	0	0	0	0	129.24	1251
17	25	0	0	0	0	152.708	1252
17	25	0	0	0	0	146.535	1253
17	25	0	0	0	0	144.918	1254
17	25	0	0	0	0	152.777	1255
17	25	0	0	0	0	137.694	1256
17	25	0	0	0	0	150.405	1257
17	25	0	0	0	0	144.917	1258
17	25	0	0	0	0	139.816	1259
17	25	0	0	0	0	132.138	1260
17	24	0	0	0	0	150.562	1261
17	24	0	0	0	0	140.504	1262
17	24	0	0	0	0	136.829	1263
17	24	0	0	0	0	133.651	1264
17	24	0	0	0	0	144.88	1265
17	24	0	0	0	0	139.953	1266
17	24	0	0	0	0	137.664	1267
19	24	0	0	0	0	139.251	1268
19	24	0	0	0	0	161.524	1269
19	24	0	0	0	0	147.909	1270
19	24	0	0	0	0	149.664	1271
19	24	0	0	0	0	149.714	1272
19	24	0	0	0	0	147.791	1273
20	26	0	0	0	0	143.182	1274
20	25	0	0	0	0	132.055	1275
20	26	0	0	0	0	140.587	1276
20	25	0	0	0	0	143.369	1277
21	25	0	0	0	0	153.379	1278
22	24	0	0	0	0	157.268	1279
22	24	0	0	0	0	166.578	1280
22	26	0	0	0	0	159.929	1281
22	26	0	0	0	0	171.083	1282
22	26	0	0	0	0	164.674	1283
22	26	0	0	0	0	170.857	1284
22	26	0	0	0	0	164.724	1285
22	25	0	0	0	0	152.128	1286
22	24	0	0	0	0	160.158	1287
22	24	0	0	0	0	149.735	1288
22	26	0	0	0	0	150.891	1289
19	26	0	0	0	0	151.345	1290
19	30	0	0	0	0	159.142	1291
19	31	0	0	0	0	167.005	1292
19	31	0	0	0	0	173.55	1293
19	30	0	0	0	0	159.472	1294
19	31	0	0	0	0	132.652	1295
19	31	0	0	0	0	171.165	1296
19	31	0	0	0	0	153.111	1297
18	31	0	0	0	0	171.451	1298
18	30	0	0	0	0	149.874	1299
19	37	0	0	0	0	181.369	1300
19	37	0	0	0	0	165.939	1301
19	38	0	0	0	0	179.399	1302
19	38	0	0	0	0	168.501	1303
19	39	0	0	0	0	199.331	1304
19	39	0	0	0	0	196.399	1305
20	39	0	0	0	0	199.711	1306
20	38	0	0	0	0	205.573	1307
19	37	0	0	0	0	162.456	1308
17	37	0	0	0	0	173.868	1309
16	38	0	0	0	0	172.727	1310
15	37	0	0	0	0	189.871	1311
15	37	0	0	0	0	181.233	1312
15	36	0	0	0	0	167.331	1313
15	34	0	0	0	0	164.901	1314
15	34	0	0	0	0	181.655	1315
15	34	0	0	0	0	173.887	1316
15	34	0	0	0	0	157.077	1317
15	32	0	0	0	0	158.529	1318
15	32	0	0	0	0	159.154	1319
15	32	0	0	0	0	164.194	1320
14	32	0	0	0	0	160.699	1321
14	31	0	0	0	0	162.807	1322
14	31	0	0	0	0	161.135	1323
14	31	0	0	0	0	151.526	1324
14	30	0	0	0	0	150.312	1325
14	30	0	0	0	0	144.553	1326
14	30	0	0	0	0	146.78	1327
14	30	0	0	0	0	156.291	1328
13	30	0	0	0	0	143.758	1329
13	29	0	0	0	0	146.76	1330
13	29	0	0	0	0	148.594	1331
13	29	0	0	0	0	135.608	1332
13	29	0	0	0	0	141.086	1333
14	29	0	0	0	0	147.469	1334
15	29	0	0	0	0	143.556	1335
15	29	0	0	0	0	143.032	1336
15	30	0	0	0	0	151.685	1337
16	30	0	0	0	0	145.635	1338
16	29	0	0	0	0	130.567	1339
16	29	0	0	0	0	151.962	1340
16	29	0	0	0	0	150.37	1341
16	29	0	0	0	0	139.621	1342
14	29	0	0	0	0	152.167	1343
14	29	0	0	0	0	156.896	1344
14	30	0	0	0	0	137.995	1345
14	30	0	0	0	0	140.603	1346
15	30	0	0	0	0	154.237	1347
17	31	0	0	0	0	162.918	1348
17	31	0	0	0	0	154.71	1349
16	31	0	0	0	0	154.77	1350
16	31	0	0	0	0	154.28	1351
16	31	0	0	0	0	162.436	1352
16	32	0	0	0	0	163.415	1353
16	32	0	0	0	0	148.119	1354
17	33	0	0	0	0	161.884	1355
17	32	0	0	0	0	164.763	1356
17	32	0	0	0	0	165.881	1357
17	32	0	0	0	0	156.263	1358
17	32	0	0	0	0	164.991	1359
17	31	0	0	0	0	170.569	1360
17	31	0	0	0	0	167.344	1361
17	31	0	0	0	0	160.045	1362
17	31	0	0	0	0	173.019	1363
17	31	0	0	0	0	155.722	1364
18	31	0	0	0	0	152.245	1365
19	31	0	0	0	0	152.945	1366
20	31	0	0	0	0	177.034	1367
21	31	0	0	0	0	181.755	1368
21	31	0	0	0	0	176.858	1369
21	31	0	0	0	0	162.569	1370
21	30	0	0	0	0	151.082	1371
21	30	0	0	0	0	170.068	1372
21	29	0	0	0	0	163.15	1373
21	29	0	0	0	0	168.328	1374
22	29	0	0	0	0	162.231	1375
22	27	0	0	0	0	165.865	1376
23	27	0	0	0	0	172.276	1377
23	28	0	0	0	0	156.502	1378
23	28	0	0	0	0	165.341	1379
22	28	0	0	0	0	163.714	1380
23	28	0	0	0	0	164.579	1381
23	28	0	0	0	0	173.744	1382
23	31	0	0	0	0	181.46	1383
22	31	0	0	0	0	171.702	1384
23	31	0	0	0	0	185.072	1385
24	30	0	0	0	0	192.743	1386
24	30	0	0	0	0	181.826	1387
24	31	0	0	0	0	179.034	1388
24	31	0	0	0	0	200.789	1389
24	31	0	0	0	0	162.892	1390
24	30	0	0	0	0	183.658	1391
23	30	0	0	0	0	175.315	1392
23	30	0	0	0	0	178.511	1393
23	29	0	0	0	0	170.377	1394
23	29	0	0	0	0	160.641	1395
23	29	0	0	0	0	169.499	1396
23	29	0	0	0	0	155.608	1397
23	28	0	0	0	0	152.235	1398
23	26	0	0	0	0	143.913	1399
23	25	0	0	0	0	168.947	1400
23	25	0	0	0	0	149.457	1401
24	25	0	0	0	0	176.003	1402
24	25	0	0	0	0	161.874	1403
24	25	0	0	0	0	152.93	1404
24	25	0	0	0	0	137.966	1405
24	25	0	0	0	0	166.57	1406
24	25	0	0	0	0	174.742	1407
25	26	0	0	0	0	185.25	1408
25	27	0	0	0	0	155.077	1409
25	27	0	0	0	0	182.402	1410
24	26	0	0	0	0	163.247	1411
24	26	0	0	0	0	162.629	1412
23	26	0	0	0	0	163.038	1413
23	25	0	0	0	0	162.93	1414
23	25	0	0	0	0	164.693	1415
23	25	0	0	0	0	160.62	1416
23	25	0	0	0	0	160.626	1417
23	25	0	0	0	0	159.533	1418
24	24	0	0	0	0	162.37	1419
24	24	0	0	0	0	158.602	1420
23	23	0	0	0	0	148.001	1421
23	22	0	0	0	0	141.933	1422
24	22	0	0	0	0	142.256	1423
24	22	0	0	0	0	150.498	1424
24	22	0	0	0	0	143.643	1425
23	22	0	0	0	0	142.132	1426
23	21	0	0	0	0	140.667	1427
21	22	0	0	0	0	122.165	1428
21	22	0	0	0	0	128.513	1429
20	22	0	0	0	0	136.264	1430
20	21	0	0	0	0	137.815	1431
20	20	0	0	0	0	133.279	1432
20	20	0	0	0	0	136.749	1433
21	20	0	0	0	0	133.778	1434
21	20	0	0	0	0	147.862	1435
21	20	0	0	0	0	127.43	1436
21	19	0	0	0	0	110.411	1437
21	18	0	0	0	0	132.514	1438
21	17	0	0	0	0	130.395	1439
22	22	0	0	0	0	136.113	1440
22	21	0	0	0	0	144.117	1441
21	21	0	0	0	0	132.708	1442
21	21	0	0	0	0	145.362	1443
21	21	0	0	0	0	144.076	1444
21	20	0	0	0	0	144.448	1445
21	20	0	0	0	0	131.543	1446
20	20	0	0	0	0	151.876	1447
20	20	0	0	0	0	130.456	1448
20	20	0	0	0	0	128.022	1449
20	20	0	0	0	0	133.609	1450
22	20	0	0	0	0	145.881	1451
25	20	0	0	0	0	136.075	1452
25	20	0	0	0	0	140.724	1453
23	20	0	0	0	0	137.722	1454
26	20	0	0	0	0	148.251	1455
26	21	0	0	0	0	156.077	1456
26	21	0	0	0	0	176.038	1457
26	21	0	0	0	0	140.693	1458
26	20	0	0	0	0	137.687	1459
28	20	0	0	0	0	155.914	1460
28	21	0	0	0	0	151.103	1461
28	21	0	0	0	0	152.862	1462
28	21	0	0	0	0	180.295	1463
28	21	0	0	0	0	150.466	1464
28	20	0	0	0	0	156.022	1465
28	20	0	0	0	0	163.974	1466
29	20	0	0	0	0	168.396	1467
29	20	0	0	0	0	169.132	1468
29	20	0	0	0	0	174.05	1469
29	20	0	0	0	0	146.394	1470
29	20	0	0	0	0	167.082	1471
29	20	0	0	0	0	151.283	1472
29	20	0	0	0	0	169.466	1473
29	19	0	0	0	0	154.486	1474
29	19	0	0	0	0	169.249	1475
30	17	0	0	0	0	154.762	1476
30	16	0	0	0	0	149.64	1477
30	16	0	0	0	0	159.019	1478
30	15	0	0	0	0	144.831	1479
30	14	0	0	0	0	139.694	1480
29	14	0	0	0	0	137.585	1481
29	15	0	0	0	0	145.148	1482
29	15	0	0	0	0	141.221	1483
29	15	0	0	0	0	148.635	1484
29	14	0	0	0	0	144.954	1485
29	14	0	0	0	0	123.756	1486
29	13	0	0	0	0	147.606	1487
28	13	0	0	0	0	142.41	1488
28	12	0	0	0	0	132.366	1489
28	12	0	0	0	0	134.673	1490
28	13	0	0	0	0	131.394	1491
29	14	0	0	0	0	118.826	1492
29	14	0	0	0	0	123.593	1493
29	14	0	0	0	0	127.876	1494
29	14	0	0	0	0	129.41	1495
27	14	0	0	0	0	114.789	1496
27	15	0	0	0	0	122.619	1497
26	15	0	0	0	0	90.6629	1498
26	14	0	0	0	0	98.6991	1499
26	14	0	0	0	0	116.208	1500
25	13	0	0	0	0	97.981	1501
25	14	0	0	0	0	108.441	1502
25	14	0	0	0	0	116.482	1503
25	14	0	0	0	0	124.158	1504
23	14	0	0	0	0	108.229	1505
20	14	0	0	0	0	118.598	1506
20	14	0	0	0	0	106.727	1507
20	14	0	0	0	0	105.248	1508
21	14	0	0	0	0	106.715	1509
21	14	0	0	0	0	112.96	1510
22	15	0	0	0	0	97.9207	1511
23	14	0	0	0	0	100.081	1512
23	12	0	0	0	0	98.4151	1513
23	12	0	0	0	0	95.6842	1514
23	12	0	0	0	0	102.507	1515
24	12	0	0	0	0	81.9312	1516
24	12	0	0	0	0	93.6863	1517
25	12	0	0	0	0	99.1035	1518
25	11	0	0	0	0	99.2925	1519
25	11	0	0	0	0	95.818	1520
27	11	0	0	0	0	98.0143	1521
27	11	0	0	0	0	89.7341	1522
27	11	0	0	0	0	100.168	1523
28	11	0	0	0	0	105.924	1524
29	11	0	0	0	0	127.965	1525
29	11	0	0	0	0	113.246	1526
29	11	0	0	0	0	119.209	1527
29	11	0	0	0	0	115.824	1528
29	9	0	0	0	0	120.077	1529
29	8	0	0	0	0	113.952	1530
28	8	0	0	0	0	117.778	1531
27	8	0	0	0	0	121.222	1532
27	8	0	0	0	0	115.147	1533
27	7	0	0	0	0	114.417	1534
26	7	0	0	0	0	115.348	1535
26	7	0	0	0	0	102.785	1536
27	7	0	0	0	0	110.755	1537
27	7	0	0	0	0	108.357	1538
27	7	0	0	0	0	118.838	1539
27	8	0	0	0	0	113.544	1540
27	8	0	0	0	0	115.013	1541
27	8	0	0	0	0	113.657	1542
28	9	0	0	0	0	116.032	1543
28	9	0	0	0	0	107.054	1544
28	9	0	0	0	0	115.311	1545
28	8	0	0	0	0	134.489	1546
28	8	0	0	0	0	121.636	1547
28	8	0	0	0	0	132.563	1548
28	8	0	0	0	0	107.399	1549
28	8	0	0	0	0	113.176	1550
28	8	0	0	0	0	98.3682	1551
28	8	0	0	0	0	98.693	1552
29	8	0	0	0	0	103.105	1553
29	8	0	0	0	0	97.7972	1554
28	8	0	0	0	0	90.626	1555
27	8	0	0	0	0	95.1257	1556
27	8	0	0	0	0	87.0271	1557
27	8	0	0	0	0	82.5467	1558
27	8	0	0	0	0	87.9775	1559
26	8	0	0	0	0	75.911	1560
27	8	0	0	0	0	78.4152	1561
27	8	0	0	0	0	85.2343	1562
27	8	0	0	0	0	66.2104	1563
26	8	0	0	0	0	66.4361	1564
27	8	0	0.5	0	1	84.0818	1565
27	8	0	0.5	0	1	80.3949	1566
28	8	0	0.5	0	1	89.8129	1567
29	8	0	0.5	0	1	84.7571	1568
29	8	0	0.5	0	1	70.8993	1569
30	8	0	0.5	0	1	76.7786	1570
30	8	0	1	0	2	84.7164	1571
30	8	0	1	0	2	82.9423	1572
30	8	0	1	0	2	74.8866	1573
31	8	0.5	1	1	2	82.6309	1574
31	8	0.5	1	1	2	85.4211	1575
30	8	0.5	1	1	2	78.9073	1576
29	8	0.5	1	1	2	81.5899	1577
29	8	0.5	1	1	2	84.2639	1578
29	8	0.5	1	1	2	85.5625	1579
29	8	0.5	1	1	2	81.0456	1580
29	8	0.5	1	1	2	98.1993	1581
29	7	0.5	1	1	2	88.4474	1582
29	7	0.5	1	1	2	88.2217	1583
30	7	0.5	1	1	2	90.4364	1584
30	6	0.5	1	1	2	92.492	1585
30	6	0.5	1	1	2	95.7166	1586
30	5	0.5	1	1	2	91.459	1587
30	5	0.5	1	1	2	95.2467	1588
30	5	0.5	1	1	2	95.9247	1589
30	5	0.5	1	1	2	81.8513	1590
31	4	0.5	1	1	2	105.454	1591
31	3	0.5	1	1	2	108.76	1592
32	4	0.5	1	1	2	109.561	1593
33	4	0.5	1	1	2	96.7496	1594
33	6	0.5	1	1	2	99.8684	1595
33	7	0.5	1	1	2	95.2873	1596
33	6	0.5	1	1	2	94.9756	1597
33	6	0.5	1	1	2	93.763	1598
31	6	0.5	1	1	2	75.7978	1599
32	7	0.5	1	1	2	87.721	1600
31	7	0.5	1	1	2	97.3723	1601
23	7	0.5	1	1	2	80.7136	1602
23	7	0.5	1	1	2	106.374	1603
23	7	0.5	1	1	2	99.8908	1604
22	7	0.5	1	1	2	99.6717	1605
22	8	0.5	1	1	2	103.717	1606
22	8	0.5	1	1	2	87.2432	1607
23	13	0.5	0.5	1	1	107.664	1608
23	13	0.5	0.5	1	1	100.376	1609
23	13	0.5	0.5	1	1	119.171	1610
23	13	0.5	0.5	1	1	118.762	1611
23	13	0.5	0.5	1	1	123.543	1612
23	13	0.5	0.5	1	1	120.96	1613
23	13	0.5	0.5	1	1	119.553	1614
23	13	0.5	0.5	1	1	120.971	1615
23	13	0.5	0.5	1	1	121.86	1616
23	13	0.5	0.5	1	1	126.659	1617
23	13	0.5	0.5	1	1	138.36	1618
23	13	0.5	0.5	1	1	129.937	1619
23	14	0.5	0.5	1	1	122.232	1620
23	14	0.5	0.5	1	1	127.854	1621
23	14	0	0.5	0	1	112.228	1622
23	14	0	0.5	0	1	90.2449	1623
24	14	0	0.5	0	1	115.787	1624
24	14	0	0.5	0	1	120.67	1625
24	14	0	0.5	0	1	131.718	1626
24	14	0	0.5	0	1	134.988	1627
24	14	0	0.5	0	1	126.339	1628
24	15	0	0.5	0	1	131.581	1629
24	15	0	0.5	0	1	135.745	1630
24	15	0	0.5	0	1	137.581	1631
24	15	0	0.5	0	1	140.057	1632
24	15	0	0.5	0	1	139.866	1633
24	15	0	0.5	0	1	141.947	1634
24	15	0	0.5	0	1	138.08	1635
24	15	0	0	0	0	138.025	1636
24	15	0	0	0	0	137.848	1637
24	15	0	0	0	0	143.266	1638
25	15	0	0	0	0	138.697	1639
25	16	0	0	0	0	151.748	1640
25	16	0	0	0	0	137.243	1641
25	16	0	0	0	0	136.456	1642
24	16	0	0	0	0	128.184	1643
25	16	0	0	0	0	131.345	1644
25	15	0	0	0	0	127.492	1645
25	15	0	0	0	0	131.525	1646
24	15	0	0	0	0	127.814	1647
24	15	0	0	0	0	128.539	1648
23	15	0	0	0	0	137.487	1649
23	15	0	0	0	0	134.278	1650
23	15	0	0	0	0	117.093	1651
23	15	0	0	0	0	120.684	1652
23	15	0	0	0	0	118.38	1653
24	15	0	0	0	0	117.455	1654
24	15	0	0	0	0	118.97	1655
22	14	0	0	0	0	102.845	1656
22	14	0	0	0	0	117.732	1657
23	14	0	0	0	0	115.249	1658
22	14	0	0	0	0	105.59	1659
21	16	0	0	0	0	112.718	1660
21	15	0	0	0	0	114.286	1661
22	15	0	0	0	0	113.96	1662
22	15	0	0	0	0	111.051	1663
21	15	0	0	0	0	115.848	1664
21	15	0	0	0	0	124.627	1665
21	14	0	0	0	0	120.716	1666
21	14	0	0	0	0	115.39	1667
21	14	0	0	0	0	122.66	1668
21	13	0	0	0	0	113.137	1669
21	13	0	0	0	0	115.67	1670
21	13	0	0	0	0	107.083	1671
21	13	0	0	0	0	110.004	1672
21	13	0	0	0	0	108.887	1673
21	12	0	0	0	0	111.65	1674
21	12	0	0	0	0	105.311	1675
21	11	0	0	0	0	113.815	1676
21	11	0	0	0	0	111.495	1677
21	11	0	0	0	0	99.3566	1678
21	11	0	0	0	0	95.914	1679
21	11	0	0	0	0	116.449	1680
21	11	0	0	0	0	119.801	1681
22	12	0	0	0	0	119.108	1682
22	12	0	0	0	0	119.618	1683
22	12	0	0	0	0	111.03	1684
22	12	0	0	0	0	115.085	1685
22	12	0	0	0	0	106.367	1686
22	12	0	0	0	0	118.168	1687
22	12	0	0	0	0	102.833	1688
21	12	0	0	0	0	112.228	1689
21	12	0	0	0	0	108.552	1690
20	12	0	0	0	0	102.559	1691
20	12	0	0	0	0	108.195	1692
19	12	0	0	0	0	97.3431	1693
16	12	0	0	0	0	85.9771	1694
15	12	0	0	0	0	82.6639	1695
15	12	0	0	0	0	76.4047	1696
15	12	0	0	0	0	93.5967	1697
15	13	0	0	0	0	93.3535	1698
15	13	0	0	0	0	99.7707	1699
15	13	0	0	0	0	91.6927	1700
16	13	0	0	0	0	97.243	1701
16	13	0	0	0	0	97.3235	1702
16	13	0	0	0	0	87.4384	1703
16	13	0	0	0	0	100.398	1704
16	13	0	0	0	0	109.109	1705
16	13	0	0	0	0	91.8523	1706
19	13	0	0	0	0	89.9256	1707
19	13	0	0	0	0	89.575	1708
19	13	0	0	0	0	97.4809	1709
18	13	0	0	0	0	98.0953	1710
18	13	0	0	0	0	114.622	1711
18	13	0	0	0	0	98.6183	1712
19	13	0	0	0	0	102.76	1713
18	13	0	0	0	0	102.597	1714
18	15	0	0	0	0	98.8357	1715
19	14	0	0	0	0	101.444	1716
18	14	0	0	0	0	110.759	1717
19	14	0	0	0	0	103.37	1718
19	15	0	0	0	0	108.281	1719
19	15	0	0	0	0	104.929	1720
19	15	0	0	0	0	108.116	1721
19	15	0	0	0	0	106.62	1722
19	15	0	0	0	0	101.808	1723
16	16	0	0	0	0	91.8932	1724
18	16	0	0	0	0	89.0156	1725
19	16	0	0	0	0	103.141	1726
19	16	0	0	0	0	102.328	1727
19	16	0	0	0	0	90.5545	1728
21	14	0	0	0	0	98.603	1729
23	14	0	0	0	0	93.5219	1730
23	14	0	0	0	0	128.9	1731
23	14	0	0	0	0	120.584	1732
23	14	0	0	0	0	113.333	1733
23	14	0	0	0	0	114.358	1734
24	14	0	0	0	0	118.58	1735
24	14	0	0	0	0	133.146	1736
24	14	0	0	0	0	125.731	1737
24	14	0	0	0	0	136.111	1738
25	13	0	0	0	0	124.496	1739
26	13	0	0	0	0	130.997	1740
26	13	0	0	0	0	132.987	1741
26	13	0	0	0	0	135.86	1742
26	13	0	0	0	0	131.022	1743
26	14	0	0	0	0	133.777	1744
26	14	0	0	0	0	143.008	1745
26	14	0	0	0	0	135.777	1746
26	14	0	0	0	0	132.623	1747
25	14	0	0	0	0	124.278	1748
26	14	0	0	0	0	127.148	1749
25	13	0	0	0	0	131.525	1750
25	13	0	0	0	0	123.632	1751
25	13	0	0	0	0	130.607	1752
25	13	0	0	0	0	132.413	1753
25	13	0	0	0	0	133.108	1754
25	13	0	0	0	0	134.894	1755
25	13	0	0	0	0	135.868	1756
25	13	0	0	0	0	122.323	1757
24	12	0	0	0	0	120.46	1758
24	12	0	0	0	0	128.894	1759
24	12	0	0	0	0	119.587	1760
24	12	0	0	0	0	117.024	1761
24	12	0	0	0	0	108.799	1762
25	12	0	0	0	0	119.47	1763
25	12	0	0	0	0	122.643	1764
25	12	0	0	0	0	125.219	1765
25	10	0	0	0	0	121.719	1766
25	10	0	0	0	0	103.098	1767
25	10	0	0	0	0	119.39	1768
24	10	0	0	0	0	105.785	1769
24	10	0	0	0	0	124.152	1770
24	10	0	0	0	0	102.823	1771
25	10	0	0	0	0	116.214	1772
25	10	0	0	0	0	116.305	1773
26	10	0	0	0	0	121.203	1774
26	10	0	0	0	0	122.494	1775
26	10	0	0	0	0	114.521	1776
26	10	0	0	0	0	131.999	1777
26	10	0	0	0	0	124.15	1778
26	10	0	0	0	0	120.71	1779
26	10	0	0	0	0	120.692	1780
27	10	0	0	0	0	124.125	1781
27	10	0	0	0	0	123.3	1782
27	10	0	0	0	0	108.327	1783
27	10	0	0	0	0	128.431	1784
27	10	0	0	0	0	122.339	1785
27	10	0	0	0	0	116.53	1786
26	10	0	0	0	0	124.941	1787
26	11	0	0	0	0	124.729	1788
26	11	0	0	0	0	118.68	1789
26	10	0	0	0	0	122.729	1790
26	10	0	0	0	0	131.901	1791
26	10	0	0	0	0	121.32	1792
26	10	0	0	0	0	131.658	1793
27	10	0	0	0	0	124.308	1794
27	10	0	0	0	0	133.32	1795
27	10	0	0	0	0	120.998	1796
26	11	0	0	0	0	122.49	1797
26	11	0	0	0	0	125.661	1798
26	11	0	0	0	0	135.392	1799
26	11	0	0	0	0	130.158	1800
26	11	0	0	0	0	121.993	1801
25	11	0	0	0	0	122.355	1802
25	12	0	0	0	0	118.717	1803
25	12	0	0	0	0	132.911	1804
24	12	0	0	0	0	126.422	1805
23	12	0.5	0	1	0	120.234	1806
23	12	0.5	0	1	0	120.157	1807
23	12	0.5	0	1	0	123.463	1808
23	12	0.5	0	1	0	108.802	1809
23	12	0.5	0	1	0	115.957	1810
23	12	0.5	0	1	0	124.034	1811
23	11	0.5	0	1	0	129.175	1812
23	11	0.5	0	1	0	110.792	1813
23	11	0.5	0	1	0	113.817	1814
23	11	0.833333	0	2	0	128.251	1815
23	11	1.16667	0	3	0	121.189	1816
23	11	1.16667	0	3	0	106.292	1817
20	11	1.16667	0	3	0	100.146	1818
20	11	1.16667	0	3	0	108.688	1819
20	11	1.16667	0	3	0	104.164	1820
20	11	1.16667	0	3	0	98.0394	1821
20	11	1.16667	0	3	0	103.974	1822
20	11	1.16667	0	3	0	113.629	1823
20	11	1.16667	0	3	0	97.0371	1824
20	11	1.16667	0	3	0	102.552	1825
20	11	1.16667	0	3	0	108.306	1826
19	11	1.16667	0	3	0	101.967	1827
19	11	1.16667	0	3	0	102.491	1828
19	11	1.16667	0	3	0	107.75	1829
19	11	1.16667	0	3	0	106.511	1830
19	11	1.16667	0	3	0	99.4911	1831
19	11	1.16667	0	3	0	100.311	1832
19	11	1.16667	0	3	0	86.9139	1833
19	11	1.16667	0	3	0	85.0833	1834
18	10	1.16667	0	3	0	79.2667	1835
18	10	1.5	0	4	0	73.9374	1836
15	10	1.5	0	4	0	81.1293	1837
14	9	1.5	0	4	0	81.2581	1838
14	9	1.5	0	4	0	70.246	1839
14	7	1.5	0	4	0	68.6272	1840
14	7	1.83333	0	5	0	72.6923	1841
14	7	1.83333	0	5	0	67.2261	1842
14	7	1.83333	0	5	0	72.8251	1843
14	7	1.83333	0	5	0	71.6056	1844
14	7	1.83333	0	5	0	66.6783	1845
14	7	1.83333	0	5	0	64.88	1846
14	7	1.83333	0	5	0	61.9251	1847
14	6	1.83333	0	5	0	64.1684	1848
14	5	1.83333	0	5	0	60.4458	1849
14	5	1.83333	0	5	0	58.5058	1850
14	4	1.83333	0	5	0	58.7164	1851
13	4	1.83333	0	5	0	46.8412	1852
13	4	1.83333	0	5	0	47.1286	1853
13	4	1.83333	0	5	0	47.1389	1854
13	4	1.83333	0	5	0	45.3024	1855
13	4	1.83333	0	5	0	36.6737	1856
10	4	1.83333	0	5	0	34.6038	1857
10	4	1.83333	0	5	0	41.9439	1858
9	4	1.83333	0	5	0	37.7302	1859
8	4	1.83333	0	5	0	39.6871	1860
8	4	1.83333	0	5	0	41.91	1861
8	4	1.83333	0	5	0	41.9128	1862
8	4	1.83333	0	5	0	31.1252	1863
8	4	1.83333	0	5	0	27.3368	1864
8	4	1.83333	0	5	0	28.5833	1865
8	3	1.83333	0	5	0	25.7674	1866
8	2	1.83333	0	5	0	29.3858	1867
7	2	1.83333	0	5	0	28.4581	1868
7	2	1.5	0	4	0	26.6926	1869
7	2	1.5	0	4	0	21.9926	1870
7	2	1.5	0	4	0	23.0449	1871
7	2	1.5	0	4	0	25.6218	1872
7	2	1	0	3	0	14.9739	1873
4	2	1	0	3	0	7.14181	1874
3	1	0.666667	0	2	0	1.36777	1875
2	1	0.333333	0	1	0	0.95258	1876
2	1	0.333333	0	1	0	-2.88051	1877
2	1	0.333333	0	1	0	0.689385	1878
2	1	0.333333	0	1	0	0.95258	1879
1	1	0.333333	0	1	0	0.919994	1880
1	1	0.333333	0	1	0	0.919994	1881
1	1	0.333333	0	1	0	nan	1882
