unique_top_cov	unique_bot_cov	redundant_top_cov	redundant_bot_cov	raw_redundant_top_cov	raw_redundant_bot_cov	e_value	position
0	2	0	0	0	0	nan	1
0	2	0	0	0	0	nan	2
0	2	0	0	0	0	0.569452	3
0	2	0.333333	0	1	0	0.972867	4
0	2	0.333333	0	1	0	0.743322	5
0	3	0.333333	0	1	0	0.892608	6
1	3	0.333333	0	1	0	1.45714	7
1	3	0.333333	0	1	0	1.01192	8
1	3	0.333333	0	1	0	0.892608	9
1	3	0.333333	0	1	0	8.04959	10
1	3	0.333333	0.333333	1	1	8.29575	11
2	3	0.333333	0.333333	1	1	9.60549	12
2	3	0.333333	0.333333	1	1	12.0223	13
2	4	0.333333	0.333333	1	1	12.6592	14
2	4	0.333333	0.333333	1	1	13.1015	15
2	4	0.333333	0.666667	1	2	16.3502	16
2	4	0.333333	0.666667	1	2	16.1788	17
2	4	0.333333	0.666667	1	2	15.8782	18
2	5	0.333333	0.666667	1	2	14.3585	19
2	5	0.333333	0.666667	1	2	16.0889	20
2	5	0.333333	0.666667	1	2	17.7062	21
2	5	0.333333	0.666667	1	2	20.2731	22
3	6	0.333333	0.666667	1	2	17.4592	23
3	6	0.333333	1	1	3	20.2731	24
3	6	0.333333	1	1	3	21.74	25
3	8	0.333333	1	1	3	26.9884	26
3	8	0.333333	1	1	3	28.6574	27
4	8	0.333333	1	1	3	35.4442	28
4	8	0.333333	1	1	3	37.739	29
4	8	0.333333	1	1	3	35.1275	30
4	12	0.333333	1	1	3	38.8734	31
4	12	0.333333	1	1	3	47.4302	32
4	12	0.333333	1	1	3	50.6126	33
4	12	0.333333	1	1	3	54.3066	34
4	12	0.333333	1	1	3	48.6542	35
4	12	0.333333	1	1	3	57.9241	36
4	12	0.333333	1	1	3	47.9601	37
4	12	0.333333	1	1	3	57.3193	38
5	12	0.333333	1	1	3	52.9359	39
5	12	0.333333	1	1	3	57.4338	40
5	13	0.333333	1	1	3	56.5709	41
5	13	0.333333	1	1	3	63.6201	42
5	13	0.333333	1	1	3	59.048	43
5	13	0.333333	1	1	3	55.2656	44
5	13	0.333333	1	1	3	58.4462	45
6	13	0.333333	1	1	3	58.7984	46
6	13	0.333333	1	1	3	61.931	47
6	13	0.333333	1	1	3	62.0461	48
6	13	0.333333	0.666667	1	2	66.1893	49
6	13	0.333333	0.666667	1	2	64.5244	50
6	13	0.333333	0.666667	1	2	63.7228	51
6	13	0.333333	0.666667	1	2	66.9553	52
6	13	0.333333	0.666667	1	2	63.3735	53
6	13	0.333333	0.666667	1	2	46.3854	54
6	13	0.333333	0.666667	1	2	66.4655	55
6	13	0.333333	0.666667	1	2	61.7693	56
8	13	0.333333	0.666667	1	2	61.6379	57
8	13	0.333333	0.666667	1	2	66.677	58
8	13	0.333333	0.666667	1	2	69.0598	59
8	13	0.333333	0.666667	1	2	74.7318	60
8	13	0.333333	0.333333	1	1	74.1506	61
9	13	0.333333	0.333333	1	1	72.0248	62
9	13	0.333333	0.333333	1	1	72.1399	63
9	13	0.333333	0.333333	1	1	76.8619	64
9	13	0.333333	0	1	0	73.2161	65
9	13	0.333333	0	1	0	69.6641	66
9	13	0.333333	0	1	0	71.702	67
9	13	0.333333	0	1	0	69.5761	68
9	14	0.333333	0	1	0	75.6108	69
9	14	0	0	0	0	77.8769	70
10	14	0	0	0	0	78.3853	71
11	14	0	0	0	0	78.3137	72
11	14	0	0	0	0	88.7363	73
11	14	0	0	0	0	82.1409	74
11	14	0	0	0	0	85.526	75
11	14	0	0	0	0	84.8792	76
11	15	0	0	0	0	83.0126	77
11	15	0	0	0	0	94.2794	78
11	15	0	0	0	0	86.5301	79
11	15	0	0	0	0	92.8029	80
11	15	0	0	0	0	89.0142	81
11	17	0	0	0	0	87.6168	82
11	17	0	0	0	0	79.1469	83
11	17	0	0	0	0	89.9441	84
11	17	0	0	0	0	84.7384	85
11	17	0	0	0	0	95.8102	86
11	17	0	0	0	0	93.4972	87
11	17	0	0	0	0	95.9172	88
11	18	0	0	0	0	100.15	89
11	18	0	0	0	0	100.474	90
12	18	0	0	0	0	90.3501	91
13	18	0	0	0	0	95.3373	92
13	18	0	0	0	0	100.474	93
13	18	0	0	0	0	105.203	94
13	18	0	0	0	0	106.695	95
13	18	0	0	0	0	107.481	96
13	18	0	0	0	0	116.243	97
13	18	0	0	0	0	101.38	98
13	18	0	0	0	0	102.218	99
13	18	0	0	0	0	101.77	100
13	18	0	0	0	0	99.3018	101
13	18	0	0	0	0	102.929	102
13	18	0	0	0	0	101.898	103
12	18	0	0	0	0	101.141	104
12	18	0	0	0	0	102.999	105
12	18	0	0	0	0	102.529	106
12	18	0	0	0	0	107.349	107
12	18	0	0	0	0	109.968	108
12	18	0	0	0	0	98.5991	109
12	18	0	0	0	0	103.388	110
12	19	0	0	0	0	102.82	111
12	19	0	0	0	0	103.527	112
12	19	0	0	0	0	101.286	113
12	19	0	0	0	0	99.3447	114
12	19	0	0	0	0	99.035	115
11	19	0	0	0	0	98.5909	116
11	18	0	0	0	0	88.15	117
11	19	0	0	0	0	89.9013	118
11	20	0	0	0	0	94.196	119
12	18	0	0	0	0	90.572	120
12	18	0	0	0	0	95.7448	121
12	18	0	0	0	0	106.784	122
11	18	0	0	0	0	96.6416	123
11	18	0	0	0	0	98.627	124
11	18	0	0	0	0	99.6075	125
10	18	0	0	0	0	98.394	126
10	18	0	0	0	0	98.4356	127
10	18	0	0	0	0	88.9192	128
11	18	0	0	0	0	94.2126	129
11	18	0	0	0	0	102.192	130
11	18	0	0	0	0	103.739	131
11	18	0	0	0	0	99.499	132
10	18	0	0	0	0	94.4834	133
10	18	0	0	0	0	93.2278	134
10	18	0	0	0	0	95.2812	135
10	18	0	0	0	0	103.409	136
10	18	0	0	0	0	88.4571	137
11	18	0	0	0	0	100.873	138
11	18	0	0	0	0	85.9781	139
12	18	0	0	0	0	99.9946	140
13	18	0	0	0	0	102.894	141
13	18	0	0	0	0	100.121	142
13	18	0	0	0	0	101.751	143
13	18	0	0	0	0	96.4651	144
13	18	0	0	0	0	103.263	145
13	18	0	0	0	0	105.443	146
13	18	0	0	0	0	111.236	147
13	18	0	0	0	0	106.472	148
13	18	0	0	0	0	106.612	149
13	18	0	0	0	0	115.246	150
13	19	0	0	0	0	89.4141	151
13	19	0	0	0	0	111.658	152
13	19	0	0	0	0	102.153	153
13	19	0	0	0	0	112.616	154
13	19	0	0	0	0	107.776	155
14	19	0	0	0	0	97.111	156
14	19	0	0	0	0	93.9075	157
13	19	0	0	0	0	90.8722	158
14	19	0	0	0	0	117.772	159
14	18	0	0	0	0	114.75	160
14	18	0	0	0	0	95.1755	161
15	18	0	0	0	0	103.02	162
15	18	0	0	0	0	118.582	163
15	18	0	0	0	0	116.28	164
16	18	0	0	0	0	107.965	165
17	18	0	0	0	0	102.9	166
19	19	0	0	0	0	103.201	167
19	19	0	0	0	0	100.952	168
19	17	0	0	0	0	123.986	169
19	17	0	0	0	0	113.44	170
21	17	0	0	0	0	119.587	171
21	17	0	0	0	0	118.861	172
21	17	0	0	0	0	121.684	173
21	17	0	0	0	0	126.3	174
21	17	0	0	0	0	129.113	175
21	15	0	0	0	0	127.741	176
22	15	0	0	0	0	120.889	177
22	15	0	0	0	0	124.775	178
22	15	0	0	0	0	122.904	179
22	16	0	0	0	0	123.405	180
22	13	0	0	0	0	111.105	181
22	13	0	0	0	0	112.889	182
22	13	0	0	0	0	111.643	183
22	13	0	0	0	0	105.849	184
22	13	0	0	0	0	98.9275	185
22	13	0	0	0	0	95.3199	186
24	13	0	0	0	0	93.9351	187
24	13	0	0	0	0	106.599	188
19	13	0	0	0	0	103.746	189
18	13	0	0	0	0	94.777	190
18	13	0	0	0	0	98.243	191
18	13	0	0	0	0	93.8817	192
18	12	0	0	0	0	90.5304	193
18	12	0	0	0	0	99.339	194
18	12	0	0	0	0	97.1028	195
17	12	0	0	0	0	87.0791	196
16	12	0	0	0	0	89.752	197
16	12	0	0	0	0	89.6379	198
16	12	0	0	0	0	97.1663	199
16	12	0	0	0	0	98.0298	200
16	12	0	0	0	0	96.6168	201
16	12	0	0	0	0	84.0418	202
16	12	0	0	0	0	81.3443	203
16	10	0	0	0	0	81.3756	204
16	10	0	0	0	0	83.6286	205
17	11	0	0	0	0	90.8307	206
17	11	0	0	0	0	96.1223	207
17	11	0	0	0	0	94.7993	208
17	11	0	0	0	0	81.5742	209
17	11	0	0	0	0	90.2142	210
17	11	0	0	0	0	91.7798	211
17	11	0	0	0	0	96.7171	212
17	11	0	0	0	0	94.3301	213
17	11	0	0	0	0	88.1309	214
15	11	0	0	0	0	89.3976	215
15	11	0	0	0	0	84.4576	216
15	11	0	0	0	0	87.8849	217
15	11	0	0	0	0	68.8716	218
15	11	0	0	0	0	85.847	219
16	11	0	0	0	0	86.8768	220
16	11	0	0	0	0	92.8957	221
16	11	0	0	0	0	90.6603	222
16	11	0	0	0	0	96.7781	223
16	11	0	0	0	0	91.4665	224
16	11	0	0	0	0	90.1057	225
16	11	0	0	0	0	88.5941	226
17	12	0	0	0	0	84.6367	227
16	12	0	0	0	0	87.7315	228
17	12	0	0	0	0	86.589	229
17	12	0	0	0	0	99.2904	230
17	12	0	0	0	0	102.036	231
17	10	0	0	0	0	98.9853	232
17	10	0	0	0	0	90.3473	233
17	10	0	0	0	0	79.9756	234
17	10	0	0	0	0	99.054	235
17	10	0	0	0	0	91.6274	236
17	10	0	0	0	0	89.7294	237
17	10	0	0	0	0	67.296	238
17	9	0	0	0	0	77.7929	239
17	9	0	0	0	0	94.7837	240
17	9	0	0	0	0	88.1952	241
17	9	0	0	0	0	73.8422	242
19	9	0	0	0	0	84.4644	243
18	9	0	0	0	0	101.546	244
18	9	0	0	0	0	92.5353	245
18	11	0	0	0	0	91.9854	246
18	11	0	0	0	0	99.1622	247
18	11	0	0	0	0	91.7873	248
17	11	0	0	0	0	96.5098	249
17	11	0	0	0	0	98.1153	250
17	11	0	0	0	0	97.0307	251
17	11	0	0	0	0	91.2712	252
17	11	0	0	0	0	104.09	253
17	11	0	0	0	0	97.018	254
17	11	0	0	0	0	97.3809	255
17	11	0	0	0	0	95.144	256
17	11	0	0	0	0	91.6965	257
17	11	0	0	0	0	94.0313	258
17	12	0	0	0	0	103.481	259
17	13	0	0	0	0	98.3482	260
17	13	0	0	0	0	105.696	261
17	13	0	0	0	0	100.333	262
17	13	0	0	0	0	101.559	263
17	13	0	0	0	0	104.615	264
17	13	0	0	0	0	92.2188	265
20	12	0	0	0	0	90.0401	266
20	12	0	0	0	0	90.3018	267
20	10	0	0	0	0	101.891	268
20	11	0	0	0	0	89.5013	269
20	12	0	0	0	0	96.7148	270
20	14	0	0	0	0	110.468	271
20	15	0	0	0	0	103.469	272
20	15	0	0	0	0	104.979	273
21	15	0	0	0	0	106.444	274
21	15	0	0	0	0	105.53	275
21	15	0	0	0	0	120.213	276
21	15	0	0	0	0	119.989	277
21	15	0	0	0	0	113.724	278
21	15	0	0	0	0	95.3683	279
19	15	0	0	0	0	121.929	280
20	15	0	0	0	0	112.078	281
20	15	0	0	0	0	116.323	282
20	15	0	0	0	0	125.828	283
20	15	0	0	0	0	124.636	284
20	15	0	0	0	0	108.238	285
20	15	0	0	0	0	117.853	286
20	15	0	0	0	0	126.406	287
21	15	0	0	0	0	119.133	288
21	15	0	0	0	0	111.151	289
21	15	0	0	0	0	117.019	290
20	15	0	0	0	0	115.174	291
21	15	0	0	0	0	120.2	292
20	15	0	0	0	0	112.564	293
20	14	0	0	0	0	117.816	294
20	14	0	0	0	0	102.419	295
21	14	0	0	0	0	113.55	296
21	17	0	0	0	0	110.683	297
21	18	0	0	0	0	131.515	298
21	18	0	0	0	0	127.805	299
21	17	0	0	0	0	115.014	300
20	16	0	0	0	0	125.939	301
20	17	0	0	0	0	121.783	302
20	17	0	0	0	0	122.939	303
20	17	0	0	0	0	120.645	304
20	17	0	0	0	0	129.129	305
19	17	0	0	0	0	115.157	306
19	19	0	0	0	0	124.535	307
19	19	0	0	0	0	140.908	308
19	19	0	0	0	0	132.516	309
19	19	0	0	0	0	133.192	310
20	19	0	0	0	0	123.33	311
20	25	0	0	0	0	132.55	312
20	25	0	0	0	0	149.585	313
20	27	0	0	0	0	152.974	314
19	28	0	0	0	0	146.566	315
16	28	0	0	0	0	150.501	316
16	28	0	0	0	0	150.875	317
16	28	0	0	0	0	146.822	318
16	28	0	0	0	0	152.989	319
16	29	0	0	0	0	152.57	320
13	29	0	0	0	0	150.663	321
13	29	0	0	0	0	150.99	322
13	29	0	0	0	0	146.89	323
13	29	0	0	0	0	148.097	324
13	29	0	0	0	0	158.047	325
13	29	0	0	0	0	161.591	326
13	29	0	0	0	0	147.333	327
13	29	0	0	0	0	137.208	328
13	29	0	0	0	0	152.725	329
13	28	0	0	0	0	158.284	330
13	28	0	0	0	0	144.809	331
13	28	0	0	0	0	137.6	332
13	28	0	0	0	0	157.491	333
13	28	0	0	0	0	119.536	334
13	28	0	0	0	0	134.688	335
14	29	0	0	0	0	131.027	336
13	29	0	0	0	0	147.756	337
13	29	0	0	0	0	157.96	338
12	29	0	0	0	0	143.832	339
13	29	0	0	0	0	140.683	340
13	29	0	0	0	0	146.042	341
12	29	0	0	0	0	146.723	342
12	28	0	0	0	0	145.402	343
12	28	0	0	0	0	136.491	344
12	28	0	0	0	0	142.391	345
12	28	0	0	0	0	146.576	346
12	28	0	0	0	0	136.718	347
12	28	0	0	0	0	144.725	348
12	28	0	0	0	0	136.224	349
12	28	0	0	0	0	137.585	350
15	28	0	0	0	0	138.02	351
15	28	0	0	0	0	144.152	352
15	28	0	0	0	0	144.031	353
15	28	0	0	0	0	140.181	354
15	28	0	0	0	0	143.966	355
16	28	0	0	0	0	137.485	356
17	28	0	0	0	0	150.107	357
17	27	0	0	0	0	133.861	358
17	27	0	0	0	0	151.863	359
17	27	0	0	0	0	146.272	360
19	27	0	0	0	0	143.835	361
19	27	0	0	0	0	145.723	362
19	27	0	0	0	0	144.205	363
19	26	0	0	0	0	145.458	364
19	26	0	0	0	0	142.092	365
20	26	0	0	0	0	146.137	366
20	26	0	0	0	0	141.222	367
19	26	0	0	0	0	146.34	368
19	28	0	0	0	0	145.36	369
19	28	0	0	0	0	130.248	370
19	28	0	0	0	0	155.547	371
19	28	0	0	0	0	148.41	372
19	28	0	0	0	0	154.926	373
19	28	0	0	0	0	153.644	374
19	27	0	0	0	0	160.089	375
19	27	0	0	0	0	147.698	376
19	26	0	0	0	0	158.05	377
19	26	0	0	0	0	155.839	378
20	26	0	0	0	0	161.095	379
20	27	0	0	0	0	150.808	380
20	26	0	0	0	0	159.917	381
20	26	0	0	0	0	165.214	382
20	26	0	0	0	0	156.662	383
21	27	0	0	0	0	152.236	384
21	27	0	0	0	0	174.121	385
21	27	0	0	0	0	164.35	386
21	27	0	0	0	0	156.098	387
21	26	0	0	0	0	158.522	388
21	26	0	0	0	0	154.156	389
21	26	0	0	0	0	161.641	390
21	26	0	0	0	0	153.698	391
21	26	0	0	0	0	149.265	392
19	26	0	0	0	0	141.565	393
20	26	0	0	0	0	151.854	394
20	25	0	0	0	0	150.436	395
20	25	0	0	0	0	160.909	396
20	25	0	0	0	0	128.492	397
20	25	0	0	0	0	149.553	398
20	25	0	0	0	0	153.606	399
20	24	0	0	0	0	153.579	400
20	24	0	0	0	0	149.246	401
20	24	0	0	0	0	145.339	402
20	24	0	0	0	0	157.638	403
20	23	0	0	0	0	144.65	404
20	23	0	0	0	0	148.36	405
20	23	0	0	0	0	147.09	406
20	25	0	0	0	0	153.414	407
21	25	0	0	0	0	141.321	408
21	24	0	0	0	0	133.96	409
22	23	0	0	0	0	160.709	410
22	23	0	0	0	0	157.759	411
22	23	0	0	0	0	151.879	412
24	23	0	0	0	0	155.996	413
24	23	0	0	0	0	158.325	414
25	23	0	0	0	0	154.645	415
22	23	0	0	0	0	147.257	416
22	23	0	0	0	0	158.471	417
23	23	0	0	0	0	158.881	418
22	23	0	0	0	0	153.176	419
22	23	0	0	0	0	137.66	420
22	21	0	0	0	0	147.103	421
22	20	0	0	0	0	141.613	422
22	20	0	0	0	0	149.293	423
22	20	0	0	0	0	139.458	424
22	20	0	0	0	0	141.459	425
23	21	0	0	0	0	143.986	426
23	21	0	0	0	0	155.263	427
23	21	0	0	0	0	140.448	428
23	21	0	0	0	0	152.67	429
23	20	0	0	0	0	129.43	430
23	19	0	0	0	0	140.023	431
23	20	0	0	0	0	139.185	432
22	21	0	0	0	0	145.397	433
23	22	0	0	0	0	150.575	434
23	22	0	0	0	0	145.775	435
23	22	0	0	0	0	134.91	436
23	21	0	0	0	0	129.615	437
23	21	0	0	0	0	134.403	438
23	19	0	0	0	0	137.708	439
22	19	0	0	0	0	146.366	440
22	19	0	0	0	0	129.631	441
23	19	0	0	0	0	139.469	442
23	19	0	0	0	0	131.8	443
23	19	0	0	0	0	133.538	444
23	19	0	0	0	0	140.962	445
24	18	0	0	0	0	130.286	446
24	17	0	0	0	0	133.087	447
24	17	0	0	0	0	139.515	448
24	17	0	0	0	0	118.663	449
24	16	0	0	0	0	122.688	450
25	16	0	0	0	0	126.586	451
25	16	0	0	0	0	130.982	452
25	15	0	0	0	0	131.001	453
22	15	0	0	0	0	123.437	454
22	15	0	0	0	0	123.597	455
22	15	0	0	0	0	112.773	456
22	12	0	0	0	0	117.095	457
22	12	0	0	0	0	106.096	458
22	12	0	0	0	0	115.297	459
22	12	0	0	0	0	115.119	460
21	12	0	0	0	0	106.424	461
21	10	0	0	0	0	100.921	462
21	10	0	0	0	0	103.423	463
21	10	0	0	0	0	102.016	464
21	10	0	0	0	0	105.063	465
20	10	0	0	0	0	102.406	466
20	10	0	0	0	0	106.513	467
20	10	0	0	0	0	113.083	468
20	10	0	0	0	0	101.361	469
20	10	0	0	0	0	113.963	470
20	10	0	0	0	0	98.6097	471
20	10	0	0	0	0	101.157	472
20	10	0	0	0	0	98.4587	473
20	10	0	0	0	0	101.908	474
20	9	0	0	0	0	95.8841	475
20	9	0	0	0	0	97.9415	476
20	9	0	0	0	0	97.7096	477
20	9	0	0	0	0	107.133	478
20	9	0	0	0	0	105.951	479
20	9	0	0	0	0	96.58	480
20	9	0	0	0	0	106.253	481
20	9	0	0	0	0	98.4741	482
20	8	0	0	0	0	85.9441	483
20	8	0	0	0	0	88.5023	484
20	8	0	0	0	0	96.0697	485
20	8	0	0	0	0	88.5811	486
20	8	0	0	0	0	90.1014	487
20	8	0	0	0	0	90.0046	488
20	8	0	0	0	0	84.3886	489
20	8	0	0	0	0	95.5208	490
20	8	0	0	0	0	91.2962	491
19	8	0	0	0	0	85.9669	492
19	8	0	0	0	0	87.6971	493
20	8	0	0	0	0	93.838	494
20	8	0	0	0	0	87.4872	495
18	8	0	0	0	0	77.693	496
18	8	0	0	0	0	84.6568	497
17	8	0	0	0	0	73.2888	498
17	8	0	0	0	0	81.3497	499
16	8	0	0	0	0	73.1731	500
14	8	0	0	0	0	75.7646	501
14	8	0	0	0	0	76.3881	502
14	8	0	0	0	0	65.9146	503
15	8	0	0	0	0	75.2765	504
15	8	0	0	0	0	63.9499	505
16	8	0	0	0	0	74.5685	506
16	8	0	0	0	0	85.1539	507
16	7	0	0	0	0	60.4323	508
16	4	0	0	0	0	48.8476	509
17	4	0	0	0	0	65.9138	510
17	4	0	0	0	0	66.0043	511
17	4	0	0	0	0	68.4585	512
18	4	0	0	0	0	60.9398	513
18	3	0	0	0	0	53.4636	514
16	3	0	0	0	0	60.2554	515
15	4	0	0	0	0	56.0432	516
15	4	0	0	0	0	55.824	517
15	3	0	0	0	0	53.1881	518
15	2	0	0	0	0	55.2581	519
16	2	0	0	0	0	57.8895	520
17	2	0	0	0	0	61.6708	521
17	2	0	0	0	0	56.9299	522
17	2	0	0	0	0	67.8001	523
17	2	0	0	0	0	66.4631	524
17	2	0	0	0	0	57.775	525
17	2	0	0	0	0	61.354	526
17	2	0	0	0	0	59.7376	527
17	2	0	0	0	0	66.9237	528
17	2	0	0	0	0	63.9629	529
17	2	0	0	0	0	56.8229	530
17	2	0	0	0	0	60.603	531
17	2	0	0	0	0	57.5553	532
17	3	0	0	0	0	59.4404	533
17	2	0	0	0	0	62.253	534
17	2	0	0	0	0	58.0707	535
17	2	0	0	0	0	59.7132	536
18	2	0	0	0	0	57.3525	537
18	2	0	0	0	0	65.2215	538
18	2	0	0	0	0	69.0306	539
19	2	0	0	0	0	70.3299	540
19	2	0	0	0	0	70.9117	541
19	2	0	0	0	0	72.1047	542
19	2	0	0	0	0	73.9138	543
19	2	0	0	0	0	71.5224	544
19	3	0	0	0	0	72.8177	545
19	3	0	0	0	0	73.2671	546
19	3	0	0	0	0	81.2237	547
19	3	0	0	0	0	68.7746	548
19	6	0	0	0	0	72.8977	549
19	6	0	0	0	0	84.6733	550
19	6	0	0	0	0	82.5714	551
19	6	0	0	0	0	87.7998	552
18	6	0	0	0	0	84.0696	553
18	10	0	0	0	0	89.0419	554
18	10	0	0	0	0	93.9271	555
19	11	0	0	0	0	92.5303	556
19	11	0	0	0	0	99.8621	557
18	11	0	0	0	0	101.617	558
18	12	0	0	0	0	100.981	559
18	12	0	0	0	0	89.0656	560
18	12	0	0	0	0	95.9973	561
18	12	0	0	0	0	81.6057	562
17	12	0	0	0	0	90.2639	563
17	12	0	0	0	0	98.0016	564
15	13	0	0	0	0	85.5658	565
15	13	0	0	0	0	90.0244	566
15	13	0	0	0	0	91.3579	567
15	13	0	0	0	0	96.3916	568
15	13	0	0	0	0	94.5995	569
15	14	0	0	0	0	96.8418	570
15	14	0	0	0	0	99.9112	571
15	14	0	0	0	0	102.085	572
14	14	0	0	0	0	76.8132	573
13	14	0	0	0	0	92.0219	574
13	14	0	0	0	0	94.5647	575
13	14	0	0	0	0	93.3255	576
13	14	0	0	0	0	92.1558	577
13	14	0	0	0	0	102.359	578
13	14	0	0	0	0	89.353	579
13	14	0	0	0	0	88.4993	580
13	14	0	0	0	0	100.922	581
14	14	0	0	0	0	87.0839	582
14	14	0	0	0	0	99.9909	583
13	14	0	0	0	0	90.0262	584
15	14	0	0	0	0	96.8743	585
15	14	0	0	0	0	110.456	586
15	14	0	0	0	0	97.2845	587
15	14	0	0	0	0	100.834	588
15	15	0	0	0	0	93.2812	589
16	15	0	0	0	0	84.1462	590
16	15	0	0	0	0	80.906	591
14	15	0	0	0	0	91.3842	592
14	16	0	0	0	0	103.867	593
15	16	0	0	0	0	98.247	594
15	16	0	0	0	0	110.368	595
15	16	0	0	0	0	102.507	596
15	16	0	0	0	0	109.783	597
15	17	0	0	0	0	101.589	598
15	17	0	0	0	0	120.861	599
15	18	0	0	0	0	110.416	600
15	17	0	0	0	0	99.9975	601
15	17	0	0	0	0	107.887	602
15	17	0	0	0	0	113.023	603
15	17	0	0	0	0	108.379	604
16	17	0	0	0	0	110.977	605
16	17	0	0	0	0	118.248	606
16	17	0	0	0	0	120.751	607
16	17	0	0	0	0	126.522	608
16	17	0	0	0	0	100.356	609
16	17	0	0	0	0	112.284	610
16	17	0	0	0	0	115.908	611
18	17	0	0	0	0	103.143	612
18	17	0	0	0	0	128.846	613
18	17	0	0	0	0	121.689	614
18	17	0	0	0	0	117.488	615
18	17	0	0	0	0	109.901	616
17	16	0	0	0	0	116.229	617
17	16	0	0	0	0	115.706	618
17	16	0	0	0	0	101.601	619
17	16	0	0	0	0	112.052	620
17	16	0	0	0	0	116.254	621
17	16	0	0	0	0	113.537	622
17	16	0	0	0	0	111.191	623
18	16	0	0	0	0	110.392	624
18	16	0	0	0	0	117.628	625
18	16	0	0	0	0	120.383	626
18	16	0	0	0	0	108.66	627
18	16	0	0	0	0	116.109	628
18	16	0	0	0	0	105.969	629
16	16	0	0	0	0	109.707	630
16	17	0	0	0	0	113.851	631
16	17	0	0	0	0	117.948	632
16	17	0	0	0	0	100.764	633
16	17	0	0	0	0	99.271	634
16	18	0	0	0	0	109.597	635
16	18	0	0	0	0	96.4279	636
16	18	0	0	0	0	103.179	637
16	18	0	0	0	0	107.208	638
16	18	0	0	0	0	107.654	639
14	17	0	0	0	0	91.1726	640
15	17	0	0	0	0	95.2969	641
16	16	0	0	0	0	78.4985	642
16	16	0	0	0	0	90.1891	643
13	16	0	0	0	0	88.1518	644
13	16	0	0	0	0	89.8511	645
12	17	0	0	0	0	96.2849	646
12	18	0	0	0	0	98.7858	647
12	18	0	0	0	0	94.2625	648
12	18	0	0	0	0	84.7779	649
12	18	0	0	0	0	83.6878	650
12	18	0	0	0	0	87.847	651
12	18	0	0	0	0	89.4954	652
12	18	0	0	0	0	78.0112	653
13	18	0	0	0	0	99.5827	654
12	18	0	0	0	0	94.323	655
11	18	0	0	0	0	98.4729	656
11	18	0	0	0	0	96.7794	657
11	18	0	0	0	0	88.2829	658
12	18	0	0	0	0	93.9196	659
12	18	0	0	0	0	104.352	660
12	18	0	0	0	0	103.012	661
12	18	0	0	0	0	101.383	662
12	18	0	0	0	0	97.7702	663
12	18	0	0	0	0	97.047	664
12	18	0	0	0	0	93.9172	665
12	18	0	0	0	0	94.9812	666
12	18	0	0	0	0	101.813	667
12	18	0	0	0	0	98.6739	668
13	18	0	0	0	0	92.6279	669
13	18	0	0	0	0	98.2496	670
13	18	0	0	0	0	108.248	671
14	18	0	0	0	0	109.109	672
14	18	0	0	0	0	89.8661	673
15	17	0	0	0	0	101.615	674
15	17	0	0	0	0	100.169	675
15	16	0	0	0	0	101.717	676
16	16	0	0	0	0	98.0136	677
17	16	0	0	0	0	106.061	678
17	16	0	0	0	0	113.373	679
17	16	0	0	0	0	115.262	680
17	16	0	0	0	0	114.002	681
17	16	0	0	0	0	115.54	682
17	16	0	0	0	0	118.31	683
17	16	0	0	0	0	107.393	684
17	16	0	0	0	0	108.228	685
17	16	0	0	0	0	105.566	686
17	16	0	0	0	0	101.271	687
17	16	0	0	0	0	109.236	688
17	14	0	0	0	0	107.751	689
18	14	0	0	0	0	106.439	690
18	14	0	0	0	0	108.69	691
18	14	0	0	0	0	104.196	692
18	14	0	0	0	0	109.965	693
18	14	0	0	0	0	107.439	694
18	14	0	0	0	0	104.844	695
18	14	0	0	0	0	105.624	696
18	14	0	0	0	0	99.5459	697
20	14	0	0	0	0	96.7558	698
20	13	0	0	0	0	98.3391	699
20	13	0	0	0	0	101.109	700
20	13	0	0	0	0	86.9321	701
20	13	0	0	0	0	88.9307	702
20	13	0	0	0	0	91.5101	703
20	10	0	0	0	0	94.1661	704
20	9	0	0	0	0	98.6442	705
20	9	0	0	0	0	96.3201	706
20	9	0	0	0	0	87.2789	707
22	9	0	0	0	0	89.008	708
21	8	0	0	0	0	85.7527	709
21	7	0	0	0	0	89.9565	710
21	7	0	0	0	0	91.0894	711
21	7	0	0	0	0	87.537	712
21	7	0	0	0	0	88.5718	713
21	7	0	0	0	0	89.5262	714
21	7	0	0	0	0	94.0872	715
21	7	0	0	0	0	94.3023	716
21	7	0	0	0	0	89.3085	717
21	7	0	0	0	0	83.745	718
21	6	0	0	0	0	92.2312	719
24	5	0	0	0	0	91.0153	720
25	5	0	0	0	0	101.459	721
25	5	0	0	0	0	88.216	722
25	5	0	0	0	0	112.455	723
25	5	0	0	0	0	103.032	724
26	5	0	0	0	0	95.995	725
27	5	0	0	0	0	95.0852	726
25	5	0	0	0	0	91.0035	727
25	5	0	0	0	0	110.052	728
25	5	0	0	0	0	99.6593	729
26	4	0	0	0	0	100.557	730
26	4	0	0	0	0	105.924	731
26	3	0	0	0	0	94.8078	732
26	4	0	0	0	0	93.9371	733
26	4	0	0	0	0	90.4594	734
26	4	0	0	0	0	111.492	735
26	4	0	0	0	0	111.318	736
26	4	0	0	0	0	106.495	737
26	4	0	0	0	0	104.849	738
26	4	0	0	0	0	97.9671	739
26	4	0	0	0	0	101.227	740
26	4	0	0	0	0	92.5801	741
25	4	0	0	0	0	87.4796	742
25	4	0	0	0	0	96.4054	743
24	4	0	0	0	0	98.8199	744
24	4	0	0	0	0	100.26	745
24	4	0	0	0	0	100.489	746
24	4	0	0	0	0	96.8182	747
24	4	0	0	0	0	96.694	748
24	4	0	0	0	0	100.939	749
24	4	0	0	0	0	97.3876	750
24	5	0	0	0	0	96.1628	751
24	5	0	0	0	0	98.729	752
24	8	0	0	0	0	106.731	753
24	9	0	0	0	0	110.774	754
24	9	0	0	0	0	110.419	755
24	9	0	0	0	0	117.77	756
24	9	0	0	0	0	109.687	757
24	9	0	0	0	0	105.642	758
23	9	0	0	0	0	103.883	759
23	9	0	0	0	0	110.577	760
23	9	0	0	0	0	99.9375	761
18	9	0	0	0	0	90.9699	762
18	9	0	0	0	0	95.2871	763
18	9	0	0	0	0	91.5624	764
18	9	0	0	0	0	100.119	765
18	9	0	0	0	0	97.1508	766
18	9	0	0	0	0	93.2434	767
18	9	0	0	0	0	90.5878	768
18	10	0	0	0	0	93.2473	769
18	10	0	0	0	0	88.0732	770
18	10	0	0	0	0	81.4568	771
18	10	0	0	0	0	93.5175	772
17	11	0	0	0	0	93.1112	773
16	13	0	0	0	0	93.6212	774
16	13	0	0	0	0	74.6071	775
16	13	0	0	0	0	71.0659	776
16	12	0	0	0	0	72.1934	777
16	12	0	0	0	0	64.3447	778
16	12	0	0	0	0	69.9712	779
16	12	0	0	0	0	62.9073	780
11	11	0	0	0	0	71.5043	781
10	11	0	0	0	0	71.2523	782
10	11	0	0	0	0	69.9279	783
9	12	0	0	0	0	64.3209	784
9	11	0	0	0	0	59.6719	785
9	11	0	0	0	0	65.577	786
9	11	0	0	0	0	63.7275	787
9	11	0	0	0	0	64.247	788
9	11	0	0	0	0	61.0659	789
9	11	0	0	0	0	64.1242	790
9	12	0	0	0	0	56.351	791
8	12	0	0	0	0	72.8154	792
8	12	0	0	0	0	68.0899	793
8	12	0	0	0	0	64.3588	794
8	12	0	0	0	0	58.5623	795
8	12	0	0	0	0	66.7519	796
8	12	0	0	0	0	73.5576	797
8	12	0	0	0	0	63.4565	798
8	12	0	0	0	0	62.4202	799
8	11	0	0	0	0	60.4555	800
9	11	0	0	0	0	61.8237	801
9	10	0	0	0	0	66.5073	802
9	10	0	0	0	0	67.1601	803
9	10	0	0	0	0	61.8189	804
9	10	0	0	0	0	64.4091	805
9	10	0	0	0	0	65.7714	806
9	10	0	0	0	0	62.9375	807
9	10	0	0	0	0	62.554	808
9	10	0	0	0	0	65.1207	809
9	9	0	0	0	0	61.8935	810
9	9	0	0	0	0	49.3848	811
9	9	0	0	0	0	62.4685	812
9	9	0	0	0	0	62.0609	813
9	9	0	0	0	0	65.8664	814
9	9	0	0	0	0	54.1686	815
9	9	0	0	0	0	57.6621	816
9	9	0	0	0	0	53.8876	817
8	9	0	0	0	0	52.6667	818
8	9	0	0	0	0	49.8587	819
8	9	0	0	0	0	51.689	820
8	9	0	0	0	0	48.4007	821
7	9	0	0	0	0	54.63	822
7	9	0	0	0	0	52.5777	823
7	9	0	0	0	0	55.3759	824
7	9	0	0	0	0	56.1573	825
7	9	0	0	0	0	57.6575	826
7	9	0	0	0	0	49.9766	827
7	9	0	0	0	0	48.4788	828
7	9	0	0	0	0	52.1804	829
7	9	0	0	0	0	55.5635	830
8	9	0	0	0	0	52.9406	831
8	9	0	0	0	0	58.2033	832
8	9	0	0	0	0	58.1158	833
8	9	0	0	0	0	56.0002	834
8	10	0	0	0	0	59.0233	835
8	10	0	0	0	0	58.7722	836
8	10	0	0	0	0	54.7371	837
8	10	0	0	0	0	52.5247	838
8	10	0	0	0	0	48.0433	839
7	10	0	0	0	0	54.1628	840
7	10	0	0	0	0	55.1065	841
8	9	0	0	0	0	49.5602	842
8	10	0	0	0	0	58.9874	843
8	10	0	0	0	0	52.9488	844
8	10	0	0	0	0	53.3128	845
8	10	0	0	0	0	54.2986	846
6	10	0	0	0	0	50.7831	847
6	10	0	0	0	0	54.6994	848
6	10	0	0	0	0	53.8064	849
6	10	0	0	0	0	55.5643	850
6	10	0	0	0	0	39.9219	851
5	10	0	0	0	0	51.0438	852
5	10	0	0	0	0	45.6008	853
5	10	0	0	0	0	37.2705	854
5	10	0	0	0	0	47.0697	855
5	10	0	0	0	0	46.2773	856
5	10	0	0	0	0	48.9739	857
6	10	0	0	0	0	47.0539	858
5	10	0	0	0	0	37.5965	859
5	10	0	0	0	0	51.0439	860
6	12	0	0	0	0	47.6044	861
6	12	0	0	0	0	56.9699	862
6	12	0	0	0	0	60.7077	863
6	12	0	0	0	0	52.2756	864
6	12	0	0	0	0	53.0132	865
5	12	0	0	0	0	51.994	866
5	12	0	0	0	0	53.4816	867
5	12	0	0	0	0	54.9044	868
5	12	0	0	0	0	50.1504	869
4	12	0	0	0	0	49.1595	870
4	12	0	0	0	0	49.5061	871
4	12	0	0	0	0	43.076	872
5	12	0	0	0	0	51.9954	873
5	12	0	0	0	0	50.1903	874
5	12	0	0	0	0	56.9713	875
5	12	0	0	0	0	54.6464	876
5	12	0	0	0	0	55.1802	877
5	12	0	0	0	0	58.0951	878
5	12	0	0	0	0	55.6078	879
5	12	0	0	0	0	57.2744	880
5	13	0	0	0	0	55.2735	881
5	13	0	0	0	0	53.4728	882
5	13	0	0	0	0	54.1815	883
5	13	0	0	0	0	64.2951	884
5	13	0	0	0	0	51.4075	885
5	13	0	0	0	0	61.5933	886
5	13	0	0	0	0	57.5199	887
5	13	0	0	0	0	53.5354	888
5	13	0	0	0	0	57.8355	889
5	13	0	0	0	0	57.2904	890
5	13	0	0	0	0	48.5458	891
5	13	0	0	0	0	56.9571	892
5	13	0	0	0	0	53.4256	893
5	13	0	0	0	0	57.9506	894
5	13	0	0	0	0	60.3357	895
5	13	0	0	0	0	48.0711	896
6	13	0	0	0	0	61.9795	897
6	13	0	0	0	0	55.0785	898
6	13	0	0	0	0	59.6935	899
7	13	0	0	0	0	54.8367	900
7	13	0	0	0	0	65.6604	901
7	13	0	0	0	0	59.8718	902
7	14	0	0	0	0	56.3532	903
7	13	0	0	0	0	61.7193	904
7	14	0	0	0	0	67.8204	905
7	14	0	0	0	0	65.6235	906
8	14	0	0	0	0	64.3178	907
8	13	0	0	0	0	65.4827	908
8	13	0	0	0	0	68.2259	909
8	13	0	0	0	0	69.7117	910
8	13	0	0	0	0	61.2328	911
8	11	0	0	0	0	50.802	912
8	11	0	0	0	0	62.3615	913
8	11	0	0	0	0	59.3726	914
8	11	0	0	0	0	58.068	915
8	11	0	0	0	0	59.6015	916
8	11	0	0	0	0	61.5212	917
8	11	0	0	0	0	61.548	918
8	11	0	0	0	0	63.8781	919
8	11	0	0	0	0	62.2187	920
8	11	0	0	0	0	63.9634	921
8	11	0	0	0	0	60.3039	922
8	11	0	0	0	0	56.5822	923
8	9	0	0	0	0	50.0697	924
8	9	0	0	0	0	46.025	925
8	10	0	0	0	0	52.9518	926
8	10	0	0	0	0	56.3953	927
8	10	0	0	0	0	51.3541	928
10	10	0	0	0	0	51.7701	929
10	10	0	0	0	0	53.4238	930
10	12	0	0	0	0	57.732	931
10	12	0	0	0	0	49.3893	932
10	11	0	0	0	0	52.1349	933
10	11	0	0	0	0	69.808	934
10	11	0	0	0	0	64.637	935
10	12	0	0	0	0	64.3463	936
10	12	0	0	0	0	79.0742	937
10	12	0	0	0	0	71.4693	938
10	12	0	0	0	0	68.2102	939
10	12	0	0	0	0	66.0765	940
10	11	0	0	0	0	69.2227	941
10	11	0	0	0	0	73.7465	942
10	11	0	0	0	0	65.7136	943
10	11	0	0	0	0	77.8732	944
10	11	0	0	0	0	67.6898	945
10	12	0	0	0	0	69.7602	946
10	11	0	0	0	0	69.2677	947
10	11	0	0	0	0	60.1436	948
10	11	0	0	0	0	65.6974	949
10	11	0	0	0	0	69.1314	950
10	11	0	0	0	0	65.9986	951
10	11	0	0	0	0	66.5921	952
9	11	0	0	0	0	69.522	953
10	12	0	0	0	0	70.0057	954
9	12	0	0	0	0	61.6021	955
9	12	0	0	0	0	67.7663	956
9	12	0	0	0	0	45.5416	957
9	12	0	0	0	0	68.8892	958
9	12	0	0	0	0	68.3064	959
9	13	0	0	0	0	75.6877	960
10	13	0	0	0	0	64.9024	961
10	13	0	0	0	0	80.0691	962
10	12	0	0	0	0	70.0042	963
10	12	0	0	0	0	72.8643	964
10	12	0	0	0	0	68.4568	965
10	12	0	0	0	0	68.4568	966
10	12	0	0	0	0	68.8839	967
10	12	0	0	0	0	68.75	968
10	12	0	0	0	0	73.2103	969
10	11	0	0	0	0	65.5553	970
10	11	0	0	0	0	70.9996	971
10	11	0	0	0	0	71.8557	972
10	11	0	0	0	0	73.2109	973
10	11	0	0	0	0	74.162	974
10	11	0	0	0	0	72.8947	975
10	11	0	0	0	0	74.2744	976
10	11	0	0	0	0	70.5561	977
10	11	0	0	0	0	71.2268	978
10	11	0	0	0	0	73.8847	979
10	11	0	0	0	0	69.6537	980
10	11	0	0	0	0	66.7901	981
11	11	0	0	0	0	65.7052	982
11	11	0	0	0	0	59.6675	983
11	11	0	0	0	0	69.6195	984
11	11	0	0	0	0	74.7763	985
11	10	0	0	0	0	70.9728	986
11	10	0	0	0	0	63.6756	987
12	10	0	0	0	0	66.0078	988
12	10	0	0	0	0	75.4254	989
12	10	0	0	0	0	66.6222	990
12	10	0	0	0	0	69.4389	991
12	10	0	0	0	0	68.5146	992
11	10	0	0	0	0	68.2858	993
11	10	0	0	0	0	74.1029	994
11	10	0	0	0	0	77.2817	995
11	10	0	0	0	0	66.1454	996
11	10	0	0	0	0	61.2919	997
11	10	0	0	0	0	71.6527	998
11	10	0	0	0	0	75.0712	999
11	10	0	0	0	0	63.2705	1000
10	10	0	0	0	0	59.7877	1001
10	10	0	0	0	0	68.387	1002
10	10	0	0	0	0	65.4754	1003
10	10	0	0	0	0	67.0192	1004
10	10	0	0	0	0	67.1075	1005
10	10	0	0	0	0	65.5316	1006
10	10	0	0	0	0	59.3243	1007
10	10	0	0	0	0	71.8376	1008
10	10	0	0	0	0	73.3349	1009
10	10	0	0	0	0	68.5932	1010
10	10	0	0	0	0	63.4936	1011
10	10	0	0	0	0	63.5017	1012
10	10	0	0	0	0	72.9452	1013
10	10	0	0	0	0	64.7515	1014
10	10	0	0	0	0	68.5089	1015
10	10	0	0	0	0	65.0674	1016
10	10	0	0	0	0	71.4417	1017
10	10	0	0	0	0	52.6248	1018
11	10	0	0	0	0	68.1444	1019
11	10	0	0	0	0	69.7328	1020
11	10	0	0	0	0	69.7246	1021
11	10	0	0	0	0	63.4758	1022
10	10	0	0	0	0	55.7703	1023
11	10	0	0	0	0	64.8057	1024
11	11	0	0	0	0	71.89	1025
11	12	0	0	0	0	70.9145	1026
11	12	0	0	0	0	77.3518	1027
11	12	0	0	0	0	73.6256	1028
12	12	0	0	0	0	76.7423	1029
13	15	0	0	0	0	81.9415	1030
13	15	0	0	0	0	84.737	1031
13	15	0	0	0	0	76.6392	1032
13	15	0	0	0	0	75.0652	1033
13	15	0	0	0	0	84.3423	1034
13	14	0	0	0	0	88.5668	1035
13	14	0	0	0	0	81.3102	1036
14	13	0	0	0	0	84.0617	1037
15	13	0	0	0	0	87.9784	1038
16	12	0	0	0	0	88.1891	1039
16	11	0	0	0	0	92.745	1040
15	11	0	0	0	0	87.6766	1041
15	11	0	0	0	0	84.3874	1042
15	11	0	0	0	0	79.7608	1043
15	11	0	0	0	0	78.3088	1044
15	11	0	0	0	0	72.1223	1045
16	10	0	0	0	0	78.8098	1046
14	10	0	0	0	0	79.0776	1047
14	10	0	0	0	0	74.2969	1048
14	10	0	0	0	0	79.6148	1049
13	10	0	0	0	0	79.2783	1050
13	10	0	0	0	0	75.3717	1051
14	10	0	0	0	0	68.0242	1052
14	10	0	0	0	0	64.1822	1053
14	10	0	0	0	0	73.7957	1054
14	9	0	0	0	0	74.7109	1055
14	9	0	0	0	0	77.4979	1056
14	9	0	0	0	0	81.2204	1057
14	9	0	0	0	0	75.3102	1058
14	9	0	0	0	0	76.0986	1059
14	9	0	0	0	0	70.6148	1060
14	9	0	0	0	0	72.5397	1061
14	9	0	0	0	0	57.1314	1062
14	9	0	0	0	0	76.0501	1063
14	9	0	0	0	0	86.2912	1064
14	9	0	0	0	0	71.0926	1065
15	9	0	0	0	0	68.5066	1066
15	9	0	0	0	0	84.715	1067
15	9	0	0	0	0	79.23	1068
15	9	0	0	0	0	79.5609	1069
15	8	0	0	0	0	81.0843	1070
16	8	0	0	0	0	80.3773	1071
16	8	0	0	0	0	85.1059	1072
16	8	0	0	0	0	81.9241	1073
16	8	0	0	0	0	69.8652	1074
16	8	0	0	0	0	74.1346	1075
15	8	0	0	0	0	82.0124	1076
15	8	0	0	0	0	80.3541	1077
15	7	0	0	0	0	67.9333	1078
15	7	0	0	0	0	70.4617	1079
15	8	0	0	0	0	71.4486	1080
15	7	0	0	0	0	71.9395	1081
15	7	0	0	0	0	72.3184	1082
14	7	0	0	0	0	70.177	1083
15	7	0	0	0	0	59.2412	1084
15	7	0	0	0	0	66.1204	1085
13	6	0	0	0	0	55.8962	1086
13	11	0	0	0	0	63.3453	1087
13	15	0	0	0	0	81.3797	1088
14	15	0	0	0	0	82.279	1089
16	15	0	0	0	0	88.5083	1090
15	15	0	0	0	0	92.0697	1091
15	16	0	0	0	0	103.356	1092
15	16	0	0	0	0	98.3296	1093
16	16	0	0	0	0	101.824	1094
16	16	0	0	0	0	101.082	1095
14	16	0	0	0	0	95.7658	1096
14	16	0	0	0	0	99.761	1097
14	16	0	0	0	0	104.066	1098
14	16	0	0	0	0	83.9553	1099
14	17	0	0	0	0	95.6749	1100
15	17	0	0	0	0	107.362	1101
17	17	0	0	0	0	114.576	1102
17	18	0	0	0	0	120.76	1103
17	17	0	0	0	0	115.639	1104
18	17	0	0	0	0	124.65	1105
18	17	0	0	0	0	114.111	1106
18	17	0	0	0	0	117.467	1107
18	16	0	0	0	0	121.513	1108
18	16	0	0	0	0	117.59	1109
18	16	0	0	0	0	123.855	1110
18	16	0	0	0	0	111.184	1111
18	16	0	0	0	0	122.119	1112
18	16	0	0	0	0	122.8	1113
18	16	0	0	0	0	116.748	1114
18	16	0	0	0	0	117.065	1115
18	16	0	0	0	0	125.943	1116
18	16	0	0	0	0	118.89	1117
18	16	0	0	0	0	130.027	1118
18	16	0	0	0	0	117.134	1119
18	16	0	0	0	0	113.851	1120
18	16	0	0	0	0	119.75	1121
18	16	0	0	0	0	111.806	1122
18	16	0	0	0	0	129.97	1123
19	16	0	0	0	0	118.038	1124
19	16	0	0	0	0	107.83	1125
19	16	0	0	0	0	112.838	1126
19	17	0	0	0	0	126.184	1127
19	17	0	0	0	0	111.795	1128
19	17	0	0	0	0	109.538	1129
17	17	0	0	0	0	102.313	1130
17	17	0	0	0	0	110.885	1131
16	17	0	0	0	0	109.747	1132
16	17	0	0	0	0	108.611	1133
15	17	0	0	0	0	110.214	1134
15	18	0	0	0	0	117.291	1135
15	18	0	0	0	0	116.197	1136
15	18	0	0	0	0	108.737	1137
16	18	0	0	0	0	112.271	1138
16	18	0	0	0	0	111.651	1139
16	19	0	0	0	0	117.86	1140
16	19	0	0	0	0	112.158	1141
17	19	0	0	0	0	114.701	1142
17	19	0	0	0	0	121.241	1143
17	19	0	0	0	0	115.378	1144
17	19	0	0	0	0	128.926	1145
17	19	0	0	0	0	129.879	1146
17	19	0	0	0	0	120.747	1147
16	19	0	0	0	0	121.332	1148
16	20	0	0	0	0	122.585	1149
16	20	0	0	0	0	119.622	1150
17	20	0	0	0	0	124.474	1151
17	20	0	0	0	0	138.464	1152
17	20	0	0	0	0	123.975	1153
17	20	0	0	0	0	115.414	1154
17	20	0	0	0	0	113.631	1155
17	20	0	0	0	0	132.384	1156
17	20	0	0	0	0	128.185	1157
16	20	0	0	0	0	124.207	1158
16	20	0	0	0	0	120.825	1159
16	20	0	0	0	0	115.117	1160
16	20	0	0	0	0	117.91	1161
16	20	0	0	0	0	114.393	1162
16	20	0	0	0	0	116.405	1163
16	18	0	0	0	0	110.657	1164
16	18	0	0	0	0	115.79	1165
16	17	0	0	0	0	108.432	1166
15	17	0	0	0	0	112.138	1167
15	17	0	0	0	0	107.892	1168
15	17	0	0	0	0	107.743	1169
15	17	0	0	0	0	101.313	1170
14	17	0	0	0	0	104.726	1171
14	16	0	0	0	0	94.8117	1172
14	16	0	0	0	0	98.3665	1173
14	15	0	0	0	0	97.5801	1174
14	15	0	0	0	0	99.8276	1175
14	15	0	0	0	0	102.735	1176
14	15	0	0	0	0	92.8227	1177
14	15	0	0	0	0	93.5173	1178
11	15	0	0	0	0	76.3291	1179
11	14	0	0	0	0	81.6579	1180
12	14	0	0	0	0	80.4013	1181
11	14	0	0	0	0	78.09	1182
11	14	0	0	0	0	80.2013	1183
11	14	0	0	0	0	84.1359	1184
11	14	0	0	0	0	81.931	1185
11	15	0	0	0	0	78.5171	1186
11	15	0	0	0	0	73.0244	1187
11	15	0	0	0	0	78.7379	1188
10	15	0	0	0	0	76.3795	1189
10	14	0	0	0	0	73.187	1190
10	15	0	0	0	0	75.9406	1191
10	14	0	0	0	0	72.2105	1192
10	15	0	0	0	0	80.5724	1193
10	15	0	0	0	0	66.8028	1194
7	15	0	0	0	0	66.4984	1195
7	14	0	0	0	0	62.738	1196
7	13	0	0	0	0	65.5101	1197
7	13	0	0	0	0	73.7959	1198
7	13	0	0	0	0	72.5724	1199
7	13	0	0	0	0	67.7568	1200
7	13	0	0	0	0	61.7241	1201
7	13	0	0	0	0	67.9052	1202
7	13	0	0	0	0	71.1186	1203
7	13	0	0	0	0	68.2259	1204
7	13	0	0	0	0	65.0028	1205
7	13	0	0	0	0	67.2518	1206
9	13	0	0	0	0	64.1426	1207
9	13	0	0	0	0	73.6056	1208
9	13	0	0	0	0	71.5087	1209
9	13	0	0	0	0	69.8078	1210
10	13	0	0	0	0	71.68	1211
10	13	0	0	0	0	58.4664	1212
10	13	0	0	0	0	72.1296	1213
10	14	0	0	0	0	72.2819	1214
10	13	0	0	0	0	74.3519	1215
10	13	0	0	0	0	78.4887	1216
10	13	0	0	0	0	71.814	1217
9	13	0	0	0	0	72.156	1218
9	13	0	0	0	0	75.7026	1219
9	13	0	0	0	0	62.6679	1220
9	14	0	0	0	0	76.4872	1221
9	13	0	0	0	0	72.6665	1222
9	13	0	0	0	0	79.6682	1223
10	13	0	0	0	0	63.3621	1224
9	12	0	0	0	0	68.1009	1225
9	13	0	0	0	0	74.3774	1226
9	13	0	0	0	0	69.5358	1227
9	13	0	0	0	0	60.2642	1228
9	13	0	0	0	0	71.8008	1229
9	12	0	0	0	0	61.9766	1230
9	13	0	0	0	0	69.0862	1231
9	13	0	0	0	0	72.9378	1232
9	13	0	0	0	0	66.7921	1233
9	13	0	0	0	0	71.9632	1234
9	13	0	0	0	0	72.8343	1235
9	14	0	0	0	0	61.957	1236
9	12	0	0	0	0	61.7346	1237
9	10	0	0	0	0	48.0087	1238
9	11	0	0	0	0	63.2688	1239
9	11	0	0	0	0	61.3938	1240
9	11	0	0	0	0	74.0258	1241
9	11	0	0	0	0	60.7528	1242
9	11	0	0	0	0	61.3419	1243
9	11	0	0	0	0	64.6882	1244
8	11	0	0	0	0	68.3528	1245
8	11	0	0	0	0	58.1293	1246
9	12	0	0	0	0	58.9229	1247
11	12	0	0	0	0	63.7282	1248
11	12	0	0	0	0	79.4166	1249
11	12	0	0	0	0	71.4508	1250
11	12	0	0	0	0	71.6008	1251
10	12	0	0	0	0	72.5377	1252
10	11	0	0	0	0	69.6947	1253
9	11	0	0	0	0	68.6826	1254
9	11	0	0	0	0	73.5887	1255
9	11	0	0	0	0	64.4149	1256
9	14	0	0	0	0	71.4505	1257
9	14	0	0	0	0	80.7962	1258
9	14	0	0	0	0	85.8692	1259
9	14	0	0	0	0	80.4741	1260
9	14	0	0	0	0	67.1431	1261
9	14	0	0	0	0	75.8197	1262
10	14	0	0	0	0	76.6761	1263
10	14	0	0	0	0	81.3545	1264
10	14	0	0	0	0	84.6862	1265
9	14	0	0	0	0	83.2851	1266
9	14	0	0	0	0	71.0964	1267
10	14	0	0	0	0	76.4163	1268
11	14	0	0	0	0	68.9814	1269
11	14	0	0	0	0	73.6756	1270
11	14	0	0	0	0	68.7399	1271
11	14	0	0	0	0	77.9824	1272
11	14	0	0	0	0	73.9282	1273
10	14	0	0	0	0	82.833	1274
10	14	0	0	0	0	82.5676	1275
10	14	0	0	0	0	82.5177	1276
10	14	0	0	0	0	85.9035	1277
10	14	0	0	0	0	81.7143	1278
10	14	0	0	0	0	80.0855	1279
10	13	0	0	0	0	71.8177	1280
10	13	0	0	0	0	73.3053	1281
10	14	0	0	0	0	67.8044	1282
10	14	0	0	0	0	77.0064	1283
11	14	0	0	0	0	77.0946	1284
11	13	0	0	0	0	78.4655	1285
11	13	0	0	0	0	75.3384	1286
11	13	0	0	0	0	81.8796	1287
10	13	0	0	0	0	77.5752	1288
10	13	0	0	0	0	76.902	1289
10	13	0	0	0	0	79.2881	1290
10	13	0	0	0	0	79.2612	1291
10	13	0	0	0	0	73.14	1292
10	13	0	0	0	0	68.0376	1293
10	13	0	0	0	0	72.8741	1294
9	13	0	0	0	0	67.6113	1295
9	12	0	0	0	0	67.3644	1296
9	12	0	0	0	0	65.4557	1297
9	12	0	0	0	0	71.1064	1298
10	13	0	0	0	0	69.0389	1299
10	16	0	0	0	0	67.3376	1300
10	16	0	0	0	0	84.9702	1301
10	16	0	0	0	0	81.087	1302
10	16	0	0	0	0	81.4359	1303
10	16	0	0	0	0	90.5742	1304
10	18	0	0	0	0	75.4558	1305
10	18	0	0	0	0	93.2818	1306
9	18	0	0	0	0	96.3312	1307
9	19	0	0	0	0	90.4091	1308
9	19	0	0	0	0	89.5892	1309
9	19	0	0	0	0	96.4165	1310
9	19	0	0	0	0	88.4324	1311
9	19	0	0	0	0	92.3221	1312
9	19	0	0	0	0	101.022	1313
9	19	0	0	0	0	87.1569	1314
9	19	0	0	0	0	87.6524	1315
9	19	0	0	0	0	91.2269	1316
8	19	0	0	0	0	86.408	1317
8	19	0	0	0	0	81.3439	1318
7	19	0	0	0	0	84.9614	1319
7	18	0	0	0	0	87.4275	1320
7	18	0	0	0	0	79.1348	1321
7	18	0	0	0	0	78.5799	1322
7	17	0	0	0	0	85.8527	1323
7	17	0	0	0	0	80.8355	1324
7	17	0	0	0	0	84.3736	1325
7	17	0	0	0	0	73.0998	1326
8	17	0	0	0	0	79.2803	1327
8	17	0	0	0	0	83.8008	1328
8	17	0	0	0	0	83.5402	1329
8	17	0	0	0	0	75.6253	1330
8	17	0	0	0	0	80.0446	1331
10	17	0	0	0	0	76.0109	1332
10	16	0	0	0	0	77.9517	1333
10	15	0	0	0	0	84.8501	1334
10	15	0	0	0	0	84.017	1335
10	15	0	0	0	0	84.6098	1336
10	15	0	0	0	0	80.9779	1337
10	15	0	0	0	0	86.0996	1338
10	15	0	0	0	0	87.5312	1339
10	15	0	0	0	0	84.8094	1340
10	15	0	0	0	0	83.7187	1341
10	15	0	0	0	0	71.0245	1342
9	14	0	0	0	0	75.1743	1343
9	14	0	0	0	0	82.7318	1344
9	14	0	0	0	0	76.2434	1345
9	14	0	0	0	0	84.1353	1346
10	14	0	0	0	0	79.8918	1347
10	14	0	0	0	0	77.731	1348
10	14	0	0	0	0	75.1184	1349
10	14	0	0	0	0	72.8509	1350
10	14	0	0	0	0	66.7483	1351
10	13	0	0	0	0	71.6751	1352
10	12	0	0	0	0	72.1028	1353
10	12	0	0	0	0	72.9526	1354
10	12	0	0	0	0	69.7153	1355
10	12	0	0	0	0	68.4671	1356
10	12	0	0	0	0	70.2166	1357
10	12	0	0	0	0	72.8004	1358
10	12	0	0	0	0	75.4265	1359
10	12	0	0	0	0	74.9343	1360
10	12	0	0	0	0	67.6059	1361
10	12	0	0	0	0	75.0494	1362
10	12	0	0	0	0	69.3119	1363
10	12	0	0	0	0	75.9675	1364
10	12	0	0	0	0	67.5545	1365
10	12	0	0	0	0	75.0251	1366
10	12	0	0	0	0	62.9828	1367
10	10	0	0	0	0	68.422	1368
10	10	0	0	0	0	64.9489	1369
10	10	0	0	0	0	66.3342	1370
10	10	0	0	0	0	58.0633	1371
10	9	0	0	0	0	63.8672	1372
11	9	0	0	0	0	65.4424	1373
11	9	0	0	0	0	60.5256	1374
11	9	0	0	0	0	71.2452	1375
11	9	0	0	0	0	63.5211	1376
11	9	0	0	0	0	69.789	1377
11	9	0	0	0	0	62.3235	1378
11	9	0	0	0	0	62.0543	1379
11	9	0	0	0	0	63.3189	1380
11	9	0	0	0	0	43.7322	1381
11	9	0	0	0	0	53.6807	1382
11	9	0	0	0	0	46.7691	1383
11	9	0	0	0	0	56.6225	1384
11	8	0	0	0	0	51.6465	1385
11	6	0	0	0	0	48.7056	1386
11	6	0	0	0	0	54.1719	1387
11	7	0	0	0	0	49.4614	1388
11	7	0	0	0	0	53.7513	1389
11	7	0	0	0	0	51.5208	1390
11	7	0	0	0	0	52.8612	1391
11	7	0	0	0	0	57.2555	1392
11	8	0	0	0	0	58.5186	1393
11	10	0	0	0	0	60.0621	1394
11	10	0	0	0	0	53.9215	1395
11	10	0	0	0	0	54.699	1396
8	10	0	0	0	0	48.9054	1397
7	10	0	0	0	0	48.4079	1398
7	10	0	0	0	0	45.0019	1399
7	10	0	0	0	0	51.02	1400
7	10	0	0	0	0	48.4382	1401
6	10	0	0	0	0	47.5002	1402
6	10	0	0	0	0	49.5681	1403
6	10	0	0	0	0	49.6955	1404
6	9	0	0	0	0	43.4739	1405
7	9	0	0	0	0	47.9021	1406
7	8	0	0	0	0	51.2088	1407
7	8	0	0	0	0	45.373	1408
7	8	0	0	0	0	48.769	1409
7	8	0	0	0	0	47.7274	1410
7	8	0	0	0	0	50.3761	1411
7	8	0	0	0	0	41.122	1412
5	9	0	0	0	0	31.4913	1413
5	9	0	0	0	0	49.631	1414
5	9	0	0	0	0	46.4103	1415
5	9	0	0	0	0	46.1516	1416
5	9	0	0	0	0	46.432	1417
5	9	0	0	0	0	43.3302	1418
5	9	0	0	0	0	46.8122	1419
5	9	0	0	0	0	44.7507	1420
7	9	0	0	0	0	45.0015	1421
7	9	0	0	0	0	45.9053	1422
7	9	0	0	0	0	41.8668	1423
7	9	0	0	0	0	49.3538	1424
7	9	0	0	0	0	47.0191	1425
7	9	0	0	0	0	53.0575	1426
7	9	0	0	0	0	45.8236	1427
7	10	0	0	0	0	44.3932	1428
5	10	0	0	0	0	48.8921	1429
5	10	0	0	0	0	43.8917	1430
5	9	0	0	0	0	37.4048	1431
5	9	0	0	0	0	42.738	1432
5	9	0	0	0	0	46.6471	1433
5	10	0	0	0	0	37.8415	1434
4	10	0	0	0	0	40.3922	1435
4	10	0	0	0	0	44.226	1436
4	10	0	0	0	0	40.8667	1437
4	10	0	0	0	0	47.0048	1438
4	10	0	0	0	0	40.4416	1439
4	10	0	0	0	0	42.898	1440
4	10	0	0	0	0	40.586	1441
4	9	0	0	0	0	44.8403	1442
4	9	0	0	0	0	44.1904	1443
4	9	0	0	0	0	32.2166	1444
4	9	0	0	0	0	44.1904	1445
4	9	0	0	0	0	44.9486	1446
4	9	0	0	0	0	36.4812	1447
4	9	0	0	0	0	38.0563	1448
5	8	0	0	0	0	41.91	1449
6	8	0	0	0	0	37.3929	1450
6	8	0	0	0	0	44.6668	1451
6	8	0	0	0	0	46.5841	1452
6	8	0	0	0	0	36.3296	1453
6	8	0	0	0	0	39.6179	1454
6	8	0	0	0	0	41.415	1455
7	8	0	0	0	0	40.8935	1456
7	8	0	0	0	0	41.4959	1457
7	8	0	0	0	0	46.932	1458
7	8	0	0	0	0	47.7999	1459
7	8	0	0	0	0	41.3252	1460
7	9	0	0	0	0	50.9674	1461
7	9	0	0	0	0	54.0664	1462
7	9	0	0	0	0	51.2395	1463
7	9	0	0	0	0	47.3499	1464
7	9	0	0	0	0	49.7567	1465
7	9	0	0	0	0	45.8207	1466
7	9	0	0	0	0	43.0025	1467
7	8	0	0	0	0	45.655	1468
7	8	0	0	0	0	48.7633	1469
7	8	0	0	0	0	50.7372	1470
7	8	0	0	0	0	41.416	1471
7	8	0	0	0	0	54.0146	1472
7	8	0	0	0	0	50.7747	1473
7	8	0	0	0	0	47.7274	1474
7	8	0	0	0	0	41.3224	1475
7	8	0	0	0	0	43.5948	1476
7	7	0	0	0	0	47.3725	1477
7	7	0	0	0	0	44.8499	1478
7	7	0	0	0	0	38.0055	1479
7	7	0	0	0	0	42.6948	1480
7	7	0	0	0	0	49.8637	1481
7	7	0	0	0	0	44.1771	1482
7	7	0	0	0	0	43.189	1483
7	7	0	0	0	0	43.7982	1484
8	7	0	0	0	0	41.6131	1485
8	7	0	0	0	0	50.4243	1486
8	7	0	0	0	0	53.9617	1487
8	7	0	0	0	0	47.9267	1488
8	7	0	0	0	0	49.263	1489
8	7	0	0	0	0	53.5814	1490
8	7	0	0	0	0	38.1522	1491
8	7	0	0	0	0	41.8808	1492
8	7	0	0	0	0	45.3716	1493
9	7	0	0	0	0	44.2601	1494
9	7	0	0	0	0	50.94	1495
9	8	0	0	0	0	41.1481	1496
9	7	0	0	0	0	48.068	1497
10	7	0	0	0	0	53.4503	1498
10	7	0	0	0	0	54.9077	1499
11	7	0	0	0	0	59.0608	1500
11	7	0	0	0	0	50.2095	1501
12	8	0	0	0	0	61.7972	1502
12	9	0	0	0	0	59.6729	1503
12	10	0	0	0	0	54.9585	1504
12	10	0	0	0	0	74.4213	1505
12	10	0	0	0	0	73.786	1506
12	10	0	0	0	0	79.9261	1507
12	10	0	0	0	0	72.8131	1508
12	10	0	0	0	0	71.697	1509
12	10	0	0	0	0	71.7853	1510
12	10	0	0	0	0	77.3152	1511
12	10	0	0	0	0	69.2765	1512
11	10	0	0	0	0	71.0209	1513
11	10	0	0	0	0	73.8507	1514
11	10	0	0	0	0	65.9521	1515
11	10	0	0	0	0	56.1845	1516
12	10	0	0	0	0	75.4665	1517
12	10	0	0	0	0	73.6618	1518
12	12	0	0	0	0	72.0066	1519
12	12	0	0	0	0	73.5976	1520
12	12	0	0	0	0	79.3433	1521
12	13	0	0	0	0	71.4008	1522
11	14	0	0	0	0	77.2201	1523
11	15	0	0	0	0	86.5386	1524
11	15	0	0	0	0	87.4159	1525
11	15	0	0	0	0	91.2377	1526
11	15	0	0	0	0	89.8336	1527
11	15	0	0	0	0	80.6272	1528
11	14	0	0	0	0	87.1205	1529
11	15	0	0	0	0	78.0951	1530
11	15	0	0	0	0	91.5209	1531
11	15	0	0	0	0	89.0724	1532
12	15	0	0	0	0	89.7918	1533
12	15	0	0	0	0	94.1518	1534
13	15	0	0	0	0	93.3857	1535
13	15	0	0	0	0	96.0065	1536
13	15	0	0	0	0	86.9234	1537
14	14	0	0	0	0	90.2616	1538
14	14	0	0	0	0	95.584	1539
14	14	0	0	0	0	91.7874	1540
14	15	0	0	0	0	91.8165	1541
14	15	0	0	0	0	98.1974	1542
14	14	0	0	0	0	93.8881	1543
14	14	0	0	0	0	95.1873	1544
14	14	0	0	0	0	93.5934	1545
14	14	0	0	0	0	92.3466	1546
14	14	0	0	0	0	95.9732	1547
14	14	0	0	0	0	83.4922	1548
14	14	0	0	0	0	88.4259	1549
13	14	0	0	0	0	87.2057	1550
12	14	0	0	0	0	92.4677	1551
12	14	0	0	0	0	89.1797	1552
12	14	0	0	0	0	91.3834	1553
13	14	0	0	0	0	87.7406	1554
13	14	0	0	0	0	90.6256	1555
14	14	0	0	0	0	89.2628	1556
14	14	0	0	0	0	94.5056	1557
14	14	0	0	0	0	94.5598	1558
14	14	0	0	0	0	98.0284	1559
14	14	0	0	0	0	95.3102	1560
14	14	0	0	0	0	94.7316	1561
14	15	0	0	0	0	95.2631	1562
14	16	0	0	0	0	106.019	1563
14	16	0	0	0	0	104.155	1564
14	16	0	0	0	0	99.6063	1565
14	16	0	0	0	0	104.366	1566
14	16	0	0	0	0	91.5429	1567
14	16	0	0	0	0	101.681	1568
15	16	0	0	0	0	89.4609	1569
15	16	0	0	0	0	98.9901	1570
12	16	0	0	0	0	88.8065	1571
12	16	0	0	0	0	96.1255	1572
12	16	0	0	0	0	95.1279	1573
12	16	0	0	0	0	94.2869	1574
12	16	0	0	0	0	102.856	1575
12	16	0	0	0	0	94.4794	1576
12	16	0	0	0	0	94.7936	1577
12	16	0	0	0	0	82.0838	1578
12	16	0	0	0	0	91.6746	1579
12	16	0	0	0	0	95.785	1580
12	16	0	0	0	0	94.4959	1581
12	16	0	0	0	0	88.8219	1582
12	16	0	0	0	0	99.76	1583
12	15	0	0	0	0	91.1678	1584
12	15	0	0	0	0	86.9169	1585
12	15	0	0	0	0	92.3351	1586
12	15	0	0	0	0	90.7135	1587
12	15	0	0	0	0	92.1977	1588
12	15	0	0	0	0	90.0913	1589
12	15	0	0	0	0	93.4194	1590
12	15	0	0	0	0	92.2468	1591
12	15	0	0	0	0	85.0003	1592
12	15	0	0	0	0	97.0585	1593
12	15	0	0	0	0	83.7938	1594
12	15	0	0	0	0	86.2875	1595
12	14	0	0	0	0	83.0157	1596
12	14	0	0	0	0	84.2814	1597
13	14	0	0	0	0	90.2277	1598
13	14	0	0	0	0	96.8325	1599
14	14	0	0	0	0	92.6787	1600
14	14	0	0	0	0	93.3907	1601
14	14	0	0	0	0	88.4167	1602
14	14	0	0	0	0	92.9904	1603
14	14	0	0	0	0	91.2711	1604
14	15	0	0	0	0	97.2452	1605
14	15	0	0	0	0	88.0851	1606
14	14	0	0	0	0	93.3949	1607
14	14	0	0	0	0	87.8891	1608
14	14	0	0	0	0	100.446	1609
14	14	0	0	0	0	86.1082	1610
14	13	0	0	0	0	90.747	1611
14	13	0	0	0	0	88.092	1612
14	13	0	0	0	0	86.2009	1613
14	13	0	0	0	0	88.3736	1614
14	13	0	0	0	0	90.317	1615
13	13	0	0	0	0	84.5396	1616
13	13	0	0	0	0	85.2591	1617
13	13	0	0	0	0	81.2976	1618
13	13	0	0	0	0	85.6701	1619
13	14	0	0	0	0	82.3216	1620
12	13	0	0	0	0	76.5157	1621
12	13	0	0	0	0	90.6373	1622
12	13	0	0	0	0	81.7	1623
12	13	0	0	0	0	88.3868	1624
12	13	0	0	0	0	89.0892	1625
12	14	0	0	0	0	90.0224	1626
12	14	0	0	0	0	87.7343	1627
12	14	0	0	0	0	89.8476	1628
12	14	0	0	0	0	86.7841	1629
12	14	0	0	0	0	89.3316	1630
13	14	0	0	0	0	86.9753	1631
14	14	0	0	0	0	84.9247	1632
14	14	0	0	0	0	79.1459	1633
15	14	0	0	0	0	83.7228	1634
11	14	0	0	0	0	83.9842	1635
11	14	0	0	0	0	82.0799	1636
11	14	0	0	0	0	79.481	1637
11	15	0	0	0	0	82.8143	1638
11	16	0	0	0	0	90.1921	1639
11	16	0	0	0	0	89.7448	1640
11	15	0	0	0	0	83.116	1641
10	15	0	0	0	0	79.2579	1642
10	15	0	0	0	0	75.7167	1643
11	14	0	0	0	0	70.485	1644
11	14	0	0	0	0	75.3366	1645
9	13	0	0	0	0	64.9437	1646
9	12	0	0	0	0	64.8017	1647
8	12	0	0	0	0	64.5643	1648
8	12	0	0	0	0	64.257	1649
8	13	0	0	0	0	55.361	1650
8	13	0	0	0	0	64.7292	1651
8	12	0	0	0	0	72.4114	1652
8	12	0	0	0	0	60.9656	1653
9	11	0	0	0	0	65.8552	1654
9	11	0	0	0	0	61.0197	1655
9	11	0	0	0	0	58.9472	1656
8	11	0	0	0	0	56.949	1657
8	11	0	0	0	0	67.2378	1658
8	11	0	0	0	0	61.9693	1659
8	11	0	0	0	0	63.7088	1660
8	11	0	0	0	0	63.2385	1661
8	11	0	0	0	0	58.691	1662
8	11	0	0	0	0	60.1054	1663
8	11	0	0	0	0	58.343	1664
9	11	0	0	0	0	64.1715	1665
10	12	0	0	0	0	69.0899	1666
10	12	0	0	0	0	67.4267	1667
10	12	0	0	0	0	71.236	1668
10	11	0	0	0	0	67.8554	1669
10	11	0	0	0	0	61.2142	1670
11	11	0	0	0	0	74.5063	1671
12	11	0	0	0	0	70.9728	1672
12	10	0	0	0	0	66.7991	1673
12	10	0	0	0	0	76.093	1674
11	10	0	0	0	0	69.8367	1675
11	10	0	0	0	0	69.5654	1676
11	10	0	0	0	0	67.8987	1677
11	10	0	0	0	0	69.6243	1678
11	10	0	0	0	0	65.8995	1679
11	9	0	0	0	0	63.4266	1680
11	9	0	0	0	0	64.1857	1681
11	9	0	0	0	0	52.224	1682
11	9	0	0	0	0	68.3117	1683
11	9	0	0	0	0	70.2964	1684
11	9	0	0	0	0	68.1436	1685
11	9	0	0	0	0	63.7338	1686
11	9	0	0	0	0	64.9011	1687
11	9	0	0	0	0	69.2196	1688
11	9	0	0	0	0	67.7726	1689
11	9	0	0	0	0	64.6409	1690
11	8	0	0	0	0	60.9877	1691
11	8	0	0	0	0	53.8189	1692
11	9	0	0	0	0	69.8887	1693
11	9	0	0	0	0	69.1395	1694
11	9	0	0	0	0	62.9493	1695
11	9	0	0	0	0	63.8221	1696
12	9	0	0	0	0	68.6006	1697
12	8	0	0	0	0	68.6719	1698
12	8	0	0	0	0	62.6952	1699
12	8	0	0	0	0	67.1719	1700
12	8	0	0	0	0	60.3296	1701
12	8	0	0	0	0	50.799	1702
12	8	0	0	0	0	66.8178	1703
12	8	0	0	0	0	65.6229	1704
12	8	0	0	0	0	64.3722	1705
11	8	0	0	0	0	65.1076	1706
11	8	0	0	0	0	60.5471	1707
11	8	0	0	0	0	63.2903	1708
11	8	0	0	0	0	66.2612	1709
11	8	0	0	0	0	69.8528	1710
11	8	0	0	0	0	59.7985	1711
11	7	0	0	0	0	62.6085	1712
11	7	0	0	0	0	57.3751	1713
11	7	0	0	0	0	58.4636	1714
11	7	0	0	0	0	65.8325	1715
11	7	0	0	0	0	57.2854	1716
11	7	0	0	0	0	52.8487	1717
11	7	0	0	0	0	59.2594	1718
11	7	0	0	0	0	60.9604	1719
11	7	0	0	0	0	60.414	1720
11	7	0	0	0	0	49.9185	1721
11	7	0	0	0	0	62.6506	1722
11	7	0	0	0	0	61.2522	1723
11	7	0	0	0	0	66.1528	1724
11	7	0	0	0	0	57.6542	1725
11	7	0	0	0	0	61.5076	1726
12	7	0	0	0	0	60.8919	1727
12	7	0	0	0	0	64.1619	1728
12	7	0	0	0	0	62.8711	1729
12	7	0	0	0	0	55.9584	1730
13	7	0	0	0	0	56.7701	1731
13	7	0	0	0	0	55.6951	1732
12	7	0	0	0	0	62.1393	1733
12	7	0	0	0	0	66.9074	1734
12	7	0	0	0	0	59.3202	1735
13	7	0	0	0	0	65.2485	1736
13	7	0	0	0	0	70.4686	1737
13	7	0	0	0	0	67.3237	1738
13	9	0	0	0	0	68.0293	1739
13	9	0	0	0	0	73.4875	1740
13	9	0	0	0	0	72.426	1741
13	9	0	0	0	0	73.0849	1742
12	9	0	0	0	0	61.3219	1743
12	9	0	0	0	0	63.1508	1744
12	9	0	0	0	0	62.526	1745
12	9	0	0	0	0	55.921	1746
13	10	0	0	0	0	67.2179	1747
11	10	0	0	0	0	64.3051	1748
11	10	0	0	0	0	56.6117	1749
10	10	0	0	0	0	64.8205	1750
10	10	0	0	0	0	55.8488	1751
10	10	0	0	0	0	65.2661	1752
11	10	0	0	0	0	61.1159	1753
10	10	0	0	0	0	62.9734	1754
10	9	0	0	0	0	66.0743	1755
9	9	0	0	0	0	56.8365	1756
9	9	0	0	0	0	59.4469	1757
9	9	0	0	0	0	55.5804	1758
9	9	0	0	0	0	48.8612	1759
9	9	0	0	0	0	56.019	1760
10	8	0	0	0	0	55.2675	1761
10	8	0	0	0	0	57.1837	1762
10	8	0	0	0	0	60.0787	1763
10	8	0	0	0	0	56.6246	1764
10	8	0	0	0	0	57.3349	1765
10	8	0	0	0	0	47.9774	1766
10	8	0	0	0	0	53.6676	1767
10	8	0	0	0	0	53.8129	1768
10	8	0	0	0	0	54.9902	1769
10	7	0	0	0	0	55.2737	1770
10	7	0	0	0	0	54.819	1771
10	7	0	0	0	0	58.252	1772
10	7	0	0	0	0	54.5062	1773
10	7	0	0	0	0	58.4202	1774
10	7	0	0	0	0	54.3253	1775
10	6	0	0	0	0	53.3396	1776
10	6	0	0	0	0	48.3447	1777
10	6	0	0	0	0	53.4426	1778
11	6	0	0	0	0	54.0183	1779
11	6	0	0	0	0	44.1235	1780
11	6	0	0	0	0	49.1375	1781
11	6	0	0	0	0	45.122	1782
11	6	0	0	0	0	46.1034	1783
11	6	0	0	0	0	43.7795	1784
11	6	0	0	0	0	46.4297	1785
11	6	0	0	0	0	44.1235	1786
11	6	0	0	0	0	49.1	1787
11	4	0	0	0	0	47.1873	1788
11	3	0	0	0	0	43.4697	1789
11	3	0	0	0	0	47.1769	1790
12	3	0	0	0	0	42.4166	1791
12	3	0	0	0	0	50.617	1792
12	3	0	0	0	0	49.1591	1793
11	3	0	0	0	0	45.6508	1794
11	3	0	0	0	0	49.2787	1795
11	3	0	0	0	0	40.6163	1796
11	3	0	0	0	0	45.5311	1797
11	4	0	0	0	0	48.746	1798
12	4	0	0	0	0	47.1022	1799
12	4	0	0	0	0	47.645	1800
12	4	0	0	0	0	48.8623	1801
12	4	0	0	0	0	41.7388	1802
12	4	0	0	0	0	50.7777	1803
12	4	0	0	0	0	51.2718	1804
12	4	0	0	0	0	48.4632	1805
12	5	0	0	0	0	48.4962	1806
11	5	0	0	0	0	50.0728	1807
11	5	0	0	0	0	51.3893	1808
11	5	0	0	0	0	54.3467	1809
11	5	0	0	0	0	53.4777	1810
11	5	0	0	0	0	50.9409	1811
11	5	0	0	0	0	51.8834	1812
11	5	0	0	0	0	51.9023	1813
11	6	0	0	0	0	44.1379	1814
10	6	0	0	0	0	52.1229	1815
9	6	0	0	0	0	48.406	1816
9	6	0	0	0	0	50.9565	1817
9	6	0	0	0	0	50.7644	1818
9	6	0	0	0	0	40.7451	1819
9	6	0	0	0	0	45.3648	1820
9	6	0	0	0	0	43.8195	1821
8	6	0	0	0	0	43.1782	1822
8	6	0	0	0	0	46.6555	1823
8	6	0	0	0	0	41.1591	1824
8	6	0	0	0	0	43.6156	1825
8	6	0	0	0	0	45.6188	1826
8	6	0	0	0	0	37.7606	1827
8	6	0	0	0	0	42.1474	1828
8	10	0	0	0	0	48.0864	1829
8	10	0	0	0	0	42.4343	1830
8	13	0	0	0	0	48.7741	1831
8	13	0	0	0	0	44.807	1832
8	13	0	0	0	0	61.1724	1833
8	14	0	0	0	0	64.3312	1834
8	14	0	0	0	0	75.3687	1835
9	15	0	0	0	0	76.6088	1836
9	16	0	0	0	0	81.1791	1837
9	17	0	0	0	0	79.1941	1838
9	17	0	0	0	0	94.4474	1839
9	17	0	0	0	0	76.6244	1840
11	18	0	0	0	0	75.2145	1841
12	18	0	0	0	0	78.5134	1842
9	18	0	0	0	0	78.8867	1843
9	18	0	0	0	0	101.006	1844
9	18	0	0	0	0	94.6403	1845
9	18	0	0	0	0	97.3454	1846
9	18	0	0	0	0	95.3469	1847
9	18	0	0	0	0	92.4795	1848
9	18	0	0	0	0	91.721	1849
9	18	0	0	0	0	101.227	1850
9	18	0	0	0	0	92.2698	1851
9	18	0	0	0	0	86.1329	1852
9	18	0	0	0	0	95.4726	1853
9	18	0	0	0	0	92.5856	1854
9	18	0	0	0	0	94.0282	1855
9	18	0	0	0	0	96.7144	1856
9	18	0	0	0	0	88.8999	1857
9	18	0	0	0	0	86.1381	1858
9	18	0	0	0	0	100.17	1859
9	18	0	0	0	0	94.1461	1860
9	18	0	0	0	0	92.3236	1861
10	18	0	0	0	0	93.0939	1862
10	18	0	0	0	0	93.6729	1863
10	18	0	0	0	0	90.0298	1864
10	18	0	0	0	0	87.3134	1865
10	18	0	0	0	0	93.0022	1866
10	17	0	0	0	0	101.213	1867
10	17	0	0	0	0	85.8719	1868
10	17	0	0	0	0	93.138	1869
10	17	0	0	0	0	83.596	1870
10	17	0	0	0	0	90.9758	1871
11	18	0	0	0	0	87.4383	1872
11	18	0	0	0	0	93.5822	1873
11	18	0	0	0	0	85.5314	1874
11	18	0	0	0	0	91.5262	1875
11	18	0	0	0	0	98.0545	1876
11	18	0	0	0	0	97.1958	1877
11	18	0	0	0	0	93.7329	1878
11	18	0	0	0	0	102.357	1879
11	18	0	0	0	0	86.3564	1880
10	17	0	0	0	0	76.8001	1881
10	17	0	0	0	0	89.0157	1882
9	17	0	0	0	0	90.3427	1883
9	17	0	0	0	0	91.2184	1884
10	17	0	0	0	0	98.0863	1885
10	17	0	0	0	0	90.2306	1886
10	17	0	0	0	0	91.3148	1887
10	17	0	0	0	0	87.9553	1888
10	15	0	0	0	0	79.8321	1889
10	15	0	0	0	0	81.3749	1890
10	15	0	0	0	0	78.4472	1891
10	15	0	0	0	0	82.4413	1892
10	14	0	0	0	0	76.0622	1893
10	15	0	0	0	0	76.8017	1894
10	15	0	0	0	0	80.1042	1895
10	15	0	0	0	0	76.82	1896
10	14	0	0	0	0	78.6532	1897
10	14	0	0	0	0	75.8734	1898
9	14	0	0	0	0	74.1595	1899
9	14	0	0	0	0	74.2083	1900
9	14	0	0	0	0	71.1847	1901
9	14	0	0	0	0	75.7077	1902
8	14	0	0	0	0	70.9935	1903
8	15	0	0	0	0	69.4726	1904
8	15	0	0	0	0	67.794	1905
8	15	0	0	0	0	69.4474	1906
8	15	0	0	0	0	73.3789	1907
8	15	0	0	0	0	67.7746	1908
6	15	0	0	0	0	66.6292	1909
6	15	0	0	0	0	69.9528	1910
6	15	0	0	0	0	61.116	1911
6	15	0	0	0	0	73.2527	1912
6	15	0	0	0	0	65.3646	1913
6	15	0	0	0	0	64.8771	1914
7	15	0	0	0	0	72.4751	1915
7	14	0	0	0	0	64.4466	1916
8	14	0	0	0	0	64.2459	1917
8	14	0	0	0	0	73.4137	1918
8	14	0	0	0	0	75.2456	1919
8	15	0	0	0	0	74.1599	1920
8	17	0	0	0	0	62.8186	1921
8	16	0	0	0	0	76.7257	1922
8	16	0	0	0	0	70.8489	1923
8	16	0	0	0	0	83.1429	1924
8	16	0	0	0	0	81.6274	1925
8	16	0	0	0	0	76.06	1926
8	16	0	0	0	0	72.0839	1927
8	16	0	0	0	0	83.8578	1928
8	15	0	0	0	0	79.1139	1929
8	15	0	0	0	0	76.8627	1930
8	15	0	0	0	0	82.925	1931
8	15	0	0	0	0	65.965	1932
8	15	0	0	0	0	85.3346	1933
8	15	0	0	0	0	69.1028	1934
8	16	0	0	0	0	57.6518	1935
8	16	0	0	0	0	74.8321	1936
8	16	0	0	0	0	81.6172	1937
9	17	0	0	0	0	83.4397	1938
10	18	0	0	0	0	86.8933	1939
10	19	0	0	0	0	94.2043	1940
12	21	0	0	0	0	87.0109	1941
12	21	0	0	0	0	94.0459	1942
12	21	0	0	0	0	93.9543	1943
12	21	0	0	0	0	96.4456	1944
11	21	0	0	0	0	96.3455	1945
11	22	0	0	0	0	95.2091	1946
11	22	0	0	0	0	92.8754	1947
11	22	0	0	0	0	97.3012	1948
9	21	0	0	0	0	97.3612	1949
9	21	0	0	0	0	95.3038	1950
10	21	0	0	0	0	104.124	1951
10	21	0	0	0	0	103.272	1952
10	21	0	0	0	0	99.1077	1953
10	21	0	0	0	0	100.615	1954
10	21	0	0	0	0	104.88	1955
10	21	0	0	0	0	103.795	1956
10	21	0	0	0	0	97.5628	1957
10	21	0	0	0	0	104.657	1958
10	21	0	0	0	0	103.322	1959
10	21	0	0	0	0	104.223	1960
10	21	0	0	0	0	111.384	1961
10	21	0	0	0	0	104.141	1962
10	21	0	0	0	0	107.983	1963
10	21	0	0	0	0	102.238	1964
10	21	0	0	0	0	100.662	1965
11	21	0	0	0	0	102.337	1966
11	22	0	0	0	0	100.176	1967
11	22	0	0	0	0	109.805	1968
11	22	0	0	0	0	99.3595	1969
11	23	0	0	0	0	110.752	1970
11	23	0	0	0	0	113.335	1971
11	23	0	0	0	0	118.943	1972
11	23	0	0	0	0	108.189	1973
11	23	0	0	0	0	117.817	1974
11	23	0	0	0	0	112.745	1975
11	23	0	0	0	0	114.166	1976
11	23	0	0	0	0	110.78	1977
11	22	0	0	0	0	96.4006	1978
10	18	0	0	0	0	98.9113	1979
10	18	0	0	0	0	100.094	1980
10	18	0	0	0	0	90.6758	1981
10	18	0	0	0	0	97.5542	1982
10	18	0	0	0	0	87.7978	1983
9	17	0	0	0	0	80.6065	1984
9	18	0	0	0	0	79.6131	1985
9	18	0	0	0	0	74.5487	1986
9	18	0	0	0	0	82.1871	1987
9	16	0	0	0	0	83.1033	1988
9	16	0	0	0	0	82.8506	1989
9	16	0	0	0	0	82.8438	1990
9	15	0	0	0	0	89.957	1991
9	15	0	0	0	0	76.1103	1992
9	16	0	0	0	0	82.342	1993
9	16	0	0	0	0	78.3621	1994
9	16	0	0	0	0	82.966	1995
9	16	0	0	0	0	81.0188	1996
9	16	0	0	0	0	79.8767	1997
9	16	0	0	0	0	86.5792	1998
9	16	0	0	0	0	75.8612	1999
10	16	0	0	0	0	75.1458	2000
10	16	0	0	0	0	85.0726	2001
8	17	0	0	0	0	77.036	2002
8	17	0	0	0	0	81.4148	2003
8	17	0	0	0	0	83.0894	2004
8	17	0	0	0	0	79.0108	2005
8	17	0	0	0	0	76.3095	2006
8	17	0	0	0	0	71.6705	2007
8	18	0	0	0	0	90.3273	2008
8	18	0	0	0	0	74.259	2009
6	17	0	0	0	0	68.2386	2010
6	17	0	0	0	0	64.0398	2011
6	17	0	0	0	0	71.8095	2012
6	17	0	0	0	0	65.9754	2013
6	17	0	0	0	0	68.0449	2014
6	16	0	0	0	0	76.1656	2015
6	16	0	0	0	0	64.8538	2016
6	17	0	0	0	0	70.2276	2017
6	16	0	0	0	0	78.7551	2018
6	16	0	0	0	0	76.1146	2019
6	16	0	0	0	0	67.1775	2020
6	16	0	0	0	0	72.1861	2021
6	15	0	0	0	0	68.3183	2022
6	14	0	0	0	0	62.1998	2023
6	14	0	0	0	0	60.3283	2024
6	14	0	0	0	0	64.1421	2025
6	14	0	0	0	0	62.1115	2026
6	13	0	0	0	0	63.8806	2027
6	13	0	0	0	0	53.9144	2028
6	12	0	0	0	0	59.8042	2029
6	12	0	0	0	0	58.3153	2030
6	12	0	0	0	0	61.7491	2031
6	12	0	0	0	0	62.038	2032
6	12	0	0	0	0	64.6123	2033
6	12	0	0	0	0	56.7265	2034
6	11	0	0	0	0	58.0855	2035
6	11	0	0	0	0	59.3911	2036
6	11	0	0	0	0	54.3806	2037
7	11	0	0	0	0	60.2563	2038
7	11	0	0	0	0	62.9346	2039
7	11	0	0	0	0	55.5543	2040
7	11	0	0	0	0	53.9496	2041
7	11	0	0	0	0	60.0519	2042
7	11	0	0	0	0	59.235	2043
7	11	0	0	0	0	62.2644	2044
7	11	0	0	0	0	59.6233	2045
7	11	0	0	0	0	54.9461	2046
7	11	0	0	0	0	57.9515	2047
7	11	0	0	0	0	61.9681	2048
7	11	0	0	0	0	56.6415	2049
7	11	0	0	0	0	61.8849	2050
7	11	0	0	0	0	58.8426	2051
8	11	0	0	0	0	53.8066	2052
8	11	0	0	0	0	60.8376	2053
8	11	0	0	0	0	53.9625	2054
9	11	0	0	0	0	63.3354	2055
9	11	0	0	0	0	66.3628	2056
9	11	0	0	0	0	59.6093	2057
9	11	0	0	0	0	60.6534	2058
9	10	0	0	0	0	64.4681	2059
9	10	0	0	0	0	52.9706	2060
9	10	0	0	0	0	59.6701	2061
9	10	0	0	0	0	58.9425	2062
9	10	0	0	0	0	62.3856	2063
9	10	0	0	0	0	54.2888	2064
9	10	0	0	0	0	61.0058	2065
9	10	0	0	0	0	60.4796	2066
9	10	0	0	0	0	62.7481	2067
9	10	0	0	0	0	61.8027	2068
9	11	0	0	0	0	62.985	2069
9	11	0	0	0	0	59.4676	2070
9	11	0	0	0	0	62.0518	2071
9	11	0	0	0	0	63.5511	2072
9	11	0	0	0	0	58.5643	2073
9	11	0	0	0	0	68.2398	2074
9	11	0	0	0	0	62.529	2075
8	10	0	0	0	0	56.937	2076
8	10	0	0	0	0	55.9363	2077
8	9	0	0	0	0	55.0854	2078
8	11	0	0	0	0	50.3679	2079
8	11	0	0	0	0	54.4106	2080
7	11	0	0	0	0	59.6553	2081
7	12	0	0	0	0	56.3017	2082
8	14	0	0	0	0	53.1294	2083
8	14	0	0	0	0	73.8846	2084
8	13	0	0	0	0	66.0546	2085
8	13	0	0	0	0	66.327	2086
8	13	0	0	0	0	64.1105	2087
7	13	0	0	0	0	66.5036	2088
7	13	0	0	0	0	60.6505	2089
7	13	0	0	0	0	53.8594	2090
6	11	0	0	0	0	54.4694	2091
6	11	0	0	0	0	48.652	2092
6	11	0	0	0	0	54.45	2093
6	11	0	0	0	0	57.7345	2094
6	11	0	0	0	0	45.3752	2095
6	11	0	0	0	0	59.0683	2096
6	11	0	0	0	0	55.5597	2097
6	11	0	0	0	0	57.8837	2098
6	11	0	0	0	0	53.0318	2099
6	11	0	0	0	0	53.7396	2100
6	11	0	0	0	0	56.3977	2101
6	11	0	0	0	0	57.3911	2102
6	11	0	0	0	0	52.3226	2103
7	11	0	0	0	0	52.8615	2104
7	11	0	0	0	0	61.1759	2105
7	11	0	0	0	0	59.179	2106
7	11	0	0	0	0	58.7543	2107
7	11	0	0	0	0	59.7206	2108
7	11	0	0	0	0	61.0842	2109
8	11	0	0	0	0	61.612	2110
8	11	0	0	0	0	58.3858	2111
8	11	0	0	0	0	59.8248	2112
8	11	0	0	0	0	62.0776	2113
8	11	0	0	0	0	60.4478	2114
9	11	0	0	0	0	59.1263	2115
9	11	0	0	0	0	64.4219	2116
8	10	0	0	0	0	57.3735	2117
8	10	0	0	0	0	61.0702	2118
8	10	0	0	0	0	57.2875	2119
8	10	0	0	0	0	59.9592	2120
8	10	0	0	0	0	58.1208	2121
9	10	0	0	0	0	60.4527	2122
9	10	0	0	0	0	55.6644	2123
9	10	0	0	0	0	58.7919	2124
9	10	0	0	0	0	58.4984	2125
9	10	0	0	0	0	63.7977	2126
10	10	0	0	0	0	57.5583	2127
10	10	0	0	0	0	62.1042	2128
11	10	0	0	0	0	63.2738	2129
11	10	0	0	0	0	63.8298	2130
11	10	0	0	0	0	68.2207	2131
11	10	0	0	0	0	64.2607	2132
11	10	0	0	0	0	61.1668	2133
11	9	0	0	0	0	60.7712	2134
11	8	0	0	0	0	64.2839	2135
11	8	0	0	0	0	60.3204	2136
11	8	0	0	0	0	66.7823	2137
11	8	0	0	0	0	62.67	2138
11	8	0	0	0	0	58.8134	2139
11	8	0	0	0	0	50.1202	2140
11	8	0	0	0	0	62.0465	2141
11	8	0	0	0	0	61.7575	2142
10	8	0	0	0	0	56.8128	2143
10	8	0	0	0	0	54.6151	2144
10	8	0	0	0	0	65.3773	2145
10	8	0	0	0	0	56.6337	2146
10	8	0	0	0	0	54.2407	2147
10	8	0	0	0	0	57.6321	2148
10	8	0	0	0	0	56.7967	2149
10	8	0	0	0	0	48.5136	2150
10	8	0	0	0	0	59.4345	2151
10	8	0	0	0	0	49.5658	2152
10	8	0	0	0	0	57.241	2153
10	8	0	0	0	0	56.9723	2154
11	8	0	0	0	0	58.9733	2155
11	8	0	0	0	0	52.8939	2156
11	7	0	0	0	0	54.8696	2157
11	6	0	0	0	0	58.9246	2158
11	6	0	0	0	0	57.0493	2159
11	6	0	0	0	0	54.3055	2160
11	6	0	0	0	0	56.32	2161
11	6	0	0	0	0	54.8356	2162
12	6	0	0	0	0	52.6717	2163
12	6	0	0	0	0	60.9921	2164
13	6	0	0	0	0	55.3462	2165
13	7	0	0	0	0	64.1608	2166
13	7	0	0	0	0	67.9983	2167
13	7	0	0	0	0	67.0864	2168
13	7	0	0	0	0	60.8655	2169
13	7	0	0	0	0	62.3478	2170
13	7	0	0	0	0	65.9482	2171
13	7	0	0	0	0	62.0127	2172
13	10	0	0	0	0	62.8731	2173
13	10	0	0	0	0	53.0763	2174
13	12	0	0	0	0	74.4045	2175
13	14	0	0	0	0	76.9444	2176
12	15	0	0	0	0	78.1563	2177
12	16	0	0	0	0	81.5374	2178
12	16	0	0	0	0	72.0927	2179
12	16	0	0	0	0	76.7958	2180
12	16	0	0	0	0	71.686	2181
12	17	0	0	0	0	81.6888	2182
12	17	0	0	0	0	90.124	2183
11	17	0	0	0	0	87.922	2184
10	17	0	0	0	0	89.5279	2185
9	17	0	0	0	0	91.4759	2186
9	17	0	0	0	0	83.4365	2187
9	17	0	0	0	0	88.2709	2188
9	17	0	0	0	0	89.7061	2189
9	17	0	0	0	0	87.8978	2190
10	17	0	0	0	0	89.7645	2191
10	17	0	0	0	0	98.2317	2192
10	17	0	0	0	0	97.4253	2193
11	17	0	0	0	0	92.7347	2194
11	17	0	0	0	0	92.7168	2195
11	17	0	0	0	0	98.0647	2196
11	17	0	0	0	0	101.357	2197
11	17	0	0	0	0	81.0545	2198
11	17	0	0	0	0	91.7495	2199
11	17	0	0	0	0	94.8668	2200
11	16	0	0	0	0	93.8199	2201
11	16	0	0	0	0	91.8374	2202
11	16	0	0	0	0	90.3499	2203
11	16	0	0	0	0	95.8857	2204
11	15	0	0	0	0	81.0228	2205
11	15	0	0	0	0	84.8851	2206
11	15	0	0	0	0	92.3757	2207
11	15	0	0	0	0	86.8967	2208
11	15	0	0	0	0	84.9838	2209
11	15	0	0	0	0	88.2155	2210
10	15	0	0	0	0	85.7106	2211
10	15	0	0	0	0	77.9905	2212
10	15	0	0	0	0	85.8168	2213
10	15	0	0	0	0	74.7317	2214
10	15	0	0	0	0	72.7793	2215
10	15	0	0	0	0	81.0562	2216
10	15	0	0	0	0	78.5247	2217
10	16	0	0	0	0	69.7148	2218
9	16	0	0	0	0	75.3267	2219
8	15	0	0	0	0	74.6111	2220
8	15	0	0	0	0	76.8139	2221
9	15	0	0	0	0	78.679	2222
9	15	0	0	0	0	80.596	2223
9	16	0	0	0	0	85.3185	2224
9	16	0	0	0	0	86.9017	2225
9	16	0	0	0	0	81.9003	2226
9	16	0	0	0	0	82.1139	2227
9	17	0	0	0	0	82.5854	2228
9	17	0	0	0	0	81.1261	2229
9	17	0	0	0	0	83.958	2230
9	17	0	0	0	0	88.7998	2231
9	16	0	0	0	0	93.2965	2232
9	16	0	0	0	0	84.6875	2233
9	16	0	0	0	0	80.9023	2234
9	16	0	0	0	0	85.1327	2235
9	16	0	0	0	0	88.458	2236
9	16	0	0	0	0	87.5694	2237
10	16	0	0	0	0	89.3278	2238
11	16	0	0	0	0	88.6289	2239
11	16	0	0	0	0	91.7252	2240
11	16	0	0	0	0	88.2808	2241
11	16	0	0	0	0	89.6721	2242
11	16	0	0	0	0	86.5153	2243
11	16	0	0	0	0	91.8534	2244
11	16	0	0	0	0	90.7637	2245
12	16	0	0	0	0	93.6522	2246
12	16	0	0	0	0	102.841	2247
12	16	0	0	0	0	101.269	2248
12	16	0	0	0	0	93.5374	2249
12	16	0	0	0	0	96.1923	2250
12	16	0	0	0	0	91.4717	2251
11	17	0	0	0	0	95.7448	2252
11	17	0	0	0	0	94.2214	2253
11	17	0	0	0	0	93.622	2254
11	17	0	0	0	0	92.8051	2255
11	17	0	0	0	0	96.8156	2256
11	17	0	0	0	0	96.7102	2257
11	17	0	0	0	0	98.8098	2258
11	17	0	0	0	0	99.0438	2259
10	17	0	0	0	0	79.2834	2260
10	17	0	0	0	0	82.0744	2261
9	17	0	0	0	0	82.7621	2262
9	17	0	0	0	0	87.2852	2263
9	17	0	0	0	0	86.5584	2264
9	16	0	0	0	0	80.6587	2265
9	16	0	0	0	0	87.1143	2266
9	16	0	0	0	0	79.0103	2267
9	16	0	0	0	0	74.5611	2268
9	16	0	0	0	0	78.9454	2269
9	16	0	0	0	0	88.6643	2270
8	16	0	0	0	0	81.2917	2271
8	16	0	0	0	0	86.0863	2272
8	16	0	0	0	0	80.1831	2273
8	16	0	0	0	0	81.4622	2274
8	16	0	0	0	0	80.5619	2275
8	16	0	0	0	0	78.7703	2276
8	16	0	0	0	0	82.7094	2277
8	16	0	0	0	0	74.4751	2278
8	16	0	0	0	0	82.2799	2279
9	16	0	0	0	0	72.2208	2280
9	16	0	0	0	0	82.6702	2281
9	15	0	0	0	0	86.9283	2282
9	15	0	0	0	0	85.288	2283
10	15	0	0	0	0	75.2527	2284
10	15	0	0	0	0	76.0425	2285
10	15	0	0	0	0	77.9984	2286
10	14	0	0	0	0	74.3167	2287
10	14	0	0	0	0	72.5091	2288
10	14	0	0	0	0	77.1695	2289
10	14	0	0	0	0	80.5676	2290
10	14	0	0	0	0	77.0811	2291
10	13	0	0	0	0	78.177	2292
10	13	0	0	0	0	76.107	2293
10	13	0	0	0	0	83.835	2294
10	13	0	0	0	0	70.3404	2295
10	13	0	0	0	0	78.1551	2296
11	13	0	0	0	0	74.0154	2297
11	13	0	0	0	0	74.2164	2298
11	13	0	0	0	0	75.092	2299
11	13	0	0	0	0	76.1752	2300
11	13	0	0	0	0	76.5064	2301
11	13	0	0	0	0	82.2216	2302
11	13	0	0	0	0	78.0875	2303
11	13	0	0	0	0	80.244	2304
11	13	0	0	0	0	74.1566	2305
11	13	0	0	0	0	79.8628	2306
11	13	0	0	0	0	75.1304	2307
11	14	0	0	0	0	84.1802	2308
11	14	0	0	0	0	78.9508	2309
12	15	0	0	0	0	70.1698	2310
12	15	0	0	0	0	81.6228	2311
12	15	0	0	0	0	82.1011	2312
11	15	0	0	0	0	75.9841	2313
11	15	0	0	0	0	77.7515	2314
10	15	0	0	0	0	78.0489	2315
11	14	0	0	0	0	80.9023	2316
12	14	0	0	0	0	80.8981	2317
12	14	0	0	0	0	90.8319	2318
12	14	0	0	0	0	85.5143	2319
13	14	0	0	0	0	88.2309	2320
13	16	0	0	0	0	77.9977	2321
13	17	0	0	0	0	84.2428	2322
13	14	0	0	0	0	80.6775	2323
13	13	0	0	0	0	82.4339	2324
13	11	0	0	0	0	69.5719	2325
13	11	0	0	0	0	75.5987	2326
13	11	0	0	0	0	68.6226	2327
13	11	0	0	0	0	73.4307	2328
11	11	0	0	0	0	74.586	2329
11	11	0	0	0	0	69.9231	2330
10	11	0	0	0	0	62.562	2331
10	12	0	0	0	0	66.5756	2332
10	12	0	0	0	0	72.6874	2333
10	12	0	0	0	0	68.6135	2334
10	12	0	0	0	0	76.822	2335
10	12	0	0	0	0	75.4439	2336
11	12	0	0	0	0	69.4929	2337
11	12	0	0	0	0	68.0297	2338
11	12	0	0	0	0	60.6507	2339
11	12	0	0	0	0	84.2228	2340
11	12	0	0	0	0	74.9123	2341
12	12	0	0	0	0	76.2661	2342
12	12	0	0	0	0	74.598	2343
12	11	0	0	0	0	71.5412	2344
12	11	0	0	0	0	77.2213	2345
13	11	0	0	0	0	79.1835	2346
13	11	0	0	0	0	76.6487	2347
13	11	0	0	0	0	83.568	2348
13	11	0	0	0	0	78.0327	2349
13	11	0	0	0	0	77.7445	2350
13	11	0	0	0	0	72.9947	2351
13	11	0	0	0	0	80.0832	2352
13	10	0	0	0	0	73.9247	2353
13	10	0	0	0	0	78.2459	2354
13	10	0	0	0	0	76.9684	2355
13	10	0	0	0	0	74.5046	2356
13	11	0	0	0	0	74.8021	2357
13	11	0	0	0	0	74.4964	2358
13	12	0	0	0	0	71.697	2359
12	12	0	0	0	0	75.7457	2360
12	12	0	0	0	0	67.5835	2361
12	12	0	0	0	0	68.6193	2362
12	12	0	0	0	0	71.5498	2363
12	11	0	0	0	0	71.5067	2364
10	11	0	0	0	0	74.1137	2365
10	11	0	0	0	0	68.9911	2366
10	11	0	0	0	0	68.4062	2367
10	11	0	0	0	0	69.4795	2368
10	11	0	0	0	0	77.6417	2369
11	11	0	0	0	0	72.0304	2370
11	11	0	0	0	0	69.7626	2371
10	11	0	0	0	0	69.8367	2372
10	11	0	0	0	0	63.7692	2373
10	12	0	0	0	0	67.4095	2374
10	12	0	0	0	0	76.3281	2375
10	12	0	0	0	0	67.2295	2376
10	12	0	0	0	0	62.4239	2377
10	11	0	0	0	0	74.2764	2378
10	11	0	0	0	0	66.4252	2379
11	11	0	0	0	0	62.835	2380
11	11	0	0	0	0	79.8003	2381
11	11	0	0	0	0	71.9215	2382
12	11	0	0	0	0	73.9004	2383
13	11	0	0	0	0	74.4348	2384
13	11	0	0	0	0	74.9143	2385
15	11	0	0	0	0	74.4984	2386
15	11	0	0	0	0	91.5838	2387
14	11	0	0	0	0	76.8553	2388
14	11	0	0	0	0	75.0745	2389
14	11	0	0	0	0	76.3286	2390
14	11	0	0	0	0	82.4529	2391
14	11	0	0	0	0	78.138	2392
13	11	0	0	0	0	74.6844	2393
13	12	0	0	0	0	82.2494	2394
13	13	0	0	0	0	80.0385	2395
13	13	0	0	0	0	78.4327	2396
13	13	0	0	0	0	82.7202	2397
13	13	0	0	0	0	85.757	2398
14	12	0	0	0	0	84.025	2399
14	12	0	0	0	0	85.0132	2400
14	12	0	0	0	0	78.3494	2401
14	12	0	0	0	0	85.6614	2402
14	12	0	0	0	0	85.1838	2403
14	12	0	0	0	0	86.5304	2404
15	12	0	0	0	0	78.8603	2405
16	12	0	0	0	0	76.3435	2406
16	12	0	0	0	0	87.3269	2407
16	13	0	0	0	0	73.5669	2408
16	12	0	0	0	0	94.0864	2409
16	12	0	0	0	0	89.0032	2410
17	12	0	0	0	0	90.9865	2411
16	12	0	0	0	0	94.0218	2412
17	12	0	0	0	0	84.7511	2413
17	11	0	0	0	0	87.4624	2414
18	11	0	0	0	0	84.6321	2415
18	11	0	0	0	0	95.9433	2416
18	11	0	0	0	0	95.0702	2417
18	11	0	0	0	0	90.5116	2418
17	11	0	0	0	0	95.2311	2419
17	11	0	0	0	0	98.1863	2420
17	11	0	0	0	0	94.4679	2421
17	10	0	0	0	0	88.2941	2422
17	10	0	0	0	0	90.9297	2423
17	10	0	0	0	0	75.1259	2424
17	10	0	0	0	0	96.2143	2425
17	10	0	0	0	0	92.3927	2426
17	10	0	0	0	0	91.5121	2427
17	10	0	0	0	0	94.5409	2428
17	10	0	0	0	0	86.9788	2429
17	10	0	0	0	0	90.3961	2430
17	10	0	0	0	0	92.4339	2431
17	10	0	0	0	0	88.0508	2432
16	10	0	0	0	0	82.737	2433
15	10	0	0	0	0	83.0582	2434
15	10	0	0	0	0	89.3579	2435
15	10	0	0	0	0	81.0732	2436
15	11	0	0	0	0	85.0987	2437
15	12	0	0	0	0	85.1575	2438
15	12	0	0	0	0	86.4761	2439
15	13	0	0	0	0	92.786	2440
15	13	0	0	0	0	101.815	2441
15	13	0	0	0	0	94.3997	2442
15	13	0	0	0	0	98.7645	2443
15	13	0	0	0	0	95.9134	2444
15	13	0	0	0	0	97.4497	2445
15	13	0	0	0	0	95.5289	2446
14	13	0	0	0	0	90.078	2447
14	13	0	0	0	0	89.3932	2448
14	16	0	0	0	0	93.4022	2449
13	15	0	0	0	0	85.3244	2450
13	15	0	0	0	0	90.1236	2451
13	15	0	0	0	0	105.087	2452
13	15	0	0	0	0	90.6512	2453
13	15	0	0	0	0	83.8756	2454
13	16	0	0	0	0	105.973	2455
13	16	0	0	0	0	88.2213	2456
13	16	0	0	0	0	98.8038	2457
13	14	0	0	0	0	95.7106	2458
13	14	0	0	0	0	88.5099	2459
13	14	0	0	0	0	96.9623	2460
13	14	0	0	0	0	99.101	2461
13	14	0	0	0	0	95.2801	2462
13	14	0	0	0	0	90.4966	2463
13	14	0	0	0	0	96.0023	2464
13	14	0	0	0	0	95.1177	2465
13	13	0	0	0	0	91.0259	2466
13	13	0	0	0	0	88.5862	2467
13	13	0	0	0	0	87.7764	2468
12	13	0	0	0	0	88.4522	2469
13	13	0	0	0	0	93.1413	2470
13	13	0	0	0	0	91.0426	2471
13	13	0	0	0	0	92.5158	2472
13	13	0	0	0	0	90.1579	2473
11	13	0	0	0	0	74.3395	2474
11	13	0	0	0	0	85.3576	2475
11	13	0	0	0	0	79.7136	2476
11	13	0	0	0	0	74.6837	2477
11	13	0	0	0	0	76.7052	2478
10	13	0	0	0	0	76.8473	2479
10	13	0	0	0	0	86.2206	2480
10	13	0	0	0	0	71.4766	2481
10	14	0	0	0	0	60.5755	2482
10	14	0	0	0	0	79.4514	2483
10	14	0	0	0	0	81.4556	2484
10	14	0	0	0	0	79.5238	2485
10	14	0	0	0	0	78.3968	2486
10	14	0	0	0	0	90.2363	2487
10	14	0	0	0	0	81.3759	2488
10	15	0	0	0	0	88.8645	2489
10	15	0	0	0	0	81.6846	2490
10	15	0	0	0	0	85.8784	2491
11	15	0	0	0	0	83.7816	2492
11	15	0	0	0	0	77.1427	2493
12	15	0	0	0	0	76.8621	2494
12	15	0	0	0	0	81.2549	2495
12	15	0	0	0	0	71.8602	2496
11	14	0	0	0	0	77.2671	2497
10	14	0	0	0	0	79.3678	2498
10	13	0	0	0	0	69.7954	2499
10	13	0	0	0	0	78.9093	2500
10	13	0	0	0	0	79.6233	2501
10	13	0	0	0	0	78.7942	2502
11	13	0	0	0	0	80.1426	2503
11	13	0	0	0	0	77.293	2504
11	13	0	0	0	0	76.4329	2505
11	13	0	0	0	0	77.9827	2506
11	13	0	0	0	0	82.1087	2507
11	13	0	0	0	0	79.5689	2508
11	13	0	0	0	0	76.6732	2509
11	13	0	0	0	0	78.1414	2510
11	13	0	0	0	0	78.1982	2511
11	13	0	0	0	0	85.3106	2512
11	13	0	0	0	0	74.2183	2513
11	13	0	0	0	0	66.2502	2514
11	13	0	0	0	0	70.6726	2515
11	13	0	0	0	0	64.3259	2516
11	13	0	0	0	0	70.2933	2517
11	13	0	0	0	0	71.4048	2518
11	14	0	0	0	0	75.9991	2519
10	13	0	0	0	0	72.4008	2520
10	13	0	0	0	0	74.7373	2521
10	13	0	0	0	0	78.1124	2522
10	13	0	0	0	0	75.9192	2523
10	13	0	0	0	0	70.0701	2524
9	13	0	0	0	0	68.9396	2525
9	11	0	0	0	0	64.8793	2526
9	11	0	0	0	0	63.8489	2527
9	11	0	0	0	0	66.335	2528
9	11	0	0	0	0	64.6891	2529
9	11	0	0	0	0	62.3505	2530
9	11	0	0	0	0	69.6169	2531
9	11	0	0	0	0	57.8021	2532
8	10	0	0	0	0	49.8281	2533
9	10	0	0	0	0	56.8721	2534
9	10	0	0	0	0	52.7837	2535
7	10	0	0	0	0	52.3463	2536
7	10	0	0	0	0	52.3485	2537
7	10	0	0	0	0	48.0156	2538
7	10	0	0	0	0	51.3462	2539
6	10	0	0	0	0	46.6804	2540
6	10	0	0	0	0	47.3539	2541
6	10	0	0	0	0	49.2278	2542
6	10	0	0	0	0	48.441	2543
6	10	0	0	0	0	43.9479	2544
6	10	0	0	0	0	52.9734	2545
6	10	0	0	0	0	44.5673	2546
6	11	0	0	0	0	42.9264	2547
6	11	0	0	0	0	44.0728	2548
6	11	0	0	0	0	45.8057	2549
6	11	0	0	0	0	36.565	2550
6	10	0	0	0	0	45.4658	2551
6	10	0	0	0	0	50.3147	2552
7	10	0	0	0	0	51.179	2553
7	10	0	0	0	0	56.1979	2554
6	10	0	0	0	0	47.6154	2555
6	10	0	0	0	0	37.4025	2556
6	10	0	0	0	0	50.0434	2557
6	9	0	0	0	0	46.4024	2558
6	9	0	0	0	0	49.6066	2559
6	9	0	0	0	0	43.7147	2560
6	9	0	0	0	0	49.7634	2561
6	9	0	0	0	0	47.9724	2562
6	9	0	0	0	0	49.3522	2563
6	9	0	0	0	0	41.8338	2564
6	9	0	0	0	0	48.1976	2565
6	9	0	0	0	0	45.5186	2566
6	9	0	0	0	0	42.4414	2567
6	10	0	0	0	0	49.2701	2568
6	11	0	0	0	0	37.3061	2569
7	11	0	0	0	0	51.3341	2570
7	11	0	0	0	0	49.2452	2571
7	11	0	0	0	0	54.5228	2572
7	11	0	0	0	0	57.2863	2573
7	11	0	0	0	0	57.9874	2574
7	11	0	0	0	0	53.937	2575
7	10	0	0	0	0	43.3578	2576
6	9	0	0	0	0	44.3907	2577
6	9	0	0	0	0	51.3022	2578
6	9	0	0	0	0	39.7998	2579
6	9	0	0	0	0	40.988	2580
6	8	0	0	0	0	49.3994	2581
6	8	0	0	0	0	46.0423	2582
6	8	0	0	0	0	47.0422	2583
7	8	0	0	0	0	41.3846	2584
7	8	0	0	0	0	42.4358	2585
8	8	0	0	0	0	39.1854	2586
8	8	0	0	0	0	50.7161	2587
8	7	0	0	0	0	52.2511	2588
8	7	0	0	0	0	43.8	2589
8	7	0	0	0	0	50.3154	2590
9	7	0	0	0	0	47.1103	2591
12	7	0	0	0	0	49.545	2592
12	7	0	0	0	0	57.8039	2593
11	7	0	0	0	0	54.1369	2594
11	7	0	0	0	0	60.9259	2595
11	7	0	0	0	0	47.9699	2596
11	7	0	0	0	0	60.133	2597
13	7	0	0	0	0	61.0842	2598
13	7	0	0	0	0	64.5835	2599
13	8	0	0	0	0	68.039	2600
13	8	0	0	0	0	64.06	2601
13	8	0	0	0	0	70.9405	2602
13	8	0	0	0	0	71.492	2603
13	8	0	0	0	0	58.2608	2604
13	7	0	0	0	0	66.1246	2605
13	7	0	0	0	0	58.7127	2606
13	7	0	0	0	0	68.4655	2607
13	7	0	0	0	0	57.5895	2608
13	7	0	0	0	0	64.22	2609
13	7	0	0	0	0	61.8829	2610
12	7	0	0	0	0	56.5594	2611
12	7	0	0	0	0	64.8613	2612
13	7	0	0	0	0	61.9355	2613
14	7	0	0	0	0	61.3543	2614
14	7	0	0	0	0	72.796	2615
14	7	0	0	0	0	72.9273	2616
14	7	0	0	0	0	67.418	2617
14	7	0	0	0	0	66.8563	2618
14	7	0	0	0	0	71.9335	2619
15	7	0	0	0	0	62.1764	2620
15	7	0	0	0	0	69.2148	2621
15	7	0	0	0	0	73.6708	2622
15	7	0	0	0	0	77.8913	2623
16	7	0	0	0	0	66.0385	2624
17	12	0	0	0	0	74.499	2625
18	12	0	0	0	0	75.7839	2626
18	12	0	0	0	0	74.3108	2627
18	12	0	0	0	0	68.2645	2628
19	12	0	0	0	0	94.2906	2629
19	12	0	0	0	0	94.0205	2630
19	11	0	0	0	0	100.157	2631
19	11	0	0	0	0	94.0793	2632
18	11	0	0	0	0	90.1209	2633
16	11	0	0	0	0	89.1788	2634
17	11	0	0	0	0	94.0649	2635
17	11	0	0	0	0	82.2244	2636
17	11	0	0	0	0	105.213	2637
17	11	0	0	0	0	96.2459	2638
17	11	0	0	0	0	93.1043	2639
17	11	0	0	0	0	93.1891	2640
17	11	0	0	0	0	94.3556	2641
17	11	0	0	0	0	94.3445	2642
17	11	0	0	0	0	96.5078	2643
17	11	0	0	0	0	98.0063	2644
17	11	0	0	0	0	93.8573	2645
17	11	0	0	0	0	96.801	2646
18	11	0	0	0	0	97.3731	2647
18	11	0	0	0	0	102.011	2648
18	11	0	0	0	0	94.131	2649
19	11	0	0	0	0	94.902	2650
19	11	0	0	0	0	103.35	2651
20	11	0	0	0	0	92.0511	2652
20	11	0	0	0	0	101.393	2653
20	12	0	0	0	0	104.724	2654
20	12	0	0	0	0	100.295	2655
20	12	0	0	0	0	104.662	2656
21	12	0	0	0	0	112.146	2657
22	12	0	0	0	0	101.639	2658
21	12	0	0	0	0	105.771	2659
21	11	0	0	0	0	110.839	2660
21	11	0	0	0	0	112.033	2661
21	11	0	0	0	0	105.825	2662
21	11	0	0	0	0	106.815	2663
21	10	0	0	0	0	108.391	2664
21	10	0	0	0	0	96.4431	2665
21	10	0	0	0	0	107.496	2666
21	10	0	0	0	0	105.659	2667
21	10	0	0	0	0	105.336	2668
22	9	0	0	0	0	100.119	2669
22	9	0	0	0	0	98.8569	2670
22	9	0	0	0	0	97.5362	2671
23	9	0	0	0	0	103.887	2672
23	9	0	0	0	0	114.98	2673
24	9	0	0	0	0	112.339	2674
24	10	0	0	0	0	113.708	2675
24	10	0	0	0	0	120.91	2676
25	10	0	0	0	0	115.729	2677
25	10	0	0	0	0	120.29	2678
25	10	0	0	0	0	119.881	2679
25	12	0	0	0	0	119.65	2680
25	12	0	0	0	0	120.774	2681
25	12	0	0	0	0	118.919	2682
26	12	0	0	0	0	121.684	2683
24	11	0	0	0	0	116.343	2684
25	11	0	0	0	0	117.455	2685
25	11	0	0	0	0	113.569	2686
25	11	0	0	0	0	117.161	2687
25	11	0	0	0	0	117.6	2688
23	11	0	0	0	0	115.329	2689
23	11	0	0	0	0	114.321	2690
23	11	0	0	0	0	103.675	2691
22	10	0	0	0	0	104.945	2692
22	10	0	0	0	0	97.7555	2693
20	10	0	0	0	0	98.4957	2694
20	10	0	0	0	0	100.426	2695
20	10	0	0	0	0	99.4494	2696
20	10	0	0	0	0	98.0821	2697
20	10	0	0	0	0	103.838	2698
20	10	0	0	0	0	96.8494	2699
21	10	0	0	0	0	101.818	2700
21	10	0	0	0	0	103.255	2701
21	10	0	0	0	0	110.288	2702
21	10	0	0	0	0	110.141	2703
21	10	0	0	0	0	103.52	2704
21	10	0	0	0	0	113.552	2705
21	10	0	0	0	0	111.416	2706
21	10	0	0	0	0	100.648	2707
21	10	0	0	0	0	109.119	2708
20	10	0	0	0	0	100.846	2709
20	10	0	0	0	0	99.206	2710
20	10	0	0	0	0	102.712	2711
20	10	0	0	0	0	92.6797	2712
20	10	0	0	0	0	104.238	2713
20	10	0	0	0	0	98.2037	2714
20	10	0	0	0	0	108.895	2715
20	10	0	0	0	0	105.76	2716
20	10	0	0	0	0	100.676	2717
20	10	0	0	0	0	96.856	2718
21	10	0	0	0	0	98.5547	2719
21	10	0	0	0	0	100.064	2720
21	10	0	0	0	0	104.644	2721
21	11	0	0	0	0	106.629	2722
21	11	0	0	0	0	101.547	2723
21	11	0	0	0	0	112.959	2724
21	12	0	0	0	0	112.414	2725
21	12	0	0	0	0	113.932	2726
21	12	0	0	0	0	108.856	2727
21	12	0	0	0	0	118.565	2728
21	12	0	0	0	0	99.6716	2729
21	12	0	0	0	0	110.828	2730
21	12	0	0	0	0	115.099	2731
21	12	0	0	0	0	120.046	2732
21	12	0	0	0	0	120.943	2733
21	12	0	0	0	0	112.591	2734
21	12	0	0	0	0	108.219	2735
21	12	0	0	0	0	116.762	2736
21	12	0	0	0	0	112.208	2737
21	12	0	0	0	0	118.524	2738
21	12	0	0	0	0	113.9	2739
21	12	0	0	0	0	112.863	2740
21	12	0	0	0	0	111.262	2741
21	12	0	0	0	0	115.383	2742
21	12	0	0	0	0	112.161	2743
21	12	0	0	0	0	108.163	2744
21	12	0	0	0	0	117.847	2745
21	12	0	0	0	0	108.471	2746
22	12	0	0	0	0	111.402	2747
22	12	0	0	0	0	110.404	2748
22	12	0	0	0	0	111.728	2749
22	11	0	0	0	0	117.421	2750
22	11	0	0	0	0	123.498	2751
23	11	0	0	0	0	110.239	2752
23	11	0	0	0	0	108.137	2753
22	11	0	0	0	0	107.088	2754
22	11	0	0	0	0	115.039	2755
22	11	0	0	0	0	114.205	2756
22	10	0	0	0	0	109.113	2757
22	10	0	0	0	0	100.723	2758
22	12	0	0	0	0	107.966	2759
22	12	0	0	0	0	99.6955	2760
21	13	0	0	0	0	102.304	2761
20	13	0	0	0	0	99.9746	2762
18	13	0	0	0	0	94.5317	2763
16	14	0	0	0	0	95.8994	2764
16	14	0	0	0	0	92.6074	2765
15	14	0	0	0	0	94.3851	2766
14	14	0	0	0	0	87.4222	2767
14	15	0	0	0	0	103.201	2768
14	15	0	0	0	0	95.7096	2769
14	15	0	0	0	0	87.6551	2770
14	15	0	0	0	0	99.1588	2771
14	15	0	0	0	0	88.9288	2772
14	15	0	0	0	0	100.017	2773
14	15	0	0	0	0	87.4833	2774
14	11	0	0	0	0	83.658	2775
15	12	0	0	0	0	80.5028	2776
15	12	0	0	0	0	87.5346	2777
15	14	0	0	0	0	92.5679	2778
15	14	0	0	0	0	89.6869	2779
15	14	0	0	0	0	89.5145	2780
16	14	0	0	0	0	91.9708	2781
15	14	0	0	0	0	81.4203	2782
15	14	0	0	0	0	87.5393	2783
15	14	0	0	0	0	89.1982	2784
12	14	0	0	0	0	89.0471	2785
12	14	0	0	0	0	92.7927	2786
12	14	0	0	0	0	85.2669	2787
12	14	0	0	0	0	86.8273	2788
12	14	0	0	0	0	92.7266	2789
12	14	0	0	0	0	89.3773	2790
12	14	0	0	0	0	85.3785	2791
12	14	0	0	0	0	83.3968	2792
12	14	0	0	0	0	79.2329	2793
12	14	0	0	0	0	95.6814	2794
12	14	0	0	0	0	85.8285	2795
12	14	0	0	0	0	89.9543	2796
12	14	0	0	0	0	81.4151	2797
13	14	0	0	0	0	85.4488	2798
13	14	0	0	0	0	89.3875	2799
13	14	0	0	0	0	80.9376	2800
13	15	0	0	0	0	85.5126	2801
13	15	0	0	0	0	91.2125	2802
13	16	0	0	0	0	85.524	2803
13	15	0	0	0	0	88.7443	2804
14	15	0	0	0	0	91.1504	2805
14	15	0	0	0	0	96.496	2806
12	15	0	0	0	0	79.7722	2807
11	15	0	0	0	0	79.89	2808
11	15	0	0	0	0	81.7739	2809
11	16	0	0	0	0	89.2487	2810
10	16	0	0	0	0	82.0792	2811
10	17	0	0	0	0	72.553	2812
10	16	0	0	0	0	80.7784	2813
10	16	0	0	0	0	82.4642	2814
10	16	0	0	0	0	80.8627	2815
10	16	0	0	0	0	76.0229	2816
10	18	0	0.5	0	1	77.068	2817
10	18	0	0.5	0	1	82.3077	2818
9	18	0	0.5	0	1	78.5155	2819
9	18	0	0.5	0	1	80.268	2820
10	18	0	0.5	0	1	84.3147	2821
10	18	0	0.5	0	1	91.2988	2822
10	18	0	0.5	0	1	83.1942	2823
10	18	0	0.5	0	1	80.1304	2824
10	17	0	0.5	0	1	79.2423	2825
8	17	0	0.5	0	1	76.1543	2826
7	17	0	0.5	0	1	70.6624	2827
7	17	0	0.5	0	1	74.827	2828
7	17	0	0.5	0	1	64.1071	2829
7	17	0	0.5	0	1	72.0952	2830
7	17	0	0.5	0	1	78.5151	2831
7	17	0	0.5	0	1	71.5192	2832
7	17	0	1	0	2	69.6471	2833
7	17	0	1	0	2	81.6827	2834
7	17	0	1	0	2	76.2265	2835
7	18	0	1	0	2	70.6265	2836
7	18	0	1	0	2	80.654	2837
7	18	0	1	0	2	73.4908	2838
7	18	0	1	0	2	81.9689	2839
7	18	0	1	0	2	80.496	2840
7	18	0	1	0	2	74.5841	2841
7	18	0	1	0	2	72.8516	2842
7	18	0	1	0	2	73.5398	2843
7	18	0	1	0	2	83.2135	2844
7	18	0	1	0	2	79.9056	2845
7	18	0	1	0	2	75.6549	2846
7	18	0	1	0	2	76.2541	2847
7	19	0	1	0	2	74.266	2848
7	19	0	1	0	2	77.3098	2849
6	19	0	1	0	2	70.9264	2850
6	19	0	1	0	2	74.331	2851
6	19	0	1	0	2	63.6568	2852
6	19	0	1	0	2	77.3899	2853
6	19	0	1	0	2	78.4668	2854
6	19	0	1	0	2	73.5838	2855
6	19	0	1	0	2	76.8378	2856
6	19	0	1	0	2	79.7419	2857
6	19	0	1	0	2	66.368	2858
6	19	0	1	0	2	77.5647	2859
6	19	0	1	0	2	76.736	2860
6	19	0	1	0	2	71.1667	2861
6	19	0	1	0	2	80.1576	2862
6	19	0	1	0	2	75.8716	2863
6	19	0	1	0	2	77.2811	2864
6	19	0	1	0	2	76.339	2865
6	19	0	1	0	2	75.6087	2866
6	19	0	1	0	2	77.5674	2867
6	19	0	1	0	2	78.3866	2868
6	19	0	0.5	0	1	77.4628	2869
6	20	0	0	0	0	70.6625	2870
6	20	0	0	0	0	67.1686	2871
6	18	0	0	0	0	63.7215	2872
6	18	0	0	0	0	69.6661	2873
6	18	0	0	0	0	67.9694	2874
6	17	0	0	0	0	70.1045	2875
6	16	0	0	0	0	66.234	2876
6	16	0	0	0	0	67.8957	2877
6	16	0	0	0	0	73.3305	2878
6	16	0	0	0	0	61.6517	2879
6	16	0	0	0	0	70.427	2880
6	16	0	0	0	0	69.508	2881
6	16	0	0	0	0	60.9207	2882
6	16	0	0	0	0	61.7808	2883
6	16	0	0	0	0	61.235	2884
5	16	0	0	0	0	62.6082	2885
5	16	0	0	0	0	54.5422	2886
5	16	0	0	0	0	65.4627	2887
5	16	0	0	0	0	59.7501	2888
5	16	0	0	0	0	56.4831	2889
5	16	0	0	0	0	57.4954	2890
5	15	0	0	0	0	58.3869	2891
5	14	0	0	0	0	49.1017	2892
5	14	0	0	0	0	47.1417	2893
5	14	0	0	0	0	52.8978	2894
5	14	0	0	0	0	46.5067	2895
5	13	0	0	0	0	46.4244	2896
4	13	0	0	0	0	46.7467	2897
4	13	0	0	0	0	40.2944	2898
4	12	0	0	0	0	39.6479	2899
4	12	0	0	0	0	45.0361	2900
4	12	0	0	0	0	43.7224	2901
4	12	0	0	0	0	34.4759	2902
4	12	0	0	0	0	40.1406	2903
3	12	0	0	0	0	39.5921	2904
3	12	0	0	0	0	33.1214	2905
2	11	0	0	0	0	33.685	2906
2	11	0	0	0	0	32.4604	2907
2	11	0	0	0	0	35.9105	2908
2	11	0	0	0	0	35.266	2909
2	11	0	0	0	0	30.8332	2910
2	10	0	0	0	0	22.0075	2911
2	10	0	0	0	0	19.0041	2912
2	8	0	0	0	0	23.8286	2913
2	8	0	0	0	0	22.2171	2914
2	8	0	0	0	0	19.2594	2915
2	7	0	0	0	0	10.626	2916
2	7	0	0	0	0	18.1781	2917
2	7	0	0	0	0	17.3815	2918
2	7	0	0	0	0	16.4238	2919
2	7	0	0	0	0	19.2801	2920
2	7	0	0	0	0	16.2395	2921
2	7	0	0	0	0	13.6056	2922
2	6	0	0	0	0	12.6563	2923
2	6	0	0	0	0	10.4221	2924
1	6	0	0	0	0	9.2303	2925
1	5	0	0	0	0	5.73035	2926
1	4	0	0	0	0	5.99165	2927
1	4	0	0	0	0	5.98068	2928
1	4	0	0	0	0	3.92985	2929
1	4	0	0	0	0	6.24793	2930
1	4	0	0	0	0	3.35767	2931
1	4	0	0	0	0	6.21737	2932
1	4	0	0	0	0	5.27045	2933
1	4	0	0	0	0	5.99058	2934
1	4	0	0	0	0	3.74096	2935
1	4	0	0	0	0	6.6744	2936
1	4	0	0	0	0	6.74812	2937
1	4	0	0	0	0	3.33523	2938
1	4	0	0	0	0	5.1421	2939
1	4	0	0	0	0	0.133737	2940
1	4	0	0	0	0	5.16162	2941
1	4	0	0	0	0	2.09556	2942
1	4	0	0	0	0	2.1003	2943
0	4	0	0	0	0	1.97681	2944
0	4	0	0	0	0	2.28349	2945
0	4	0	0	0	0	1.96357	2946
0	4	0	0	0	0	-4.07371	2947
0	4	0	0	0	0	2.58896	2948
0	4	0	0	0	0	1.81329	2949
0	4	0	0	0	0	nan	2950
