unique_top_cov	unique_bot_cov	redundant_top_cov	redundant_bot_cov	raw_redundant_top_cov	raw_redundant_bot_cov	e_value	position
1	0	0	0	0	0	nan	1
1	0	0	0	0	0	nan	2
1	1	0	0	0	0	-3.01466	3
1	1	0	0	0	0	0.919994	4
1	1	0	0	0	0	-0.94005	5
1	1	0	0	0	0	0.689385	6
3	1	0	0	0	0	0.689385	7
3	3	0	0	0	0	0.95258	8
3	3	0	0	0	0	0.95258	9
3	3	0	0	0	0	0.95258	10
3	3	0	0	0	0	14.0163	11
3	3	0	0	0	0	15.3058	12
3	3	0	0	0	0	14.4031	13
3	3	0	0	0	0	15.7706	14
3	3	0	0	0	0	15.701	15
3	5	0	0	0	0	16.5581	16
3	5	0	0	0	0	17.4455	17
3	6	0	0	0	0	19.9264	18
3	6	0	0	0	0	27.1347	19
3	6	0	0	0	0	26.5565	20
4	6	0	0	0	0	26.126	21
4	6	0	0	0	0	30.8257	22
4	7	0.333333	0	1	0	32.6894	23
4	7	0.333333	0	1	0	37.8504	24
4	7	0.333333	0	1	0	31.6826	25
4	8	0.333333	0	1	0	37.0485	26
5	8	0.333333	0	1	0	37.7822	27
5	8	0.333333	0	1	0	40.7619	28
5	8	0.333333	0	1	0	34.4117	29
5	8	0.333333	0	1	0	42.9464	30
5	8	0.333333	0	1	0	43.0638	31
5	8	0.333333	0	1	0	43.6575	32
6	8	0.333333	0	1	0	41.5592	33
6	8	0.333333	0	1	0	43.0914	34
6	8	0.333333	0	1	0	48.476	35
6	8	0.333333	0	1	0	41.5625	36
7	8	0.333333	0	1	0	45.4245	37
7	8	0.333333	0	1	0	45.4784	38
7	8	0.333333	0	1	0	45.9182	39
7	8	0.333333	0	1	0	44.898	40
7	8	0.333333	0	1	0	45.3865	41
7	8	0.333333	0	1	0	49.2038	42
7	8	0.333333	0	1	0	47.8024	43
8	8	0.333333	0	1	0	49.7435	44
8	8	0.333333	0	1	0	51.7905	45
8	8	0.333333	0	1	0	52.1439	46
8	8	0.333333	0	1	0	43.9043	47
8	8	0.333333	0	1	0	56.5072	48
9	8	0.333333	0	1	0	53.6616	49
9	8	0.333333	0	1	0	48.6386	50
9	8	0.333333	0	1	0	51.6406	51
9	9	0.333333	0	1	0	56.0974	52
9	9	0.333333	0	1	0	60.0473	53
9	9	0.333333	0	1	0	61.4693	54
9	9	0.333333	0	1	0	59.9226	55
9	9	0.333333	0	1	0	61.0781	56
9	9	0.333333	0	1	0	56.8083	57
9	10	0.333333	0	1	0	61.1732	58
9	10	0.333333	0	1	0	64.5148	59
9	10	0.333333	0	1	0	60.688	60
9	10	0	0	0	0	59.7403	61
9	10	0	0	0	0	66.2211	62
9	10	0	0	0	0	58.742	63
9	10	0	0	0	0	61.2673	64
9	10	0	0	0	0	65.4937	65
9	10	0	0	0	0	64.4172	66
9	10	0	0	0	0	61.0178	67
9	10	0	0	0	0	58.5836	68
9	12	0	0	0	0	61.9209	69
9	13	0	0	0	0	58.9309	70
9	13	0	0	0	0	60.1041	71
9	13	0	0	0	0	60.5441	72
9	13	0	0	0	0	62.3173	73
9	13	0	0	0	0	69.182	74
9	13	0	0	0	0	71.432	75
9	13	0	0	0	0	77.4887	76
9	13	0	0	0	0	66.6796	77
9	14	0	0	0	0	73.8695	78
8	15	0	0	0	0	73.8759	79
8	16	0	0	0	0	79.0036	80
8	16	0	0	0	0	77.4358	81
8	16	0	0	0	0	80.7169	82
8	16	0	0	0	0	79.5148	83
8	16	0	0	0	0	75.0189	84
8	16	0	0	0	0	75.9621	85
7	16	0	0	0	0	77.2665	86
7	16	0	0	0	0	72.2302	87
7	16	0	0	0	0	81.8755	88
7	16	0	0	0	0	72.5099	89
6	16	0	0	0	0	72.0249	90
6	16	0	0	0	0	77.9493	91
6	16	0	0	0	0	70.1874	92
6	17	0	0	0	0	71.3013	93
6	17	0	0	0	0	70.7609	94
6	17	0	0	0	0	77.8579	95
6	17	0	0	0	0	74.0295	96
6	17	0	0	0	0	67.9891	97
6	17	0	0	0	0	79.3629	98
6	17	0	0	0	0	74.892	99
6	17	0	0	0	0	77.7667	100
6	17	0	0	0	0	72.6541	101
5	17	0	0	0	0	71.7552	102
5	17	0	0	0	0	69.773	103
5	17	0	0	0	0	74.1518	104
5	17	0	0	0	0	70.5028	105
5	17	0	0	0	0	73.9883	106
5	17	0	0	0	0	73.6767	107
5	17	0	0	0	0	67.6858	108
5	17	0	0.333333	0	1	66.2288	109
5	17	0	0.333333	0	1	69.4723	110
5	17	0	0.333333	0	1	70.0511	111
5	17	0	0.333333	0	1	57.5174	112
3	17	0	0.333333	0	1	60.4862	113
3	17	0	0.333333	0	1	58.7127	114
3	15	0	0.333333	0	1	39.7535	115
3	15	0	0.333333	0	1	57.6104	116
3	15	0	0.333333	0	1	49.6131	117
3	15	0	0.333333	0	1	55.889	118
3	15	0	0.333333	0	1	57.8374	119
3	15	0	0.333333	0	1	57.46	120
3	15	0	0.333333	0	1	54.386	121
3	15	0	0.333333	0	1	43.8274	122
3	14	0	0.333333	0	1	40.7774	123
3	14	0	0.333333	0	1	40.6664	124
2	12	0	0.333333	0	1	39.6615	125
2	12	0	0.333333	0	1	40.0448	126
2	12	0	0.333333	0	1	25.6683	127
2	12	0	0.333333	0	1	22.4879	128
2	9	0	0.333333	0	1	12.8383	129
2	8	0	0.333333	0	1	12.9061	130
2	8	0	0.333333	0	1	16.8302	131
2	8	0	0.333333	0	1	27.55	132
2	8	0	0.333333	0	1	24.0769	133
2	8	0	0.333333	0	1	24.2034	134
1	8	0	0.333333	0	1	21.1211	135
1	8	0	0.333333	0	1	23.7019	136
1	8	0.333333	0.333333	1	1	25.5597	137
1	8	0.333333	0.333333	1	1	22.8258	138
1	8	0.333333	0.333333	1	1	21.2578	139
1	8	0.333333	0.333333	1	1	24.1959	140
1	8	0.333333	0.333333	1	1	20.5067	141
1	8	0.333333	0.333333	1	1	19.7124	142
1	7	0.333333	0.333333	1	1	19.9179	143
1	7	0.333333	0.333333	1	1	20.3184	144
1	7	0.333333	0.333333	1	1	19.95	145
1	7	0.333333	0.333333	1	1	20.2871	146
1	7	0.333333	0.333333	1	1	16.4695	147
1	7	0.333333	0.333333	1	1	17.952	148
1	7	0.333333	0.333333	1	1	19.1711	149
1	7	0.333333	0.333333	1	1	15.7143	150
1	7	0.333333	0.333333	1	1	18.4981	151
1	7	0.333333	0.333333	1	1	11.1268	152
1	6	0.333333	0.333333	1	1	12.2566	153
1	5	0.333333	0.333333	1	1	13.0919	154
1	5	0.333333	0.333333	1	1	11.5845	155
1	5	0.333333	0.333333	1	1	12.5459	156
1	5	0.333333	0.333333	1	1	12.7039	157
1	5	0.333333	0	1	0	7.55707	158
1	5	0.333333	0	1	0	8.86238	159
1	5	0.333333	0	1	0	8.42536	160
1	4	0.333333	0	1	0	9.21325	161
1	4	0.333333	0	1	0	7.28478	162
1	4	0.333333	0	1	0	7.35811	163
1	4	0.333333	0	1	0	4.93452	164
1	4	0.333333	0	1	0	5.49289	165
1	3	0.333333	0	1	0	1.74245	166
1	2	0.333333	0	1	0	-2.09084	167
1	2	0.333333	0	1	0	-2.07297	168
1	2	0.333333	0	1	0	-2.07297	169
1	1	0.333333	0	1	0	-2.07297	170
1	1	0.333333	0	1	0	-2.05967	171
1	1	0.333333	0	1	0	-2.5413	172
1	1	0	0	0	0	-2.85309	173
1	1	0	0	0	0	nan	174
