seq_id	position	insert_position	reference_base	major_base	minor_base	major_frequency	major_top_strand	major_bot_strand	minor_top_strand	minor_bot_strand	major_quals	minor_quals	
NODE_11_length_69729_cov_9.996167	117	0	T	T	C	0.709677	8	14	6	3	21,36,32,36,36,36,36,36,14,32,32,36,36,36,36,32,36,36,21,21,36,36	27,36,36,36,36,14,36,36,36	
NODE_11_length_69729_cov_9.996167	129	0	C	C	T	0.815789	13	18	6	1	36,36,36,36,36,21,27,14,36,36,36,14,36,14,36,36,36,36,36,14,36,36,36,36,36,36,36,36,36,36,36	14,36,36,36,32,36,36	
NODE_11_length_69729_cov_9.996167	159	0	C	C	T	0.571429	3	9	6	3	32,36,36,36,36,36,36,36,36,32,32,36	36,36,36,14,36,36,36,36,14	
NODE_11_length_69729_cov_9.996167	171	0	T	T	C	0.7	7	7	0	6	14,36,32,27,36,32,36,36,36,14,32,36,36,14	36,36,36,36,36,36	
NODE_11_length_69729_cov_9.996167	4026	0	A	A	T	0.757576	12	13	3	5	36,36,36,36,36,32,36,36,36,36,32,36,36,32,36,36,36,36,36,36,32,36,36,36,32	36,36,36,36,36,14,36,36	
NODE_11_length_69729_cov_9.996167	4152	0	T	T	C	0.853659	25	10	4	2	32,36,36,36,14,36,36,36,36,36,36,36,36,36,36,32,36,36,36,36,14,36,36,36,36,36,21,36,36,32,36,36,36,36,32	14,32,27,32,36,36	
NODE_13_length_61789_cov_10.268327	38	0	G	A	G	0.533333	2	6	4	3	14,36,21,36,36,36,36,36	36,36,36,36,36,36,27	
NODE_13_length_61789_cov_10.268327	39	0	G	A	G	0.5625	2	7	4	3	32,36,21,36,14,36,32,14,36	36,36,32,36,36,32,32	
NODE_16_length_53370_cov_9.797347	46205	0	G	T	G	0.611111	6	5	3	4	36,36,36,36,32,36,36,36,32,36,36	32,36,36,36,36,36,36	
NODE_17_length_53225_cov_9.831847	9696	0	T	C	T	0.533333	5	3	6	1	32,36,32,36,36,36,36,36	14,36,36,36,36,36,36	
NODE_17_length_53225_cov_9.831847	9706	0	T	T	C	0.631579	7	5	4	3	36,36,36,36,36,36,36,21,36,27,14,32	32,36,32,14,14,36,32	
NODE_17_length_53225_cov_9.831847	19189	0	A	A	G	0.785714	10	12	2	4	36,36,36,36,32,36,36,36,14,36,36,36,14,32,36,36,27,36,36,36,36,36	36,36,36,36,36,27	
NODE_17_length_53225_cov_9.831847	19207	0	A	A	G	0.785714	8	14	2	4	36,27,36,36,32,36,27,36,36,36,36,14,36,36,36,36,32,36,36,32,36,36	36,36,36,36,27,27	
NODE_18_length_51471_cov_10.179535	33	0	T	T	C	0.884615	24	22	4	2	36,14,32,14,14,36,36,21,32,36,14,36,36,14,14,36,36,36,36,36,32,32,36,27,36,36,36,36,36,27,36,32,36,36,32,36,36,14,36,36,36,36,36,14,21,32	36,36,36,36,36,36	
NODE_18_length_51471_cov_10.179535	34	0	C	C	T	0.884615	24	22	4	2	36,36,36,36,36,36,36,36,36,36,27,32,36,32,36,36,36,32,36,32,32,36,32,32,36,32,36,36,36,36,32,36,36,27,32,14,36,36,36,36,36,36,27,32,32,32	36,27,36,36,36,36	
NODE_18_length_51471_cov_10.179535	42	0	G	G	C	0.790698	19	15	6	3	36,32,36,36,36,36,36,36,32,36,36,36,36,32,14,36,36,36,36,32,36,36,32,32,36,32,36,36,32,14,36,36,36,32	36,32,36,36,36,36,36,36,36	
NODE_18_length_51471_cov_10.179535	52	0	C	C	A	0.826087	22	16	4	4	36,36,36,36,36,36,36,36,36,36,36,36,36,36,32,32,32,27,32,32,36,32,36,32,36,36,14,36,36,36,36,36,36,32,36,32,36,36	32,14,36,36,36,36,36,36	
NODE_19_length_49564_cov_8.904581	18243	0	T	T	C	0.571429	6	6	4	5	36,32,36,27,36,32,27,32,36,36,36,27	32,36,21,36,14,36,32,32,36	
NODE_19_length_49564_cov_8.904581	49373	0	G	G	A	0.72	11	7	2	5	14,36,32,27,36,32,32,36,36,14,36,36,32,36,36,36,36,32	36,36,36,36,36,36,14	
NODE_19_length_49564_cov_8.904581	49383	0	T	T	C	0.72	9	9	3	4	36,32,36,36,36,36,32,36,32,36,36,14,36,36,36,36,14,14	36,36,36,36,36,36,32	
NODE_19_length_49564_cov_8.904581	49469	0	A	A	.	0.761905	6	10	1	4	14,27,14,36,14,36,36,36,27,14,32,32,14,36,36,32	36,36,36,36,36	
NODE_19_length_49564_cov_8.904581	49476	1	.	.	T	0.769231	5	15	2	4	36,32,36,36,14,27,36,36,36,27,36,36,36,27,36,36,36,36,36,32	36,27,27,36,36,36	
NODE_20_length_49433_cov_9.187150	47853	0	T	T	A	0.8	14	10	3	3	36,32,27,36,27,14,32,36,32,32,27,36,32,32,36,36,36,36,27,36,36,36,32,36	32,14,36,32,27,36	
NODE_23_length_38242_cov_8.817136	38185	0	A	A	T	0.666667	8	4	3	3	32,14,14,36,36,36,32,36,14,36,14,36	14,36,36,32,36,36	
NODE_2_length_261439_cov_10.498405	183446	0	G	G	A	0.742857	15	11	3	6	32,36,14,36,36,27,27,36,32,36,36,32,36,14,36,36,36,36,14,36,32,14,27,36,36,32	14,36,36,14,36,36,14,32,14	
NODE_2_length_261439_cov_10.498405	183454	0	C	C	T	0.736842	16	12	4	6	27,32,32,36,36,32,14,32,36,36,36,32,27,36,21,27,32,14,32,36,14,27,36,36,32,32,36,36	14,36,36,14,36,36,14,14,36,32	
NODE_2_length_261439_cov_10.498405	183474	0	A	A	G	0.657143	7	16	5	7	14,36,36,14,14,36,36,36,14,32,14,14,36,27,36,36,36,32,14,27,32,21,27	36,32,32,32,36,36,21,36,36,36,27,27	
NODE_2_length_261439_cov_10.498405	183535	0	T	T	C	0.538462	8	6	5	7	27,32,36,14,36,14,36,14,36,14,36,36,36,36	36,36,36,36,36,32,14,36,32,36,36,32	
NODE_2_length_261439_cov_10.498405	183545	0	T	T	C	0.68	9	8	4	4	32,36,14,32,36,36,36,36,32,36,14,36,36,36,27,21,36	36,36,36,36,32,14,36,36	
NODE_2_length_261439_cov_10.498405	183548	0	T	T	G	0.68	9	8	4	4	32,36,36,32,36,36,36,36,36,36,36,36,36,36,36,36,36	36,36,14,36,36,32,36,36	
NODE_2_length_261439_cov_10.498405	183550	0	G	G	A	0.692308	9	9	4	4	36,36,36,36,36,14,36,36,14,36,36,36,36,36,32,32,32,32	36,36,14,36,32,36,36,32	
NODE_2_length_261439_cov_10.498405	183554	0	T	T	C	0.6	7	8	5	5	36,21,36,36,14,36,36,36,14,36,36,32,36,36,14	36,32,36,27,36,36,32,36,36,32	
NODE_2_length_261439_cov_10.498405	183563	0	A	A	T	0.578947	4	7	4	4	36,36,27,32,14,36,14,36,36,36,21	21,32,14,27,14,32,36,14	
NODE_30_length_22830_cov_8.619962	86	0	A	A	T	0.76	11	8	3	3	36,32,32,36,36,36,36,36,36,36,36,36,36,36,32,36,14,21,32	32,21,36,36,36,36	
NODE_31_length_21151_cov_19.362247	105	0	A	A	G	0.557692	20	9	10	13	32,32,36,36,36,36,36,36,32,36,32,36,36,36,32,36,36,14,36,14,14,36,21,36,36,36,32,36,36	32,36,32,36,36,14,32,27,36,36,36,36,32,36,14,14,27,36,36,32,32,36,36	
NODE_31_length_21151_cov_19.362247	117	0	T	T	C	0.545455	19	11	10	15	32,36,32,36,36,36,36,36,32,36,36,36,36,36,27,36,36,36,32,36,36,36,36,32,36,36,32,36,36,32	32,36,36,36,36,36,36,36,36,27,36,36,36,36,36,14,27,32,36,36,32,14,36,27,36	
NODE_31_length_21151_cov_19.362247	132	0	A	A	G	0.54717	16	13	10	14	32,36,36,36,36,36,14,36,36,36,36,36,36,36,36,36,36,36,36,36,36,36,36,36,32,36,36,32,36	32,36,36,21,36,36,36,36,36,36,36,27,36,21,14,36,36,36,36,36,27,32,32,36	
NODE_31_length_21151_cov_19.362247	7553	0	T	T	G	0.647059	17	16	10	8	32,32,36,27,32,36,36,36,36,36,36,36,36,36,36,36,21,14,36,36,36,36,36,36,36,36,36,36,36,32,36,36,36	36,36,32,36,36,36,36,36,36,36,32,36,32,32,36,36,36,36	
NODE_31_length_21151_cov_19.362247	9850	0	C	C	T	0.509091	15	13	16	11	36,32,36,32,36,36,32,14,36,36,27,36,36,27,32,36,21,36,36,36,14,36,32,36,32,36,32,32	36,36,36,32,36,36,32,36,36,14,36,32,36,21,36,14,36,32,36,36,32,32,14,36,36,36,36	
NODE_48_length_3090_cov_27.958181	290	0	C	C	A	0.608247	33	26	20	18	32,32,32,36,36,27,36,32,36,36,36,36,36,36,36,36,36,36,14,36,36,36,36,21,32,36,36,36,36,36,36,27,36,36,14,27,36,36,36,36,36,32,14,36,36,32,36,36,27,36,36,32,36,36,36,36,36,32,36	36,36,32,36,36,14,36,27,36,36,36,36,32,36,32,36,36,36,14,21,32,36,36,36,36,36,36,36,27,36,21,36,32,36,32,36,32,32	
NODE_48_length_3090_cov_27.958181	309	0	T	T	C	0.777778	38	32	12	8	36,36,32,36,36,36,27,27,32,36,36,36,36,27,36,36,36,36,36,36,32,36,36,36,36,36,27,36,36,14,36,36,36,36,32,14,36,36,36,36,36,36,32,36,36,14,36,36,36,36,36,36,36,32,36,36,36,36,36,36,36,14,36,36,32,36,32,32,32,32	36,27,36,32,36,36,36,36,36,36,36,36,32,32,36,36,32,36,32,36	
NODE_48_length_3090_cov_27.958181	322	0	A	A	G	0.890909	67	31	8	4	32,36,36,27,36,36,36,32,36,32,36,36,36,14,36,32,36,32,36,32,32,32,36,36,36,36,36,32,36,32,36,36,36,36,36,36,36,36,36,32,36,36,14,32,36,36,36,36,36,36,36,36,36,36,36,14,36,36,36,36,36,36,36,36,36,36,36,36,36,14,36,36,32,36,36,36,36,21,32,32,32,32,32,32,32,32,14,32,32,32,32,32,32,32,32,32,32,32	32,21,36,32,36,36,27,36,32,36,36,36	
NODE_48_length_3090_cov_27.958181	550	0	G	G	A	0.710145	38	60	19	21	32,36,36,32,36,32,32,36,36,36,36,27,36,36,27,36,36,36,36,32,32,36,36,36,36,36,32,36,32,14,36,27,36,36,36,36,36,36,36,32,36,32,36,36,32,32,36,27,36,32,32,32,32,36,36,36,36,36,14,36,21,36,27,36,32,36,32,27,32,14,32,36,36,32,36,36,14,36,32,36,27,32,36,36,32,32,32,36,32,36,36,36,36,21,32,36,27,32	36,36,36,36,36,36,32,36,36,36,27,36,36,36,36,32,14,36,36,36,36,36,36,32,36,36,36,36,36,32,36,32,36,36,36,36,36,36,32,27	
NODE_48_length_3090_cov_27.958181	1410	0	C	C	T	0.852632	28	53	5	9	32,32,32,36,32,32,36,36,36,36,36,36,36,36,36,36,36,36,32,21,27,27,36,36,32,36,36,36,36,32,36,36,36,36,36,36,36,32,36,36,36,36,36,36,36,14,36,36,32,32,36,36,32,36,36,36,36,21,36,32,36,36,32,36,36,36,27,32,32,36,36,36,36,32,27,36,32,32,36,27,27	36,36,36,36,36,36,36,36,14,36,36,36,36,36	
NODE_48_length_3090_cov_27.958181	1594	0	A	A	T	0.55814	28	20	25	13	14,32,36,36,36,36,32,32,27,27,14,32,14,14,14,32,36,36,32,14,32,36,36,14,36,36,32,36,36,36,36,36,36,36,36,36,36,36,36,36,36,32,36,36,14,32,36,27	14,36,36,36,32,32,32,36,36,32,36,36,36,14,36,36,36,36,36,36,36,36,36,36,36,36,36,36,36,36,36,36,36,27,27,32,32,27	
NODE_48_length_3090_cov_27.958181	2271	0	G	G	A	0.760417	41	32	14	9	36,27,36,36,36,36,32,36,36,36,36,36,32,36,36,32,36,32,14,32,36,32,36,36,27,36,32,36,36,36,36,36,36,36,36,14,27,32,36,36,36,36,36,36,36,36,36,36,14,36,36,32,36,36,36,36,32,21,36,36,36,36,32,14,32,32,32,36,36,36,36,36,27	36,14,36,14,14,32,32,32,32,32,36,32,36,32,36,36,32,36,27,36,36,32,36	
NODE_48_length_3090_cov_27.958181	2992	0	T	T	A	0.662577	58	50	24	31	36,36,32,36,36,36,14,36,27,36,36,36,32,36,36,36,32,36,32,36,36,36,36,36,36,36,36,36,36,36,36,36,36,36,36,36,36,36,32,36,14,36,36,36,36,36,36,36,36,36,36,32,36,36,32,27,36,36,36,32,36,36,36,27,36,36,36,36,36,36,14,36,36,36,32,36,36,32,32,36,32,36,14,36,36,14,32,36,36,36,36,14,36,36,36,32,36,36,36,36,36,36,32,36,32,32,32,32	36,36,36,36,36,36,36,36,36,36,14,36,36,36,36,36,36,36,14,14,36,36,36,36,36,36,36,36,32,36,36,36,36,36,36,36,36,36,36,36,14,36,36,32,36,36,36,36,14,32,36,36,36,36,14	
NODE_48_length_3090_cov_27.958181	2993	0	T	T	C	0.840491	68	69	14	12	32,32,32,36,27,36,36,36,36,36,36,14,36,36,36,27,36,21,36,36,36,36,36,36,36,36,36,36,36,32,36,36,36,36,21,36,36,36,36,32,36,36,14,36,36,36,36,36,36,36,36,32,36,14,27,36,32,36,36,36,36,36,36,36,36,36,36,36,36,14,21,36,36,36,36,36,36,36,14,36,36,36,36,36,36,36,36,36,36,36,36,36,36,36,14,36,36,36,36,36,36,36,36,36,36,36,36,36,36,36,36,14,32,14,32,36,36,36,36,32,36,36,36,36,36,36,36,36,36,36,36,27,36,36,36,32,32	36,36,36,32,36,32,36,36,36,36,36,36,36,36,27,14,36,36,32,36,36,32,27,36,36,36	
NODE_54_length_1659_cov_29.332491	17	0	G	G	T	0.888889	27	37	4	4	21,36,36,36,36,36,36,36,14,36,36,36,36,36,36,32,32,32,32,36,21,14,36,36,36,14,36,32,36,36,36,36,36,36,27,36,36,36,36,36,36,36,36,36,36,36,36,32,32,32,36,36,36,36,27,36,36,36,32,27,32,32,32,32	36,36,14,36,36,36,36,36	
NODE_54_length_1659_cov_29.332491	321	0	G	G	A	0.857143	38	46	6	8	27,27,32,32,27,27,32,32,36,36,27,36,36,36,36,36,36,36,36,32,36,36,36,36,36,36,32,36,36,36,36,36,36,14,32,36,36,36,14,36,36,36,32,36,36,36,36,36,32,32,36,36,32,36,36,32,32,36,36,36,36,36,32,36,32,14,27,32,14,27,36,36,36,36,14,36,36,36,32,21,36,32,36,27	14,36,36,36,14,36,36,14,36,36,36,32,36,36	
NODE_54_length_1659_cov_29.332491	561	0	G	G	A	0.794521	46	12	7	8	32,36,32,14,36,32,36,36,32,36,36,32,36,32,36,21,36,36,36,27,36,36,36,36,36,36,14,36,36,32,36,36,32,36,36,32,36,32,36,36,32,36,27,32,36,36,36,36,32,36,36,36,36,32,27,36,32,36	32,32,27,36,36,32,36,36,14,36,32,36,36,36,36	
NODE_54_length_1659_cov_29.332491	566	0	G	G	A	0.780822	40	17	10	6	36,27,32,32,32,32,36,14,14,36,32,36,36,36,36,36,36,36,36,36,36,32,32,36,36,36,36,36,36,36,36,27,36,36,36,36,36,32,36,14,36,36,36,36,36,36,36,36,36,32,27,36,36,36,32,27,36	36,36,36,36,36,36,36,32,36,36,36,36,36,36,36,36	
NODE_54_length_1659_cov_29.332491	1174	0	C	C	T	0.852941	60	27	9	6	36,32,32,36,36,36,32,32,32,36,36,36,32,36,36,36,36,36,32,14,36,32,27,36,36,32,21,36,36,21,36,32,27,27,36,36,36,36,36,36,32,36,21,36,32,32,36,36,21,36,36,36,36,36,36,36,27,36,36,36,36,36,36,36,36,36,36,36,36,36,36,36,36,36,36,32,36,14,36,32,27,36,36,32,36,36,36	32,36,36,32,32,36,32,36,36,32,32,36,36,36,32	
NODE_54_length_1659_cov_29.332491	1389	0	C	C	T	0.875	45	39	7	5	32,21,27,32,36,36,27,36,36,32,36,36,36,32,36,36,36,36,36,36,36,36,36,36,36,36,36,36,36,27,36,36,32,32,36,36,32,14,36,32,36,36,36,36,36,32,32,36,36,36,36,36,32,32,36,32,27,36,36,36,36,32,36,36,36,36,36,36,36,36,36,36,32,36,36,36,32,36,36,32,36,36,36,21	36,27,36,36,36,36,36,32,36,36,36,36	
NODE_5_length_154083_cov_9.025505	102719	0	A	A	G	0.55	8	3	9	0	36,36,36,36,36,36,36,36,36,36,36	14,14,32,21,27,36,36,36,27	
NODE_60_length_682_cov_6.588430	105	0	T	T	C	0.571429	5	7	2	7	32,36,36,36,36,36,36,36,36,32,36,32	32,36,36,36,36,36,36,36,27	
NODE_60_length_682_cov_6.588430	117	0	C	C	T	0.619048	6	7	2	6	36,32,36,14,36,32,36,36,36,36,36,14,36	36,36,36,36,21,36,36,36	
NODE_60_length_682_cov_6.588430	126	0	T	T	C	0.625	9	6	3	6	32,36,36,36,27,27,36,36,36,36,36,36,21,36,32	32,36,36,36,36,36,36,36,32	
NODE_60_length_682_cov_6.588430	255	0	A	G	A	0.538462	4	3	5	1	27,36,32,36,27,36,36	36,27,36,32,14,32	
NODE_60_length_682_cov_6.588430	331	0	G	G	A	0.583333	4	3	3	2	32,36,36,36,14,32,14	14,32,36,36,36	
NODE_60_length_682_cov_6.588430	355	0	T	T	G	0.555556	4	6	5	3	36,36,36,14,36,36,32,36,32,32	32,32,36,36,36,36,36,36	
NODE_60_length_682_cov_6.588430	381	0	T	C	T	0.541667	5	8	4	7	36,36,36,32,14,36,36,36,36,14,36,36,14	36,36,36,36,36,14,36,36,36,21,32	
NODE_60_length_682_cov_6.588430	384	0	T	T	A	0.5	5	8	5	8	36,32,36,36,36,36,36,36,36,32,36,32,32	36,36,36,32,36,36,36,36,36,32,36,36,36	
NODE_60_length_682_cov_6.588430	402	0	A	G	A	0.571429	6	10	4	8	36,36,14,32,36,36,36,36,32,36,36,32,36,36,36,36	36,36,36,36,36,36,36,36,36,36,36,14	
NODE_60_length_682_cov_6.588430	429	0	G	G	A	0.625	9	6	6	3	36,36,32,27,36,36,36,36,36,36,36,32,36,36,27	36,36,36,32,36,36,27,21,36	
NODE_60_length_682_cov_6.588430	487	0	C	C	A	0.6	8	10	5	7	36,27,36,36,36,32,36,32,32,36,32,32,36,14,14,36,36,36	36,36,32,36,36,36,32,36,32,32,36,32	
NODE_60_length_682_cov_6.588430	490	0	A	A	G	0.566667	8	9	5	8	36,14,36,36,36,36,36,36,36,32,36,36,21,36,36,36,14	36,36,36,36,36,36,36,27,32,36,27,36,36	
NODE_60_length_682_cov_6.588430	491	0	A	A	C	0.566667	8	9	5	8	36,36,36,36,36,36,36,36,36,32,36,14,36,36,36,21,32	36,36,36,36,36,36,32,36,27,36,32,36,36	
NODE_60_length_682_cov_6.588430	587	0	C	C	T	0.512195	7	14	10	10	36,36,36,36,36,36,36,36,36,32,36,36,32,36,36,36,36,14,36,14,14	36,36,36,36,14,36,36,36,36,27,32,36,36,36,36,36,36,27,36,36	
NODE_61_length_570_cov_15.713996	234	0	A	A	G	0.725	9	20	1	10	14,36,36,14,36,36,36,32,32,36,36,36,32,36,14,36,36,36,36,36,36,36,27,36,36,36,14,32,14	36,36,36,32,32,36,36,36,36,21,36	
NODE_61_length_570_cov_15.713996	260	0	G	G	A	0.685714	3	21	1	10	32,36,36,36,36,36,32,36,36,36,36,32,36,36,27,36,36,36,27,36,32,32,32,36	36,32,36,36,36,36,36,36,14,27,36	
NODE_61_length_570_cov_15.713996	326	0	C	C	A	0.666667	8	12	6	4	36,36,36,36,36,36,36,36,36,36,36,36,36,36,32,21,36,36,32,32	36,36,36,36,32,14,32,36,36,36	
NODE_61_length_570_cov_15.713996	425	0	T	T	C	0.58	13	16	12	9	36,32,36,36,36,36,36,36,36,36,32,14,14,36,32,32,27,32,36,36,14,36,27,32,36,14,36,36,14	32,36,36,36,27,32,32,36,36,36,21,36,36,14,36,32,36,32,32,36,32	
NODE_61_length_570_cov_15.713996	452	0	T	T	C	0.571429	8	16	7	11	36,36,36,32,36,32,32,36,14,36,36,36,14,14,36,36,36,36,36,36,14,36,36,36	36,32,32,36,36,36,21,36,36,36,36,32,36,36,36,36,32,36	
NODE_61_length_570_cov_15.713996	464	0	C	C	T	0.538462	6	15	5	13	36,36,27,14,36,36,36,32,36,36,36,36,36,32,36,36,36,36,32,36,36	36,36,36,36,36,27,32,36,36,36,36,36,21,14,36,36,36,36	
NODE_61_length_570_cov_15.713996	497	0	G	T	G	0.535714	4	11	4	9	36,36,36,32,36,36,36,36,14,36,27,36,32,36,14	36,36,36,36,36,36,36,32,36,32,36,36,36	
NODE_61_length_570_cov_15.713996	499	0	G	A	G	0.555556	4	11	3	9	36,36,36,32,32,32,36,36,32,36,32,32,14,36,32	32,36,36,36,27,36,36,36,36,32,32,36	
NODE_63_length_498_cov_23.161520	144	0	C	C	T	0.738462	20	28	9	8	32,36,36,36,36,36,32,36,36,36,36,36,36,32,14,36,14,36,36,36,36,21,36,36,32,36,36,36,36,36,36,27,36,36,36,36,36,36,36,36,36,36,27,32,32,36,36,36	32,32,32,36,36,36,36,36,36,36,36,32,36,32,36,32,36	
NODE_63_length_498_cov_23.161520	160	0	A	A	G	0.75	23	25	8	8	32,32,36,36,36,27,36,36,36,36,36,36,36,36,36,36,36,36,36,36,36,36,32,32,36,36,32,32,32,36,36,32,36,36,32,32,36,36,36,36,36,32,36,36,36,36,36,36	27,36,32,36,36,14,36,36,27,14,36,36,36,36,36,36	
NODE_63_length_498_cov_23.161520	202	0	G	G	A	0.550725	19	19	18	13	36,36,36,36,21,36,32,36,27,32,32,36,36,36,36,36,36,32,32,36,36,36,27,36,36,32,14,36,36,32,36,36,36,32,36,36,36,14	36,36,32,36,14,36,36,27,36,36,36,36,14,36,14,32,32,36,36,36,36,32,14,36,36,32,36,36,27,32,32	
NODE_63_length_498_cov_23.161520	223	0	A	A	C	0.577465	23	18	18	12	36,32,36,14,36,36,36,14,36,32,36,32,32,36,36,36,36,32,36,36,36,32,36,32,36,36,36,27,32,36,36,36,36,36,36,36,32,36,27,36,36	32,36,36,36,32,36,36,36,32,36,32,36,32,36,36,36,27,36,27,36,32,14,36,27,32,36,27,27,36,36	
NODE_63_length_498_cov_23.161520	362	0	A	A	G	0.547945	15	25	18	15	32,36,36,36,32,36,36,36,36,36,32,36,14,36,36,36,36,36,36,36,36,32,14,36,14,36,36,36,32,36,36,32,14,36,36,36,36,27,36,21	32,36,36,36,36,36,27,36,36,36,36,36,36,36,36,36,36,36,27,36,36,36,36,14,36,36,27,32,27,36,32,27,32	
NODE_69_length_380_cov_15.752475	291	0	C	C	T	0.681818	17	13	6	8	32,32,32,36,36,27,36,32,36,32,36,36,32,36,36,14,36,36,14,36,32,32,36,36,32,36,36,32,14,36	14,36,27,27,36,36,32,14,14,36,36,27,32,32	
NODE_69_length_380_cov_15.752475	303	0	T	T	C	0.725	16	13	5	6	32,32,36,36,36,36,36,36,27,36,36,36,36,36,32,14,36,36,36,27,36,36,36,36,14,36,36,32,36	36,36,36,36,36,36,36,32,14,36,36	
NODE_73_length_329_cov_9.464286	24	0	C	C	T	0.746988	37	25	10	11	36,36,32,36,36,36,36,36,36,36,27,27,36,36,36,36,36,36,36,36,36,36,36,36,32,36,27,36,36,36,14,36,36,36,36,36,36,36,36,32,36,36,36,36,36,36,36,36,36,36,36,32,36,36,36,36,36,36,36,27,32,36	14,36,36,27,36,36,27,32,36,27,36,32,32,14,36,32,32,32,36,21,32	
NODE_73_length_329_cov_9.464286	109	0	C	C	T	0.860465	15	22	2	4	32,27,32,32,36,36,36,36,36,36,36,32,27,32,36,36,36,36,36,32,36,36,36,32,36,36,36,27,36,36,27,27,14,36,36,32,36	36,36,32,32,36,36	
NODE_73_length_329_cov_9.464286	164	1	.	.	A	0.714286	4	11	2	4	36,36,14,36,36,14,36,14,32,14,36,21,36,36,14	36,36,36,36,32,36	
NODE_74_length_328_cov_17.721116	80	0	A	A	T	0.555556	9	11	3	13	36,36,36,36,36,36,36,36,32,36,36,36,36,36,36,36,32,32,36,36	36,36,36,36,36,36,36,36,36,27,36,27,36,36,27,36	
NODE_74_length_328_cov_17.721116	89	0	T	T	C	0.609756	14	11	3	13	36,36,36,32,36,36,36,36,36,36,21,32,14,36,36,36,32,36,36,36,36,36,32,32,32	32,36,36,36,36,36,32,36,36,21,14,14,36,36,36,36	
NODE_74_length_328_cov_17.721116	100	0	C	C	A	0.595238	14	11	3	14	36,36,32,36,36,27,32,36,36,36,36,36,32,36,36,36,36,36,36,36,36,36,36,36,36	32,36,36,36,32,14,36,36,36,36,36,14,32,32,32,32,14	
NODE_74_length_328_cov_17.721116	104	0	G	G	A	0.609756	14	11	2	14	27,36,36,27,32,21,36,36,36,36,36,32,36,32,36,32,36,36,36,36,36,36,36,36,36	36,36,36,32,36,36,36,27,36,36,36,36,36,36,32,27	
NODE_74_length_328_cov_17.721116	116	0	T	T	C	0.621622	12	11	3	11	32,36,36,32,32,32,36,32,32,36,36,32,32,32,36,36,36,36,36,36,36,14,36	36,36,14,36,36,14,36,14,36,36,36,36,14,36	
NODE_74_length_328_cov_17.721116	119	0	C	C	T	0.65	15	11	3	11	36,36,36,36,27,36,21,36,14,36,14,27,27,36,36,14,27,36,32,36,32,36,36,36,36,36	36,36,14,36,36,14,32,36,14,36,36,36,36,36	
NODE_74_length_328_cov_17.721116	125	0	C	C	T	0.627907	16	11	5	11	36,27,32,36,32,36,21,36,14,32,32,32,32,36,27,21,32,36,36,36,32,32,32,36,36,36,32	32,36,32,36,27,27,36,14,14,36,36,36,36,36,36,36	
NODE_74_length_328_cov_17.721116	143	0	C	C	T	0.6	17	10	10	8	32,27,36,36,36,36,36,36,36,36,32,14,36,36,27,36,36,36,36,27,36,36,36,36,36,36,36	32,36,36,36,36,14,36,36,36,36,36,36,36,36,36,36,36,32	
NODE_74_length_328_cov_17.721116	162	0	T	T	C	0.625	20	10	9	9	14,36,36,36,36,36,36,32,32,36,36,36,32,36,36,36,36,14,36,36,36,36,36,36,36,36,36,36,32,32	36,36,21,36,36,36,32,36,36,36,36,36,36,36,36,36,21,27	
NODE_74_length_328_cov_17.721116	174	0	C	C	A	0.54717	20	9	17	7	36,36,36,32,36,36,32,36,27,32,36,36,14,32,27,36,36,36,36,36,36,36,32,36,36,36,36,36,27	14,36,36,14,36,32,36,27,36,32,14,36,36,14,36,36,36,36,36,27,36,36,21,32	
NODE_74_length_328_cov_17.721116	176	0	A	A	G	0.54717	20	9	17	7	36,32,36,36,36,36,14,36,36,36,36,36,36,36,36,36,32,36,36,36,36,36,36,36,36,14,36,36,36	36,36,36,36,36,14,27,36,36,36,36,32,36,36,14,36,36,36,36,27,36,36,36,36	
NODE_74_length_328_cov_17.721116	182	0	T	T	C	0.551724	23	9	20	6	27,36,36,36,32,36,36,36,32,36,32,36,36,27,36,36,36,36,36,36,36,36,36,36,36,36,36,36,32,32,32,32	36,36,36,36,32,32,36,36,32,32,36,36,36,36,36,27,36,36,32,36,36,36,36,36,36,21	
NODE_74_length_328_cov_17.721116	203	0	A	A	G	0.510204	21	4	21	3	27,36,36,32,32,32,36,36,36,14,14,36,14,36,36,36,36,14,36,36,36,32,36,36,14	36,32,36,32,36,32,27,36,36,36,36,36,36,14,36,36,36,21,36,36,36,14,36,36	
NODE_75_length_275_cov_18.767677	90	0	C	T	C	0.545455	12	12	5	15	32,36,36,36,32,36,36,36,36,36,36,36,27,36,32,36,36,27,36,36,32,32,36,36	36,36,36,32,36,36,27,27,36,36,36,36,36,32,36,32,32,36,32,32	
NODE_75_length_275_cov_18.767677	119	0	A	G	A	0.55814	12	12	5	14	36,32,36,36,36,36,27,27,36,36,36,36,32,36,36,36,36,36,36,36,36,36,36,32	21,36,36,36,36,36,32,36,36,14,36,36,36,36,36,36,21,36,36	
NODE_75_length_275_cov_18.767677	126	0	C	C	T	0.510638	6	18	11	12	32,27,36,36,36,36,14,32,36,36,36,36,36,32,27,36,36,36,36,21,36,36,36,36	32,36,32,36,27,32,27,36,36,36,36,36,32,36,36,36,36,36,36,36,36,36,32	
NODE_75_length_275_cov_18.767677	131	0	A	A	G	0.5	6	16	11	11	27,36,36,36,36,36,36,36,32,14,36,36,36,14,36,36,36,32,14,36,36,32	36,36,32,32,36,36,36,36,36,36,36,36,36,36,36,36,14,36,36,36,36,27	
NODE_75_length_275_cov_18.767677	153	0	T	T	C	0.521739	6	18	12	10	14,36,36,36,27,36,36,36,36,32,36,36,36,36,36,36,36,36,36,36,27,36,36,32	36,36,27,27,36,36,36,36,36,32,32,32,36,36,36,36,14,36,36,36,14,32	
NODE_75_length_275_cov_18.767677	176	0	C	C	T	0.526316	8	12	11	7	36,36,36,36,36,36,36,36,36,14,36,36,36,36,36,36,36,36,36,36	27,36,32,36,36,36,36,36,32,32,14,36,36,36,36,14,36,36	
NODE_7_length_138722_cov_10.762458	79597	0	T	T	C	0.823529	18	10	4	2	36,32,32,36,36,32,36,36,36,36,36,32,36,36,36,36,36,36,36,36,36,36,14,36,36,36,36,32	36,32,36,36,36,14	
NODE_80_length_230_cov_10.947712	198	0	G	G	A	0.851852	24	22	2	6	36,36,27,36,36,36,36,36,36,32,32,36,32,36,36,14,36,32,36,36,36,32,36,36,14,36,27,32,36,36,36,36,36,32,36,36,36,36,32,32,36,36,32,36,32,27	36,36,36,36,36,36,36,36	
NODE_82_length_209_cov_36.643939	102	0	C	C	T	0.795918	41	37	15	5	36,36,36,36,36,36,21,36,32,36,32,21,14,36,36,36,36,36,36,36,36,36,36,36,21,36,36,36,14,36,36,36,36,36,36,14,36,32,36,36,36,36,32,14,36,36,32,36,36,36,32,36,36,36,36,36,36,36,36,32,36,32,36,36,14,14,36,36,27,36,36,36,36,36,32,36,32,32	36,36,36,36,36,36,36,36,36,36,36,36,32,14,36,36,36,36,36,14	
NODE_83_length_194_cov_13.239316	34	0	T	T	.	0.692308	4	5	1	3	36,36,36,27,36,36,14,36,36	32,36,32,36	
NODE_83_length_194_cov_13.239316	44	0	T	T	A	0.611111	5	6	3	4	36,36,36,36,36,36,27,36,36,36,36	36,32,36,36,36,27,32	
NODE_83_length_194_cov_13.239316	51	0	T	.	T	0.555556	5	5	3	5	32,36,36,36,36,14,36,21,36,36	36,14,36,32,32,36,36,36	
NODE_83_length_194_cov_13.239316	78	0	A	A	.	0.785714	12	10	3	3	14,36,36,27,32,14,36,36,36,36,32,36,14,14,36,14,32,36,36,27,32,21	32,32,36,36,36,36	
NODE_9_length_88928_cov_9.019752	85937	0	G	A	T	0.8	1	3	0	1	14,36,36,36	14	
NODE_9_length_88928_cov_9.019752	86070	0	A	A	G	0.766667	10	13	4	3	36,14,32,36,36,27,36,36,36,36,36,36,14,32,14,36,36,36,32,27,14,36,36	36,32,36,14,32,14,36	
NODE_9_length_88928_cov_9.019752	86135	0	C	C	A	0.72093	16	15	6	6	32,36,27,36,32,36,27,36,36,36,36,32,27,14,32,36,36,36,36,36,32,36,36,36,14,27,36,36,36,32,32	32,32,36,36,36,32,36,36,36,36,36,14	
NODE_9_length_88928_cov_9.019752	86140	0	C	C	A	0.775	16	15	5	4	36,36,36,36,36,36,36,36,36,36,32,36,36,14,36,36,36,36,36,36,36,36,36,32,32,32,36,36,36,36,36	36,36,32,36,36,36,36,36,36	
NODE_9_length_88928_cov_9.019752	86143	0	C	C	T	0.785714	18	15	5	4	36,32,36,36,32,36,32,36,27,36,14,32,27,36,32,36,36,36,32,36,36,32,36,36,32,36,36,36,36,36,36,32,32	27,14,36,32,36,32,36,32,36	
