unique_top_cov	unique_bot_cov	redundant_top_cov	redundant_bot_cov	raw_redundant_top_cov	raw_redundant_bot_cov	e_value	position
19	6	0	0	0	0	74.3336	1
19	6	0	0	0	0	76.2358	2
19	6	0	0	0	0	79.9304	3
19	6	0	0	0	0	67.3373	4
19	6	0	0	0	0	70.3215	5
19	6	0	0	0	0	77.3355	6
19	6	0	0	0	0	66.7105	7
19	6	0	0	0	0	71.0157	8
19	7	0	0	0	0	81.6443	9
19	7	0	0	0	0	82.1059	10
19	7	0	0	0	0	85.0301	11
19	8	0	0	0	0	91.8565	12
19	8	0	0	0	0	87.3202	13
19	8	0	0	0	0	86.5048	14
19	8	0	0	0	0	94.6233	15
19	8	0	0	0	0	90.244	16
19	8	0	0	0	0	88.4003	17
18	8	0	0	0	0	90.0236	18
18	8	0	0	0	0	89.3289	19
18	8	0	0	0	0	85.9142	20
18	9	0	0.333333	0	1	73.8045	21
18	9	0	0.333333	0	1	88.2216	22
18	9	0	0.333333	0	1	82.7328	23
17	10	0	0.333333	0	1	86.0197	24
17	10	0	0.333333	0	1	90.9065	25
19	10	0	0.333333	0	1	96.213	26
19	10	0	0.333333	0	1	88.8449	27
20	10	0	0.333333	0	1	99.7234	28
20	10	0	0.333333	0	1	107.326	29
20	10	0	0.333333	0	1	80.0167	30
20	10	0	0.333333	0	1	100.56	31
19	10	0	0.333333	0	1	96.4035	32
18	10	0	0.333333	0	1	100.293	33
18	10	0	0.333333	0	1	96.5729	34
18	12	0	0.666667	0	2	96.5727	35
18	13	0	0.666667	0	2	93.2499	36
18	13	0	0.666667	0	2	88.8642	37
19	13	0	0.666667	0	2	99.7017	38
19	13	0	0.666667	0	2	103.38	39
20	13	0	0.666667	0	2	105.981	40
20	13	0	0.666667	0	2	99.6019	41
20	13	0	0.666667	0	2	104.035	42
20	14	0	0.666667	0	2	103.444	43
18	14	0	0.666667	0	2	93.281	44
18	14	0	0.666667	0	2	115.105	45
18	14	0	0.666667	0	2	105.566	46
19	14	0	0.666667	0	2	115.284	47
19	14	0	0.666667	0	2	116.878	48
19	14	0	0.666667	0	2	111.662	49
19	14	0	0.666667	0	2	114.842	50
19	14	0	0.666667	0	2	123.261	51
19	14	0	0.666667	0	2	118.763	52
19	14	0	0.666667	0	2	116.86	53
19	13	0	0.666667	0	2	109.232	54
19	14	0	0.666667	0	2	113.16	55
19	14	0	0.666667	0	2	114.622	56
19	14	0	0.666667	0	2	109.012	57
19	14	0	0.666667	0	2	96.529	58
20	14	0	0.666667	0	2	115.25	59
21	13	0	0.666667	0	2	111.342	60
20	13	0	0.666667	0	2	110.945	61
20	13	0	0.333333	0	1	118.778	62
20	13	0	0.333333	0	1	113.126	63
20	14	0	0.333333	0	1	110.244	64
20	14	0	0.333333	0	1	116.813	65
20	14	0	0.333333	0	1	105.186	66
20	14	0	0.333333	0	1	126.286	67
22	14	0	0.333333	0	1	125.286	68
22	14	0	0.333333	0	1	124.436	69
22	14	0	0.333333	0	1	119.548	70
22	14	0	0.333333	0	1	122.626	71
22	15	0	0.333333	0	1	106.511	72
22	15	0	0.333333	0	1	136.381	73
22	16	0	0.333333	0	1	127.692	74
22	16	0	0.333333	0	1	131.813	75
23	16	0	0	0	0	121.618	76
23	16	0	0	0	0	133.636	77
24	16	0	0	0	0	132.165	78
24	16	0	0	0	0	139.013	79
24	16	0	0	0	0	135.342	80
24	16	0	0	0	0	131.919	81
24	17	0	0	0	0	132.901	82
24	23	0	0	0	0	137.321	83
23	23	0	0	0	0	132.838	84
23	23	0	0	0	0	133.139	85
23	23	0	0	0	0	126.017	86
23	24	0	0	0	0	156.583	87
23	24	0	0	0	0	156.255	88
23	24	0	0	0	0	158.595	89
23	26	0	0	0	0	157.364	90
22	26	0	0	0	0	160.262	91
21	26	0	0	0	0	159.156	92
21	26	0	0	0	0	162.744	93
20	26	0	0	0	0	142.109	94
20	28	0	0	0	0	147.081	95
20	28	0	0	0	0	169.282	96
19	28	0	0	0	0	155.547	97
20	28	0	0	0	0	163.647	98
21	28	0	0	0	0	145.925	99
21	29	0	0	0	0	159.853	100
21	29	0	0	0	0	158.572	101
21	29	0	0	0	0	161.199	102
21	29	0	0	0	0	149.623	103
19	29	0	0	0	0	154.732	104
19	29	0	0	0	0	173.889	105
20	29	0	0	0	0	161.146	106
20	29	0	0	0	0	159.35	107
19	29	0	0	0	0	162.886	108
19	29	0	0	0	0	168.124	109
19	29	0	0	0	0	163.155	110
20	28	0	0	0	0	166.384	111
22	28	0	0	0	0	159.472	112
22	28	0	0	0	0	170.299	113
22	28	0	0	0	0	160.472	114
22	28	0	0	0	0	168.283	115
23	28	0	0	0	0	178.12	116
23	27	0	0	0	0	165.275	117
23	27	0	0	0	0	155.259	118
23	27	0	0	0	0	163.743	119
23	26	0	0	0	0	166.797	120
23	25	0	0	0	0	176.296	121
23	25	0	0	0	0	166.927	122
23	25	0	0	0	0	171.109	123
23	25	0	0	0	0	170.43	124
23	25	0	0	0	0	165.446	125
24	25	0	0	0	0	159.762	126
25	25	0	0	0	0	159.381	127
25	25	0	0	0	0	154.65	128
24	25	0	0	0	0	145.902	129
22	25	0	0	0	0	174.068	130
22	25	0	0	0	0	167.929	131
22	25	0	0	0	0	161.059	132
24	24	0	0	0	0	154.501	133
24	23	0	0	0	0	157.067	134
24	24	0	0	0	0	162.254	135
24	25	0	0	0	0	152.792	136
24	25	0	0	0	0	164.129	137
24	23	0	0	0	0	146.003	138
23	23	0	0	0	0	155.696	139
23	22	0	0	0	0	153.808	140
23	22	0	0	0	0	148.763	141
23	22	0	0	0	0	154.898	142
23	21	0	0	0	0	147.063	143
22	21	0	0	0	0	135.954	144
19	20	0	0	0	0	122.484	145
19	21	0	0	0	0	136.008	146
18	21	0	0	0	0	118.366	147
17	20	0	0	0	0	124.182	148
20	20	0	0	0	0	132.272	149
20	20	0	0	0	0	137.34	150
20	20	0	0	0	0	138.796	151
20	20	0	0	0	0	138.785	152
21	19	0	0	0	0	134.949	153
21	19	0	0	0	0	132.634	154
19	19	0	0	0	0	141.172	155
19	19	0	0	0	0	128.364	156
19	19	0	0	0	0	126.691	157
19	18	0	0	0	0	134.576	158
18	18	0	0	0	0	128.405	159
18	18	0	0	0	0	112.229	160
18	18	0	0	0	0	134.797	161
18	18	0	0	0	0	124.508	162
18	18	0	0	0	0	132.099	163
18	17	0	0	0	0	111.731	164
18	16	0	0	0	0	114.388	165
18	16	0	0	0	0	109.734	166
18	14	0	0	0	0	114.879	167
18	14	0	0	0	0	109.171	168
18	13	0	0	0	0	100.844	169
18	13	0	0	0	0	97.8523	170
18	11	0	0	0	0	83.6044	171
18	11	0	0	0	0	101.825	172
18	11	0	0	0	0	101.8	173
18	10	0	0	0	0	87.3162	174
18	10	0	0	0	0	77.6727	175
17	10	0	0	0	0	80.3607	176
14	10	0	0	0	0	53.7806	177
15	10	0	0	0	0	76.7716	178
15	9	0	0	0	0	70.389	179
15	9	0	0	0	0	75.416	180
16	10	0	0	0	0	75.0517	181
16	10	0	0	0	0	74.2045	182
16	10	0	0	0	0	72.4344	183
15	10	0	0	0	0	71.8362	184
15	9	0	0	0	0	88.3384	185
15	9	0	0	0	0	83.7032	186
15	9	0	0	0	0	61.3132	187
15	9	0	0	0	0	78.6516	188
15	9	0	0	0	0	87.045	189
15	9	0	0	0	0	78.1574	190
15	9	0	0	0	0	80.6096	191
15	9	0	0	0	0	80.0298	192
13	9	0	0	0	0	58.9724	193
13	9	0	0	0	0	60.3306	194
12	8	0	0	0	0	67.8432	195
12	8	0	0	0	0	64.9439	196
12	8	0	0	0	0	56.4765	197
13	8	0	0	0	0	67.5487	198
12	8	0	0	0	0	68.7011	199
11	8	0	0	0	0	46.7995	200
11	8	0	0	0	0	55.5998	201
11	8	0	0	0	0	61.5762	202
11	8	0	0	0	0	59.9051	203
11	8	0	0	0	0	57.7129	204
10	8	0	0	0	0	44.635	205
10	8	0	0	0	0	60.1983	206
10	8	0	0	0	0	42.0739	207
10	7	0	0	0	0	56.1613	208
9	9	0	0	0	0	45.0401	209
8	14	0	0	0	0	56.074	210
8	14	0	0	0	0	74.6783	211
9	14	0	0	0	0	74.3277	212
9	14	0	0	0	0	61.5498	213
10	14	0	0	0	0	62.5102	214
11	14	0	0	0	0	74.6306	215
14	14	0	0	0	0	85.0317	216
14	14	0	0	0	0	96.6526	217
15	14	0	0	0	0	92.4646	218
16	14	0	0	0	0	82.0449	219
19	14	0	0	0	0	103.924	220
20	14	0	0	0	0	108.43	221
20	14	0	0	0	0	117.057	222
20	14	0	0	0	0	122.644	223
21	14	0	0	0	0	121.449	224
21	15	0	0	0	0	118.766	225
21	15	0	0	0	0	126.365	226
21	15	0	0	0	0	116.365	227
21	15	0	0	0	0	123.565	228
22	15	0	0	0	0	119.369	229
22	15	0	0	0	0	130.418	230
22	14	0	0	0	0	122.808	231
22	14	0	0	0	0	117.375	232
22	14	0	0	0	0	106.833	233
22	14	0	0	0	0	128.712	234
22	14	0	0	0	0	132.675	235
22	14	0	0	0	0	119.753	236
22	14	0	0	0	0	121.18	237
23	14	0	0	0	0	131.772	238
23	13	0	0	0	0	126.527	239
23	13	0	0	0	0	130.151	240
23	13	0	0	0	0	121.097	241
23	13	0	0	0	0	129.385	242
23	13	0	0	0	0	108.589	243
23	13	0	0	0	0	114.545	244
24	12	0	0	0	0	92.9257	245
25	11	0	0	0	0	89.9503	246
26	10	0	0	0	0	99.5012	247
27	10	0	0	0	0	95.636	248
27	10	0	0	0	0	91.0223	249
26	10	0	0	0	0	69.832	250
26	10	0	0	0	0	94.3996	251
26	10	0	0	0	0	89.2625	252
26	11	0	0	0	0	97.2969	253
26	11	0	0	0	0	93.5638	254
24	11	0	0	0	0	113.914	255
24	11	0	0	0	0	116.889	256
24	11	0	0	0	0	106.809	257
24	11	0	0	0	0	108.817	258
24	11	0	0	0	0	110.085	259
25	11	0	0	0	0	113.165	260
25	11	0	0	0	0	113.139	261
25	11	0	0	0	0	116.895	262
25	11	0	0	0	0	131.686	263
25	11	0	0	0	0	121.681	264
25	11	0	0	0	0	125.931	265
25	11	0	0	0	0	129.821	266
25	12	0	0	0	0	129.09	267
25	12	0	0	0	0	131.539	268
25	12	0	0	0	0	119.876	269
25	12	0	0	0	0	129.331	270
25	12	0	0	0	0	124.824	271
25	12	0	0	0	0	120.513	272
26	11	0	0	0	0	127.262	273
26	11	0	0	0	0	125.883	274
26	11	0	0	0	0	130.256	275
26	11	0	0	0	0	107.473	276
26	11	0	0	0	0	111.158	277
26	12	0	0	0	0	127.178	278
26	12	0	0	0	0	131.027	279
26	13	0	0	0	0	123.305	280
26	13	0	0	0	0	132.557	281
25	13	0	0	0	0	135.941	282
25	13	0	0	0	0	132.775	283
25	13	0	0	0	0	129.379	284
25	13	0	0	0	0	130.205	285
24	13	0	0	0	0	139.486	286
24	13	0	0	0	0	121.84	287
24	13	0	0	0	0	126.285	288
24	13	0	0	0	0	134.168	289
24	14	0	0	0	0	131.061	290
23	14	0	0	0	0	111.707	291
23	14	0	0	0	0	134.98	292
24	13	0	0	0	0	126.173	293
24	13	0	0	0	0	123.514	294
25	13	0	0	0	0	125.296	295
25	13	0	0	0	0	125.388	296
25	13	0	0	0	0	123.984	297
26	13	0	0	0	0	115.555	298
27	13	0	0	0	0	134.01	299
27	13	0	0	0	0	132.959	300
28	14	0	0	0	0	136.157	301
27	14	0	0	0	0	151.207	302
27	14	0	0	0	0	129.468	303
27	14	0	0	0	0	149.997	304
27	14	0	0	0	0	134.472	305
27	16	0	0	0	0	141.383	306
27	16	0	0	0	0	155.284	307
27	16	0	0	0	0	155.987	308
27	16	0	0	0	0	143.56	309
26	16	0	0	0	0	145.839	310
26	17	0	0	0	0	152.404	311
26	17	0	0	0	0	151.997	312
26	17	0	0	0	0	144.125	313
26	16	0	0	0	0	117.726	314
24	16	0	0	0	0	115.99	315
24	16	0	0	0	0	135.095	316
22	16	0	0	0	0	123.868	317
24	16	0	0	0	0	130.226	318
25	15	0	0	0	0	113.401	319
25	15	0	0	0	0	123.527	320
25	14	0	0	0	0	125.151	321
22	14	0	0	0	0	116.179	322
22	14	0	0	0	0	129.269	323
22	14	0	0	0	0	118.824	324
22	14	0	0	0	0	121.634	325
22	13	0	0	0	0	120.041	326
22	12	0	0	0	0	110.47	327
22	12	0	0	0	0	123.206	328
22	13	0	0	0	0	121.071	329
22	13	0	0	0	0	117.772	330
22	13	0	0	0	0	122.366	331
22	13	0	0	0	0	122.561	332
22	12	0	0	0	0	125.888	333
22	12	0	0	0	0	116.767	334
22	12	0	0	0	0	120.998	335
22	12	0	0	0	0	113.11	336
22	12	0	0	0	0	104.224	337
22	12	0	0	0	0	121.772	338
23	12	0	0	0	0	125.808	339
23	12	0	0	0	0	97.7716	340
23	12	0	0	0	0	127.672	341
23	12	0	0	0	0	128.771	342
23	12	0	0	0	0	125.798	343
23	12	0	0	0	0	115.566	344
23	12	0	0	0	0	120.618	345
23	12	0	0	0	0	124.651	346
23	11	0	0	0	0	127.313	347
23	12	0	0	0	0	125.584	348
23	13	0	0	0	0	122.221	349
23	13	0	0	0	0	133.598	350
23	13	0	0	0	0	126.609	351
23	13	0	0	0	0	127.036	352
23	13	0	0	0	0	125.702	353
23	12	0	0	0	0	130.867	354
23	12	0	0	0	0	131.817	355
23	12	0	0	0	0	124.911	356
23	12	0	0	0	0	126.041	357
23	12	0	0	0	0	100.804	358
23	13	0	0	0	0	124.338	359
23	11	0	0	0	0	103.863	360
23	11	0	0	0	0	123.189	361
22	11	0	0	0	0	114.545	362
22	11	0	0	0	0	117.593	363
22	11	0	0	0	0	113.699	364
22	11	0	0	0	0	112.212	365
20	11	0	0	0	0	104.998	366
21	10	0	0	0	0	94.7444	367
19	10	0	0	0	0	102.037	368
18	10	0	0	0	0	92.5684	369
18	12	0	0	0	0	95.8191	370
17	12	0	0	0	0	98.1737	371
17	12	0	0	0	0	99.2715	372
17	12	0	0	0	0	95.531	373
16	12	0	0	0	0	94.9325	374
16	12	0	0	0	0	95.1871	375
16	13	0	0	0	0	103.215	376
16	13	0	0	0	0	101.335	377
16	13	0	0	0	0	100.882	378
17	13	0	0	0	0	94.581	379
17	13	0	0	0	0	109.506	380
17	13	0	0	0	0	111.76	381
17	13	0	0	0	0	106.671	382
17	13	0	0	0	0	97.9929	383
17	13	0	0	0	0	105.929	384
17	12	0	0	0	0	97.6146	385
17	12	0	0	0	0	85.1827	386
17	12	0	0	0	0	92.9829	387
15	13	0	0	0	0	91.0504	388
16	14	0	0	0	0	92.8239	389
16	14	0	0	0	0	98.7532	390
16	14	0	0	0	0	101.066	391
16	14	0	0	0	0	94.4951	392
17	14	0	0	0	0	105.268	393
18	17	0	0	0	0	100.989	394
17	16	0	0	0	0	111.679	395
18	17	0	0	0	0	109.447	396
18	18	0	0	0	0	126.823	397
17	18	0	0	0	0	115.904	398
17	17	0	0	0	0	118.483	399
18	17	0	0	0	0	117.21	400
18	17	0	0	0	0	117.686	401
18	17	0	0	0	0	115.707	402
19	17	0	0	0	0	115.579	403
19	16	0	0	0	0	122.547	404
19	15	0	0	0	0	124.809	405
19	15	0	0	0	0	126.296	406
19	15	0	0	0	0	110.084	407
19	15	0	0	0	0	123.963	408
19	15	0	0	0	0	110.559	409
19	15	0	0	0	0	117.561	410
19	15	0	0	0	0	114.488	411
19	15	0	0	0	0	118.858	412
19	15	0	0	0	0	114.381	413
19	15	0	0	0	0	115.652	414
18	15	0	0	0	0	108.765	415
18	15	0	0	0	0	119.326	416
18	15	0	0	0	0	120.136	417
18	16	0	0	0	0	119.987	418
18	16	0	0	0	0	107.471	419
19	16	0	0	0	0	103.556	420
19	19	0	0	0	0	120.091	421
19	17	0	0	0	0	125.541	422
19	17	0	0	0	0	114.363	423
19	17	0	0	0	0	125.222	424
20	17	0	0	0	0	125.639	425
21	16	0	0	0	0	118.724	426
21	16	0	0	0	0	127.941	427
21	16	0	0	0	0	122.007	428
21	17	0	0	0	0	115.524	429
21	17	0	0	0	0	125.167	430
21	17	0	0	0	0	136.345	431
20	18	0	0	0	0	126.269	432
20	17	0	0	0	0	120.396	433
20	17	0	0	0	0	139.663	434
20	17	0	0	0	0	127.797	435
20	17	0	0	0	0	126.355	436
20	17	0	0	0	0	130.365	437
20	17	0	0	0	0	135.346	438
19	17	0	0	0	0	124.416	439
18	17	0	0	0	0	119.701	440
16	18	0	0	0	0	97.6493	441
16	20	0	0	0	0	112.634	442
16	20	0	0	0	0	109.987	443
16	20	0	0	0	0	116.298	444
15	20	0	0	0	0	123.242	445
15	20	0	0	0	0	123.907	446
15	20	0	0	0	0	118.74	447
15	21	0	0	0	0	121.908	448
14	21	0	0	0	0	123.484	449
14	21	0	0	0	0	87.8217	450
14	19	0	0	0	0	115.663	451
14	19	0	0	0	0	111.41	452
15	19	0	0	0	0	121.226	453
15	19	0	0	0	0	120.599	454
15	19	0	0	0	0	122.947	455
15	19	0	0	0	0	113.927	456
15	19	0	0	0	0	117.659	457
15	19	0	0	0	0	115.938	458
15	19	0	0	0	0	117.4	459
15	17	0	0	0	0	110.982	460
14	17	0	0	0	0	111.089	461
14	17	0	0	0	0	106.754	462
14	17	0	0	0	0	108.707	463
14	17	0	0	0	0	115.996	464
15	17	0	0	0	0	95.0818	465
14	17	0	0	0	0	114.615	466
14	17	0	0	0	0	98.1694	467
14	16	0	0	0	0	105.015	468
14	16	0	0	0	0	100.258	469
14	15	0	0	0	0	93.7984	470
15	15	0	0	0	0	94.0911	471
15	15	0	0	0	0	105.385	472
15	15	0	0	0	0	104.079	473
15	15	0	0	0	0	96.582	474
15	16	0	0	0	0	102.948	475
15	16	0	0	0	0	97.8384	476
15	15	0	0	0	0	104.164	477
15	15	0	0	0	0	109.487	478
15	15	0	0	0	0	107.339	479
16	16	0	0	0	0	108.227	480
16	16	0	0	0	0	104.249	481
16	16	0	0	0	0	115.197	482
16	16	0	0	0	0	92.286	483
16	16	0	0	0	0	99.489	484
17	16	0	0	0	0	108.352	485
17	16	0	0	0	0	114.218	486
17	16	0	0	0	0	108.573	487
17	16	0	0	0	0	106.529	488
17	16	0	0	0	0	111.028	489
17	16	0	0	0	0	102.754	490
17	16	0	0	0	0	116.809	491
18	15	0	0	0	0	107.529	492
18	14	0	0	0	0	107.377	493
18	14	0	0	0	0	106.942	494
18	14	0	0	0	0	107.392	495
18	14	0	0	0	0	107.698	496
18	14	0	0	0	0	107.509	497
19	14	0	0	0	0	107.99	498
19	14	0	0	0	0	101.322	499
19	13	0	0	0	0	98.708	500
19	14	0	0	0	0	110.907	501
19	14	0	0	0	0	119.954	502
19	14	0	0	0	0	114.216	503
19	14	0	0	0	0	107.87	504
19	13	0	0	0	0	105.56	505
19	13	0	0	0	0	113.487	506
19	13	0	0	0	0	103.708	507
19	14	0	0	0	0	116.225	508
18	14	0	0	0	0	113.162	509
18	14	0	0	0	0	106.339	510
18	14	0	0	0	0	111.655	511
18	15	0	0	0	0	108.535	512
18	15	0	0	0	0	112.658	513
18	14	0	0	0	0	107.406	514
18	14	0	0	0	0	100.972	515
18	14	0	0	0	0	103.492	516
18	14	0	0	0	0	110.486	517
18	13	0	0	0	0	104.117	518
18	14	0	0	0	0	96.6406	519
18	14	0	0	0	0	113.207	520
18	14	0	0	0	0	110.017	521
18	14	0	0	0	0	112.748	522
18	14	0	0	0	0	101.607	523
19	14	0	0	0	0	96.6455	524
19	14	0	0	0	0	101.097	525
18	13	0	0	0	0	94.9963	526
18	13	0	0	0	0	102.887	527
18	13	0	0	0	0	96.8776	528
17	13	0	0	0	0	98.5546	529
16	13	0	0	0	0	101.269	530
16	13	0	0	0	0	104.365	531
15	13	0	0	0	0	90.7797	532
15	14	0	0	0	0	98.5268	533
15	14	0	0	0	0	81.308	534
15	14	0	0	0	0	91.5385	535
15	14	0	0	0	0	73.2769	536
15	13	0	0	0	0	84.4379	537
15	12	0	0	0	0	83.6749	538
14	12	0	0	0	0	76.3561	539
13	12	0	0	0	0	86.5583	540
13	12	0	0	0	0	74.4468	541
13	12	0	0	0	0	80.5185	542
14	12	0	0	0	0	83.3604	543
14	12	0	0	0	0	86.2363	544
14	12	0	0	0	0	94.8477	545
14	12	0	0	0	0	87.1549	546
16	12	0	0	0	0	78.3626	547
17	11	0	0	0	0	83.8683	548
18	11	0	0	0	0	87.5626	549
19	11	0	0	0	0	99.4617	550
19	11	0	0	0	0	93.356	551
19	11	0	0	0	0	93.2545	552
19	10	0	0	0	0	86.8753	553
19	10	0	0	0	0	75.9463	554
19	9	0	0	0	0	99.2361	555
19	9	0	0	0	0	98.4429	556
19	9	0	0	0	0	85.8402	557
19	8	0	0	0	0	82.2354	558
19	8	0	0	0	0	90.7546	559
19	7	0	0	0	0	85.6863	560
19	7	0	0	0	0	86.2871	561
19	7	0	0	0	0	90.1687	562
20	9	0	0	0	0	85.6038	563
20	9	0	0	0	0	88.251	564
20	9	0	0	0	0	95.7761	565
20	9	0	0	0	0	97.1148	566
20	9	0	0	0	0	95.3276	567
20	9	0	0	0	0	105.835	568
20	9	0	0	0	0	85.1406	569
20	10	0	0	0	0	78.262	570
21	10	0	0	0	0	109.136	571
21	10	0	0	0	0	109.287	572
20	11	0	0	0	0	107.648	573
20	11	0	0	0	0	106.862	574
20	11	0	0	0	0	105.332	575
20	11	0	0	0	0	111.122	576
20	11	0	0	0	0	108.417	577
20	11	0	0	0	0	105.716	578
19	11	0	0	0	0	103.259	579
19	11	0	0	0	0	108.822	580
20	11	0	0	0	0	106.436	581
20	12	0	0	0	0	106.408	582
20	12	0	0	0	0	107.45	583
20	12	0	0	0	0	109.312	584
20	12	0	0	0	0	106.224	585
20	12	0	0	0	0	106.24	586
20	12	0	0	0	0	100.416	587
20	12	0	0	0	0	114.883	588
20	12	0	0	0	0	112.692	589
20	12	0	0	0	0	103.866	590
20	12	0	0	0	0	103.687	591
20	12	0	0	0	0	102.388	592
18	12	0	0	0	0	100.896	593
18	12	0	0	0	0	104.863	594
18	12	0	0	0	0	98.8456	595
18	12	0	0	0	0	97.3186	596
18	12	0	0	0	0	107.302	597
18	12	0	0	0	0	111.635	598
18	12	0	0	0	0	107.16	599
18	12	0	0	0	0	101.454	600
18	12	0	0	0	0	91.8492	601
18	11	0	0	0	0	107.623	602
18	11	0	0	0	0	98.343	603
18	11	0	0	0	0	101.668	604
18	11	0	0	0	0	103.207	605
18	11	0	0	0	0	102.793	606
18	12	0	0	0	0	81.3162	607
18	16	0	0	0	0	110.296	608
18	16	0	0	0	0	109.629	609
18	16	0	0	0	0	119.692	610
18	15	0	0	0	0	107.787	611
18	16	0	0	0	0	112.355	612
18	16	0	0	0	0	114.784	613
18	16	0	0	0	0	116.52	614
18	16	0	0	0	0	118.682	615
16	16	0	0	0	0	99.3643	616
12	16	0	0	0	0	91.1674	617
11	15	0	0	0	0	74.9811	618
11	15	0	0	0	0	84.3678	619
11	15	0	0	0	0	96.2957	620
11	15	0	0	0	0	91.7497	621
11	20	0	0	0	0	87.834	622
11	20	0	0	0	0	87.3158	623
11	20	0	0	0	0	87.9518	624
11	20	0	0	0	0	85.9988	625
11	20	0	0	0	0	91.8307	626
11	20	0	0	0	0	92.3408	627
11	20	0	0	0	0	107.498	628
10	19	0	0	0	0	100.939	629
10	19	0	0	0	0	101.275	630
10	19	0	0	0	0	92.5583	631
10	19	0	0	0	0	87.1782	632
10	18	0	0	0	0	98.4105	633
11	18	0	0	0	0	103.694	634
11	18	0	0	0	0	101.924	635
11	18	0	0	0	0	107.063	636
12	18	0	0	0	0	94.2869	637
12	18	0	0	0	0	101.023	638
12	18	0	0	0	0	103.833	639
12	18	0	0	0	0	103.279	640
12	18	0	0	0	0	107.961	641
11	19	0	0	0	0	98.4427	642
11	20	0	0	0	0	104.587	643
12	19	0	0	0	0	109.947	644
12	20	0	0	0	0	107.46	645
12	20	0	0	0	0	103.463	646
13	20	0	0	0	0	111.485	647
13	23	0	0	0	0	118.65	648
13	23	0	0	0	0	129.327	649
13	23	0	0	0	0	130.668	650
13	23	0	0	0	0	121.333	651
13	23	0	0	0	0	127.742	652
14	23	0	0	0	0	124.749	653
14	23	0	0	0	0	118.687	654
14	23	0	0	0	0	127.027	655
14	23	0	0	0	0	139.008	656
14	23	0	0	0	0	121.442	657
14	25	0	0	0	0	136.893	658
14	25	0	0	0	0	147.396	659
15	25	0	0	0	0	138.253	660
15	25	0	0	0	0	139.594	661
14	25	0	0	0	0	139.961	662
14	25	0	0	0	0	137.164	663
14	25	0	0	0	0	123.792	664
14	25	0	0	0	0	136.746	665
14	25	0	0	0	0	134.892	666
13	26	0	0	0	0	122.566	667
13	27	0	0	0	0	130.004	668
12	26	0	0	0	0	133.5	669
12	27	0	0	0	0	132.018	670
12	26	0	0	0	0	127.246	671
12	26	0	0	0	0	132.981	672
12	26	0	0	0	0	133.072	673
12	26	0	0	0	0	108.073	674
12	25	0	0	0	0	116.771	675
12	25	0	0	0	0	111.964	676
12	25	0	0	0	0	127.133	677
11	25	0	0	0	0	103.66	678
11	25	0	0	0	0	133.188	679
12	25	0	0	0	0	124.721	680
12	25	0	0	0	0	110.845	681
12	25	0	0	0	0	123.925	682
12	24	0	0	0	0	133.004	683
12	24	0	0	0	0	130.64	684
12	24	0	0	0	0	113.453	685
11	24	0	0	0	0	105.315	686
11	22	0	0	0	0	105.569	687
11	21	0	0	0	0	103.16	688
11	21	0	0	0	0	114.071	689
11	21	0	0	0	0	114.101	690
12	22	0	0	0	0	107.067	691
12	22	0	0	0	0	112.843	692
12	22	0	0	0	0	108.517	693
13	22	0	0	0	0	118.654	694
13	22	0	0	0	0	113.714	695
13	22	0	0	0	0	126.922	696
13	21	0	0	0	0	115.033	697
13	23	0	0	0	0	122.412	698
13	23	0	0	0	0	118.747	699
12	23	0	0	0	0	109.422	700
12	23	0	0	0	0	112.375	701
13	23	0	0	0	0	116.545	702
13	23	0	0	0	0	134.911	703
14	23	0	0	0	0	114.358	704
14	23	0	0	0	0	113.249	705
14	23	0	0	0	0	124.535	706
14	22	0	0	0	0	118.398	707
14	29	0	0	0	0	118.544	708
14	29	0	0	0	0	137.084	709
14	30	0	0	0	0	138.806	710
14	30	0	0	0	0	143.96	711
15	30	0	0	0	0	153.261	712
14	30	0	0	0	0	148.868	713
14	30	0	0	0	0	158.028	714
14	30	0	0	0	0	148.867	715
14	30	0	0	0	0	163.781	716
14	30	0	0	0	0	146.73	717
14	30	0	0	0	0	161.794	718
14	30	0	0	0	0	138.824	719
14	29	0	0	0	0	149.494	720
14	29	0	0	0	0	155.804	721
14	29	0	0	0	0	146.828	722
15	29	0	0	0	0	142.149	723
15	27	0	0	0	0	142.078	724
15	27	0	0	0	0	151.336	725
15	27	0	0	0	0	159.372	726
15	27	0	0	0	0	134.496	727
15	27	0	0	0	0	136.157	728
15	26	0	0	0	0	133.817	729
15	24	0	0	0	0	145.275	730
15	24	0	0	0	0	137.931	731
15	24	0	0	0	0	116.964	732
15	25	0	0	0	0	131.773	733
15	25	0	0	0	0	145.286	734
15	27	0	0	0	0	134.276	735
15	26	0	0	0	0	131.905	736
15	25	0	0	0	0	128.769	737
15	25	0	0	0	0	130.974	738
16	25	0	0	0	0	137.937	739
16	25	0	0	0	0	140.942	740
16	25	0	0	0	0	137.563	741
16	24	0	0	0	0	144.717	742
16	24	0	0	0	0	131.099	743
16	25	0	0	0	0	116.178	744
16	25	0	0	0	0	135.209	745
16	25	0	0	0	0	104.3	746
17	28	0	0	0	0	128.834	747
17	28	0	0	0	0	121.644	748
16	28	0	0	0	0	131.535	749
16	27	0	0	0	0	116.165	750
15	28	0	0	0	0	150.776	751
15	28	0	0	0	0	153.981	752
16	27	0	0	0	0	134.15	753
16	27	0	0	0	0	160.677	754
16	27	0	0	0	0	154.313	755
16	26	0	0	0	0	152.7	756
16	26	0	0	0	0	146.025	757
16	25	0	0	0	0	142.287	758
16	25	0	0	0	0	135.23	759
17	24	0	0	0	0	140.793	760
17	25	0	0	0	0	151.886	761
17	25	0	0	0	0	154.92	762
17	25	0	0	0	0	150.599	763
18	25	0	0	0	0	152.741	764
18	25	0	0	0	0	154.821	765
19	25	0	0	0	0	136.166	766
19	25	0	0	0	0	162.088	767
19	25	0	0	0	0	161.601	768
19	25	0	0	0	0	159.989	769
19	25	0	0	0	0	149.211	770
20	25	0	0	0	0	151.233	771
20	25	0	0	0	0	161.301	772
20	25	0	0	0	0	159.614	773
20	25	0	0	0	0	155.683	774
20	25	0	0	0	0	159.484	775
20	24	0	0	0	0	156.131	776
20	23	0	0	0	0	161.074	777
20	24	0	0	0	0	160.993	778
21	24	0	0	0	0	127.178	779
21	24	0	0	0	0	139.173	780
21	24	0	0	0	0	164.885	781
21	24	0	0	0	0	153.169	782
21	25	0	0	0	0	148.476	783
21	24	0	0	0	0	157.601	784
22	27	0	0	0	0	159.194	785
23	26	0	0	0	0	155.139	786
23	26	0	0	0	0	178.595	787
23	26	0	0	0	0	178.383	788
24	26	0	0	0	0	174.937	789
25	27	0	0	0	0	182.786	790
26	27	0	0	0	0	182.833	791
26	25	0	0	0	0	143.041	792
26	27	0	0	0	0	181.959	793
26	28	0	0	0	0	169.418	794
26	28	0	0	0	0	181.909	795
27	28	0	0	0	0	177.891	796
27	28	0	0	0	0	183.005	797
28	26	0	0	0	0	175.295	798
28	26	0	0	0	0	181.857	799
28	25	0	0	0	0	162.103	800
28	25	0	0	0	0	159.021	801
26	25	0	0	0	0	172.203	802
24	25	0	0	0	0	168.364	803
24	25	0	0	0	0	179.915	804
24	25	0	0	0	0	178.253	805
24	25	0	0	0	0	175.919	806
25	24	0	0	0	0	158.596	807
25	23	0	0	0	0	159.636	808
25	23	0	0	0	0	175.947	809
25	23	0	0	0	0	169.376	810
25	23	0	0	0	0	142.208	811
25	23	0	0	0	0	155.93	812
25	23	0	0	0	0	154.257	813
25	23	0	0	0	0	150.399	814
25	23	0	0	0	0	150.854	815
25	22	0	0	0	0	142.651	816
23	22	0	0	0	0	160.894	817
24	22	0	0	0	0	157.537	818
24	21	0	0	0	0	133.209	819
24	20	0	0	0	0	157.734	820
24	20	0	0	0	0	155.12	821
24	20	0	0	0	0	150.215	822
24	20	0	0	0	0	154.019	823
24	20	0	0	0	0	152.394	824
24	20	0	0	0	0	152.353	825
25	20	0	0	0	0	145.652	826
26	16	0	0	0	0	131.787	827
25	16	0	0	0	0	112.141	828
24	16	0	0	0	0	119.193	829
23	16	0	0	0	0	131.063	830
23	16	0	0	0	0	120.903	831
23	16	0	0	0	0	125.732	832
25	16	0	0	0	0	135.559	833
25	16	0	0	0	0	135.425	834
25	16	0	0	0	0	153.264	835
25	16	0	0	0	0	147.915	836
25	16	0	0	0	0	140.542	837
25	16	0	0	0	0	141.416	838
25	17	0	0	0	0	144.283	839
25	17	0	0	0	0	141.083	840
25	16	0	0	0	0	139.194	841
24	16	0	0	0	0	131.92	842
24	15	0	0	0	0	125.468	843
22	15	0	0	0	0	131.475	844
22	15	0	0	0	0	120.761	845
22	15	0	0	0	0	132.753	846
22	15	0	0	0	0	125.351	847
22	15	0	0	0	0	137.137	848
22	15	0	0	0	0	120.955	849
22	16	0	0	0	0	136.413	850
23	16	0	0	0	0	131.708	851
24	16	0	0	0	0	132.995	852
24	16	0	0	0	0	139.86	853
24	16	0	0	0	0	126.951	854
24	16	0	0	0	0	127.9	855
24	16	0	0	0	0	137.606	856
24	16	0	0	0	0	133.945	857
24	15	0	0	0	0	131.038	858
24	14	0	0	0	0	110.174	859
25	15	0	0	0	0	129.313	860
24	15	0	0	0	0	138.14	861
24	15	0	0	0	0	115.233	862
25	17	0	0	0	0	133.135	863
26	23	0	0	0	0	134.736	864
26	25	0	0	0	0	128.952	865
25	25	0	0	0	0	169.283	866
25	24	0	0	0	0	169.049	867
25	24	0	0	0	0	164.651	868
25	24	0	0	0	0	166.198	869
25	24	0	0	0	0	172.015	870
25	24	0	0	0	0	163.244	871
24	24	0	0	0	0	154.633	872
18	24	0	0	0	0	144.681	873
18	24	0	0	0	0	147.07	874
18	24	0	0	0	0	148.193	875
18	23	0	0	0	0	150.099	876
18	22	0	0	0	0	133.227	877
18	22	0	0	0	0	142.515	878
18	22	0	0	0	0	134.335	879
18	22	0	0	0	0	147.329	880
18	22	0	0	0	0	141.304	881
19	22	0	0	0	0	145.927	882
19	21	0	0	0	0	127.967	883
19	20	0	0	0	0	142.469	884
19	20	0	0	0	0	130.813	885
19	19	0	0	0	0	125.664	886
19	19	0	0	0	0	136.171	887
20	19	0	0	0	0	137.469	888
20	19	0	0	0	0	135.405	889
20	19	0	0	0	0	131.875	890
20	19	0	0	0	0	131.702	891
20	19	0	0	0	0	128.214	892
20	19	0	0	0	0	130.971	893
21	18	0	0	0	0	131.666	894
22	18	0	0	0	0	124.529	895
22	18	0	0	0	0	129.618	896
21	18	0	0	0	0	130.465	897
21	18	0	0	0	0	141.535	898
21	18	0	0	0	0	147.028	899
21	18	0	0	0	0	127.756	900
21	18	0	0	0	0	134.006	901
21	18	0	0	0	0	135.24	902
21	18	0	0	0	0	139.057	903
21	18	0	0	0	0	147.188	904
21	18	0	0	0	0	126.648	905
21	17	0	0	0	0	137.069	906
22	17	0	0	0	0	131.919	907
22	17	0	0	0	0	138.112	908
22	17	0	0	0	0	131.258	909
22	17	0	0	0	0	139.665	910
22	17	0	0	0	0	135.645	911
22	16	0	0	0	0	134.714	912
22	16	0	0	0	0	133.427	913
22	17	0	0	0	0	134.37	914
22	17	0	0	0	0	123.686	915
22	18	0	0	0	0	135.173	916
22	18	0	0	0	0	135.239	917
22	19	0	0	0	0	129.652	918
23	19	0	0	0	0	154.957	919
24	24	0	0	0	0	150.384	920
24	22	0	0	0	0	152.337	921
24	22	0	0	0	0	155.896	922
24	24	0	0	0	0	152.118	923
24	24	0	0	0	0	155.8	924
24	24	0	0	0	0	155.069	925
24	24	0	0	0	0	158.415	926
23	24	0	0	0	0	149.591	927
22	26	0	0	0	0	132.534	928
17	25	0	0	0	0	124.761	929
14	25	0	0	0	0	136.457	930
14	25	0	0	0	0	133.549	931
14	25	0	0	0	0	139.786	932
14	25	0	0	0	0	136.32	933
14	25	0	0	0	0	141.204	934
14	27	0	0	0	0	127.159	935
13	27	0	0	0	0	148.203	936
13	27	0	0	0	0	143.006	937
13	27	0	0	0	0	129.142	938
13	27	0	0	0	0	143.333	939
12	26	0	0	0	0	106.154	940
12	26	0	0	0	0	138.346	941
12	26	0	0	0	0	130.942	942
12	26	0	0	0	0	129.372	943
12	26	0	0	0	0	132.701	944
12	26	0	0	0	0	131.15	945
12	26	0	0	0	0	132.268	946
12	26	0	0	0	0	128.981	947
12	26	0	0	0	0	129.06	948
12	26	0	0	0	0	132.302	949
11	26	0	0	0	0	125.904	950
11	27	0	0	0	0	128.771	951
11	27	0	0	0	0	136.152	952
12	27	0	0	0	0	132.271	953
12	27	0	0	0	0	129.936	954
12	28	0	0	0	0	128.403	955
12	28	0	0	0	0	137.841	956
11	28	0	0	0	0	134.502	957
11	28	0	0	0	0	133.969	958
11	28	0	0	0	0	139.216	959
12	28	0	0	0	0	125.766	960
13	27	0	0	0	0	136.371	961
13	27	0	0	0	0	137.315	962
13	27	0	0	0	0	132.842	963
11	26	0	0	0	0	129.899	964
11	26	0	0	0	0	136.402	965
11	26	0	0	0	0	120.459	966
11	26	0	0	0	0	133.597	967
12	26	0	0	0	0	128.004	968
12	26	0	0	0	0	120.044	969
12	26	0	0	0	0	126.978	970
12	26	0	0	0	0	123.637	971
12	26	0	0	0	0	127.393	972
12	26	0	0	0	0	129.422	973
11	26	0	0	0	0	132.799	974
11	26	0	0	0	0	131	975
11	26	0	0	0	0	125.851	976
12	26	0	0	0	0	126.4	977
12	26	0	0	0	0	131.7	978
12	26	0	0	0	0	121.905	979
12	26	0	0	0	0	132.722	980
13	26	0	0	0	0	136.366	981
14	27	0	0	0	0	141.439	982
14	27	0	0	0	0	128.574	983
15	27	0	0	0	0	135.381	984
15	27	0	0	0	0	137.944	985
16	27	0	0	0	0	143.372	986
16	27	0	0	0	0	147.431	987
18	27	0	0	0	0	143.084	988
18	27	0	0	0	0	163.605	989
18	27	0	0	0	0	141.368	990
17	27	0	0	0	0	152.076	991
17	26	0	0	0	0	138.604	992
17	26	0	0	0	0	146.143	993
17	25	0	0	0	0	137.24	994
17	24	0	0	0	0	136.519	995
17	24	0	0	0	0	138.972	996
18	24	0	0	0	0	144.45	997
19	24	0	0	0	0	135.759	998
20	23	0	0	0	0	141.34	999
20	22	0	0	0	0	135.886	1000
20	22	0	0	0	0	144.688	1001
20	22	0	0	0	0	140.72	1002
20	21	0	0	0	0	137.597	1003
20	21	0	0	0	0	134.876	1004
21	20	0	0	0	0	133.619	1005
20	20	0	0	0	0	136.695	1006
22	20	0	0	0	0	132.95	1007
22	19	0	0	0	0	144.226	1008
22	19	0	0	0	0	132.339	1009
22	18	0	0	0	0	135.883	1010
23	18	0	0	0	0	139.788	1011
23	20	0	0	0	0	130.489	1012
23	20	0	0	0	0	149.513	1013
23	19	0	0	0	0	138.807	1014
23	18	0	0	0	0	137.346	1015
22	18	0	0	0	0	137.04	1016
23	18	0	0	0	0	137.119	1017
23	17	0	0	0	0	139.545	1018
23	17	0	0	0	0	131.839	1019
22	17	0	0	0	0	127.751	1020
22	17	0	0	0	0	131.576	1021
23	17	0	0	0	0	130.575	1022
23	17	0	0	0	0	122.712	1023
23	17	0	0	0	0	132.649	1024
23	17	0	0	0	0	126.323	1025
22	17	0	0	0	0	119.998	1026
24	18	0	0	0	0	131.428	1027
24	18	0	0	0	0	133.644	1028
24	19	0	0	0	0	136.478	1029
24	19	0	0	0	0	129.979	1030
23	20	0	0	0	0	135.853	1031
23	20	0	0	0	0	138.07	1032
23	20	0	0	0	0	119.231	1033
23	20	0	0	0	0	121.691	1034
23	20	0	0	0	0	152.966	1035
24	20	0	0	0	0	144.95	1036
26	21	0	0	0	0	133.01	1037
26	21	0	0	0	0	139.681	1038
26	21	0	0	0	0	145.421	1039
26	21	0	0	0	0	168.586	1040
26	22	0	0	0	0	166.724	1041
26	22	0	0	0	0	144.841	1042
26	22	0	0	0	0	166.519	1043
26	22	0	0	0	0	175.329	1044
29	25	0	0	0	0	172.877	1045
29	25	0	0	0	0	184.745	1046
30	29	0	0	0	0	187.7	1047
30	29	0	0	0	0	207.186	1048
30	29	0	0	0	0	194.311	1049
30	29	0	0	0	0	207.295	1050
30	29	0	0	0	0	201.756	1051
30	29	0	0	0	0	201.741	1052
30	28	0	0	0	0	202.376	1053
30	28	0	0	0	0	209.762	1054
30	29	0	0	0	0	173.139	1055
27	29	0	0	0	0	193.289	1056
27	29	0	0	0	0	166.834	1057
27	28	0	0	0	0	189.623	1058
27	27	0	0	0	0	184.523	1059
27	26	0	0	0	0	172.113	1060
27	27	0	0	0	0	168.929	1061
27	27	0	0	0	0	170.164	1062
27	27	0	0	0	0	180.688	1063
27	27	0	0	0	0	180.624	1064
26	27	0	0	0	0	169.797	1065
25	27	0	0	0	0	186.03	1066
25	27	0	0	0	0	191.909	1067
25	27	0	0	0	0	187.178	1068
25	26	0	0	0	0	179.612	1069
25	27	0	0	0	0	175.207	1070
25	28	0	0	0	0	177.978	1071
26	27	0	0	0	0	169.173	1072
26	26	0	0	0	0	168.548	1073
26	26	0	0	0	0	182.96	1074
25	26	0	0	0	0	168.438	1075
25	26	0	0	0	0	179.329	1076
25	26	0	0	0	0	160.609	1077
25	26	0	0	0	0	174.212	1078
24	26	0	0	0	0	169.714	1079
24	26	0	0	0	0	167.255	1080
24	28	0	0	0	0	179.339	1081
24	28	0	0	0	0	175.033	1082
24	28	0	0	0	0	181.938	1083
24	28	0	0	0	0	183.143	1084
24	28	0	0	0	0	172.946	1085
24	27	0	0	0	0	162.07	1086
25	27	0	0	0	0	193.289	1087
25	27	0	0	0	0	191.033	1088
25	27	0	0	0	0	196.021	1089
25	27	0	0	0	0	191.22	1090
25	27	0	0	0	0	190.632	1091
25	27	0	0	0	0	179.819	1092
25	27	0	0	0	0	173.313	1093
25	27	0	0	0	0	188.539	1094
25	27	0	0	0	0	183.52	1095
25	28	0	0	0	0	178.271	1096
25	28	0	0	0	0	189.934	1097
25	27	0	0	0	0	189.722	1098
26	27	0	0	0	0	186.66	1099
26	26	0	0	0	0	179.768	1100
27	26	0	0	0	0	180.889	1101
27	25	0	0	0	0	188.28	1102
26	26	0	0	0	0	182.179	1103
26	26	0	0	0	0	172.301	1104
26	25	0	0	0	0	175.946	1105
27	25	0	0	0	0	183.481	1106
27	25	0	0	0	0	189.383	1107
26	25	0	0	0	0	180.481	1108
27	25	0	0	0	0	169.931	1109
26	24	0	0	0	0	160.242	1110
26	24	0	0	0	0	180.178	1111
26	23	0	0	0	0	170.444	1112
26	23	0	0	0	0	162.085	1113
26	22	0	0	0	0	166.663	1114
25	21	0	0	0	0	154.021	1115
25	21	0	0	0	0	146.848	1116
25	21	0	0	0	0	157.241	1117
25	21	0	0	0	0	149.974	1118
25	20	0	0	0	0	159.405	1119
24	20	0	0	0	0	149.133	1120
24	21	0	0	0	0	152.256	1121
24	21	0	0	0	0	158.01	1122
24	21	0	0	0	0	158.071	1123
24	21	0	0	0	0	156.087	1124
24	21	0	0	0	0	155.283	1125
23	21	0	0	0	0	156.525	1126
22	21	0	0	0	0	151.518	1127
23	21	0	0	0	0	149.237	1128
23	21	0	0	0	0	156.771	1129
22	21	0	0	0	0	135.631	1130
22	21	0	0	0	0	134.933	1131
21	20	0	0	0	0	133.512	1132
20	20	0	0	0	0	139.468	1133
20	21	0	0	0	0	140.178	1134
20	21	0	0	0	0	142.191	1135
20	21	0	0	0	0	150.533	1136
20	21	0	0	0	0	143.224	1137
20	21	0	0	0	0	126.64	1138
0	0	0	0	0	0	nan	1139
0	0	0	0	0	0	nan	1140
0	0	0	0	0	0	nan	1141
0	0	0	0	0	0	nan	1142
0	0	0	0	0	0	nan	1143
0	0	0	0	0	0	nan	1144
0	0	0	0	0	0	nan	1145
0	0	0	0	0	0	nan	1146
0	0	0	0	0	0	nan	1147
0	0	0	0	0	0	nan	1148
0	0	0	0	0	0	nan	1149
0	0	0	0	0	0	nan	1150
