unique_top_cov	unique_bot_cov	redundant_top_cov	redundant_bot_cov	raw_redundant_top_cov	raw_redundant_bot_cov	e_value	position
0	0	0	0	0	0	nan	1
0	0	0	0	0	0	nan	2
0	0	0	0	0	0	nan	3
28	28	0	0	0	0	199.631	4
28	27	0	0	0	0	181.572	5
28	26	0	0	0	0	193.462	6
27	26	0	0	0	0	181.372	7
27	26	0	0	0	0	186.971	8
27	26	0	0	0	0	173.547	9
27	26	0	0	0	0	170.876	10
27	25	0	0	0	0	166.913	11
27	25	0	0	0	0	170.137	12
24	25	0	0	0	0	165.503	13
24	25	0	0	0	0	185.206	14
24	25	0	0	0	0	170.342	15
23	25	0	0	0	0	160.582	16
23	25	0	0	0	0	147.863	17
23	23	0	0	0	0	155.796	18
22	23	0	0	0	0	145.556	19
22	19	0	0	0	0	145.175	20
22	20	0	0	0	0	155.216	21
22	20	0	0	0	0	129.829	22
22	20	0	0	0	0	136.529	23
21	20	0	0	0	0	131.236	24
21	18	0	0	0	0	127.65	25
21	18	0	0	0	0	140.702	26
22	18	0	0	0	0	135.314	27
22	18	0	0	0	0	128.697	28
22	18	0	0	0	0	129.983	29
21	18	0	0	0	0	138.37	30
20	18	0	0	0	0	108.328	31
20	18	0	0	0	0	103.88	32
20	18	0	0	0	0	110.008	33
19	17	0	0	0	0	104.594	34
18	17	0	0	0	0	110.115	35
18	17	0	0	0	0	107.783	36
18	17	0	0	0	0	104.926	37
17	17	0	0	0	0	105.478	38
16	15	0	0	0	0	105.724	39
16	16	0	0	0	0	103.558	40
16	15	0	0	0	0	109.801	41
16	16	0	0	0	0	103.73	42
16	16	0	0	0	0	107.304	43
16	16	0	0	0	0	107.326	44
16	16	0	0	0	0	90.6937	45
13	16	0	0	0	0	92.5665	46
13	16	0	0	0	0	92.0662	47
13	16	0	0	0	0	94.1516	48
14	16	0	0	0	0	100.136	49
14	16	0	0	0	0	83.3593	50
14	16	0	0	0	0	84.2655	51
14	16	0	0	0	0	87.4355	52
12	16	0	0	0	0	85.9333	53
9	16	0	0	0	0	88.28	54
9	16	0	0	0	0	87.9847	55
9	16	0	0	0	0	81.5461	56
10	16	0	0	0	0	85.8374	57
10	16	0	0	0	0	81.1422	58
10	16	0	0	0	0	81.9554	59
9	16	0	0	0	0	72.5539	60
10	16	0	0	0	0	83.8713	61
10	16	0	0	0	0	83.6337	62
10	17	0	0	0	0	72.2451	63
8	16	0	0	0	0	58.9127	64
8	14	0	0	0	0	60.2831	65
7	14	0	0	0	0	47.6982	66
7	14	0	0	0	0	48.7913	67
6	14	0	0	0	0	52.4156	68
6	15	0	0	0	0	51.4336	69
6	11	0	0	0	0	47.8677	70
6	11	0	0	0	0	48.4105	71
6	10	0	0	0	0	44.8362	72
6	10	0	0	0	0	37.8238	73
6	8	0	0	0	0	37.7869	74
6	8	0	0	0	0	38.2516	75
6	8	0	0	0	0	42.4915	76
6	8	0	0	0	0	40.1622	77
6	8	0	0	0	0	35.8899	78
6	8	0	0	0	0	39.6349	79
6	8	0	0	0	0	39.849	80
6	8	0	0	0	0	43.0758	81
6	8	0	0	0	0	34.1171	82
7	8	0	0	0	0	40.6098	83
7	8	0	0	0	0	39.0108	84
7	8	0	0	0	0	37.4739	85
6	8	0	0	0	0	38.0972	86
6	8	0	0	0	0	34.5805	87
6	8	0	0	0	0	44.9852	88
6	8	0	0	0	0	46.6926	89
6	8	0	0	0	0	45.2052	90
6	8	0	0	0	0	45.8327	91
6	8	0	0	0	0	42.0322	92
6	8	0	0	0	0	45.2389	93
6	8	0	0	0	0	39.4609	94
6	8	0	0	0	0	46.6061	95
6	8	0	0	0	0	46.8472	96
6	8	0	0	0	0	46.59	97
6	8	0	0	0	0	42.6772	98
6	8	0	0	0	0	41.0064	99
6	8	0	0	0	0	44.2364	100
6	8	0	0	0	0	42.7182	101
6	8	0	0	0	0	47.9148	102
6	8	0	0	0	0	46.5663	103
6	8	0	0	0	0	44.8568	104
6	8	0	0	0	0	48.19	105
6	8	0	0	0	0	45.9658	106
6	8	0	0	0	0	42.3488	107
6	8	0	0	0	0	42.8228	108
6	8	0	0	0	0	44.5296	109
6	8	0	0	0	0	41.6044	110
6	8	0	0	0	0	38.9145	111
6	8	0	0	0	0	43.2672	112
6	8	0	0	0	0	44.1858	113
6	8	0	0	0	0	48.7243	114
6	8	0	0	0	0	39.5033	115
6	8	0	0	0	0	46.59	116
6	8	0	0	0	0	44.3044	117
6	8	0	0	0	0	43.1628	118
6	8	0	0	0	0	40.1798	119
6	8	0	0	0	0	43.5981	120
6	8	0	0	0	0	45.6801	121
6	8	0	0	0	0	46.2778	122
5	8	0	0	0	0	41.3813	123
5	8	0	0	0	0	42.7905	124
5	8	0	0	0	0	42.6086	125
5	8	0	0	0	0	43.8577	126
5	8	0	0	0	0	41.405	127
5	8	0	0	0	0	42.4355	128
5	8	0	0	0	0	42.7662	129
5	8	0	0	0	0	41.3389	130
5	7	0	0	0	0	36.1678	131
5	7	0	0	0	0	38.8488	132
5	7	0	0	0	0	37.4216	133
5	6	0	0	0	0	35.1304	134
4	6	0	0	0	0	31.3743	135
4	5	0	0	0	0	29.1568	136
4	4	0	0	0	0	21.2929	137
4	4	0	0	0	0	23.1257	138
4	4	0	0	0	0	23.3176	139
4	4	0	0	0	0	20.3564	140
4	4	0	0	0	0	22.2556	141
4	3	0	0	0	0	18.3384	142
4	3	0	0	0	0	18.6196	143
4	3	0	0	0	0	17.4594	144
4	3	0	0	0	0	19.6262	145
4	3	0	0	0	0	17.827	146
4	3	0	0	0	0	20.2057	147
4	3	0	0	0	0	21.1355	148
4	3	0	0	0	0	19.9178	149
4	3	0	0	0	0	17.1962	150
