unique_top_cov	unique_bot_cov	redundant_top_cov	redundant_bot_cov	raw_redundant_top_cov	raw_redundant_bot_cov	e_value	position
1	0	0	0	0	0	nan	1
1	0	0	0	0	0	nan	2
1	0	0	0	0	0	-3.83731	3
1	0	0	0	0	0	-3.21629	4
1	0	0	0	0	0	-5.20342	5
1	0	0	0	0	0	-3.595	6
1	0	0	0	0	0	-3.45237	7
1	0	0	0	0	0	-3.73737	8
1	2	0.333333	0.666667	1	2	-3.45237	9
1	2	0.333333	0.666667	1	2	-3.21136	10
1	2	0.333333	0.666667	1	2	1.28255	11
1	2	0.333333	0.666667	1	2	2.32804	12
1	2	0.333333	0.666667	1	2	3.10536	13
1	2	0.333333	0.666667	1	2	4.20137	14
2	2	0.333333	0.666667	1	2	3.98554	15
2	2	0.333333	0.666667	1	2	4.10013	16
2	2	0.333333	0.666667	1	2	7.19084	17
3	3	0.333333	0.666667	1	2	7.74011	18
4	3	0.333333	0.666667	1	2	14.5561	19
4	3	0.333333	0.666667	1	2	16.9891	20
4	3	0.333333	0.666667	1	2	19.2893	21
4	3	0.333333	0.666667	1	2	18.9401	22
4	3	0.333333	0.666667	1	2	18.9485	23
4	3	0.333333	0.666667	1	2	18.6762	24
4	3	0.333333	0.666667	1	2	16.2617	25
4	3	0.333333	0.666667	1	2	17.3683	26
4	3	0.333333	0.666667	1	2	16.8042	27
4	4	0.333333	0.666667	1	2	18.9837	28
4	4	0.333333	0.666667	1	2	14.758	29
4	4	0.333333	0.666667	1	2	19.5913	30
4	4	0.333333	0.666667	1	2	17.7848	31
4	4	0.333333	1	1	3	19.7728	32
4	4	0.333333	1	1	3	23.6741	33
4	4	0.333333	1	1	3	22.4852	34
4	4	0.333333	1	1	3	22.2765	35
4	4	0.333333	1	1	3	23.4229	36
4	4	0.333333	1	1	3	22.1969	37
4	5	0.333333	1	1	3	22.7361	38
4	5	0.333333	1	1	3	22.1969	39
4	5	0.333333	1	1	3	22.7361	40
4	5	0.333333	1	1	3	26.5006	41
4	5	0.333333	1	1	3	26.3013	42
4	5	0.333333	1	1	3	26.4945	43
4	5	0.333333	1	1	3	25.5065	44
6	5	0.333333	1	1	3	27.8944	45
6	5	0.333333	1	1	3	33.0411	46
6	5	0.333333	1	1	3	34.1856	47
6	5	0.333333	1	1	3	32.5181	48
6	5	0	1	0	3	32.9357	49
6	5	0	0.666667	0	2	29.4962	50
6	5	0	0.666667	0	2	28.77	51
6	5	0	0.666667	0	2	31.8294	52
6	5	0	0.666667	0	2	33.2588	53
6	5	0	0.666667	0	2	33.8249	54
6	5	0	0.666667	0	2	32.6124	55
6	5	0	0.666667	0	2	32.6128	56
6	5	0	0.666667	0	2	31.2083	57
6	5	0	0.666667	0	2	35.3224	58
6	5	0	0.666667	0	2	31.1441	59
6	5	0	0.666667	0	2	35.6916	60
6	5	0	0.666667	0	2	31.0938	61
6	5	0	0.666667	0	2	35.2062	62
6	5	0	0.666667	0	2	34.0896	63
6	5	0	0.666667	0	2	31.8948	64
6	5	0	0.666667	0	2	34.2449	65
6	5	0	0.666667	0	2	31.8531	66
6	5	0	0.333333	0	1	33.8708	67
6	5	0	0.333333	0	1	35.8285	68
6	5	0	0.333333	0	1	31.092	69
7	5	0	0.333333	0	1	31.7231	70
7	5	0	0.333333	0	1	34.1856	71
8	5	0	0.333333	0	1	34.1118	72
8	5	0	0.333333	0	1	36.4473	73
8	5	0	0	0	0	36.9284	74
8	5	0	0	0	0	41.5198	75
8	5	0	0	0	0	33.583	76
8	5	0	0	0	0	41.6351	77
9	5	0	0	0	0	41.6855	78
9	5	0	0	0	0	44.76	79
9	5	0	0	0	0	43.9259	80
10	5	0.5	0	1	0	40.2928	81
10	5	0.5	0	1	0	44.1992	82
10	5	0.5	0	1	0	48.4722	83
10	5	0.5	0	1	0	51.2529	84
11	5	0.5	0	1	0	47.7225	85
11	5	0.5	0	1	0	48.0902	86
12	5	0.5	0	1	0	49.3493	87
12	5	1	0	2	0	54.8679	88
12	5	1	0	2	0	51.1824	89
12	5	1	0	2	0	50.2336	90
12	5	1	0	2	0	54.2391	91
12	5	1	0	2	0	49.2506	92
12	5	1	0	2	0	56.4588	93
12	5	1	0	2	0	51.9782	94
12	5	1	0	2	0	55.2017	95
12	5	1	0	2	0	57.5698	96
12	5	1	0	2	0	58.4548	97
12	5	1	0	2	0	49.6435	98
12	5	1	0	2	0	53.5783	99
12	5	1	0	2	0	55.6519	100
13	5	1	0	2	0	56.8043	101
13	5	1	0	2	0	54.4976	102
13	5	1	0	2	0	48.3392	103
13	5	1	0	2	0	60.7096	104
13	5	1	0	2	0	54.5816	105
13	5	1	0	2	0	58.8462	106
13	5	1	0	2	0	51.0457	107
13	5	1	0	2	0	61.4816	108
13	5	1	0	2	0	54.2511	109
13	4	1	0	2	0	55.7444	110
13	4	1	0	2	0	55.5795	111
13	4	1	0	2	0	56.3911	112
13	4	1	0	2	0	50.4898	113
13	4	1	0	2	0	52.9915	114
13	4	1	0	2	0	55.9567	115
13	4	1	0	2	0	52.5014	116
14	4	1	0	2	0	48.2518	117
14	4	0.5	0	1	0	59.2866	118
15	4	0.5	0	1	0	63.4063	119
15	5	0.5	0	1	0	64.5262	120
15	5	0.5	0	1	0	64.8693	121
16	5	0.5	0	1	0	65.1917	122
16	5	0.5	0	1	0	60.7612	123
16	5	0.5	0	1	0	62.5279	124
17	6	0.5	0	1	0	70.266	125
17	6	0.5	0	1	0	76.1272	126
17	6	0.5	0	1	0	78.9034	127
17	6	0.5	0	1	0	69.4269	128
18	6	0.5	0	1	0	77.4435	129
18	6	0.5	0	1	0	76.2834	130
19	6	0	0	0	0	78.2674	131
19	6	0	0	0	0	82.1395	132
19	7	0	0	0	0	88.4561	133
19	7	0	0	0	0	78.3064	134
20	8	0	0	0	0	82.1011	135
20	8	0	0	0	0	89.3637	136
20	8	0	0	0	0	97.5101	137
20	8	0	0	0	0	95.4564	138
20	8	0	0	0	0	86.6616	139
18	8	0	0	0	0	85.7463	140
18	8	0	0	0	0	75.5105	141
17	8	0	0	0	0	85.1094	142
17	8	0	0	0	0	88.5939	143
17	8	0	0	0	0	82.0962	144
17	8	0	0	0	0	86.7244	145
17	8	0	0	0	0	73.2445	146
17	8	0	0	0	0	82.8564	147
17	8	0	0	0	0	87.2628	148
17	9	0	0	0	0	76.1813	149
17	9	0	0	0	0	91.44	150
17	9	0	0	0	0	78.9515	151
17	10	0	0	0	0	73.4169	152
17	10	0	0	0	0	68.7205	153
17	10	0	0	0	0	73.2729	154
17	10	0	0	0	0	76.9416	155
15	10	0	0	0	0	75.42	156
14	10	0	0	0	0	73.6607	157
14	9	0	0	0	0	79.3127	158
14	9	0	0	0	0	80.5132	159
14	9	0	0	0	0	74.6223	160
14	9	0	0	0	0	77.203	161
14	9	0	0	0	0	80.3827	162
14	9	0	0	0	0	72.702	163
14	9	0	0	0	0	75.293	164
14	10	0	0	0	0	74.9047	165
14	10	0	0	0	0	74.668	166
14	10	0	0	0	0	62.7422	167
14	9	0	0	0	0	74.3295	168
13	9	0	0	0	0	72.879	169
13	8	0	0	0	0	63.6858	170
13	8	0	0	0	0	67.8635	171
13	10	0	0	0	0	72.9577	172
13	10	0	0	0	0	76.3885	173
13	10	0	0	0	0	68.7861	174
13	10	0	0	0	0	66.5315	175
13	10	0	0	0	0	67.4147	176
13	10	0	0	0	0	71.3331	177
13	10	0	0	0	0	67.7863	178
13	10	0	0	0	0	71.1032	179
13	10	0	0	0	0	80.3403	180
13	10	0	0	0	0	73.6488	181
12	10	0	0	0	0	79.8242	182
12	10	0	0	0	0	76.9511	183
12	10	0	0	0	0	76.2782	184
13	10	0	0	0	0	75.3072	185
13	10	0	0	0	0	75.0894	186
13	10	0	0	0	0	64.9858	187
13	9	0	0	0	0	80.448	188
13	10	0	0	0	0	62.8371	189
13	10	0	0	0	0	69.3423	190
13	11	0	0	0	0	73.0935	191
13	11	0	0	0	0	72.1055	192
13	11	0	0	0	0	68.1613	193
13	12	0	0	0	0	69.3674	194
11	12	0	0	0	0	73.1473	195
11	12	0	0	0	0	76.7621	196
11	12	0	0	0	0	78.6082	197
11	12	0	0	0	0	82.3881	198
11	12	0	0	0	0	80.5819	199
11	12	0	0	0	0	82.2619	200
11	12	0	0	0	0	75.4801	201
12	12	0	0	0	0	76.5636	202
12	12	0	0	0	0	80.7641	203
12	13	0	0	0	0	80.7311	204
12	13	0	0	0	0	76.4213	205
12	13	0	0	0	0	77.1603	206
12	13	0	0	0	0	76.1349	207
12	13	0	0	0	0	79.0786	208
12	13	0	0	0	0	84.5429	209
13	13	0	0	0	0	80.4982	210
13	13	0	0	0	0	76.1251	211
12	12	0	0	0	0	80.7319	212
12	12	0	0	0	0	77.5781	213
12	12	0	0	0	0	80.5487	214
12	12	0	0	0	0	86.9619	215
12	12	0	0	0	0	77.9012	216
13	12	0	0	0	0	77.8361	217
13	11	0	0	0	0	77.9854	218
13	11	0	0	0	0	73.6263	219
13	11	0	0	0	0	84.7992	220
13	11	0	0	0	0	84.7256	221
13	12	0	0	0	0	81.3913	222
14	12	0	0	0	0	84.7272	223
14	13	0	0	0	0	89.76	224
14	13	0	0	0	0	92.2481	225
14	13	0	0	0	0	88.4917	226
14	13	0	0	0	0	81.9235	227
13	13	0	0	0	0	78.7436	228
13	13	0	0	0	0	82.4519	229
13	13	0	0	0	0	80.9943	230
12	13	0	0	0	0	83.4127	231
13	13	0	0	0	0	80.2653	232
12	13	0	0	0	0	88.3338	233
12	13	0	0	0	0	78.592	234
12	13	0	0	0	0	82.5414	235
12	13	0	0	0	0	88.3342	236
12	13	0	0	0	0	86.1932	237
12	13	0	0	0	0	85.4404	238
14	13	0	0	0	0	78.1621	239
14	14	0	0	0	0	79.0208	240
14	14	0	0	0	0	92.092	241
15	14	0	0	0	0	95.269	242
15	14	0	0	0	0	94.1671	243
15	14	0	0	0	0	103.567	244
15	14	0	0	0	0	100.119	245
15	14	0	0	0	0	101.079	246
15	14	0	0	0	0	102.414	247
15	14	0	0	0	0	99.5527	248
15	14	0	0	0	0	93.8404	249
15	14	0	0	0	0	82.374	250
14	14	0	0	0	0	94.3956	251
14	14	0	0	0	0	87.5342	252
14	14	0	0	0	0	90.5529	253
14	14	0	0	0	0	93.201	254
14	14	0	0	0	0	92.3177	255
13	14	0	0	0	0	92.165	256
13	14	0	0	0	0	86.9867	257
13	14	0	0	0	0	92.5165	258
13	14	0	0	0	0	90.0336	259
13	14	0	0	0	0	86.2597	260
13	13	0	0	0	0	90.406	261
13	13	0	0	0	0	93.1338	262
13	13	0	0	0	0	87.856	263
14	13	0	0	0	0	84.7005	264
14	13	0	0	0	0	89.6986	265
14	13	0	0	0	0	89.1943	266
14	13	0	0	0	0	82.2971	267
14	13	0	0	0	0	92.9881	268
14	13	0	0	0	0	82.0984	269
14	13	0	0	0	0	81.7048	270
13	13	0	0	0	0	83.9171	271
13	13	0	0	0	0	80.1297	272
14	13	0	0	0	0	75.0104	273
14	13	0	0	0	0	87.3667	274
13	13	0	0	0	0	90.2296	275
13	14	0	0	0	0	85.6355	276
12	14	0	0	0	0	80.8237	277
12	14	0	0	0	0	79.5902	278
12	14	0	0	0	0	84.6895	279
11	14	0	0	0	0	82.3448	280
11	14	0	0	0	0	83.8097	281
11	14	0	0	0	0	70.4152	282
11	13	0	0	0	0	75.5182	283
10	12	0	0	0	0	69.4338	284
9	11	0	0	0	0	59.5846	285
9	11	0	0	0	0	64.8501	286
9	11	0	0	0	0	67.4292	287
9	11	0	0	0	0	62.7075	288
10	12	0	0	0	0	65.0515	289
9	12	0	0	0	0	65.6247	290
9	12	0	0	0	0	68.5896	291
9	12	0	0	0	0	62.467	292
9	12	0	0	0	0	69.193	293
9	11	0	0	0	0	65.0383	294
9	11	0	0	0	0	66.1599	295
9	12	0	0	0	0	71.6644	296
9	12	0	0	0	0	64.4326	297
9	12	0	0	0	0	66.3769	298
9	11	0	0	0	0	65.0383	299
9	11	0	0	0	0	64.1532	300
9	11	0	0	0	0	60.0925	301
10	11	0	0	0	0	52.9191	302
11	11	0	0	0	0	71.4733	303
12	11	0	0	0	0	73.5511	304
12	11	0	0	0	0	76.9194	305
12	11	0	0	0	0	73.5177	306
12	11	0	0	0	0	71.1507	307
12	10	0	0	0	0	65.7286	308
12	10	0	0	0	0	75.0045	309
12	10	0	0	0	0	77.2338	310
12	10	0	0	0	0	65.0383	311
11	11	0	0	0	0	66.1255	312
11	11	0	0	0	0	68.7509	313
11	10	0	0	0	0	66.1214	314
11	9	0	0	0	0	61.4242	315
11	9	0	0	0	0	58.4041	316
11	9	0	0	0	0	55.1479	317
10	9	0	0	0	0	52.1141	318
10	8	0	0	0	0	56.4217	319
12	7	0	0	0	0	56.1249	320
11	7	0	0	0	0	50.4825	321
11	7	0	0	0	0	55.9703	322
11	7	0	0	0	0	55.5536	323
11	7	0	0	0	0	52.499	324
11	7	0	0	0	0	54.6412	325
11	7	0	0	0	0	57.9777	326
10	7	0	0	0	0	50.0852	327
10	7	0	0	0	0	57.8427	328
12	7	0	0	0	0	56.882	329
12	7	0	0	0	0	52.9738	330
12	7	0	0	0	0	51.8084	331
12	8	0	0	0	0	55.4748	332
12	8	0	0	0	0	58.0327	333
12	8	0	0	0	0	53.2624	334
12	8	0	0	0	0	56.6187	335
12	8	0	0	0	0	52.5307	336
12	8	0	0	0	0	57.9904	337
12	8	0	0	0	0	53.8102	338
12	8	0	0	0	0	60.8318	339
12	8	0	0	0	0	68.8855	340
12	8	0	0	0	0	66.9052	341
12	8	0	0	0	0	70.4956	342
12	8	0	0	0	0	55.7197	343
12	7	0	0	0	0	59.8767	344
12	7	0	0	0	0	58.9988	345
13	7	0	0	0	0	65.5423	346
13	7	0	0	0	0	62.9745	347
13	7	0	0	0	0	56.9822	348
13	7	0	0	0	0	59.4957	349
14	7	0	0	0	0	61.9639	350
14	9	0	0	0	0	62.3919	351
14	10	0	0	0	0	64.2781	352
12	10	0	0	0	0	70.7576	353
12	10	0	0	0	0	70.4711	354
12	10	0	0	0	0	71.32	355
12	11	0	0	0	0	67.4479	356
12	11	0	0	0	0	77.797	357
12	11	0	0	0	0	77.8109	358
12	11	0	0	0	0	61.9257	359
11	11	0	0	0	0	58.2241	360
12	11	0	0	0	0	54.2953	361
13	9	0	0	0	0	68.0553	362
13	9	0	0	0	0	64.3956	363
13	9	0	0	0	0	62.8194	364
13	9	0	0	0	0	68.2207	365
13	9	0	0	0	0	73.2481	366
13	9	0	0	0	0	65.4042	367
12	9	0	0	0	0	72.5406	368
11	9	0	0	0	0	60.1925	369
11	9	0	0	0	0	64.2315	370
11	9	0	0	0	0	57.6487	371
11	9	0	0	0	0	64.4905	372
12	9	0	0	0	0	69.0373	373
12	9	0	0	0	0	63.2205	374
12	10	0	0	0	0	62.612	375
12	10	0	0	0	0	72.4553	376
12	10	0	0	0	0	75.5554	377
12	10	0	0	0	0	66.0353	378
13	10	0	0	0	0	70.8398	379
13	10	0	0	0	0	74.2997	380
14	10	0	0	0	0	79.6423	381
14	11	0	0	0	0	83.5466	382
14	11	0	0	0	0	84.2637	383
14	11	0	0	0	0	80.0042	384
14	11	0	0	0	0	80.9827	385
14	11	0	0	0	0	87.1832	386
14	11	0	0	0	0	82.4292	387
14	11	0	0	0	0	83.391	388
13	11	0	0	0	0	79.87	389
13	12	0	0	0	0	83.438	390
14	12	0	0	0	0	81.3057	391
13	12	0	0	0	0	86.3924	392
14	12	0	0	0	0	81.194	393
14	12	0	0	0	0	92.1522	394
14	12	0	0	0	0	82.5727	395
13	12	0	0	0	0	87.6487	396
13	12	0	0	0	0	79.4834	397
13	12	0	0	0	0	81.9896	398
13	12	0	0	0	0	66.3683	399
12	12	0	0	0	0	81.9896	400
12	12	0	0	0	0	76.1835	401
12	12	0	0	0	0	82.2931	402
12	12	0	0	0	0	79.9499	403
12	12	0	0	0	0	82.2579	404
12	12	0	0	0	0	72.4189	405
12	12	0	0	0	0	74.5417	406
12	12	0	0	0	0	84.3465	407
12	12	0	0	0	0	76.0907	408
12	12	0	0	0	0	82.2251	409
12	14	0	0	0	0	74.2238	410
12	15	0	0	0	0	92.2335	411
12	15	0	0	0	0	93.5427	412
12	15	0	0	0	0	95.5895	413
12	15	0	0	0	0	89.223	414
12	15	0	0	0	0	88.3864	415
12	14	0	0	0	0	87.8645	416
12	15	0	0	0	0	89.8603	417
13	18	0	0	0	0	96.192	418
13	18	0	0	0	0	90.4508	419
12	18	0	0	0	0	100.719	420
12	18	0	0	0	0	100.24	421
12	18	0	0	0	0	109.831	422
12	18	0	0	0	0	103.741	423
12	20	0	0	0	0	112.185	424
12	20	0	0	0	0	87.6636	425
10	20	0	0	0	0	101.983	426
10	20	0	0	0	0	92.3846	427
10	20	0	0	0	0	101.276	428
10	19	0	0	0	0	91.5044	429
10	19	0	0	0	0	104.662	430
10	19	0	0	0	0	103.695	431
10	19	0	0	0	0	100.572	432
10	19	0	0	0	0	92.174	433
10	19	0	0	0	0	108.221	434
10	19	0	0	0	0	103.417	435
11	19	0	0	0	0	99.6218	436
11	19	0	0	0	0	97.6778	437
11	19	0	0	0	0	101.344	438
11	19	0	0	0	0	103.175	439
11	19	0	0	0	0	103.456	440
10	19	0	0	0	0	97.1199	441
10	19	0	0	0	0	98.8918	442
10	19	0	0	0	0	97.3599	443
10	19	0	0	0	0	101.165	444
10	19	0	0	0	0	91.5841	445
10	19	0	0	0	0	103.222	446
10	19	0	0	0	0	102.581	447
10	20	0	0	0	0	99.3889	448
10	20	0	0	0	0	90.9446	449
10	20	0	0	0	0	94.2258	450
10	20	0	0	0	0	96.6391	451
10	19	0	0	0	0	99.0454	452
10	19	0	0	0	0	98.954	453
9	19	0	0	0	0	88.9589	454
9	19	0	0	0	0	97.8739	455
9	19	0	0	0	0	73.6988	456
9	22	0	0	0	0	96.7026	457
9	22	0	0	0	0	88.7566	458
8	22	0	0	0	0	99.3122	459
8	22	0	0	0	0	98.1244	460
8	22	0	0	0	0	99.2661	461
8	23	0	0	0	0	89.1327	462
7	24	0	0	0	0	111.286	463
7	24	0	0	0	0	108.928	464
7	24	0	0	0	0	104.064	465
7	24	0	0	0	0	94.5595	466
8	25	0	0	0	0	112.787	467
9	25	0	0	0	0	95.5008	468
9	25	0	0	0	0	104.413	469
9	25	0	0	0	0	112.025	470
9	24	0	0	0	0	111.41	471
9	25	0	0	0	0	118.018	472
9	25	0	0	0	0	118.686	473
10	25	0	0	0	0	123.822	474
10	25	0	0	0	0	122.963	475
10	26	0	0	0	0	123.594	476
10	27	0	0	0	0	119.396	477
10	27	0	0	0	0	122.615	478
10	27	0	0	0	0	127.759	479
10	27	0	0	0	0	124.108	480
11	27	0	0	0	0	127.209	481
11	27	0	0	0	0	137.638	482
11	27	0	0	0	0	132.908	483
11	27	0	0	0	0	132.14	484
12	28	0	0	0	0	137.003	485
12	28	0	0	0	0	137.911	486
12	28	0	0	0	0	143.252	487
13	28	0	0	0	0	138.554	488
13	27	0	0	0	0	134.511	489
13	28	0	0	0	0	146.414	490
13	28	0	0	0	0	129.755	491
13	28	0	0	0	0	128.939	492
13	27	0	0	0	0	139.005	493
13	27	0	0	0	0	141.403	494
13	26	0	0	0	0	134.119	495
13	26	0	0	0	0	130.539	496
13	26	0	0	0	0	137.41	497
13	26	0	0	0	0	130.332	498
13	25	0	0	0	0	131.843	499
12	25	0	0	0	0	129.038	500
12	25	0	0	0	0	114.247	501
12	25	0	0	0	0	126.267	502
12	25	0	0	0	0	122.53	503
12	25	0	0	0	0	135.048	504
12	25	0	0	0	0	121.575	505
14	25	0	0	0	0	119.394	506
14	31	0	0	0	0	134.003	507
13	31	0	0	0	0	133.448	508
13	32	0	0	0	0	165.219	509
13	32	0	0	0	0	159.108	510
13	32	0	0	0	0	156.737	511
13	32	0	0	0	0	156.63	512
12	32	0	0	0	0	147.048	513
12	33	0	0	0	0	155.025	514
12	32	0	0	0	0	162.245	515
12	32	0	0	0	0	153.282	516
13	34	0	0	0	0	167.415	517
13	34	0	0	0	0	168.791	518
13	34	0	0	0	0	160.436	519
13	34	0	0	0	0	162.014	520
13	34	0	0	0	0	160.103	521
14	39	0	0	0	0	169.661	522
13	39	0	0	0	0	185.616	523
13	38	0	0	0	0	174.899	524
13	38	0	0	0	0	172.311	525
13	38	0	0	0	0	153.522	526
13	38	0	0	0	0	167.119	527
13	38	0	0	0	0	162.89	528
13	37	0	0	0	0	174.988	529
13	37	0	0	0	0	160.482	530
11	37	0	0	0	0	168.55	531
11	37	0	0	0	0	160.35	532
11	37	0	0	0	0	156.483	533
11	37	0	0	0	0	174.556	534
11	37	0	0	0	0	150.525	535
11	36	0	0	0	0	166.81	536
11	36	0	0	0	0	146.846	537
10	35	0	0	0	0	155.698	538
10	35	0	0	0	0	149.836	539
11	34	0	0	0	0	149.361	540
11	34	0	0	0	0	159.916	541
11	34	0	0	0	0	161.479	542
12	34	0	0	0	0	152.659	543
12	34	0	0	0	0	163.332	544
12	34	0	0	0	0	156.453	545
12	35	0	0	0	0	172.193	546
12	35	0	0	0	0	153.451	547
12	35	0	0	0	0	162.954	548
13	35	0	0	0	0	167.911	549
13	35	0	0	0	0	163.843	550
13	36	0	0	0	0	163.993	551
12	36	0	0	0	0	164.142	552
12	36	0	0	0	0	175.009	553
12	36	0	0	0	0	158.877	554
11	36	0	0	0	0	159.204	555
11	36	0	0	0	0	164.086	556
11	36	0	0	0	0	151.358	557
11	36	0	0	0	0	164.31	558
11	36	0	0	0	0	162.958	559
13	35	0	0	0	0	153.147	560
13	34	0	0	0	0	171.493	561
13	33	0	0	0	0	149.356	562
13	33	0	0	0	0	166.455	563
13	33	0	0	0	0	167.326	564
13	33	0	0	0	0	160.125	565
13	33	0	0	0	0	154.384	566
14	32	0	0	0	0	153.217	567
15	34	0	0	0	0	158.844	568
15	34	0	0	0	0	170.993	569
15	34	0	0	0	0	170.64	570
15	33	0	0	0	0	165.517	571
15	33	0	0	0	0	165.742	572
15	33	0	0	0	0	153.004	573
15	33	0	0	0	0	172.016	574
15	32	0	0	0	0	159.183	575
15	31	0	0	0	0	165.324	576
15	31	0	0	0	0	155.692	577
16	30	0	0	0	0	170.251	578
17	32	0	0	0	0	154.599	579
18	32	0	0	0	0	169.119	580
18	32	0	0	0	0	171.373	581
18	32	0	0	0	0	165.961	582
19	32	0	0	0	0	162.803	583
19	32	0	0	0	0	164.463	584
19	31	0	0	0	0	169.505	585
18	31	0	0	0	0	165.076	586
19	31	0	0	0	0	170.113	587
19	31	0	0	0	0	175.254	588
19	32	0	0	0	0	178.925	589
19	32	0	0	0	0	180.658	590
19	32	0	0	0	0	176.384	591
19	32	0	0	0	0	183.256	592
20	32	0	0	0	0	168.314	593
21	32	0	0	0	0	178.96	594
21	31	0	0	0	0	180.579	595
20	31	0	0	0	0	167.244	596
20	31	0	0	0	0	174.958	597
20	31	0	0	0	0	177.062	598
20	31	0	0	0	0	184.147	599
20	31	0	0	0	0	183.605	600
20	31	0	0	0	0	158.581	601
21	30	0	0	0	0	174.549	602
21	30	0	0	0	0	159.71	603
21	29	0	0	0	0	160.393	604
21	29	0	0	0	0	181.596	605
21	29	0	0	0	0	160.759	606
20	28	0	0	0	0	160.119	607
20	27	0	0	0	0	156.006	608
20	27	0	0	0	0	166.472	609
21	27	0	0	0	0	162.85	610
21	27	0	0	0	0	131.731	611
22	25	0	0	0	0	159.095	612
22	24	0	0	0	0	164.247	613
22	25	0	0	0	0	155.692	614
22	22	0	0	0	0	149.38	615
22	22	0	0	0	0	148.243	616
21	22	0	0	0	0	144.451	617
18	22	0	0	0	0	135.39	618
18	22	0	0	0	0	139.424	619
18	22	0	0	0	0	136.232	620
18	22	0	0	0	0	130.355	621
18	21	0	0	0	0	106.575	622
17	20	0	0	0	0	114.44	623
17	20	0	0	0	0	113.613	624
18	20	0	0	0	0	118.526	625
18	18	0	0	0	0	114.164	626
18	18	0	0	0	0	123.202	627
18	18	0	0	0	0	116.74	628
18	18	0	0	0	0	121.659	629
18	18	0	0	0	0	127.095	630
19	18	0	0	0	0	122.691	631
19	18	0	0	0	0	125.778	632
19	18	0	0	0	0	119.269	633
19	18	0	0	0	0	129.555	634
19	17	0	0	0	0	126.314	635
19	17	0	0	0	0	133.22	636
19	17	0	0	0	0	130.258	637
19	17	0	0	0	0	120.14	638
19	17	0	0	0	0	126.123	639
19	16	0	0	0	0	100.877	640
19	16	0	0	0	0	121.86	641
19	16	0	0	0	0	117.724	642
19	16	0	0	0	0	127.761	643
19	16	0	0	0	0	114.428	644
19	16	0	0	0	0	117.937	645
20	15	0	0	0	0	116.608	646
20	16	0	0	0	0	125.178	647
20	16	0	0	0	0	118.467	648
22	16	0	0	0	0	118.181	649
22	16	0	0	0	0	126.468	650
22	16	0	0	0	0	122.536	651
23	16	0	0	0	0	138.877	652
23	16	0	0	0	0	133.142	653
24	16	0	0	0	0	133.976	654
24	16	0	0	0	0	125.731	655
25	16	0	0	0	0	130.74	656
25	13	0	0	0	0	138.031	657
25	13	0	0	0	0	134.488	658
25	13	0	0	0	0	127.237	659
25	13	0	0	0	0	119.073	660
25	12	0	0	0	0	120.371	661
25	12	0	0	0	0	115.854	662
23	12	0	0	0	0	117.259	663
24	11	0	0	0	0	115.147	664
24	11	0	0	0	0	118.743	665
24	11	0	0	0	0	117.31	666
24	11	0	0	0	0	119.881	667
24	11	0	0	0	0	112.638	668
25	11	0	0	0	0	113.47	669
25	11	0	0	0	0	122.683	670
25	10	0	0	0	0	103.007	671
25	7	0	0	0	0	111.266	672
25	8	0	0	0	0	110.773	673
25	8	0	0	0	0	111.313	674
26	8	0	0	0	0	105.815	675
26	7	0	0	0	0	123.117	676
26	7	0	0	0	0	118.152	677
26	9	0	0	0	0	110.493	678
26	9	0	0	0	0	131.01	679
26	9	0	0	0	0	123.104	680
26	9	0	0	0	0	113.824	681
26	9	0	0	0	0	119.252	682
26	9	0	0	0	0	118.242	683
26	9	0	0	0	0	122.572	684
26	9	0	0	0	0	129.904	685
26	10	0	0	0	0	130.146	686
26	11	0	0	0	0	113.645	687
26	11	0	0	0	0	139.521	688
26	11	0	0	0	0	130.424	689
26	12	0	0	0	0	122.368	690
26	12	0	0	0	0	121.182	691
26	12	0	0	0	0	129.71	692
25	12	0	0	0	0	130.157	693
25	12	0	0	0	0	120.77	694
25	12	0	0	0	0	128.664	695
25	12	0	0	0	0	132.102	696
25	12	0	0	0	0	122.572	697
26	12	0	0	0	0	123.151	698
24	12	0	0	0	0	124.621	699
24	12	0	0	0	0	123.258	700
24	13	0	0	0	0	121.981	701
24	13	0	0	0	0	109.934	702
24	13	0	0	0	0	117.695	703
23	13	0	0	0	0	119.321	704
23	13	0	0	0	0	108.173	705
23	15	0	0	0	0	109.684	706
23	14	0	0	0	0	108.232	707
23	14	0	0	0	0	117.719	708
23	14	0	0	0	0	112.796	709
22	14	0	0	0	0	112.4	710
22	13	0	0	0	0	115.229	711
22	13	0	0	0	0	123.431	712
21	13	0	0	0	0	121.38	713
21	13	0	0	0	0	103.316	714
20	13	0	0	0	0	118.32	715
20	14	0	0	0	0	114.187	716
20	14	0	0	0	0	103.179	717
20	15	0	0	0	0	118.389	718
20	15	0	0	0	0	121.198	719
19	15	0	0	0	0	110.481	720
20	15	0	0	0	0	110.202	721
20	15	0	0	0	0	114.442	722
20	16	0	0	0	0	113.718	723
20	16	0	0	0	0	110.362	724
19	16	0	0	0	0	115.603	725
20	16	0	0	0	0	111.996	726
18	15	0	0	0	0	115.954	727
18	15	0	0	0	0	111.008	728
17	13	0	0	0	0	100.704	729
16	13	0	0	0	0	106.825	730
16	14	0	0	0	0	97.2798	731
15	14	0	0	0	0	89.8585	732
15	14	0	0	0	0	91.0275	733
15	14	0	0	0	0	85.2661	734
15	14	0	0	0	0	85.0552	735
15	14	0	0	0	0	96.4083	736
12	14	0	0	0	0	90.8833	737
12	15	0	0	0	0	96.4048	738
12	15	0	0	0	0	81.4475	739
13	15	0	0	0	0	92.9721	740
16	15	0	0	0	0	92.9869	741
16	15	0	0	0	0	102.52	742
16	15	0	0	0	0	114.334	743
16	15	0	0	0	0	88.4202	744
14	15	0	0	0	0	101.002	745
15	15	0	0	0	0	105.586	746
15	16	0	0	0	0	105.724	747
15	16	0	0	0	0	104.611	748
15	17	0	0	0	0	112.209	749
15	17	0	0	0	0	102.471	750
16	17	0	0	0	0	104.64	751
15	17	0	0	0	0	111.134	752
15	17	0	0	0	0	105.33	753
15	17	0	0	0	0	103.12	754
15	17	0	0	0	0	113.302	755
16	17	0	0	0	0	110.462	756
16	17	0	0	0	0	113.964	757
16	17	0	0	0	0	113.17	758
16	17	0	0	0	0	116.748	759
16	17	0	0	0	0	103.921	760
16	17	0	0	0	0	116.855	761
16	17	0	0	0	0	121.893	762
16	17	0	0	0	0	101.802	763
16	16	0	0	0	0	118.817	764
16	16	0	0	0	0	115.404	765
16	17	0	0	0	0	114.903	766
16	17	0	0	0	0	118.514	767
16	17	0	0	0	0	107.164	768
17	17	0	0	0	0	110.988	769
17	17	0	0	0	0	122.508	770
17	17	0	0	0	0	122.643	771
17	17	0	0	0	0	117.328	772
17	17	0	0	0	0	111.52	773
16	17	0	0	0	0	109.451	774
16	17	0	0	0	0	109.458	775
15	17	0	0	0	0	104.197	776
17	17	0	0	0	0	112.272	777
16	17	0	0	0	0	109.818	778
16	17	0	0	0	0	116.703	779
16	17	0	0	0	0	123.296	780
16	17	0	0	0	0	117.401	781
15	17	0	0	0	0	109.468	782
15	17	0	0	0	0	107.303	783
15	17	0	0	0	0	107.437	784
15	17	0	0	0	0	106.419	785
15	16	0	0	0	0	108.32	786
15	16	0	0	0	0	103.862	787
15	16	0	0	0	0	102.306	788
15	16	0	0	0	0	105.651	789
15	16	0	0	0	0	104.09	790
15	16	0	0	0	0	105.404	791
16	15	0	0	0	0	99.4172	792
18	15	0	0	0	0	105.784	793
18	15	0	0	0	0	109.171	794
19	15	0	0	0	0	100.85	795
18	15	0	0	0	0	107.163	796
19	13	0	0	0	0	101.288	797
19	13	0	0	0	0	111.191	798
19	13	0	0	0	0	111.869	799
19	13	0	0	0	0	111.922	800
19	13	0	0	0	0	114.438	801
19	13	0	0	0	0	114.423	802
19	13	0	0	0	0	110.391	803
18	13	0	0	0	0	109.105	804
18	13	0	0	0	0	108.254	805
18	13	0	0	0	0	107.644	806
19	14	0	0	0	0	110.156	807
19	14	0	0	0	0	111.174	808
19	14	0	0	0	0	107.151	809
20	16	0	0	0	0	112.588	810
20	16	0	0	0	0	119.105	811
20	15	0	0	0	0	108.562	812
20	16	0	0	0	0	112.728	813
19	17	0	0	0	0	115.585	814
19	17	0	0	0	0	124.541	815
19	17	0	0	0	0	120.453	816
19	17	0	0	0	0	107.476	817
19	16	0	0	0	0	114.864	818
18	16	0	0	0	0	119.424	819
18	16	0	0	0	0	107.176	820
18	16	0	0	0	0	123.222	821
17	16	0	0	0	0	103.512	822
17	16	0	0	0	0	95.6641	823
18	16	0	0	0	0	88.9951	824
19	14	0	0	0	0	93.2293	825
20	15	0	0	0	0	103.403	826
21	15	0	0	0	0	96.8235	827
21	15	0	0	0	0	102.539	828
20	15	0	0	0	0	95.8167	829
20	15	0	0	0	0	93.8389	830
20	14	0	0	0	0	100.245	831
20	14	0	0	0	0	113.732	832
21	14	0	0	0	0	111.082	833
21	14	0	0	0	0	113.713	834
22	13	0	0	0	0	117.665	835
22	13	0	0	0	0	121.974	836
22	13	0	0	0	0	117.543	837
22	15	0	0	0	0	112.226	838
22	14	0	0	0	0	125.841	839
22	14	0	0	0	0	128.62	840
22	14	0	0	0	0	126.166	841
22	14	0	0	0	0	122.599	842
22	14	0	0	0	0	122.937	843
22	14	0	0	0	0	131.456	844
22	14	0	0	0	0	128.386	845
22	14	0	0	0	0	115.469	846
22	14	0	0	0	0	124.828	847
22	14	0	0	0	0	125.035	848
22	14	0	0	0	0	120.493	849
22	14	0	0	0	0	116.347	850
22	13	0	0	0	0	113.114	851
22	13	0	0	0	0	111.172	852
22	12	0	0	0	0	112.628	853
22	12	0	0	0	0	118.303	854
22	12	0	0	0	0	124.287	855
22	12	0	0	0	0	115.893	856
22	12	0	0	0	0	111.589	857
22	12	0	0	0	0	121.273	858
22	12	0	0	0	0	118.551	859
22	12	0	0	0	0	119.699	860
22	12	0	0	0	0	117.899	861
22	13	0	0	0	0	122.078	862
22	13	0	0	0	0	121.166	863
22	13	0	0	0	0	109.994	864
22	13	0	0	0	0	123.024	865
22	14	0	0	0	0	117.657	866
22	14	0	0	0	0	112.019	867
23	14	0	0	0	0	120.234	868
23	14	0	0	0	0	116.52	869
23	14	0	0	0	0	119.815	870
23	14	0	0	0	0	115.202	871
23	15	0	0	0	0	130.579	872
22	14	0	0	0	0	119.461	873
21	16	0	0	0	0	115.712	874
21	16	0	0	0	0	112.838	875
20	16	0	0	0	0	129.442	876
20	16	0	0	0	0	129.28	877
20	16	0	0	0	0	127.157	878
20	16	0	0	0	0	123.155	879
20	16	0	0	0	0	115.231	880
18	15	0	0	0	0	121.401	881
18	15	0	0	0	0	105.306	882
19	15	0	0	0	0	105.69	883
19	15	0	0	0	0	111.76	884
19	15	0	0	0	0	111.511	885
19	15	0	0	0	0	110.752	886
19	14	0	0	0	0	114.51	887
19	13	0	0	0	0	110.267	888
19	14	0	0	0	0	111.192	889
19	14	0	0	0	0	103.538	890
19	15	0	0	0	0	113.567	891
19	20	0	0	0	0	115.12	892
19	20	0	0	0	0	106.533	893
21	20	0	0	0	0	132.712	894
21	22	0	0	0	0	119.852	895
21	22	0	0	0	0	128.383	896
21	23	0	0	0	0	130.791	897
22	23	0	0	0	0	133.912	898
21	23	0	0	0	0	132.304	899
21	23	0	0	0	0	132.531	900
19	23	0	0	0	0	134.588	901
19	24	0	0	0	0	143.923	902
19	24	0	0	0	0	144.024	903
19	24	0	0	0	0	142.264	904
19	24	0	0	0	0	145.942	905
18	24	0	0	0	0	143.316	906
19	24	0	0	0	0	133.576	907
19	24	0	0	0	0	143.934	908
19	23	0	0	0	0	137.138	909
19	23	0	0	0	0	135.72	910
19	23	0	0	0	0	159.156	911
19	23	0	0	0	0	158.527	912
19	23	0	0	0	0	147.303	913
19	23	0	0	0	0	145.445	914
19	23	0	0	0	0	147.918	915
19	22	0	0	0	0	132.544	916
19	23	0	0	0	0	143.5	917
19	23	0	0	0	0	159.425	918
19	23	0	0	0	0	152.304	919
19	24	0	0	0	0	158.702	920
19	24	0	0	0	0	148.181	921
19	24	0	0	0	0	148.115	922
19	24	0	0	0	0	156.656	923
20	24	0	0	0	0	155.281	924
20	24	0	0	0	0	160.626	925
20	24	0	0	0	0	158.372	926
20	24	0	0	0	0	166.661	927
20	24	0	0	0	0	164.28	928
20	24	0	0	0	0	157.126	929
20	24	0	0	0	0	144.096	930
20	24	0	0	0	0	151.734	931
21	24	0	0	0	0	158.641	932
24	24	0	0	0	0	162.599	933
24	26	0	0	0	0	151.582	934
24	26	0	0	0	0	166.362	935
23	26	0	0	0	0	183.099	936
23	26	0	0	0	0	154.932	937
23	31	0	0	0	0	142.149	938
23	31	0	0	0	0	151.441	939
23	31	0	0	0	0	148.723	940
23	31	0	0	0	0	141.946	941
23	31	0	0	0	0	154.346	942
19	31	0	0	0	0	139.611	943
19	30	0	0	0	0	147.079	944
20	29	0	0	0	0	155.424	945
19	29	0	0	0	0	162.57	946
19	29	0	0	0	0	169.427	947
19	29	0	0	0	0	165.473	948
19	29	0	0	0	0	161.846	949
19	29	0	0	0	0	165.958	950
19	29	0	0	0	0	165.942	951
19	29	0	0	0	0	160.072	952
19	29	0	0	0	0	175.77	953
20	29	0	0	0	0	178.905	954
19	29	0	0	0	0	152.008	955
20	29	0	0	0	0	167.576	956
21	29	0	0	0	0	175.698	957
21	30	0	0	0	0	170.214	958
21	30	0	0	0	0	172.232	959
22	28	0	0	0	0	175.184	960
22	28	0	0	0	0	172.469	961
22	28	0	0	0	0	176.605	962
22	28	0	0	0	0	169.213	963
22	28	0	0	0	0	164.367	964
23	28	0	0	0	0	165.019	965
23	28	0	0	0	0	187.148	966
23	28	0	0	0	0	169.91	967
23	28	0	0	0	0	183.109	968
23	28	0	0	0	0	171.854	969
23	28	0	0	0	0	171.259	970
23	28	0	0	0	0	168.703	971
23	28	0	0	0	0	182.612	972
23	29	0	0	0	0	167.777	973
23	29	0	0	0	0	192.009	974
24	29	0	0	0	0	175.656	975
24	29	0	0	0	0	173.528	976
23	28	0	0	0	0	162.581	977
23	27	0	0	0	0	163.842	978
24	28	0	0	0	0	169.403	979
25	29	0	0	0	0	169.197	980
25	29	0	0	0	0	186.457	981
25	29	0	0	0	0	182.991	982
24	29	0	0	0	0	180.029	983
25	29	0	0	0	0	167.155	984
23	28	0	0	0	0	178.234	985
23	28	0	0	0	0	179.248	986
22	28	0	0	0	0	170.886	987
22	26	0	0	0	0	177.08	988
22	26	0	0	0	0	169.243	989
23	27	0	0	0	0	159.241	990
23	27	0	0	0	0	167.221	991
23	27	0	0	0	0	164.126	992
23	26	0	0	0	0	178.363	993
23	26	0	0	0	0	169.881	994
23	26	0	0	0	0	173.93	995
23	26	0	0	0	0	159.571	996
23	27	0	0	0	0	163.145	997
23	28	0	0	0	0	183.141	998
23	28	0	0	0	0	175.816	999
23	27	0	0	0	0	174.136	1000
24	27	0	0	0	0	172.341	1001
24	26	0	0	0	0	165.59	1002
24	26	0	0	0	0	176.22	1003
25	26	0	0	0	0	166.921	1004
25	26	0	0	0	0	172.202	1005
24	26	0	0	0	0	162.889	1006
24	24	0	0	0	0	161.127	1007
25	24	0	0	0	0	153.389	1008
25	23	0	0	0	0	159.398	1009
25	23	0	0	0	0	160.408	1010
25	23	0	0	0	0	161.608	1011
26	22	0	0	0	0	164.187	1012
26	22	0	0	0	0	162.628	1013
26	22	0	0	0	0	163.807	1014
27	22	0	0	0	0	164.004	1015
27	22	0	0	0	0	179.374	1016
27	22	0	0	0	0	164.831	1017
27	22	0	0	0	0	168.507	1018
28	22	0	0	0	0	169.668	1019
28	22	0	0	0	0	162.861	1020
28	22	0	0	0	0	172.537	1021
28	22	0	0	0	0	166.42	1022
27	22	0	0	0	0	158.523	1023
26	22	0	0	0	0	159.576	1024
26	22	0	0	0	0	158.508	1025
26	21	0	0	0	0	150.425	1026
26	21	0	0	0	0	156.515	1027
26	21	0	0	0	0	169.6	1028
27	21	0	0	0	0	164.664	1029
27	21	0	0	0	0	163.888	1030
27	21	0	0	0	0	173.568	1031
27	21	0	0	0	0	158.888	1032
26	21	0	0	0	0	160.561	1033
26	21	0	0	0	0	154.046	1034
27	20	0	0	0	0	153.618	1035
27	19	0	0	0	0	150.448	1036
27	19	0	0	0	0	155.816	1037
28	19	0	0	0	0	146.516	1038
28	19	0	0	0	0	150.058	1039
28	19	0	0	0	0	151.828	1040
28	18	0	0	0	0	156.91	1041
28	18	0	0	0	0	167.035	1042
28	18	0	0	0	0	164.064	1043
28	18	0	0	0	0	156.341	1044
29	17	0	0	0	0	150.077	1045
29	17	0	0	0	0	145.572	1046
28	17	0	0	0	0	144.981	1047
28	18	0	0	0	0	152.943	1048
28	18	0	0	0	0	153.498	1049
28	18	0	0	0	0	163.683	1050
28	18	0	0	0	0	150.956	1051
28	18	0	0	0	0	158.032	1052
28	18	0	0	0	0	161.846	1053
28	19	0	0	0	0	155.255	1054
28	19	0	0	0	0	156.268	1055
28	19	0	0	0	0	166.682	1056
28	19	0	0	0	0	169.039	1057
28	19	0	0	0	0	162.071	1058
28	19	0	0	0	0	161.344	1059
29	19	0	0	0	0	162.153	1060
29	19	0	0	0	0	162.403	1061
29	19	0	0	0	0	157.234	1062
29	18	0	0	0	0	159.306	1063
30	18	0	0	0	0	171.069	1064
30	18	0	0	0	0	154.896	1065
30	18	0	0	0	0	162.02	1066
30	17	0	0	0	0	142.404	1067
31	17	0	0	0	0	159.063	1068
31	16	0	0	0	0	144.789	1069
30	16	0	0	0	0	136.256	1070
29	15	0	0	0	0	149.77	1071
31	15	0	0	0	0	149.372	1072
31	15	0	0	0	0	146.628	1073
32	17	0	0	0	0	166.063	1074
32	17	0	0	0	0	166.043	1075
32	17	0	0	0	0	166.796	1076
32	16	0	0	0	0	166.359	1077
32	16	0	0	0	0	163.837	1078
32	16	0	0	0	0	156.097	1079
32	16	0	0	0	0	141.691	1080
32	16	0	0	0	0	137.745	1081
32	16	0	0	0	0	131.443	1082
24	16	0	0	0	0	131.964	1083
24	15	0	0	0	0	135.839	1084
24	15	0	0	0	0	135.378	1085
25	15	0	0	0	0	127.042	1086
25	15	0	0	0	0	131.017	1087
25	13	0	0	0	0	134.088	1088
25	13	0	0	0	0	132.976	1089
25	13	0	0	0	0	128.051	1090
25	12	0	0	0	0	128.99	1091
25	12	0	0	0	0	124.111	1092
26	12	0	0	0	0	124.994	1093
26	11	0	0	0	0	123.818	1094
25	11	0	0	0	0	118.9	1095
25	10	0	0	0	0	115.046	1096
25	10	0	0	0	0	116.107	1097
25	10	0	0	0	0	120.662	1098
25	10	0	0	0	0	116.625	1099
25	10	0	0	0	0	121.329	1100
25	11	0	0	0	0	121.118	1101
25	11	0	0	0	0	117.462	1102
26	11	0	0	0	0	112.612	1103
26	11	0	0	0	0	134.717	1104
26	11	0	0	0	0	123.426	1105
26	11	0	0	0	0	120.86	1106
26	10	0	0	0	0	124.854	1107
26	10	0	0	0	0	117.704	1108
26	10	0	0	0	0	120.955	1109
26	10	0	0	0	0	124.015	1110
26	9	0	0	0	0	119.994	1111
26	9	0	0	0	0	122.197	1112
26	9	0	0	0	0	116.775	1113
26	9	0	0	0	0	118.974	1114
25	8	0	0	0	0	107.527	1115
25	8	0	0	0	0	112.216	1116
24	8	0	0	0	0	97.7903	1117
24	8	0	0	0	0	111.839	1118
24	8	0	0	0	0	103.098	1119
24	8	0	0	0	0	106.936	1120
24	8	0	0	0	0	110.694	1121
24	8	0	0	0	0	106.772	1122
24	8	0	0	0	0	104.622	1123
24	8	0	0	0	0	92.6111	1124
19	8	0	0	0	0	85.1681	1125
19	7	0	0	0	0	81.8214	1126
21	7	0	0	0	0	88.6163	1127
21	7	0	0	0	0	98.7951	1128
21	7	0	0	0	0	90.7392	1129
20	7	0	0	0	0	91.6634	1130
20	7	0	0	0	0	87.8012	1131
20	7	0	0	0	0	91.158	1132
20	7	0	0	0	0	86.4671	1133
20	7	0	0	0	0	90.6845	1134
20	7	0	0	0	0	84.4735	1135
20	6	0	0	0	0	81.0265	1136
20	6	0	0	0	0	92.3833	1137
20	6	0	0	0	0	82.997	1138
20	6	0	0	0	0	84.5777	1139
19	6	0	0	0	0	83.1779	1140
19	8	0	0	0	0	90.0971	1141
19	8	0	0	0	0	90.3689	1142
19	8	0	0	0	0	90.4649	1143
19	8	0	0	0	0	97.2776	1144
19	8	0	0	0	0	95.4015	1145
19	8	0	0	0	0	94.46	1146
20	8	0	0	0	0	93.2097	1147
20	9	0	0	0	0	91.2432	1148
20	9	0	0	0	0	101.798	1149
20	9	0	0	0	0	87.0837	1150
19	9	0	0	0	0	98.001	1151
19	9	0	0	0	0	87.0596	1152
19	9	0	0	0	0	94.6015	1153
18	9	0	0	0	0	98.4441	1154
19	9	0	0	0	0	88.3994	1155
19	9	0	0	0	0	94.9051	1156
19	9	0	0	0	0	96.6342	1157
19	9	0	0	0	0	92.0415	1158
19	9	0	0	0	0	86.0229	1159
19	9	0	0	0	0	102.429	1160
19	9	0	0	0	0	88.7659	1161
18	9	0	0	0	0	92.2119	1162
17	9	0	0	0	0	88.8668	1163
17	9	0	0	0	0	89.1598	1164
17	9	0	0	0	0	85.3809	1165
17	8	0	0	0	0	84.9293	1166
17	8	0	0	0	0	88.4587	1167
17	8	0	0	0	0	81.9313	1168
16	8	0	0	0	0	84.3542	1169
16	8	0	0	0	0	81.4597	1170
16	13	0	0	0	0	77.391	1171
16	13	0	0	0	0	103.082	1172
18	13	0	0	0	0	101.003	1173
18	13	0	0	0	0	101.992	1174
18	13	0	0	0	0	110.148	1175
18	13	0	0	0	0	100.892	1176
18	13	0	0	0	0	106.946	1177
18	13	0	0	0	0	109.443	1178
18	14	0	0	0	0	108.453	1179
18	14	0	0	0	0	115.993	1180
18	15	0	0	0	0	106.884	1181
18	15	0	0	0	0	106.836	1182
18	15	0	0	0	0	120.112	1183
18	16	0	0	0	0	114.353	1184
18	16	0	0	0	0	110.25	1185
17	16	0	0	0	0	110.217	1186
17	16	0	0	0	0	118.817	1187
17	16	0	0	0	0	118.183	1188
17	16	0	0	0	0	106.41	1189
17	15	0	0	0	0	111.339	1190
17	15	0	0	0	0	105.471	1191
17	14	0	0	0	0	111.926	1192
17	14	0	0	0	0	104.802	1193
16	14	0	0	0	0	99.7232	1194
17	14	0	0	0	0	107.592	1195
17	14	0	0	0	0	100.455	1196
18	14	0	0	0	0	111.623	1197
18	13	0	0	0	0	99.3254	1198
19	13	0	0	0	0	111.244	1199
19	13	0	0	0	0	111.302	1200
19	13	0	0	0	0	106.965	1201
18	13	0	0	0	0	97.9419	1202
17	14	0	0	0	0	109.647	1203
17	14	0	0	0	0	105.882	1204
17	14	0	0	0	0	99.5667	1205
17	14	0	0	0	0	105.388	1206
17	14	0	0	0	0	105.083	1207
17	14	0	0	0	0	101.065	1208
18	14	0	0	0	0	100.424	1209
15	14	0	0	0	0	85.8028	1210
15	14	0	0	0	0	99.8218	1211
15	13	0	0	0	0	96.3714	1212
15	12	0	0	0	0	88.3659	1213
15	12	0	0	0	0	89.3459	1214
16	11	0	0	0	0	89.1258	1215
17	11	0	0	0	0	87.6356	1216
17	11	0	0	0	0	89.2199	1217
18	11	0	0	0	0	96.9365	1218
19	11	0	0	0	0	103.128	1219
19	11	0	0	0	0	98.5799	1220
19	11	0	0	0	0	98.5594	1221
18	11	0	0	0	0	96.3066	1222
17	11	0	0	0	0	98.1728	1223
16	11	0	0	0	0	91.259	1224
16	12	0	0	0	0	93.5471	1225
16	12	0	0	0	0	99.6623	1226
16	12	0	0	0	0	95.8573	1227
15	12	0	0	0	0	91.3052	1228
15	12	0	0	0	0	92.7498	1229
15	12	0	0	0	0	94.3336	1230
15	12	0	0	0	0	96.5021	1231
15	13	0	0	0	0	94.6933	1232
15	13	0	0	0	0	93.4428	1233
15	13	0	0	0	0	92.8012	1234
14	13	0	0	0	0	90.9574	1235
14	14	0	0	0	0	92.1277	1236
14	14	0	0	0	0	92.2216	1237
14	15	0	0	0	0	95.1316	1238
14	15	0	0	0	0	86.6672	1239
14	15	0	0	0	0	91.9184	1240
14	15	0	0	0	0	92.2799	1241
14	15	0	0	0	0	95.5693	1242
13	15	0	0	0	0	97.7798	1243
13	16	0	0	0	0	99.9484	1244
13	16	0	0	0	0	90.7648	1245
13	17	0	0	0	0	94.2063	1246
13	17	0	0	0	0	96.0003	1247
13	16	0	0	0	0	79.216	1248
12	16	0	0	0	0	95.5197	1249
12	16	0	0	0	0	95.3322	1250
12	16	0	0	0	0	92.5018	1251
12	16	0	0	0	0	94.9358	1252
10	16	0	0	0	0	84.9831	1253
10	16	0	0	0	0	89.5093	1254
10	16	0	0	0	0	87.9952	1255
11	16	0	0	0	0	92.4249	1256
10	16	0	0	0	0	85.2248	1257
10	16	0	0	0	0	76.5975	1258
10	16	0	0	0	0	76.0781	1259
10	15	0	0	0	0	67.282	1260
11	15	0	0	0	0	68.6675	1261
11	14	0	0	0	0	67.3431	1262
9	14	0	0	0	0	69.1646	1263
9	14	0	0	0	0	66.963	1264
9	14	0	0	0	0	70.2421	1265
9	13	0	0	0	0	74.5337	1266
9	13	0	0	0	0	75.3031	1267
9	13	0	0	0	0	74.3485	1268
11	13	0	0	0	0	66.2608	1269
11	13	0	0	0	0	81.8804	1270
11	13	0	0	0	0	80.3556	1271
11	13	0	0	0	0	73.9087	1272
11	13	0	0	0	0	83.2466	1273
11	13	0	0	0	0	83.2942	1274
11	13	0	0	0	0	84.7154	1275
11	14	0	0	0	0	84.6362	1276
11	14	0	0	0	0	87.785	1277
11	14	0	0	0	0	85.2231	1278
12	14	0	0	0	0	88.339	1279
12	14	0	0	0	0	90.8929	1280
12	14	0	0	0	0	89.5905	1281
12	14	0	0	0	0	89.6499	1282
12	14	0	0	0	0	90.6876	1283
12	14	0	0	0	0	91.405	1284
12	14	0	0	0	0	86.4826	1285
13	14	0	0	0	0	90.1871	1286
14	14	0	0	0	0	91.4053	1287
14	14	0	0	0	0	97.3208	1288
14	13	0	0	0	0	93.1655	1289
14	13	0	0	0	0	83.8605	1290
15	12	0	0	0	0	85.2887	1291
15	12	0	0	0	0	89.4497	1292
15	12	0	0	0	0	87.7666	1293
15	12	0	0	0	0	90.6726	1294
15	12	0	0	0	0	93.8183	1295
15	12	0	0	0	0	79.1899	1296
15	11	0	0	0	0	81.8335	1297
15	11	0	0	0	0	84.1386	1298
15	11	0	0	0	0	88.2407	1299
15	11	0	0	0	0	88.5708	1300
15	11	0	0	0	0	82.8701	1301
14	11	0	0	0	0	70.2007	1302
12	11	0	0	0	0	80.6863	1303
12	11	0	0	0	0	74.2193	1304
12	11	0	0	0	0	76.8176	1305
12	11	0	0	0	0	76.6833	1306
12	11	0	0	0	0	79.1293	1307
13	12	0	0	0	0	72.1956	1308
13	12	0	0	0	0	86.275	1309
13	12	0	0	0	0	72.4097	1310
14	12	0	0	0	0	77.0374	1311
15	11	0	0	0	0	79.48	1312
15	11	0	0	0	0	79.818	1313
14	11	0	0	0	0	87.4653	1314
14	11	0	0	0	0	86.5925	1315
15	11	0	0	0	0	78.3452	1316
14	11	0	0	0	0	78.5911	1317
14	11	0	0	0	0	78.9243	1318
14	11	0	0	0	0	74.8665	1319
14	11	0	0	0	0	83.827	1320
15	10	0	0	0	0	74.7228	1321
15	9	0	0	0	0	76.9917	1322
14	9	0	0	0	0	76.8492	1323
14	9	0	0	0	0	73.3093	1324
14	9	0	0	0	0	69.5983	1325
14	9	0	0	0	0	79.8904	1326
14	9	0	0	0	0	74.8953	1327
14	9	0	0	0	0	79.499	1328
15	9	0	0	0	0	64.5643	1329
15	9	0	0	0	0	81.7332	1330
15	9	0	0	0	0	82.6152	1331
15	9	0	0	0	0	78.9538	1332
15	9	0	0	0	0	78.1249	1333
15	9	0	0	0	0	78.769	1334
15	9	0	0	0	0	79.579	1335
15	9	0	0	0	0	75.188	1336
15	8	0	0	0	0	80.6657	1337
15	9	0	0	0	0	79.4529	1338
15	9	0	0	0	0	83.1843	1339
15	9	0	0	0	0	71.5902	1340
15	9	0	0	0	0	75.1688	1341
15	9	0	0	0	0	87.4589	1342
15	9	0	0	0	0	82.9637	1343
16	9	0	0	0	0	81.764	1344
16	9	0	0	0	0	83.0257	1345
15	9	0	0	0	0	74.1855	1346
14	8	0	0	0	0	65.7695	1347
14	8	0	0	0	0	72.4277	1348
14	8	0	0	0	0	76.1236	1349
14	9	0	0	0	0	74.0368	1350
14	9	0	0	0	0	76.3287	1351
14	9	0	0	0	0	80.6569	1352
14	9	0	0	0	0	76.6133	1353
15	10	0	0	0	0	74.3928	1354
15	10	0	0	0	0	65.5814	1355
15	9	0	0	0	0	71.369	1356
15	9	0	0	0	0	66.9867	1357
15	9	0	0	0	0	71.9266	1358
13	8	0	0	0	0	71.1525	1359
13	8	0	0	0	0	71.5379	1360
14	8	0	0	0	0	68.9985	1361
14	8	0	0	0	0	72.082	1362
14	8	0	0	0	0	69.5298	1363
14	8	0	0	0	0	65.9994	1364
14	8	0	0	0	0	74.92	1365
14	9	0	0	0	0	75.6981	1366
15	9	0	0	0	0	76.7985	1367
15	12	0	0	0	0	73.1687	1368
15	12	0	0	0	0	72.8265	1369
15	13	0	0	0	0	72.8286	1370
15	13	0	0	0	0	76.6978	1371
15	13	0	0	0	0	68.4696	1372
15	13	0	0	0	0	75.2399	1373
15	13	0	0	0	0	80.033	1374
15	13	0	0	0	0	77.429	1375
15	13	0	0	0	0	96.1881	1376
13	13	0	0	0	0	86.3713	1377
13	13	0	0	0	0	89.2582	1378
14	15	0	0	0	0	90.1338	1379
14	15	0	0	0	0	92.2381	1380
14	15	0	0	0	0	96.7638	1381
14	15	0	0	0	0	102.486	1382
15	15	0	0	0	0	99.9963	1383
15	15	0	0	0	0	100.986	1384
15	17	0	0	0	0	95.2605	1385
17	17	0	0	0	0	92.3677	1386
17	18	0	0	0	0	114.424	1387
16	17	0	0	0	0	108.13	1388
16	17	0	0	0	0	110.639	1389
16	17	0	0	0	0	112.302	1390
16	17	0	0	0	0	117.551	1391
16	17	0	0	0	0	97.4308	1392
16	17	0	0	0	0	106.739	1393
15	16	0	0	0	0	111.154	1394
15	15	0	0	0	0	99.4649	1395
15	14	0	0	0	0	97.0729	1396
15	14	0	0	0	0	101.812	1397
15	14	0	0	0	0	101.372	1398
15	15	0	0	0	0	102.005	1399
15	15	0	0	0	0	104.495	1400
15	15	0	0	0	0	103.585	1401
15	14	0	0	0	0	96.5277	1402
15	14	0	0	0	0	102.219	1403
15	14	0	0	0	0	97.8631	1404
15	13	0	0	0	0	95.4286	1405
15	13	0	0	0	0	93.6813	1406
15	14	0	0	0	0	90.816	1407
15	15	0	0	0	0	108.044	1408
15	15	0	0	0	0	103.59	1409
15	17	0	0	0	0	106.399	1410
15	17	0	0	0	0	94.7274	1411
17	17	0	0	0	0	96.5237	1412
17	17	0	0	0	0	77.6617	1413
17	16	0	0	0	0	77.0729	1414
17	15	0	0	0	0	91.4009	1415
17	15	0	0	0	0	90.8439	1416
16	15	0	0	0	0	88.0391	1417
16	15	0	0	0	0	91.5595	1418
12	15	0	0	0	0	92.4182	1419
12	15	0	0	0	0	85.83	1420
12	15	0	0	0	0	81.1636	1421
11	14	0	0	0	0	86.5756	1422
11	14	0	0	0	0	92.5057	1423
11	14	0	0	0	0	79.7359	1424
12	14	0	0	0	0	84.4839	1425
12	14	0	0	0	0	88.4189	1426
12	14	0	0	0	0	88.5521	1427
12	14	0	0	0	0	81.3417	1428
12	14	0	0	0	0	91.9753	1429
12	14	0	0	0	0	92.7946	1430
12	14	0	0	0	0	90.6812	1431
12	14	0	0	0	0	86.8565	1432
12	15	0	0	0	0	87.0402	1433
12	15	0	0	0	0	88.2143	1434
12	14	0	0	0	0	91.5008	1435
12	14	0	0	0	0	86.0963	1436
13	13	0	0	0	0	83.383	1437
13	13	0	0	0	0	92.232	1438
13	13	0	0	0	0	83.1495	1439
13	13	0	0	0	0	75.3634	1440
13	13	0	0	0	0	92.472	1441
13	13	0	0	0	0	80.1955	1442
13	14	0	0	0	0	83.9771	1443
13	14	0	0	0	0	82.4154	1444
13	13	0	0	0	0	91.5672	1445
13	13	0	0	0	0	86.9047	1446
12	13	0	0	0	0	85.2188	1447
12	13	0	0	0	0	83.991	1448
13	13	0	0	0	0	81.8206	1449
14	12	0	0	0	0	91.7673	1450
14	13	0	0	0	0	84.1555	1451
13	13	0	0	0	0	91.4494	1452
13	13	0	0	0	0	89.6244	1453
13	14	0	0	0	0	92.9454	1454
13	14	0	0	0	0	83.6734	1455
13	13	0	0	0	0	85.7446	1456
14	13	0	0	0	0	85.762	1457
14	13	0	0	0	0	89.6334	1458
14	13	0	0	0	0	87.6406	1459
14	13	0	0	0	0	91.4817	1460
14	13	0	0	0	0	88.1537	1461
14	13	0	0	0	0	99.854	1462
14	13	0	0	0	0	95.1671	1463
14	13	0	0	0	0	95.1596	1464
14	13	0	0	0	0	92.1187	1465
14	13	0	0	0	0	97.7797	1466
14	13	0	0	0	0	93.8384	1467
14	13	0	0	0	0	99.7676	1468
14	13	0	0	0	0	84.8916	1469
14	13	0	0	0	0	91.6458	1470
14	13	0	0	0	0	95.3682	1471
15	12	0	0	0	0	78.8386	1472
16	12	0	0	0	0	84.7129	1473
17	12	0	0	0	0	93.9683	1474
17	12	0	0	0	0	104.556	1475
17	12	0	0	0	0	95.4548	1476
17	12	0	0	0	0	99.5567	1477
17	12	0	0	0	0	93.7521	1478
17	11	0	0	0	0	85.646	1479
17	11	0	0	0	0	93.1549	1480
18	12	0	0	0	0	90.2299	1481
19	11	0	0	0	0	100.187	1482
19	11	0	0	0	0	86.3624	1483
20	11	0	0	0	0	91.7576	1484
20	11	0	0	0	0	91.8658	1485
18	10	0	0	0	0	94.5031	1486
18	10	0	0	0	0	92.3452	1487
20	10	0	0	0	0	87.1959	1488
20	10	0	0	0	0	97.7869	1489
20	10	0	0	0	0	97.5898	1490
20	10	0	0	0	0	99.5891	1491
21	10	0	0	0	0	103.414	1492
21	10	0	0	0	0	106.938	1493
21	10	0	0	0	0	99.8501	1494
22	11	0	0	0	0	101.762	1495
22	11	0	0	0	0	119.381	1496
22	11	0	0	0	0	112.927	1497
22	11	0	0	0	0	105.366	1498
23	12	0	0	0	0	111.664	1499
23	13	0	0	0	0	102.154	1500
23	13	0	0	0	0	111.826	1501
24	13	0	0	0	0	128.454	1502
24	13	0	0	0	0	118.874	1503
24	13	0	0	0	0	113.585	1504
24	13	0	0	0	0	138.566	1505
24	13	0	0	0	0	131.223	1506
24	13	0	0	0	0	125.385	1507
24	13	0	0	0	0	114.195	1508
24	12	0	0	0	0	116.165	1509
24	12	0	0	0	0	121.718	1510
24	12	0	0	0	0	118.946	1511
24	14	0	0	0	0	128.254	1512
24	14	0	0	0	0	126.782	1513
24	14	0	0	0	0	128.683	1514
24	14	0	0	0	0	119.496	1515
24	12	0	0	0	0	125.913	1516
24	12	0	0	0	0	120.686	1517
24	12	0	0	0	0	127.293	1518
24	12	0	0	0	0	127.159	1519
24	12	0	0	0	0	117.535	1520
24	12	0	0	0	0	129.874	1521
24	12	0	0	0	0	130.91	1522
25	12	0	0	0	0	128.622	1523
25	14	0	0	0	0	126.092	1524
25	14	0	0	0	0	112.351	1525
26	13	0	0	0	0	129.519	1526
27	17	0	0	0	0	134.896	1527
27	19	0	0	0	0	137.981	1528
27	18	0	0	0	0	155.543	1529
27	18	0	0	0	0	149.281	1530
27	18	0	0	0	0	152.942	1531
27	18	0	0	0	0	153.716	1532
27	18	0	0	0	0	151.375	1533
27	18	0	0	0	0	151.506	1534
27	17	0	0	0	0	148.458	1535
25	17	0	0	0	0	151.18	1536
25	17	0	0	0	0	142.187	1537
25	16	0	0	0	0	139.249	1538
25	16	0	0	0	0	142.94	1539
25	16	0	0	0	0	152.428	1540
25	16	0	0	0	0	143.713	1541
25	16	0	0	0	0	151.605	1542
25	16	0	0	0	0	147.066	1543
25	16	0	0	0	0	141.262	1544
25	16	0	0	0	0	146.236	1545
25	16	0	0	0	0	143.592	1546
25	16	0	0	0	0	151.601	1547
24	16	0	0	0	0	137.196	1548
24	16	0	0	0	0	141.379	1549
24	16	0	0	0	0	133.868	1550
23	16	0	0	0	0	127.399	1551
22	16	0	0	0	0	123.561	1552
21	16	0	0	0	0	129.44	1553
20	16	0	0	0	0	123.802	1554
20	15	0	0	0	0	122.209	1555
20	15	0	0	0	0	125.192	1556
20	17	0	0	0	0	111.692	1557
20	17	0	0	0	0	119.16	1558
21	18	0	0	0	0	121.596	1559
21	19	0	0	0	0	118.832	1560
21	19	0	0	0	0	118.753	1561
21	19	0	0	0	0	114.337	1562
20	20	0	0	0	0	132.424	1563
20	20	0	0	0	0	134.583	1564
20	20	0	0	0	0	139.791	1565
19	20	0	0	0	0	130.231	1566
19	20	0	0	0	0	141.131	1567
18	20	0	0	0	0	139.071	1568
19	20	0	0	0	0	129.619	1569
19	19	0	0	0	0	134.412	1570
19	19	0	0	0	0	134.716	1571
18	18	0	0	0	0	128.753	1572
19	18	0	0	0	0	122.952	1573
19	18	0	0	0	0	130.908	1574
19	18	0	0	0	0	123.821	1575
19	18	0	0	0	0	115.388	1576
20	18	0	0	0	0	127.943	1577
20	19	0	0	0	0	131.546	1578
20	19	0	0	0	0	128.908	1579
20	19	0	0	0	0	127.899	1580
20	19	0	0	0	0	124.471	1581
20	19	0	0	0	0	141.561	1582
20	19	0	0	0	0	138.319	1583
20	19	0	0	0	0	139.052	1584
20	19	0	0	0	0	131.284	1585
20	19	0	0	0	0	128.728	1586
20	19	0	0	0	0	128.765	1587
20	18	0	0	0	0	135.021	1588
20	18	0	0	0	0	119.696	1589
20	18	0	0	0	0	116.892	1590
20	18	0	0	0	0	121.146	1591
20	16	0	0	0	0	126.598	1592
21	16	0	0	0	0	125.07	1593
21	15	0	0	0	0	118.347	1594
21	15	0	0	0	0	132.969	1595
21	15	0	0	0	0	119.31	1596
21	15	0	0	0	0	119.016	1597
22	15	0	0	0	0	129.453	1598
21	15	0	0	0	0	117.924	1599
20	15	0	0	0	0	117.2	1600
18	15	0	0	0	0	113.802	1601
18	16	0	0	0	0	118.49	1602
18	16	0	0	0	0	114.537	1603
18	16	0	0	0	0	117.36	1604
18	16	0	0	0	0	120.1	1605
18	16	0	0	0	0	106.783	1606
18	16	0	0	0	0	110.846	1607
18	17	0	0	0	0	116.666	1608
16	17	0	0	0	0	110.822	1609
16	17	0	0	0	0	109.939	1610
18	17	0	0	0	0	109.321	1611
18	17	0	0	0	0	112.047	1612
19	17	0	0	0	0	108.585	1613
19	17	0	0	0	0	116.761	1614
19	18	0	0	0	0	108.73	1615
20	19	0	0	0	0	124.433	1616
20	21	0	0	0	0	123.435	1617
20	21	0	0	0	0	145.523	1618
20	21	0	0	0	0	135.585	1619
21	21	0	0	0	0	141.209	1620
22	21	0	0	0	0	142.14	1621
21	21	0	0	0	0	124.16	1622
21	22	0	0	0	0	132.094	1623
17	22	0	0	0	0	134.802	1624
17	22	0	0	0	0	133.489	1625
18	22	0	0	0	0	131.536	1626
18	22	0	0	0	0	140.858	1627
18	22	0	0	0	0	139.294	1628
18	22	0	0	0	0	133.972	1629
18	22	0	0	0	0	129.508	1630
18	21	0	0	0	0	131.935	1631
18	20	0	0	0	0	129.286	1632
18	20	0	0	0	0	117.445	1633
18	20	0	0	0	0	129.359	1634
19	20	0	0	0	0	133.317	1635
19	20	0	0	0	0	133.497	1636
19	20	0	0	0	0	135.204	1637
19	20	0	0	0	0	132.137	1638
18	20	0	0	0	0	132.163	1639
18	19	0	0	0	0	124.881	1640
18	19	0	0	0	0	128.3	1641
18	19	0	0	0	0	125.483	1642
19	20	0	0	0	0	119.751	1643
19	20	0	0	0	0	136.876	1644
19	19	0	0	0	0	127.058	1645
19	19	0	0	0	0	133.946	1646
19	18	0	0	0	0	110.462	1647
19	16	0	0	0	0	120.351	1648
19	16	0	0	0	0	110.529	1649
19	15	0	0	0	0	119.018	1650
19	14	0	0	0	0	108.283	1651
18	14	0	0	0	0	116.417	1652
18	14	0	0	0	0	105.767	1653
18	14	0	0	0	0	115.916	1654
18	14	0	0	0	0	111.239	1655
18	13	0	0	0	0	96.6575	1656
18	13	0	0	0	0	101.508	1657
18	12	0	0	0	0	104.612	1658
18	12	0	0	0	0	107.111	1659
18	12	0	0	0	0	108.072	1660
18	12	0	0	0	0	99.2458	1661
19	12	0	0	0	0	102.865	1662
19	12	0	0	0	0	107.362	1663
19	13	0	0	0	0	114.978	1664
19	13	0	0	0	0	113.43	1665
19	13	0	0	0	0	105.199	1666
19	13	0	0	0	0	108.266	1667
18	13	0	0	0	0	100.21	1668
18	13	0	0	0	0	103.782	1669
17	13	0	0	0	0	100.368	1670
16	13	0	0	0	0	84.1252	1671
18	13	0	0	0	0	91.4668	1672
18	13	0	0	0	0	79.6177	1673
18	13	0	0	0	0	91.1045	1674
18	13	0	0	0	0	95.4061	1675
17	13	0	0	0	0	77.9732	1676
17	13	0	0	0	0	86.1882	1677
17	11	0	0	0	0	92.7463	1678
17	11	0	0	0	0	89.2727	1679
17	11	0	0	0	0	98.1169	1680
17	11	0	0	0	0	96.3497	1681
17	11	0	0	0	0	89.3117	1682
17	11	0	0	0	0	96.9348	1683
17	11	0	0	0	0	91.5079	1684
18	11	0	0	0	0	95.1354	1685
18	10	0	0	0	0	97.9462	1686
19	10	0	0	0	0	95.3175	1687
20	10	0	0	0	0	92.4248	1688
19	11	0	0	0	0	97.614	1689
19	11	0	0	0	0	99.7088	1690
19	11	0	0	0	0	105.998	1691
20	11	0	0	0	0	107.379	1692
20	11	0	0	0	0	107.55	1693
20	11	0	0	0	0	108.127	1694
20	11	0	0	0	0	102.556	1695
21	11	0	0	0	0	102.616	1696
21	10	0	0	0	0	107.724	1697
21	9	0	0	0	0	102.736	1698
21	9	0	0	0	0	85.099	1699
21	9	0	0	0	0	111.127	1700
21	9	0	0	0	0	99.6003	1701
21	9	0	0	0	0	100.225	1702
21	9	0	0	0	0	87.3063	1703
21	9	0	0	0	0	97.4261	1704
22	7	0	0	0	0	92.812	1705
23	7	0	0	0	0	104.149	1706
23	6	0	0	0	0	84.1642	1707
23	6	0	0	0	0	85.8144	1708
21	5	0	0	0	0	83.3072	1709
21	5	0	0	0	0	84.5034	1710
22	5	0	0	0	0	73.9659	1711
21	5	0	0	0	0	68.5245	1712
21	6	0	0	0	0	79.5971	1713
19	6	0	0	0	0	70.4962	1714
18	6	0	0	0	0	80.5328	1715
19	6	0	0	0	0	74.4138	1716
19	7	0	0	0	0	74.9492	1717
19	7	0	0	0	0	82.2192	1718
18	7	0	0	0	0	84.8875	1719
19	7	0	0	0	0	81.9326	1720
20	7	0	0	0	0	78.4553	1721
19	7	0	0	0	0	89.2834	1722
19	7	0	0	0	0	82.4384	1723
19	7	0	0	0	0	85.1729	1724
17	7	0	0	0	0	74.9707	1725
17	7	0	0	0	0	78.3251	1726
17	7	0	0	0	0	83.6451	1727
17	7	0	0	0	0	80.5641	1728
17	7	0	0	0	0	62.0721	1729
18	8	0	0	0	0	74.7818	1730
18	8	0	0	0	0	68.2081	1731
18	7	0	0	0	0	67.7202	1732
17	7	0	0	0	0	86.0821	1733
17	7	0	0	0	0	74.1943	1734
17	7	0	0	0	0	72.795	1735
17	7	0	0	0	0	79.3673	1736
17	8	0	0	0	0	83.2862	1737
17	8	0	0	0	0	87.5385	1738
17	8	0	0	0	0	85.5206	1739
17	8	0	0	0	0	78.3815	1740
17	8	0	0	0	0	79.4057	1741
17	8	0	0	0	0	83.4526	1742
16	8	0	0	0	0	79.4297	1743
16	8	0	0	0	0	81.014	1744
16	8	0	0	0	0	83.6671	1745
16	9	0	0	0	0	78.8463	1746
16	11	0	0	0	0	77.8062	1747
16	11	0	0	0	0	83.4526	1748
16	10	0	0	0	0	87.7758	1749
16	10	0	0	0	0	88.0039	1750
16	11	0	0	0	0	91.1757	1751
16	11	0	0	0	0	98.5591	1752
16	11	0	0	0	0	95.2899	1753
16	11	0	0	0	0	94.1877	1754
16	11	0	0	0	0	87.6314	1755
16	11	0	0	0	0	88.7737	1756
16	11	0	0	0	0	87.4986	1757
15	11	0	0	0	0	87.274	1758
15	11	0	0	0	0	91.2451	1759
15	11	0	0	0	0	87.5842	1760
13	11	0	0	0	0	71.896	1761
13	11	0	0	0	0	80.5879	1762
13	11	0	0	0	0	79.1704	1763
13	11	0	0	0	0	84.4674	1764
13	11	0	0	0	0	84.9407	1765
13	11	0	0	0	0	74.9793	1766
13	11	0	0	0	0	79.2338	1767
13	11	0	0	0	0	84.0995	1768
14	11	0	0	0	0	77.2732	1769
14	11	0	0	0	0	71.5229	1770
13	10	0	0	0	0	80.5355	1771
13	10	0	0	0	0	79.62	1772
13	10	0	0	0	0	77.653	1773
13	10	0	0	0	0	79.923	1774
14	10	0	0	0	0	76.6032	1775
13	10	0	0	0	0	72.1679	1776
13	10	0	0	0	0	76.7154	1777
13	10	0	0	0	0	76.9739	1778
13	10	0	0	0	0	66.2674	1779
13	11	0	0	0	0	83.26	1780
13	11	0	0	0	0	74.3611	1781
13	11	0	0	0	0	77.589	1782
14	11	0	0	0	0	84.4917	1783
14	11	0	0	0	0	79.816	1784
14	11	0	0	0	0	84.4211	1785
14	11	0	0	0	0	82.7702	1786
14	11	0	0	0	0	85.8146	1787
14	12	0	0	0	0	73.8574	1788
14	12	0	0	0	0	88.7691	1789
14	12	0	0	0	0	82.476	1790
14	12	0	0	0	0	90.1789	1791
14	12	0	0	0	0	88.694	1792
14	12	0	0	0	0	92.012	1793
14	12	0	0	0	0	92.192	1794
14	13	0	0	0	0	92.8777	1795
14	13	0	0	0	0	94.9543	1796
14	13	0	0	0	0	96.4282	1797
14	13	0	0	0	0	90.4041	1798
14	12	0	0	0	0	87.0399	1799
14	12	0	0	0	0	86.0528	1800
14	12	0	0	0	0	92.1541	1801
13	12	0	0	0	0	80.485	1802
13	12	0	0	0	0	69.1712	1803
14	12	0	0	0	0	84.5699	1804
14	12	0	0	0	0	93.4576	1805
14	12	0	0	0	0	80.5402	1806
14	12	0	0	0	0	81.6593	1807
14	11	0	0	0	0	90.6327	1808
14	11	0	0	0	0	83.2744	1809
15	11	0	0	0	0	88.3389	1810
15	11	0	0	0	0	77.4454	1811
14	12	0	0	0	0	87.5694	1812
14	12	0	0	0	0	89.6541	1813
14	13	0	0	0	0	89.9983	1814
14	13	0	0	0	0	80.7327	1815
14	13	0	0	0	0	89.0863	1816
14	13	0	0	0	0	84.0255	1817
14	13	0	0	0	0	87.8628	1818
14	13	0	0	0	0	91.4102	1819
14	14	0	0	0	0	86.6364	1820
13	14	0	0	0	0	86.0867	1821
13	13	0	0	0	0	77.8977	1822
15	12	0	0	0	0	82.801	1823
15	12	0	0	0	0	85.3458	1824
15	12	0	0	0	0	85.029	1825
15	12	0	0	0	0	95.9672	1826
15	12	0	0	0	0	87.973	1827
14	12	0	0	0	0	80.639	1828
14	12	0	0	0	0	80.5388	1829
14	13	0	0	0	0	87.3635	1830
14	13	0	0	0	0	89.3279	1831
14	13	0	0	0	0	85.905	1832
14	13	0	0	0	0	96.1438	1833
14	13	0	0	0	0	81.6298	1834
13	13	0	0	0	0	82.6582	1835
13	13	0	0	0	0	83.4199	1836
12	12	0	0	0	0	81.8102	1837
13	12	0	0	0	0	83.5281	1838
13	12	0	0	0	0	84.6876	1839
13	12	0	0	0	0	84.5971	1840
13	12	0	0	0	0	87.6174	1841
13	12	0	0	0	0	86.486	1842
13	12	0	0	0	0	92.4632	1843
13	12	0	0	0	0	87.0748	1844
14	13	0	0	0	0	86.9966	1845
14	14	0	0	0	0	93.7983	1846
14	14	0	0	0	0	91.5808	1847
14	14	0	0	0	0	90.4281	1848
14	14	0	0	0	0	94.1903	1849
15	14	0	0	0	0	80.277	1850
15	13	0	0	0	0	92.242	1851
15	13	0	0	0	0	78.2858	1852
15	13	0	0	0	0	83.3962	1853
14	13	0	0	0	0	85.2504	1854
14	13	0	0	0	0	86.867	1855
14	13	0	0	0	0	81.8374	1856
14	13	0	0	0	0	90.0628	1857
14	13	0	0	0	0	86.6111	1858
15	13	0	0	0	0	87.7269	1859
14	12	0	0	0	0	77.6509	1860
13	13	0	0	0	0	84.4883	1861
13	13	0	0	0	0	92.1362	1862
13	13	0	0	0	0	75.1587	1863
13	14	0	0	0	0	74.7793	1864
13	14	0	0	0	0	71.8149	1865
13	13	0	0	0	0	75.5211	1866
12	12	0	0	0	0	71.1695	1867
12	12	0	0	0	0	75.8707	1868
12	11	0	0	0	0	63.3635	1869
12	12	0	0	0	0	79.1174	1870
12	12	0	0	0	0	81.1075	1871
12	12	0	0	0	0	78.9427	1872
12	12	0	0	0	0	69.8671	1873
12	12	0	0	0	0	78.4159	1874
12	11	0	0	0	0	72.2091	1875
12	11	0	0	0	0	79.8983	1876
12	11	0	0	0	0	77.903	1877
12	11	0	0	0	0	69.5398	1878
12	11	0	0	0	0	72.6783	1879
11	11	0	0	0	0	71.6621	1880
12	11	0	0	0	0	71.601	1881
12	11	0	0	0	0	76.8724	1882
11	11	0	0	0	0	76.1582	1883
11	11	0	0	0	0	68.4111	1884
11	11	0	0	0	0	75.4381	1885
11	10	0	0	0	0	68.2757	1886
11	10	0	0	0	0	68.0622	1887
11	10	0	0	0	0	66.5615	1888
11	10	0	0	0	0	74.4581	1889
11	10	0	0	0	0	68.1982	1890
11	11	0	0	0	0	71.5222	1891
11	10	0	0	0	0	66.2792	1892
11	10	0	0	0	0	69.6514	1893
11	10	0	0	0	0	70.0224	1894
11	10	0	0	0	0	67.7568	1895
11	9	0	0	0	0	67.8191	1896
11	9	0	0	0	0	59.8657	1897
11	9	0	0	0	0	70.2821	1898
11	9	0	0	0	0	63.536	1899
11	9	0	0	0	0	63.7371	1900
10	9	0	0	0	0	60.1512	1901
11	9	0	0	0	0	63.0041	1902
11	9	0	0	0	0	60.4707	1903
11	9	0	0	0	0	59.7871	1904
11	9	0	0	0	0	62.3548	1905
11	9	0	0	0	0	65.4945	1906
11	9	0	0	0	0	72.4271	1907
11	9	0	0	0	0	61.2988	1908
11	9	0	0	0	0	56.8416	1909
11	9	0	0	0	0	63.6126	1910
11	9	0	0	0	0	60.7664	1911
11	9	0	0	0	0	60.7126	1912
11	8	0	0	0	0	64.3308	1913
11	8	0	0	0	0	60.7217	1914
11	8	0	0	0	0	64.3075	1915
11	8	0	0	0	0	66.6786	1916
11	8	0	0	0	0	63.4839	1917
11	8	0	0	0	0	65.5298	1918
11	8	0	0	0	0	60.2752	1919
11	8	0	0	0	0	65.7032	1920
11	9	0	0	0	0	65.7356	1921
11	9	0	0	0	0	60.9136	1922
11	9	0	0	0	0	62.4294	1923
11	9	0	0	0	0	66.8984	1924
11	9	0	0	0	0	61.0734	1925
11	9	0	0	0	0	67.2325	1926
11	9	0	0	0	0	64.6433	1927
11	9	0	0	0	0	64.3932	1928
11	9	0	0	0	0	59.9695	1929
10	9	0	0	0	0	57.8801	1930
10	9	0	0	0	0	57.538	1931
10	9	0	0	0	0	57.1568	1932
10	9	0	0	0	0	62.1306	1933
11	9	0	0	0	0	58.1041	1934
11	8	0	0	0	0	55.1088	1935
11	9	0	0	0	0	61.5823	1936
11	9	0	0	0	0	53.3398	1937
10	9	0	0	0	0	60.8547	1938
10	9	0	0	0	0	65.7158	1939
10	9	0	0	0	0	61.7466	1940
10	9	0	0	0	0	55.0234	1941
10	8	0	0	0	0	63.3396	1942
10	8	0	0	0	0	59.9088	1943
10	8	0	0	0	0	57.0836	1944
10	7	0	0	0	0	56.2957	1945
10	7	0	0	0	0	60.6682	1946
10	7	0	0	0	0	51.9468	1947
10	8	0	0	0	0	51.1248	1948
10	8	0	0	0	0	57.5388	1949
10	8	0	0	0	0	58.6337	1950
10	8	0	0	0	0	60.9132	1951
10	8	0	0	0	0	63.2997	1952
10	8	0	0	0	0	54.0399	1953
9	8	0	0	0	0	50.984	1954
9	8	0	0	0	0	52.0597	1955
9	8	0	0	0	0	46.1866	1956
8	8	0	0	0	0	43.4505	1957
8	8	0	0	0	0	48.1864	1958
8	8	0	0	0	0	40.121	1959
6	8	0	0	0	0	45.3203	1960
6	8	0	0	0	0	47.3114	1961
7	8	0	0	0	0	41.7484	1962
7	8	0	0	0	0	44.288	1963
7	8	0	0	0	0	52.3604	1964
7	8	0	0	0	0	48.2522	1965
7	8	0	0	0	0	47.2837	1966
7	8	0	0	0	0	48.4914	1967
7	8	0	0	0	0	49.1451	1968
7	8	0	0	0	0	49.3874	1969
7	8	0	0	0	0	50.1883	1970
8	8	0	0	0	0	43.7344	1971
8	8	0	0	0	0	53.524	1972
8	8	0	0	0	0	48.2106	1973
8	8	0	0	0	0	47.9624	1974
9	8	0	0	0	0	52.5576	1975
9	9	0	0	0	0	55.9027	1976
9	9	0	0	0	0	57.0869	1977
9	12	0	0	0	0	59.2946	1978
10	12	0	0	0	0	69.5301	1979
10	12	0	0	0	0	72.1628	1980
10	12	0	0	0	0	77.9293	1981
10	12	0	0	0	0	68.2305	1982
10	12	0	0	0	0	70.669	1983
10	12	0	0	0	0	71.9447	1984
10	12	0	0	0	0	67.6993	1985
9	11	0	0	0	0	64.4584	1986
9	11	0	0	0	0	58.1369	1987
9	11	0	0	0	0	62.6569	1988
9	10	0	0	0	0	61.4054	1989
9	10	0	0	0	0	54.2882	1990
9	11	0	0	0	0	53.9698	1991
9	10	0	0	0	0	58.284	1992
9	10	0	0	0	0	55.3259	1993
9	10	0	0	0	0	51.6527	1994
8	9	0	0	0	0	49.1019	1995
8	9	0	0	0	0	50.284	1996
8	9	0	0	0	0	47.9847	1997
11	9	0	0	0	0	58.0041	1998
11	9	0	0	0	0	56.4079	1999
11	9	0	0	0	0	56.9878	2000
11	9	0	0	0	0	66.7516	2001
11	9	0	0	0	0	63.0019	2002
11	9	0	0	0	0	56.0987	2003
11	8	0	0	0	0	60.7674	2004
11	9	0	0	0	0	56.426	2005
11	9	0	0	0	0	59.1477	2006
11	9	0	0	0	0	61.5936	2007
11	9	0	0	0	0	61.521	2008
10	9	0	0	0	0	65.6475	2009
10	9	0	0	0	0	62.9995	2010
10	9	0	0	0	0	60.1874	2011
10	9	0	0	0	0	57.3053	2012
10	9	0	0	0	0	57.3054	2013
10	8	0	0	0	0	59.7848	2014
10	8	0	0	0	0	55.3915	2015
10	8	0	0	0	0	60.3295	2016
11	8	0	0	0	0	54.7199	2017
11	8	0	0	0	0	64.0544	2018
12	8	0	0	0	0	60.3784	2019
12	7	0	0	0	0	60.6387	2020
13	7	0	0	0	0	58.6388	2021
13	7	0	0	0	0	59.4071	2022
13	7	0	0	0	0	57.3077	2023
13	7	0	0	0	0	64.5488	2024
13	7	0	0	0	0	69.4425	2025
13	7	0	0	0	0	64.703	2026
13	7	0	0	0	0	60.8149	2027
12	7	0	0	0	0	67.0433	2028
13	7	0	0	0	0	61.8515	2029
13	7	0	0	0	0	57.2032	2030
13	7	0	0	0	0	65.7948	2031
13	6	0	0	0	0	55.8842	2032
13	6	0	0	0	0	61.6634	2033
13	6	0	0	0	0	67.8913	2034
13	6	0	0	0	0	58.9276	2035
13	6	0	0	0	0	63.9872	2036
13	7	0	0	0	0	59.6108	2037
13	7	0	0	0	0	64.3343	2038
13	6	0	0	0	0	60.982	2039
13	6	0	0	0	0	52.3806	2040
13	6	0	0	0	0	62.5895	2041
13	6	0	0	0	0	57.5311	2042
13	6	0	0	0	0	68.203	2043
13	6	0	0	0	0	63.5078	2044
13	6	0	0	0	0	68.4859	2045
13	6	0	0	0	0	60.1169	2046
13	6	0	0	0	0	62.613	2047
13	6	0	0	0	0	68.23	2048
13	6	0	0	0	0	57.7676	2049
13	6	0	0	0	0	56.8834	2050
13	6	0	0	0	0	65.6977	2051
13	6	0	0	0	0	60.5064	2052
13	6	0	0	0	0	65.6173	2053
13	6	0	0	0	0	65.7701	2054
13	6	0	0	0	0	61.049	2055
13	6	0	0	0	0	59.6854	2056
14	6	0	0	0	0	65.5676	2057
14	6	0	0	0	0	60.75	2058
14	6	0	0	0	0	59.6988	2059
14	6	0	0	0	0	63.4569	2060
13	6	0	0	0	0	60.8477	2061
13	6	0	0	0	0	59.0996	2062
13	6	0	0	0	0	54.2515	2063
13	6	0	0	0	0	65.2966	2064
13	6	0	0	0	0	68.6417	2065
13	6	0	0	0	0	64.2413	2066
13	6	0	0	0	0	50.8163	2067
13	6	0	0	0	0	67.5445	2068
13	6	0	0	0	0	68.6394	2069
13	6	0	0	0	0	63.2978	2070
15	6	0	0	0	0	62.626	2071
15	6	0	0	0	0	61.7956	2072
15	6	0	0	0	0	66.7755	2073
15	6	0	0	0	0	73.8578	2074
15	6	0	0	0	0	68.1463	2075
15	7	0	0	0	0	68.245	2076
15	7	0	0	0	0	71.5906	2077
15	7	0	0	0	0	72.1262	2078
15	7	0	0	0	0	63.8899	2079
15	7	0	0	0	0	60.7159	2080
15	7	0	0	0	0	63.7359	2081
15	7	0	0	0	0	57.2832	2082
15	7	0	0	0	0	62.085	2083
14	7	0	0	0	0	63.412	2084
14	6	0	0	0	0	56.606	2085
14	6	0	0	0	0	65.6858	2086
14	6	0	0	0	0	66.7312	2087
13	6	0	0	0	0	65.4453	2088
13	6	0	0	0	0	59.9448	2089
14	6	0	0	0	0	63.0741	2090
14	6	0	0	0	0	61.769	2091
14	6	0	0	0	0	66.0989	2092
14	6	0	0	0	0	64.3785	2093
14	6	0	0	0	0	67.4758	2094
14	6	0	0	0	0	64.0639	2095
14	7	0	0	0	0	62.1529	2096
14	9	0	0	0	0	62.0501	2097
14	9	0	0	0	0	62.3462	2098
14	9	0	0	0	0	62.789	2099
13	9	0	0	0	0	69.7376	2100
13	9	0	0	0	0	65.8096	2101
14	9	0	0	0	0	76.2052	2102
14	9	0	0	0	0	73.9239	2103
14	10	0	0	0	0	80.46	2104
14	10	0	0	0	0	80.7914	2105
14	10	0	0	0	0	80.1622	2106
14	10	0	0	0	0	75.7365	2107
15	10	0	0	0	0	77.9435	2108
15	10	0	0	0	0	75.1852	2109
16	10	0	0	0	0	84.5025	2110
16	10	0	0	0	0	87.8141	2111
16	10	0	0	0	0	82.6363	2112
16	10	0	0	0	0	76.6934	2113
16	10	0	0	0	0	80.3931	2114
17	10	0	0	0	0	75.3043	2115
17	9	0	0	0	0	79.9286	2116
17	9	0	0	0	0	76.1451	2117
17	9	0	0	0	0	86.9777	2118
17	9	0	0	0	0	79.878	2119
17	15	0	0	0	0	75.9113	2120
17	15	0	0	0	0	83.1149	2121
17	15	0	0	0	0	86.368	2122
17	15	0	0	0	0	79.293	2123
16	15	0	0	0	0	99.907	2124
15	15	0	0	0	0	105.893	2125
15	15	0	0	0	0	90.6661	2126
15	15	0	0	0	0	82.4438	2127
15	14	0	0	0	0	93.1348	2128
14	14	0	0	0	0	93.6822	2129
13	14	0	0	0	0	95.1865	2130
12	14	0	0	0	0	84.5074	2131
12	14	0	0	0	0	92.2358	2132
12	14	0	0	0	0	90.2453	2133
13	13	0	0	0	0	78.9173	2134
13	13	0	0	0	0	91.1917	2135
13	13	0	0	0	0	87.6452	2136
13	13	0	0	0	0	92.1388	2137
13	13	0	0	0	0	78.6915	2138
14	13	0	0	0	0	83.8211	2139
14	13	0	0	0	0	89.9459	2140
14	13	0	0	0	0	98.927	2141
14	13	0	0	0	0	95.5672	2142
14	13	0	0	0	0	86.2643	2143
14	13	0	0	0	0	88.5075	2144
15	13	0	0	0	0	90.0405	2145
15	13	0	0	0	0	95.5076	2146
15	13	0	0	0	0	94.6129	2147
15	13	0	0	0	0	92.6664	2148
15	15	0	0	0	0	103.178	2149
15	15	0	0	0	0	92.0165	2150
15	15	0	0	0	0	103.024	2151
16	15	0	0	0	0	100.668	2152
16	15	0	0	0	0	95.0208	2153
16	15	0	0	0	0	98.6571	2154
16	16	0	0	0	0	103.642	2155
16	16	0	0	0	0	99.2287	2156
17	16	0	0	0	0	100.747	2157
15	16	0	0	0	0	104.597	2158
15	16	0	0	0	0	100.457	2159
15	16	0	0	0	0	106.307	2160
15	16	0	0	0	0	97.3671	2161
14	16	0	0	0	0	94.5935	2162
14	16	0	0	0	0	90.4468	2163
14	16	0	0	0	0	102.64	2164
14	16	0	0	0	0	103.007	2165
15	16	0	0	0	0	100.666	2166
15	16	0	0	0	0	98.2605	2167
15	15	0	0	0	0	89.897	2168
15	15	0	0	0	0	90.0371	2169
15	15	0	0	0	0	100.103	2170
15	14	0	0	0	0	95.0592	2171
16	14	0	0	0	0	92.5211	2172
16	13	0	0	0	0	91.5084	2173
16	12	0	0	0	0	92.7983	2174
16	12	0	0	0	0	101.465	2175
17	12	0	0	0	0	99.7942	2176
17	12	0	0	0	0	91.0282	2177
17	12	0	0	0	0	95.2189	2178
17	12	0	0	0	0	93.2757	2179
17	12	0	0	0	0	100.454	2180
17	12	0	0	0	0	98.0852	2181
18	12	0	0	0	0	104.432	2182
20	12	0	0	0	0	93.2912	2183
19	12	0	0	0	0	114.102	2184
19	12	0	0	0	0	99.4329	2185
19	12	0	0	0	0	112.687	2186
19	13	0	0	0	0	107.157	2187
20	18	0	0	0	0	114.412	2188
20	18	0	0	0	0	122.332	2189
20	18	0	0	0	0	126.898	2190
20	17	0	0	0	0	123.023	2191
20	17	0	0	0	0	121.458	2192
20	16	0	0	0	0	127.836	2193
20	16	0	0	0	0	118.531	2194
20	16	0	0	0	0	124.364	2195
20	16	0	0	0	0	130.765	2196
19	16	0	0	0	0	122.099	2197
19	18	0	0	0	0	119.134	2198
19	17	0	0	0	0	125.82	2199
20	17	0	0	0	0	125.145	2200
20	17	0	0	0	0	131.693	2201
20	17	0	0	0	0	129.831	2202
20	17	0	0	0	0	116.639	2203
20	17	0	0	0	0	116.669	2204
20	17	0	0	0	0	109.705	2205
20	17	0	0	0	0	112.103	2206
16	17	0	0	0	0	115.965	2207
16	17	0	0	0	0	114.098	2208
16	17	0	0	0	0	115.248	2209
16	18	0	0	0	0	116.886	2210
16	18	0	0	0	0	121.35	2211
16	18	0	0	0	0	109.418	2212
16	17	0	0	0	0	112.595	2213
16	17	0	0	0	0	111.282	2214
16	17	0	0	0	0	118.808	2215
16	17	0	0	0	0	109.548	2216
16	17	0	0	0	0	117.198	2217
16	17	0	0	0	0	112.802	2218
17	17	0	0	0	0	85.2554	2219
17	17	0	0	0	0	101.411	2220
15	17	0	0	0	0	108.952	2221
15	17	0	0	0	0	116.99	2222
15	17	0	0	0	0	114.118	2223
15	17	0	0	0	0	116.797	2224
16	17	0	0	0	0	106.996	2225
17	16	0	0	0	0	109.453	2226
17	15	0	0	0	0	105.654	2227
17	15	0	0	0	0	107.729	2228
20	14	0	0	0	0	102.206	2229
21	14	0	0	0	0	113.799	2230
21	16	0	0	0	0	110.398	2231
21	16	0	0	0	0	130.852	2232
20	16	0	0	0	0	128.261	2233
20	16	0	0	0	0	121.964	2234
20	16	0	0	0	0	114.371	2235
20	17	0	0	0	0	118.788	2236
20	17	0	0	0	0	119.798	2237
20	16	0	0	0	0	114.108	2238
20	16	0	0	0	0	127.095	2239
20	16	0	0	0	0	124.909	2240
21	16	0	0	0	0	125.001	2241
21	16	0	0	0	0	130.049	2242
21	16	0	0	0	0	117.998	2243
21	16	0	0	0	0	131.845	2244
19	16	0	0	0	0	124.757	2245
19	16	0	0	0	0	123.43	2246
20	16	0	0	0	0	112.63	2247
19	16	0	0	0	0	109.525	2248
19	16	0	0	0	0	119.614	2249
19	16	0	0	0	0	108.051	2250
19	15	0	0	0	0	117.289	2251
19	15	0	0	0	0	114.201	2252
19	15	0	0	0	0	121.47	2253
19	15	0	0	0	0	108.904	2254
20	15	0	0	0	0	114.288	2255
20	15	0	0	0	0	123.247	2256
20	14	0	0	0	0	117.464	2257
20	14	0	0	0	0	115.101	2258
20	14	0	0	0	0	117.167	2259
20	14	0	0	0	0	114.133	2260
20	14	0	0	0	0	117.813	2261
20	14	0	0	0	0	110.409	2262
20	14	0	0	0	0	93.2332	2263
20	14	0	0	0	0	118.716	2264
19	14	0	0	0	0	118.648	2265
19	14	0	0	0	0	120.799	2266
19	14	0	0	0	0	85.3664	2267
19	14	0	0	0	0	100.977	2268
19	14	0	0	0	0	94.3817	2269
19	10	0	0	0	0	107.066	2270
19	10	0	0	0	0	98.9237	2271
19	10	0	0	0	0	104.04	2272
19	10	0	0	0	0	99.3798	2273
19	10	0	0	0	0	95.642	2274
19	10	0	0	0	0	94.3901	2275
18	10	0	0	0	0	99.9862	2276
18	10	0	0	0	0	95.2797	2277
19	10	0	0	0	0	94.6431	2278
19	10	0	0	0	0	102.451	2279
19	10	0	0	0	0	95.9503	2280
19	10	0	0	0	0	99.6707	2281
19	10	0	0	0	0	99.6299	2282
19	10	0	0	0	0	107.077	2283
19	10	0	0	0	0	80.136	2284
19	10	0	0	0	0	106.442	2285
19	10	0	0	0	0	99.1848	2286
19	10	0	0	0	0	92.9002	2287
19	10	0	0	0	0	102.828	2288
19	10	0	0	0	0	107.975	2289
19	10	0	0	0	0	96.0386	2290
19	10	0	0	0	0	95.357	2291
19	10	0	0	0	0	99.3349	2292
19	10	0	0	0	0	100.047	2293
19	11	0	0	0	0	99.0077	2294
18	11	0	0	0	0	89.7679	2295
18	11	0	0	0	0	96.1299	2296
19	11	0	0	0	0	93.3435	2297
19	11	0	0	0	0	99.2227	2298
19	10	0	0	0	0	98.9752	2299
19	10	0	0	0	0	83.5261	2300
19	10	0	0	0	0	90.5347	2301
17	10	0	0	0	0	86.4492	2302
17	9	0	0	0	0	69.1158	2303
17	8	0	0	0	0	65.3398	2304
17	8	0	0	0	0	68.1082	2305
17	8	0	0	0	0	72.7583	2306
14	8	0	0	0	0	59.3092	2307
14	8	0	0	0	0	69.7701	2308
13	7	0	0	0	0	47.357	2309
14	7	0	0	0	0	65.1968	2310
14	7	0	0	0	0	62.6847	2311
13	7	0	0	0	0	67.1844	2312
13	7	0	0	0	0	55.838	2313
13	7	0	0	0	0	60.2612	2314
11	7	0	0	0	0	60.0219	2315
11	7	0	0	0	0	59.2833	2316
11	7	0	0	0	0	60.8238	2317
11	7	0	0	0	0	61.3215	2318
11	7	0	0	0	0	51.7802	2319
11	7	0	0	0	0	53.0894	2320
11	7	0	0	0	0	48.4575	2321
11	7	0	0	0	0	49.2372	2322
11	5	0	0	0	0	49.4519	2323
11	6	0	0	0	0	48.2246	2324
11	6	0	0	0	0	46.3563	2325
10	6	0	0	0	0	50.5952	2326
10	5	0	0	0	0	47.8009	2327
11	5	0	0	0	0	50.3457	2328
12	5	0	0	0	0	48.7278	2329
13	5	0	0	0	0	51.7388	2330
13	5	0	0	0	0	49.0732	2331
13	6	0	0	0	0	54.8496	2332
13	6	0	0	0	0	46.1134	2333
14	6	0	0	0	0	60.9562	2334
14	6	0	0	0	0	54.9589	2335
14	6	0	0	0	0	57.0655	2336
14	6	0	0	0	0	55.882	2337
14	5	0	0	0	0	65.7229	2338
14	5	0	0	0	0	64.438	2339
14	6	0	0	0	0	65.499	2340
15	7	0	0	0	0	68.6739	2341
15	7	0	0	0	0	61.7099	2342
15	7	0	0	0	0	65.1558	2343
15	7	0	0	0	0	67.8287	2344
15	7	0	0	0	0	73.8809	2345
15	7	0	0	0	0	67.9343	2346
15	7	0	0	0	0	78.9847	2347
15	7	0	0	0	0	69.1989	2348
14	7	0	0	0	0	61.4828	2349
14	7	0	0	0	0	59.7743	2350
14	7	0	0	0	0	64.0469	2351
14	7	0	0	0	0	64.1811	2352
14	7	0	0	0	0	60.932	2353
14	7	0	0	0	0	67.73	2354
14	7	0	0	0	0	55.2847	2355
14	7	0	0	0	0	64.9496	2356
14	7	0	0	0	0	65.593	2357
14	7	0	0	0	0	65.6135	2358
14	7	0	0	0	0	65.6659	2359
14	7	0	0	0	0	64.3837	2360
15	7	0	0	0	0	61.3986	2361
15	7	0	0	0	0	64.3964	2362
15	7	0	0	0	0	63.7635	2363
15	7	0	0	0	0	60.1646	2364
15	6	0	0	0	0	68.3861	2365
15	6	0	0	0	0	59.1594	2366
15	6	0	0	0	0	70.6138	2367
14	6	0	0	0	0	65.0771	2368
13	6	0	0	0	0	64.4805	2369
13	7	0	0	0	0	67.9544	2370
13	7	0	0	0	0	65.7253	2371
13	7	0	0	0	0	60.3167	2372
13	7	0	0	0	0	57.5685	2373
13	7	0	0	0	0	49.4902	2374
13	8	0	0	0	0	44.1165	2375
12	8	0	0	0	0	46.961	2376
12	9	0	0	0	0	50.2913	2377
12	9	0	0	0	0	46.5709	2378
8	9	0	0	0	0	46.1776	2379
9	9	0	0	0	0	50.1038	2380
9	9	0	0	0	0	48.7999	2381
9	9	0	0	0	0	49.1059	2382
9	9	0	0	0	0	54.6838	2383
9	9	0	0	0	0	59.5122	2384
9	9	0	0	0	0	60.6084	2385
9	9	0	0	0	0	61.4086	2386
9	9	0	0	0	0	61.8231	2387
9	9	0	0	0	0	59.5122	2388
11	9	0	0	0	0	54.1666	2389
11	9	0	0	0	0	53.8164	2390
12	8	0	0	0	0	50.0329	2391
12	8	0	0	0	0	51.232	2392
12	7	0	0	0	0	59.036	2393
13	7	0	0	0	0	60.7101	2394
13	7	0	0	0	0	66.3172	2395
13	8	0	0	0	0	66.7081	2396
13	8	0	0	0	0	61.9482	2397
13	10	0	0	0	0	65.4823	2398
13	10	0	0	0	0	58.8371	2399
12	10	0	0	0	0	77.0255	2400
12	10	0	0	0	0	76.9918	2401
12	10	0	0	0	0	67.9845	2402
12	11	0	0	0	0	77.515	2403
12	12	0	0	0	0	84.4932	2404
12	12	0	0	0	0	78.1047	2405
12	12	0	0	0	0	68.0491	2406
12	12	0	0	0	0	80.9927	2407
12	11	0	0	0	0	79.503	2408
12	11	0	0	0	0	76.2699	2409
12	11	0	0	0	0	78.1272	2410
12	11	0	0	0	0	74.8114	2411
11	11	0	0	0	0	73.0132	2412
11	12	0	0	0	0	70.729	2413
11	12	0	0	0	0	68.622	2414
12	12	0	0	0	0	81.6771	2415
12	12	0	0	0	0	81.7741	2416
12	12	0	0	0	0	77.3304	2417
11	12	0	0	0	0	76.4071	2418
11	12	0	0	0	0	78.1446	2419
11	12	0	0	0	0	79.1895	2420
11	12	0	0	0	0	79.5154	2421
11	12	0	0	0	0	78.2662	2422
12	12	0	0	0	0	63.8578	2423
12	12	0	0	0	0	81.3274	2424
12	12	0	0	0	0	79.9191	2425
12	12	0	0	0	0	85.7441	2426
13	12	0	0	0	0	79.3153	2427
12	12	0	0	0	0	74.0311	2428
12	12	0	0	0	0	84.0039	2429
12	12	0	0	0	0	80.9527	2430
12	12	0	0	0	0	79.0405	2431
12	12	0	0	0	0	76.9295	2432
12	12	0	0	0	0	67.0032	2433
12	12	0	0	0	0	75.8384	2434
12	11	0	0	0	0	70.2758	2435
12	11	0	0	0	0	76.1163	2436
12	11	0	0	0	0	68.7537	2437
12	11	0	0	0	0	79.9872	2438
12	11	0	0	0	0	73.4016	2439
12	12	0	0	0	0	73.657	2440
12	11	0	0	0	0	75.7834	2441
12	11	0	0	0	0	78.4583	2442
12	11	0	0	0	0	74.7731	2443
12	11	0	0	0	0	75.1791	2444
12	11	0	0	0	0	73.5774	2445
12	11	0	0	0	0	69.4698	2446
12	11	0	0	0	0	73.1046	2447
12	11	0	0	0	0	74.1222	2448
12	9	0	0	0	0	66.1428	2449
12	9	0	0	0	0	66.9662	2450
12	9	0	0	0	0	61.5393	2451
12	9	0	0	0	0	66.7485	2452
12	9	0	0	0	0	67.1758	2453
10	9	0	0	0	0	59.931	2454
10	9	0	0	0	0	65.5151	2455
10	9	0	0	0	0	67.6129	2456
10	9	0	0	0	0	55.0856	2457
10	9	0	0	0	0	54.848	2458
10	9	0	0	0	0	58.0857	2459
10	9	0	0	0	0	53.7591	2460
9	9	0	0	0	0	56.6369	2461
9	9	0	0	0	0	51.9026	2462
8	9	0	0	0	0	52.7287	2463
8	9	0	0	0	0	57.1405	2464
8	9	0	0	0	0	55.3718	2465
8	9	0	0	0	0	57.9619	2466
8	9	0	0	0	0	55.7623	2467
8	9	0	0	0	0	57.6623	2468
9	10	0	0	0	0	56.9047	2469
9	12	0	0	0	0	54.7433	2470
9	12	0	0	0	0	55.1329	2471
9	12	0	0	0	0	67.4394	2472
9	12	0	0	0	0	65.0378	2473
9	11	0	0	0	0	63.8435	2474
9	10	0	0	0	0	63.247	2475
9	12	0	0	0	0	65.3265	2476
10	12	0	0	0	0	64.6334	2477
10	12	0	0	0	0	49.9846	2478
9	12	0	0	0	0	51.9517	2479
8	12	0	0	0	0	53.673	2480
9	12	0	0	0	0	54.6102	2481
9	12	0	0	0	0	55.7817	2482
9	12	0	0	0	0	57.482	2483
8	11	0	0	0	0	45.8667	2484
7	11	0	0	0	0	53.7575	2485
7	11	0	0	0	0	55.1858	2486
7	11	0	0	0	0	48.4858	2487
6	11	0	0	0	0	50.1454	2488
6	11	0	0	0	0	50.6322	2489
6	11	0	0	0	0	53.3158	2490
6	11	0	0	0	0	54.8342	2491
6	11	0	0	0	0	44.0054	2492
6	11	0	0	0	0	48.6295	2493
6	11	0	0	0	0	49.7562	2494
6	11	0	0	0	0	44.4299	2495
6	11	0	0	0	0	43.3454	2496
6	9	0	0	0	0	44.1652	2497
6	9	0	0	0	0	50.2478	2498
6	9	0	0	0	0	44.6085	2499
6	9	0	0	0	0	45.6273	2500
6	9	0	0	0	0	45.0995	2501
6	9	0	0	0	0	47.1135	2502
6	9	0	0	0	0	41.9302	2503
6	9	0	0	0	0	50.4215	2504
6	9	0	0	0	0	42.5592	2505
7	9	0	0	0	0	49.1454	2506
9	9	0	0	0	0	47.4776	2507
10	9	0	0	0	0	51.9962	2508
10	9	0	0	0	0	54.8865	2509
10	8	0	0	0	0	48.3546	2510
10	8	0	0	0	0	54.6306	2511
10	8	0	0	0	0	53.1562	2512
10	8	0	0	0	0	54.6998	2513
10	8	0	0	0	0	51.4052	2514
10	7	0	0	0	0	50.4436	2515
10	7	0	0	0	0	46.4628	2516
10	5	0	0	0	0	50.1943	2517
10	5	0	0	0	0	43.9833	2518
10	6	0	0	0	0	48.6648	2519
10	6	0	0	0	0	44.9963	2520
10	6	0	0	0	0	47.6854	2521
10	6	0	0	0	0	51.9166	2522
10	6	0	0	0	0	51.6358	2523
10	6	0	0	0	0	47.9676	2524
10	6	0	0	0	0	54.1911	2525
10	7	0	0	0	0	54.1911	2526
10	7	0	0	0	0	57.4757	2527
10	7	0	0	0	0	55.3291	2528
10	7	0	0	0	0	53.6686	2529
10	7	0	0	0	0	54.3236	2530
10	7	0	0	0	0	54.5322	2531
10	7	0	0	0	0	49.5847	2532
10	7	0	0	0	0	45.1675	2533
9	7	0	0	0	0	48.2819	2534
9	7	0	0	0	0	49.6677	2535
9	7	0	0	0	0	45.0756	2536
9	7	0	0	0	0	46.6178	2537
9	7	0	0	0	0	50.3301	2538
8	7	0	0	0	0	45.7906	2539
8	8	0	0	0	0	47.8214	2540
8	8	0	0	0	0	54.225	2541
8	8	0	0	0	0	52.2096	2542
8	8	0	0	0	0	53.7608	2543
8	8	0	0	0	0	52.4156	2544
8	8	0	0	0	0	54.0888	2545
8	8	0	0	0	0	52.4582	2546
8	8	0	0	0	0	53.1875	2547
8	8	0	0	0	0	52.1103	2548
8	8	0	0	0	0	40.8608	2549
8	8	0	0	0	0	55.7583	2550
8	8	0	0	0	0	47.9056	2551
8	8	0	0	0	0	54.0937	2552
9	8	0	0	0	0	54.0902	2553
9	8	0	0	0	0	56.1464	2554
9	8	0	0	0	0	57.8166	2555
10	8	0	0	0	0	51.3445	2556
10	9	0	0	0	0	54.7261	2557
10	9	0	0	0	0	52.2137	2558
10	9	0	0	0	0	54.2564	2559
10	9	0	0	0	0	54.9119	2560
8	9	0	0	0	0	47.2051	2561
8	10	0	0	0	0	54.8016	2562
8	10	0	0	0	0	61.7641	2563
8	10	0	0	0	0	43.7872	2564
8	10	0	0	0	0	60.8053	2565
8	10	0	0	0	0	59.1696	2566
8	10	0	0	0	0	59.4785	2567
10	10	0	0	0	0	63.2234	2568
10	10	0	0	0	0	65.2763	2569
10	10	0	0	0	0	61.831	2570
10	10	0	0	0	0	68.1304	2571
10	9	0	0	0	0	50.6585	2572
10	9	0	0	0	0	57.9888	2573
10	9	0	0	0	0	51.2211	2574
10	8	0	0	0	0	58.924	2575
10	8	0	0	0	0	53.0616	2576
10	8	0	0	0	0	49.5172	2577
10	8	0	0	0	0	55.2128	2578
10	8	0	0	0	0	62.0049	2579
10	8	0	0	0	0	61.7733	2580
10	8	0	0	0	0	58.7127	2581
10	8	0	0	0	0	56.2399	2582
10	8	0	0	0	0	50.11	2583
10	8	0	0	0	0	61.4837	2584
10	8	0	0	0	0	58.3998	2585
10	8	0	0	0	0	55.8024	2586
10	8	0	0	0	0	53.3413	2587
10	8	0	0	0	0	59.982	2588
10	8	0	0	0	0	60.5754	2589
10	8	0	0	0	0	61.2722	2590
10	9	0	0	0	0	59.1394	2591
11	9	0	0	0	0	55.887	2592
11	9	0	0	0	0	60.5556	2593
11	9	0	0	0	0	49.7266	2594
11	9	0	0	0	0	67.4353	2595
11	9	0	0	0	0	59.9463	2596
11	10	0	0	0	0	68.2248	2597
11	10	0	0	0	0	72.4874	2598
11	12	0	0	0	0	67.4776	2599
12	12	0	0	0	0	76.2579	2600
13	12	0	0	0	0	79.8914	2601
13	12	0	0	0	0	78.4694	2602
13	12	0	0	0	0	78.1491	2603
14	12	0	0	0	0	73.338	2604
14	12	0	0	0	0	75.6309	2605
14	12	0	0	0	0	78.2721	2606
13	11	0	0	0	0	79.3153	2607
13	12	0	0	0	0	76.7138	2608
13	12	0	0	0	0	81.5339	2609
13	11	0	0	0	0	87.0509	2610
13	11	0	0	0	0	73.8338	2611
14	11	0	0	0	0	77.5864	2612
14	14	0	0	0	0	78.8524	2613
14	14	0	0	0	0	72.8447	2614
14	14	0	0	0	0	70.4967	2615
14	13	0	0	0	0	77.7954	2616
14	13	0	0	0	0	78.6708	2617
14	13	0	0	0	0	83.4272	2618
14	13	0	0	0	0	90.8077	2619
14	13	0	0	0	0	90.9063	2620
14	13	0	0	0	0	85.4416	2621
13	13	0	0	0	0	89.6529	2622
13	13	0	0	0	0	88.2252	2623
13	13	0	0	0	0	79.1079	2624
13	13	0	0	0	0	85.4007	2625
13	12	0	0	0	0	90.6423	2626
13	12	0	0	0	0	84.4883	2627
13	12	0	0	0	0	88.4466	2628
13	12	0	0	0	0	80.6744	2629
13	13	0	0	0	0	83.6184	2630
13	13	0	0	0	0	87.6663	2631
13	13	0	0	0	0	87.1788	2632
13	13	0	0	0	0	95.8355	2633
13	13	0	0	0	0	85.2342	2634
13	13	0	0	0	0	83.7652	2635
13	13	0	0	0	0	88.5094	2636
12	16	0	0	0	0	85.2189	2637
12	16	0	0	0	0	85.3328	2638
12	17	0	0	0	0	85.0261	2639
12	17	0	0	0	0	86.9047	2640
12	17	0	0	0	0	103.298	2641
12	17	0	0	0	0	104.034	2642
12	17	0	0	0	0	101.396	2643
12	16	0	0	0	0	97.8782	2644
12	16	0	0	0	0	103.378	2645
12	16	0	0	0	0	92.8965	2646
12	16	0	0	0	0	103.591	2647
12	16	0	0	0	0	100.291	2648
12	16	0	0	0	0	103.195	2649
12	16	0	0	0	0	102.103	2650
12	17	0	0	0	0	93.6303	2651
13	17	0	0	0	0	100.027	2652
13	20	0	0	0	0	106.703	2653
13	20	0	0	0	0	110.439	2654
13	20	0	0	0	0	113.876	2655
12	20	0	0	0	0	97.735	2656
10	20	0	0	0	0	105.556	2657
10	20	0	0	0	0	87.3777	2658
10	20	0	0	0	0	103.967	2659
9	20	0	0	0	0	100.636	2660
9	20	0	0	0	0	101.193	2661
9	20	0	0	0	0	99.0268	2662
9	20	0	0	0	0	108.23	2663
9	20	0	0	0	0	98.56	2664
10	19	0	0	0	0	92.3747	2665
9	19	0	0	0	0	91.9817	2666
9	19	0	0	0	0	91.3985	2667
10	19	0	0	0	0	91.2197	2668
10	17	0	0	0	0	91.2197	2669
10	17	0	0	0	0	95.1024	2670
10	17	0	0	0	0	97.4368	2671
10	17	0	0	0	0	95.5983	2672
10	17	0	0	0	0	91.6385	2673
10	17	0	0	0	0	99.6521	2674
10	17	0	0	0	0	94.6914	2675
10	17	0	0	0	0	94.0905	2676
10	17	0	0	0	0	88.1838	2677
11	17	0	0	0	0	93.1398	2678
11	17	0	0	0	0	83.9429	2679
11	17	0	0	0	0	89.1111	2680
11	16	0	0	0	0	80.3498	2681
11	16	0	0	0	0	86.4792	2682
11	16	0	0	0	0	94.173	2683
12	16	0	0	0	0	88.4979	2684
12	16	0	0	0	0	93.1259	2685
12	16	0	0	0	0	88.4033	2686
12	15	0	0	0	0	80.6257	2687
12	15	0	0	0	0	92.8543	2688
12	15	0	0	0	0	95.4673	2689
12	14	0	0	0	0	92.1835	2690
12	14	0	0	0	0	84.7299	2691
12	14	0	0	0	0	92.8625	2692
12	14	0	0	0	0	86.3322	2693
12	15	0	0	0	0	91.0051	2694
12	15	0	0	0	0	95.1954	2695
12	15	0	0	0	0	99.2226	2696
12	16	0	0	0	0	79.4037	2697
13	16	0	0	0	0	93.3812	2698
13	16	0	0	0	0	105.473	2699
13	16	0	0	0	0	97.6584	2700
13	16	0	0	0	0	95.2192	2701
14	16	0	0	0	0	101.042	2702
14	16	0	0	0	0	110.136	2703
16	16	0	0	0	0	100.027	2704
16	16	0	0	0	0	113.308	2705
15	16	0	0	0	0	110.103	2706
15	16	0	0	0	0	98.6323	2707
15	16	0	0	0	0	108.142	2708
15	16	0	0	0	0	106.533	2709
15	16	0	0	0	0	99.9294	2710
15	16	0	0	0	0	94.5631	2711
15	16	0	0	0	0	104.178	2712
14	16	0	0	0	0	103.454	2713
14	16	0	0	0	0	99.5406	2714
14	16	0	0	0	0	105.307	2715
14	17	0	0	0	0	97.3769	2716
14	17	0	0	0	0	107.859	2717
14	17	0	0	0	0	111.216	2718
14	17	0	0	0	0	97.5295	2719
14	17	0	0	0	0	110.859	2720
14	18	0	0	0	0	96.7681	2721
14	18	0	0	0	0	102.478	2722
14	18	0	0	0	0	99.1767	2723
13	19	0	0	0	0	104.432	2724
13	19	0	0	0	0	111.205	2725
13	19	0	0	0	0	105.69	2726
14	18	0	0	0	0	106.949	2727
13	18	0	0	0	0	102.602	2728
13	18	0	0	0	0	109.989	2729
13	18	0	0	0	0	106.663	2730
14	18	0	0	0	0	110.462	2731
14	18	0	0	0	0	102.414	2732
14	18	0	0	0	0	102.847	2733
14	18	0	0	0	0	104.243	2734
14	17	0	0	0	0	97.0586	2735
14	18	0	0	0	0	99.6053	2736
14	18	0	0	0	0	118.417	2737
14	18	0	0	0	0	100.087	2738
14	18	0	0	0	0	104.649	2739
15	18	0	0	0	0	105.08	2740
15	18	0	0	0	0	109.039	2741
15	18	0	0	0	0	108.136	2742
14	20	0	0	0	0	111.335	2743
15	20	0	0	0	0	107.087	2744
15	20	0	0	0	0	114.43	2745
15	21	0	0	0	0	105.9	2746
15	20	0	0	0	0	105.738	2747
15	20	0	0	0	0	104.687	2748
15	19	0	0	0	0	117.988	2749
14	19	0	0	0	0	104.791	2750
14	21	0	0	0	0	115.869	2751
13	21	0	0	0	0	115.077	2752
13	25	0	0	0	0	110.988	2753
13	25	0	0	0	0	123.711	2754
13	25	0	0	0	0	120.115	2755
13	25	0	0	0	0	128.213	2756
13	25	0	0	0	0	117.813	2757
13	25	0	0	0	0	110.51	2758
13	25	0	0	0	0	119.955	2759
13	24	0	0	0	0	96.0802	2760
13	24	0	0	0	0	105.412	2761
11	26	0	0	0	0	102.535	2762
11	23	0	0	0	0	108.318	2763
11	23	0	0	0	0	104.298	2764
12	23	0	0	0	0	90.488	2765
12	23	0	0	0	0	109.661	2766
11	23	0	0	0	0	101.718	2767
12	23	0	0	0	0	105.881	2768
13	23	0	0	0	0	91.0891	2769
13	23	0	0	0	0	129.473	2770
13	23	0	0	0	0	112.366	2771
13	23	0	0	0	0	130.065	2772
13	23	0	0	0	0	115.341	2773
13	22	0	0	0	0	114.773	2774
14	21	0	0	0	0	120.605	2775
14	21	0	0	0	0	129.973	2776
14	21	0	0	0	0	116.902	2777
14	21	0	0	0	0	124.648	2778
14	21	0	0	0	0	122.718	2779
14	21	0	0	0	0	115.687	2780
13	21	0	0	0	0	117.271	2781
13	21	0	0	0	0	114.457	2782
13	21	0	0	0	0	103.491	2783
14	21	0	0	0	0	100.415	2784
14	21	0	0	0	0	103.939	2785
14	20	0	0	0	0	100.723	2786
14	19	0	0	0	0	100.099	2787
14	18	0	0	0	0	102.59	2788
14	17	0	0	0	0	107.823	2789
14	17	0	0	0	0	95.9808	2790
14	17	0	0	0	0	101.639	2791
14	17	0	0	0	0	93.8748	2792
14	16	0	0	0	0	104.109	2793
14	16	0	0	0	0	101.164	2794
14	16	0	0	0	0	103.585	2795
14	16	0	0	0	0	108.304	2796
14	16	0	0	0	0	102.133	2797
14	16	0	0	0	0	97.7621	2798
14	15	0	0	0	0	88.8501	2799
14	15	0	0	0	0	93.0742	2800
15	15	0	0	0	0	90.5776	2801
15	16	0	0	0	0	96.3176	2802
15	14	0	0	0	0	101.303	2803
15	15	0	0	0	0	93.1739	2804
15	14	0	0	0	0	85.1411	2805
15	14	0	0	0	0	92.371	2806
15	14	0	0	0	0	106.324	2807
15	14	0	0	0	0	101.891	2808
15	14	0	0	0	0	100.796	2809
16	14	0	0	0	0	107.735	2810
16	14	0	0	0	0	101.7	2811
16	14	0	0	0	0	107.249	2812
17	14	0	0	0	0	104.598	2813
17	14	0	0	0	0	105.357	2814
17	14	0	0	0	0	106.89	2815
17	13	0	0	0	0	103.5	2816
17	13	0	0	0	0	94.9584	2817
16	15	0	0	0	0	101.941	2818
16	16	0	0	0	0	107.416	2819
16	16	0	0	0	0	102.6	2820
17	16	0	0	0	0	107.999	2821
17	16	0	0	0	0	109.853	2822
17	16	0	0	0	0	100.377	2823
17	16	0	0	0	0	109.677	2824
17	16	0	0	0	0	106.177	2825
17	17	0	0	0	0	114.619	2826
17	17	0	0	0	0	123.892	2827
16	17	0	0	0	0	99.0938	2828
15	17	0	0	0	0	109.837	2829
15	17	0	0	0	0	111.427	2830
15	17	0	0	0	0	114.942	2831
15	17	0	0	0	0	103.912	2832
15	17	0	0	0	0	116.009	2833
15	17	0	0	0	0	114.35	2834
15	17	0	0	0	0	104.382	2835
15	17	0	0	0	0	109.008	2836
17	20	0	0	0	0	102.483	2837
17	20	0	0	0	0	125.262	2838
17	20	0	0	0	0	130.759	2839
17	20	0	0	0	0	121.995	2840
17	20	0	0	0	0	128.363	2841
17	20	0	0	0	0	123.754	2842
17	20	0	0	0	0	123.616	2843
17	20	0	0	0	0	127.548	2844
18	19	0	0	0	0	126.408	2845
18	19	0	0	0	0	113.61	2846
18	18	0	0	0	0	133.366	2847
18	18	0	0	0	0	129.949	2848
18	18	0	0	0	0	128.582	2849
18	18	0	0	0	0	120.473	2850
18	18	0	0	0	0	132.922	2851
18	18	0	0	0	0	124.384	2852
18	18	0	0	0	0	119.296	2853
17	18	0	0	0	0	120.621	2854
17	18	0	0	0	0	116.997	2855
17	18	0	0	0	0	123.668	2856
17	18	0	0	0	0	127.089	2857
17	21	0	0	0	0	109.155	2858
18	21	0	0	0	0	131.37	2859
18	21	0	0	0	0	125.45	2860
18	21	0	0	0	0	137.715	2861
18	21	0	0	0	0	129.282	2862
18	21	0	0	0	0	135.83	2863
19	21	0	0	0	0	137.381	2864
19	20	0	0	0	0	134.299	2865
18	19	0	0	0	0	121.215	2866
18	19	0	0	0	0	122.3	2867
19	19	0	0	0	0	120.541	2868
19	19	0	0	0	0	124.107	2869
19	20	0	0	0	0	128.405	2870
18	19	0	0	0	0	119.829	2871
18	21	0	0	0	0	125.147	2872
18	21	0	0	0	0	133.401	2873
19	21	0	0	0	0	127.04	2874
19	21	0	0	0	0	125.084	2875
19	21	0	0	0	0	131.137	2876
19	21	0	0	0	0	133.723	2877
19	21	0	0	0	0	124.142	2878
19	21	0	0	0	0	114.928	2879
20	21	0	0	0	0	137.35	2880
19	21	0	0	0	0	137.2	2881
19	20	0	0	0	0	132.611	2882
19	20	0	0	0	0	118.052	2883
19	20	0	0	0	0	126.915	2884
19	20	0	0	0	0	114.986	2885
18	19	0	0	0	0	119.392	2886
18	19	0	0	0	0	135.768	2887
18	19	0	0	0	0	132.796	2888
18	20	0	0	0	0	115.643	2889
18	20	0	0	0	0	128.636	2890
18	21	0	0	0	0	132.06	2891
18	21	0	0	0	0	126.555	2892
18	20	0	0	0	0	128.737	2893
19	20	0	0	0	0	129.786	2894
19	20	0	0	0	0	119.2	2895
18	20	0	0	0	0	132.093	2896
18	21	0	0	0	0	128.623	2897
18	21	0	0	0	0	131.251	2898
18	21	0	0	0	0	137.219	2899
18	21	0	0	0	0	124.159	2900
18	20	0	0	0	0	131.936	2901
18	20	0	0	0	0	127.333	2902
18	19	0	0	0	0	126.537	2903
18	19	0	0	0	0	121.044	2904
18	19	0	0	0	0	128.095	2905
18	19	0	0	0	0	117.983	2906
16	19	0	0	0	0	113.338	2907
16	18	0	0	0	0	115.321	2908
16	18	0	0	0	0	115.277	2909
15	18	0	0	0	0	116.06	2910
15	18	0	0	0	0	112.158	2911
15	16	0	0	0	0	105.837	2912
15	15	0	0	0	0	80.6345	2913
15	14	0	0	0	0	82.7335	2914
14	13	0	0	0	0	87.3641	2915
14	14	0	0	0	0	85.6467	2916
13	14	0	0	0	0	82.7843	2917
13	13	0	0	0	0	85.7123	2918
14	13	0	0	0	0	86.0053	2919
14	13	0	0	0	0	88.9341	2920
14	13	0	0	0	0	92.875	2921
14	13	0	0	0	0	90.601	2922
14	13	0	0	0	0	82.019	2923
14	13	0	0	0	0	79.4345	2924
13	13	0	0	0	0	92.2702	2925
13	13	0	0	0	0	90.6567	2926
13	13	0	0	0	0	83.3373	2927
12	14	0	0	0	0	78.1888	2928
12	14	0	0	0	0	87.2771	2929
12	14	0	0	0	0	89.4695	2930
12	14	0	0	0	0	78.4672	2931
12	14	0	0	0	0	80.9271	2932
12	13	0	0	0	0	87.8525	2933
11	13	0	0	0	0	75.0984	2934
11	12	0	0	0	0	82.2226	2935
11	12	0	0	0	0	81.6998	2936
11	12	0	0	0	0	77.0725	2937
11	12	0	0	0	0	84.4932	2938
11	12	0	0	0	0	73.3877	2939
11	12	0	0	0	0	84.6095	2940
11	12	0	0	0	0	74.1437	2941
11	12	0	0	0	0	72.4226	2942
11	12	0	0	0	0	76.8154	2943
11	12	0	0	0	0	74.2241	2944
11	12	0	0	0	0	77.1155	2945
11	12	0	0	0	0	74.6513	2946
11	13	0	0	0	0	76.4104	2947
10	13	0	0	0	0	79.738	2948
10	13	0	0	0	0	76.1494	2949
10	13	0	0	0	0	78.3004	2950
9	13	0	0	0	0	63.8999	2951
9	13	0	0	0	0	64.212	2952
8	13	0	0	0	0	70.1117	2953
8	12	0	0	0	0	66.2803	2954
9	12	0	0	0	0	71.824	2955
9	12	0	0	0	0	64.3219	2956
9	12	0	0	0	0	65.4851	2957
9	11	0	0	0	0	56.69	2958
9	11	0	0	0	0	65.125	2959
9	10	0	0	0	0	65.666	2960
9	10	0	0	0	0	65.2741	2961
9	10	0	0	0	0	60.7452	2962
9	10	0	0	0	0	64.3369	2963
9	10	0	0	0	0	63.8676	2964
9	10	0	0	0	0	65.5438	2965
9	10	0	0	0	0	61.0143	2966
9	10	0	0	0	0	64.5056	2967
9	10	0	0	0	0	64.01	2968
9	10	0	0	0	0	61.2881	2969
9	10	0	0	0	0	63.3882	2970
9	10	0	0	0	0	68.5157	2971
9	10	0	0	0	0	59.9263	2972
9	9	0	0	0	0	61.1586	2973
9	9	0	0	0	0	56.9447	2974
9	9	0	0	0	0	58.0719	2975
9	8	0	0	0	0	56.0903	2976
9	8	0	0	0	0	58.0283	2977
9	12	0	0	0	0	54.225	2978
8	12	0	0	0	0	63.7594	2979
8	12	0	0	0	0	65.9629	2980
8	13	0	0	0	0	65.6262	2981
7	13	0	0	0	0	65.8787	2982
7	15	0	0	0	0	54.02	2983
7	14	0	0	0	0	54.2391	2984
7	14	0	0	0	0	56.7697	2985
7	14	0	0	0	0	56.9674	2986
5	14	0	0	0	0	49.5454	2987
5	14	0	0	0	0	49.3745	2988
5	14	0	0	0	0	56.518	2989
5	13	0	0	0	0	56.8337	2990
5	13	0	0	0	0	58.3946	2991
5	13	0	0	0	0	64.7042	2992
5	13	0	0	0	0	60.7824	2993
5	13	0	0	0	0	60.4312	2994
5	13	0	0	0	0	64.0538	2995
5	13	0	0	0	0	61.7354	2996
5	13	0	0	0	0	59.0843	2997
5	13	0	0	0	0	60.3472	2998
5	13	0	0	0	0	61.5792	2999
5	13	0	0	0	0	61.7064	3000
5	13	0	0	0	0	51.6322	3001
5	13	0	0	0	0	64.0783	3002
5	13	0	0	0	0	64.3124	3003
5	13	0	0	0	0	58.0443	3004
5	13	0	0	0	0	59.134	3005
5	13	0	0	0	0	61.6458	3006
5	13	0	0	0	0	57.8877	3007
5	15	0	0	0	0	60.7887	3008
4	15	0	0	0	0	59.4837	3009
4	15	0	0	0	0	59.8838	3010
4	14	0	0	0	0	61.2275	3011
4	14	0	0	0	0	59.8269	3012
4	14	0	0	0	0	56.7167	3013
4	14	0	0	0	0	56.6745	3014
4	14	0	0	0	0	60.0414	3015
4	16	0	0	0	0	58.3362	3016
4	16	0	0	0	0	42.1216	3017
3	16	0	0	0	0	63.6462	3018
3	17	0	0	0	0	57.5725	3019
3	17	0	0	0	0	65.141	3020
3	17	0	0	0	0	58.5746	3021
3	18	0	0	0	0	69.6867	3022
3	18	0	0	0	0	69.5306	3023
3	18	0	0	0	0	69.8128	3024
3	18	0	0	0	0	70.9009	3025
2	18	0	0	0	0	69.2854	3026
2	18	0	0	0	0	69.3051	3027
2	18	0	0	0	0	68.3766	3028
2	18	0	0	0	0	65.257	3029
2	17	0	0	0	0	64.1629	3030
2	17	0	0	0	0	68.5111	3031
2	17	0	0	0	0	54.9476	3032
2	17	0	0	0	0	64.5108	3033
2	17	0	0	0	0	57.5836	3034
2	19	0	0	0	0	65.6007	3035
2	19	0	0	0	0	64.7255	3036
2	19	0	0	0	0	61.9594	3037
2	19	0	0	0	0	67.4825	3038
2	18	0	0	0	0	67.6925	3039
2	18	0	0	0	0	62.0504	3040
2	18	0	0	0	0	69.5432	3041
2	18	0	0	0	0	65.1227	3042
2	19	0	0	0	0	64.5434	3043
0	19	0	0	0	0	60.8105	3044
0	19	0	0	0	0	66.5961	3045
1	19	0	0	0	0	57.9209	3046
1	19	0	0	0	0	57.5697	3047
1	19	0	0	0	0	65.3384	3048
1	19	0	0	0	0	63.4205	3049
1	19	0	0	0	0	72.9231	3050
1	19	0	0	0	0	69.4408	3051
1	19	0	0	0	0	64.4194	3052
1	19	0	0	0	0	65.3845	3053
1	19	0	0	0	0	61.4307	3054
1	19	0	0	0	0	60.4693	3055
1	18	0	0	0	0	59.2809	3056
1	19	0	0	0	0	62.5169	3057
1	18	0	0	0	0	66.2316	3058
1	18	0	0	0	0	64.4933	3059
1	18	0	0	0	0	54.9657	3060
1	18	0	0	0	0	59.4751	3061
9	18	0	0	0	0	43.0665	3062
11	18	0	0	0	0	56.4176	3063
12	17	0	0	0	0	57.3342	3064
14	16	0	0	0	0	47.1918	3065
14	16	0	0	0	0	59.4288	3066
14	16	0	0	0	0	104.187	3067
14	16	0	0	0	0	106.954	3068
14	16	0	0	0	0	108.684	3069
14	16	0	0	0	0	101.451	3070
14	16	0	0	0	0	98.3716	3071
15	16	0	0	0	0	104.848	3072
15	15	0	0	0	0	98.2036	3073
15	15	0	0	0	0	111.671	3074
15	15	0	0	0	0	107.017	3075
15	15	0	0	0	0	102.44	3076
15	15	0	0	0	0	100.405	3077
15	14	0	0	0	0	101.472	3078
15	14	0	0	0	0	106.582	3079
15	14	0	0	0	0	102.279	3080
15	14	0	0	0	0	95.5204	3081
15	14	0	0	0	0	103.644	3082
17	14	0	0	0	0	94.9456	3083
17	14	0	0	0	0	113.387	3084
17	14	0	0	0	0	108.587	3085
17	14	0	0	0	0	104.283	3086
17	14	0	0	0	0	100.358	3087
18	14	0	0	0	0	103.877	3088
18	15	0	0	0	0	118.207	3089
18	15	0	0	0	0	116.776	3090
18	17	0	0	0	0	112.858	3091
18	16	0	0	0	0	116.972	3092
19	16	0	0	0	0	118.93	3093
19	16	0	0	0	0	119.33	3094
19	16	0	0	0	0	126.409	3095
19	16	0	0	0	0	125.618	3096
19	16	0	0	0	0	120.844	3097
19	16	0	0	0	0	128.076	3098
19	16	0	0	0	0	120.601	3099
18	16	0	0	0	0	106.836	3100
18	16	0	0	0	0	115.787	3101
18	16	0	0	0	0	113.433	3102
18	16	0	0	0	0	120.087	3103
18	16	0	0	0	0	116.094	3104
17	16	0	0	0	0	113.901	3105
17	16	0	0	0	0	114.831	3106
17	16	0	0	0	0	103.417	3107
17	16	0	0	0	0	102.436	3108
16	16	0	0	0	0	98.0573	3109
16	16	0	0	0	0	99.605	3110
16	16	0	0	0	0	99.2527	3111
14	15	0	0	0	0	92.3594	3112
14	15	0	0	0	0	96.75	3113
14	15	0	0	0	0	95.6037	3114
15	15	0	0	0	0	100.409	3115
16	15	0	0	0	0	100.153	3116
16	15	0	0	0	0	98.9006	3117
16	15	0	0	0	0	98.6445	3118
16	14	0	0	0	0	102.533	3119
16	14	0	0	0	0	103.571	3120
16	14	0	0	0	0	95.754	3121
17	14	0	0	0	0	100.586	3122
17	14	0	0	0	0	98.5342	3123
17	14	0	0	0	0	95.3444	3124
16	14	0	0	0	0	98.8445	3125
16	15	0	0	0	0	96.9635	3126
15	15	0	0	0	0	87.4968	3127
15	13	0	0	0	0	90.4388	3128
15	13	0	0	0	0	91.6998	3129
15	13	0	0	0	0	87.4206	3130
15	11	0	0	0	0	81.5546	3131
15	11	0	0	0	0	82.0677	3132
15	10	0	0	0	0	83.7181	3133
16	9	0	0	0	0	76.5891	3134
15	9	0	0	0	0	71.3539	3135
15	8	0	0	0	0	72.2013	3136
15	7	0	0	0	0	71.4484	3137
15	7	0	0	0	0	64.3139	3138
16	7	0	0	0	0	73.1354	3139
16	6	0	0	0	0	69.1758	3140
17	6	0	0	0	0	70.6437	3141
17	6	0	0	0	0	73.0369	3142
17	6	0	0	0	0	71.1506	3143
17	6	0	0	0	0	77.7801	3144
18	6	0	0	0	0	76.6923	3145
18	6	0	0	0	0	77.5517	3146
18	6	0	0	0	0	82.337	3147
18	6	0	0	0	0	72.645	3148
17	6	0	0	0	0	66.7415	3149
17	6	0	0	0	0	83.3043	3150
17	7	0	0	0	0	78.2788	3151
18	7	0	0	0	0	73.8294	3152
18	7	0	0	0	0	79.2137	3153
18	7	0	0	0	0	77.0068	3154
18	7	0	0	0	0	74.7064	3155
18	7	0	0	0	0	84.4866	3156
18	7	0	0	0	0	85.3265	3157
18	7	0	0	0	0	88.244	3158
18	7	0	0	0	0	80.3331	3159
18	7	0	0	0	0	83.4395	3160
18	7	0	0	0	0	84.5641	3161
18	7	0	0	0	0	76.9576	3162
18	7	0	0	0	0	88.488	3163
19	7	0	0	0	0	84.4109	3164
19	7	0	0	0	0	82.7691	3165
19	5	0	0	0	0	85.5879	3166
19	5	0	0	0	0	79.9973	3167
20	5	0	0	0	0	87.7836	3168
20	5	0	0	0	0	67.5797	3169
22	5	0	0	0	0	69.8544	3170
23	5	0	0	0	0	83.2603	3171
23	5	0	0	0	0	98.1162	3172
23	5	0	0	0	0	85.4768	3173
23	4	0	0	0	0	91.24	3174
23	4	0	0	0	0	91.4725	3175
23	7	0	0	0	0	96.8489	3176
24	7	0	0	0	0	82.0422	3177
23	7	0	0	0	0	105.001	3178
23	7	0	0	0	0	102.215	3179
24	7	0	0	0	0	96.7677	3180
25	7	0	0	0	0	84.2036	3181
25	7	0	0	0	0	82.5047	3182
26	7	0	0	0	0	78.0575	3183
26	7	0	0	0	0	87.2493	3184
21	6	0	0	0	0	87.2321	3185
20	6	0	0	0	0	83.1364	3186
19	6	0	0	0	0	88.733	3187
19	6	0	0	0	0	89.5167	3188
19	6	0	0	0	0	81.3518	3189
19	6	0	0	0	0	83.1267	3190
19	6	0	0	0	0	83.555	3191
19	6	0	0	0	0	76.8214	3192
20	5	0	0	0	0	86.9649	3193
20	5	0	0	0	0	87.5723	3194
21	5	0	0	0	0	87.9509	3195
20	5	0	0	0	0	87.6458	3196
20	5	0	0	0	0	78.8686	3197
20	5	0	0	0	0	80.675	3198
21	6	0	0	0	0	85.3992	3199
22	6	0	0	0	0	85.2747	3200
23	6	0	0	0	0	83.5152	3201
23	6	0	0	0	0	95.1652	3202
23	6	0	0	0	0	97.6767	3203
23	7	0	0	0	0	88.3482	3204
23	7	0	0	0	0	97.4908	3205
23	7	0	0	0	0	100.177	3206
23	7	0	0	0	0	99.514	3207
23	7	0	0	0	0	103.606	3208
22	7	0	0	0	0	99.7856	3209
22	7	0	0	0	0	104.812	3210
22	7	0	0	0	0	96.7897	3211
22	7	0	0	0	0	93.3022	3212
22	7	0	0	0	0	103.03	3213
22	7	0	0	0	0	99.8682	3214
22	7	0	0	0	0	97.1139	3215
22	7	0	0	0	0	99.4112	3216
21	7	0	0	0	0	100.877	3217
21	7	0	0	0	0	95.4409	3218
21	7	0	0	0	0	97.5328	3219
21	7	0	0	0	0	93.4363	3220
21	7	0	0	0	0	99.4484	3221
23	7	0	0	0	0	81.2525	3222
23	7	0	0	0	0	102.805	3223
23	7	0	0	0	0	107.785	3224
23	7	0	0	0	0	101.155	3225
23	7	0	0	0	0	105.211	3226
24	8	0	0	0	0	104.716	3227
24	8	0	0	0	0	112.702	3228
24	8	0	0	0	0	103.455	3229
25	8	0	0	0	0	101.213	3230
24	8	0	0	0	0	113.68	3231
24	8	0	0	0	0	109.19	3232
24	8	0	0	0	0	101.475	3233
24	7	0	0	0	0	106.219	3234
24	7	0	0	0	0	106.831	3235
25	7	0	0	0	0	110.394	3236
25	7	0	0	0	0	117.262	3237
25	7	0	0	0	0	114.239	3238
25	7	0	0	0	0	102.188	3239
25	7	0	0	0	0	99.3706	3240
25	8	0	0	0	0	108.868	3241
25	8	0	0	0	0	106.13	3242
25	8	0	0	0	0	110.394	3243
25	8	0	0	0	0	107.031	3244
25	8	0	0	0	0	104.607	3245
26	8	0	0	0	0	116.468	3246
26	8	0	0	0	0	116.17	3247
26	8	0	0	0	0	109.681	3248
26	8	0	0	0	0	125.389	3249
27	8	0	0	0	0	116.544	3250
27	8	0	0	0	0	107.46	3251
27	8	0	0	0	0	110.389	3252
27	8	0	0	0	0	108.739	3253
27	8	0	0	0	0	101.165	3254
25	8	0	0	0	0	109.83	3255
25	9	0	0	0	0	105.102	3256
24	9	0	0	0	0	98.2694	3257
22	9	0	0	0	0	104.985	3258
22	9	0	0	0	0	111.2	3259
21	9	0	0	0	0	103.517	3260
21	9	0	0	0	0	97.8058	3261
21	9	0	0	0	0	109.192	3262
21	9	0	0	0	0	103.254	3263
21	9	0	0	0	0	104.583	3264
21	9	0	0	0	0	107.307	3265
22	9	0	0	0	0	105.969	3266
23	9	0	0	0	0	106.148	3267
23	9	0	0	0	0	101.491	3268
23	9	0	0	0	0	109.831	3269
24	8	0	0	0	0	107.388	3270
24	8	0	0	0	0	112.012	3271
24	8	0	0	0	0	111.189	3272
24	8	0	0	0	0	114.047	3273
24	8	0	0	0	0	110.39	3274
24	8	0	0	0	0	110.301	3275
24	7	0	0	0	0	109.537	3276
24	7	0	0	0	0	103.634	3277
24	7	0	0	0	0	114.689	3278
24	7	0	0	0	0	104.515	3279
24	7	0	0	0	0	114.614	3280
25	7	0	0	0	0	106.998	3281
27	7	0	0	0	0	110.73	3282
27	7	0	0	0	0	116.228	3283
27	7	0	0	0	0	115.15	3284
27	8	0	0	0	0	112.566	3285
27	8	0	0	0	0	118.156	3286
27	12	0	0	0	0	121.26	3287
27	12	0	0	0	0	130.144	3288
27	12	0	0	0	0	124.693	3289
27	12	0	0	0	0	125.011	3290
26	12	0	0	0	0	114.104	3291
26	11	0	0	0	0	122.233	3292
25	11	0	0	0	0	121.292	3293
25	11	0	0	0	0	108.239	3294
22	11	0	0	0	0	94.6178	3295
17	11	0	0	0	0	88.602	3296
16	11	0	0	0	0	80.6154	3297
16	11	0	0	0	0	90.2699	3298
17	11	0	0	0	0	88.5867	3299
17	10	0	0	0	0	83.087	3300
17	10	0	0	0	0	98.0637	3301
17	10	0	0	0	0	82.8408	3302
17	10	0	0	0	0	79.6926	3303
17	10	0	0	0	0	79.8664	3304
17	10	0	0	0	0	77.6708	3305
17	10	0	0	0	0	81.5118	3306
17	10	0	0	0	0	81.7663	3307
17	9	0	0	0	0	80.943	3308
17	9	0	0	0	0	80.943	3309
17	9	0	0	0	0	84.5416	3310
17	9	0	0	0	0	84.5931	3311
17	9	0	0	0	0	79.1917	3312
17	9	0	0	0	0	71.7452	3313
16	9	0	0	0	0	83.3118	3314
16	8	0	0	0	0	84.4768	3315
17	8	0	0	0	0	82.9649	3316
17	8	0	0	0	0	78.9954	3317
17	8	0	0	0	0	84.4986	3318
17	8	0	0	0	0	82.4447	3319
17	8	0	0	0	0	76.9012	3320
17	8	0	0	0	0	78.7024	3321
17	8	0	0	0	0	75.6119	3322
17	8	0	0	0	0	74.9722	3323
18	8	0	0	0	0	81.2884	3324
18	8	0	0	0	0	76.6379	3325
18	8	0	0	0	0	96.6447	3326
18	8	0	0	0	0	80.4328	3327
17	8	0	0	0	0	80.3292	3328
17	8	0	0	0	0	82.4856	3329
17	8	0	0	0	0	88.1442	3330
17	8	0	0	0	0	84.9732	3331
17	8	0	0	0	0	88.6919	3332
17	8	0	0	0	0	87.2329	3333
17	8	0	0	0	0	80.6101	3334
17	8	0	0	0	0	83.2719	3335
17	8	0	0	0	0	91.7358	3336
17	8	0	0	0	0	85.226	3337
18	8	0	0	0	0	81.4086	3338
18	8	0	0	0	0	86.7023	3339
18	8	0	0	0	0	81.1102	3340
18	8	0	0	0	0	94.2762	3341
18	9	0	0	0	0	89.3597	3342
18	11	0	0	0	0	92.0871	3343
18	13	0	0	0	0	92.1397	3344
18	13	0	0	0	0	97.6304	3345
17	13	0	0	0	0	94.9085	3346
17	13	0	0	0	0	93.8734	3347
17	13	0	0	0	0	87.6134	3348
17	13	0	0	0	0	81.0931	3349
16	13	0	0	0	0	91.4072	3350
12	13	0	0	0	0	83.8677	3351
11	13	0	0	0	0	80.446	3352
10	12	0	0	0	0	62.2798	3353
10	11	0	0	0	0	69.1789	3354
10	11	0	0	0	0	75.1101	3355
10	13	0	0	0	0	76.5489	3356
10	13	0	0	0	0	75.1494	3357
10	13	0	0	0	0	76.418	3358
10	13	0	0	0	0	78.627	3359
11	13	0	0	0	0	80.3586	3360
10	13	0	0	0	0	74.2615	3361
10	13	0	0	0	0	77.0535	3362
10	13	0	0	0	0	74.6576	3363
10	13	0	0	0	0	76.7694	3364
10	13	0	0	0	0	80.1202	3365
10	13	0	0	0	0	80.5566	3366
10	12	0	0	0	0	73.7941	3367
10	12	0	0	0	0	75.6762	3368
10	12	0	0	0	0	71.1107	3369
10	12	0	0	0	0	75.3578	3370
10	12	0	0	0	0	79.4952	3371
10	12	0	0	0	0	76.9879	3372
10	12	0	0	0	0	76.9903	3373
10	12	0	0	0	0	75.261	3374
10	12	0	0	0	0	80.5612	3375
10	13	0	0	0	0	73.26	3376
10	13	0	0	0	0	71.5022	3377
10	13	0	0	0	0	80.5638	3378
10	13	0	0	0	0	79.7396	3379
9	13	0	0	0	0	69.223	3380
9	12	0	0	0	0	59.6321	3381
9	12	0	0	0	0	76.329	3382
9	12	0	0	0	0	73.9933	3383
9	12	0	0	0	0	63.8088	3384
9	12	0	0	0	0	71.8489	3385
9	12	0	0	0	0	73.2447	3386
9	12	0	0	0	0	65.7447	3387
9	12	0	0	0	0	66.9058	3388
9	12	0	0	0	0	57.25	3389
9	12	0	0	0	0	56.9193	3390
8	12	0	0	0	0	61.6192	3391
8	12	0	0	0	0	61.8766	3392
8	12	0	0	0	0	61.6952	3393
9	12	0	0	0	0	61.2502	3394
9	12	0	0	0	0	62.6141	3395
7	12	0	0	0	0	61.7933	3396
7	12	0	0	0	0	66.9326	3397
7	12	0	0	0	0	58.324	3398
7	12	0	0	0	0	65.1334	3399
7	12	0	0	0	0	60.0219	3400
7	11	0	0	0	0	54.9404	3401
7	11	0	0	0	0	52.2398	3402
7	11	0	0	0	0	53.4638	3403
7	11	0	0	0	0	49.1199	3404
7	11	0	0	0	0	56.5285	3405
7	10	0	0	0	0	57.3432	3406
7	10	0	0	0	0	60.4259	3407
7	10	0	0	0	0	55.3438	3408
6	10	0	0	0	0	53.573	3409
6	10	0	0	0	0	50.1788	3410
6	10	0	0	0	0	48.8059	3411
6	10	0	0	0	0	50.4215	3412
6	10	0	0	0	0	50.2889	3413
6	10	0	0	0	0	50.0202	3414
6	9	0	0	0	0	46.6145	3415
6	9	0	0	0	0	42.1369	3416
6	8	0	0	0	0	48.6729	3417
6	8	0	0	0	0	42.9013	3418
6	7	0	0	0	0	29.1145	3419
5	5	0	0	0	0	26.7714	3420
5	5	0	0	0	0	27.3631	3421
5	4	0	0	0	0	25.2177	3422
5	3	0	0	0	0	20.8356	3423
5	2	0	0	0	0	13.3829	3424
5	0	0	0	0	0	11.8871	3425
5	0	0	0	0	0	13.3829	3426
5	0	0	0	0	0	13.2494	3427
5	0	0	0	0	0	13.2494	3428
5	0	0	0	0	0	12.4316	3429
5	0	0	0	0	0	11.3166	3430
5	0	0	0	0	0	8.00306	3431
4	0	0	0	0	0	8.00306	3432
4	0	0	0	0	0	7.96962	3433
4	0	0	0	0	0	1.32626	3434
2	0	0	0	0	0	0.794579	3435
2	0	0	0	0	0	0.690799	3436
2	0	0	0	0	0	0.690799	3437
2	0	0	0	0	0	0.695153	3438
2	0	0	0	0	0	0.607321	3439
2	0	0	0	0	0	-3.01129	3440
1	0	0	0	0	0	-4.38053	3441
1	0	0	0	0	0	-3.01129	3442
1	0	0	0	0	0	-3.05609	3443
1	0	0	0	0	0	-3.01129	3444
1	0	0	0	0	0	-2.74703	3445
1	0	0	0	0	0	-4.38053	3446
1	0	0	0	0	0	-2.73237	3447
1	0	0	0	0	0	-2.73237	3448
1	0	0	0	0	0	-3.01129	3449
1	0	0	0	0	0	-3.05609	3450
1	0	0	0	0	0	-2.74703	3451
1	0	0	0	0	0	-2.74703	3452
1	0	0	0	0	0	nan	3453
