unique_top_cov	unique_bot_cov	redundant_top_cov	redundant_bot_cov	raw_redundant_top_cov	raw_redundant_bot_cov	e_value	position
0	2	0	0	0	0	nan	1
0	2	0	0	0	0	nan	2
1	2	0.333333	0	1	0	1.32626	3
1	2	0.333333	0	1	0	0.882473	4
2	2	0.333333	0	1	0	1.32626	5
2	2	0.333333	0	1	0	8.43161	6
2	2	0.333333	0	1	0	8.1318	7
2	2	0.333333	0	1	0	8.06131	8
2	2	0.333333	0	1	0	8.43161	9
2	2	0.333333	0	1	0	8.36007	10
3	3	0.333333	0	1	0	9.34228	11
3	3	0.333333	0	1	0	14.84	12
3	3	0.333333	0	1	0	13.373	13
3	3	0.333333	0	1	0	14.9707	14
3	3	0.333333	0	1	0	12.6781	15
3	4	0.333333	0	1	0	15.9029	16
3	4	0.666667	0	2	0	15.4745	17
3	4	0.666667	0	2	0	13.0137	18
4	5	0.666667	0	2	0	20.1195	19
4	5	0.666667	0	2	0	27.1277	20
5	5	0.666667	0	2	0	24.6003	21
5	5	0.666667	0	2	0	24.6003	22
5	5	0.666667	0	2	0	32.4024	23
5	5	0.666667	0	2	0	31.3363	24
5	5	0.666667	0	2	0	29.7733	25
5	5	0.666667	0	2	0	31.3279	26
5	6	0.666667	0	2	0	33.0903	27
5	6	0.666667	0	2	0	34.9847	28
5	6	0.666667	0	2	0	31.7885	29
5	6	0.666667	0	2	0	33.6508	30
5	6	0.666667	0	2	0	36.2315	31
5	6	0.666667	0	2	0	36.5654	32
5	6	0.666667	0	2	0	36.0648	33
5	7	0.666667	0	2	0	33.4949	34
6	8	0.666667	0	2	0	34.9847	35
6	8	0.666667	0	2	0	35.1824	36
6	9	0.666667	0	2	0	35.1304	37
6	9	0.666667	0	2	0	44.9241	38
6	9	0.666667	0	2	0	42.0816	39
6	10	0.666667	0	2	0	46.3763	40
6	10	0.666667	0	2	0	45.7319	41
6	10	0.666667	0	2	0	53.2037	42
6	10	0.666667	0	2	0	56.6091	43
6	10	0.333333	0	1	0	51.286	44
6	10	0.333333	0	1	0	55.5878	45
6	10	0.333333	0	1	0	56.297	46
6	11	0.333333	0	1	0	54.0238	47
7	11	0.333333	0	1	0	49.1645	48
7	11	0.333333	0	1	0	60.3062	49
7	11	0.333333	0	1	0	64.0915	50
7	11	0.333333	0	1	0	57.5676	51
7	11	0.333333	0	1	0	60.4352	52
7	11	0.333333	0	1	0	54.7602	53
7	12	0.333333	0	1	0	64.2169	54
7	12	0.333333	0	1	0	55.5898	55
7	12	0.333333	0	1	0	64.6778	56
7	12	0.333333	0	1	0	54.8006	57
7	12	0	0	0	0	54.1345	58
7	12	0	0	0	0	68.5787	59
7	12	0	0	0	0	65.7855	60
7	12	0	0	0	0	59.8217	61
7	13	0	0	0	0	67.3879	62
7	13	0	0	0	0	67.1844	63
7	13	0	0	0	0	63.1831	64
7	13	0	0	0	0	64.8924	65
7	13	0	0	0	0	72.8119	66
7	13	0	0	0	0	63.9622	67
8	13	0	0	0	0	72.5075	68
8	13	0	0	0	0	63.0965	69
8	13	0	0	0	0	67.8742	70
8	13	0	0	0	0	69.0168	71
9	13	0	0	0	0	72.7629	72
9	13	0	0	0	0	65.7189	73
9	14	0	0	0	0	71.0234	74
10	16	0	0	0	0	72.2623	75
11	16	0	0	0	0	71.3712	76
8	14	0	0	0	0	51.4349	77
9	14	0	0	0	0	68.9161	78
9	14	0	0	0	0	68.2925	79
10	14	0	0	0	0	77.4807	80
10	14	0	0	0	0	81.6581	81
10	14	0	0	0	0	71.7896	82
10	14	0	0	0	0	70.8079	83
10	14	0	0	0	0	77.8809	84
10	15	0	0	0	0	83.4879	85
10	15	0	0	0	0	83.814	86
11	15	0	0	0	0	87.4698	87
11	15	0	0	0	0	76.3801	88
11	15	0	0	0	0	83.4503	89
11	15	0	0	0	0	85.2308	90
10	16	0	0	0	0	87.7859	91
10	16	0	0	0	0	89.9806	92
10	16	0	0	0	0	86.1457	93
10	16	0	0	0	0	88.4876	94
10	16	0	0	0	0	80.498	95
11	16	0	0	0	0	85.5888	96
11	16	0	0	0	0	91.0879	97
11	16	0	0	0	0	90.5651	98
11	17	0	0	0	0	93.4984	99
11	17	0	0	0	0	87.5796	100
11	18	0	0	0	0	94.6027	101
11	18	0	0	0	0	89.4328	102
11	18	0	0	0	0	93.0114	103
11	18	0	0	0	0	92.8611	104
11	19	0	0	0	0	99.9403	105
12	19	0	0	0	0	99.7093	106
12	18	0	0	0	0	99.3372	107
12	18	0	0	0	0	97.0948	108
12	18	0	0	0	0	103.373	109
12	18	0	0	0	0	102.096	110
12	18	0	0	0	0	103.292	111
14	18	0	0	0	0	102.274	112
15	18	0	0	0	0	111.92	113
16	18	0	0	0	0	98.4268	114
16	18	0	0	0	0	106.926	115
16	18	0	0	0	0	105.196	116
16	18	0	0	0	0	109.618	117
17	18	0	0	0	0	110.299	118
17	18	0	0	0	0	109.198	119
18	18	0	0	0	0	104.462	120
18	18	0	0	0	0	113.06	121
18	18	0	0	0	0	118.992	122
18	17	0	0	0	0	120.537	123
19	17	0	0	0	0	111.13	124
19	17	0	0	0	0	119.05	125
19	17	0	0	0	0	119.61	126
19	16	0	0	0	0	122.673	127
19	16	0	0	0	0	121.046	128
19	16	0	0	0	0	115.602	129
19	16	0	0	0	0	115.031	130
19	16	0	0	0	0	109.285	131
19	15	0	0	0	0	123.036	132
19	14	0	0	0	0	113.208	133
19	13	0	0	0	0	104.199	134
20	13	0	0	0	0	106.024	135
20	13	0	0	0	0	99.9648	136
19	12	0	0	0	0	101.572	137
19	11	0	0	0	0	103.637	138
19	11	0	0	0	0	103.618	139
19	11	0	0	0	0	95.4377	140
19	11	0	0	0	0	101.505	141
19	12	0	0	0	0	102.381	142
19	12	0	0	0	0	102.523	143
19	12	0	0	0	0	103.725	144
18	12	0	0	0	0	97.2482	145
18	12	0	0	0	0	85.6802	146
16	12	0	0	0	0	90.5368	147
16	12	0	0	0	0	93.2131	148
17	12	0	0	0	0	99.3875	149
17	12	0	0	0	0	98.2404	150
17	12	0	0	0	0	94.7264	151
17	15	0	0	0	0	101.468	152
17	14	0	0	0	0	94.9516	153
17	14	0	0	0	0	102.306	154
17	14	0	0	0	0	112.644	155
17	14	0	0	0	0	97.9592	156
17	15	0	0	0	0	108.141	157
20	15	0	0	0	0	100.123	158
20	15	0	0	0	0	108.035	159
20	15	0	0	0	0	115.953	160
19	15	0	0	0	0	121.927	161
19	15	0	0	0	0	114.621	162
19	15	0	0	0	0	115.372	163
18	15	0	0	0	0	110.594	164
18	15	0	0	0	0	110.804	165
18	14	0	0	0	0	105.27	166
18	14	0	0	0	0	101.295	167
19	13	0	0	0	0	94.2906	168
19	12	0	0	0	0	114.344	169
19	12	0	0	0	0	106.121	170
20	12	0	0	0	0	108.104	171
20	12	0	0	0	0	111.054	172
20	12	0	0	0	0	112.417	173
20	13	0	0	0	0	107.077	174
20	13	0	0	0	0	106.78	175
21	13	0	0	0	0	116.532	176
21	13	0	0	0	0	111.161	177
21	13	0	0	0	0	108.09	178
21	13	0	0	0	0	108.98	179
21	13	0	0	0	0	110.258	180
21	13	0	0	0	0	98.5394	181
21	12	0	0	0	0	108.517	182
21	12	0	0	0	0	104.632	183
22	12	0	0	0	0	102.917	184
22	11	0	0	0	0	98.5411	185
22	11	0	0	0	0	108.226	186
22	11	0	0	0	0	108.391	187
22	10	0	0	0	0	103.668	188
23	10	0	0	0	0	102.661	189
23	9	0	0	0	0	108.32	190
23	8	0	0	0	0	115.09	191
23	8	0	0	0	0	102.971	192
23	8	0	0	0	0	101.617	193
23	8	0	0	0	0	103.206	194
23	8	0	0	0	0	109.584	195
23	8	0	0	0	0	110.039	196
23	8	0	0	0	0	110.616	197
23	8	0	0	0	0	106.572	198
23	8	0	0	0	0	101.723	199
23	7	0	0	0	0	104.83	200
23	7	0	0	0	0	105.706	201
23	7	0	0	0	0	101.704	202
23	7	0	0	0	0	102.281	203
23	7	0	0	0	0	97.7826	204
23	7	0	0	0	0	105.677	205
23	7	0	0	0	0	105.124	206
23	7	0	0	0	0	89.2935	207
23	7	0	0	0	0	100.473	208
22	7	0	0	0	0	99.3243	209
22	7	0	0	0	0	101.868	210
22	7	0	0	0	0	101.731	211
22	7	0	0	0	0	98.0034	212
22	8	0	0	0	0	101.114	213
22	8	0	0	0	0	101.786	214
22	8	0	0	0	0	100.455	215
22	8	0	0	0	0	107.088	216
22	8	0	0	0	0	96.607	217
22	8	0	0	0	0	91.7526	218
22	8	0	0	0	0	86.7748	219
22	8	0	0	0	0	89.3157	220
22	9	0	0	0	0	91.958	221
18	9	0	0	0	0	83.4254	222
18	9	0	0	0	0	87.9376	223
17	9	0	0	0	0	87.1916	224
16	11	0	0	0	0	79.6049	225
15	11	0	0	0	0	84.3152	226
15	11	0	0	0	0	85.0942	227
15	11	0	0	0	0	88.9897	228
15	11	0	0	0	0	87.2216	229
15	11	0	0	0	0	91.7857	230
15	11	0	0	0	0	93.3506	231
15	11	0	0	0	0	92.1516	232
15	11	0	0	0	0	91.6292	233
14	11	0	0	0	0	87.8024	234
14	13	0	0	0	0	91.6603	235
14	13	0	0	0	0	86.0207	236
15	14	0	0	0	0	91.5774	237
15	14	0	0	0	0	90.025	238
15	14	0	0	0	0	92.9135	239
16	14	0	0	0	0	105.029	240
16	14	0	0	0	0	90.1126	241
16	14	0	0	0	0	95.8355	242
15	13	0	0	0	0	85.4904	243
14	15	0	0	0	0	95.8328	244
14	15	0	0	0	0	79.2454	245
13	15	0	0	0	0	99.9026	246
13	15	0	0	0	0	87.7535	247
13	15	0	0	0	0	95.1924	248
14	15	0	0	0	0	98.4821	249
15	15	0	0	0	0	90.6855	250
15	14	0	0	0	0	95.7698	251
15	14	0	0	0	0	91.6593	252
13	14	0	0	0	0	82.9234	253
13	14	0	0	0	0	97.8458	254
13	14	0	0	0	0	87.4854	255
13	14	0	0	0	0	99.4199	256
13	14	0	0	0	0	95.9029	257
13	14	0	0	0	0	87.9542	258
13	15	0	0	0	0	83.94	259
13	15	0	0	0	0	75.2938	260
13	15	0	0	0	0	78.6069	261
13	15	0	0	0	0	83.0914	262
12	14	0	0	0	0	64.3901	263
12	14	0	0	0	0	63.8958	264
10	14	0	0	0	0	81.6868	265
10	14	0	0	0	0	85.7561	266
10	14	0	0	0	0	84.6587	267
10	14	0	0	0	0	79.5986	268
10	14	0	0	0	0	82.5879	269
10	14	0	0	0	0	78.6945	270
10	14	0	0	0	0	83.4654	271
10	16	0	0	0	0	84.4706	272
10	16	0	0	0	0	78.1088	273
10	16	0	0	0	0	92.8406	274
10	16	0	0	0	0	83.9231	275
10	16	0	0	0	0	86.0436	276
10	16	0	0	0	0	83.5501	277
10	16	0	0	0	0	73.0099	278
10	16	0	0	0	0	85.8593	279
9	16	0	0	0	0	84.3662	280
9	16	0	0	0	0	86.492	281
9	16	0	0	0	0	78.2376	282
9	16	0	0	0	0	72.0089	283
9	16	0	0	0	0	90.3073	284
10	16	0	0	0	0	77.478	285
11	16	0	0	0	0	90.5173	286
11	16	0	0	0	0	85.8769	287
11	16	0	0	0	0	99.0662	288
11	16	0	0	0	0	96.5403	289
11	16	0	0	0	0	94.815	290
11	16	0	0	0	0	89.8281	291
11	16	0	0	0	0	90.4611	292
11	16	0	0	0	0	97.9172	293
11	16	0	0	0	0	95.9982	294
11	16	0	0	0	0	87.2664	295
11	16	0	0	0	0	94.3045	296
11	16	0	0	0	0	95.6134	297
11	16	0	0	0	0	92.1334	298
10	16	0	0	0	0	89.1729	299
10	16	0	0	0	0	80.4144	300
10	16	0	0	0	0	78.7605	301
10	13	0	0	0	0	76.4641	302
10	13	0	0	0	0	74.7733	303
10	13	0	0	0	0	76.9641	304
10	14	0	0	0	0	72.4721	305
10	14	0	0	0	0	69.9594	306
9	14	0	0	0	0	71.3412	307
8	12	0	0	0	0	67.7502	308
8	12	0	0	0	0	61.7109	309
8	13	0	0	0	0	72.5204	310
8	13	0	0	0	0	70.7476	311
8	13	0	0	0	0	57.4052	312
8	12	0	0	0	0	62.728	313
7	12	0	0	0	0	60.537	314
7	12	0	0	0	0	63.3924	315
7	11	0	0	0	0	60.8073	316
7	11	0	0	0	0	63.8051	317
7	13	0	0	0	0	53.9879	318
6	13	0	0	0	0	61.3879	319
6	13	0	0	0	0	50.9836	320
5	13	0	0	0	0	56.8728	321
5	13	0	0	0	0	57.674	322
5	13	0	0	0	0	48.116	323
6	13	0	0	0	0	60.4979	324
6	13	0	0	0	0	52.2578	325
4	13	0	0	0	0	56.2984	326
4	13	0	0	0	0	57.909	327
4	13	0	0	0	0	53.7583	328
4	13	0	0	0	0	53.1682	329
4	13	0	0	0	0	54.5846	330
4	13	0	0	0	0	59.6425	331
4	14	0	0	0	0	50.2644	332
4	14	0	0	0	0	57.3341	333
4	14	0	0	0	0	63.7095	334
4	14	0	0	0	0	50.844	335
4	14	0	0	0	0	61.8888	336
4	14	0	0	0	0	57.4588	337
4	14	0	0	0	0	56.4829	338
4	14	0	0	0	0	55.3416	339
4	14	0	0	0	0	45.1321	340
4	14	0	0	0	0	52.6872	341
4	14	0	0	0	0	57.564	342
4	13	0	0	0	0	53.1692	343
4	13	0	0	0	0	50.0419	344
3	13	0	0	0	0	39.3417	345
3	13	0	0	0	0	48.2098	346
3	13	0	0	0	0	50.7726	347
3	13	0	0	0	0	55.1719	348
3	13	0	0	0	0	53.8532	349
3	13	0	0	0	0	50.8677	350
3	13	0	0	0	0	56.7539	351
3	13	0	0	0	0	53.6819	352
3	13	0	0	0	0	48.8013	353
3	13	0	0	0	0	45.2662	354
4	13	0	0	0	0	48.2139	355
4	12	0	0	0	0	50.3531	356
4	12	0	0	0	0	51.4318	357
5	12	0	0	0	0	47.8165	358
6	12	0	0	0	0	49.7181	359
6	12	0	0	0	0	54.8657	360
7	13	0	0	0	0	57.3441	361
7	14	0	0	0	0	53.6686	362
7	13	0	0	0	0	49.0183	363
7	13	0	0	0	0	58.8017	364
7	13	0	0	0	0	61.5517	365
7	15	0	0	0	0	60.6971	366
8	14	0	0	0	0	56.2663	367
8	12	0	0	0	0	63.4995	368
9	12	0	0	0	0	59.9334	369
9	12	0	0	0	0	61.1284	370
9	12	0	0	0	0	58.22	371
9	11	0	0	0	0	50.8945	372
9	11	0	0	0	0	60.1204	373
9	11	0	0	0	0	63.2485	374
11	9	0	0	0	0	55.0475	375
11	9	0	0	0	0	58.626	376
11	9	0	0	0	0	66.6297	377
11	9	0	0	0	0	68.44	378
11	9	0	0	0	0	69.1666	379
11	9	0	0	0	0	64.4988	380
12	9	0	0	0	0	64.5001	381
12	9	0	0	0	0	67.9498	382
12	9	0	0	0	0	71.7199	383
12	9	0	0	0	0	69.9048	384
12	9	0	0	0	0	73.1885	385
12	9	0	0	0	0	70.9329	386
13	9	0	0	0	0	60.9937	387
13	9	0	0	0	0	69.9693	388
13	9	0	0	0	0	65.8415	389
13	10	0	0	0	0	75.7323	390
13	10	0	0	0	0	68.6263	391
13	11	0	0	0	0	68.9768	392
13	11	0	0	0	0	74.7204	393
13	11	0	0	0	0	81.9414	394
13	12	0	0	0	0	83.4347	395
13	12	0	0	0	0	79.918	396
13	12	0	0	0	0	76.7284	397
13	12	0	0	0	0	81.0607	398
12	12	0	0	0	0	81.1462	399
12	12	0	0	0	0	80.6618	400
12	12	0	0	0	0	79.6188	401
12	12	0	0	0	0	82.1216	402
12	12	0	0	0	0	71.9916	403
12	12	0	0	0	0	79.4836	404
12	12	0	0	0	0	77.2212	405
12	12	0	0	0	0	80.1672	406
12	12	0	0	0	0	86.6474	407
12	12	0	0	0	0	80.3009	408
12	12	0	0	0	0	84.6876	409
12	12	0	0	0	0	83.593	410
12	12	0	0	0	0	82.3129	411
12	12	0	0	0	0	79.4755	412
12	12	0	0	0	0	82.3036	413
12	12	0	0	0	0	78.8839	414
13	12	0	0	0	0	75.1684	415
13	12	0	0	0	0	77.7155	416
14	12	0	0	0	0	82.7449	417
15	12	0	0	0	0	84.7165	418
15	13	0	0	0	0	92.2832	419
15	13	0	0	0	0	87.3183	420
15	13	0	0	0	0	82.8777	421
16	11	0	0	0	0	85.0812	422
16	11	0	0	0	0	87.7985	423
16	10	0	0	0	0	95.08	424
16	10	0	0	0	0	86.1774	425
16	10	0	0	0	0	89.5708	426
17	10	0	0	0	0	83.6975	427
17	10	0	0	0	0	91.2546	428
17	10	0	0	0	0	89.776	429
18	11	0	0	0	0	96.1746	430
18	11	0	0	0	0	98.1909	431
18	11	0	0	0	0	99.3736	432
18	12	0	0	0	0	95.2515	433
19	11	0	0	0	0	100.362	434
19	12	0	0	0	0	100.771	435
19	12	0	0	0	0	97.3671	436
19	12	0	0	0	0	102.789	437
19	12	0	0	0	0	97.4259	438
17	12	0	0	0	0	99.7872	439
18	12	0	0	0	0	102.158	440
18	12	0	0	0	0	94.3043	441
18	12	0	0	0	0	96.8149	442
18	12	0	0	0	0	102.682	443
19	12	0	0	0	0	102.275	444
19	12	0	0	0	0	102.714	445
19	13	0	0	0	0	89.7781	446
19	13	0	0	0	0	100.141	447
19	13	0	0	0	0	95.3807	448
19	13	0	0	0	0	106.097	449
19	14	0	0	0	0	107.52	450
20	14	0	0	0	0	117.713	451
20	14	0	0	0	0	112.382	452
20	14	0	0	0	0	113.705	453
20	14	0	0	0	0	116.013	454
20	13	0	0	0	0	114.462	455
20	13	0	0	0	0	114.998	456
20	13	0	0	0	0	107.219	457
20	13	0	0	0	0	118.227	458
20	13	0	0	0	0	109.84	459
20	12	0	0	0	0	115.537	460
20	12	0	0	0	0	113.745	461
20	12	0	0	0	0	94.6082	462
20	12	0	0	0	0	113.728	463
20	12	0	0	0	0	106.899	464
20	12	0	0	0	0	91.2139	465
20	12	0	0	0	0	116.437	466
20	12	0	0	0	0	110.814	467
20	12	0	0	0	0	110.122	468
20	12	0	0	0	0	103.632	469
20	11	0	0	0	0	111.205	470
20	11	0	0	0	0	110.648	471
20	11	0	0	0	0	110.062	472
20	11	0	0	0	0	104.802	473
22	11	0	0	0	0	115.262	474
22	11	0	0	0	0	113.017	475
22	11	0	0	0	0	111.253	476
22	11	0	0	0	0	116.161	477
22	12	0	0	0	0	111.271	478
22	12	0	0	0	0	125.366	479
22	12	0	0	0	0	117.115	480
24	12	0	0	0	0	121.134	481
24	12	0	0	0	0	117.463	482
24	12	0	0	0	0	121.763	483
24	12	0	0	0	0	123.068	484
23	12	0	0	0	0	125.274	485
23	12	0	0	0	0	121.691	486
22	11	0	0	0	0	88.2275	487
22	11	0	0	0	0	109.773	488
22	11	0	0	0	0	100.458	489
22	11	0	0	0	0	109.148	490
22	11	0	0	0	0	109.826	491
22	10	0	0	0	0	107.585	492
22	10	0	0	0	0	112.126	493
24	10	0	0	0	0	106.539	494
24	10	0	0	0	0	107.312	495
22	10	0	0	0	0	109.64	496
21	14	0	0	0	0	105.857	497
21	14	0	0	0	0	124.916	498
21	14	0	0	0	0	118.568	499
21	14	0	0	0	0	112.15	500
20	14	0	0	0	0	110.329	501
20	14	0	0	0	0	112.337	502
20	14	0	0	0	0	106.705	503
20	14	0	0	0	0	120.586	504
20	15	0	0	0	0	115.33	505
19	15	0	0	0	0	100.301	506
19	17	0	0	0	0	116.042	507
19	17	0	0	0	0	101.686	508
19	17	0	0	0	0	107.906	509
19	17	0	0	0	0	116.213	510
17	16	0	0	0	0	107.868	511
17	16	0	0	0	0	114.376	512
17	16	0	0	0	0	115.105	513
17	16	0	0	0	0	107.026	514
18	17	0	0	0	0	117.223	515
18	17	0	0	0	0	117.613	516
19	17	0	0	0	0	118.684	517
19	17	0	0	0	0	118.363	518
18	17	0	0	0	0	122.889	519
18	17	0	0	0	0	117.477	520
19	17	0	0	0	0	121.23	521
19	17	0	0	0	0	125.469	522
20	17	0	0	0	0	129.149	523
20	17	0	0	0	0	126.278	524
20	17	0	0	0	0	127.956	525
20	17	0	0	0	0	118.357	526
20	16	0	0	0	0	119.87	527
21	16	0	0	0	0	124.049	528
21	16	0	0	0	0	118.394	529
21	16	0	0	0	0	121.131	530
22	15	0	0	0	0	118.205	531
22	16	0	0	0	0	129.992	532
22	16	0	0	0	0	128.954	533
22	16	0	0	0	0	114.619	534
20	16	0	0	0	0	121.718	535
21	16	0	0	0	0	127.52	536
22	16	0	0	0	0	117.745	537
22	15	0	0	0	0	116.038	538
22	15	0	0	0	0	124.447	539
22	15	0	0	0	0	114.275	540
22	15	0	0	0	0	126.462	541
22	15	0	0	0	0	126.957	542
22	15	0	0	0	0	129.221	543
22	15	0	0	0	0	124.334	544
22	14	0	0	0	0	111.565	545
22	14	0	0	0	0	122.489	546
23	14	0	0	0	0	117.452	547
22	13	0	0	0	0	115.955	548
22	13	0	0	0	0	112.539	549
22	13	0	0	0	0	120.329	550
22	13	0	0	0	0	122.804	551
22	13	0	0	0	0	124.37	552
22	13	0	0	0	0	127.903	553
22	13	0	0	0	0	120.499	554
22	13	0	0	0	0	124.719	555
22	13	0	0	0	0	125.059	556
22	13	0	0	0	0	131.483	557
22	13	0	0	0	0	125.999	558
22	14	0	0	0	0	125.181	559
22	14	0	0	0	0	119.467	560
22	14	0	0	0	0	121.254	561
22	14	0	0	0	0	120.478	562
22	14	0	0	0	0	123.937	563
22	14	0	0	0	0	114.509	564
21	14	0	0	0	0	109.049	565
21	15	0	0	0	0	97.0226	566
20	16	0	0	0	0	95.3169	567
19	16	0	0	0	0	102.503	568
19	15	0	0	0	0	91.5636	569
19	14	0	0	0	0	84.1814	570
19	14	0	0	0	0	87.5452	571
19	14	0	0	0	0	82.1888	572
19	13	0	0	0	0	99.9886	573
19	13	0	0	0	0	86.1567	574
19	14	0	0.5	0	1	95.5593	575
19	15	0	0.5	0	1	93.8405	576
19	14	0	0.5	0	1	97.9639	577
19	14	0	0.5	0	1	98.0423	578
19	14	0	0.5	0	1	96.7365	579
19	13	0	0.5	0	1	101.151	580
19	13	0	0.5	0	1	109.682	581
18	13	0	0.5	0	1	104.516	582
18	13	0	0.5	0	1	107.82	583
18	13	0	0.5	0	1	108.935	584
18	13	0	0.5	0	1	96.2991	585
18	13	0	0.5	0	1	110.914	586
18	13	0	0.5	0	1	103.343	587
19	13	0	0.5	0	1	99.0925	588
19	13	0	0.5	0	1	108.582	589
19	13	0	0.5	0	1	108.871	590
19	13	0	0.5	0	1	109.225	591
19	13	0	0.5	0	1	85.068	592
19	14	0	0.5	0	1	90.5673	593
18	14	0	0.5	0	1	82.8901	594
18	14	0	0.5	0	1	86.8676	595
18	13	0	0.5	0	1	81.2615	596
19	13	0	0.5	0	1	78.6082	597
19	13	0	0.5	0	1	88.6456	598
18	13	0	0.5	0	1	84.658	599
18	13	0	0.5	0	1	76.8963	600
18	12	0	0.5	0	1	71.7603	601
17	11	0	0.5	0	1	81.7957	602
17	10	0	0.5	0	1	84.6957	603
16	9	0	0.5	0	1	87.9242	604
16	9	0	0.5	0	1	91.3739	605
16	9	0	0.5	0	1	82.7331	606
16	9	0	0.5	0	1	89.9981	607
16	9	0	0.5	0	1	90.3818	608
16	9	0	0.5	0	1	76.3204	609
17	9	0	0.5	0	1	80.1928	610
18	9	0	0.5	0	1	92.0832	611
17	9	0	0.5	0	1	86.4613	612
17	8	0	0.5	0	1	84.993	613
17	8	0	0.5	0	1	89.8228	614
17	8	0	0.5	0	1	85.0134	615
17	8	0	0.5	0	1	87.5675	616
17	8	0	0.5	0	1	87.2003	617
17	8	0	0.5	0	1	79.9743	618
17	8	0	0.5	0	1	89.69	619
17	8	0	0.5	0	1	85.4038	620
17	8	0	0.5	0	1	75.9172	621
17	8	0	0.5	0	1	81.4486	622
17	8	0	0.5	0	1	78.5351	623
17	8	0	0.5	0	1	67.3206	624
17	8	0	0.5	0	1	84.1332	625
16	8	0	0.5	0	1	81.631	626
17	7	0	0.5	0	1	73.745	627
17	6	0	0.5	0	1	76.6508	628
17	6	0	0.5	0	1	72.4556	629
17	6	0	0.5	0	1	64.8547	630
15	6	0	0.5	0	1	66.2691	631
15	6	0	0.5	0	1	70.8218	632
15	6	0	0.5	0	1	69.7136	633
14	6	0	0.5	0	1	65.0239	634
13	6	0	0.5	0	1	67.0333	635
13	6	0	0	0	0	65.2715	636
13	6	0	0	0	0	54.3491	637
13	6	0	0	0	0	57.8722	638
13	6	0	0	0	0	67.9543	639
13	6	0	0	0	0	65.0756	640
13	6	0	0	0	0	62.5381	641
13	6	0	0	0	0	60.7109	642
13	6	0	0	0	0	64.7959	643
13	6	0	0	0	0	56.6104	644
12	6	0	0	0	0	63.3732	645
12	6	0	0	0	0	55.4506	646
13	5	0	0	0	0	57.0875	647
13	5	0	0	0	0	55.7988	648
13	5	0	0	0	0	51.5036	649
13	5	0	0	0	0	57.7377	650
13	5	0	0	0	0	56.0496	651
12	5	0	0	0	0	52.4569	652
12	5	0	0	0	0	40.2365	653
8	4	0	0	0	0	36.8885	654
8	4	0	0	0	0	31.8838	655
6	4	0	0	0	0	31.3993	656
6	4	0	0	0	0	31.7934	657
6	4	0	0	0	0	33.1789	658
6	4	0	0	0	0	33.1701	659
6	4	0	0	0	0	31.1217	660
6	4	0	0	0	0	28.726	661
6	4	0	0	0	0	26.913	662
6	4	0	0	0	0	24.8605	663
6	4	0	0	0	0	31.4548	664
6	4	0	0	0	0	31.3	665
6	4	0	0	0	0	26.1339	666
6	4	0	0	0	0	31.375	667
6	4	0	0	0	0	29.5693	668
6	4	0	0	0	0	30.5729	669
6	4	0	0	0	0	29.1568	670
6	4	0	0	0	0	27.4362	671
6	4	0	0	0	0	32.994	672
6	4	0	0	0	0	30.0256	673
6	4	0	0	0	0	15.2576	674
6	4	0	0	0	0	29.1357	675
6	3	0	0	0	0	24.3973	676
7	3	0	0	0	0	22.9675	677
7	4	0	0	0	0	27.9769	678
7	4	0	0	0	0	29.4185	679
7	3	0	0	0	0	24.2658	680
6	3	0	0	0	0	24.389	681
6	3	0	0	0	0	23.2954	682
7	3	0	0	0	0	22.3199	683
6	3	0	0	0	0	21.4646	684
6	3	0	0	0	0	19.8012	685
6	3	0	0	0	0	23.7322	686
5	3	0	0	0	0	21.3728	687
5	3	0	0	0	0	23.0634	688
5	3	0	0	0	0	18.2259	689
5	4	0	0	0	0	21.5424	690
5	4	0	0	0	0	23.0683	691
5	4	0	0	0	0	23.7322	692
5	4	0	0	0	0	21.7631	693
6	4	0	0	0	0	26.7922	694
6	4	0	0	0	0	30.3649	695
6	4	0	0	0	0	26.428	696
6	4	0	0	0	0	29.5654	697
6	4	0	0	0	0	28.6349	698
6	4	0	0	0	0	32.7145	699
6	4	0	0	0	0	31.3976	700
6	4	0	0	0	0	30.813	701
7	4	0	0	0	0	28.7209	702
7	4	0	0	0	0	34.9172	703
7	4	0	0	0	0	26.5998	704
7	4	0	0	0	0	26.9624	705
8	4	0	0	0	0	30.6929	706
7	4	0	0	0	0	31.8861	707
7	5	0	0	0	0	33.5661	708
7	6	0	0	0	0	36.5225	709
7	6	0	0	0	0	34.8985	710
8	6	0	0	0	0	37.7581	711
8	7	0	0	0	0	36.8865	712
8	7	0	0	0	0	38.3477	713
8	7	0	0	0	0	40.6039	714
8	7	0	0	0	0	51.5443	715
8	7	0	0	0	0	44.1335	716
9	7	0	0	0	0	43.1271	717
9	7	0	0	0	0	42.4884	718
8	7	0	0	0	0	50.3393	719
8	7	0	0	0	0	40.1047	720
8	7	0	0	0	0	44.466	721
9	7	0	0	0	0	44.3828	722
9	7	0	0	0	0	49.0643	723
9	7	0	0	0	0	51.2729	724
9	7	0	0	0	0	40.7022	725
9	7	0	0	0	0	49.4637	726
9	7	0	0	0	0	38.8367	727
9	6	0	0	0	0	47.4846	728
9	6	0	0	0	0	43.7342	729
9	6	0	0	0	0	35.8276	730
9	6	0	0	0	0	36.6172	731
9	6	0	0	0	0	42.7903	732
9	6	0	0	0	0	43.3714	733
9	6	0	0	0	0	40.1529	734
9	5	0	0	0	0	45.8288	735
9	5	0	0	0	0	38.4181	736
9	5	0	0	0	0	40.8232	737
9	5	0	0	0	0	38.9814	738
9	5	0	0	0	0	41.8019	739
9	4	0	0	0	0	39.7611	740
9	4	0	0	0	0	39.3725	741
9	5	0	0	0	0	38.0335	742
8	5	0	0	0	0	40.6511	743
8	5	0	0	0	0	35.0626	744
8	5	0	0	0	0	38.5557	745
8	5	0	0	0	0	42.6086	746
8	5	0	0	0	0	42.6086	747
8	6	0	0	0	0	42.4547	748
8	6	0	0	0	0	44.9291	749
8	6	0	0	0	0	43.7634	750
8	6	0	0	0	0	41.1176	751
8	6	0	0	0	0	45.7584	752
8	6	0	0	0	0	45.609	753
8	6	0	0	0	0	44.2895	754
8	6	0	0	0	0	42.1277	755
9	7	0	0	0	0	48.2681	756
9	7	0	0	0	0	46.5496	757
9	7	0	0	0	0	44.1922	758
9	7	0	0	0	0	46.306	759
9	7	0	0	0	0	46.0437	760
9	7	0	0	0	0	53.803	761
9	7	0	0	0	0	56.5546	762
9	7	0	0	0	0	42.3323	763
9	7	0	0	0	0	49.7547	764
9	7	0	0	0	0	52.5615	765
9	8	0	0	0	0	54.362	766
9	8	0	0	0	0	45.6604	767
9	7	0	0	0	0	56.8375	768
9	7	0	0	0	0	54.1855	769
9	7	0	0	0	0	50.7971	770
9	7	0	0	0	0	48.7896	771
9	7	0	0	0	0	50.4976	772
9	6	0	0	0	0	48.2444	773
9	7	0	0	0	0	43.9408	774
8	7	0	0	0	0	49.2167	775
9	7	0	0	0	0	50.3616	776
10	7	0	0	0	0	52.2793	777
10	7	0	0	0	0	49.8124	778
10	7	0	0	0	0	43.2909	779
10	7	0	0	0	0	49.9531	780
10	7	0	0	0	0	55.5818	781
10	7	0	0	0	0	55.2237	782
10	7	0	0	0	0	49.3406	783
10	7	0	0	0	0	56.8375	784
9	7	0	0	0	0	53.3483	785
9	7	0	0	0	0	51.5804	786
9	7	0	0	0	0	51.6845	787
9	7	0	0	0	0	51.829	788
9	7	0	0	0	0	54.9058	789
9	7	0	0	0	0	50.4533	790
9	7	0	0	0	0	50.9009	791
9	7	0	0	0	0	56.5743	792
10	7	0	0	0	0	52.71	793
10	7	0	0	0	0	52.71	794
11	7	0	0	0	0	50.1379	795
11	8	0	0	0	0	51.1424	796
11	8	0	0	0	0	53.9881	797
11	8	0	0	0	0	54.0867	798
11	7	0	0	0	0	56.2735	799
11	7	0	0	0	0	61.7522	800
11	7	0	0	0	0	56.267	801
11	7	0	0	0	0	61.7526	802
11	7	0	0	0	0	56.9637	803
11	7	0	0	0	0	60.5493	804
10	7	0	0	0	0	57.7854	805
10	7	0	0	0	0	56.9784	806
10	7	0	0	0	0	57.7854	807
10	7	0	0	0	0	57.9438	808
10	7	0	0	0	0	56.0024	809
10	7	0	0	0	0	60.5304	810
10	7	0	0	0	0	53.9528	811
10	7	0	0	0	0	54.9777	812
10	7	0	0	0	0	56.6013	813
10	7	0	0	0	0	54.4492	814
10	7	0	0	0	0	50.5952	815
10	7	0	0	0	0	50.6206	816
10	7	0	0	0	0	52.6308	817
10	7	0	0	0	0	53.5648	818
10	7	0	0	0	0	50.0266	819
10	7	0	0	0	0	50.1897	820
10	7	0	0	0	0	49.2942	821
10	6	0	0	0	0	48.0717	822
10	6	0	0	0	0	50.4215	823
10	7	0	0	0	0	47.6839	824
11	8	0	0	0	0	60.7799	825
11	8	0	0	0	0	59.2682	826
11	9	0	0	0	0	59.5639	827
11	9	0	0	0	0	53.4077	828
11	9	0	0	0	0	60.4281	829
11	9	0	0	0	0	60.1413	830
11	9	0	0	0	0	52.4846	831
11	10	0	0	0	0	61.5823	832
10	10	0	0	0	0	68.6436	833
10	10	0	0	0	0	69.1832	834
10	10	0	0	0	0	69.4828	835
10	10	0	0	0	0	67.9227	836
10	10	0	0	0	0	64.2599	837
10	11	0	0	0	0	61.3765	838
10	12	0	0	0	0	64.7933	839
10	12	0	0	0	0	76.7715	840
10	12	0	0	0	0	70.8705	841
10	12	0	0	0	0	76.1456	842
10	12	0	0	0	0	76.2403	843
10	12	0	0	0	0	80.5566	844
10	12	0	0	0	0	71.2056	845
10	12	0	0	0	0	80.6409	846
10	12	0	0	0	0	80.0925	847
10	12	0	0	0	0	76.749	848
10	12	0	0	0	0	79.1285	849
10	12	0	0	0	0	75.6762	850
10	12	0	0	0	0	76.9903	851
10	12	0	0	0	0	73.6362	852
10	12	0	0	0	0	67.2768	853
10	12	0	0	0	0	75.3027	854
10	12	0	0	0	0	75.7531	855
9	12	0	0	0	0	71.2478	856
10	12	0	0	0	0	73.9247	857
11	12	0	0	0	0	73.3524	858
11	12	0	0	0	0	74.8604	859
11	12	0	0	0	0	80.417	860
12	12	0	0	0	0	67.3085	861
12	13	0	0	0	0	80.0137	862
10	14	0	0	0	0	74.4248	863
9	14	0	0	0	0	77.2023	864
9	14	0	0	0	0	76.4822	865
9	14	0	0	0	0	74.0455	866
8	14	0	0	0	0	74.5942	867
8	14	0	0	0	0	72.1711	868
9	14	0	0	0	0	66.4582	869
9	13	0	0	0	0	65.3963	870
8	13	0	0	0	0	67.4758	871
6	13	0	0	0	0	65.0294	872
6	14	0	0	0	0	64.7563	873
6	14	0	0	0	0	67.5443	874
6	14	0	0	0	0	66.12	875
6	14	0	0	0	0	63.1749	876
6	14	0	0	0	0	63.4262	877
6	14	0	0	0	0	68.4701	878
6	14	0	0	0	0	58.416	879
6	14	0	0	0	0	61.1653	880
6	14	0	0	0	0	69.6613	881
6	14	0	0	0	0	64.8446	882
6	15	0	0	0	0	67.9565	883
6	15	0	0	0	0	72.1182	884
6	15	0	0	0	0	72.5015	885
6	15	0	0	0	0	65.7627	886
6	16	0	0	0	0	63.8858	887
6	19	0	0	0	0	71.9212	888
6	19	0	0	0	0	79.5707	889
6	19	0	0	0	0	66.6559	890
6	20	0	0	0	0	69.147	891
6	20	0	0	0	0	73.5143	892
7	20	0	0	0	0	71.2543	893
7	20	0	0	0	0	96.1101	894
7	20	0	0	0	0	86.4726	895
7	19	0	0	0	0	89.3271	896
7	19	0	0	0	0	80.8625	897
7	19	0	0	0	0	83.5656	898
7	19	0	0	0	0	85.1564	899
7	19	0	0	0	0	92.6908	900
7	19	0	0	0	0	84.4271	901
7	19	0	0	0	0	77.623	902
7	19	0	0	0	0	91.6645	903
7	19	0	0	0	0	79.4489	904
7	19	0	0	0	0	87.5721	905
7	19	0	0	0	0	91.5443	906
6	19	0	0	0	0	77.4922	907
6	19	0	0	0	0	71.7669	908
6	19	0	0	0	0	72.6053	909
6	19	0	0	0	0	81.915	910
6	19	0	0	0	0	88.6112	911
6	19	0	0	0	0	90.669	912
6	19	0	0	0	0	74.8938	913
6	19	0	0	0	0	77.8764	914
6	19	0	0	0	0	78.2197	915
6	19	0	0	0	0	85.8625	916
6	19	0	0	0	0	85.2462	917
6	19	0	0	0	0	88.825	918
6	19	0	0	0	0	87.3377	919
6	19	0	0	0	0	88.3327	920
6	19	0	0	0	0	82.9387	921
6	19	0	0	0	0	91.7756	922
6	19	0	0	0	0	76.1605	923
6	18	0	0	0	0	80.4543	924
7	18	0	0	0	0	84.5336	925
7	18	0	0	0	0	81.4803	926
7	18	0	0	0	0	84.0939	927
7	18	0	0	0	0	87.3039	928
7	18	0	0	0	0	82.554	929
7	18	0	0	0	0	87.3632	930
7	18	0	0	0	0	77.2472	931
7	18	0	0	0	0	84.7024	932
7	17	0	0	0	0	81.6634	933
7	17	0	0	0	0	83.7886	934
10	17	0	0	0	0	79.916	935
10	16	0	0	0	0	91.5674	936
10	16	0	0	0	0	78.2562	937
10	15	0	0	0	0	82.7141	938
10	15	0	0	0	0	80.3229	939
10	14	0	0	0	0	77.5524	940
10	13	0	0	0	0	76.3829	941
10	13	0	0	0	0	60.7312	942
11	13	0	0	0	0	62.9627	943
11	13	0	0	0	0	64.1669	944
11	13	0	0	0	0	55.4416	945
11	12	0	0	0	0	63.7258	946
11	11	0	0	0	0	65.3363	947
11	11	0	0	0	0	68.8174	948
11	11	0	0	0	0	63.9512	949
11	11	0	0	0	0	74.634	950
11	11	0	0	0	0	71.9948	951
11	11	0	0	0	0	73.8431	952
13	11	0	0	0	0	64.6742	953
12	11	0	0	0	0	73.6896	954
12	11	0	0	0	0	64.4466	955
12	11	0	0	0	0	75.7884	956
12	11	0	0	0	0	71.7189	957
12	11	0	0	0	0	75.6233	958
12	11	0	0	0	0	71.0997	959
12	11	0	0	0	0	72.7849	960
11	11	0	0	0	0	69.6133	961
11	11	0	0	0	0	70.3566	962
11	11	0	0	0	0	68.9757	963
11	11	0	0	0	0	67.1711	964
11	11	0	0	0	0	70.5683	965
11	10	0	0	0	0	65.2416	966
11	10	0	0	0	0	68.2382	967
11	9	0	0	0	0	64.6868	968
11	9	0	0	0	0	64.6062	969
11	9	0	0	0	0	59.1323	970
11	9	0	0	0	0	64.0909	971
11	9	0	0	0	0	61.0369	972
11	9	0	0	0	0	64.6422	973
11	9	0	0	0	0	63.4285	974
11	9	0	0	0	0	63.5007	975
11	9	0	0	0	0	65.3576	976
11	9	0	0	0	0	64.4677	977
11	9	0	0	0	0	68.0673	978
11	9	0	0	0	0	61.8769	979
11	8	0	0	0	0	64.3555	980
12	8	0	0	0	0	64.7147	981
12	8	0	0	0	0	53.0896	982
12	8	0	0	0	0	57.2319	983
12	8	0	0	0	0	65.5133	984
12	8	0	0	0	0	59.2941	985
11	8	0	0	0	0	59.0044	986
11	8	0	0	0	0	56.0825	987
11	7	0	0	0	0	55.3371	988
11	6	0	0	0	0	46.4912	989
8	6	0	0	0	0	45.6904	990
8	6	0	0	0	0	42.6846	991
8	5	0	0	0	0	40.0532	992
8	5	0	0	0	0	40.5288	993
8	5	0	0	0	0	44.0817	994
8	5	0	0	0	0	44.6338	995
8	5	0	0	0	0	42.696	996
8	5	0	0	0	0	37.5596	997
8	5	0	0	0	0	42.7722	998
8	5	0	0	0	0	41.48	999
8	5	0	0	0	0	35.5352	1000
8	5	0	0	0	0	36.9346	1001
8	5	0	0	0	0	36.1139	1002
8	5	0	0	0	0	39.8676	1003
8	5	0	0	0	0	41.2393	1004
8	5	0	0	0	0	39.4836	1005
8	5	0	0	0	0	38.3402	1006
8	5	0	0	0	0	40.6356	1007
8	5	0	0	0	0	41.1841	1008
8	5	0	0	0	0	40.1103	1009
8	5	0	0	0	0	29.6218	1010
8	5	0	0	0	0	41.7594	1011
8	5	0	0	0	0	40.6957	1012
8	5	0	0	0	0	35.2816	1013
8	5	0	0	0	0	36.5623	1014
8	4	0	0	0	0	34.9214	1015
8	4	0	0	0	0	33.5893	1016
8	4	0	0	0	0	35.1217	1017
8	4	0	0	0	0	34.4988	1018
8	4	0	0	0	0	33.485	1019
8	4	0	0	0	0	37.4387	1020
8	4	0	0	0	0	33.7705	1021
8	4	0	0	0	0	35.7249	1022
9	4	0	0	0	0	38.8662	1023
9	4	0	0	0	0	36.934	1024
9	4	0	0	0	0	35.2308	1025
9	4	0	0	0	0	41.6877	1026
9	4	0	0	0	0	39.8111	1027
9	4	0	0	0	0	39.161	1028
9	4	0	0	0	0	32.362	1029
9	4	0	0	0	0	42.4057	1030
9	4	0	0	0	0	36.6947	1031
8	4	0	0	0	0	32.1523	1032
8	4	0	0	0	0	36.9496	1033
8	3	0	0	0	0	37.0052	1034
8	3	0	0	0	0	36.1314	1035
8	3	0	0	0	0	33.792	1036
8	3	0	0	0	0	28.1472	1037
8	3	0	0	0	0	35.0834	1038
8	3	0	0	0	0	34.0698	1039
8	3	0	0	0	0	28.168	1040
9	3	0	0	0	0	34.5201	1041
9	3	0	0	0	0	28.214	1042
9	3	0	0	0	0	37.0266	1043
9	3	0	0	0	0	40.9128	1044
9	3	0	0	0	0	38.9576	1045
10	3	0	0	0	0	34.1471	1046
11	3	0	0	0	0	28.5793	1047
11	2	0	0	0	0	44.6722	1048
11	2	0	0	0	0	42.6181	1049
12	2	0	0	0	0	44.847	1050
12	2	0	0	0	0	38.1625	1051
12	2	0	0	0	0	44.3801	1052
12	2	0	0	0	0	44.7299	1053
12	2	0	0	0	0	33.4474	1054
12	2	0	0	0	0	42.707	1055
12	1	0	0	0	0	37.3712	1056
12	1	0	0	0	0	44.8243	1057
12	1	0	0	0	0	40.569	1058
12	1	0	0	0	0	42.5974	1059
13	1	0	0	0	0	40.3042	1060
13	1	0	0	0	0	31.5836	1061
13	1	0	0	0	0	42.9415	1062
13	1	0	0	0	0	41.4225	1063
13	1	0	0	0	0	48.3262	1064
13	1	0	0	0	0	45.5127	1065
13	2	0	0	0	0	46.4	1066
15	2	0	0	0	0	49.1651	1067
16	2	0	0	0	0	52.7201	1068
17	2	0	0	0	0	52.8614	1069
17	2	0	0	0	0	60.974	1070
17	2	0	0	0	0	55.2228	1071
17	2	0	0	0	0	52.4427	1072
17	2	0	0	0	0	59.6831	1073
15	2	0	0	0	0	47.9544	1074
14	2	0	0	0	0	54.2391	1075
14	3	0	0	0	0	57.0654	1076
14	3	0	0	0	0	56.2616	1077
15	3	0	0	0	0	47.1491	1078
15	3	0	0	0	0	55.4655	1079
15	3	0	0	0	0	56.8406	1080
15	3	0	0	0	0	56.524	1081
15	3	0	0	0	0	61.0445	1082
15	3	0	0	0	0	56.5803	1083
15	3	0	0	0	0	62.6732	1084
17	3	0	0	0	0	58.8715	1085
17	3	0	0	0	0	56.1536	1086
17	3	0	0	0	0	58.8715	1087
17	3	0	0	0	0	68.9166	1088
17	3	0	0	0	0	67.152	1089
17	3	0	0	0	0	67.9283	1090
17	4	0	0	0	0	62.4906	1091
17	4	0	0	0	0	60.1548	1092
17	4	0	0	0	0	69.1687	1093
17	4	0	0	0	0	64.4154	1094
17	4	0	0	0	0	72.1398	1095
17	4	0	0	0	0	59.8687	1096
17	4	0	0	0	0	75.5442	1097
18	4	0	0	0	0	72.9814	1098
18	6	0	0	0	0	78.7863	1099
18	6	0	0	0	0	75.8143	1100
19	6	0	0	0	0	75.9562	1101
20	6	0	0	0	0	69.5694	1102
18	6	0	0	0	0	79.5704	1103
18	6	0	0	0	0	80.5158	1104
18	6	0	0	0	0	84.6942	1105
19	6	0	0	0	0	83.347	1106
19	6	0	0	0	0	73.002	1107
19	6	0	0	0	0	80.5393	1108
19	6	0	0	0	0	80.1492	1109
18	6	0	0	0	0	84.683	1110
18	6	0	0	0	0	84.3372	1111
18	6	0	0	0	0	83.5568	1112
18	6	0	0	0	0	88.7102	1113
18	6	0	0	0	0	83.8248	1114
18	6	0	0	0	0	81.1952	1115
18	6	0	0	0	0	80.5118	1116
18	6	0	0	0	0	87.6632	1117
18	6	0	0	0	0	88.7128	1118
18	6	0	0	0	0	71.6807	1119
19	10	0	0	0	0	74.0279	1120
20	10	0	0	0	0	78.8299	1121
21	10	0	0	0	0	106.302	1122
21	10	0	0	0	0	109.072	1123
21	10	0	0	0	0	110.249	1124
21	10	0	0	0	0	109.684	1125
21	10	0	0	0	0	110.186	1126
22	10	0	0	0	0	110.96	1127
22	11	0	0	0	0	110.163	1128
22	12	0	0	0	0	113.074	1129
22	12	0	0	0	0	106.687	1130
22	12	0	0	0	0	118.099	1131
22	13	0	0	0	0	120.163	1132
22	13	0	0	0	0	120.787	1133
22	13	0	0	0	0	100.265	1134
21	13	0	0	0	0	123.413	1135
22	13	0	0	0	0	112.997	1136
22	13	0	0	0	0	130.136	1137
22	14	0	0	0	0	120.676	1138
22	14	0	0	0	0	124.503	1139
22	14	0	0	0	0	111.748	1140
20	14	0	0	0	0	122.334	1141
20	14	0	0	0	0	119.521	1142
21	14	0	0	0	0	122.681	1143
20	14	0	0	0	0	118.276	1144
19	15	0	0	0	0	106.916	1145
19	15	0	0	0	0	113.13	1146
17	15	0	0	0	0	102.143	1147
17	15	0	0	0	0	114.856	1148
17	15	0	0	0	0	107.754	1149
17	15	0	0	0	0	107.657	1150
18	15	0	0	0	0	92.8557	1151
17	18	0	0	0	0	111.601	1152
16	18	0	0	0	0	92.2445	1153
16	18	0	0	0	0	108.009	1154
16	18	0	0	0	0	113.418	1155
16	18	0	0	0	0	110.172	1156
16	18	0	0	0	0	102.233	1157
17	18	0	0	0	0	106.556	1158
15	18	0	0	0	0	110.991	1159
15	20	0	0	0	0	107.923	1160
15	20	0	0	0	0	109.438	1161
15	21	0	0	0	0	107.355	1162
14	21	0	0	0	0	107.308	1163
14	21	0	0	0	0	124.612	1164
14	21	0	0	0	0	122.098	1165
13	21	0	0	0	0	113.564	1166
13	21	0	0	0	0	117.219	1167
13	21	0	0	0	0	124.078	1168
13	20	0	0	0	0	107.619	1169
13	20	0	0	0	0	110.132	1170
13	20	0	0	0	0	105.544	1171
13	21	0	0	0	0	119.658	1172
13	21	0	0	0	0	112.969	1173
13	21	0	0	0	0	122.61	1174
13	21	0	0	0	0	120.131	1175
13	21	0	0	0	0	111.873	1176
13	21	0	0	0	0	119.804	1177
13	21	0	0	0	0	119.127	1178
13	21	0	0	0	0	115.935	1179
13	21	0	0	0	0	113.637	1180
13	21	0	0	0	0	123.009	1181
13	21	0	0	0	0	116.952	1182
13	21	0	0	0	0	114.402	1183
13	21	0	0	0	0	111.589	1184
13	21	0	0	0	0	119.541	1185
13	21	0	0	0	0	127.332	1186
14	21	0	0	0	0	111.596	1187
14	21	0	0	0	0	114.22	1188
14	21	0	0	0	0	111.962	1189
14	21	0	0	0	0	118.83	1190
14	21	0	0	0	0	118.752	1191
14	21	0	0	0	0	123.095	1192
14	21	0	0	0	0	124.031	1193
14	21	0	0	0	0	126.575	1194
14	21	0	0	0	0	126.187	1195
14	20	0	0	0	0	114.333	1196
14	20	0	0	0	0	99.4789	1197
14	20	0	0	0	0	103.02	1198
14	20	0	0	0	0	121.775	1199
13	20	0	0	0	0	106.981	1200
13	20	0	0	0	0	114.039	1201
13	20	0	0	0	0	116.013	1202
13	20	0	0	0	0	103.291	1203
13	20	0	0	0	0	119.34	1204
13	20	0	0	0	0	107.493	1205
13	20	0	0	0	0	114.148	1206
13	20	0	0	0	0	110.791	1207
13	20	0	0	0	0	108.527	1208
13	20	0	0	0	0	102.07	1209
13	20	0	0	0	0	105.986	1210
13	18	0	0	0	0	94.5976	1211
11	17	0	0	0	0	91.1416	1212
11	16	0	0	0	0	92.0721	1213
11	15	0	0	0	0	73.6405	1214
11	15	0	0	0	0	70.7906	1215
11	15	0	0	0	0	78.7545	1216
10	15	0	0	0	0	70.2578	1217
10	15	0	0	0	0	84.549	1218
10	15	0	0	0	0	76.0823	1219
10	15	0	0	0	0	77.0442	1220
10	15	0	0	0	0	73.9835	1221
10	14	0	0	0	0	76.0362	1222
10	14	0	0	0	0	73.6831	1223
10	14	0	0	0	0	77.66	1224
10	14	0	0	0	0	70.7663	1225
10	14	0	0	0	0	74.0897	1226
9	15	0	0	0	0	79.5032	1227
9	15	0	0	0	0	68.9347	1228
9	15	0	0	0	0	64.9817	1229
7	14	0	0	0	0	64.0316	1230
6	13	0	0	0	0	62.1238	1231
6	13	0	0	0	0	63.2973	1232
6	13	0	0	0	0	61.2956	1233
6	13	0	0	0	0	60.1744	1234
6	13	0	0	0	0	59	1235
5	13	0	0	0	0	58.4934	1236
5	13	0	0	0	0	58.9823	1237
5	13	0	0	0	0	57.8821	1238
5	13	0	0	0	0	49.6365	1239
5	14	0	0	0	0	60.5242	1240
5	14	0	0	0	0	58.7741	1241
5	14	0	0	0	0	57.8101	1242
5	13	0	0	0	0	58.9727	1243
5	13	0	0	0	0	53.6253	1244
5	13	0	0	0	0	56.3505	1245
5	13	0	0	0	0	55.4844	1246
5	12	0	0	0	0	52.8285	1247
5	12	0	0	0	0	52.6309	1248
4	11	0	0	0	0	46.9337	1249
4	11	0	0	0	0	47.109	1250
4	11	0	0	0	0	39.9174	1251
4	11	0	0	0	0	46.8755	1252
4	11	0	0	0	0	48.2622	1253
4	11	0	0	0	0	44.9018	1254
4	11	0	0	0	0	42.65	1255
3	10	0	0	0	0	40.4508	1256
3	10	0	0	0	0	26.8993	1257
3	10	0	0	0	0	40.7691	1258
3	10	0	0	0	0	42.7537	1259
3	10	0	0	0	0	39.5626	1260
3	10	0	0	0	0	42.1598	1261
3	10	0	0	0	0	42.4369	1262
3	10	0	0	0	0	39.9223	1263
3	10	0	0	0	0	37.1283	1264
3	10	0	0	0	0	44.9154	1265
3	10	0	0	0	0	36.4832	1266
3	10	0	0	0	0	35.5484	1267
3	10	0	0	0	0	38.7611	1268
4	10	0	0	0	0	39.0764	1269
4	9	0	0	0	0	37.7555	1270
4	9	0	0	0	0	37.6256	1271
4	9	0	0	0	0	33.6628	1272
4	9	0	0	0	0	37.0935	1273
4	9	0	0	0	0	40.9051	1274
4	9	0	0	0	0	40.4518	1275
4	9	0	0	0	0	40.5273	1276
4	9	0	0	0	0	39.8655	1277
4	8	0	0	0	0	32.6452	1278
4	8	0	0	0	0	34.4992	1279
4	8	0	0	0	0	36.784	1280
4	8	0	0	0	0	29.5832	1281
4	8	0	0	0	0	31.2276	1282
4	8	0	0	0	0	27.5065	1283
4	8	0	0	0	0	30.0956	1284
4	8	0	0	0	0	31.2671	1285
4	8	0	0	0	0	32.4057	1286
4	8	0	0	0	0	28.8617	1287
4	6	0	0	0	0	25.3545	1288
4	6	0	0	0	0	20.1653	1289
4	6	0	0	0	0	21.0871	1290
4	6	0	0	0	0	21.0871	1291
4	6	0	0	0	0	24.3159	1292
4	5	0	0	0	0	23.7437	1293
4	5	0	0	0	0	21.3792	1294
4	4	0	0	0	0	23.208	1295
4	5	0	0	0	0	22.6195	1296
4	5	0	0	0	0	25.0191	1297
4	5	0	0	0	0	28.6999	1298
4	5	0	0	0	0	25.5011	1299
4	5	0	0	0	0	24.0023	1300
4	5	0	0	0	0	24.2801	1301
4	4	0	0	0	0	25.1372	1302
4	4	0	0	0	0	24.2103	1303
4	5	0	0	0	0	24.2103	1304
4	5	0	0	0	0	24.2483	1305
4	5	0	0	0	0	24.451	1306
4	5	0	0	0	0	14.9271	1307
3	5	0	0	0	0	14.8419	1308
3	5	0	0	0	0	17.1932	1309
2	4	0	0	0	0	16.117	1310
2	4	0	0	0	0	16.0669	1311
2	4	0	0	0	0	13.8379	1312
3	4	0	0	0	0	15.8974	1313
3	4	0	0	0	0	15.7329	1314
3	5	0	0	0	0	16.6992	1315
3	5	0	0	0	0	18.5055	1316
3	6	0	0	0	0	20.5812	1317
2	6	0	0	0	0	20.7199	1318
2	6	0	0	0	0	21.683	1319
2	6	0	0	0	0	18.0139	1320
2	6	0	0	0	0	19.2777	1321
2	5	0	0	0	0	20.0351	1322
2	6	0	0	0	0	17.3489	1323
1	6	0	0	0	0	19.8936	1324
1	6	0	0	0	0	20.8603	1325
1	6	0	0	0	0	17.7731	1326
1	6	0	0	0	0	19.7343	1327
1	6	0	0	0	0	19.8352	1328
1	6	0	0	0	0	19.7798	1329
1	6	0	0	0	0	19.8936	1330
2	6	0	0	0	0	19.8622	1331
2	6	0	0	0	0	24.7601	1332
2	6	0	0	0	0	23.5948	1333
2	6	0	0	0	0	24.1874	1334
2	6	0	0	0	0	24.265	1335
2	6	0	0	0	0	19.6689	1336
2	6	0	0	0	0	18.0591	1337
2	6	0	0	0	0	23.6143	1338
2	6	0	0	0	0	22.3617	1339
2	6	0	0	0	0	24.92	1340
2	6	0	0	0	0	23.7142	1341
2	6	0	0	0	0	22.6988	1342
2	6	0	0	0	0	23.8801	1343
2	6	0	0	0	0	23.8269	1344
2	7	0	0	0	0	23.7333	1345
2	7	0	0	0	0	23.6143	1346
2	7	0	0	0	0	22.3575	1347
2	7	0	0	0	0	23.6143	1348
3	7	0	0	0	0	26.4635	1349
3	7	0	0	0	0	22.2947	1350
3	7	0	0	0	0	21.4646	1351
3	7	0	0	0	0	29.1357	1352
3	7	0	0	0	0	28.1361	1353
3	7	0	0	0	0	19.6964	1354
3	6	0	0	0	0	24.4945	1355
3	6	0	0	0	0	27.5352	1356
3	6	0	0	0	0	25.7374	1357
3	6	0	0	0	0	26.1447	1358
3	6	0	0	0	0	25.254	1359
3	5	0	0	0	0	23.7858	1360
3	5	0	0	0	0	24.6553	1361
3	5	0	0	0	0	19.081	1362
3	5	0	0	0	0	24.8032	1363
3	5	0	0	0	0	22.2996	1364
3	5	0	0	0	0	25.1571	1365
4	5	0	0	0	0	21.8027	1366
4	5	0	0	0	0	24.6803	1367
4	5	0	0	0	0	21.8628	1368
4	4	0	0	0	0	23.6617	1369
5	4	0	0	0	0	23.8056	1370
5	4	0	0	0	0	21.3418	1371
5	4	0	0	0	0	23.6576	1372
5	4	0	0	0	0	28.2414	1373
5	4	0	0	0	0	27.5087	1374
5	4	0	0	0	0	23.2161	1375
5	4	0	0	0	0	24.2499	1376
5	4	0	0	0	0	27.4996	1377
5	4	0	0	0	0	27.5925	1378
5	4	0	0	0	0	27.4996	1379
5	4	0	0	0	0	25.2294	1380
5	4	0	0	0	0	27.8897	1381
5	4	0	0	0	0	27.4926	1382
5	4	0	0	0	0	24.21	1383
5	4	0	0	0	0	20.7004	1384
5	3	0	0	0	0	16.4861	1385
5	3	0	0	0	0	25.1901	1386
5	3	0	0	0	0	23.7666	1387
5	3	0	0	0	0	23.632	1388
5	3	0	0	0	0	23.4438	1389
5	3	0	0	0	0	23.2924	1390
5	3	0	0	0	0	23.4884	1391
6	3	0	0	0	0	24.2763	1392
6	3	0	0	0	0	22.9367	1393
6	3	0	0	0	0	29.211	1394
7	3	0	0	0	0	24.2601	1395
7	3	0	0	0	0	27.7493	1396
7	3	0	0	0	0	28.1361	1397
7	3	0	0	0	0	17.4399	1398
7	3	0	0	0	0	29.0085	1399
7	3	0	0	0	0	29.8794	1400
7	3	0	0	0	0	32.4368	1401
7	3	0	0	0	0	31.5966	1402
7	3	0	0	0	0	28.349	1403
7	4	0	0	0	0	25.6411	1404
7	3	0	0	0	0	24.3946	1405
7	2	0	0	0	0	23.4756	1406
7	3	0	0	0	0	23.3085	1407
7	3	0	0	0	0	21.3429	1408
7	3	0	0	0	0	21.8027	1409
6	3	0	0	0	0	24.5973	1410
6	3	0	0	0	0	21.9001	1411
6	3	0	0	0	0	26.3629	1412
7	5	0	0	0	0	27.5014	1413
7	5	0	0	0	0	32.7564	1414
7	5	0	0	0	0	37.1324	1415
7	5	0	0	0	0	31.9577	1416
7	5	0	0	0	0	37.1045	1417
8	5	0	0	0	0	35.0033	1418
8	5	0	0	0	0	36.4674	1419
8	4	0	0	0	0	34.159	1420
8	4	0	0	0	0	35.0406	1421
8	4	0	0	0	0	32.8721	1422
8	4	0	0	0	0	38.5843	1423
8	4	0	0	0	0	37.2031	1424
8	4	0	0	0	0	35.9634	1425
8	4	0	0	0	0	33.8062	1426
8	4	0	0	0	0	33.2585	1427
8	4	0	0	0	0	32.4457	1428
8	4	0	0	0	0	36.6066	1429
7	4	0	0	0	0	34.534	1430
7	4	0	0	0	0	36.4747	1431
7	4	0	0	0	0	35.1829	1432
7	4	0	0	0	0	27.7055	1433
7	4	0	0	0	0	35.906	1434
7	4	0	0	0	0	35.02	1435
7	4	0	0	0	0	33.4533	1436
7	4	0	0	0	0	32.5781	1437
9	4	0	0	0	0	36.7148	1438
10	4	0	0	0	0	37.7088	1439
11	4	0	0	0	0	40.2074	1440
11	4	0	0	0	0	45.3431	1441
10	4	0	0	0	0	41.4001	1442
10	4	0	0	0	0	40.3171	1443
10	4	0	0	0	0	44.3788	1444
10	5	0	0	0	0	40.8098	1445
10	5	0	0	0	0	47.769	1446
10	5	0	0	0	0	45.36	1447
10	5	0	0	0	0	45.966	1448
10	5	0	0	0	0	47.4973	1449
10	5	0	0	0	0	43.2024	1450
11	5	0	0	0	0	49.3329	1451
11	5	0	0	0	0	49.5276	1452
11	5	0	0	0	0	51.4925	1453
11	5	0	0	0	0	52.5189	1454
11	8	0	0	0	0	47.2076	1455
11	8	0	0	0	0	56.2464	1456
11	7	0	0	0	0	50.5193	1457
11	7	0	0	0	0	57.4963	1458
11	6	0	0	0	0	48.6328	1459
11	6	0	0	0	0	55.7638	1460
11	6	0	0	0	0	57.7426	1461
11	6	0	0	0	0	49.2796	1462
12	5	0	0	0	0	47.042	1463
12	5	0	0	0	0	46.7861	1464
12	5	0	0	0	0	52.5422	1465
12	6	0	0	0	0	58.7382	1466
12	6	0	0	0	0	57.9695	1467
12	6	0	0	0	0	60.3421	1468
12	6	0	0	0	0	56.12	1469
12	6	0	0	0	0	53.1122	1470
12	6	0	0	0	0	56.8733	1471
12	6	0	0	0	0	57.3574	1472
13	6	0	0	0	0	52.1851	1473
13	8	0	0	0	0	58.4661	1474
13	8	0	0	0	0	70.164	1475
13	7	0	0	0	0	65.9762	1476
13	8	0	0	0	0	70.2088	1477
13	8	0	0	0	0	67.4682	1478
13	8	0	0	0	0	72.3785	1479
14	8	0	0	0	0	66.9684	1480
14	8	0	0	0	0	76.4483	1481
14	9	0	0	0	0	71.8057	1482
14	9	0	0	0	0	73.3034	1483
14	9	0	0	0	0	76.7882	1484
14	9	0	0	0	0	79.5876	1485
14	9	0	0	0	0	75.4943	1486
14	9	0	0	0	0	83.2703	1487
14	9	0	0	0	0	73.5842	1488
14	9	0	0	0	0	78.9919	1489
14	9	0	0	0	0	80.8079	1490
14	9	0	0	0	0	76.5164	1491
15	9	0	0	0	0	72.4138	1492
16	9	0	0	0	0	83.8657	1493
16	9	0	0	0	0	84.7199	1494
16	9	0	0	0	0	87.1344	1495
16	9	0	0	0	0	86.7549	1496
16	9	0	0	0	0	81.4732	1497
16	9	0	0	0	0	76.3215	1498
16	9	0	0	0	0	74.6234	1499
16	9	0	0	0	0	89.0652	1500
16	9	0	0	0	0	85.858	1501
17	9	0	0	0	0	78.4811	1502
17	10	0	0	0	0	89.9098	1503
16	10	0	0	0	0	88.9739	1504
16	10	0	0	0	0	91.5912	1505
16	10	0	0	0	0	92.2493	1506
15	10	0	0	0	0	86.2759	1507
15	10	0	0	0	0	82.9908	1508
15	11	0	0	0	0	86.3396	1509
15	11	0	0	0	0	81.2813	1510
15	11	0	0	0	0	89.0734	1511
16	11	0	0	0	0	94.2377	1512
16	11	0	0	0	0	86.5771	1513
16	11	0	0	0	0	88.9618	1514
16	10	0	0	0	0	88.9787	1515
16	10	0	0	0	0	86.7493	1516
16	10	0	0	0	0	96.5387	1517
16	10	0	0	0	0	81.3106	1518
16	10	0	0	0	0	86.9308	1519
15	10	0	0	0	0	84.4068	1520
15	10	0	0	0	0	80.528	1521
15	10	0	0	0	0	84.5844	1522
15	10	0	0	0	0	83.6088	1523
15	10	0	0	0	0	84.3598	1524
15	10	0	0	0	0	88.047	1525
15	10	0	0	0	0	87.539	1526
15	10	0	0	0	0	84.0192	1527
15	10	0	0	0	0	84.7792	1528
15	10	0	0	0	0	83.5771	1529
15	12	0	0	0	0	69.5395	1530
14	12	0	0	0	0	84.6967	1531
14	12	0	0	0	0	84.1721	1532
14	12	0	0	0	0	89.2615	1533
14	12	0	0	0	0	96.4649	1534
14	12	0	0	0	0	94.1294	1535
14	12	0	0	0	0	85.9397	1536
14	12	0	0	0	0	93.1463	1537
14	12	0	0	0	0	92.301	1538
14	12	0	0	0	0	88.8383	1539
14	12	0	0	0	0	89.756	1540
14	12	0	0	0	0	86.8118	1541
14	13	0	0	0	0	94.4901	1542
14	13	0	0	0	0	90.5963	1543
14	13	0	0	0	0	100.337	1544
14	13	0	0	0	0	91.9639	1545
14	14	0	0	0	0	86.8874	1546
15	14	0	0	0	0	94.2931	1547
15	14	0	0	0	0	92.5877	1548
15	22	0	0	0	0	87.6788	1549
15	22	0	0	0	0	92.0548	1550
14	24	0	0	0	0	82.4175	1551
13	24	0	0	0	0	112.468	1552
14	25	0	0	0	0	102.621	1553
14	25	0	0	0	0	104.999	1554
14	25	0	0	0	0	116.583	1555
14	25	0	0	0	0	113.528	1556
14	25	0	0	0	0	116.758	1557
11	25	0	0	0	0	114.656	1558
11	26	0	0	0	0	130.923	1559
11	26	0	0	0	0	118.375	1560
11	26	0	0	0	0	120.946	1561
11	26	0	0	0	0	115.976	1562
10	26	0	0	0	0	128.115	1563
10	26	0	0	0	0	123.022	1564
10	26	0	0	0	0	126.126	1565
10	26	0	0	0	0	125.801	1566
11	26	0	0	0	0	126.6	1567
10	26	0	0	0	0	123.278	1568
10	26	0	0	0	0	120.657	1569
10	26	0	0	0	0	123.523	1570
10	25	0	0	0	0	120.882	1571
10	25	0	0	0	0	116.557	1572
10	25	0	0	0	0	106.009	1573
10	26	0	0	0	0	120.744	1574
10	26	0	0	0	0	123.816	1575
10	26	0	0	0	0	113.037	1576
10	26	0	0	0	0	121.841	1577
9	26	0	0	0	0	112.578	1578
9	25	0	0	0	0	115.763	1579
9	25	0	0	0	0	122.813	1580
10	25	0	0	0	0	108.509	1581
10	25	0	0	0	0	122.37	1582
10	25	0	0	0	0	122.54	1583
10	25	0	0	0	0	114.293	1584
10	25	0	0	0	0	122.983	1585
10	25	0	0	0	0	120.479	1586
10	25	0	0	0	0	102.075	1587
9	24	0	0	0	0	97.1093	1588
9	24	0	0	0	0	95.843	1589
9	22	0	0	0	0	99.4086	1590
9	21	0	0	0	0	85.2788	1591
9	21	0	0	0	0	107.034	1592
9	21	0	0	0	0	107.385	1593
9	21	0	0	0	0	99.8591	1594
9	20	0	0	0	0	95.1436	1595
9	20	0	0	0	0	91.0218	1596
9	20	0	0	0	0	97.3272	1597
9	20	0	0	0	0	102.138	1598
9	20	0	0	0	0	99.8992	1599
9	19	0	0	0	0	96.5741	1600
10	19	0	0	0	0	93.5497	1601
10	19	0	0	0	0	103.45	1602
10	19	0	0	0	0	103.684	1603
10	19	0	0	0	0	92.6315	1604
10	19	0	0	0	0	91.3671	1605
10	20	0	0	0	0	107.598	1606
10	20	0	0	0	0	103.446	1607
10	20	0	0	0	0	105.649	1608
10	20	0	0	0	0	102.008	1609
10	20	0	0	0	0	106.983	1610
10	20	0	0	0	0	95.4072	1611
10	20	0	0	0	0	102.206	1612
9	21	0	0	0	0	101.397	1613
9	21	0	0	0	0	107.331	1614
9	21	0	0	0	0	97.5845	1615
9	21	0	0	0	0	89.4542	1616
9	20	0	0	0	0	99.2361	1617
9	19	0	0	0	0	97.5785	1618
9	19	0	0	0	0	98.3443	1619
9	19	0	0	0	0	88.0381	1620
9	20	0	0	0	0	94.1242	1621
8	20	0	0	0	0	76.9863	1622
8	20	0	0	0	0	88.5722	1623
8	19	0	0	0	0	84.4702	1624
9	19	0	0	0	0	91.2832	1625
9	19	0	0	0	0	94.4011	1626
9	20	0	0	0	0	89.1355	1627
9	20	0	0	0	0	101.133	1628
9	20	0	0	0	0	101.152	1629
9	20	0	0	0	0	94.3498	1630
9	20	0	0	0	0	101.347	1631
10	20	0	0	0	0	93.7117	1632
10	20	0	0	0	0	110.543	1633
10	20	0	0	0	0	98.5711	1634
10	20	0	0	0	0	111.387	1635
10	21	0	0	0	0	104.571	1636
10	21	0	0	0	0	89.4612	1637
10	21	0	0	0	0	104.854	1638
10	21	0	0	0	0	98.3055	1639
10	21	0	0	0	0	108.031	1640
10	21	0	0	0	0	94.5873	1641
10	21	0	0	0	0	101.758	1642
9	21	0	0	0	0	101.136	1643
9	21	0	0	0	0	108.962	1644
9	21	0	0	0	0	96.9166	1645
9	21	0	0	0	0	105.95	1646
10	21	0	0	0	0	103.716	1647
10	21	0	0	0	0	105.863	1648
10	21	0	0	0	0	105.135	1649
10	21	0	0	0	0	112.747	1650
10	21	0	0	0	0	93.7556	1651
10	22	0	0	0	0	99.4969	1652
10	21	0	0	0	0	93.5868	1653
10	21	0	0	0	0	100.96	1654
10	20	0	0	0	0	87.0933	1655
9	19	0	0	0	0	92.4754	1656
11	18	0	0	0	0	85.9629	1657
11	17	0	0	0	0	67.6177	1658
11	17	0	0	0	0	94.3406	1659
12	17	0	0	0	0	93.4457	1660
12	17	0	0	0	0	85.2339	1661
12	17	0	0	0	0	83.5389	1662
12	17	0	0	0	0	96.3574	1663
12	17	0	0	0	0	92.3617	1664
12	18	0	0	0	0	90.9056	1665
13	17	0	0	0	0	92.6997	1666
12	18	0	0	0	0	92.257	1667
12	18	0	0	0	0	95.0538	1668
12	18	0	0	0	0	89.3872	1669
12	18	0	0	0	0	92.5579	1670
13	18	0	0	0	0	95.6712	1671
13	18	0	0	0	0	97.8614	1672
13	18	0	0	0	0	99.1598	1673
14	18	0	0	0	0	101.27	1674
14	18	0	0	0	0	101.84	1675
14	18	0	0	0	0	96.9905	1676
14	17	0	0	0	0	99.1432	1677
14	17	0	0	0	0	109.609	1678
14	17	0	0	0	0	100.188	1679
14	16	0	0	0	0	92.8619	1680
14	16	0	0	0	0	98.3256	1681
14	16	0	0	0	0	105.507	1682
14	16	0	0	0	0	99.5156	1683
14	16	0	0	0	0	98.4216	1684
14	16	0	0	0	0	105.964	1685
14	16	0	0	0	0	99.83	1686
14	16	0	0	0	0	96.8311	1687
14	16	0	0	0	0	106.453	1688
14	16	0	0	0	0	102.706	1689
14	16	0	0	0	0	100.587	1690
14	16	0	0	0	0	106.835	1691
14	17	0	0	0	0	103.49	1692
14	17	0	0	0	0	97.7985	1693
14	17	0	0	0	0	96.7267	1694
14	17	0	0	0	0	100.182	1695
14	16	0	0	0	0	103.185	1696
13	16	0	0	0	0	103.626	1697
13	16	0	0	0	0	95.5627	1698
13	15	0	0	0	0	89.8096	1699
13	15	0	0	0	0	99.2596	1700
14	14	0	0	0	0	83.505	1701
12	14	0	0	0	0	82.0387	1702
12	13	0	0	0	0	82.5894	1703
12	13	0	0	0	0	79.6594	1704
12	13	0	0	0	0	84.0712	1705
12	13	0	0	0	0	73.2574	1706
11	13	0	0	0	0	75.6494	1707
11	13	0	0	0	0	76.3529	1708
11	12	0	0	0	0	72.0937	1709
11	12	0	0	0	0	82.6372	1710
11	12	0	0	0	0	73.6003	1711
11	12	0	0	0	0	83.5913	1712
11	12	0	0	0	0	81.4969	1713
11	12	0	0	0	0	79.6773	1714
11	12	0	0	0	0	79.522	1715
11	13	0	0	0	0	84.5811	1716
11	13	0	0	0	0	77.9405	1717
11	13	0	0	0	0	79.4967	1718
11	13	0	0	0	0	75.4767	1719
11	13	0	0	0	0	76.9413	1720
11	13	0	0	0	0	84.3528	1721
12	13	0	0	0	0	83.5362	1722
12	14	0	0	0	0	82.282	1723
12	15	0	0	0	0	81.469	1724
12	15	0	0	0	0	95.5397	1725
12	15	0	0	0	0	82.7205	1726
11	15	0	0	0	0	83.4782	1727
11	15	0	0	0	0	85.1794	1728
11	15	0	0	0	0	88.4902	1729
11	14	0	0	0	0	78.6364	1730
11	14	0	0	0	0	87.0233	1731
11	14	0	0	0	0	88.3929	1732
11	14	0	0	0	0	88.0308	1733
11	13	0	0	0	0	73.8006	1734
11	13	0	0	0	0	75.1835	1735
11	13	0	0	0	0	75.149	1736
11	11	0	0	0	0	75.168	1737
11	11	0	0	0	0	70.721	1738
11	11	0	0	0	0	79.6004	1739
12	11	0	0	0	0	73.7949	1740
12	11	0	0	0	0	76.836	1741
12	11	0	0	0	0	79.1313	1742
12	11	0	0	0	0	74.7951	1743
12	12	0	0	0	0	76.4742	1744
13	12	0	0	0	0	83.3966	1745
13	12	0	0	0	0	75.0697	1746
14	12	0	0	0	0	84.5244	1747
14	12	0	0	0	0	86.5463	1748
14	12	0	0	0	0	92.2094	1749
14	12	0	0	0	0	86.1407	1750
13	12	0	0	0	0	79.2112	1751
13	12	0	0	0	0	81.5187	1752
13	13	0	0	0	0	88.3212	1753
13	13	0	0	0	0	87.1214	1754
13	12	0	0	0	0	82.2441	1755
13	12	0	0	0	0	84.051	1756
13	12	0	0	0	0	82.7842	1757
12	12	0	0	0	0	79.2815	1758
13	12	0	0	0	0	88.4318	1759
13	13	0	0	0	0	85.9562	1760
13	13	0	0	0	0	87.5165	1761
13	13	0	0	0	0	83.0539	1762
13	13	0	0	0	0	92.3104	1763
13	13	0	0	0	0	93.1929	1764
13	13	0	0	0	0	88.3423	1765
13	13	0	0	0	0	93.6292	1766
13	13	0	0	0	0	90.393	1767
13	13	0	0	0	0	87.1137	1768
13	13	0	0	0	0	85.7513	1769
13	13	0	0	0	0	88.2822	1770
13	13	0	0	0	0	91.0348	1771
13	13	0	0	0	0	96.2317	1772
13	13	0	0	0	0	85.0535	1773
13	13	0	0	0	0	92.0249	1774
14	13	0	0	0	0	85.0403	1775
14	13	0	0	0	0	82.7796	1776
14	12	0	0	0	0	84.7538	1777
14	12	0	0	0	0	89.1723	1778
14	12	0	0	0	0	89.4124	1779
14	12	0	0	0	0	89.8298	1780
14	12	0	0	0	0	92.8582	1781
14	12	0	0	0	0	87.8105	1782
14	12	0	0	0	0	92.2007	1783
14	12	0	0	0	0	84.7792	1784
14	12	0	0	0	0	83.4585	1785
14	10	0	0	0	0	83.4783	1786
14	10	0	0	0	0	82.6437	1787
14	10	0	0	0	0	80.6743	1788
14	10	0	0	0	0	82.7416	1789
14	10	0	0	0	0	86.7196	1790
14	10	0	0	0	0	77.1455	1791
14	10	0	0	0	0	84.5326	1792
14	10	0	0	0	0	67.6266	1793
14	10	0	0	0	0	79.9129	1794
13	11	0	0	0	0	65.7151	1795
13	11	0	0	0	0	60.1481	1796
12	11	0	0	0	0	58.7389	1797
12	11	0	0	0	0	64.6379	1798
11	10	0	0	0	0	62.6775	1799
9	11	0	0	0	0	60.4166	1800
9	11	0	0	0	0	66.0212	1801
9	11	0	0	0	0	59.8037	1802
9	11	0	0	0	0	65.7858	1803
10	11	0	0	0	0	64.1337	1804
10	12	0	0	0	0	73.86	1805
11	12	0	0	0	0	63.6402	1806
10	11	0	0	0	0	68.3751	1807
10	11	0	0	0	0	65.2321	1808
10	11	0	0	0	0	66.5349	1809
10	11	0	0	0	0	68.7987	1810
10	11	0	0	0	0	72.4251	1811
10	11	0	0	0	0	72.0276	1812
10	11	0	0	0	0	63.6861	1813
10	11	0	0	0	0	57.7265	1814
10	11	0	0	0	0	65.1296	1815
10	11	0	0	0	0	59.9681	1816
10	11	0	0	0	0	66.4535	1817
10	11	0	0	0	0	58.8584	1818
11	11	0	0	0	0	66.9089	1819
11	11	0	0	0	0	54.1596	1820
10	10	0	0	0	0	59.1185	1821
10	10	0	0	0	0	69.4326	1822
10	10	0	0	0	0	62.6904	1823
10	10	0	0	0	0	66.8997	1824
11	14	0	0	0	0	67.3389	1825
12	14	0	0	0	0	57.0422	1826
12	14	0	0	0	0	65.8867	1827
12	14	0	0	0	0	60.132	1828
12	14	0	0	0	0	87.7504	1829
12	13	0	0	0	0	88.4172	1830
12	13	0	0	0	0	81.5521	1831
13	13	0	0	0	0	81.4642	1832
13	13	0	0	0	0	95.8095	1833
13	13	0	0	0	0	90.1086	1834
13	13	0	0	0	0	83.5834	1835
13	13	0	0	0	0	84.7743	1836
13	13	0	0	0	0	85.5574	1837
13	13	0	0	0	0	82.7112	1838
12	13	0	0	0	0	76.8637	1839
12	13	0	0	0	0	81.7175	1840
12	13	0	0	0	0	82.484	1841
12	12	0	0	0	0	82.8002	1842
12	12	0	0	0	0	82.4007	1843
12	12	0	0	0	0	75.3623	1844
12	12	0	0	0	0	76.9728	1845
12	12	0	0	0	0	87.5891	1846
13	13	0	0	0	0	85.0909	1847
13	13	0	0	0	0	86.0279	1848
13	12	0	0	0	0	83.2719	1849
13	12	0	0	0	0	84.2019	1850
13	12	0	0	0	0	88.0837	1851
13	12	0	0	0	0	90.7389	1852
13	12	0	0	0	0	83.4138	1853
13	12	0	0	0	0	83.5162	1854
13	12	0	0	0	0	79.8828	1855
13	12	0	0	0	0	78.1449	1856
13	12	0	0	0	0	81.086	1857
13	11	0	0	0	0	84.7419	1858
14	11	0	0	0	0	81.5959	1859
14	12	0	0	0	0	87.3727	1860
14	12	0	0	0	0	91.2608	1861
14	12	0	0	0	0	95.8579	1862
14	12	0	0	0	0	82.8346	1863
14	12	0	0	0	0	84.3884	1864
14	12	0	0	0	0	88.4569	1865
14	11	0	0	0	0	79.2313	1866
14	11	0	0	0	0	79.2313	1867
14	10	0	0	0	0	81.5683	1868
14	10	0	0	0	0	78.0509	1869
14	10	0	0	0	0	76.2569	1870
14	11	0	0	0	0	76.6926	1871
13	11	0	0	0	0	69.3476	1872
13	11	0	0	0	0	74.2439	1873
13	10	0	0	0	0	72.0879	1874
13	10	0	0	0	0	82.0083	1875
14	10	0	0	0	0	76.8534	1876
14	11	0	0	0	0	87.8714	1877
14	12	0	0	0	0	77.0496	1878
14	12	0	0	0	0	75.3869	1879
15	12	0	0	0	0	87.1455	1880
15	12	0	0	0	0	70.0976	1881
15	12	0	0	0	0	86.7127	1882
15	11	0	0	0	0	84.1462	1883
15	11	0	0	0	0	88.3163	1884
14	11	0	0	0	0	85.6109	1885
14	11	0	0	0	0	78.8037	1886
13	11	0	0	0	0	67.348	1887
13	11	0	0	0	0	79.8503	1888
13	11	0	0	0	0	66.7573	1889
11	11	0	0	0	0	72.1141	1890
11	11	0	0	0	0	77.6654	1891
11	11	0	0	0	0	63.6401	1892
11	11	0	0	0	0	69.2804	1893
11	10	0	0	0	0	67.3713	1894
10	10	0	0	0	0	66.4922	1895
10	10	0	0	0	0	67.1306	1896
9	10	0	0	0	0	68.7378	1897
9	10	0	0	0	0	63.3419	1898
9	10	0	0	0	0	50.1904	1899
9	11	0	0	0	0	62.7565	1900
9	11	0	0	0	0	68.8857	1901
9	11	0	0	0	0	59.4652	1902
9	11	0	0	0	0	62.5173	1903
9	10	0	0	0	0	65.666	1904
9	10	0	0	0	0	63.2475	1905
9	11	0	0	0	0	60.7849	1906
11	11	0	0	0	0	66.704	1907
11	11	0	0	0	0	61.0288	1908
11	11	0	0	0	0	64.7376	1909
11	11	0	0	0	0	65.6308	1910
11	11	0	0	0	0	74.1903	1911
12	11	0	0	0	0	80.594	1912
12	11	0	0	0	0	78.5087	1913
12	11	0	0	0	0	81.395	1914
12	11	0	0	0	0	75.9325	1915
12	11	0	0	0	0	76.5149	1916
12	11	0	0	0	0	75.6802	1917
12	11	0	0	0	0	72.5098	1918
13	11	0	0	0	0	62.3386	1919
13	11	0	0	0	0	68.3058	1920
13	11	0	0	0	0	77.2254	1921
13	11	0	0	0	0	65.2274	1922
13	12	0	0	0	0	71.9312	1923
13	11	0	0	0	0	62.2928	1924
13	11	0	0	0	0	80.2766	1925
13	10	0	0	0	0	74.6318	1926
13	10	0	0	0	0	75.0857	1927
13	10	0	0	0	0	74.9101	1928
13	9	0	0	0	0	62.2861	1929
13	9	0	0	0	0	74.8249	1930
13	9	0	0	0	0	79.2833	1931
13	9	0	0	0	0	71.1091	1932
13	9	0	0	0	0	75.56	1933
14	9	0	0	0	0	61.7135	1934
14	9	0	0	0	0	81.1993	1935
14	9	0	0	0	0	80.382	1936
14	9	0	0	0	0	79.3792	1937
14	9	0	0	0	0	79.6189	1938
14	9	0	0	0	0	69.8469	1939
14	9	0	0	0	0	79.4542	1940
14	9	0	0	0	0	73.2394	1941
14	9	0	0	0	0	83.7696	1942
14	9	0	0	0	0	83.9429	1943
14	11	0	0	0	0	74.4569	1944
14	11	0	0	0	0	83.2685	1945
14	11	0	0	0	0	86.9372	1946
14	13	0	0	0	0	81.0648	1947
14	13	0	0	0	0	86.3995	1948
14	12	0	0	0	0	89.4726	1949
14	15	0	0	0	0	78.6683	1950
14	15	0	0	0	0	74.2431	1951
14	15	0	0	0	0	74.0379	1952
14	15	0	0	0	0	74.3004	1953
14	15	0	0	0	0	68.9526	1954
14	16	0	0	0	0	76.1914	1955
11	16	0	0	0	0	80.5104	1956
11	15	0	0	0	0	95.3627	1957
11	15	0	0	0	0	79.728	1958
9	15	0	0	0	0	80.6105	1959
9	16	0	0	0	0	83.8021	1960
8	16	0	0	0	0	75.8069	1961
8	16	0	0	0	0	84.0539	1962
8	16	0	0	0	0	78.878	1963
8	16	0	0	0	0	80.3656	1964
8	17	0	0	0	0	87.2876	1965
8	18	0	0	0	0	91.1187	1966
8	18	0	0	0	0	89.04	1967
8	18	0	0	0	0	81.6565	1968
8	18	0	0	0	0	88.6855	1969
8	18	0	0	0	0	87.9572	1970
8	18	0	0	0	0	80.888	1971
8	18	0	0	0	0	73.0164	1972
8	18	0	0	0	0	91.1313	1973
8	18	0	0	0	0	84.2233	1974
7	17	0	0	0	0	77.1884	1975
6	19	0	0	0	0	73.6679	1976
6	19	0	0	0	0	77.5083	1977
6	19	0	0	0	0	76.3798	1978
6	19	0	0	0	0	90.7447	1979
6	19	0	0	0	0	80.3234	1980
7	19	0	0	0	0	83.3875	1981
6	18	0	0	0	0	83.6002	1982
6	18	0	0	0	0	80.714	1983
6	18	0	0	0	0	84.9035	1984
6	18	0	0	0	0	79.9736	1985
6	17	0	0	0	0	65.591	1986
6	17	0	0	0	0	81.2155	1987
6	17	0	0	0	0	83.2998	1988
6	17	0	0	0	0	79.801	1989
6	18	0	0	0	0	80.8138	1990
6	18	0	0	0	0	81.6502	1991
6	18	0	0	0	0	80.3687	1992
6	18	0	0	0	0	81.6953	1993
6	17	0	0	0	0	66.495	1994
6	17	0	0	0	0	58.4035	1995
6	17	0	0	0	0	84.5358	1996
6	17	0	0	0	0	80.1743	1997
6	17	0	0	0	0	79.621	1998
6	17	0	0	0	0	80.0175	1999
6	17	0	0	0	0	73.4033	2000
6	17	0	0	0	0	77.8063	2001
6	17	0	0	0	0	77.0695	2002
6	17	0	0	0	0	64.9537	2003
6	17	0	0	0	0	72.7456	2004
6	17	0	0	0	0	80.3676	2005
6	17	0	0	0	0	79.7478	2006
6	17	0	0	0	0	76.2557	2007
6	17	0	0	0	0	75.0998	2008
6	16	0	0	0	0	75.4541	2009
6	16	0	0	0	0	79.2481	2010
6	16	0	0	0	0	72.1841	2011
6	17	0	0	0	0	71.8382	2012
6	17	0	0	0	0	67.3794	2013
6	16	0	0	0	0	72.2366	2014
6	16	0	0	0	0	75.7418	2015
6	16	0	0	0	0	69.3554	2016
6	16	0	0	0	0	73.0576	2017
6	16	0	0	0	0	72.2989	2018
6	16	0	0	0	0	80.3561	2019
6	16	0	0	0	0	74.3824	2020
6	16	0	0	0	0	75.5118	2021
6	16	0	0	0	0	62.8912	2022
4	16	0	0	0	0	62.1118	2023
4	15	0	0	0	0	63.7755	2024
4	14	0	0	0	0	44.8441	2025
4	12	0	0	0	0	39.0127	2026
4	10	0	0	0	0	32.3799	2027
3	10	0	0	0	0	38.2013	2028
3	9	0	0	0	0	35.5287	2029
3	9	0	0	0	0	34.1669	2030
3	10	0	0	0	0	34.8161	2031
3	10	0	0	0	0	35.8783	2032
3	10	0	0	0	0	37.5064	2033
3	10	0	0	0	0	43.1558	2034
3	12	0	0	0	0	43.8646	2035
3	12	0	0	0	0	42.1902	2036
3	11	0	0	0	0	40.9247	2037
3	11	0	0	0	0	41.6663	2038
2	11	0	0	0	0	35.583	2039
2	11	0	0	0	0	42.834	2040
2	11	0	0	0	0	30.1082	2041
2	11	0	0	0	0	44.5077	2042
2	11	0	0	0	0	39.8054	2043
2	10	0	0	0	0	34.4093	2044
2	10	0	0	0	0	33.2287	2045
2	9	0	0	0	0	29.3765	2046
2	8	0	0	0	0	31.4047	2047
2	8	0	0	0	0	31.4244	2048
2	8	0	0	0	0	25.8237	2049
3	9	0	0	0	0	25.7397	2050
3	9	0	0	0	0	34.2656	2051
3	8	0	0	0	0	32.5016	2052
3	8	0	0	0	0	27.1416	2053
3	8	0	0	0	0	27.5597	2054
3	8	0	0	0	0	26.4824	2055
3	7	0	0	0	0	29.0349	2056
3	7	0	0	0	0	26.4601	2057
3	8	0	0	0	0	29.1357	2058
3	7	0	0	0	0	27.6587	2059
3	7	0	0	0	0	28.5234	2060
4	7	0	0	0	0	26.2273	2061
4	7	0	0	0	0	23.4625	2062
4	7	0	0	0	0	30.7604	2063
4	7	0	0	0	0	31.9303	2064
4	7	0	0	0	0	28.3172	2065
4	8	0	0	0	0	34.6813	2066
4	8	0	0	0	0	40.114	2067
5	8	0	0	0	0	40.6962	2068
5	8	0	0	0	0	38.8313	2069
5	8	0	0	0	0	33.613	2070
5	8	0	0	0	0	37.5034	2071
5	8	0	0	0	0	24.588	2072
5	8	0	0	0	0	36.5181	2073
5	7	0	0	0	0	36.9892	2074
5	7	0	0	0	0	37.5667	2075
5	7	0	0	0	0	38.4808	2076
6	7	0	0	0	0	32.4773	2077
6	7	0	0	0	0	34.2982	2078
6	7	0	0	0	0	31.6763	2079
7	7	0	0	0	0	35.0353	2080
7	6	0	0	0	0	32.2693	2081
8	6	0	0	0	0	26.4672	2082
8	6	0	0	0	0	32.565	2083
8	6	0	0	0	0	29.4617	2084
8	6	0	0	0	0	32.7123	2085
8	6	0	0	0	0	35.3198	2086
8	4	0	0	0	0	29.5528	2087
8	4	0	0	0	0	34.8522	2088
8	4	0	0	0	0	38.8317	2089
8	4	0	0	0	0	29.5013	2090
9	4	0	0	0	0	35.0348	2091
9	4	0	0	0	0	36.9352	2092
9	4	0	0	0	0	37.0323	2093
9	4	0	0	0	0	41.0411	2094
9	4	0	0	0	0	33.1702	2095
9	4	0	0	0	0	35.7252	2096
9	3	0	0	0	0	40.6699	2097
9	3	0	0	0	0	36.6923	2098
9	3	0	0	0	0	33.1797	2099
9	3	0	0	0	0	35.7266	2100
9	4	0	0	0	0	36.514	2101
9	4	0	0	0	0	38.9766	2102
9	4	0	0	0	0	33.3687	2103
9	4	0	0	0	0	37.399	2104
9	4	0	0	0	0	35.8697	2105
9	4	0	0	0	0	37.5534	2106
9	4	0	0	0	0	36.5518	2107
10	4	0	0	0	0	38.7847	2108
10	4	0	0	0	0	46.6295	2109
10	4	0	0	0	0	44.1898	2110
10	4	0	0	0	0	42.1798	2111
10	4	0	0	0	0	44.801	2112
12	4	0	0	0	0	44.4176	2113
12	4	0	0	0	0	55.3256	2114
13	4	0	0	0	0	52.5969	2115
14	4	0	0	0	0	51.2356	2116
14	5	0	0	0	0	63.5008	2117
14	5	0	0	0	0	63.3078	2118
14	5	0	0	0	0	60.8044	2119
14	4	0	0	0	0	62.0367	2120
14	4	0	0	0	0	56.0482	2121
14	4	0	0	0	0	48.9582	2122
13	4	0	0	0	0	53.9834	2123
13	5	0	0	0	0	58.0493	2124
13	5	0	0	0	0	57.5797	2125
12	6	0	0	0	0	58.2164	2126
12	6	0	0	0	0	60.4413	2127
13	6	0	0	0	0	58.1911	2128
13	7	0	0	0	0	58.6729	2129
13	8	0	0	0	0	71.3391	2130
13	8	0	0	0	0	68.7821	2131
12	8	0	0	0	0	58.831	2132
12	8	0	0	0	0	67.7863	2133
13	8	0	0	0	0	66.794	2134
14	8	0	0	0	0	68.8012	2135
14	7	0	0	0	0	73.1321	2136
14	7	0	0	0	0	64.6311	2137
14	7	0	0	0	0	67.4645	2138
14	7	0	0	0	0	60.9787	2139
14	8	0	0	0	0	55.9493	2140
14	9	0	0	0	0	65.4052	2141
14	9	0	0	0	0	66.1535	2142
14	9	0	0	0	0	82.9556	2143
14	9	0	0	0	0	76.176	2144
14	9	0	0	0	0	79.2571	2145
14	10	0	0	0	0	84.5778	2146
14	10	0	0	0	0	83.4585	2147
14	10	0	0	0	0	71.0188	2148
14	10	0	0	0	0	79.3822	2149
14	10	0	0	0	0	83.8169	2150
14	10	0	0	0	0	85.9689	2151
14	10	0	0	0	0	83.1603	2152
14	11	0	0	0	0	84.4453	2153
14	11	0	0	0	0	77.9151	2154
13	11	0	0	0	0	88.2975	2155
13	11	0	0	0	0	84.3683	2156
13	11	0	0	0	0	83.6036	2157
13	11	0	0	0	0	72.4409	2158
13	11	0	0	0	0	76.155	2159
10	11	0	0	0	0	73.2346	2160
10	11	0	0	0	0	74.5654	2161
10	11	0	0	0	0	73.1662	2162
11	11	0	0	0	0	72.4251	2163
11	11	0	0	0	0	76.6969	2164
11	11	0	0	0	0	72.9533	2165
11	12	0	0	0	0	70.1459	2166
11	13	0	0	0	0	76.0276	2167
11	13	0	0	0	0	71.2698	2168
11	13	0	0	0	0	68.8895	2169
11	13	0	0	0	0	66.5916	2170
11	13	0	0	0	0	69.9952	2171
11	13	0	0	0	0	71.7746	2172
11	13	0	0	0	0	74.9522	2173
11	13	0	0	0	0	72.9716	2174
11	13	0	0	0	0	71.3975	2175
11	13	0	0	0	0	69.192	2176
10	13	0	0	0	0	73.3775	2177
10	13	0	0	0	0	84.302	2178
10	13	0	0	0	0	71.2852	2179
10	13	0	0	0	0	76.7499	2180
10	13	0	0	0	0	69.4539	2181
10	13	0	0	0	0	69.8931	2182
11	12	0	0	0	0	79.9437	2183
11	12	0	0	0	0	79.1918	2184
12	12	0	0	0	0	80.2093	2185
12	13	0	0	0	0	80.737	2186
12	13	0	0	0	0	85.8174	2187
12	13	0	0	0	0	84.0989	2188
12	13	0	0	0	0	88.2286	2189
12	13	0	0	0	0	84.2012	2190
12	13	0	0	0	0	84.3057	2191
12	13	0	0	0	0	83.8574	2192
12	13	0	0	0	0	80.5759	2193
12	13	0	0	0	0	82.9124	2194
11	13	0	0	0	0	76.3006	2195
11	13	0	0	0	0	84.0953	2196
11	13	0	0	0	0	81.1699	2197
11	12	0	0	0	0	80.7151	2198
11	12	0	0	0	0	77.4841	2199
11	12	0	0	0	0	80.6077	2200
11	12	0	0	0	0	76.263	2201
11	12	0	0	0	0	69.5401	2202
10	12	0	0	0	0	72.7274	2203
10	12	0	0	0	0	73.7611	2204
10	12	0	0	0	0	73.6391	2205
10	12	0	0	0	0	73.1961	2206
10	12	0	0	0	0	69.0154	2207
10	11	0	0	0	0	59.8725	2208
10	11	0	0	0	0	67.9638	2209
10	11	0	0	0	0	64.2398	2210
9	11	0	0	0	0	71.5887	2211
9	11	0	0	0	0	62.9863	2212
9	11	0	0	0	0	63.9688	2213
9	12	0	0	0	0	67.0726	2214
9	12	0	0	0	0	66.6532	2215
9	12	0	0	0	0	54.6418	2216
9	11	0	0	0	0	63.4047	2217
8	11	0	0	0	0	57.9764	2218
8	11	0	0	0	0	59.3187	2219
8	11	0	0	0	0	64.2054	2220
7	11	0	0	0	0	57.5021	2221
7	11	0	0	0	0	61.4311	2222
7	11	0	0	0	0	56.3716	2223
8	11	0	0	0	0	60.7162	2224
8	11	0	0	0	0	64.8589	2225
8	11	0	0	0	0	61.5273	2226
8	11	0	0	0	0	60.7587	2227
8	11	0	0	0	0	64.2988	2228
8	11	0	0	0	0	64.1037	2229
8	11	0	0	0	0	59.0405	2230
8	11	0	0	0	0	55.8045	2231
8	11	0	0	0	0	65.4783	2232
8	11	0	0	0	0	65.1019	2233
8	11	0	0	0	0	66.7105	2234
8	11	0	0	0	0	61.1942	2235
8	11	0	0	0	0	59.097	2236
8	11	0	0	0	0	65.6786	2237
8	11	0	0	0	0	68.4235	2238
8	11	0.25	0	1	0	54.2074	2239
8	11	0.25	0	1	0	54.8387	2240
8	11	0.25	0	1	0	62.6558	2241
8	11	0.25	0	1	0	64.2743	2242
8	11	0.25	0	1	0	63.141	2243
8	11	0.25	0	1	0	60.622	2244
8	11	0.25	0	1	0	64.1327	2245
8	11	0.25	0	1	0	60.2614	2246
8	11	0.25	0	1	0	68.1027	2247
8	11	0.25	0	1	0	64.3338	2248
8	11	0.25	0	1	0	59.8444	2249
8	11	0.25	0	1	0	61.7259	2250
8	11	0.25	0	1	0	61.9935	2251
8	11	0.25	0	1	0	61.3394	2252
8	11	0.25	0	1	0	63.346	2253
8	11	0.25	0	1	0	64.4148	2254
8	11	0.25	0	1	0	64.7427	2255
8	11	0.25	0	1	0	61.0523	2256
8	11	0.25	0	1	0	65.6707	2257
8	11	0.25	0.25	1	1	59.9271	2258
8	11	0.25	0.25	1	1	54.2874	2259
8	10	0.25	0.25	1	1	51.263	2260
8	10	0.25	0.25	1	1	49.2586	2261
8	10	0.25	0.25	1	1	54.6955	2262
8	9	0.25	0.25	1	1	54.6316	2263
8	9	0.25	0.25	1	1	43.787	2264
6	9	0.25	0.25	1	1	45.973	2265
6	9	0.25	0.25	1	1	43.9498	2266
6	8	0.25	0.25	1	1	41.1758	2267
6	8	0.25	0.25	1	1	44.7239	2268
6	8	0.25	0.25	1	1	42.8391	2269
6	8	0.25	0.25	1	1	41.4624	2270
6	8	0.25	0.5	1	2	42.6166	2271
6	7	0.25	0.5	1	2	39.2722	2272
6	7	0.25	0.5	1	2	41.236	2273
6	7	0.25	0.5	1	2	30.8528	2274
6	7	0.25	0.75	1	3	32.5627	2275
6	7	0.25	0.75	1	3	32.334	2276
6	7	0.25	0.75	1	3	34.0305	2277
5	7	0.25	0.75	1	3	35.0058	2278
5	7	0.25	0.75	1	3	31.7373	2279
5	6	0	0.75	0	3	34.645	2280
5	6	0	0.75	0	3	25.5753	2281
5	6	0	0.75	0	3	32.8678	2282
5	6	0	0.75	0	3	24.3153	2283
3	6	0	0.75	0	3	22.3868	2284
3	6	0	0.75	0	3	24.9775	2285
3	6	0	0.75	0	3	22.9282	2286
2	6	0	0.75	0	3	18.3099	2287
2	6	0	0.75	0	3	19.7123	2288
2	6	0	0.75	0	3	20.945	2289
2	6	0	0.75	0	3	19.185	2290
2	5	0	0.75	0	3	18.2814	2291
2	5	0	0.75	0	3	19.8275	2292
2	5	0	0.75	0	3	16.2284	2293
2	5	0	0.75	0	3	16.1718	2294
2	5	0	0.75	0	3	17.1516	2295
2	5	0	0.75	0	3	16.1257	2296
2	5	0	0.75	0	3	14.6671	2297
2	5	0	0.75	0	3	19.8351	2298
2	5	0	0.75	0	3	19.8275	2299
2	5	0	0.75	0	3	18.807	2300
2	5	0	0.75	0	3	17.7887	2301
2	5	0	0.75	0	3	17.1932	2302
2	4	0	0.75	0	3	10.4173	2303
2	3	0	0.75	0	3	11.5438	2304
2	3	0	0.75	0	3	9.75867	2305
2	3	0	0.75	0	3	9.62804	2306
2	3	0	0.75	0	3	10.7553	2307
2	3	0	0.5	0	2	10.6476	2308
2	3	0	0.25	0	1	8.25337	2309
2	3	0	0.25	0	1	5.29569	2310
1	3	0	0.25	0	1	-3.22953	2311
0	1	0	0	0	0	nan	2312
