unique_top_cov	unique_bot_cov	redundant_top_cov	redundant_bot_cov	raw_redundant_top_cov	raw_redundant_bot_cov	e_value	position
0	0	0	0	0	0	nan	1
0	0	0	0	0	0	nan	2
0	0	0	0	0	0	nan	3
0	0	0	0	0	0	nan	4
0	0	0	0	0	0	nan	5
0	0	0	0	0	0	nan	6
0	0	0	0	0	0	nan	7
0	0	0	0	0	0	nan	8
0	0	0	0	0	0	nan	9
0	0	0	0	0	0	nan	10
0	0	0	0	0	0	nan	11
0	0	0	0	0	0	nan	12
0	0	0	0	0	0	nan	13
0	0	0	0	0	0	nan	14
0	0	0	0	0	0	nan	15
0	0	0	0	0	0	nan	16
0	0	0	0	0	0	nan	17
0	0	0	0	0	0	nan	18
0	0	0	0	0	0	nan	19
0	0	0	0	0	0	nan	20
0	0	0	0	0	0	nan	21
0	0	0	0	0	0	nan	22
0	0	0	0	0	0	nan	23
0	0	0	0	0	0	nan	24
0	0	0	0	0	0	nan	25
0	0	0	0	0	0	nan	26
0	0	0	0	0	0	nan	27
0	0	0	0	0	0	nan	28
0	0	0	0	0	0	nan	29
6	4	0	0	0	0	28.4325	30
6	5	0	0	0	0	29.8636	31
6	5	0	0	0	0	30.749	32
6	5	0	0	0	0	27.2163	33
6	5	0	0	0	0	34.3608	34
6	5	0	0	0	0	32.8998	35
6	5	0	0	0	0	34.2282	36
6	5	0	0	0	0	33.5628	37
6	5	0	0	0	0	31.8792	38
6	5	0	0	0	0	34.8717	39
6	5	0	0	0	0	37.1238	40
7	5	0	0	0	0	33.1344	41
7	5	0	0	0	0	32.7578	42
8	5	0	0	0	0	40.9869	43
8	5	0	0	0	0	39.5295	44
8	5	0	0	0	0	43.4715	45
8	5	0	0	0	0	42.0994	46
8	6	0	0	0	0	39.1349	47
8	6	0	0	0	0	41.2215	48
9	6	0	0	0	0	40.7732	49
9	6	0	0	0	0	43.0704	50
9	6	0	0	0	0	49.2412	51
9	6	0	0	0	0	48.5124	52
9	6	0	0	0	0	52.5968	53
9	6	0	0	0	0	50.1223	54
9	6	0	0	0	0	46.6527	55
9	6	0	0	0	0	47.5251	56
9	6	0	0	0	0	49.9191	57
9	6	0	0	0	0	45.8031	58
9	6	0	0	0	0	52.5597	59
9	6	0	0	0	0	48.5195	60
9	6	0	0	0	0	41.5755	61
10	6	0	0	0	0	48.9544	62
10	6	0	0	0	0	47.2139	63
10	6	0	0	0	0	56.2693	64
10	6	0	0	0	0	53.9691	65
10	6	0	0	0	0	53.9713	66
10	6	0	0	0	0	53.1178	67
11	6	0	0	0	0	51.5314	68
11	6	0	0	0	0	52.3042	69
11	6	0	0	0	0	57.899	70
11	6	0	0	0	0	57.2812	71
11	6	0	0	0	0	55.8029	72
11	6	0	0	0	0	57.8159	73
11	6	0	0	0	0	53.168	74
11	6	0	0	0	0	53.7005	75
11	6	0	0	0	0	57.899	76
11	6	0	0	0	0	55.1724	77
11	6	0	0	0	0	55.4137	78
11	6	0	0	0	0	52.6997	79
11	6	0	0	0	0	52.7846	80
11	6	0.5	0	1	0	51.7614	81
11	6	0.5	0	1	0	59.5602	82
11	6	0.5	0	1	0	54.1921	83
11	6	0.5	0	1	0	56.8156	84
11	6	0.5	0	1	0	47.5111	85
11	6	0.5	0	1	0	52.4696	86
11	6	0.5	0	1	0	56.3855	87
11	6	0.5	0	1	0	57.3046	88
11	7	0.5	0	1	0	57.9026	89
11	7	0.5	0	1	0	55.9933	90
11	7	0.5	0	1	0	52.531	91
11	7	0.5	0	1	0	55.2784	92
12	8	0.5	0	1	0	54.0505	93
12	8	0.5	0	1	0	51.0645	94
12	8	0.5	0	1	0	57.1046	95
12	8	0.5	0	1	0	54.6796	96
12	8	0.5	0	1	0	51.7656	97
12	7	0.5	0	1	0	53.9023	98
12	7	0.5	0	1	0	53.4292	99
11	7	0.5	0	1	0	60.3158	100
11	7	0.5	0	1	0	58.9989	101
11	7	0.5	0	1	0	61.0742	102
11	7	0.5	0	1	0	60.2757	103
11	7	0.5	0	1	0	58.3561	104
11	7	0.5	0	1	0	53.9838	105
11	7	0.5	0	1	0	42.937	106
12	7	0.5	0	1	0	50.9599	107
12	7	0.5	0	1	0	53.8838	108
11	7	0.5	0	1	0	44.1808	109
10	7	0.5	0	1	0	46.5985	110
10	7	0.5	0	1	0	49.7399	111
9	8	0.5	0	1	0	56.4124	112
9	10	0.5	0	1	0	53.995	113
8	10	0.5	0	1	0	56.562	114
8	10	0.5	0	1	0	58.6936	115
8	10	0.5	0	1	0	55.2117	116
9	10	0.5	0	1	0	56.4608	117
9	9	0.5	0	1	0	56.392	118
9	11	0.5	0	1	0	56.5879	119
8	11	0.5	0	1	0	59.3289	120
7	11	0	0	0	0	47.9477	121
6	11	0	0	0	0	51.2764	122
6	11	0	0	0	0	55.3277	123
6	11	0	0	0	0	55.0316	124
6	11	0	0	0	0	57.2987	125
6	11	0	0	0	0	50.0539	126
6	11	0	0	0	0	53.455	127
7	11	0	0	0	0	55.0306	128
7	11	0	0	0	0	53.2252	129
7	11	0	0	0	0	55.2054	130
7	11	0	0	0	0	51.8936	131
7	11	0	0	0	0	55.9716	132
7	11	0	0	0	0	56.2013	133
7	12	0	0	0	0	49.1749	134
7	12	0	0	0	0	61.9782	135
7	12	0	0	0	0	55.8054	136
8	12	0	0	0	0	53.8313	137
8	13	0	0	0	0	64.1196	138
8	13	0	0	0	0	66.8086	139
8	13	0	0	0	0	60.5147	140
8	13	0	0	0	0	66.6195	141
8	12	0	0	0	0	61.5055	142
8	11	0	0	0	0	63.749	143
8	12	0	0	0	0	58.7756	144
8	14	0	0	0	0	54.8159	145
8	14	0	0	0	0	56.2785	146
8	14	0	0	0	0	61.3574	147
8	14	0	0	0	0	53.8327	148
8	14	0	0	0	0	57.5112	149
8	14	0	0	0	0	61.9186	150
8	14	0	0	0	0	61.2356	151
8	14	0	0	0	0	58.2851	152
8	14	0	0	0	0	57.0669	153
8	14	0	0	0	0	73.018	154
8	15	0	0	0	0	69.7831	155
8	16	0	0	0	0	75.5001	156
8	16	0	0	0	0	71.4974	157
8	16	0	0	0	0	72.163	158
8	16	0	0	0	0	79.1035	159
8	16	0	0	0	0	72.3471	160
8	15	0	0	0	0	73.1114	161
8	15	0	0	0	0	76.889	162
8	15	0	0	0	0	69.5007	163
7	17	0	0	0	0	76.7169	164
7	17	0	0	0	0	71.5458	165
7	17	0	0	0	0	72.4281	166
7	17	0	0	0	0	79.6392	167
7	17	0	0	0	0	75.8433	168
7	16	0	0	0	0	75.5318	169
7	16	0	0	0	0	72.9536	170
7	16	0	0	0	0	79.8925	171
7	17	0	0	0	0	73.8345	172
7	17	0	0	0	0	76.923	173
7	17	0	0	0	0	75.6493	174
7	17	0	0	0	0	76.9352	175
7	17	0	0	0	0	73.0353	176
7	17	0	0	0	0	76.0833	177
8	24	0	0	0	0	80.1582	178
10	24	0	0	0	0	98.2784	179
10	24	0	0	0	0	109.453	180
10	24	0	0	0	0	107.292	181
10	25	0	0	0	0	96.7283	182
10	25	0	0	0	0	100.645	183
12	25	0	0	0	0	103.331	184
12	28	0	0	0	0	124.243	185
12	29	0	0	0	0	137.472	186
14	30	0	0	0	0	123.421	187
15	31	0	0	0	0	146.735	188
21	32	0	0	0	0	162.947	189
22	33	0	0	0	0	158.618	190
22	35	0	0	0	0	154.505	191
22	38	0	0	0	0	198.213	192
22	40	0	0	0	0	209.564	193
24	39	0	0	0	0	199.49	194
26	39	0	0	0	0	220.99	195
26	39	0	0	0	0	214.716	196
26	41	0	0	0	0	222.723	197
25	41	0	0	0	0	212.575	198
24	43	0	0	0	0	206.714	199
24	43	0	0	0	0	237.22	200
24	42	0	0	0	0	227.11	201
24	43	0	0	0	0	242.411	202
24	43	0	0	0	0	239.943	203
24	43	0	0	0	0	242.159	204
24	44	0	0	0	0	222.346	205
24	44	0	0	0	0	238.523	206
24	44	0	0	0	0	255.037	207
24	44	0	0	0	0	249.388	208
25	44	0	0	0	0	251.207	209
25	44	0	0	0	0	241.16	210
25	44	0	0	0	0	261.629	211
26	45	0	0	0	0	202.33	212
0	0	0	0	0	0	nan	213
0	0	0	0	0	0	nan	214
0	0	0	0	0	0	nan	215
0	0	0	0	0	0	nan	216
0	0	0	0	0	0	nan	217
0	0	0	0	0	0	nan	218
0	0	0	0	0	0	nan	219
0	0	0	0	0	0	nan	220
0	0	0	0	0	0	nan	221
0	0	0	0	0	0	nan	222
0	0	0	0	0	0	nan	223
0	0	0	0	0	0	nan	224
0	0	0	0	0	0	nan	225
0	0	0	0	0	0	nan	226
0	0	0	0	0	0	nan	227
0	0	0	0	0	0	nan	228
0	0	0	0	0	0	nan	229
0	0	0	0	0	0	nan	230
0	0	0	0	0	0	nan	231
0	0	0	0	0	0	nan	232
0	0	0	0	0	0	nan	233
0	0	0	0	0	0	nan	234
0	0	0	0	0	0	nan	235
0	0	0	0	0	0	nan	236
0	0	0	0	0	0	nan	237
0	0	0	0	0	0	nan	238
0	0	0	0	0	0	nan	239
0	0	0	0	0	0	nan	240
0	0	0	0	0	0	nan	241
0	0	0	0	0	0	nan	242
0	0	0	0	0	0	nan	243
0	0	0	0	0	0	nan	244
0	0	0	0	0	0	nan	245
0	0	0	0	0	0	nan	246
0	0	0	0	0	0	nan	247
0	0	0	0	0	0	nan	248
0	0	0	0	0	0	nan	249
0	0	0	0	0	0	nan	250
0	0	0	0	0	0	nan	251
0	0	0	0	0	0	nan	252
0	0	0	0	0	0	nan	253
0	0	0	0	0	0	nan	254
