unique_top_cov	unique_bot_cov	redundant_top_cov	redundant_bot_cov	raw_redundant_top_cov	raw_redundant_bot_cov	e_value	position
37	36	0	0	0	0	250.001	1
35	35	0	0	0	0	250.239	2
38	36	0	0	0	0	264.356	3
38	36	0	0	0	0	254.689	4
38	36	0	0	0	0	272.075	5
38	36	0	0	0	0	277.745	6
38	36	0	0	0	0	253.016	7
38	36	0	0	0	0	257.34	8
38	36	0	0	0	0	240.952	9
39	38	0	0	0	0	272.11	10
38	39	0	0	0	0	246.899	11
38	41	0	0	0	0	291.816	12
38	41	0	0	0	0	283.231	13
38	42	0	0	0	0	282.817	14
37	42	0	0	0	0	294.82	15
37	42	0	0	0	0	270.15	16
38	43	0	0	0	0	240.279	17
38	45	0	0	0	0	228.513	18
39	45	0	0	0	0	286.58	19
39	46	0	0	0	0	312.661	20
40	46	0	0	0	0	295.081	21
40	46	0	0	0	0	289.873	22
41	46	0	0	0	0	329.733	23
41	46	0	0	0	0	307.892	24
41	47	0	0	0	0	311.365	25
43	45	0	0	0	0	316.63	26
43	44	0	0	0	0	288.558	27
44	46	0	0	0	0	308.291	28
44	47	0	0	0	0	333.47	29
44	47	0	0	0	0	323.265	30
45	49	0	0	0	0	328.278	31
46	49	0	0	0	0	338.063	32
46	50	0	0	0	0	328.846	33
47	50	0	0	0	0	329.901	34
46	49	0	0	0	0	333.608	35
46	49	0	0	0	0	326.845	36
46	49	0	0	0	0	326.057	37
48	51	0	0	0	0	334.902	38
47	51	0	0	0	0	344.904	39
47	51	0	0	0	0	345.423	40
47	54	0	0	0	0	358.276	41
47	54	0	0	0	0	340.549	42
48	54	0	0	0	0	346.998	43
48	54	0	0	0	0	374.248	44
49	54	0	0	0	0	355.041	45
50	54	0	0	0	0	315.011	46
50	54	0	0	0	0	315.063	47
53	54	0	0	0	0	359.669	48
53	54	0	0	0	0	354.831	49
52	52	0	0	0	0	344.773	50
52	52	0	0	0	0	353.072	51
52	52	0	0	0	0	356.044	52
54	50	0	0	0	0	318.141	53
55	51	0	0	0	0	375.86	54
55	50	0	0	0	0	345.14	55
56	50	0	0	0	0	336.337	56
57	50	0	0	0	0	384.472	57
57	51	0	0	0	0	374.693	58
58	52	0	0	0	0	369.792	59
59	52	0	0	0	0	405.01	60
60	52	0	0	0	0	394.873	61
60	52	0	0	0	0	401.5	62
60	52	0	0	0	0	399.613	63
61	52	0	0	0	0	415.474	64
61	51	0	0	0	0	315.943	65
61	51	0	0	0	0	407.321	66
60	50	0	0	0	0	406.867	67
61	53	0	0	0	0	371.333	68
62	52	0	0	0	0	384.496	69
64	52	0	0	0	0	404.106	70
64	52	0	0	0	0	396.306	71
64	51	0	0	0	0	392.166	72
62	49	0	0	0	0	394.38	73
61	49	0	0	0	0	376.473	74
60	47	0	0	0	0	352.678	75
59	48	0	0	0	0	391.056	76
59	48	0	0	0	0	380.555	77
59	48	0	0	0	0	388.671	78
59	48	0	0	0	0	393.04	79
58	47	0	0	0	0	345.067	80
55	48	0	0	0	0	330.447	81
55	49	0	0	0	0	372.102	82
55	49	0	0	0	0	362.12	83
55	47	0	0	0	0	336.861	84
55	52	0	0	0	0	353.886	85
55	53	0	0	0	0	376.734	86
55	51	0	0	0	0	333.454	87
55	48	0	0	0	0	349.939	88
53	46	0	0	0	0	339.785	89
51	45	0	0	0	0	369.184	90
51	44	0	0	0	0	360.931	91
51	44	0	0	0	0	315.44	92
50	44	0	0	0	0	351.254	93
49	42	0	0	0	0	319.063	94
49	42	0	0	0	0	305.02	95
49	43	0	0	0	0	338.901	96
50	43	0	0	0	0	294.209	97
49	44	0	0	0	0	321.749	98
49	42	0	0	0	0	289.692	99
47	42	0	0	0	0	299.78	100
44	42	0	0	0	0	311.884	101
44	42	0	0	0	0	280.975	102
43	41	0	0	0	0	282.402	103
43	41	0	0	0	0	295.405	104
43	40	0	0	0	0	308.923	105
42	40	0	0	0	0	287.937	106
44	40	0	0	0	0	288.26	107
44	40	0	0	0	0	294.242	108
44	41	0	0	0	0	282.128	109
44	43	0	0	0	0	319.163	110
43	44	0	0	0	0	303.512	111
45	44	0	0	0	0	307.704	112
44	43	0	0	0	0	300.154	113
42	43	0	0	0	0	207.833	114
42	43	0	0	0	0	260.771	115
42	44	0	0	0	0	323.655	116
43	44	0	0	0	0	318.085	117
44	43	0	0	0	0	288.908	118
43	44	0	0	0	0	306.627	119
45	44	0	0	0	0	324.445	120
46	44	0	0	0	0	329.698	121
46	43	0	0	0	0	283.837	122
48	42	0	0	0	0	297.328	123
47	41	0	0	0	0	311.937	124
46	41	0	0	0	0	311.347	125
46	41	0	0	0	0	330.433	126
46	41	0	0	0	0	299.315	127
46	40	0	0	0	0	308.532	128
46	41	0	0	0	0	322.035	129
48	42	0	0	0	0	319.396	130
48	42	0	0	0	0	319.962	131
49	48	0	0	0	0	323.743	132
48	48	0	0	0	0	332.157	133
49	45	0	0	0	0	325.755	134
49	45	0	0	0	0	320.468	135
49	44	0	0	0	0	299.686	136
49	44	0	0	0	0	305.345	137
48	46	0	0	0	0	307.941	138
48	46	0	0	0	0	319.791	139
48	46	0	0	0	0	331.023	140
43	45	0	0	0	0	282.793	141
43	45	0	0	0	0	304.128	142
43	45	0	0	0	0	316.679	143
43	47	0	0	0	0	336.53	144
43	46	0	0	0	0	321.915	145
43	46	0	0	0	0	310.047	146
41	45	0	0	0	0	305.91	147
41	45	0	0	0	0	250.629	148
41	45	0	0	0	0	311.698	149
41	45	0	0	0	0	293.877	150
41	46	0	0	0	0	310.746	151
41	47	0	0	0	0	308.998	152
40	45	0	0	0	0	316.828	153
41	44	0	0	0	0	277.512	154
41	44	0	0	0	0	274.15	155
41	44	0	0	0	0	289.21	156
41	44	0	0	0	0	273.818	157
42	43	0	0	0	0	292.993	158
42	46	0	0	0	0	277.165	159
40	42	0	0	0	0	239.86	160
39	45	0	0	0	0	280.732	161
38	47	0	0	0	0	228.858	162
38	47	0	0	0	0	281.473	163
38	46	0	0	0	0	305.894	164
39	46	0	0	0	0	307.651	165
39	46	0	0	0	0	297.543	166
40	45	0	0	0	0	285.303	167
40	44	0	0	0	0	273.842	168
40	44	0	0	0	0	304.452	169
39	43	0	0	0	0	294.898	170
38	42	0	0	0	0	308.81	171
38	42	0	0	0	0	275.523	172
38	42	0	0	0	0	304.998	173
38	43	0	0	0	0	300.557	174
38	43	0	0	0	0	246.431	175
40	42	0	0	0	0	299.15	176
40	43	0	0	0	0	304.932	177
40	43	0	0	0	0	219.164	178
41	44	0	0	0	0	299.868	179
42	44	0	0	0	0	247.451	180
43	44	0	0	0	0	315.724	181
43	43	0	0	0	0	275.299	182
43	43	0	0	0	0	327.382	183
44	43	0	0	0	0	314.953	184
43	45	0	0	0	0	313.184	185
42	45	0	0	0	0	319.207	186
41	45	0	0	0	0	321.337	187
42	45	0	0	0	0	310.53	188
42	47	0	0	0	0	320.182	189
41	47	0	0	0	0	270.294	190
42	52	0	0	0	0	329.928	191
42	52	0	0	0	0	296.623	192
46	58	0	0	0	0	329.044	193
48	59	0	0	0	0	307.391	194
49	59	0	0	0	0	368.041	195
49	59	0	0	0	0	384.585	196
47	58	0	0	0	0	345.534	197
43	57	0	0	0	0	356.313	198
46	57	0	0	0	0	364.922	199
42	57	0	0	0	0	291.214	200
42	57	0	0	0	0	366.675	201
41	57	0	0	0	0	356.752	202
42	57	0	0	0	0	343.666	203
42	56	0	0	0	0	350.774	204
43	57	0	0	0	0	335.896	205
43	57	0	0	0	0	357.498	206
43	57	0	0	0	0	334.112	207
42	56	0	0	0	0	303.933	208
42	57	0	0	0	0	376.348	209
41	57	0	0	0	0	361.077	210
41	57	0	0	0	0	352.138	211
41	57	0	0	0	0	336.982	212
41	57	0	0	0	0	338.99	213
41	57	0	0	0	0	347.191	214
41	59	0	0	0	0	370.293	215
40	60	0	0	0	0	310.634	216
41	64	0	0	0	0	361.445	217
40	63	0	0	0	0	349.165	218
42	63	0	0	0	0	365.006	219
42	63	0	0	0	0	351.532	220
42	61	0	0	0	0	362.978	221
42	61	0	0	0	0	388.287	222
42	61	0	0	0	0	370.652	223
42	62	0	0	0	0	362.908	224
42	62	0	0	0	0	354.371	225
44	62	0	0	0	0	383.567	226
44	63	0	0	0	0	374.308	227
42	63	0	0	0	0	356.331	228
42	62	0	0	0	0	378.042	229
43	60	0	0	0	0	331.238	230
43	59	0	0	0	0	343.26	231
43	59	0	0	0	0	371.667	232
41	59	0	0	0	0	352.769	233
42	59	0	0	0	0	323.154	234
42	56	0	0	0	0	364.945	235
43	56	0	0	0	0	358.822	236
44	54	0	0	0	0	333.327	237
46	54	0	0	0	0	334.147	238
47	54	0	0	0	0	349.667	239
48	54	0	0	0	0	354.292	240
48	54	0	0	0	0	389.631	241
48	54	0	0	0	0	376.962	242
48	54	0	0	0	0	360.641	243
49	53	0	0	0	0	369.256	244
50	54	0	0	0	0	367.206	245
50	54	0	0	0	0	383.28	246
50	53	0	0	0	0	343.757	247
50	53	0	0	0	0	346.319	248
50	53	0	0	0	0	364.627	249
52	52	0	0	0	0	375.692	250
52	51	0	0	0	0	368.946	251
52	52	0	0	0	0	336.407	252
53	54	0	0	0	0	384.982	253
53	52	0	0	0	0	385.174	254
53	51	0	0	0	0	353.171	255
54	51	0	0	0	0	366.783	256
54	51	0	0	0	0	389.768	257
55	53	0	0	0	0	372.555	258
55	53	0	0	0	0	371.973	259
55	50	0	0	0	0	386.502	260
55	49	0	0	0	0	365.833	261
52	48	0	0	0	0	354.789	262
52	48	0	0	0	0	377.047	263
52	48	0	0	0	0	330.295	264
52	48	0	0	0	0	367.458	265
53	49	0	0	0	0	351.792	266
51	50	0	0	0	0	347.045	267
51	50	0	0	0	0	374.622	268
51	48	0	0	0	0	293.392	269
51	48	0	0	0	0	306.588	270
52	49	0	0	0	0	343.67	271
51	48	0	0	0	0	357.536	272
51	46	0	0	0	0	330.204	273
50	46	0	0	0	0	334.675	274
48	44	0	0	0	0	287.85	275
49	46	0	0	0	0	334.851	276
49	46	0	0	0	0	332.437	277
49	46	0	0	0	0	322.849	278
48	45	0	0	0	0	344.294	279
45	46	0	0	0	0	316.446	280
46	46	0	0	0	0	285.549	281
47	47	0	0	0	0	334.871	282
47	47	0	0	0	0	344.961	283
46	47	0	0	0	0	309.085	284
46	46	0	0	0	0	330.267	285
46	45	0	0	0	0	296.486	286
47	44	0	0	0	0	301.958	287
47	44	0	0	0	0	327.3	288
42	43	0	0	0	0	309.237	289
42	43	0	0	0	0	296.944	290
41	43	0	0	0	0	277.345	291
42	43	0	0	0	0	307.769	292
43	43	0	0	0	0	259.065	293
43	43	0	0	0	0	258.073	294
43	43	0	0	0	0	291.721	295
44	42	0	0	0	0	286.231	296
44	44	0	0	0	0	274.306	297
45	41	0	0	0	0	303.007	298
45	41	0	0	0	0	296.939	299
45	41	0	0	0	0	291.409	300
45	40	0	0	0	0	306.163	301
45	39	0	0	0	0	295.434	302
45	39	0	0	0	0	309.119	303
45	39	0	0	0	0	300.47	304
45	39	0	0	0	0	306.088	305
44	37	0	0	0	0	294.724	306
44	37	0	0	0	0	287.926	307
44	37	0	0	0	0	250.889	308
45	36	0	0	0	0	286.226	309
45	36	0	0	0	0	276.516	310
45	34	0	0	0	0	297.305	311
45	33	0	0	0	0	292.62	312
45	32	0	0	0	0	254.003	313
46	31	0	0	0	0	256.558	314
46	31	0	0	0	0	289.972	315
46	32	0	0	0	0	255.966	316
46	32	0	0	0	0	288.296	317
46	32	0	0	0	0	290.316	318
46	31	0	0	0	0	268.795	319
46	31	0	0	0	0	285.193	320
46	31	0	0	0	0	160.613	321
46	30	0	0	0	0	281.822	322
47	30	0	0	0	0	259.834	323
48	29	0	0	0	0	281.062	324
48	29	0	0	0	0	219.242	325
50	28	0	0	0	0	242.212	326
50	29	0	0	0	0	251.694	327
52	29	0	0	0	0	292.629	328
53	29	0	0	0	0	289.025	329
53	29	0	0	0	0	304.879	330
54	29	0	0	0	0	288.131	331
55	29	0	0	0	0	295.73	332
55	29	0	0	0	0	306.432	333
56	35	0	0	0	0	302.285	334
57	34	0	0	0	0	292.619	335
58	33	0	0	0	0	296.85	336
58	33	0	0	0	0	304.939	337
58	33	0	0	0	0	308.065	338
58	33	0	0	0	0	337.269	339
58	33	0	0	0	0	318.445	340
58	33	0	0	0	0	297.083	341
57	33	0	0	0	0	278.574	342
48	34	0	0	0	0	273.283	343
48	33	0	0	0	0	291.09	344
48	33	0	0	0	0	279.749	345
49	32	0	0	0	0	271.281	346
49	32	0	0	0	0	261.001	347
43	34	0	0	0	0	252.136	348
43	34	0	0	0	0	270.042	349
43	34	0	0	0	0	272.957	350
46	34	0	0	0	0	283.659	351
46	34	0	0	0	0	267.917	352
44	32	0	0	0	0	263.514	353
45	33	0	0	0	0	280.043	354
44	34	0	0	0	0	289.886	355
45	34	0	0	0	0	253.922	356
46	35	0	0	0	0	298.913	357
46	35	0	0	0	0	276.056	358
46	40	0	0	0	0	230.891	359
45	41	0	0	0	0	285.655	360
45	41	0	0	0	0	236.673	361
46	41	0	0	0	0	289.185	362
47	41	0	0	0	0	254.044	363
45	41	0	0	0	0	305.849	364
45	42	0	0	0	0	304.54	365
45	42	0	0	0	0	281.579	366
47	42	0	0	0	0	282.98	367
43	40	0	0	0	0	283.618	368
40	40	0	0	0	0	278.033	369
40	39	0	0	0	0	267.192	370
41	39	0	0	0	0	258.107	371
41	39	0	0	0	0	279.474	372
41	39	0	0	0	0	291.011	373
40	39	0	0	0	0	280.005	374
40	39	0	0	0	0	282.222	375
40	39	0	0	0	0	270.633	376
41	39	0	0	0	0	259.134	377
41	39	0	0	0	0	267.092	378
42	39	0	0	0	0	274.918	379
40	40	0	0	0	0	271.671	380
40	40	0	0	0	0	281.914	381
41	39	0	0	0	0	302.16	382
41	39	0	0	0	0	268.271	383
41	39	0	0	0	0	258.016	384
41	39	0	0	0	0	267.839	385
41	38	0	0	0	0	258.741	386
40	38	0	0	0	0	242.29	387
40	40	0	0	0	0	274.601	388
39	39	0	0	0	0	266.42	389
40	39	0	0	0	0	256.715	390
40	39	0	0	0	0	267.816	391
40	39	0	0	0	0	286.248	392
41	39	0	0	0	0	295.29	393
42	40	0	0	0	0	270.584	394
42	39	0	0	0	0	287.461	395
42	38	0	0	0	0	286.534	396
40	38	0	0	0	0	250.866	397
39	38	0	0	0	0	279.881	398
39	37	0	0	0	0	257.556	399
39	38	0	0	0	0	260.272	400
39	38	0	0	0	0	267.032	401
38	38	0	0	0	0	256.636	402
38	37	0	0	0	0	261.675	403
38	37	0	0	0	0	254.847	404
39	33	0	0	0	0	215.935	405
38	34	0	0	0	0	251.535	406
37	34	0	0	0	0	248.689	407
36	34	0	0	0	0	251.452	408
36	34	0	0	0	0	233.35	409
36	33	0	0	0	0	229.511	410
37	33	0	0	0	0	223.781	411
37	32	0	0	0	0	231.716	412
37	32	0	0	0	0	244.311	413
36	30	0	0	0	0	232.552	414
36	30	0	0	0	0	231.466	415
36	30	0	0	0	0	231.323	416
34	28	0	0	0	0	177.463	417
34	28	0	0	0	0	186.041	418
33	26	0	0	0	0	200.371	419
33	26	0	0	0	0	225.918	420
33	26	0	0	0	0	190.164	421
33	26	0	0	0	0	223.129	422
33	26	0	0	0	0	170.645	423
34	26	0	0	0	0	220.709	424
34	26	0	0	0	0	215.197	425
35	25	0	0	0	0	209.734	426
36	25	0	0	0	0	212.855	427
36	24	0	0	0	0	223.247	428
36	23	0	0	0	0	209.576	429
36	23	0	0	0	0	211.396	430
36	20	0	0	0	0	188.95	431
37	21	0	0	0	0	206.884	432
37	26	0	0	0	0	189.727	433
38	32	0	0	0	0	168.854	434
39	33	0	0	0	0	257.686	435
39	33	0	0	0	0	250.714	436
39	33	0	0	0	0	247.499	437
38	33	0	0	0	0	239.051	438
38	33	0	0	0	0	253.046	439
38	33	0	0	0	0	219.261	440
37	33	0	0	0	0	251.157	441
34	33	0	0	0	0	221.103	442
35	33	0	0	0	0	238.616	443
35	33	0	0	0	0	234.064	444
35	33	0	0	0	0	242.371	445
35	33	0	0	0	0	245.111	446
35	31	0	0	0	0	227.52	447
36	33	0	0	0	0	205.098	448
36	33	0	0	0	0	261.292	449
36	32	0	0	0	0	204.97	450
36	32	0	0	0	0	215.196	451
30	32	0	0	0	0	228.184	452
30	32	0	0	0	0	198.4	453
30	32	0	0	0	0	214.54	454
30	32	0	0	0	0	216.186	455
30	31	0	0	0	0	206.348	456
31	30	0	0	0	0	208.072	457
31	29	0	0	0	0	202.713	458
31	29	0	0	0	0	207.65	459
31	29	0	0	0	0	220.062	460
32	29	0	0	0	0	201.164	461
32	29	0	0	0	0	196.363	462
32	29	0	0	0	0	225.102	463
31	28	0	0	0	0	210.909	464
31	28	0	0	0	0	213.299	465
30	28	0	0	0	0	187.717	466
30	33	0	0	0	0	215.135	467
30	35	0	0	0	0	225.695	468
29	35	0	0	0	0	218.597	469
29	35	0	0	0	0	226.806	470
29	35	0	0	0	0	222.809	471
29	35	0	0	0	0	222.024	472
29	35	0	0	0	0	199.16	473
28	35	0	0	0	0	191.125	474
23	35	0	0	0	0	197.683	475
17	35	0	0	0	0	168.542	476
16	35	0	0	0	0	163.716	477
18	35	0	0	0	0	185.53	478
18	35	0	0	0	0	166.715	479
18	35	0	0	0	0	181.425	480
18	34	0	0	0	0	182.703	481
18	34	0	0	0	0	157.762	482
20	35	0	0	0	0	173.808	483
20	34	0	0	0	0	192.58	484
20	34	0	0	0	0	170.867	485
21	34	0	0	0	0	157.984	486
22	34	0	0	0	0	201.767	487
22	34	0	0	0	0	195.483	488
24	34	0	0	0	0	187.339	489
24	36	0	0	0	0	189.703	490
24	36	0	0	0	0	193.81	491
22	34	0	0	0	0	173.388	492
22	34	0	0	0	0	194.096	493
19	34	0	0	0	0	187.135	494
19	34	0	0	0	0	180.45	495
19	34	0	0	0	0	171.461	496
21	33	0	0	0	0	152.909	497
21	35	0	0	0	0	193.407	498
21	35	0	0	0	0	188.892	499
21	35	0	0	0	0	181.579	500
19	35	0	0	0	0	178.804	501
20	34	0	0	0	0	175.925	502
20	34	0	0	0	0	195.845	503
20	32	0	0	0	0	179.793	504
20	34	0	0	0	0	163.187	505
19	34	0	0	0	0	181.693	506
19	35	0	0	0	0	176.472	507
19	35	0	0	0	0	162.501	508
19	34	0	0	0	0	153.598	509
20	34	0	0	0	0	175.212	510
21	34	0	0	0	0	182.592	511
21	34	0	0	0	0	142.39	512
21	34	0	0	0	0	180.657	513
20	33	0	0	0	0	166.331	514
20	33	0	0	0	0	180.664	515
20	33	0	0	0	0	182.133	516
19	32	0	0	0	0	156.121	517
19	32	0	0	0	0	193.387	518
21	32	0	0	0	0	189.279	519
21	32	0	0	0	0	180.257	520
22	33	0	0	0	0	185.693	521
22	31	0	0	0	0	167.61	522
22	31	0	0	0	0	187.298	523
22	31	0	0	0	0	186.681	524
22	30	0	0	0	0	165.016	525
22	30	0	0	0	0	179.178	526
22	30	0	0	0	0	168.431	527
22	35	0	0	0	0	147.676	528
22	36	0	0	0	0	206.322	529
20	37	0	0	0	0	208.874	530
20	37	0	0	0	0	176.143	531
20	36	0	0	0	0	196.667	532
20	36	0	0	0	0	213.487	533
20	36	0	0	0	0	198.969	534
20	35	0	0	0	0	144.503	535
20	36	0	0	0	0	194.142	536
19	36	0	0	0	0	178.93	537
18	37	0	0	0	0	146.578	538
18	40	0	0	0	0	194.518	539
18	41	0	0	0	0	191.994	540
17	41	0	0	0	0	185.142	541
17	43	0	0	0	0	206.346	542
17	43	0	0	0	0	196.864	543
17	43	0	0	0	0	227.237	544
17	43	0	0	0	0	196.651	545
17	42	0	0	0	0	209.583	546
16	42	0	0	0	0	199.621	547
15	42	0	0	0	0	199.866	548
14	42	0	0	0	0	190.326	549
14	43	0	0	0	0	211.028	550
14	43	0	0	0	0	108.778	551
15	43	0	0	0	0	194.297	552
15	43	0	0	0	0	192.754	553
15	45	0	0	0	0	191.463	554
15	45	0	0	0	0	207.133	555
15	45	0	0	0	0	188.341	556
15	45	0	0	0	0	223.985	557
15	44	0	0	0	0	192.744	558
14	44	0	0	0	0	204.099	559
15	45	0	0	0	0	191.631	560
15	44	0	0	0	0	28.5669	561
16	45	0	0	0	0	191.534	562
15	45	0	0	0	0	189.57	563
15	45	0	0	0	0	204.476	564
15	45	0	0	0	0	190.608	565
15	45	0	0	0	0	217.955	566
15	48	0	0	0	0	213.101	567
17	48	0	0	0	0	239.123	568
17	48	0	0	0	0	217.69	569
19	50	0	0	0	0	223.254	570
19	50	0	0	0	0	212.341	571
19	51	0	0	0	0	244.519	572
19	57	0	0	0	0	229.654	573
20	59	0	0	0	0	237.458	574
20	59	0	0	0	0	234.704	575
20	59	0	0	0	0	239.548	576
19	58	0	0	0	0	241.71	577
19	58	0	0	0	0	238.769	578
19	59	0	0	0	0	261.969	579
19	59	0	0	0	0	243.567	580
20	57	0	0	0	0	268.266	581
17	55	0	0	0	0	228.237	582
16	54	0	0	0	0	232.368	583
16	52	0	0	0	0	238.562	584
16	50	0	0	0	0	227.025	585
16	47	0	0	0	0	224.165	586
16	47	0	0	0	0	204.9	587
16	47	0	0	0	0	210.028	588
16	47	0	0	0	0	221.527	589
16	47	0	0	0	0	221.716	590
16	47	0	0	0	0	222.359	591
16	46	0	0	0	0	198.709	592
15	47	0	0	0	0	205.356	593
15	47	0	0	0	0	232.578	594
16	47	0	0	0	0	216.637	595
17	46	0	0	0	0	215.923	596
17	46	0	0	0	0	207.491	597
16	45	0	0	0	0	220.04	598
16	44	0	0	0	0	223.303	599
16	43	0	0	0	0	195.852	600
18	43	0	0	0	0	196.583	601
20	45	0	0	0	0	217.119	602
20	45	0	0	0	0	211.194	603
20	45	0	0	0	0	234.493	604
20	46	0	0	0	0	248.095	605
20	46	0	0	0	0	223.786	606
20	46	0	0	0	0	218.202	607
20	46	0	0	0	0	237.798	608
21	46	0	0	0	0	230.625	609
22	45	0	0	0	0	233.892	610
22	45	0	0	0	0	195.709	611
22	44	0	0	0	0	207.466	612
26	43	0	0	0	0	233.093	613
26	42	0	0	0	0	224.391	614
27	42	0	0	0	0	216.943	615
28	42	0	0	0	0	210.668	616
28	40	0	0	0	0	241.5	617
27	40	0	0	0	0	218.857	618
28	40	0	0	0	0	236.552	619
28	37	0	0	0	0	208.757	620
28	37	0	0	0	0	232.244	621
28	38	0	0	0	0	236.052	622
28	37	0	0	0	0	220.484	623
28	37	0	0	0	0	205.592	624
32	36	0	0	0	0	218.215	625
34	36	0	0	0	0	244.49	626
35	36	0	0	0	0	257.263	627
36	36	0	0	0	0	239.468	628
37	36	0	0	0	0	248.712	629
38	36	0	0	0	0	242.272	630
40	36	0	0	0	0	254.797	631
41	35	0	0	0	0	265.839	632
42	35	0	0	0	0	255.597	633
42	35	0	0	0	0	238.835	634
42	38	0	0	0	0	265.183	635
41	38	0	0	0	0	258.269	636
41	38	0	0	0	0	245.53	637
41	38	0	0	0	0	284.714	638
42	38	0	0	0	0	234.131	639
42	38	0	0	0	0	263.987	640
42	40	0	0	0	0	287.888	641
44	44	0	0	0	0	303.257	642
44	44	0	0	0	0	289.209	643
44	44	0	0	0	0	296.696	644
44	45	0	0	0	0	292.972	645
44	40	0	0	0	0	236.756	646
44	41	0	0	0	0	302.046	647
43	41	0	0	0	0	309.246	648
43	41	0	0	0	0	313.105	649
44	42	0	0	0	0	303.834	650
44	42	0	0	0	0	252.862	651
44	41	0	0	0	0	292.009	652
45	41	0	0	0	0	313.263	653
46	41	0	0	0	0	267.586	654
51	41	0	0	0	0	309.311	655
51	41	0	0	0	0	322.786	656
50	41	0	0	0	0	313.571	657
50	42	0	0	0	0	321.871	658
49	42	0	0	0	0	336.631	659
49	41	0	0	0	0	289.215	660
50	41	0	0	0	0	331.415	661
50	42	0	0	0	0	302.509	662
51	41	0	0	0	0	327.643	663
53	42	0	0	0	0	331.284	664
54	41	0	0	0	0	344.265	665
54	41	0	0	0	0	303.868	666
54	42	0	0	0	0	342.133	667
53	40	0	0	0	0	315.983	668
55	40	0	0	0	0	317.51	669
57	40	0	0	0	0	317.787	670
58	40	0	0	0	0	333.326	671
59	41	0	0	0	0	339.459	672
56	41	0	0	0	0	348.365	673
56	41	0	0	0	0	323.46	674
56	41	0	0	0	0	351.23	675
56	41	0	0	0	0	350.903	676
56	41	0	0	0	0	349.079	677
56	40	0	0	0	0	339.39	678
56	39	0	0	0	0	359.851	679
55	39	0	0	0	0	314.52	680
58	39	0	0	0	0	311.173	681
60	39	0	0	0	0	330.41	682
60	39	0	0	0	0	360.273	683
60	37	0	0	0	0	339.214	684
61	36	0	0	0	0	310.747	685
61	37	0	0	0	0	343.444	686
60	36	0	0	0	0	362.547	687
60	36	0	0	0	0	314.718	688
59	35	0	0	0	0	324.786	689
60	34	0	0	0	0	338.262	690
62	34	0	0	0	0	341.406	691
62	33	0	0	0	0	355.972	692
62	35	0	0	0	0	351.087	693
62	35	0	0	0	0	282.445	694
62	35	0	0	0	0	364.26	695
62	35	0	0	0	0	370.049	696
62	35	0	0	0	0	334.098	697
64	35	0	0	0	0	337.301	698
64	36	0	0	0	0	378.567	699
63	36	0	0	0	0	355.163	700
64	37	0	0	0	0	357.798	701
64	37	0	0	0	0	351.41	702
64	37	0	0	0	0	343.779	703
65	37	0	0	0	0	349.165	704
63	37	0	0	0	0	312.216	705
63	36	0	0	0	0	350.198	706
63	36	0	0	0	0	355.41	707
64	36	0	0	0	0	349.742	708
63	35	0	0	0	0	342.562	709
62	34	0	0	0	0	351.882	710
62	34	0	0	0	0	345.174	711
63	34	0	0	0	0	357.864	712
61	34	0	0	0	0	324.802	713
62	41	0	0	0	0	321.472	714
63	42	0	0	0	0	385.223	715
62	40	0	0	0	0	347.396	716
63	39	0	0	0	0	355.013	717
64	39	0	0	0	0	356.547	718
64	38	0	0	0	0	313.878	719
63	37	0	0	0	0	346.469	720
62	37	0	0	0	0	363.966	721
60	37	0	0	0	0	340.613	722
59	33	0	0	0	0	327.436	723
57	33	0	0	0	0	251.832	724
57	32	0	0	0	0	299.421	725
58	33	0	0	0	0	319.594	726
58	33	0	0	0	0	330.222	727
58	33	0	0	0	0	352.185	728
58	33	0	0	0	0	308.282	729
60	32	0	0	0	0	315.156	730
61	32	0	0	0	0	348.246	731
62	32	0	0	0	0	298.814	732
62	34	0	0	0	0	335.086	733
62	34	0	0	0	0	342.342	734
63	34	0	0	0	0	314.177	735
65	34	0	0	0	0	368.78	736
64	34	0	0	0	0	359.067	737
65	34	0	0	0	0	355.42	738
65	34	0	0	0	0	342.258	739
65	34	0	0	0	0	336.532	740
65	34	0	0	0	0	326.968	741
58	33	0	0	0	0	328.081	742
58	32	0	0	0	0	328.193	743
58	32	0	0	0	0	326.41	744
58	32	0	0	0	0	302.894	745
58	31	0	0	0	0	316.433	746
58	26	0	0	0	0	295.861	747
58	25	0	0	0	0	262.434	748
57	24	0	0	0	0	266.672	749
57	27	0	0	0	0	293.853	750
57	27	0	0	0	0	296.045	751
58	33	0	0	0	0	300.022	752
59	33	0	0	0	0	300.4	753
59	33	0	0	0	0	296.575	754
60	31	0	0	0	0	321.544	755
60	31	0	0	0	0	318.697	756
60	32	0	0	0	0	237.598	757
60	32	0	0	0	0	292.641	758
57	35	0	0	0	0	263.465	759
56	35	0	0	0	0	290.251	760
47	34	0	0	0	0	285.143	761
47	34	0	0	0	0	295.144	762
49	34	0	0	0	0	279.921	763
49	34	0	0	0	0	302.709	764
50	33	0	0	0	0	299.528	765
48	32	0	0	0	0	266.94	766
47	33	0	0	0	0	295.051	767
47	33	0	0	0	0	284.297	768
47	33	0	0	0	0	307.829	769
48	33	0	0	0	0	284.786	770
48	33	0	0	0	0	287.172	771
49	35	0	0	0	0	296.561	772
47	35	0	0	0	0	310.754	773
47	35	0	0	0	0	277.216	774
47	35	0	0	0	0	274.304	775
47	35	0	0	0	0	293.325	776
49	35	0	0	0	0	276.713	777
48	35	0	0	0	0	303.707	778
47	35	0	0	0	0	271.632	779
48	34	0	0	0	0	272.26	780
47	34	0	0	0	0	294.176	781
48	34	0	0	0	0	291.053	782
48	33	0	0	0	0	248.408	783
49	33	0	0	0	0	261.331	784
49	34	0	0	0	0	291.351	785
48	34	0	0	0	0	277.717	786
49	37	0	0	0	0	306.418	787
47	37	0	0	0	0	302.885	788
46	37	0	0	0	0	289.546	789
46	37	0	0	0	0	304.893	790
46	37	0	0	0	0	308.348	791
45	35	0	0	0	0	287.184	792
45	34	0	0	0	0	284	793
43	34	0	0	0	0	255.05	794
43	34	0	0	0	0	283.95	795
40	34	0	0	0	0	256.474	796
41	42	0	0	0	0	267.934	797
41	43	0	0	0	0	279.733	798
42	42	0	0	0	0	303.859	799
41	42	0	0	0	0	286.083	800
41	42	0	0	0	0	267.478	801
38	40	0	0	0	0	259.024	802
38	40	0	0	0	0	266.056	803
37	40	0	0	0	0	266.794	804
37	40	0	0	0	0	257.615	805
32	40	0	0	0	0	248.568	806
32	41	0	0	0	0	256.958	807
32	40	0	0	0	0	223.653	808
32	40	0	0	0	0	239.668	809
32	40	0	0	0	0	245.395	810
31	38	0	0	0	0	260.111	811
31	38	0	0	0	0	203.789	812
31	38	0	0	0	0	243.184	813
31	38	0	0	0	0	242.871	814
29	37	0	0	0	0	230.068	815
29	37	0	0	0	0	239.282	816
29	36	0	0	0	0	234.334	817
29	36	0	0	0	0	192.624	818
30	39	0	0	0	0	227.024	819
30	39	0	0	0	0	248.539	820
29	40	0	0	0	0	252.67	821
29	40	0	0	0	0	222.14	822
29	40	0	0	0	0	229.257	823
30	42	0	0	0	0	244.711	824
30	42	0	0	0	0	270.382	825
30	42	0	0	0	0	261.538	826
32	42	0	0	0	0	248.089	827
32	42	0	0	0	0	212.678	828
33	43	0	0	0	0	261.295	829
30	43	0	0	0	0	238.418	830
30	42	0	0	0	0	257.7	831
30	42	0	0	0	0	263.594	832
30	42	0	0	0	0	251.252	833
30	43	0	0	0	0	260.617	834
31	43	0	0	0	0	262.533	835
32	43	0	0	0	0	258.325	836
32	43	0	0	0	0	248.843	837
34	44	0	0	0	0	278.704	838
34	45	0	0	0	0	285.078	839
35	48	0	0	0	0	285.898	840
35	49	0	0	0	0	262.904	841
35	49	0	0	0	0	288.619	842
33	48	0	0	0	0	277.608	843
34	48	0	0	0	0	286.361	844
35	48	0	0	0	0	296.168	845
35	50	0	0	0	0	290.655	846
34	49	0	0	0	0	240.48	847
34	50	0	0	0	0	301.256	848
34	50	0	0	0	0	295.666	849
34	50	0	0	0	0	301.311	850
34	51	0	0	0	0	305.732	851
34	52	0	0	0	0	274.6	852
34	52	0	0	0	0	285.587	853
34	52	0	0	0	0	289.374	854
33	50	0	0	0	0	312.533	855
34	50	0	0	0	0	273.844	856
35	50	0	0	0	0	291.762	857
35	49	0	0	0	0	297.445	858
36	49	0	0	0	0	307.287	859
36	49	0	0	0	0	302.876	860
37	46	0	0	0	0	256.337	861
38	45	0	0	0	0	275.747	862
38	49	0	0	0	0	292.468	863
38	46	0	0	0	0	302.91	864
38	47	0	0	0	0	297.764	865
38	47	0	0	0	0	297.126	866
38	45	0	0	0	0	278.998	867
38	45	0	0	0	0	313.154	868
38	44	0	0	0	0	268.271	869
39	46	0	0	0	0	293.905	870
39	47	0	0	0	0	289.24	871
37	47	0	0	0	0	273.615	872
37	47	0	0	0	0	294.238	873
33	48	0	0	0	0	257.449	874
33	48	0	0	0	0	274.896	875
34	51	0	0	0	0	266.272	876
34	51	0	0	0	0	284.833	877
35	51	0	0	0	0	266.637	878
35	56	0	0	0	0	291.472	879
34	57	0	0	0	0	285.842	880
34	57	0	0	0	0	309.991	881
34	57	0	0	0	0	305.143	882
33	57	0	0	0	0	297.568	883
33	60	0	0	0	0	306.07	884
34	60	0	0	0	0	323.091	885
33	59	0	0	0	0	308.423	886
34	58	0	0	0	0	326.256	887
34	59	0	0	0	0	326.448	888
33	59	0	0	0	0	338.216	889
33	59	0	0	0	0	326.856	890
34	57	0	0	0	0	342.076	891
34	58	0	0	0	0	339.619	892
34	58	0	0	0	0	326.5	893
34	62	0	0	0	0	307.421	894
34	62	0	0	0	0	326.614	895
35	62	0	0	0	0	314.811	896
35	62	0	0	0	0	355.99	897
35	61	0	0	0	0	282.613	898
35	63	0	0	0	0	358.211	899
35	63	0	0	0	0	344.806	900
35	63	0	0	0	0	345.973	901
35	64	0	0	0	0	352.162	902
33	62	0	0	0	0	327.037	903
33	62	0	0	0	0	319.482	904
33	62	0	0	0	0	341.177	905
33	63	0	0	0	0	321.836	906
33	63	0	0	0	0	354.426	907
32	62	0	0	0	0	324.875	908
33	61	0	0	0	0	322.709	909
33	60	0	0	0	0	341.75	910
33	61	0	0	0	0	346.574	911
34	61	0	0	0	0	308.622	912
32	61	0	0	0	0	295.174	913
32	59	0	0	0	0	296.454	914
33	58	0	0	0	0	315.017	915
33	59	0	0	0	0	316.958	916
32	58	0	0	0	0	305.489	917
33	56	0	0	0	0	282.515	918
33	59	0	0	0	0	323.244	919
31	59	0	0	0	0	288.042	920
31	61	0	0	0	0	300.104	921
31	61	0	0	0	0	318.944	922
31	61	0	0	0	0	337.507	923
31	61	0	0	0	0	320.932	924
31	60	0	0	0	0	280.05	925
31	64	0	0	0	0	319.397	926
29	62	0	0	0	0	277.105	927
29	62	0	0	0	0	295.216	928
30	62	0	0	0	0	311.062	929
30	61	0	0	0	0	298.131	930
30	61	0	0	0	0	334.552	931
30	61	0	0	0	0	325.664	932
30	59	0	0	0	0	295.528	933
30	59	0	0	0	0	335.108	934
30	58	0	0	0	0	326.069	935
30	58	0	0	0	0	324.388	936
30	54	0	0	0	0	276.1	937
30	53	0	0	0	0	294.664	938
30	52	0	0	0	0	310.537	939
30	52	0	0	0	0	262.397	940
31	52	0	0	0	0	273.24	941
31	52	0	0	0	0	282.766	942
33	52	0	0	0	0	294.867	943
33	52	0	0	0	0	303.771	944
33	52	0	0	0	0	295.591	945
33	49	0	0	0	0	295.425	946
33	48	0	0	0	0	301.48	947
31	47	0	0	0	0	248.691	948
32	46	0	0	0	0	253.958	949
33	46	0	0	0	0	284.207	950
33	46	0	0	0	0	285.052	951
33	46	0	0	0	0	279.173	952
32	46	0	0	0	0	280.589	953
32	44	0	0	0	0	258.599	954
32	44	0	0	0	0	271.306	955
33	44	0	0	0	0	277.677	956
33	44	0	0	0	0	209.212	957
34	44	0	0	0	0	267.608	958
36	44	0	0	0	0	246.402	959
35	49	0	0	0	0	263.609	960
34	49	0	0	0	0	275.912	961
34	48	0	0	0	0	283.728	962
34	48	0	0	0	0	277.83	963
35	43	0	0	0	0	224.155	964
35	46	0	0	0	0	274.783	965
37	44	0	0	0	0	269.513	966
37	47	0	0	0	0	289.467	967
37	46	0	0	0	0	231.206	968
36	45	0	0	0	0	262.115	969
36	45	0	0	0	0	295.842	970
36	44	0	0	0	0	253.928	971
38	45	0	0	0	0	285.569	972
39	44	0	0	0	0	288.445	973
38	43	0	0	0	0	289.8	974
38	43	0	0	0	0	287.193	975
36	42	0	0	0	0	241.733	976
36	40	0	0	0	0	236.681	977
38	38	0	0	0	0	253.4	978
39	37	0	0	0	0	240.083	979
40	35	0	0	0	0	260.778	980
39	32	0	0	0	0	225.126	981
40	31	0	0	0	0	242.299	982
42	31	0	0	0	0	251.03	983
43	30	0	0	0	0	215.356	984
45	26	0	0	0	0	199.153	985
45	26	0	0	0	0	240.346	986
43	25	0	0	0	0	216.495	987
45	24	0	0	0	0	228.212	988
46	24	0	0	0	0	249.468	989
47	25	0	0	0	0	243.297	990
49	24	0	0	0	0	253.872	991
49	25	0	0	0	0	230.046	992
49	26	0	0	0	0	281.265	993
49	26	0	0	0	0	254.437	994
49	26	0	0	0	0	262.878	995
49	26	0	0	0	0	246.005	996
49	26	0	0	0	0	245.778	997
49	26	0	0	0	0	242.995	998
49	26	0	0	0	0	235.361	999
47	23	0	0	0	0	227.642	1000
47	22	0	0	0	0	208.696	1001
47	22	0	0	0	0	245.733	1002
49	21	0	0	0	0	227.569	1003
49	22	0	0	0	0	252.748	1004
49	22	0	0	0	0	236.81	1005
49	22	0	0	0	0	257.135	1006
49	20	0	0	0	0	241.775	1007
49	20	0	0	0	0	217.985	1008
51	20	0	0	0	0	223.905	1009
51	19	0	0	0	0	227.414	1010
50	19	0	0	0	0	229.443	1011
50	18	0	0	0	0	221.386	1012
52	18	0	0	0	0	237.928	1013
53	18	0	0	0	0	209.311	1014
54	19	0	0	0	0	249.49	1015
53	19	0	0	0	0	231.937	1016
55	19	0	0	0	0	242.644	1017
56	19	0	0	0	0	259.024	1018
57	19	0	0	0	0	258.279	1019
58	19	0	0	0	0	272.847	1020
59	18	0	0	0	0	267.915	1021
59	18	0	0	0	0	254.927	1022
60	18	0	0	0	0	251.717	1023
55	25	0	0	0	0	249.253	1024
55	25	0	0	0	0	271.061	1025
55	24	0	0	0	0	272.164	1026
55	24	0	0	0	0	262.315	1027
55	24	0	0	0	0	268.37	1028
56	24	0	0	0	0	267.732	1029
57	24	0	0	0	0	253.026	1030
58	24	0	0	0	0	290.463	1031
59	24	0	0	0	0	287.272	1032
58	24	0	0	0	0	304.406	1033
58	25	0	0	0	0	292.056	1034
59	25	0	0	0	0	303.411	1035
59	25	0	0	0	0	277.838	1036
60	25	0	0	0	0	291.614	1037
60	25	0	0	0	0	286.668	1038
60	25	0	0	0	0	275.071	1039
62	25	0	0	0	0	321.642	1040
61	25	0	0	0	0	312.126	1041
62	25	0	0	0	0	328.74	1042
62	25	0	0	0	0	282.194	1043
62	24	0	0	0	0	299.418	1044
63	23	0	0	0	0	311.592	1045
64	25	0	0	0	0	317.763	1046
65	25	0	0	0	0	326.112	1047
65	27	0	0	0	0	285.827	1048
65	32	0	0	0	0	333.247	1049
66	34	0	0	0	0	335.742	1050
64	34	0	0	0	0	358.51	1051
64	38	0	0	0	0	309.77	1052
64	39	0	0	0	0	366.064	1053
65	41	0	0	0	0	372.149	1054
63	41	0	0	0	0	368.523	1055
64	41	0	0	0	0	368.08	1056
65	41	0	0	0	0	363.113	1057
65	41	0	0	0	0	364.78	1058
64	40	0	0	0	0	351.129	1059
65	40	0	0	0	0	378.179	1060
65	40	0	0	0	0	356.895	1061
65	39	0	0	0	0	358.316	1062
61	38	0	0	0	0	368.588	1063
61	38	0	0	0	0	355.038	1064
61	38	0	0	0	0	372.69	1065
62	38	0	0	0	0	372.537	1066
62	38	0	0	0	0	327.393	1067
62	38	0	0	0	0	373.055	1068
61	38	0	0	0	0	367.029	1069
61	38	0	0	0	0	319.96	1070
62	40	0	0	0	0	369.826	1071
63	40	0	0	0	0	361.851	1072
63	39	0	0	0	0	387.57	1073
64	39	0	0	0	0	332.182	1074
64	38	0	0	0	0	378.399	1075
64	40	0	0	0	0	381.45	1076
64	45	0	0	0	0	365.138	1077
64	44	0	0	0	0	390.105	1078
64	44	0	0	0	0	395.969	1079
60	44	0	0	0	0	331.988	1080
62	44	0	0	0	0	366.219	1081
60	44	0	0	0	0	371.12	1082
60	44	0	0	0	0	394.954	1083
60	44	0	0	0	0	375.946	1084
57	45	0	0	0	0	367.987	1085
57	44	0	0	0	0	366.327	1086
56	44	0	0	0	0	302.176	1087
57	43	0	0	0	0	366.439	1088
58	42	0	0	0	0	339.731	1089
58	41	0	0	0	0	366.49	1090
59	42	0	0	0	0	332.816	1091
58	42	0	0	0	0	335.477	1092
58	43	0	0	0	0	349.037	1093
59	43	0	0	0	0	372.992	1094
58	42	0	0	0	0	362.559	1095
58	43	0	0	0	0	370.689	1096
58	43	0	0	0	0	338.227	1097
58	43	0	0	0	0	338.827	1098
58	43	0	0	0	0	356.264	1099
58	42	0	0	0	0	362.609	1100
58	42	0	0	0	0	375.602	1101
59	41	0	0	0	0	380.292	1102
59	41	0	0	0	0	344.017	1103
59	41	0	0	0	0	337.983	1104
58	42	0	0	0	0	356.704	1105
57	42	0	0	0	0	357.099	1106
57	45	0	0	0	0	376.446	1107
57	46	0	0	0	0	307.333	1108
59	46	0	0	0	0	383.209	1109
59	45	0	0	0	0	363.228	1110
58	45	0	0	0	0	363.553	1111
58	47	0	0	0	0	376.87	1112
58	47	0	0	0	0	338.475	1113
54	48	0	0	0	0	332.644	1114
54	48	0	0	0	0	353.187	1115
52	48	0	0	0	0	327.112	1116
52	49	0	0	0	0	361.41	1117
52	49	0	0	0	0	373.999	1118
52	49	0	0	0	0	342.595	1119
51	49	0	0	0	0	375.438	1120
52	49	0	0	0	0	359.245	1121
52	58	0	0	0	0	390.497	1122
52	58	0	0	0	0	335.15	1123
52	65	0	0	0	0	380.835	1124
53	66	0	0	0	0	366.446	1125
53	67	0	0	0	0	393.385	1126
57	67	0	0	0	0	379.976	1127
57	67	0	0	0	0	370.743	1128
57	68	0	0	0	0	354.526	1129
57	70	0	0	0	0	371.631	1130
55	69	0	0	0	0	401.966	1131
56	71	0	0	0	0	429.436	1132
52	72	0	0	0	0	423.004	1133
51	72	0	0	0	0	439.687	1134
50	72	0	0	0	0	448.444	1135
50	72	0	0	0	0	445.099	1136
50	72	0	0	0	0	283.881	1137
49	72	0	0	0	0	389.764	1138
48	72	0	0	0	0	396.996	1139
49	74	0	0	0	0	421.645	1140
41	74	0	0	0	0	392.204	1141
42	76	0	0	0	0	414.595	1142
43	76	0	0	0	0	406.778	1143
43	80	0	0	0	0	426.282	1144
43	80	0	0	0	0	444.022	1145
42	80	0	0	0	0	418.189	1146
42	80	0	0	0	0	428.201	1147
41	80	0	0	0	0	418.47	1148
42	80	0	0	0	0	422.942	1149
42	80	0	0	0	0	435.345	1150
41	79	0	0	0	0	405.621	1151
41	79	0	0	0	0	450.766	1152
37	79	0	0	0	0	410.99	1153
38	80	0	0	0	0	433.14	1154
38	79	0	0	0	0	397.315	1155
38	81	0	0	0	0	442.852	1156
38	80	0	0	0	0	381.484	1157
36	80	0	0	0	0	388.791	1158
45	80	0	0	0	0	402.462	1159
45	80	0	0	0	0	414.986	1160
45	79	0	0	0	0	423.504	1161
45	78	0	0	0	0	465.468	1162
45	77	0	0	0	0	435.713	1163
46	73	0	0	0	0	383.108	1164
48	72	0	0	0	0	412.511	1165
48	72	0	0	0	0	444.562	1166
51	72	0	0	0	0	420.13	1167
51	71	0	0	0	0	434.763	1168
51	68	0	0	0	0	410.85	1169
51	68	0	0	0	0	380.994	1170
51	68	0	0	0	0	443.333	1171
51	67	0	0	0	0	347.164	1172
52	67	0	0	0	0	416.722	1173
52	63	0	0	0	0	402.336	1174
53	60	0	0	0	0	387.112	1175
53	58	0	0	0	0	352.758	1176
54	57	0	0	0	0	377.885	1177
53	58	0	0	0	0	347.454	1178
53	58	0	0	0	0	357.615	1179
52	56	0	0	0	0	371.285	1180
51	55	0	0	0	0	313.021	1181
50	55	0	0	0	0	385.302	1182
50	55	0	0	0	0	374.662	1183
50	55	0	0	0	0	380.288	1184
49	55	0	0	0	0	329.198	1185
49	55	0	0	0	0	375.253	1186
49	55	0	0	0	0	354.77	1187
49	55	0	0	0	0	351.459	1188
49	55	0	0	0	0	364.393	1189
48	58	0	0	0	0	374.885	1190
47	58	0	0	0	0	361.67	1191
47	58	0	0	0	0	373.346	1192
47	57	0	0	0	0	310.364	1193
49	57	0	0	0	0	350.587	1194
49	57	0	0	0	0	383.604	1195
50	56	0	0	0	0	382.109	1196
50	55	0	0	0	0	340.641	1197
53	55	0	0	0	0	355.926	1198
47	54	0	0	0	0	356.596	1199
52	53	0	0	0	0	346.345	1200
52	52	0	0	0	0	314.853	1201
53	50	0	0	0	0	331.198	1202
54	47	0	0	0	0	307.574	1203
55	47	0	0	0	0	371.692	1204
55	47	0	0	0	0	362.927	1205
56	49	0	0	0	0	364.53	1206
53	47	0	0	0	0	308.694	1207
53	47	0	0	0	0	323.096	1208
54	47	0	0	0	0	340.841	1209
55	46	0	0	0	0	359.103	1210
55	46	0	0	0	0	368.977	1211
55	46	0	0	0	0	361.595	1212
55	46	0	0	0	0	353.555	1213
56	45	0	0	0	0	348.187	1214
56	43	0	0	0	0	343.89	1215
57	44	0	0	0	0	322.447	1216
57	44	0	0	0	0	346.397	1217
57	44	0	0	0	0	366.24	1218
57	44	0	0	0	0	362.013	1219
59	43	0	0	0	0	352.179	1220
59	41	0	0	0	0	360.214	1221
58	40	0	0	0	0	339.65	1222
57	40	0	0	0	0	345.33	1223
58	40	0	0	0	0	362.542	1224
57	40	0	0	0	0	309.469	1225
57	40	0	0	0	0	342.725	1226
57	40	0	0	0	0	331.579	1227
58	43	0	0	0	0	354.092	1228
59	42	0	0	0	0	331.604	1229
60	43	0	0	0	0	359.818	1230
59	43	0	0	0	0	355.722	1231
57	43	0	0	0	0	346.856	1232
58	44	0	0	0	0	368.385	1233
58	43	0	0	0	0	335.227	1234
58	42	0	0	0	0	364.751	1235
58	41	0	0	0	0	347.086	1236
58	41	0	0	0	0	309.198	1237
58	41	0	0	0	0	358.65	1238
59	41	0	0	0	0	356.55	1239
59	41	0	0	0	0	365.396	1240
58	42	0	0	0	0	317.882	1241
59	42	0	0	0	0	359.41	1242
59	40	0	0	0	0	353.438	1243
59	41	0	0	0	0	346.139	1244
60	39	0	0	0	0	353.675	1245
60	38	0	0	0	0	317.491	1246
59	38	0	0	0	0	331.142	1247
60	38	0	0	0	0	332.402	1248
60	38	0	0	0	0	343.687	1249
58	39	0	0	0	0	324.346	1250
58	40	0	0	0	0	354.136	1251
56	40	0	0	0	0	304.81	1252
56	40	0	0	0	0	361.237	1253
55	40	0	0	0	0	326.131	1254
57	40	0	0	0	0	344.723	1255
57	40	0	0	0	0	338.408	1256
57	36	0	0	0	0	278.695	1257
57	36	0	0	0	0	316.985	1258
51	36	0	0	0	0	319.823	1259
49	36	0	0	0	0	305.977	1260
49	35	0	0	0	0	242.442	1261
50	35	0	0	0	0	313.696	1262
51	37	0	0	0	0	229.67	1263
51	38	0	0	0	0	297.647	1264
52	38	0	0	0	0	272.922	1265
53	37	0	0	0	0	303.337	1266
55	35	0	0	0	0	311.174	1267
55	37	0	0	0	0	332.8	1268
54	37	0	0	0	0	311.71	1269
54	38	0	0	0	0	314.777	1270
55	38	0	0	0	0	331.669	1271
56	38	0	0	0	0	332.302	1272
56	38	0	0	0	0	323.175	1273
56	36	0	0	0	0	313.41	1274
55	35	0	0	0	0	277.467	1275
55	35	0	0	0	0	309.728	1276
49	34	0	0	0	0	257.14	1277
50	34	0	0	0	0	302.215	1278
50	33	0	0	0	0	297.275	1279
50	31	0	0	0	0	305.691	1280
52	31	0	0	0	0	298.424	1281
54	30	0	0	0	0	313.465	1282
54	29	0	0	0	0	275.8	1283
54	29	0	0	0	0	249.525	1284
54	29	0	0	0	0	313.261	1285
55	28	0	0	0	0	279.628	1286
55	28	0	0	0	0	319.521	1287
55	28	0	0	0	0	319.592	1288
55	28	0	0	0	0	314.97	1289
56	28	0	0	0	0	289.103	1290
57	28	0	0	0	0	310.503	1291
56	28	0	0	0	0	292.435	1292
56	29	0	0	0	0	309.217	1293
56	28	0	0	0	0	293.97	1294
58	28	0	0	0	0	304.18	1295
59	28	0	0	0	0	314.774	1296
58	28	0	0	0	0	251.167	1297
57	28	0	0	0	0	320.655	1298
55	28	0	0	0	0	310.31	1299
55	33	0	0	0	0	309.486	1300
55	33	0	0	0	0	326.376	1301
56	33	0	0	0	0	301.144	1302
56	35	0	0	0	0	314.197	1303
55	34	0	0	0	0	304.446	1304
55	34	0	0	0	0	323.026	1305
55	34	0	0	0	0	324.343	1306
55	33	0	0	0	0	304.086	1307
54	35	0	0	0	0	237.489	1308
44	35	0	0	0	0	280.659	1309
45	36	0	0	0	0	301.507	1310
46	36	0	0	0	0	259.354	1311
47	36	0	0	0	0	274.617	1312
50	38	0	0	0	0	311.866	1313
53	38	0	0	0	0	324.238	1314
57	38	0	0	0	0	310.542	1315
57	39	0	0	0	0	314.586	1316
55	39	0	0	0	0	317.356	1317
55	40	0	0	0	0	326.866	1318
57	40	0	0	0	0	347.335	1319
57	40	0	0	0	0	346.234	1320
59	40	0	0	0	0	336.82	1321
57	40	0	0	0	0	289.051	1322
57	40	0	0	0	0	355.251	1323
59	39	0	0	0	0	342.084	1324
59	38	0	0	0	0	335.914	1325
59	39	0	0	0	0	349.74	1326
59	40	0	0	0	0	278.845	1327
59	39	0	0	0	0	321.471	1328
62	39	0	0	0	0	319.302	1329
64	39	0	0	0	0	339.226	1330
65	39	0	0	0	0	337.61	1331
62	39	0	0	0	0	299.537	1332
62	39	0	0	0	0	317	1333
63	37	0	0	0	0	307.506	1334
64	37	0	0	0	0	334.709	1335
65	36	0	0	0	0	325.273	1336
65	36	0	0	0	0	327.699	1337
63	35	0	0	0	0	345.574	1338
63	35	0	0	0	0	362.898	1339
63	34	0	0	0	0	327.975	1340
63	47	0	0	0	0	344.649	1341
63	50	0	0	0	0	407.338	1342
63	50	0	0	0	0	408.094	1343
63	47	0	0	0	0	372.675	1344
62	47	0	0	0	0	373.11	1345
62	49	0	0	0	0	354.734	1346
62	49	0	0	0	0	399.121	1347
62	49	0	0	0	0	413.835	1348
65	49	0	0	0	0	393.523	1349
58	49	0	0	0	0	337.839	1350
59	50	0	0	0	0	369.016	1351
59	50	0	0	0	0	372.126	1352
58	49	0	0	0	0	373.752	1353
58	47	0	0	0	0	378.17	1354
58	46	0	0	0	0	361.622	1355
58	46	0	0	0	0	384.301	1356
58	44	0	0	0	0	330.754	1357
58	44	0	0	0	0	331.463	1358
58	42	0	0	0	0	374.516	1359
58	41	0	0	0	0	353.176	1360
57	48	0	0	0	0	316.369	1361
57	49	0	0	0	0	363.825	1362
57	49	0	0	0	0	406.439	1363
57	49	0	0	0	0	348.541	1364
57	49	0	0	0	0	379.83	1365
57	49	0	0	0	0	380.538	1366
57	49	0	0	0	0	376.774	1367
58	49	0	0	0	0	379.355	1368
58	49	0	0	0	0	363.487	1369
50	49	0	0	0	0	331.473	1370
50	49	0	0	0	0	352.705	1371
49	47	0	0	0	0	328.511	1372
48	46	0	0	0	0	351.227	1373
47	45	0	0	0	0	329.329	1374
48	45	0	0	0	0	339.293	1375
47	45	0	0	0	0	341.189	1376
46	43	0	0	0	0	316.002	1377
46	43	0	0	0	0	316.873	1378
46	41	0	0	0	0	326.44	1379
46	41	0	0	0	0	277.157	1380
45	40	0	0	0	0	313.119	1381
43	39	0	0	0	0	308.917	1382
44	39	0	0	0	0	308.894	1383
44	38	0	0	0	0	263.591	1384
46	38	0	0	0	0	317.267	1385
46	40	0	0	0	0	293.791	1386
45	41	0	0	0	0	282.504	1387
46	40	0	0	0	0	281.864	1388
45	39	0	0	0	0	144.345	1389
46	39	0	0	0	0	307.486	1390
46	40	0	0	0	0	317.826	1391
46	39	0	0	0	0	288.956	1392
47	40	0	0	0	0	293.146	1393
47	40	0	0	0	0	277.868	1394
47	39	0	0	0	0	275.564	1395
49	41	0	0	0	0	319.604	1396
47	41	0	0	0	0	286.607	1397
47	41	0	0	0	0	257.194	1398
47	41	0	0	0	0	293.167	1399
39	39	0	0	0	0	290.855	1400
39	42	0	0	0	0	251.603	1401
40	43	0	0	0	0	268.623	1402
40	43	0	0	0	0	302.334	1403
40	43	0	0	0	0	291.824	1404
38	42	0	0	0	0	291.633	1405
37	42	0	0	0	0	292.817	1406
36	42	0	0	0	0	224.226	1407
36	43	0	0	0	0	236.889	1408
39	42	0	0	0	0	284.21	1409
37	42	0	0	0	0	249.471	1410
37	41	0	0	0	0	248.473	1411
38	42	0	0	0	0	251.997	1412
42	43	0	0	0	0	262.086	1413
42	43	0	0	0	0	249.13	1414
45	43	0	0	0	0	290.184	1415
45	43	0	0	0	0	276.408	1416
45	42	0	0	0	0	274.587	1417
47	43	0	0	0	0	292.41	1418
50	42	0	0	0	0	305.749	1419
51	42	0	0	0	0	319.439	1420
51	42	0	0	0	0	319.228	1421
51	41	0	0	0	0	320.656	1422
52	47	0	0	0	0	329.599	1423
52	48	0	0	0	0	328.97	1424
52	48	0	0	0	0	334.688	1425
52	47	0	0	0	0	353.255	1426
53	49	0	0	0	0	350.141	1427
54	50	0	0	0	0	364.27	1428
55	50	0	0	0	0	380.815	1429
56	50	0	0	0	0	376.516	1430
54	51	0	0	0	0	348.885	1431
52	51	0	0	0	0	366.12	1432
51	51	0	0	0	0	367.483	1433
51	49	0	0	0	0	367.999	1434
52	49	0	0	0	0	382.295	1435
52	49	0	0	0	0	288.263	1436
52	51	0	0	0	0	354.567	1437
53	51	0	0	0	0	369.138	1438
54	51	0	0	0	0	377.665	1439
54	50	0	0	0	0	366.425	1440
54	51	0	0	0	0	369.614	1441
54	49	0	0	0	0	374.85	1442
55	51	0	0	0	0	349.905	1443
55	51	0	0	0	0	357.88	1444
55	54	0	0	0	0	397.853	1445
53	53	0	0	0	0	362.146	1446
53	52	0	0	0	0	373.661	1447
54	52	0	0	0	0	364.863	1448
54	53	0	0	0	0	379.083	1449
55	51	0	0	0	0	385.8	1450
55	50	0	0	0	0	367.874	1451
54	50	0	0	0	0	388.865	1452
54	50	0	0	0	0	355.524	1453
54	53	0	0	0	0	389.086	1454
55	53	0	0	0	0	341.206	1455
55	57	0	0	0	0	403.957	1456
55	57	0	0	0	0	393.617	1457
56	57	0	0	0	0	395.479	1458
56	57	0	0	0	0	393.195	1459
56	62	0	0	0	0	341.243	1460
56	62	0	0	0	0	332.805	1461
57	62	0	0	0	0	366.133	1462
55	61	0	0	0	0	350.556	1463
51	61	0	0	0	0	333.296	1464
46	60	0	0	0	0	339.247	1465
46	60	0	0	0	0	366.988	1466
46	61	0	0	0	0	367.536	1467
45	60	0	0	0	0	323.087	1468
45	60	0	0	0	0	360.291	1469
45	62	0	0	0	0	376.524	1470
44	61	0	0	0	0	385.14	1471
44	60	0	0	0	0	375.438	1472
45	59	0	0	0	0	365.817	1473
44	57	0	0	0	0	329.793	1474
45	57	0	0	0	0	379.396	1475
46	59	0	0	0	0	369.611	1476
47	58	0	0	0	0	349.582	1477
47	55	0	0	0	0	369.586	1478
49	61	0	0	0	0	320.609	1479
50	61	0	0	0	0	352.502	1480
50	60	0	0	0	0	379.425	1481
50	64	0	0	0	0	415.738	1482
50	63	0	0	0	0	385.892	1483
49	64	0	0	0	0	406.887	1484
47	63	0	0	0	0	325.212	1485
48	64	0	0	0	0	416.822	1486
48	64	0	0	0	0	403.207	1487
50	64	0	0	0	0	405.623	1488
50	64	0	0	0	0	430.172	1489
50	65	0	0	0	0	381.654	1490
53	67	0	0	0	0	414.419	1491
53	65	0	0	0	0	406.079	1492
53	65	0	0	0	0	417.278	1493
53	66	0	0	0	0	412.404	1494
53	66	0	0	0	0	415.24	1495
53	66	0	0	0	0	420.305	1496
53	66	0	0	0	0	443.497	1497
54	66	0	0	0	0	414.154	1498
54	68	0	0	0	0	420.927	1499
54	68	0	0	0	0	380.564	1500
56	69	0	0	0	0	461.137	1501
56	69	0	0	0	0	428.762	1502
55	70	0	0	0	0	439.062	1503
55	70	0	0	0	0	454.777	1504
54	71	0	0	0	0	398.203	1505
54	72	0	0	0	0	415.866	1506
54	72	0	0	0	0	385.744	1507
54	73	0	0	0	0	411.119	1508
56	72	0	0	0	0	369.908	1509
44	72	0	0	0	0	389.242	1510
44	72	0	0	0	0	414.056	1511
44	72	0	0	0	0	417.671	1512
44	72	0	0	0	0	391.383	1513
44	72	0	0	0	0	377.394	1514
44	72	0	0	0	0	433.856	1515
46	72	0	0	0	0	421.623	1516
46	72	0	0	0	0	399.604	1517
46	72	0	0	0	0	382.758	1518
46	72	0	0	0	0	421.044	1519
46	72	0	0	0	0	413.528	1520
46	74	0	0	0	0	412.61	1521
44	73	0	0	0	0	296.164	1522
44	74	0	0	0	0	404.109	1523
44	74	0	0	0	0	402.456	1524
42	74	0	0	0	0	426.223	1525
42	74	0	0	0	0	448.924	1526
42	75	0	0	0	0	356.342	1527
42	75	0	0	0	0	374.709	1528
44	77	0	0	0	0	415.912	1529
43	77	0	0	0	0	444.737	1530
45	77	0	0	0	0	415.145	1531
45	74	0	0	0	0	343.424	1532
45	74	0	0	0	0	420.902	1533
45	72	0	0	0	0	429.132	1534
47	72	0	0	0	0	378.214	1535
47	72	0	0	0	0	437.742	1536
47	72	0	0	0	0	396.102	1537
47	74	0	0	0	0	407.906	1538
48	75	0	0	0	0	437.55	1539
46	75	0	0	0	0	444.458	1540
46	76	0	0	0	0	418.184	1541
45	76	0	0	0	0	401.493	1542
56	79	0	0	0	0	456.678	1543
56	79	0	0	0	0	467.909	1544
58	80	0	0	0	0	481.471	1545
58	80	0	0	0	0	477.679	1546
58	81	0	0	0	0	473.35	1547
57	81	0	0	0	0	473.263	1548
57	81	0	0	0	0	482.454	1549
59	78	0	0	0	0	478.722	1550
58	77	0	0	0	0	457.895	1551
50	77	0	0	0	0	391.899	1552
48	78	0	0	0	0	426.078	1553
47	81	0	0	0	0	408.258	1554
48	83	0	0	0	0	403.064	1555
49	84	0	0	0	0	408.338	1556
50	82	0	0	0	0	407.019	1557
51	81	0	0	0	0	420.49	1558
51	80	0	0	0	0	424.522	1559
50	77	0	0	0	0	418.966	1560
50	77	0	0	0	0	454.212	1561
53	77	0	0	0	0	430.936	1562
51	76	0	0	0	0	477.243	1563
51	76	0	0	0	0	399.523	1564
51	75	0	0	0	0	428.867	1565
52	76	0	0	0	0	481.026	1566
52	76	0	0	0	0	450.711	1567
56	76	0	0	0	0	462.327	1568
56	77	0	0	0	0	476.612	1569
56	76	0	0	0	0	473.066	1570
55	77	0	0	0	0	463.301	1571
55	76	0	0	0	0	477.765	1572
55	74	0	0	0	0	397.048	1573
55	74	0	0	0	0	485.401	1574
55	73	0	0	0	0	463.662	1575
54	73	0	0	0	0	472.004	1576
53	73	0	0	0	0	436.9	1577
57	74	0	0	0	0	460.976	1578
60	76	0	0	0	0	461.198	1579
61	76	0	0	0	0	467.116	1580
61	78	0	0	0	0	479.341	1581
61	78	0	0	0	0	522.404	1582
61	77	0	0	0	0	455.713	1583
62	77	0	0	0	0	433.65	1584
62	76	0	0	0	0	379.685	1585
62	75	0	0	0	0	516.892	1586
63	76	0	0	0	0	491.364	1587
64	76	0	0	0	0	521.571	1588
63	76	0	0	0	0	496.376	1589
64	76	0	0	0	0	498.074	1590
64	76	0	0	0	0	509.613	1591
64	76	0	0	0	0	485.258	1592
64	76	0	0	0	0	482.949	1593
64	77	0	0	0	0	494.551	1594
64	75	0	0	0	0	488.535	1595
64	76	0	0	0	0	496.068	1596
64	77	0	0	0	0	492.524	1597
64	77	0	0	0	0	497.523	1598
64	77	0	0	0	0	474.904	1599
63	76	0	0	0	0	490.412	1600
63	75	0	0	0	0	447.593	1601
64	76	0	0	0	0	465.41	1602
64	74	0	0	0	0	486.105	1603
64	72	0	0	0	0	471.727	1604
64	73	0	0	0	0	459.739	1605
64	71	0	0	0	0	495.292	1606
66	68	0	0	0	0	429.036	1607
66	68	0	0	0	0	439.342	1608
67	70	0	0	0	0	461.079	1609
67	68	0	0	0	0	505.848	1610
67	68	0	0	0	0	481.245	1611
67	68	0	0	0	0	444.61	1612
68	67	0	0	0	0	471.375	1613
66	68	0	0	0	0	470.498	1614
68	68	0	0	0	0	323.271	1615
68	67	0	0	0	0	504.995	1616
69	68	0	0	0	0	460.601	1617
73	69	0	0	0	0	493.997	1618
73	69	0	0	0	0	505.757	1619
73	67	0	0	0	0	496.968	1620
73	68	0	0	0	0	463.095	1621
73	67	0	0	0	0	471.673	1622
76	67	0	0	0	0	472.425	1623
58	46	0	0	0	0	362.403	1624
58	46	0	0	0	0	374.895	1625
58	46	0	0	0	0	403.605	1626
58	46	0	0	0	0	358.15	1627
11	6	0	0	0	0	57.7348	1628
11	6	0	0	0	0	55.6272	1629
11	6	0	0	0	0	58.0483	1630
11	6	0	0	0	0	51.1198	1631
11	6	0	0	0	0	53.3226	1632
11	6	0	0	0	0	52.8746	1633
11	6	0	0	0	0	57.7493	1634
11	9	0	0	0	0	59.5586	1635
11	9	0	0	0	0	57.3539	1636
11	9	0	0	0	0	69.1748	1637
11	9	0	0	0	0	65.4252	1638
11	9	0	0	0	0	70.5299	1639
11	9	0	0	0	0	69.193	1640
11	10	0	0	0	0	69.0194	1641
11	11	0	0	0	0	63.5202	1642
11	12	0	0	0	0	80.594	1643
11	12	0	0	0	0	78.9665	1644
11	12	0	0	0	0	79.0407	1645
11	12	0	0	0	0	78.7219	1646
12	12	0	0	0	0	73.0564	1647
12	12	0	0	0	0	74.507	1648
13	12	0	0	0	0	88.1819	1649
13	12	0	0	0	0	87.2705	1650
13	12	0	0	0	0	86.9223	1651
13	12	0	0	0	0	85.0186	1652
13	13	0	0	0	0	84.1117	1653
14	13	0	0	0	0	84.9547	1654
14	13	0	0	0	0	88.8527	1655
14	13	0	0	0	0	93.1057	1656
14	14	0	0	0	0	96.2565	1657
14	14	0	0	0	0	95.9504	1658
14	14	0	0	0	0	96.0547	1659
