unique_top_cov	unique_bot_cov	redundant_top_cov	redundant_bot_cov	raw_redundant_top_cov	raw_redundant_bot_cov	e_value	position
6	5	0	0	0	0	nan	1
6	6	0	0	0	0	31.6868	2
6	6	0	0	0	0	32.9171	3
6	6	0.333333	0	1	0	35.5774	4
6	7	0.333333	0	1	0	31.9973	5
7	7	0.333333	0	1	0	36.6869	6
7	9	0.666667	0	2	0	41.8278	7
8	9	0.666667	0	2	0	52.5328	8
9	9	0.666667	0.666667	2	2	55.1166	9
10	9	0.666667	0.666667	2	2	53.9209	10
10	11	0.666667	1	2	3	63.8687	11
10	11	0.666667	1	2	3	65.3466	12
10	11	0.666667	1	2	3	65.8898	13
10	11	0.666667	1	2	3	68.593	14
10	12	0.666667	1	2	3	62.5526	15
10	12	0.666667	1	2	3	61.5797	16
10	16	0.666667	1	2	3	76.0066	17
10	17	0.666667	1	2	3	87.1023	18
11	21	0.666667	1	2	3	88.6804	19
12	21	0.666667	1.33333	2	4	83.1089	20
12	21	0.666667	1.33333	2	4	84.3288	21
12	21	0.666667	1.33333	2	4	89.0801	22
13	21	0.666667	1.33333	2	4	88.1344	23
13	21	0.666667	1.33333	2	4	95.6023	24
14	22	0.666667	1.33333	2	4	125.122	25
15	22	0.666667	1.33333	2	4	124.163	26
15	23	0.666667	1.33333	2	4	125.282	27
15	23	0.666667	1.33333	2	4	129.297	28
15	24	0.666667	1.33333	2	4	130.802	29
15	24	0.666667	1.33333	2	4	132.499	30
15	24	0.666667	1.33333	2	4	116.827	31
16	27	0.666667	1.33333	2	4	137.64	32
16	27	0.666667	1.33333	2	4	151.321	33
16	37	0.666667	1.33333	2	4	161.185	34
16	37	0.666667	1.33333	2	4	162.847	35
18	38	0.666667	1.33333	2	4	192.542	36
18	38	0.666667	1.33333	2	4	196.06	37
18	38	0.666667	1.33333	2	4	172.561	38
18	39	0.666667	1.33333	2	4	193.216	39
20	39	0.666667	1.33333	2	4	215.262	40
21	40	0.666667	1.33333	2	4	212.883	41
21	40	0.666667	1.33333	2	4	216.992	42
22	40	0.666667	1.33333	2	4	212.628	43
23	41	0.666667	1.33333	2	4	199.619	44
25	41	0.666667	1.33333	2	4	241.568	45
25	42	0.666667	1.33333	2	4	241.138	46
27	42	0.666667	1.33333	2	4	248.413	47
27	42	0.666667	1	2	3	235.418	48
27	43	0.666667	1	2	3	255.216	49
28	43	0.666667	1	2	3	257.703	50
28	43	0.666667	1	2	3	238.172	51
28	43	0.666667	1	2	3	262.113	52
28	43	0.666667	1	2	3	235.744	53
28	43	0.333333	1	1	3	227.694	54
30	43	0.333333	1	1	3	270.713	55
32	43	0.333333	0.666667	1	2	277.063	56
34	43	0.333333	0.666667	1	2	259.186	57
34	43	0.333333	0.666667	1	2	280.933	58
34	43	0.333333	0.666667	1	2	266.265	59
35	44	0.333333	0.666667	1	2	253.279	60
37	46	0.333333	0.666667	1	2	295.637	61
37	46	0.333333	0.666667	1	2	297.079	62
37	46	0.333333	0.666667	1	2	279.066	63
37	48	0	0.666667	0	2	314.201	64
38	48	0	0.666667	0	2	306.852	65
38	48	0	0.666667	0	2	295.01	66
39	50	0	0.666667	0	2	318.847	67
41	51	0	0.666667	0	2	329.321	68
41	52	0	0.666667	0	2	316.174	69
43	53	0	0.333333	0	1	321.985	70
45	53	0	0.333333	0	1	347.296	71
46	53	0	0.333333	0	1	360.86	72
46	53	0	0.333333	0	1	342.129	73
48	53	0	0.333333	0	1	355.073	74
49	53	0	0.333333	0	1	330.592	75
51	53	0	0.333333	0	1	376.004	76
51	53	0	0.333333	0	1	376.658	77
53	54	0	0	0	0	349.648	78
53	55	0	0	0	0	380.683	79
56	57	0	0	0	0	375.791	80
56	57	0	0	0	0	355.671	81
56	57	0	0	0	0	391.225	82
56	58	0	0	0	0	404.228	83
56	58	0	0	0	0	400.996	84
56	63	0	0	0	0	421.543	85
56	63	0	0	0	0	428.474	86
56	63	0	0	0	0	400.757	87
58	63	0	0	0	0	399.747	88
61	63	0	0	0	0	404.246	89
61	65	0	0	0	0	429.755	90
61	65	0	0	0	0	445.844	91
62	65	0	0	0	0	432.364	92
62	66	0	0	0	0	446.748	93
59	65	0	0	0	0	419.156	94
61	68	0	0	0	0	454.76	95
61	68	0	0	0	0	453.896	96
64	69	0	0	0	0	428.471	97
64	69	0	0	0	0	451.836	98
64	70	0	0	0	0	436.159	99
64	70	0	0	0	0	457.191	100
63	70	0	0	0	0	424.512	101
63	69	0	0	0	0	465.346	102
64	69	0	0	0	0	442.191	103
62	70	0	0	0	0	453.738	104
60	69	0	0	0	0	432.223	105
60	68	0	0	0	0	474.952	106
60	68	0	0	0	0	480.635	107
62	68	0	0	0	0	434.04	108
64	67	0	0	0	0	424.216	109
65	66	0	0	0	0	449.745	110
65	66	0	0	0	0	487.563	111
65	68	0	0	0	0	434.453	112
65	68	0	0	0	0	459.823	113
65	68	0	0	0	0	489.185	114
64	68	0	0	0	0	482.583	115
64	68	0	0	0	0	475.997	116
64	68	0	0	0	0	480.132	117
65	68	0	0	0	0	462.661	118
65	68	0	0	0	0	488.012	119
65	66	0	0	0	0	455.312	120
65	68	0	0	0	0	453.264	121
66	67	0	0	0	0	460.473	122
67	67	0	0	0	0	459.489	123
67	66	0	0	0	0	504.011	124
67	66	0	0	0	0	480.886	125
68	65	0	0	0	0	475.309	126
69	65	0	0	0	0	467.162	127
70	65	0	0	0	0	453.721	128
69	65	0	0	0	0	457.572	129
69	65	0	0	0	0	464.391	130
69	65	0	0	0	0	475.72	131
70	65	0	0	0	0	484.277	132
72	64	0	0	0	0	493.376	133
71	63	0	0	0	0	485.319	134
71	63	0	0	0	0	428.574	135
71	61	0	0	0	0	414.264	136
71	64	0	0	0	0	504.534	137
72	64	0	0	0	0	488.993	138
72	66	0	0	0	0	479.678	139
73	65	0	0	0	0	487.689	140
73	65	0	0	0	0	522.543	141
74	66	0	0	0	0	527.091	142
75	66	0	0	0	0	507.479	143
75	65	0	0	0	0	487.593	144
76	71	0	0	0	0	519.034	145
76	73	0	0	0	0	535.45	146
76	76	0	0	0	0	553.968	147
75	75	0	0	0	0	491.944	148
74	75	0	0	0	0	515.956	149
72	79	0	0	0	0	517.972	150
72	79	0	0	0	0	538.332	151
73	78	0	0	0	0	564.404	152
74	77	0	0	0	0	512.775	153
70	75	0	0	0	0	539.541	154
71	74	0	0	0	0	512.611	155
69	73	0	0	0	0	513.117	156
69	72	0	0	0	0	522.938	157
70	72	0	0	0	0	471.591	158
67	72	0	0	0	0	501.669	159
67	73	0	0	0	0	498.05	160
69	73	0	0	0	0	504.083	161
69	73	0	0	0	0	517.226	162
69	72	0	0	0	0	509.923	163
69	72	0	0	0	0	493.781	164
69	72	0	0	0	0	500.663	165
69	73	0	0	0	0	502.912	166
68	78	0	0	0	0	485.469	167
68	79	0	0	0	0	492.938	168
65	78	0	0	0	0	478.999	169
65	78	0	0	0	0	479.929	170
66	79	0	0	0	0	518.635	171
66	82	0	0	0	0	500.83	172
65	82	0	0	0	0	516.944	173
63	82	0	0	0	0	522.556	174
63	82	0	0	0	0	506.401	175
59	81	0	0	0	0	490.13	176
58	83	0	0	0	0	494.532	177
57	82	0	0	0	0	506.695	178
58	86	0	0	0	0	520.122	179
58	85	0	0	0	0	501.633	180
54	86	0	0	0	0	458.184	181
54	87	0	0	0	0	443.09	182
53	86	0	0	0	0	437.883	183
53	82	0	0	0	0	455.976	184
53	82	0	0	0	0	472.902	185
48	81	0	0	0	0	445.495	186
48	80	0	0	0	0	446.63	187
37	80	0	0	0	0	394.469	188
37	81	0	0	0	0	390.255	189
36	81	0	0	0	0	431.225	190
36	81	0	0	0	0	440.572	191
38	80	0	0	0	0	408.074	192
38	79	0	0	0	0	346.664	193
39	80	0	0	0	0	421.406	194
39	78	0	0	0	0	333.182	195
39	77	0	0	0	0	408.671	196
40	77	0	0	0	0	410.322	197
40	76	0	0	0	0	405.983	198
39	76	0	0	0	0	399.557	199
39	76	0	0	0	0	398.213	200
39	76	0	0	0	0	413.892	201
40	75	0	0	0	0	403.988	202
39	75	0	0	0	0	357.574	203
40	75	0	0	0	0	389.679	204
40	76	0	0	0	0	433.442	205
39	75	0	0	0	0	410.232	206
39	75	0	0	0	0	421.01	207
39	75	0	0	0	0	373.353	208
40	74	0	0	0	0	352.214	209
40	73	0	0	0	0	347.05	210
40	75	0	0	0	0	412.205	211
40	75	0	0	0	0	404.853	212
40	85	0	0	0	0	402.004	213
41	86	0	0	0	0	462.299	214
40	87	0	0	0	0	438.086	215
41	88	0	0	0	0	454.883	216
42	88	0	0	0	0	454.997	217
43	87	0	0	0	0	497.741	218
44	88	0	0	0	0	453.391	219
43	90	0	0	0	0	447.153	220
43	88	0	0	0	0	476.244	221
40	88	0	0	0	0	443.947	222
39	88	0	0	0	0	447.74	223
39	88	0	0	0	0	415.58	224
41	94	0	0	0	0	440.266	225
43	93	0	0	0	0	423.141	226
42	93	0	0	0	0	438.019	227
45	91	0	0	0	0	431.099	228
46	90	0	0	0	0	432.469	229
44	89	0	0	0	0	472.399	230
44	89	0	0	0	0	477.894	231
44	89	0	0	0	0	443.682	232
44	89	0	0	0	0	466.724	233
43	89	0	0	0	0	449.767	234
44	86	0	0	0	0	453.312	235
44	85	0	0	0	0	455.645	236
44	85	0	0	0	0	456.64	237
45	85	0	0	0	0	429.406	238
45	85	0	0	0	0	449.241	239
45	84	0	0	0	0	446.229	240
45	84	0	0	0	0	429.405	241
46	84	0	0	0	0	431.562	242
46	83	0	0	0	0	464.226	243
47	83	0	0	0	0	474.482	244
49	82	0	0	0	0	472.112	245
49	78	0	0	0	0	433.855	246
50	78	0	0	0	0	430.101	247
51	79	0	0	0	0	456.626	248
52	80	0	0	0	0	464.319	249
52	81	0	0	0	0	459.928	250
53	81	0	0	0	0	457.432	251
53	80	0	0	0	0	461.963	252
53	85	0	0	0	0	413.522	253
55	85	0	0	0	0	429.039	254
56	84	0	0	0	0	462.508	255
56	83	0	0	0	0	429.876	256
56	82	0	0	0	0	401.408	257
55	82	0	0	0	0	429.042	258
50	81	0	0	0	0	431.396	259
50	79	0	0	0	0	433.166	260
52	77	0	0	0	0	389.416	261
50	76	0	0	0	0	412.878	262
50	75	0	0	0	0	407.797	263
50	73	0	0	0	0	357.561	264
50	73	0	0	0	0	407.006	265
50	73	0	0	0	0	410.523	266
50	72	0	0	0	0	410.409	267
50	69	0	0	0	0	299.338	268
51	66	0	0	0	0	398.323	269
51	63	0	0	0	0	359.993	270
52	64	0	0	0	0	435.713	271
53	64	0	0	0	0	422.438	272
53	64	0	0	0	0	404.877	273
54	64	0	0	0	0	417.018	274
54	62	0	0	0	0	400.5	275
54	61	0	0	0	0	389.776	276
55	61	0	0	0	0	409.253	277
50	59	0	0	0	0	327.673	278
50	62	0	0	0	0	407.317	279
50	62	0	0	0	0	396.768	280
49	62	0	0	0	0	394.71	281
49	62	0	0	0	0	388.93	282
48	61	0	0	0	0	374.382	283
48	60	0	0	0	0	329.776	284
47	58	0	0	0	0	334.605	285
46	59	0	0	0	0	376.904	286
46	59	0	0	0	0	346.001	287
44	57	0	0	0	0	343.471	288
44	56	0	0	0	0	322.499	289
44	54	0	0	0	0	81.6885	290
45	52	0	0	0	0	316.172	291
45	52	0	0	0	0	321.575	292
45	53	0	0	0	0	351.698	293
45	53	0	0	0	0	347.035	294
46	53	0	0	0	0	289.104	295
46	53	0	0	0	0	315.615	296
47	53	0	0	0	0	347.547	297
47	52	0	0	0	0	333.39	298
48	51	0	0	0	0	287.303	299
49	50	0	0	0	0	288.195	300
50	49	0	0	0	0	339.651	301
49	49	0	0	0	0	310.788	302
50	48	0	0	0	0	311.907	303
50	48	0	0	0	0	328.419	304
50	48	0	0	0	0	357.586	305
49	48	0	0	0	0	355.001	306
50	48	0	0	0	0	347.899	307
51	50	0	0	0	0	337.422	308
51	50	0	0	0	0	337.125	309
52	59	0	0	0	0	380.74	310
53	59	0	0	0	0	388.775	311
54	58	0	0	0	0	401.248	312
54	60	0	0	0	0	404.612	313
53	59	0	0	0	0	383.478	314
53	58	0	0	0	0	329.458	315
50	58	0	0	0	0	368.315	316
48	64	0	0	0	0	334.679	317
49	70	0	0	0	0	355.127	318
44	71	0	0	0	0	355.995	319
44	77	0	0	0	0	375.208	320
43	76	0	0	0	0	337.462	321
43	75	0	0	0	0	182.429	322
44	76	0	0	0	0	410.406	323
44	76	0	0	0	0	383.918	324
43	75	0	0	0	0	419.271	325
40	75	0	0	0	0	404.069	326
41	88	0	0	0	0	393.243	327
38	87	0	0	0	0	418.318	328
33	87	0	0	0	0	428.137	329
29	88	0	0	0	0	395.826	330
29	88	0	0	0	0	410.954	331
29	86	0	0	0	0	398.317	332
29	86	0	0	0	0	422.197	333
30	85	0	0	0	0	396.178	334
30	86	0	0	0	0	394.439	335
25	85	0	0	0	0	375.891	336
25	86	0	0	0	0	408.122	337
25	86	0	0	0	0	397.677	338
27	85	0	0	0	0	340.528	339
30	86	0	0	0	0	412.061	340
31	86	0	0	0	0	407.491	341
33	102	0	0	0	0	343.827	342
35	103	0	0	0	0	399.751	343
35	102	0	0	0	0	497.906	344
35	102	0	0	0	0	482.314	345
39	102	0	0	0	0	487.845	346
41	103	0	0	0	0	507.315	347
42	104	0	0	0	0	546.564	348
43	104	0	0	0	0	497.366	349
43	105	0	0	0	0	552.342	350
41	105	0	0	0	0	536.246	351
41	105	0	0	0	0	505.231	352
42	105	0	0	0	0	506.912	353
42	103	0	0	0	0	523.623	354
43	105	0	0	0	0	551.797	355
43	104	0	0	0	0	503.448	356
43	104	0	0	0	0	516.789	357
46	104	0	0	0	0	536.707	358
46	104	0	0	0	0	540.954	359
47	104	0	0	0	0	564.32	360
47	102	0	0	0	0	553.691	361
49	102	0	0	0	0	538.196	362
49	100	0	0	0	0	525.476	363
49	100	0	0	0	0	538.934	364
50	100	0	0	0	0	572.383	365
49	100	0	0	0	0	536.13	366
48	99	0	0	0	0	520.126	367
50	101	0	0	0	0	555.062	368
51	100	0	0	0	0	535.905	369
51	99	0	0	0	0	546.635	370
53	99	0	0	0	0	537.564	371
53	100	0	0	0	0	565.239	372
55	99	0	0	0	0	550.868	373
55	98	0	0	0	0	546.301	374
55	97	0	0	0	0	537.726	375
56	98	0	0	0	0	570.524	376
57	98	0	0	0	0	546.481	377
57	99	0	0	0	0	551.434	378
57	99	0	0	0	0	565.012	379
59	100	0	0	0	0	576.862	380
59	101	0	0	0	0	537.719	381
60	102	0	0	0	0	539.535	382
61	102	0	0	0	0	543.115	383
61	101	0	0	0	0	547.824	384
59	101	0	0	0	0	534.822	385
60	103	0	0	0	0	493.194	386
60	101	0	0	0	0	541.937	387
56	100	0	0	0	0	561.164	388
54	99	0	0	0	0	564.244	389
55	99	0	0	0	0	542.855	390
55	100	0	0	0	0	582.661	391
55	100	0	0	0	0	535.637	392
56	98	0	0	0	0	544.525	393
56	99	0	0	0	0	567.081	394
55	99	0	0	0	0	539.771	395
55	99	0	0	0	0	559.226	396
56	99	0	0	0	0	580.099	397
56	99	0	0	0	0	539.21	398
58	95	0	0	0	0	505.459	399
58	94	0	0	0	0	526.223	400
58	93	0	0	0	0	522.054	401
59	93	0	0	0	0	510.716	402
59	89	0	0	0	0	543.255	403
58	88	0	0	0	0	486.825	404
58	87	0	0	0	0	494.772	405
59	87	0	0	0	0	535.897	406
60	85	0	0	0	0	452.388	407
60	85	0	0	0	0	511.131	408
60	85	0	0	0	0	479.129	409
60	86	0	0	0	0	498.582	410
60	86	0	0	0	0	475.985	411
60	88	0	0	0	0	496.414	412
60	86	0	0	0	0	473.643	413
59	86	0	0	0	0	488.679	414
62	84	0	0	0	0	520.336	415
61	85	0	0	0	0	512.668	416
61	85	0	0	0	0	536.275	417
59	84	0	0	0	0	473.587	418
62	84	0	0	0	0	526.686	419
62	83	0	0	0	0	518.454	420
58	83	0	0	0	0	464.126	421
58	82	0	0	0	0	479.053	422
63	82	0	0	0	0	491.469	423
63	81	0	0	0	0	494.886	424
61	81	0	0	0	0	482.015	425
62	85	0	0	0	0	522.358	426
65	85	0	0	0	0	510.192	427
67	89	0	0	0	0	554.111	428
65	88	0	0	0	0	517.93	429
66	88	0	0	0	0	496.654	430
66	86	0	0	0	0	525.46	431
65	86	0	0	0	0	517.793	432
65	86	0	0	0	0	457.838	433
66	86	0	0	0	0	514.69	434
60	86	0	0	0	0	492.34	435
62	87	0	0	0	0	526.122	436
60	87	0	0	0	0	489.74	437
61	87	0	0	0	0	556.638	438
61	86	0	0	0	0	543.258	439
61	86	0	0	0	0	481.899	440
63	87	0	0	0	0	544.61	441
64	86	0	0	0	0	550.78	442
64	85	0	0	0	0	500.158	443
66	84	0	0	0	0	563.22	444
67	84	0	0	0	0	543.911	445
67	84	0	0	0	0	549.426	446
67	84	0	0	0	0	531.37	447
69	84	0	0	0	0	530.324	448
69	84	0	0	0	0	529.618	449
69	82	0	0	0	0	534.203	450
67	81	0	0	0	0	528.866	451
67	83	0	0	0	0	534.719	452
67	82	0	0	0	0	472.324	453
69	82	0	0	0	0	548.466	454
69	80	0	0	0	0	508.131	455
68	83	0	0	0	0	528.274	456
71	82	0	0	0	0	519.621	457
71	81	0	0	0	0	506.039	458
71	80	0	0	0	0	506.829	459
74	74	0	0	0	0	541.867	460
78	74	0	0	0	0	517.742	461
80	74	0	0	0	0	537.26	462
82	73	0	0	0	0	493.369	463
82	73	0	0	0	0	477.668	464
81	71	0	0	0	0	483.919	465
83	72	0	0	0	0	500.057	466
85	70	0	0	0	0	500.808	467
87	61	0	0	0	0	419.674	468
86	61	0	0	0	0	515.692	469
86	58	0	0	0	0	517.261	470
85	57	0	0	0	0	452.314	471
85	57	0	0	0	0	456.638	472
85	60	0	0	0	0	518.563	473
85	65	0	0	0	0	471.499	474
85	67	0	0	0	0	482.383	475
85	66	0	0	0	0	531.099	476
86	62	0	0	0	0	505.154	477
85	61	0	0	0	0	514.737	478
86	59	0	0	0	0	488.853	479
85	64	0	0	0	0	515.155	480
85	68	0	0	0	0	504.619	481
80	68	0	0	0	0	528.846	482
76	67	0	0	0	0	492.946	483
75	67	0	0	0	0	498.786	484
75	67	0	0	0	0	496.163	485
76	68	0	0	0	0	480.642	486
76	66	0	0	0	0	504.94	487
73	67	0	0	0	0	488.023	488
73	68	0	0	0	0	491.452	489
71	68	0	0	0	0	460.702	490
71	69	0	0	0	0	469.049	491
70	63	0	0	0	0	445.835	492
71	64	0	0	0	0	486.485	493
71	64	0	0	0	0	462.883	494
68	64	0	0	0	0	469.146	495
68	64	0	0	0	0	475.949	496
64	63	0	0	0	0	433.758	497
65	63	0	0	0	0	468.334	498
65	63	0	0	0	0	399.351	499
65	65	0	0	0	0	465.761	500
65	65	0	0	0	0	461.085	501
64	65	0	0	0	0	488.328	502
63	68	0	0	0	0	440.275	503
63	70	0	0	0	0	441.761	504
62	71	0	0	0	0	473.067	505
64	71	0	0	0	0	491.088	506
62	71	0	0	0	0	442.639	507
61	71	0	0	0	0	493.671	508
63	72	0	0	0	0	400.826	509
64	72	0	0	0	0	398.311	510
64	73	0	0	0	0	500.186	511
63	74	0	0	0	0	494.347	512
63	74	0	0	0	0	499.703	513
63	77	0	0	0	0	512.64	514
61	77	0	0	0	0	459.437	515
61	78	0	0	0	0	472.077	516
61	79	0	0	0	0	515.724	517
58	78	0	0	0	0	515.826	518
58	78	0	0	0	0	505.814	519
55	78	0	0	0	0	399.787	520
56	78	0	0	0	0	506.244	521
55	78	0	0	0	0	457.247	522
62	78	0	0	0	0	487.083	523
62	78	0	0	0	0	485.684	524
62	78	0	0	0	0	504.651	525
61	77	0	0	0	0	500.778	526
60	77	0	0	0	0	479.406	527
62	77	0	0	0	0	502.693	528
63	81	0	0	0	0	517.069	529
63	83	0	0	0	0	515.897	530
63	82	0	0	0	0	429.282	531
63	82	0	0	0	0	545.814	532
63	82	0	0	0	0	510.337	533
63	82	0	0	0	0	524.306	534
64	81	0	0	0	0	506.136	535
65	79	0	0	0	0	508.22	536
67	79	0	0	0	0	537.444	537
65	78	0	0	0	0	474.996	538
64	78	0	0	0	0	492.493	539
65	80	0	0	0	0	506.484	540
65	80	0	0	0	0	498.584	541
65	80	0	0	0	0	512.767	542
66	80	0	0	0	0	509.689	543
66	79	0	0	0	0	506.395	544
67	76	0	0	0	0	514.528	545
66	75	0	0	0	0	492.464	546
66	74	0	0	0	0	486.254	547
66	77	0	0	0	0	517.644	548
62	77	0	0	0	0	505.682	549
62	76	0	0	0	0	489.939	550
62	76	0	0	0	0	470.706	551
63	76	0	0	0	0	509.937	552
63	78	0	0	0	0	490.378	553
62	76	0	0	0	0	481.607	554
64	76	0	0	0	0	516.739	555
64	76	0	0	0	0	474.381	556
62	74	0	0	0	0	484.079	557
62	74	0	0	0	0	505.111	558
62	74	0	0	0	0	476.986	559
59	72	0	0	0	0	481.268	560
60	72	0	0	0	0	494.028	561
58	70	0	0	0	0	392.151	562
58	70	0	0	0	0	374.559	563
58	74	0	0	0	0	482.37	564
57	74	0	0	0	0	478.077	565
57	74	0	0	0	0	462.103	566
58	74	0	0	0	0	487.316	567
58	72	0	0	0	0	452.324	568
58	72	0	0	0	0	403.726	569
57	70	0	0	0	0	385.105	570
58	69	0	0	0	0	453.905	571
52	69	0	0	0	0	439.2	572
52	70	0	0	0	0	434.942	573
52	68	0	0	0	0	398.144	574
52	68	0	0	0	0	429.208	575
52	67	0	0	0	0	403.867	576
52	69	0	0	0	0	440.747	577
52	69	0	0	0	0	444.951	578
52	69	0	0	0	0	421.565	579
52	70	0	0	0	0	444.671	580
52	70	0	0	0	0	449.084	581
52	73	0	0	0	0	429.332	582
52	71	0	0	0	0	426.846	583
53	72	0	0	0	0	374.448	584
55	70	0	0	0	0	369.431	585
47	71	0	0	0	0	364.845	586
42	70	0	0	0	0	369.955	587
43	71	0	0	0	0	387.587	588
43	71	0	0	0	0	322.734	589
45	68	0	0	0	0	409.29	590
44	68	0	0	0	0	389.431	591
44	68	0	0	0	0	398.354	592
43	66	0	0	0	0	323.142	593
44	67	0	0	0	0	403.761	594
44	66	0	0	0	0	382.53	595
42	66	0	0	0	0	376.155	596
40	66	0	0	0	0	368.685	597
40	64	0	0	0	0	353.39	598
40	59	0	0	0	0	306.778	599
40	58	0	0	0	0	323.176	600
40	58	0	0	0	0	328.805	601
41	56	0	0	0	0	315.721	602
42	56	0	0	0	0	321.689	603
42	56	0	0	0	0	337.554	604
40	55	0	0	0	0	314.226	605
40	55	0	0	0	0	333.824	606
36	56	0	0	0	0	278.946	607
37	56	0	0	0	0	344.685	608
37	56	0	0	0	0	324.578	609
38	56	0	0	0	0	299.449	610
41	56	0	0	0	0	346.052	611
41	56	0	0	0	0	347.014	612
39	56	0	0	0	0	341.571	613
39	56	0	0	0	0	341.281	614
39	56	0	0	0	0	321.969	615
40	56	0	0	0	0	340.589	616
40	56	0	0	0	0	332.589	617
40	55	0	0	0	0	321.678	618
41	54	0	0	0	0	310.314	619
41	53	0	0	0	0	289.576	620
42	55	0	0	0	0	314.88	621
42	55	0	0	0	0	319.056	622
43	55	0	0	0	0	353.906	623
45	54	0	0	0	0	312.623	624
42	51	0	0	0	0	333.143	625
44	52	0	0	0	0	323.58	626
43	52	0	0	0	0	332.268	627
43	51	0	0	0	0	322.214	628
43	51	0	0	0	0	314.561	629
43	49	0	0	0	0	325.812	630
43	48	0	0	0	0	282.962	631
43	46	0	0	0	0	220.7	632
43	46	0	0	0	0	318.713	633
44	46	0	0	0	0	313.354	634
44	46	0	0	0	0	325.175	635
45	46	0	0	0	0	307.389	636
45	47	0	0	0	0	314.751	637
45	46	0	0	0	0	327.536	638
45	45	0	0	0	0	323.034	639
45	46	0	0	0	0	319.716	640
45	46	0	0	0	0	293.489	641
46	44	0	0	0	0	305.799	642
48	43	0	0	0	0	310.364	643
48	43	0	0	0	0	331.45	644
49	43	0	0	0	0	326.802	645
49	43	0	0	0	0	320.852	646
51	42	0	0	0	0	284.12	647
52	42	0	0	0	0	307.007	648
52	42	0	0	0	0	311.346	649
54	41	0	0	0	0	348.539	650
54	43	0	0	0	0	324.087	651
54	44	0	0	0	0	339.726	652
54	43	0	0	0	0	350.787	653
54	41	0	0	0	0	322.99	654
54	40	0	0	0	0	321.449	655
54	47	0	0	0	0	316.544	656
54	48	0	0	0	0	367.18	657
54	51	0	0	0	0	366.736	658
54	51	0	0	0	0	312.871	659
53	50	0	0	0	0	344.979	660
56	51	0	0	0	0	368.787	661
57	50	0	0	0	0	356.688	662
57	50	0	0	0	0	392.702	663
57	49	0	0	0	0	382.081	664
50	49	0	0	0	0	350.52	665
51	50	0	0	0	0	373.729	666
51	50	0	0	0	0	360.495	667
52	53	0	0	0	0	365.576	668
54	53	0	0	0	0	353.399	669
54	53	0	0	0	0	335.764	670
54	54	0	0	0	0	347.163	671
53	53	0	0	0	0	376.93	672
49	53	0	0	0	0	315.065	673
50	53	0	0	0	0	357.745	674
50	52	0	0	0	0	354.316	675
51	51	0	0	0	0	334.6	676
53	52	0	0	0	0	372.25	677
54	52	0	0	0	0	377.005	678
52	51	0	0	0	0	358.001	679
52	50	0	0	0	0	359.867	680
54	48	0	0	0	0	337.315	681
57	47	0	0	0	0	364.11	682
57	47	0	0	0	0	396.243	683
57	47	0	0	0	0	365.747	684
58	47	0	0	0	0	365.396	685
57	47	0	0	0	0	360.107	686
57	47	0	0	0	0	341.604	687
57	46	0	0	0	0	349.655	688
59	46	0	0	0	0	375.307	689
59	45	0	0	0	0	384.38	690
59	45	0	0	0	0	370.64	691
59	46	0	0	0	0	264.401	692
62	46	0	0	0	0	381.354	693
62	45	0	0	0	0	342.45	694
62	45	0	0	0	0	409.507	695
63	45	0	0	0	0	362.542	696
65	47	0	0	0	0	377.571	697
65	45	0	0	0	0	378.985	698
65	44	0	0	0	0	372.505	699
65	42	0	0	0	0	348.15	700
59	42	0	0	0	0	343.253	701
59	42	0	0	0	0	369.237	702
60	41	0	0	0	0	363.144	703
60	41	0	0	0	0	359.705	704
59	41	0	0	0	0	368.923	705
58	41	0	0	0	0	367.305	706
58	41	0	0	0	0	297.543	707
58	41	0	0	0	0	309.438	708
59	41	0	0	0	0	352.299	709
59	39	0	0	0	0	356.545	710
60	43	0	0	0	0	370.164	711
60	43	0	0	0	0	357.552	712
59	40	0	0	0	0	353.525	713
61	40	0	0	0	0	345.526	714
58	40	0	0	0	0	329.009	715
58	39	0	0	0	0	330.957	716
58	38	0	0	0	0	358.577	717
58	39	0	0	0	0	349.86	718
57	39	0	0	0	0	276.762	719
56	39	0	0	0	0	348.372	720
56	39	0	0	0	0	344.065	721
56	37	0	0	0	0	331.185	722
57	37	0	0	0	0	345.231	723
57	37	0	0	0	0	345.927	724
57	36	0	0	0	0	294.51	725
56	37	0	0	0	0	338.648	726
55	36	0	0	0	0	320.695	727
55	35	0	0	0	0	329.068	728
55	34	0	0	0	0	296.437	729
56	34	0	0	0	0	311.152	730
56	34	0	0	0	0	296.487	731
56	32	0	0	0	0	282.118	732
56	33	0	0	0	0	322.212	733
57	33	0	0	0	0	314.004	734
53	33	0	0	0	0	308.276	735
53	33	0	0	0	0	323.302	736
53	33	0	0	0	0	322.351	737
53	33	0	0	0	0	294.11	738
55	33	0	0	0	0	310.146	739
55	33	0	0	0	0	293.226	740
55	33	0	0	0	0	292.212	741
54	33	0	0	0	0	335.245	742
54	33	0	0	0	0	320.248	743
54	34	0	0	0	0	299.992	744
54	36	0	0	0	0	291.155	745
54	35	0	0	0	0	269.562	746
55	35	0	0	0	0	290.703	747
45	39	0	0	0	0	258.389	748
46	40	0	0	0	0	274.149	749
46	40	0	0	0	0	308.098	750
46	39	0	0	0	0	309.591	751
46	39	0	0	0	0	274.723	752
42	39	0	0	0	0	270.515	753
36	39	0	0	0	0	259.873	754
37	39	0	0	0	0	273.767	755
36	38	0	0	0	0	263.858	756
36	37	0	0	0	0	241.144	757
37	37	0	0	0	0	253.122	758
38	37	0	0	0	0	281.504	759
38	37	0	0	0	0	276.111	760
38	37	0	0	0	0	268.375	761
38	37	0	0	0	0	287.224	762
38	37	0	0	0	0	255.176	763
38	38	0	0	0	0	258.572	764
38	37	0	0	0	0	265.762	765
39	36	0	0	0	0	267.955	766
39	37	0	0	0	0	261.508	767
39	37	0	0	0	0	270.368	768
38	36	0	0	0	0	251.089	769
40	35	0	0	0	0	256.107	770
38	35	0	0	0	0	209.269	771
39	37	0	0	0	0	245.289	772
36	36	0	0	0	0	220.634	773
37	35	0	0	0	0	242.652	774
34	35	0	0	0	0	239.384	775
33	40	0	0	0	0	242.374	776
31	40	0	0	0	0	253.75	777
31	40	0	0	0	0	241.28	778
31	40	0	0	0	0	235.162	779
27	40	0	0	0	0	230.389	780
28	40	0	0	0	0	146.431	781
29	40	0	0	0	0	220.136	782
29	39	0	0	0	0	225.538	783
30	38	0	0	0	0	230.047	784
27	38	0	0	0	0	170.836	785
27	39	0	0	0	0	226.097	786
25	39	0	0	0	0	228.167	787
25	39	0	0	0	0	233.362	788
26	40	0	0	0	0	165.353	789
26	41	0	0	0	0	181.185	790
26	42	0	0	0	0	234.34	791
24	42	0	0	0	0	221.122	792
24	44	0	0	0	0	213.955	793
24	44	0	0	0	0	196.304	794
24	44	0	0	0	0	238.766	795
23	44	0	0	0	0	228.235	796
23	44	0	0	0	0	239.642	797
23	45	0	0	0	0	242.99	798
23	45	0	0	0	0	234.093	799
23	45	0	0	0	0	247.282	800
23	45	0	0	0	0	208.225	801
22	45	0	0	0	0	215.258	802
22	44	0	0	0	0	234.689	803
22	44	0	0	0	0	206.538	804
22	45	0	0	0	0	199.239	805
23	41	0	0	0	0	210.811	806
22	41	0	0	0	0	188.783	807
22	40	0	0	0	0	231.752	808
23	40	0	0	0	0	213.806	809
24	40	0	0	0	0	234.862	810
24	40	0	0	0	0	208.887	811
24	40	0	0	0	0	229.364	812
25	41	0	0	0	0	228.73	813
27	41	0	0	0	0	231.487	814
27	43	0	0	0	0	228.544	815
27	42	0	0	0	0	246.424	816
28	42	0	0	0	0	216.386	817
28	42	0	0	0	0	252.73	818
30	42	0	0	0	0	232.231	819
31	44	0	0	0	0	216.834	820
33	44	0	0	0	0	277.661	821
33	44	0	0	0	0	252.614	822
34	45	0	0	0	0	257.511	823
28	45	0	0	0	0	236.623	824
27	45	0	0	0	0	251.482	825
27	46	0	0	0	0	249.951	826
26	46	0	0	0	0	255.653	827
27	45	0	0	0	0	223.908	828
30	45	0	0	0	0	249.197	829
31	45	0	0	0	0	266.024	830
31	44	0	0	0	0	267.019	831
31	44	0	0	0	0	273.034	832
31	46	0	0	0	0	261.445	833
30	47	0	0	0	0	267.563	834
30	47	0	0	0	0	281.666	835
30	47	0	0	0	0	257.582	836
30	47	0	0	0	0	273.293	837
30	47	0	0	0	0	243.799	838
30	47	0	0	0	0	254.441	839
30	46	0	0	0	0	270.738	840
30	46	0	0	0	0	269.488	841
30	45	0	0	0	0	258.21	842
30	45	0	0	0	0	248.886	843
30	44	0	0	0	0	233.299	844
30	42	0	0	0	0	259.594	845
31	42	0	0	0	0	233.742	846
31	40	0	0	0	0	246.101	847
31	41	0	0	0	0	210.515	848
31	41	0	0	0	0	195.602	849
32	43	0	0	0	0	255.539	850
32	43	0	0	0	0	258.889	851
32	43	0	0	0	0	258.638	852
32	44	0	0	0	0	279.38	853
32	44	0	0	0	0	270.057	854
33	44	0	0	0	0	258.33	855
33	45	0	0	0	0	278.457	856
32	45	0	0	0	0	255.063	857
32	44	0	0	0	0	268.131	858
32	45	0	0	0	0	255.126	859
32	45	0	0	0	0	278.87	860
32	43	0	0	0	0	265.396	861
28	44	0	0	0	0	245.122	862
28	45	0	0	0	0	253.289	863
28	44	0	0	0	0	259.851	864
28	44	0	0	0	0	221.759	865
30	44	0	0	0	0	225.546	866
34	44	0	0	0	0	259.616	867
34	44	0	0	0	0	241.482	868
36	45	0	0	0	0	250.828	869
36	44	0	0	0	0	244.786	870
36	46	0	0	0	0	245.136	871
36	46	0	0	0	0	285.666	872
37	46	0	0	0	0	296.343	873
37	46	0	0	0	0	276.778	874
37	46	0	0	0	0	285.595	875
37	46	0	0	0	0	298.765	876
38	45	0	0	0	0	270.02	877
38	42	0	0	0	0	276.428	878
41	44	0	0	0	0	298.814	879
40	48	0	0	0	0	304.967	880
39	48	0	0	0	0	287.947	881
39	48	0	0	0	0	291.595	882
39	48	0	0	0	0	309.712	883
39	48	0	0	0	0	298.261	884
39	48	0	0	0	0	292.65	885
40	47	0	0	0	0	300.436	886
39	45	0	0	0	0	298.195	887
38	45	0	0	0	0	291.609	888
36	44	0	0	0	0	267.142	889
36	47	0	0	0	0	260.525	890
36	47	0	0	0	0	301.956	891
37	46	0	0	0	0	286.412	892
37	47	0	0	0	0	288.417	893
38	48	0	0	0	0	276.063	894
39	49	0	0	0	0	315.021	895
39	49	0	0	0	0	306.249	896
39	50	0	0	0	0	310.073	897
39	50	0	0	0	0	312.619	898
35	48	0	0	0	0	277.005	899
34	49	0	0	0	0	298.467	900
34	49	0	0	0	0	277.762	901
35	49	0	0	0	0	275.592	902
35	50	0	0	0	0	291.833	903
36	50	0	0	0	0	258.873	904
36	53	0	0	0	0	250.448	905
37	51	0	0	0	0	271.848	906
36	53	0	0	0	0	263.089	907
38	50	0	0	0	0	273.605	908
38	50	0	0	0	0	280.052	909
37	49	0	0	0	0	320.389	910
37	48	0	0	0	0	306.951	911
36	48	0	0	0	0	300.292	912
36	48	0	0	0	0	318.002	913
37	47	0	0	0	0	313.739	914
37	47	0	0	0	0	290.341	915
37	47	0	0	0	0	302.856	916
38	46	0	0	0	0	303.778	917
38	46	0	0	0	0	268.109	918
38	47	0	0	0	0	286.732	919
39	47	0	0	0	0	307.495	920
38	46	0	0	0	0	268.849	921
38	48	0	0	0	0	285.125	922
34	47	0	0	0	0	286.087	923
34	55	0	0	0	0	305.274	924
33	55	0	0	0	0	283.886	925
31	54	0	0	0	0	267.379	926
32	53	0	0	0	0	287.1	927
33	53	0	0	0	0	314.058	928
33	54	0	0	0	0	312.578	929
33	54	0	0	0	0	264.38	930
32	52	0	0	0	0	305.904	931
31	52	0	0	0	0	287.885	932
26	50	0	0	0	0	231.662	933
26	49	0	0	0	0	276.715	934
26	48	0	0	0	0	277.609	935
26	48	0	0	0	0	280.571	936
27	48	0	0	0	0	281.565	937
27	48	0	0	0	0	272.541	938
27	48	0	0	0	0	275.29	939
27	50	0	0	0	0	268.774	940
27	51	0	0	0	0	272.395	941
27	50	0	0	0	0	239.491	942
27	49	0	0	0	0	274.041	943
27	49	0	0	0	0	214.476	944
28	48	0	0	0	0	271.598	945
29	47	0	0	0	0	228.466	946
29	45	0	0	0	0	242.213	947
29	44	0	0	0	0	238.6	948
25	42	0	0	0	0	205.495	949
26	43	0	0	0	0	218.907	950
29	41	0	0	0	0	212.219	951
29	41	0	0	0	0	254.32	952
29	40	0	0	0	0	256.026	953
30	40	0	0	0	0	247.489	954
31	39	0	0	0	0	232.237	955
31	39	0	0	0	0	219.2	956
32	38	0	0	0	0	243.631	957
33	38	0	0	0	0	242.316	958
35	38	0	0	0	0	261.508	959
35	38	0	0	0	0	261.085	960
35	38	0	0	0	0	259.778	961
35	37	0	0	0	0	248.141	962
35	37	0	0	0	0	269.713	963
36	37	0	0	0	0	234.808	964
36	36	0	0	0	0	212.367	965
36	33	0	0	0	0	213.506	966
36	34	0	0	0	0	253.98	967
36	35	0	0	0	0	243.602	968
36	36	0	0	0	0	248.045	969
34	36	0	0	0	0	245.656	970
34	36	0	0	0	0	258.162	971
35	36	0	0	0	0	225.299	972
35	34	0	0	0	0	215.193	973
34	33	0	0	0	0	235.007	974
34	34	0	0	0	0	242.96	975
36	34	0	0	0	0	229.889	976
36	34	0	0	0	0	238.473	977
37	32	0	0	0	0	228.534	978
37	32	0	0	0	0	235.838	979
37	32	0	0	0	0	227.889	980
37	32	0	0	0	0	220.209	981
37	32	0	0	0	0	240.098	982
37	34	0	0	0	0	236.905	983
37	34	0	0	0	0	227.431	984
36	35	0	0	0	0	239.595	985
36	34	0	0	0	0	244.591	986
36	34	0	0	0	0	235.506	987
36	34	0	0	0	0	227.54	988
36	33	0	0	0	0	237.639	989
37	32	0	0	0	0	235.643	990
37	32	0	0	0	0	221.061	991
39	31	0	0	0	0	244.759	992
39	32	0	0	0	0	239.881	993
40	32	0	0	0	0	250.561	994
40	32	0	0	0	0	256.711	995
41	35	0	0	0	0	268.324	996
41	35	0	0	0	0	219.045	997
42	35	0	0	0	0	278.341	998
42	35	0	0	0	0	260.528	999
42	38	0	0	0	0	268.069	1000
42	38	0	0	0	0	263.938	1001
43	38	0	0	0	0	255.764	1002
44	39	0	0	0	0	288.134	1003
44	39	0	0	0	0	258.722	1004
40	39	0	0	0	0	273.737	1005
40	38	0	0	0	0	263.842	1006
40	37	0	0	0	0	253.338	1007
40	40	0	0	0	0	266.76	1008
37	40	0	0	0	0	220.599	1009
39	42	0	0	0	0	288.319	1010
40	42	0	0	0	0	272.19	1011
40	41	0	0	0	0	292.397	1012
40	41	0	0	0	0	269.723	1013
38	41	0	0	0	0	265.468	1014
36	41	0	0	0	0	279.606	1015
36	41	0	0	0	0	269.055	1016
34	40	0	0	0	0	238.103	1017
35	39	0	0	0	0	266.957	1018
37	39	0	0	0	0	270.813	1019
37	39	0	0	0	0	276.529	1020
36	38	0	0	0	0	245.181	1021
37	38	0	0	0	0	279.187	1022
37	38	0	0	0	0	228.391	1023
40	38	0	0	0	0	235.177	1024
40	38	0	0	0	0	276.376	1025
40	37	0	0	0	0	287.332	1026
42	37	0	0	0	0	264.612	1027
42	35	0	0	0	0	268.037	1028
42	37	0	0	0	0	261.068	1029
42	38	0	0	0	0	286.864	1030
42	38	0	0	0	0	282.269	1031
42	37	0	0	0	0	288.958	1032
44	38	0	0	0	0	256.438	1033
44	38	0	0	0	0	261.175	1034
46	36	0	0	0	0	248.099	1035
47	36	0	0	0	0	281.019	1036
47	32	0	0	0	0	271.062	1037
48	36	0	0	0	0	290.162	1038
48	36	0	0	0	0	302.494	1039
48	34	0	0	0	0	299.315	1040
48	34	0	0	0	0	301.74	1041
48	35	0	0	0	0	284.093	1042
48	35	0	0	0	0	301.714	1043
48	35	0	0	0	0	235.822	1044
47	37	0	0	0	0	299.626	1045
47	37	0	0	0	0	286.658	1046
45	36	0	0	0	0	239.595	1047
45	36	0	0	0	0	299.867	1048
45	37	0	0	0	0	290.417	1049
46	37	0	0	0	0	258.514	1050
46	37	0	0	0	0	311.498	1051
46	37	0	0	0	0	314.353	1052
46	36	0	0	0	0	278.479	1053
46	36	0	0	0	0	281.099	1054
46	36	0	0	0	0	291.974	1055
46	36	0	0	0	0	294.984	1056
46	37	0	0	0	0	310.404	1057
45	37	0	0	0	0	264.044	1058
45	37	0	0	0	0	308.776	1059
46	37	0	0	0	0	304.44	1060
47	38	0	0	0	0	302.222	1061
49	38	0	0	0	0	282.821	1062
49	41	0	0	0	0	302.628	1063
50	43	0	0	0	0	295.751	1064
50	45	0	0	0	0	302.534	1065
50	45	0	0	0	0	312.258	1066
51	45	0	0	0	0	333.42	1067
52	45	0	0	0	0	328.121	1068
52	47	0	0	0	0	329.894	1069
54	47	0	0	0	0	331.724	1070
54	47	0	0	0	0	363.313	1071
53	47	0	0	0	0	332.209	1072
51	47	0	0	0	0	343.749	1073
50	46	0	0	0	0	333.608	1074
51	46	0	0	0	0	334.812	1075
51	46	0	0	0	0	372.165	1076
52	46	0	0	0	0	318.637	1077
53	48	0	0	0	0	359.19	1078
53	48	0	0	0	0	372.482	1079
54	48	0	0	0	0	364.045	1080
55	48	0	0	0	0	346.412	1081
57	48	0	0	0	0	355.938	1082
58	48	0	0	0	0	347.007	1083
58	48	0	0	0	0	369.407	1084
56	49	0	0	0	0	376.099	1085
55	49	0	0	0	0	354.327	1086
52	49	0	0	0	0	342.859	1087
53	49	0	0	0	0	371.63	1088
53	49	0	0	0	0	319.036	1089
53	49	0	0	0	0	379.176	1090
54	49	0	0	0	0	377.963	1091
53	49	0	0	0	0	372.196	1092
52	49	0	0	0	0	382.628	1093
52	49	0	0	0	0	312.357	1094
53	49	0	0	0	0	338.207	1095
53	50	0	0	0	0	372.564	1096
53	50	0	0	0	0	373.579	1097
54	49	0	0	0	0	367.795	1098
54	49	0	0	0	0	366.917	1099
53	48	0	0	0	0	365.854	1100
53	49	0	0	0	0	379.08	1101
53	48	0	0	0	0	326.267	1102
53	49	0	0	0	0	379.793	1103
52	49	0	0	0	0	360.013	1104
52	51	0	0	0	0	339.082	1105
52	51	0	0	0	0	399.091	1106
53	51	0	0	0	0	366.879	1107
53	51	0	0	0	0	374.191	1108
52	50	0	0	0	0	363.044	1109
51	50	0	0	0	0	350.98	1110
52	49	0	0	0	0	344.332	1111
51	48	0	0	0	0	337.284	1112
51	48	0	0	0	0	352.393	1113
48	49	0	0	0	0	313.917	1114
48	49	0	0	0	0	312.34	1115
50	49	0	0	0	0	352.293	1116
50	48	0	0	0	0	353.914	1117
50	48	0	0	0	0	346.325	1118
50	47	0	0	0	0	313.674	1119
52	45	0	0	0	0	348.058	1120
52	45	0	0	0	0	354.639	1121
52	45	0	0	0	0	367.422	1122
52	45	0	0	0	0	302.264	1123
50	45	0	0	0	0	311.545	1124
48	44	0	0	0	0	335.125	1125
48	45	0	0	0	0	327.735	1126
48	45	0	0	0	0	308.823	1127
48	46	0	0	0	0	339.434	1128
49	46	0	0	0	0	336.991	1129
50	45	0	0	0	0	349.554	1130
50	45	0	0	0	0	328.476	1131
50	45	0	0	0	0	313.268	1132
50	53	0	0	0	0	357.635	1133
51	55	0	0	0	0	342.295	1134
51	61	0	0	0	0	322.361	1135
51	61	0	0	0	0	375.945	1136
51	62	0	0	0	0	363.728	1137
52	62	0	0	0	0	383.25	1138
52	62	0	0	0	0	396.738	1139
53	62	0	0	0	0	365.222	1140
54	62	0	0	0	0	384.909	1141
44	61	0	0	0	0	346.849	1142
44	63	0	0	0	0	372.151	1143
41	63	0	0	0	0	365.93	1144
43	64	0	0	0	0	375.255	1145
43	62	0	0	0	0	382.293	1146
45	61	0	0	0	0	372.371	1147
46	61	0	0	0	0	363.332	1148
46	61	0	0	0	0	371.836	1149
46	59	0	0	0	0	369.079	1150
45	60	0	0	0	0	353.804	1151
41	60	0	0	0	0	355.636	1152
41	59	0	0	0	0	362.265	1153
39	59	0	0	0	0	356.142	1154
39	59	0	0	0	0	333.38	1155
41	59	0	0	0	0	368.098	1156
42	59	0	0	0	0	335.453	1157
43	58	0	0	0	0	382.776	1158
43	58	0	0	0	0	361.801	1159
43	57	0	0	0	0	361.618	1160
43	57	0	0	0	0	369.521	1161
43	56	0	0	0	0	330.923	1162
43	56	0	0	0	0	368.383	1163
43	58	0	0	0	0	367.903	1164
42	60	0	0	0	0	354.556	1165
43	60	0	0	0	0	375.673	1166
43	60	0	0	0	0	330.894	1167
43	60	0	0	0	0	377.307	1168
43	59	0	0	0	0	323.877	1169
42	59	0	0	0	0	380.198	1170
43	59	0	0	0	0	311.362	1171
43	59	0	0	0	0	379.471	1172
43	59	0	0	0	0	357.045	1173
44	59	0	0	0	0	365.651	1174
44	59	0	0	0	0	361.724	1175
44	58	0	0	0	0	374.804	1176
44	58	0	0	0	0	368.04	1177
43	58	0	0	0	0	369.041	1178
44	59	0	0	0	0	371.598	1179
44	59	0	0	0	0	346.429	1180
44	59	0	0	0	0	365.316	1181
44	59	0	0	0	0	372.483	1182
44	59	0	0	0	0	370.083	1183
45	59	0	0	0	0	352.901	1184
44	58	0	0	0	0	362.334	1185
44	55	0	0	0	0	352.292	1186
44	54	0	0	0	0	317.437	1187
44	52	0	0	0	0	351.431	1188
45	52	0	0	0	0	329.792	1189
45	51	0	0	0	0	346.376	1190
45	58	0	0	0	0	306.686	1191
45	58	0	0	0	0	331.414	1192
45	59	0	0	0	0	342.008	1193
44	59	0	0	0	0	368.602	1194
44	58	0	0	0	0	332.627	1195
45	57	0	0	0	0	349.383	1196
44	57	0	0	0	0	346.907	1197
44	59	0	0	0	0	333.294	1198
45	57	0	0	0	0	375.068	1199
42	57	0	0	0	0	347.722	1200
42	58	0	0	0	0	336.243	1201
40	58	0	0	0	0	345.598	1202
40	58	0	0	0	0	341.09	1203
39	59	0	0	0	0	333.208	1204
38	58	0	0	0	0	323.051	1205
38	57	0	0	0	0	357.44	1206
37	58	0	0	0	0	326.491	1207
38	58	0	0	0	0	349.684	1208
38	57	0	0	0	0	306.804	1209
38	57	0	0	0	0	304.667	1210
37	61	0	0	0	0	352.361	1211
37	61	0	0	0	0	351.019	1212
38	58	0	0	0	0	313.814	1213
38	56	0	0	0	0	354.032	1214
38	56	0	0	0	0	317.752	1215
38	57	0	0	0	0	344.447	1216
39	57	0	0	0	0	349.204	1217
38	57	0	0	0	0	317.256	1218
39	56	0	0	0	0	299.235	1219
36	55	0	0	0	0	311.012	1220
37	56	0	0	0	0	350.579	1221
37	56	0	0	0	0	286.751	1222
39	56	0	0	0	0	322.905	1223
39	54	0	0	0	0	300.921	1224
38	54	0	0	0	0	308.765	1225
39	54	0	0	0	0	313.388	1226
38	54	0	0	0	0	324.093	1227
38	55	0	0	0	0	323.91	1228
38	54	0	0	0	0	327.44	1229
37	53	0	0	0	0	298.469	1230
37	53	0	0	0	0	312.33	1231
33	53	0	0	0	0	287.265	1232
35	52	0	0	0	0	297.258	1233
36	62	0	0	0	0	316.849	1234
36	65	0	0	0	0	340.333	1235
37	66	0	0	0	0	349.068	1236
38	66	0	0	0	0	329.029	1237
37	66	0	0	0	0	370.275	1238
37	66	0	0	0	0	381.922	1239
39	66	0	0	0	0	379.115	1240
38	66	0	0	0	0	359.669	1241
39	66	0	0	0	0	386.44	1242
37	67	0	0	0	0	319.987	1243
37	67	0	0	0	0	383.678	1244
37	67	0	0	0	0	390.836	1245
37	67	0	0	0	0	395.644	1246
37	79	0	0	0	0	340.207	1247
38	79	0	0	0	0	342.407	1248
38	78	0	0	0	0	420.272	1249
38	78	0	0	0	0	402.24	1250
38	76	0	0	0	0	392.886	1251
39	76	0	0	0	0	399.96	1252
39	75	0	0	0	0	411.957	1253
38	74	0	0	0	0	411.696	1254
38	74	0	0	0	0	403.452	1255
35	74	0	0	0	0	399.657	1256
33	75	0	0	0	0	414.346	1257
33	75	0	0	0	0	358.032	1258
34	75	0	0	0	0	377.038	1259
36	75	0	0	0	0	410.202	1260
36	74	0	0	0	0	366.259	1261
36	75	0	0	0	0	370.365	1262
37	76	0	0	0	0	418.407	1263
36	75	0	0	0	0	423.045	1264
36	75	0	0	0	0	392.37	1265
35	74	0	0	0	0	367.713	1266
35	73	0	0	0	0	419.389	1267
36	77	0	0	0	0	371.851	1268
36	77	0	0	0	0	392.954	1269
36	77	0	0	0	0	412.965	1270
36	78	0	0	0	0	414.254	1271
36	77	0	0	0	0	393.583	1272
36	76	0	0	0	0	385.753	1273
35	74	0	0	0	0	378.134	1274
37	74	0	0	0	0	413.209	1275
37	79	0	0	0	0	415.707	1276
38	79	0	0	0	0	388.119	1277
37	81	0	0	0	0	411.743	1278
38	81	0	0	0	0	417.408	1279
38	80	0	0	0	0	392.165	1280
38	85	0	0	0	0	429.565	1281
38	84	0	0	0	0	384.012	1282
39	81	0	0	0	0	404.452	1283
39	80	0	0	0	0	421.295	1284
36	78	0	0	0	0	347.571	1285
36	78	0	0	0	0	417.569	1286
34	77	0	0	0	0	406.445	1287
34	81	0	0	0	0	402.484	1288
34	81	0	0	0	0	399.955	1289
33	81	0	0	0	0	361.476	1290
34	80	0	0	0	0	397.015	1291
34	80	0	0	0	0	395.861	1292
34	79	0	0	0	0	429.118	1293
34	79	0	0	0	0	388.159	1294
33	79	0	0	0	0	395.295	1295
33	79	0	0	0	0	410.035	1296
27	80	0	0	0	0	364.949	1297
27	80	0	0	0	0	385.537	1298
28	80	0	0	0	0	359.424	1299
28	80	0	0	0	0	388.961	1300
28	77	0	0	0	0	336.391	1301
26	77	0	0	0	0	352.128	1302
26	78	0	0	0	0	355.564	1303
26	78	0	0	0	0	379.562	1304
26	78	0	0	0	0	360.208	1305
27	78	0	0	0	0	372.035	1306
27	79	0	0	0	0	370.045	1307
28	77	0	0	0	0	376.464	1308
28	76	0	0	0	0	317.656	1309
28	76	0	0	0	0	376.748	1310
26	76	0	0	0	0	342.256	1311
29	77	0	0	0	0	386.099	1312
28	77	0	0	0	0	376.419	1313
28	77	0	0	0	0	398.498	1314
29	76	0	0	0	0	345.727	1315
26	74	0	0	0	0	359.434	1316
28	75	0	0	0	0	373.72	1317
29	75	0	0	0	0	346.977	1318
29	75	0	0	0	0	354.263	1319
30	70	0	0	0	0	305.766	1320
28	68	0	0	0	0	315.749	1321
28	68	0	0	0	0	282.454	1322
32	69	0	0	0	0	357.452	1323
32	69	0	0	0	0	324.782	1324
33	68	0	0	0	0	346.96	1325
34	64	0	0	0	0	340.913	1326
34	65	0	0	0	0	341.835	1327
33	64	0	0	0	0	340.871	1328
32	64	0	0	0	0	283.835	1329
34	64	0	0	0	0	353.206	1330
34	64	0	0	0	0	321.61	1331
34	64	0	0	0	0	347.19	1332
34	63	0	0	0	0	315.813	1333
35	62	0	0	0	0	296.402	1334
35	62	0	0	0	0	335.469	1335
35	64	0	0	0	0	344.318	1336
36	64	0	0	0	0	326.599	1337
35	63	0	0	0	0	330.999	1338
35	62	0	0	0	0	331.801	1339
35	61	0	0	0	0	299.514	1340
35	59	0	0	0	0	329.257	1341
35	58	0	0	0	0	319.156	1342
37	54	0	0	0	0	243.485	1343
38	53	0	0	0	0	318.278	1344
38	52	0	0	0	0	315	1345
38	52	0	0	0	0	330.501	1346
38	52	0	0	0	0	296.086	1347
39	51	0	0	0	0	310.237	1348
39	51	0	0	0	0	308.933	1349
41	52	0	0	0	0	330.256	1350
41	52	0	0	0	0	321.733	1351
41	52	0	0	0	0	336.03	1352
40	52	0	0	0	0	309.273	1353
40	52	0	0	0	0	302.434	1354
40	52	0	0	0	0	309.577	1355
41	52	0	0	0	0	330.57	1356
41	51	0	0	0	0	318.334	1357
40	49	0	0	0	0	257.693	1358
38	51	0	0	0	0	278.577	1359
39	51	0	0	0	0	283.933	1360
41	49	0	0	0	0	323.413	1361
42	49	0	0	0	0	318.226	1362
42	49	0	0	0	0	300.325	1363
43	49	0	0	0	0	311.628	1364
43	47	0	0	0	0	294.731	1365
43	46	0	0	0	0	310.937	1366
43	45	0	0	0	0	298.462	1367
42	44	0	0	0	0	292.517	1368
42	44	0	0	0	0	288.515	1369
43	44	0	0	0	0	308.541	1370
44	44	0	0	0	0	304.242	1371
44	44	0	0	0	0	312.425	1372
43	43	0	0	0	0	257.532	1373
45	41	0	0	0	0	322.703	1374
45	41	0	0	0	0	316.34	1375
46	40	0	0	0	0	263.476	1376
49	39	0	0	0	0	310.246	1377
50	39	0	0	0	0	308.802	1378
50	39	0	0	0	0	310.384	1379
51	39	0	0	0	0	299.401	1380
51	38	0	0	0	0	243.999	1381
52	37	0	0	0	0	301.411	1382
52	35	0	0	0	0	266.062	1383
53	38	0	0	0	0	279.24	1384
53	36	0	0	0	0	284.218	1385
53	34	0	0	0	0	273.317	1386
51	34	0	0	0	0	263.438	1387
49	35	0	0	0	0	288.442	1388
51	36	0	0	0	0	305.499	1389
52	36	0	0	0	0	318.801	1390
52	36	0	0	0	0	255.637	1391
54	36	0	0	0	0	308.331	1392
53	35	0	0	0	0	294.002	1393
53	36	0	0	0	0	305.034	1394
53	37	0	0	0	0	307.236	1395
54	34	0	0	0	0	217.54	1396
59	29	0	0	0	0	314.335	1397
61	29	0	0	0	0	307.469	1398
61	28	0	0	0	0	311.458	1399
62	28	0	0	0	0	301.21	1400
62	28	0	0	0	0	287.023	1401
63	29	0	0	0	0	322.961	1402
64	29	0	0	0	0	328.737	1403
61	29	0	0	0	0	274.27	1404
64	29	0	0	0	0	322.918	1405
63	26	0	0	0	0	289.979	1406
64	27	0	0	0	0	311.235	1407
65	27	0	0	0	0	314.989	1408
67	26	0	0	0	0	342.96	1409
68	25	0	0	0	0	341.208	1410
69	25	0	0	0	0	337.657	1411
69	23	0	0	0	0	312.019	1412
69	23	0	0	0	0	345.925	1413
71	23	0	0	0	0	307.963	1414
72	27	0	0	0	0	334.591	1415
73	33	0	0	0	0	329.468	1416
73	34	0	0	0	0	383.106	1417
74	33	0	0	0	0	331.098	1418
75	32	0	0	0	0	319.935	1419
75	32	0	0	0	0	371.832	1420
75	33	0	0	0	0	379.398	1421
75	34	0	0	0	0	383.682	1422
75	34	0	0	0	0	391.299	1423
70	33	0	0	0	0	371.76	1424
68	35	0	0	0	0	348.374	1425
68	34	0	0	0	0	333.859	1426
68	38	0	0	0	0	381.927	1427
69	40	0	0	0	0	380.756	1428
69	40	0	0	0	0	395.7	1429
69	40	0	0	0	0	387.998	1430
69	40	0	0	0	0	389.341	1431
69	40	0	0	0	0	369.724	1432
70	40	0	0	0	0	412.64	1433
69	40	0	0	0	0	394.4	1434
70	41	0	0	0	0	405.678	1435
69	41	0	0	0	0	406.718	1436
68	40	0	0	0	0	295.305	1437
70	39	0	0	0	0	350.653	1438
73	39	0	0	0	0	418.332	1439
74	39	0	0	0	0	398.693	1440
75	39	0	0	0	0	395.966	1441
76	39	0	0	0	0	398.085	1442
77	42	0	0	0	0	393.375	1443
75	42	0	0	0	0	413.859	1444
75	42	0	0	0	0	440.922	1445
76	42	0	0	0	0	441.942	1446
74	42	0	0	0	0	417.766	1447
74	41	0	0	0	0	420.473	1448
74	41	0	0	0	0	394.775	1449
75	40	0	0	0	0	369.165	1450
75	41	0	0	0	0	389.334	1451
70	41	0	0	0	0	372.39	1452
71	42	0	0	0	0	318.614	1453
71	47	0	0	0	0	391.602	1454
71	48	0	0	0	0	394.821	1455
70	47	0	0	0	0	410.905	1456
70	47	0	0	0	0	408.854	1457
70	47	0	0	0	0	419.611	1458
70	46	0	0	0	0	417.318	1459
70	46	0	0	0	0	380.522	1460
70	46	0	0	0	0	368.094	1461
59	46	0	0	0	0	380.644	1462
56	46	0	0	0	0	358.633	1463
55	46	0	0	0	0	332.501	1464
55	46	0	0	0	0	337.443	1465
56	46	0	0	0	0	358.774	1466
57	46	0	0	0	0	356.043	1467
58	46	0	0	0	0	365.33	1468
58	46	0	0	0	0	346.705	1469
58	46	0	0	0	0	364.674	1470
58	47	0	0	0	0	389.972	1471
58	47	0	0	0	0	386.887	1472
58	47	0	0	0	0	361.094	1473
60	46	0	0	0	0	346.921	1474
62	46	0	0	0	0	369.881	1475
61	45	0	0	0	0	371.286	1476
61	46	0	0	0	0	368.661	1477
61	46	0	0	0	0	372.772	1478
63	43	0	0	0	0	368.739	1479
63	43	0	0	0	0	387.213	1480
63	42	0	0	0	0	325.077	1481
63	41	0	0	0	0	388.028	1482
63	41	0	0	0	0	384.22	1483
63	44	0	0	0	0	397.545	1484
62	44	0	0	0	0	377.741	1485
62	45	0	0	0	0	400.213	1486
62	45	0	0	0	0	358.083	1487
63	46	0	0	0	0	375.204	1488
64	46	0	0	0	0	377.821	1489
64	46	0	0	0	0	371.69	1490
63	44	0	0	0	0	382.244	1491
62	44	0	0	0	0	318.057	1492
48	44	0	0	0	0	318.627	1493
48	47	0	0	0	0	344.688	1494
49	48	0	0	0	0	335.919	1495
49	48	0	0	0	0	338.885	1496
49	47	0	0	0	0	355.181	1497
49	46	0	0	0	0	309.726	1498
47	45	0	0	0	0	312.383	1499
48	45	0	0	0	0	336.213	1500
48	46	0	0	0	0	318.815	1501
48	47	0	0	0	0	340.155	1502
46	47	0	0	0	0	293.81	1503
46	47	0	0	0	0	326.902	1504
47	47	0	0	0	0	341.597	1505
48	47	0	0	0	0	329.636	1506
49	47	0	0	0	0	335.003	1507
49	46	0	0	0	0	273.366	1508
49	47	0	0	0	0	322.851	1509
51	47	0	0	0	0	343.767	1510
51	47	0	0	0	0	352.574	1511
51	46	0	0	0	0	320.266	1512
51	47	0	0	0	0	311.906	1513
52	47	0	0	0	0	326.499	1514
52	47	0	0	0	0	343.422	1515
52	48	0	0	0	0	358.2	1516
52	46	0	0	0	0	340.799	1517
52	49	0	0	0	0	359.904	1518
49	49	0	0	0	0	360.353	1519
49	54	0	0	0	0	311.967	1520
53	54	0	0	0	0	395.626	1521
56	54	0	0	0	0	375.72	1522
56	55	0	0	0	0	394.64	1523
56	54	0	0	0	0	371.449	1524
56	55	0	0	0	0	424.872	1525
56	58	0	0	0	0	405.52	1526
54	58	0	0	0	0	392.866	1527
56	58	0	0	0	0	416.951	1528
54	58	0	0	0	0	395.158	1529
54	58	0	0	0	0	385.054	1530
55	56	0	0	0	0	373.857	1531
53	57	0	0	0	0	400.436	1532
53	57	0	0	0	0	384.33	1533
53	56	0	0	0	0	392.824	1534
48	56	0	0	0	0	355.386	1535
50	56	0	0	0	0	377.287	1536
50	56	0	0	0	0	388.597	1537
51	63	0	0	0	0	399.475	1538
51	62	0	0	0	0	390.278	1539
49	62	0	0	0	0	388.35	1540
48	62	0	0	0	0	372.483	1541
47	62	0	0	0	0	381.459	1542
48	63	0	0	0	0	389.073	1543
49	63	0	0	0	0	382.557	1544
49	63	0	0	0	0	395.642	1545
49	62	0	0	0	0	374.541	1546
42	62	0	0	0	0	371.231	1547
47	60	0	0	0	0	338.047	1548
47	60	0	0	0	0	324.846	1549
47	60	0	0	0	0	382.828	1550
47	60	0	0	0	0	384.268	1551
48	59	0	0	0	0	379.061	1552
49	58	0	0	0	0	374.118	1553
49	58	0	0	0	0	376.414	1554
49	58	0	0	0	0	372.366	1555
50	56	0	0	0	0	347.987	1556
51	55	0	0	0	0	383.753	1557
51	55	0	0	0	0	383.759	1558
51	61	0	0	0	0	392.847	1559
51	62	0	0	0	0	406.585	1560
51	63	0	0	0	0	381.79	1561
52	62	0	0	0	0	392.668	1562
52	62	0	0	0	0	403.307	1563
52	62	0	0	0	0	393.466	1564
53	61	0	0	0	0	438.053	1565
53	62	0	0	0	0	408.352	1566
54	62	0	0	0	0	372.696	1567
48	61	0	0	0	0	355.071	1568
49	61	0	0	0	0	395.162	1569
49	60	0	0	0	0	365.608	1570
50	59	0	0	0	0	393.883	1571
50	58	0	0	0	0	405.815	1572
48	58	0	0	0	0	349.36	1573
49	58	0	0	0	0	386.951	1574
49	58	0	0	0	0	347.961	1575
50	58	0	0	0	0	383.651	1576
50	55	0	0	0	0	383.023	1577
51	55	0	0	0	0	330.484	1578
52	55	0	0	0	0	344.876	1579
52	55	0	0	0	0	343.891	1580
52	54	0	0	0	0	348.383	1581
51	54	0	0	0	0	329.481	1582
44	54	0	0	0	0	323.914	1583
44	54	0	0	0	0	343.956	1584
42	54	0	0	0	0	324.269	1585
42	53	0	0	0	0	311.565	1586
42	53	0	0	0	0	353.698	1587
42	52	0	0	0	0	307.478	1588
42	50	0	0	0	0	328.213	1589
42	50	0	0	0	0	324.445	1590
42	50	0	0	0	0	312.853	1591
42	50	0	0	0	0	302.732	1592
42	47	0	0	0	0	327.578	1593
40	45	0	0	0	0	15.0166	1594
41	45	0	0	0	0	317.043	1595
41	45	0	0	0	0	282.045	1596
41	45	0	0	0	0	304.306	1597
42	41	0	0	0	0	293.603	1598
42	41	0	0	0	0	275.337	1599
42	40	0	0	0	0	267.976	1600
41	35	0	0	0	0	248.631	1601
41	33	0	0	0	0	243.156	1602
41	32	0	0	0	0	243.373	1603
41	28	0	0	0	0	196.745	1604
42	27	0	0	0	0	248.675	1605
42	26	0	0	0	0	218.623	1606
42	23	0	0	0	0	171.199	1607
43	15	0	0	0	0	175.029	1608
43	12	0	0	0	0	180.851	1609
43	8	0	0	0	0	162.148	1610
43	7	0	0	0	0	156.202	1611
43	6	0	0	0	0	163.209	1612
46	6	0	0	0	0	168.123	1613
48	5	0	0	0	0	183.945	1614
48	4	0	0	0	0	172.028	1615
48	4	0	0	0	0	180.613	1616
47	4	0	0	0	0	164.201	1617
47	4	0	0	0	0	190.285	1618
46	4	0	0	0	0	179.728	1619
46	11	0	0	0	0	180.387	1620
46	11	0	0	0	0	210.622	1621
46	11	0	0	0	0	205.146	1622
47	11	0	0	0	0	193.582	1623
47	11	0	0	0	0	192.316	1624
47	11	0	0	0	0	191.703	1625
47	11	0	0	0	0	168.987	1626
44	11	0	0	0	0	172.429	1627
44	11	0	0	0	0	160.438	1628
39	11	0	0	0	0	169.398	1629
39	10	0	0	0	0	179.097	1630
39	10	0	0	0	0	179.988	1631
41	10	0	0	0	0	178.697	1632
40	11	0	0	0	0	169.008	1633
42	11	0	0	0	0	180.629	1634
42	11	0	0	0	0	159.763	1635
43	11	0	0	0	0	172.297	1636
43	11	0	0	0	0	169.442	1637
43	11	0	0	0	0	177.317	1638
43	11	0	0	0	0	179.813	1639
39	11	0	0	0	0	169.115	1640
39	15	0	0	0	0	179.148	1641
39	16	0	0	0	0	163.302	1642
41	16	0	0	0	0	181.28	1643
41	15	0	0	0	0	174.89	1644
38	15	0	0	0	0	176.437	1645
38	15	0	0	0	0	193.175	1646
38	15	0	0	0	0	186.078	1647
38	15	0	0	0	0	187.175	1648
38	15	0	0	0	0	183.074	1649
34	15	0	0	0	0	150.757	1650
34	15	0	0	0	0	186.613	1651
34	16	0	0	0	0	183.343	1652
34	16	0	0	0	0	185.907	1653
35	16	0	0	0	0	181.682	1654
35	16	0	0	0	0	195.654	1655
35	16	0	0	0	0	178.855	1656
35	16	0	0	0	0	169.946	1657
36	16	0	0	0	0	193.806	1658
36	16	0	0	0	0	190.451	1659
36	16	0	0	0	0	194.498	1660
37	16	0	0	0	0	198.606	1661
38	16	0	0	0	0	188.404	1662
38	19	0	0	0	0	169.76	1663
37	19	0	0	0	0	170.601	1664
37	19	0	0	0	0	209.711	1665
37	19	0	0	0	0	204.491	1666
36	21	0	0	0	0	201.336	1667
35	22	0	0	0	0	185.145	1668
35	23	0	0	0	0	206.434	1669
35	23	0	0	0	0	181.973	1670
36	24	0	0	0	0	199.293	1671
34	24	0	0	0	0	194.061	1672
35	26	0	0	0	0	215.072	1673
35	26	0	0	0	0	217.543	1674
35	26	0	0	0	0	193.1	1675
33	27	0	0	0	0	204.855	1676
34	29	0	0	0	0	220.381	1677
33	29	0	0	0	0	212.925	1678
33	29	0	0	0	0	229.541	1679
31	29	0	0	0	0	217.239	1680
31	30	0	0	0	0	214.067	1681
31	30	0	0	0	0	227.452	1682
32	30	0	0	0	0	211.225	1683
32	32	0	0	0	0	210.902	1684
34	32	0	0	0	0	238.538	1685
34	32	0	0	0	0	227.575	1686
34	32	0	0	0	0	239.284	1687
36	32	0	0	0	0	227.086	1688
36	40	0	0	0	0	216.296	1689
36	42	0	0	0	0	262.033	1690
36	42	0	0	0	0	252.695	1691
37	43	0	0	0	0	294.392	1692
37	43	0	0	0	0	277.51	1693
36	44	0	0	0	0	275.603	1694
37	44	0	0	0	0	265.045	1695
39	44	0	0	0	0	242.995	1696
40	44	0	0	0	0	250.177	1697
24	44	0	0	0	0	208.12	1698
27	44	0	0	0	0	242.031	1699
27	44	0	0	0	0	229.332	1700
31	44	0	0	0	0	253.759	1701
32	44	0	0	0	0	254.258	1702
33	44	0	0	0	0	244.122	1703
33	44	0	0	0	0	217.712	1704
34	44	0	0	0	0	246.175	1705
35	44	0	0	0	0	248.795	1706
35	42	0	0	0	0	264.081	1707
36	42	0	0	0	0	247.511	1708
36	43	0	0	0	0	237.094	1709
37	44	0	0	0	0	298.187	1710
37	44	0	0	0	0	265.255	1711
40	44	0	0	0	0	305.367	1712
42	44	0	0	0	0	247.859	1713
46	45	0	0	0	0	310.657	1714
46	45	0	0	0	0	343.834	1715
46	47	0	0	0	0	296.627	1716
46	48	0	0	0	0	321.146	1717
46	48	0	0	0	0	322.344	1718
45	48	0	0	0	0	327.407	1719
46	48	0	0	0	0	337.369	1720
46	48	0	0	0	0	332.547	1721
47	45	0	0	0	0	286.983	1722
46	44	0	0	0	0	261.229	1723
47	43	0	0	0	0	342.176	1724
47	43	0	0	0	0	325.004	1725
47	43	0	0	0	0	336.509	1726
47	43	0	0	0	0	341.563	1727
49	42	0	0	0	0	338.088	1728
49	42	0	0	0	0	348.042	1729
49	41	0	0	0	0	315.458	1730
49	39	0	0	0	0	326.988	1731
50	39	0	0	0	0	317.88	1732
50	39	0	0	0	0	301.966	1733
50	39	0	0	0	0	304.18	1734
50	39	0	0	0	0	333.461	1735
51	39	0	0	0	0	287.58	1736
52	40	0	0	0	0	336.478	1737
51	40	0	0	0	0	332.926	1738
52	40	0	0	0	0	324.004	1739
53	40	0	0	0	0	328.398	1740
53	40	0	0	0	0	342.237	1741
53	40	0	0	0	0	304.614	1742
54	40	0	0	0	0	321.942	1743
54	40	0	0	0	0	308.194	1744
53	40	0	0	0	0	344.687	1745
52	40	0	0	0	0	327.085	1746
52	39	0	0	0	0	300.246	1747
54	39	0	0	0	0	344.333	1748
54	39	0	0	0	0	340.453	1749
54	39	0	0	0	0	335.164	1750
57	40	0	0	0	0	331.973	1751
57	40	0	0	0	0	319.333	1752
58	40	0	0	0	0	343.613	1753
56	38	0	0	0	0	324.833	1754
56	38	0	0	0	0	322.455	1755
56	38	0	0	0	0	336.801	1756
56	38	0	0	0	0	328.957	1757
56	38	0	0	0	0	330.552	1758
55	38	0	0	0	0	334.14	1759
52	38	0	0	0	0	305.733	1760
52	39	0	0	0	0	312.875	1761
52	40	0	0	0	0	329.406	1762
54	41	0	0	0	0	264.573	1763
57	44	0	0	0	0	329.159	1764
54	44	0	0	0	0	293.437	1765
54	45	0	0	0	0	315.244	1766
54	45	0	0	0	0	343.811	1767
53	45	0	0	0	0	330.998	1768
52	45	0	0	0	0	311.607	1769
50	43	0	0	0	0	304.998	1770
51	43	0	0	0	0	300.726	1771
43	42	0	0	0	0	240.139	1772
40	42	0	0	0	0	262.35	1773
43	41	0	0	0	0	264.884	1774
43	39	0	0	0	0	239.008	1775
46	39	0	0	0	0	286.067	1776
43	42	0	0	0	0	293.453	1777
42	42	0	0	0	0	300.087	1778
42	41	0	0	0	0	299.553	1779
42	41	0	0	0	0	292.074	1780
42	41	0	0	0	0	280.825	1781
45	41	0	0	0	0	300.069	1782
46	40	0	0	0	0	286.131	1783
46	40	0	0	0	0	245.176	1784
46	40	0	0	0	0	291.514	1785
45	39	0	0	0	0	243.374	1786
46	39	0	0	0	0	313.811	1787
46	39	0	0	0	0	312.586	1788
46	39	0	0	0	0	307.631	1789
46	41	0	0	0	0	301.001	1790
47	41	0	0	0	0	311.83	1791
47	40	0	0	0	0	309.942	1792
47	40	0	0	0	0	308.358	1793
47	39	0	0	0	0	252.029	1794
47	42	0	0	0	0	287.703	1795
48	42	0	0	0	0	304.649	1796
48	41	0	0	0	0	294.923	1797
49	40	0	0	0	0	279.692	1798
46	39	0	0	0	0	266.386	1799
46	42	0	0	0	0	281.09	1800
46	41	0	0	0	0	285.783	1801
46	40	0	0	0	0	280.292	1802
45	39	0	0	0	0	274.416	1803
41	38	0	0	0	0	262.199	1804
41	36	0	0	0	0	267.831	1805
43	35	0	0	0	0	230.788	1806
44	35	0	0	0	0	297.753	1807
47	35	0	0	0	0	293.53	1808
49	35	0	0	0	0	298.888	1809
47	35	0	0	0	0	266.708	1810
49	36	0	0	0	0	308.668	1811
50	36	0	0	0	0	298.269	1812
50	34	0	0	0	0	312.253	1813
50	32	0	0	0	0	270.407	1814
51	32	0	0	0	0	268.749	1815
51	32	0	0	0	0	293.349	1816
51	32	0	0	0	0	303.24	1817
51	32	0	0	0	0	284.555	1818
51	31	0	0	0	0	311.639	1819
51	30	0	0	0	0	273.586	1820
51	28	0	0	0	0	279.016	1821
52	28	0	0	0	0	274.418	1822
52	28	0	0	0	0	258.079	1823
52	27	0	0	0	0	245.433	1824
53	27	0	0	0	0	296.206	1825
53	27	0	0	0	0	282.934	1826
53	26	0	0	0	0	294.272	1827
53	26	0	0	0	0	279.299	1828
54	26	0	0	0	0	280.729	1829
54	26	0	0	0	0	291.005	1830
53	26	0	0	0	0	240.981	1831
53	26	0	0	0	0	301.567	1832
53	25	0	0	0	0	270.22	1833
54	25	0	0	0	0	296.374	1834
54	25	0	0	0	0	282.729	1835
54	25	0	0	0	0	296.932	1836
55	25	0	0	0	0	296.264	1837
54	25	0	0	0	0	277.513	1838
53	23	0	0	0	0	269.428	1839
53	22	0	0	0	0	264.067	1840
53	23	0	0	0	0	225.068	1841
54	22	0	0	0	0	267.336	1842
51	22	0	0	0	0	272.201	1843
51	22	0	0	0	0	259.492	1844
51	22	0	0	0	0	245.371	1845
51	22	0	0	0	0	260.569	1846
51	23	0	0	0	0	238.084	1847
49	23	0	0	0	0	246.982	1848
49	23	0	0	0	0	246.182	1849
43	23	0	0	0	0	215.341	1850
42	25	0	0	0	0	244.856	1851
42	27	0	0	0	0	225.388	1852
43	27	0	0	0	0	239.523	1853
43	30	0	0	0	0	259.842	1854
43	30	0	0	0	0	252.605	1855
43	30	0	0	0	0	241.375	1856
43	30	0	0	0	0	255.252	1857
42	30	0	0	0	0	243.795	1858
42	29	0	0	0	0	220.886	1859
36	30	0	0	0	0	211.022	1860
36	31	0	0	0	0	216.726	1861
36	34	0	0	0	0	216.932	1862
31	34	0	0	0	0	235.751	1863
32	34	0	0	0	0	218.592	1864
33	34	0	0	0	0	254.072	1865
33	34	0	0	0	0	218.038	1866
33	35	0	0	0	0	253.34	1867
33	35	0	0	0	0	254.898	1868
33	35	0	0	0	0	257.455	1869
33	35	0	0	0	0	261.273	1870
34	36	0	0	0	0	217.658	1871
34	36	0	0	0	0	263.684	1872
34	36	0	0	0	0	260.705	1873
35	36	0	0	0	0	245.243	1874
35	36	0	0	0	0	248.259	1875
34	36	0	0	0	0	247.838	1876
35	39	0	0	0	0	257.981	1877
35	39	0	0	0	0	227.144	1878
35	39	0	0	0	0	273.521	1879
35	38	0	0	0	0	266.206	1880
34	36	0	0	0	0	216.913	1881
34	36	0	0	0	0	264.736	1882
34	36	0	0	0	0	258.416	1883
35	37	0	0	0	0	226.408	1884
35	36	0	0	0	0	213.539	1885
30	38	0	0	0	0	245.801	1886
30	42	0	0	0	0	244.179	1887
29	42	0	0	0	0	229.771	1888
30	42	0	0	0	0	246.489	1889
30	42	0	0	0	0	247.585	1890
30	42	0	0	0	0	207.092	1891
35	42	0	0	0	0	201.273	1892
36	42	0	0	0	0	161.058	1893
34	41	0	0	0	0	202.014	1894
29	40	0	0	0	0	201.092	1895
21	40	0	0	0	0	193.302	1896
21	39	0	0	0	0	201.137	1897
20	40	0	0	0	0	192.917	1898
24	42	0	0	0	0	217.354	1899
25	44	0	0	0	0	222.158	1900
24	43	0	0	0	0	188.698	1901
25	43	0	0	0	0	219.943	1902
26	38	0	0	0	0	208.907	1903
27	38	0	0	0	0	218.019	1904
27	37	0	0	0	0	240.848	1905
28	36	0	0	0	0	209.141	1906
29	37	0	0	0	0	202.217	1907
31	37	0	0	0	0	240.651	1908
31	37	0	0	0	0	233.282	1909
32	37	0	0	0	0	246.155	1910
33	36	0	0	0	0	244.736	1911
33	35	0	0	0	0	248.753	1912
33	32	0	0	0	0	204.464	1913
34	32	0	0	0	0	219.13	1914
35	33	0	0	0	0	241.359	1915
35	33	0	0	0	0	252.952	1916
36	33	0	0	0	0	222.219	1917
38	33	0	0	0	0	216.322	1918
38	33	0	0	0	0	262.083	1919
39	32	0	0	0	0	249.156	1920
39	30	0	0	0	0	211.565	1921
38	30	0	0	0	0	233.895	1922
38	31	0	0	0	0	219.499	1923
38	31	0	0	0	0	247.377	1924
38	29	0	0	0	0	243.249	1925
39	28	0	0	0	0	201.298	1926
38	28	0	0	0	0	211.77	1927
38	29	0	0	0	0	236.828	1928
39	30	0	0	0	0	240.586	1929
39	29	0	0	0	0	245.359	1930
39	29	0	0	0	0	241.841	1931
39	29	0	0	0	0	242.927	1932
39	30	0	0	0	0	239.591	1933
40	30	0	0	0	0	255.109	1934
40	29	0	0	0	0	241.522	1935
40	28	0	0	0	0	230.974	1936
40	27	0	0	0	0	221.133	1937
40	27	0	0	0	0	224.659	1938
39	27	0	0	0	0	233.704	1939
40	26	0	0	0	0	217.474	1940
40	26	0	0	0	0	221.729	1941
39	26	0	0	0	0	226.713	1942
39	25	0	0	0	0	224.15	1943
39	25	0	0	0	0	227.264	1944
39	24	0	0	0	0	225.018	1945
38	24	0	0	0	0	233.634	1946
38	24	0	0	0	0	236.896	1947
38	25	0	0	0	0	211.324	1948
38	28	0	0	0	0	213.76	1949
38	28	0	0	0	0	211.728	1950
38	31	0	0	0	0	241.721	1951
38	31	0	0	0	0	221.332	1952
38	30	0	0	0	0	231.721	1953
39	33	0	0	0	0	233.098	1954
38	33	0	0	0	0	223.265	1955
38	33	0	0	0	0	219.794	1956
36	33	0	0	0	0	261.631	1957
36	33	0	0	0	0	246.427	1958
36	50	0	0	0	0	255.497	1959
35	50	0	0	0	0	275.329	1960
36	52	0	0	0	0	309.165	1961
36	52	0	0	0	0	304.106	1962
36	52	0	0	0	0	308.139	1963
36	52	0	0	0	0	305.561	1964
36	52	0	0	0	0	307.338	1965
36	52	0	0	0	0	301.286	1966
36	52	0	0	0	0	297.333	1967
29	52	0	0	0	0	275.009	1968
27	51	0	0	0	0	277.501	1969
27	52	0	0	0	0	298.625	1970
28	52	0	0	0	0	301.16	1971
28	52	0	0	0	0	295.009	1972
30	49	0	0	0	0	268.47	1973
30	48	0	0	0	0	260.475	1974
30	48	0	0	0	0	260.177	1975
30	48	0	0	0	0	261.693	1976
30	49	0	0	0	0	286.164	1977
30	49	0	0	0	0	295.747	1978
31	49	0	0	0	0	302.39	1979
32	49	0	0	0	0	286.609	1980
31	49	0	0	0	0	275.799	1981
31	49	0	0	0	0	305.381	1982
31	49	0	0	0	0	243.889	1983
32	50	0	0	0	0	299.302	1984
33	50	0	0	0	0	303.507	1985
33	51	0	0	0	0	305.608	1986
33	51	0	0	0	0	311.488	1987
34	50	0	0	0	0	277.34	1988
34	49	0	0	0	0	289.395	1989
33	49	0	0	0	0	296.293	1990
33	50	0	0	0	0	316.918	1991
33	51	0	0	0	0	252.793	1992
33	50	0	0	0	0	275.277	1993
34	50	0	0	0	0	316.269	1994
33	50	0	0	0	0	309.778	1995
33	50	0	0	0	0	311.672	1996
33	50	0	0	0	0	236.621	1997
33	50	0	0	0	0	294.442	1998
33	49	0	0	0	0	286.079	1999
29	49	0	0	0	0	278.644	2000
29	49	0	0	0	0	279.352	2001
29	50	0	0	0	0	279.996	2002
29	48	0	0	0	0	231.647	2003
29	49	0	0	0	0	269.215	2004
29	47	0	0	0	0	273.18	2005
30	47	0	0	0	0	260.3	2006
31	47	0	0	0	0	267.743	2007
31	47	0	0	0	0	261.666	2008
32	47	0	0	0	0	284.623	2009
34	46	0	0	0	0	274.732	2010
35	46	0	0	0	0	293.686	2011
35	46	0	0	0	0	302.762	2012
36	45	0	0	0	0	267.087	2013
36	44	0	0	0	0	279.943	2014
39	43	0	0	0	0	267.279	2015
40	43	0	0	0	0	316.18	2016
41	44	0	0	0	0	296.192	2017
40	43	0	0	0	0	291.207	2018
40	44	0	0	0	0	245.688	2019
42	44	0	0	0	0	258.928	2020
44	44	0	0	0	0	295.576	2021
44	44	0	0	0	0	303.196	2022
44	44	0	0	0	0	318.371	2023
45	45	0	0	0	0	318.864	2024
45	45	0	0	0	0	319.71	2025
45	45	0	0	0	0	279.649	2026
42	47	0	0	0	0	312.768	2027
41	45	0	0	0	0	290.398	2028
42	54	0	0	0	0	306.719	2029
43	54	0	0	0	0	295.586	2030
44	56	0	0	0	0	310	2031
43	55	0	0	0	0	293.405	2032
46	54	0	0	0	0	325.012	2033
45	52	0	0	0	0	314.603	2034
45	52	0	0	0	0	292.441	2035
42	52	0	0	0	0	341.057	2036
42	52	0	0	0	0	329.093	2037
40	51	0	0	0	0	302.888	2038
40	51	0	0	0	0	340.627	2039
40	51	0	0	0	0	318.983	2040
41	51	0	0	0	0	339.769	2041
42	50	0	0	0	0	280.964	2042
42	50	0	0	0	0	348.253	2043
42	50	0	0	0	0	284.895	2044
43	50	0	0	0	0	338.762	2045
44	50	0	0	0	0	325.461	2046
44	49	0	0	0	0	320.297	2047
44	49	0	0	0	0	287.51	2048
45	48	0	0	0	0	344.618	2049
47	48	0	0	0	0	332.361	2050
47	49	0	0	0	0	335.465	2051
48	49	0	0	0	0	317.079	2052
48	52	0	0	0	0	346.637	2053
48	53	0	0	0	0	369.05	2054
49	53	0	0	0	0	363.851	2055
49	53	0	0	0	0	380.116	2056
50	53	0	0	0	0	355.399	2057
50	53	0	0	0	0	375.338	2058
50	52	0	0	0	0	367.491	2059
50	52	0	0	0	0	337.766	2060
50	53	0	0	0	0	371.535	2061
49	53	0	0	0	0	376.809	2062
51	52	0	0	0	0	348.757	2063
52	52	0	0	0	0	369.163	2064
51	50	0	0	0	0	313.838	2065
51	50	0	0	0	0	358.402	2066
52	50	0	0	0	0	357.426	2067
53	51	0	0	0	0	355.096	2068
53	51	0	0	0	0	374.041	2069
48	50	0	0	0	0	334.004	2070
49	50	0	0	0	0	318.373	2071
50	50	0	0	0	0	362.706	2072
51	49	0	0	0	0	231.799	2073
51	49	0	0	0	0	348.051	2074
52	49	0	0	0	0	364.236	2075
53	48	0	0	0	0	376.319	2076
53	48	0	0	0	0	290.324	2077
50	48	0	0	0	0	326.664	2078
53	46	0	0	0	0	310.169	2079
53	46	0	0	0	0	369.717	2080
54	46	0	0	0	0	340.324	2081
56	46	0	0	0	0	322.637	2082
56	45	0	0	0	0	340.841	2083
55	45	0	0	0	0	336.226	2084
56	45	0	0	0	0	345.811	2085
56	42	0	0	0	0	313.58	2086
56	43	0	0	0	0	364.962	2087
57	44	0	0	0	0	341.943	2088
59	46	0	0	0	0	352.958	2089
59	47	0	0	0	0	367.361	2090
59	46	0	0	0	0	367.228	2091
60	47	0	0	0	0	383.323	2092
60	47	0	0	0	0	383.934	2093
60	47	0	0	0	0	387.052	2094
60	46	0	0	0	0	369.571	2095
60	44	0	0	0	0	334.081	2096
60	43	0	0	0	0	361.207	2097
60	43	0	0	0	0	364.898	2098
60	38	0	0	0	0	312.986	2099
61	38	0	0	0	0	366.613	2100
62	36	0	0	0	0	343.831	2101
62	36	0	0	0	0	337.212	2102
62	36	0	0	0	0	361.716	2103
62	36	0	0	0	0	361.47	2104
62	35	0	0	0	0	287.24	2105
64	35	0	0	0	0	338.101	2106
65	38	0	0	0	0	362.809	2107
64	37	0	0	0	0	354.106	2108
64	40	0	0	0	0	380.149	2109
64	40	0	0	0	0	390.64	2110
62	40	0	0	0	0	337.141	2111
65	43	0	0	0	0	342.062	2112
66	43	0	0	0	0	372.646	2113
67	47	0	0	0	0	403.604	2114
68	47	0	0	0	0	427.981	2115
66	47	0	0	0	0	409.864	2116
66	47	0	0	0	0	401.89	2117
60	47	0	0	0	0	352.479	2118
61	47	0	0	0	0	372.219	2119
61	47	0	0	0	0	392.593	2120
60	47	0	0	0	0	367.231	2121
60	47	0	0	0	0	379.323	2122
58	46	0	0	0	0	348.199	2123
58	45	0	0	0	0	392.25	2124
58	44	0	0	0	0	376.157	2125
58	44	0	0	0	0	363.82	2126
58	44	0	0	0	0	372.571	2127
58	44	0	0	0	0	365.556	2128
58	45	0	0	0	0	368.883	2129
58	46	0	0	0	0	385.425	2130
58	45	0	0	0	0	367.233	2131
58	45	0	0	0	0	360.49	2132
58	44	0	0	0	0	351.559	2133
57	44	0	0	0	0	343.399	2134
57	44	0	0	0	0	358.836	2135
58	44	0	0	0	0	376.538	2136
58	44	0	0	0	0	374.601	2137
58	43	0	0	0	0	366.323	2138
58	43	0	0	0	0	372.031	2139
58	42	0	0	0	0	342.456	2140
58	42	0	0	0	0	368.74	2141
57	44	0	0	0	0	337.692	2142
57	44	0	0	0	0	382.296	2143
57	43	0	0	0	0	374.666	2144
56	43	0	0	0	0	339.312	2145
56	44	0	0	0	0	323.595	2146
58	47	0	0	0	0	367.155	2147
57	51	0	0	0	0	357.321	2148
56	51	0	0	0	0	378.952	2149
56	53	0	0	0	0	374.986	2150
53	53	0	0	0	0	364.347	2151
50	63	0	0	0	0	375.328	2152
50	62	0	0	0	0	364.774	2153
50	61	0	0	0	0	396.162	2154
50	61	0	0	0	0	295.218	2155
44	61	0	0	0	0	301.394	2156
44	63	0	0	0	0	329.447	2157
44	64	0	0	0	0	327.387	2158
44	64	0	0	0	0	295.883	2159
45	63	0	0	0	0	303.134	2160
36	63	0	0	0	0	327.027	2161
37	63	0	0	0	0	322.143	2162
35	63	0	0	0	0	327.687	2163
35	63	0	0	0	0	361.989	2164
33	63	0	0	0	0	341.783	2165
30	63	0	0	0	0	333.147	2166
29	64	0	0	0	0	299.997	2167
32	62	0	0	0	0	293.294	2168
32	62	0	0	0	0	295.998	2169
32	58	0	0	0	0	319.171	2170
32	56	0	0	0	0	278.076	2171
32	56	0	0	0	0	292.879	2172
32	56	0	0	0	0	267.977	2173
30	55	0	0	0	0	313.778	2174
31	55	0	0	0	0	308.051	2175
29	55	0	0	0	0	273.097	2176
32	54	0	0	0	0	314.156	2177
32	53	0	0	0	0	252.464	2178
35	54	0	0	0	0	300.635	2179
34	54	0	0	0	0	306.748	2180
34	52	0	0	0	0	297.186	2181
34	52	0	0	0	0	297.309	2182
35	52	0	0	0	0	299.375	2183
36	57	0	0	0	0	300.086	2184
37	57	0	0	0	0	359.229	2185
37	57	0	0	0	0	351.581	2186
37	57	0	0	0	0	300.597	2187
35	56	0	0	0	0	323.394	2188
35	57	0	0	0	0	314.253	2189
35	58	0	0	0	0	349.479	2190
35	58	0	0	0	0	339.389	2191
35	58	0	0	0	0	312.658	2192
36	58	0	0	0	0	322.466	2193
36	57	0	0	0	0	342.071	2194
37	56	0	0	0	0	321.443	2195
38	57	0	0	0	0	348.896	2196
38	57	0	0	0	0	349.856	2197
37	57	0	0	0	0	340.935	2198
37	58	0	0	0	0	335.004	2199
37	59	0	0	0	0	343.133	2200
37	59	0	0	0	0	289.584	2201
37	58	0	0	0	0	332.989	2202
37	58	0	0	0	0	338.09	2203
37	57	0	0	0	0	283.111	2204
37	56	0	0	0	0	332.116	2205
37	56	0	0	0	0	333.848	2206
38	56	0	0	0	0	344.798	2207
38	59	0	0	0	0	332.139	2208
41	59	0	0	0	0	331.325	2209
42	59	0	0	0	0	334.984	2210
41	61	0	0	0	0	340.955	2211
39	61	0	0	0	0	333.783	2212
39	64	0	0	0	0	293.466	2213
39	66	0	0	0	0	335.016	2214
40	66	0	0	0	0	352.195	2215
39	66	0	0	0	0	370.194	2216
38	65	0	0	0	0	353.585	2217
38	63	0	0	0	0	354.507	2218
39	63	0	0	0	0	370.237	2219
39	62	0	0	0	0	366.858	2220
39	61	0	0	0	0	297.111	2221
37	62	0	0	0	0	331.866	2222
33	61	0	0	0	0	304.817	2223
33	59	0	0	0	0	325.594	2224
33	57	0	0	0	0	287.518	2225
35	57	0	0	0	0	299.536	2226
36	57	0	0	0	0	329.568	2227
36	57	0	0	0	0	329.106	2228
36	56	0	0	0	0	336.693	2229
36	58	0	0	0	0	303.792	2230
36	61	0	0	0	0	310.038	2231
39	61	0	0	0	0	323.037	2232
41	61	0	0	0	0	373.346	2233
42	60	0	0	0	0	372.394	2234
42	61	0	0	0	0	354.301	2235
43	60	0	0	0	0	318.95	2236
45	58	0	0	0	0	322.806	2237
47	58	0	0	0	0	332.492	2238
46	55	0	0	0	0	294.389	2239
46	55	0	0	0	0	373.632	2240
46	55	0	0	0	0	308.294	2241
46	55	0	0	0	0	344.325	2242
47	55	0	0	0	0	355.734	2243
47	54	0	0	0	0	361.878	2244
47	53	0	0	0	0	296.646	2245
47	53	0	0	0	0	373.73	2246
47	52	0	0	0	0	330.221	2247
47	52	0	0	0	0	348.385	2248
46	52	0	0	0	0	321.844	2249
46	51	0	0	0	0	325.183	2250
48	51	0	0	0	0	349.552	2251
47	51	0	0	0	0	338.575	2252
47	51	0	0	0	0	264.467	2253
49	50	0	0	0	0	319.256	2254
49	50	0	0	0	0	336.683	2255
49	49	0	0	0	0	249.546	2256
50	48	0	0	0	0	310.278	2257
50	47	0	0	0	0	327.853	2258
50	47	0	0	0	0	293.585	2259
52	46	0	0	0	0	323.33	2260
52	47	0	0	0	0	332.96	2261
54	45	0	0	0	0	285.269	2262
55	46	0	0	0	0	336.309	2263
50	45	0	0	0	0	317.319	2264
50	46	0	0	0	0	334.692	2265
51	50	0	0	0	0	281.552	2266
53	49	0	0	0	0	325.439	2267
51	49	0	0	0	0	252.423	2268
53	49	0	0	0	0	358.264	2269
55	49	0	0	0	0	334.882	2270
53	49	0	0	0	0	149.739	2271
55	49	0	0	0	0	372.679	2272
55	49	0	0	0	0	346.853	2273
51	48	0	0	0	0	336.336	2274
51	48	0	0	0	0	334.334	2275
50	46	0	0	0	0	357.164	2276
50	47	0	0	0	0	364.905	2277
51	47	0	0	0	0	335.917	2278
53	48	0	0	0	0	367.63	2279
52	46	0	0	0	0	307.47	2280
52	46	0	0	0	0	310.388	2281
54	46	0	0	0	0	333.133	2282
56	46	0	0	0	0	381.909	2283
56	46	0	0	0	0	324.291	2284
56	46	0	0	0	0	372.354	2285
56	46	0	0	0	0	324.819	2286
55	46	0	0	0	0	356.763	2287
57	46	0	0	0	0	361.78	2288
59	45	0	0	0	0	358.623	2289
59	45	0	0	0	0	365.803	2290
59	45	0	0	0	0	366.599	2291
59	43	0	0	0	0	366.704	2292
59	43	0	0	0	0	384.235	2293
59	42	0	0	0	0	274.549	2294
61	43	0	0	0	0	352.21	2295
62	41	0	0	0	0	354.182	2296
63	39	0	0	0	0	343.238	2297
63	39	0	0	0	0	346.35	2298
64	37	0	0	0	0	286.215	2299
64	41	0	0	0	0	318.326	2300
65	40	0	0	0	0	336.477	2301
65	35	0	0	0	0	300.487	2302
65	34	0	0	0	0	315.589	2303
65	32	0	0	0	0	335.381	2304
65	32	0	0	0	0	300.695	2305
61	33	0	0	0	0	319.659	2306
61	33	0	0	0	0	330.328	2307
61	31	0	0	0	0	329.448	2308
59	30	0	0	0	0	304.841	2309
60	30	0	0	0	0	315.412	2310
60	29	0	0	0	0	278.995	2311
60	29	0	0	0	0	316.182	2312
60	28	0	0	0	0	320.068	2313
60	28	0	0	0	0	323.181	2314
60	28	0	0	0	0	282.961	2315
60	27	0	0	0	0	313.601	2316
60	27	0	0	0	0	310.981	2317
60	25	0	0	0	0	316.309	2318
60	27	0	0	0	0	251.983	2319
60	27	0	0	0	0	316.229	2320
60	25	0	0	0	0	253.068	2321
61	24	0	0	0	0	312.266	2322
61	22	0	0	0	0	284.651	2323
61	22	0	0	0	0	284.965	2324
60	22	0	0	0	0	281.448	2325
60	22	0	0	0	0	303.406	2326
60	22	0	0	0	0	302.643	2327
59	22	0	0	0	0	207.908	2328
59	22	0	0	0	0	253.269	2329
59	21	0	0	0	0	306.268	2330
59	22	0	0	0	0	307.035	2331
60	22	0	0	0	0	307.632	2332
61	22	0	0	0	0	289.653	2333
61	23	0	0	0	0	311.74	2334
59	23	0	0	0	0	299.34	2335
59	23	0	0	0	0	300.661	2336
59	23	0	0	0	0	283.84	2337
59	22	0	0	0	0	288.233	2338
59	21	0	0	0	0	269.383	2339
56	21	0	0	0	0	290.619	2340
56	21	0	0	0	0	280.417	2341
56	21	0	0	0	0	225.661	2342
57	21	0	0	0	0	247.1	2343
58	21	0	0	0	0	277.751	2344
58	21	0	0	0	0	279.717	2345
58	19	0	0	0	0	272.115	2346
58	19	0	0	0	0	274.951	2347
58	19	0	0	0	0	271.419	2348
57	19	0	0	0	0	242.525	2349
55	21	0	0	0	0	264.98	2350
55	21	0	0	0	0	252.511	2351
55	31	0	0	0	0	244.082	2352
56	30	0	0	0	0	252.194	2353
58	28	0	0	0	0	264.373	2354
58	28	0	0	0	0	247.916	2355
58	28	0	0	0	0	248.829	2356
58	28	0	0	0	0	260.899	2357
57	28	0	0	0	0	277.713	2358
50	28	0	0	0	0	263.516	2359
50	33	0	0	0	0	272.612	2360
46	32	0	0	0	0	235.997	2361
47	32	0	0	0	0	267.116	2362
47	31	0	0	0	0	249.639	2363
47	31	0	0	0	0	262.511	2364
47	30	0	0	0	0	259.976	2365
47	30	0	0	0	0	255.627	2366
46	32	0	0	0	0	244.73	2367
46	35	0	0	0	0	247.558	2368
41	36	0	0	0	0	274.817	2369
41	35	0	0	0	0	254.86	2370
40	35	0	0	0	0	256.189	2371
40	35	0	0	0	0	266.981	2372
40	35	0	0	0	0	254.601	2373
41	35	0	0	0	0	252.491	2374
40	35	0	0	0	0	251.101	2375
43	35	0	0	0	0	247.398	2376
35	35	0	0	0	0	244.747	2377
35	35	0	0	0	0	268.881	2378
35	35	0	0	0	0	262.297	2379
35	35	0	0	0	0	211.075	2380
37	35	0	0	0	0	231.319	2381
38	35	0	0	0	0	270.766	2382
38	35	0	0	0	0	242.999	2383
40	35	0	0	0	0	276.856	2384
40	35	0	0	0	0	256.747	2385
40	35	0	0	0	0	280.923	2386
41	35	0	0	0	0	272.429	2387
41	35	0	0	0	0	278.372	2388
41	35	0	0	0	0	255.796	2389
41	35	0	0	0	0	282.852	2390
41	34	0	0	0	0	234.832	2391
41	34	0	0	0	0	285.481	2392
41	34	0	0	0	0	288.081	2393
42	34	0	0	0	0	271.169	2394
42	34	0	0	0	0	271.607	2395
41	34	0	0	0	0	287.536	2396
41	35	0	0	0	0	256.844	2397
41	37	0	0	0	0	265.621	2398
41	38	0	0	0	0	281.654	2399
41	38	0	0	0	0	218.021	2400
39	38	0	0	0	0	279.722	2401
38	38	0	0	0	0	275.619	2402
37	38	0	0	0	0	229.162	2403
37	38	0	0	0	0	283.042	2404
37	38	0	0	0	0	278.918	2405
38	37	0	0	0	0	258.926	2406
38	37	0	0	0	0	259.322	2407
38	36	0	0	0	0	266.349	2408
38	36	0	0	0	0	253.977	2409
38	35	0	0	0	0	210.683	2410
37	34	0	0	0	0	260.398	2411
38	34	0	0	0	0	251.702	2412
38	34	0	0	0	0	227.74	2413
39	34	0	0	0	0	222.229	2414
40	34	0	0	0	0	232.292	2415
34	35	0	0	0	0	242.532	2416
33	33	0	0	0	0	203.756	2417
32	33	0	0	0	0	239.011	2418
32	33	0	0	0	0	213.374	2419
32	35	0	0	0	0	223.266	2420
32	35	0	0	0	0	215.934	2421
32	35	0	0	0	0	229.957	2422
32	34	0	0	0	0	223.689	2423
32	36	0	0	0	0	228.566	2424
31	36	0	0	0	0	236.953	2425
32	36	0	0	0	0	249.431	2426
32	36	0	0	0	0	223.474	2427
32	36	0	0	0	0	226.697	2428
29	36	0	0	0	0	204.385	2429
29	36	0	0	0	0	228.658	2430
29	35	0	0	0	0	227.38	2431
29	35	0	0	0	0	226.031	2432
29	35	0	0	0	0	220.826	2433
29	35	0	0	0	0	234.542	2434
29	35	0	0	0	0	177.816	2435
30	35	0	0	0	0	232.771	2436
30	34	0	0	0	0	234.935	2437
30	34	0	0	0	0	196.366	2438
30	34	0	0	0	0	213.489	2439
33	35	0	0	0	0	238.11	2440
33	35	0	0	0	0	234.323	2441
33	37	0	0	0	0	253.25	2442
33	37	0	0	0	0	254.795	2443
33	36	0	0	0	0	238.86	2444
34	37	0	0	0	0	233.905	2445
35	38	0	0	0	0	247.215	2446
35	38	0	0	0	0	254.044	2447
36	36	0	0	0	0	243.241	2448
36	36	0	0	0	0	251.048	2449
36	35	0	0	0	0	264.626	2450
36	35	0	0	0	0	266.191	2451
36	35	0	0	0	0	259.883	2452
36	35	0	0	0	0	271.697	2453
36	35	0	0	0	0	256.869	2454
36	35	0	0	0	0	233.329	2455
35	35	0	0	0	0	237.05	2456
38	35	0	0	0	0	258.942	2457
38	36	0	0	0	0	267.217	2458
38	36	0	0	0	0	265.199	2459
38	33	0	0	0	0	219.215	2460
39	33	0	0	0	0	250.124	2461
39	31	0	0	0	0	246.109	2462
40	30	0	0	0	0	222.751	2463
40	30	0	0	0	0	260.154	2464
38	30	0	0	0	0	243.307	2465
38	34	0	0	0	0	243.925	2466
38	33	0	0	0	0	262.106	2467
38	33	0	0	0	0	255.5	2468
38	32	0	0	0	0	238.145	2469
38	30	0	0	0	0	229.02	2470
38	29	0	0	0	0	223.325	2471
37	28	0	0	0	0	205.059	2472
38	28	0	0	0	0	247.174	2473
38	28	0	0	0	0	242.511	2474
36	27	0	0	0	0	212.237	2475
37	26	0	0	0	0	215.803	2476
37	26	0	0	0	0	237.537	2477
37	26	0	0	0	0	234.356	2478
37	26	0	0	0	0	235.869	2479
37	25	0	0	0	0	221.875	2480
37	25	0	0	0	0	228.234	2481
37	25	0	0	0	0	231.291	2482
37	26	0	0	0	0	215.351	2483
37	26	0	0	0	0	228.459	2484
37	26	0	0	0	0	215.745	2485
35	26	0	0	0	0	202.981	2486
35	26	0	0	0	0	208.581	2487
34	26	0	0	0	0	197.951	2488
34	26	0	0	0	0	201.786	2489
29	24	0	0	0	0	190.577	2490
29	28	0	0	0	0	193.355	2491
29	30	0	0	0	0	194.22	2492
28	30	0	0	0	0	202.292	2493
29	29	0	0	0	0	179.848	2494
28	29	0	0	0	0	180.803	2495
29	28	0	0	0	0	199.35	2496
28	28	0	0	0	0	178.912	2497
29	29	0	0	0	0	186.957	2498
29	31	0	0	0	0	178.757	2499
25	32	0	0	0	0	180.059	2500
25	31	0	0	0	0	206.667	2501
25	31	0	0	0	0	206.053	2502
25	31	0	0	0	0	200.167	2503
25	31	0	0	0	0	204.564	2504
26	31	0	0	0	0	194.461	2505
26	31	0	0	0	0	176.698	2506
26	31	0	0	0	0	197.842	2507
26	32	0	0	0	0	181.653	2508
27	32	0	0	0	0	201.819	2509
24	31	0	0	0	0	177.495	2510
24	31	0	0	0	0	192.95	2511
24	31	0	0	0	0	207.196	2512
24	31	0	0	0	0	174.796	2513
24	31	0	0	0	0	201.016	2514
24	31	0	0	0	0	184.632	2515
25	31	0	0	0	0	189.096	2516
25	31	0	0	0	0	202.103	2517
26	30	0	0	0	0	201.948	2518
26	29	0	0	0	0	152.019	2519
29	29	0	0	0	0	210.662	2520
31	29	0	0	0	0	207.433	2521
31	27	0	0	0	0	199.524	2522
31	27	0	0	0	0	210.463	2523
31	26	0	0	0	0	210.188	2524
31	26	0	0	0	0	204.446	2525
31	26	0	0	0	0	214.752	2526
31	29	0	0	0	0	216.971	2527
31	29	0	0	0	0	182.247	2528
31	29	0	0	0	0	205.685	2529
31	29	0	0	0	0	201.57	2530
31	29	0	0	0	0	220.994	2531
32	29	0	0	0	0	219.898	2532
32	29	0	0	0	0	217.471	2533
31	29	0	0	0	0	166.876	2534
31	29	0	0	0	0	205.864	2535
26	29	0	0	0	0	202.879	2536
26	29	0	0	0	0	186.865	2537
27	30	0	0	0	0	204.831	2538
28	30	0	0	0	0	211.111	2539
28	30	0	0	0	0	186.772	2540
29	30	0	0	0	0	195.222	2541
29	30	0	0	0	0	225.316	2542
29	30	0	0	0	0	186.415	2543
27	30	0	0	0	0	205.298	2544
27	30	0	0	0	0	209.127	2545
27	31	0	0	0	0	202.106	2546
27	30	0	0	0	0	199.418	2547
26	29	0	0	0	0	161.082	2548
25	30	0	0	0	0	189.019	2549
25	29	0	0	0	0	158.986	2550
26	28	0	0	0	0	168.546	2551
27	28	0	0	0	0	202.489	2552
27	27	0	0	0	0	204.716	2553
27	27	0	0	0	0	198.482	2554
27	25	0	0	0	0	140.604	2555
27	31	0	0	0	0	167.022	2556
27	32	0	0	0	0	207.504	2557
27	32	0	0	0	0	210.06	2558
26	34	0	0	0	0	189.396	2559
25	33	0	0	0	0	214.853	2560
25	34	0	0	0	0	209.863	2561
25	35	0	0	0	0	216.351	2562
25	35	0	0	0	0	215.199	2563
25	35	0	0	0	0	224.446	2564
25	34	0	0	0	0	164.949	2565
25	35	0	0	0	0	218.097	2566
25	36	0	0	0	0	188.265	2567
25	35	0	0	0	0	200.929	2568
25	34	0	0	0	0	221.684	2569
25	33	0	0	0	0	182.378	2570
26	33	0	0	0	0	214.622	2571
25	33	0	0	0	0	210.656	2572
24	36	0	0	0	0	207.67	2573
24	36	0	0	0	0	165.599	2574
22	38	0	0	0	0	219.593	2575
22	38	0	0	0	0	211.396	2576
22	38	0	0	0	0	203.036	2577
22	38	0	0	0	0	192.341	2578
24	38	0	0	0	0	206.256	2579
25	40	0	0	0	0	205.69	2580
24	41	0	0	0	0	199.839	2581
21	41	0	0	0	0	204.83	2582
19	41	0	0	0	0	190.539	2583
24	40	0	0	0	0	198.721	2584
29	40	0	0	0	0	222.822	2585
29	40	0	0	0	0	227.498	2586
29	40	0	0	0	0	231.943	2587
29	39	0	0	0	0	227.799	2588
25	39	0	0	0	0	209.558	2589
25	39	0	0	0	0	239.925	2590
25	39	0	0	0	0	194.472	2591
25	38	0	0	0	0	179.253	2592
28	36	0	0	0	0	219.027	2593
28	35	0	0	0	0	237.932	2594
28	35	0	0	0	0	208.613	2595
27	34	0	0	0	0	208.66	2596
26	34	0	0	0	0	216.373	2597
26	34	0	0	0	0	198.71	2598
26	36	0	0	0	0	185.744	2599
27	34	0	0	0	0	208.947	2600
27	34	0	0	0	0	204.233	2601
27	34	0	0	0	0	213.746	2602
27	34	0	0	0	0	201.15	2603
29	34	0	0	0	0	227.059	2604
30	34	0	0	0	0	237.13	2605
29	34	0	0	0	0	227.484	2606
29	34	0	0	0	0	228.2	2607
29	31	0	0	0	0	169.345	2608
31	29	0	0	0	0	187.387	2609
31	29	0	0	0	0	218.763	2610
30	29	0	0	0	0	222.007	2611
30	29	0	0	0	0	222.405	2612
29	29	0	0	0	0	216.067	2613
29	29	0	0	0	0	174.373	2614
31	29	0	0	0	0	208.818	2615
33	29	0	0	0	0	226.169	2616
33	29	0	0	0	0	189.053	2617
34	29	0	0	0	0	204.093	2618
34	29	0	0	0	0	214.613	2619
34	33	0	0	0	0	215.608	2620
33	33	0	0	0	0	183.215	2621
32	33	0	0	0	0	185.791	2622
35	33	0	0	0	0	247.344	2623
35	33	0	0	0	0	235.622	2624
35	33	0	0	0	0	248.185	2625
35	31	0	0	0	0	212.744	2626
35	30	0	0	0	0	192.943	2627
35	31	0	0	0	0	229.443	2628
33	31	0	0	0	0	226.698	2629
33	31	0	0	0	0	182.871	2630
33	31	0	0	0	0	230.772	2631
33	31	0	0	0	0	215.007	2632
33	30	0	0	0	0	189.96	2633
35	30	0	0	0	0	221.727	2634
35	29	0	0	0	0	209.968	2635
35	29	0	0	0	0	225.907	2636
35	27	0	0	0	0	179.557	2637
36	28	0	0	0	0	214.009	2638
33	28	0	0	0	0	201.307	2639
34	28	0	0	0	0	221.22	2640
34	32	0	0	0	0	184.689	2641
36	32	0	0	0	0	188.156	2642
41	32	0	0	0	0	248.001	2643
41	32	0	0	0	0	238.242	2644
42	33	0	0	0	0	260.783	2645
43	33	0	0	0	0	252.451	2646
44	33	0	0	0	0	280.161	2647
44	33	0	0	0	0	266.206	2648
46	33	0	0	0	0	279.607	2649
46	31	0	0	0	0	257.627	2650
47	31	0	0	0	0	271.732	2651
47	32	0	0	0	0	278.031	2652
49	32	0	0	0	0	261.652	2653
46	32	0	0	0	0	266.501	2654
46	30	0	0	0	0	268.283	2655
45	29	0	0	0	0	204.873	2656
45	29	0	0	0	0	262.621	2657
46	29	0	0	0	0	266.39	2658
46	29	0	0	0	0	191.512	2659
49	29	0	0	0	0	278.191	2660
49	29	0	0	0	0	279.592	2661
50	28	0	0	0	0	283.414	2662
50	28	0	0	0	0	268.569	2663
48	28	0	0	0	0	289.638	2664
48	28	0	0	0	0	228.81	2665
48	26	0	0	0	0	268.766	2666
48	26	0	0	0	0	280.516	2667
48	26	0	0	0	0	279.022	2668
48	26	0	0	0	0	252.966	2669
47	26	0	0	0	0	252.754	2670
46	26	0	0	0	0	249.653	2671
48	27	0	0	0	0	226.299	2672
48	27	0	0	0	0	254.004	2673
50	27	0	0	0	0	233.115	2674
51	27	0	0	0	0	276.721	2675
50	27	0	0	0	0	264.871	2676
51	28	0	0	0	0	280.845	2677
51	27	0	0	0	0	249.442	2678
51	27	0	0	0	0	283.016	2679
51	34	0	0	0	0	260.596	2680
51	33	0	0	0	0	242.383	2681
51	33	0	0	0	0	285.36	2682
51	33	0	0	0	0	312.441	2683
50	33	0	0	0	0	248.893	2684
51	32	0	0	0	0	304.696	2685
51	31	0	0	0	0	226.186	2686
51	33	0	0	0	0	301.231	2687
51	33	0	0	0	0	300.034	2688
50	33	0	0	0	0	276.98	2689
50	38	0	0	0	0	290.637	2690
52	37	0	0	0	0	307.473	2691
54	39	0	0	0	0	327.024	2692
54	39	0	0	0	0	270.468	2693
48	38	0	0	0	0	275.161	2694
46	37	0	0	0	0	294.026	2695
46	37	0	0	0	0	286.713	2696
46	37	0	0	0	0	256.544	2697
47	37	0	0	0	0	300.839	2698
46	37	0	0	0	0	267.284	2699
45	38	0	0	0	0	303.02	2700
45	38	0	0	0	0	306.776	2701
45	37	0	0	0	0	264.437	2702
46	37	0	0	0	0	299.788	2703
47	37	0	0	0	0	314.713	2704
47	39	0	0	0	0	304.548	2705
47	39	0	0	0	0	301.339	2706
47	38	0	0	0	0	319.722	2707
47	38	0	0	0	0	298.889	2708
46	37	0	0	0	0	286.192	2709
46	39	0	0	0	0	313.197	2710
47	39	0	0	0	0	316.765	2711
48	41	0	0	0	0	297.122	2712
48	43	0	0	0	0	323.546	2713
45	43	0	0	0	0	307.756	2714
45	48	0	0	0	0	321.627	2715
45	48	0	0	0	0	319.935	2716
47	53	0	0	0	0	339.391	2717
46	53	0	0	0	0	315.4	2718
43	53	0	0	0	0	334.593	2719
45	54	0	0	0	0	351.891	2720
41	53	0	0	0	0	324.527	2721
41	54	0	0	0	0	349.786	2722
42	53	0	0	0	0	348.242	2723
42	53	0	0	0	0	300.647	2724
44	53	0	0	0	0	355.435	2725
44	52	0	0	0	0	308.927	2726
45	52	0	0	0	0	336.355	2727
45	52	0	0	0	0	374.597	2728
45	52	0	0	0	0	366.259	2729
45	52	0	0	0	0	339.789	2730
44	51	0	0	0	0	358.253	2731
43	51	0	0	0	0	316.037	2732
45	51	0	0	0	0	326.62	2733
46	51	0	0	0	0	358.422	2734
45	51	0	0	0	0	312.577	2735
46	51	0	0	0	0	367.057	2736
46	50	0	0	0	0	370.222	2737
46	52	0	0	0	0	306.368	2738
47	52	0	0	0	0	370.799	2739
49	52	0	0	0	0	353.713	2740
49	53	0	0	0	0	356.862	2741
49	50	0	0	0	0	316.615	2742
49	46	0	0	0	0	276.042	2743
49	48	0	0	0	0	354.072	2744
50	49	0	0	0	0	351.069	2745
50	49	0	0	0	0	357.942	2746
52	49	0	0	0	0	372.239	2747
52	49	0	0	0	0	366.494	2748
52	49	0	0	0	0	350.154	2749
52	48	0	0	0	0	354.258	2750
53	50	0	0	0	0	376.648	2751
53	50	0	0	0	0	377.232	2752
51	50	0	0	0	0	305.904	2753
51	49	0	0	0	0	357.47	2754
49	51	0	0	0	0	357.675	2755
50	51	0	0	0	0	364.924	2756
50	50	0	0	0	0	333.188	2757
50	50	0	0	0	0	348.3	2758
51	53	0	0	0	0	356.081	2759
49	52	0	0	0	0	382.15	2760
51	51	0	0	0	0	359.139	2761
51	51	0	0	0	0	352.146	2762
49	51	0	0	0	0	337.96	2763
50	52	0	0	0	0	362.619	2764
49	52	0	0	0	0	312.971	2765
49	52	0	0	0	0	370.836	2766
48	52	0	0	0	0	327.741	2767
50	52	0	0	0	0	338.718	2768
51	52	0	0	0	0	371.453	2769
51	50	0	0	0	0	326.048	2770
51	50	0	0	0	0	367.253	2771
51	50	0	0	0	0	349.246	2772
50	56	0	0	0	0	365.649	2773
50	56	0	0	0	0	351.863	2774
51	56	0	0	0	0	382.945	2775
53	56	0	0	0	0	353.57	2776
51	56	0	0	0	0	379.768	2777
50	57	0	0	0	0	379.196	2778
50	61	0	0	0	0	395.053	2779
49	60	0	0	0	0	354.042	2780
51	60	0	0	0	0	382.025	2781
49	59	0	0	0	0	384.97	2782
48	59	0	0	0	0	369.361	2783
49	60	0	0	0	0	389.679	2784
49	58	0	0	0	0	345.651	2785
49	57	0	0	0	0	356.533	2786
50	57	0	0	0	0	350.014	2787
47	58	0	0	0	0	381.679	2788
46	58	0	0	0	0	370.575	2789
47	58	0	0	0	0	364.886	2790
47	58	0	0	0	0	351.719	2791
47	58	0	0	0	0	398.334	2792
47	58	0	0	0	0	378.649	2793
48	58	0	0	0	0	367.076	2794
47	58	0	0	0	0	357.904	2795
48	61	0	0	0	0	384.909	2796
45	61	0	0	0	0	385.399	2797
44	60	0	0	0	0	365.436	2798
43	60	0	0	0	0	343.614	2799
44	60	0	0	0	0	379.355	2800
44	58	0	0	0	0	331.567	2801
43	57	0	0	0	0	319.807	2802
43	57	0	0	0	0	365.672	2803
43	57	0	0	0	0	354.088	2804
42	56	0	0	0	0	355.045	2805
42	57	0	0	0	0	312.024	2806
43	57	0	0	0	0	336.652	2807
43	58	0	0	0	0	345.732	2808
43	59	0	0	0	0	341.692	2809
43	59	0	0	0	0	343.933	2810
44	59	0	0	0	0	388.634	2811
44	59	0	0	0	0	367.168	2812
43	60	0	0	0	0	364.135	2813
43	60	0	0	0	0	391.097	2814
44	60	0	0	0	0	353.054	2815
43	60	0	0	0	0	345.375	2816
44	61	0	0	0	0	365.278	2817
42	60	0	0	0	0	362.679	2818
42	60	0	0	0	0	372.194	2819
42	60	0	0	0	0	353.478	2820
43	59	0	0	0	0	319.313	2821
43	60	0	0	0	0	339.543	2822
44	60	0	0	0	0	356.988	2823
45	59	0	0	0	0	365.498	2824
45	57	0	0	0	0	357.183	2825
45	57	0	0	0	0	361.076	2826
45	57	0	0	0	0	360.724	2827
45	57	0	0	0	0	332.506	2828
45	57	0	0	0	0	376.928	2829
47	54	0	0	0	0	342.859	2830
49	53	0	0	0	0	355.392	2831
49	54	0	0	0	0	376.606	2832
50	56	0	0	0	0	370.71	2833
50	56	0	0	0	0	381.633	2834
50	56	0	0	0	0	320.889	2835
50	56	0	0	0	0	345.137	2836
50	57	0	0	0	0	363.027	2837
50	57	0	0	0	0	362.378	2838
50	56	0	0	0	0	371.204	2839
50	55	0	0	0	0	380.009	2840
50	55	0	0	0	0	376.165	2841
49	54	0	0	0	0	329.322	2842
45	54	0	0	0	0	327.321	2843
45	55	0	0	0	0	352.146	2844
44	55	0	0	0	0	331.194	2845
46	57	0	0	0	0	343.245	2846
46	57	0	0	0	0	351.003	2847
46	57	0	0	0	0	377.655	2848
47	56	0	0	0	0	355.196	2849
48	57	0	0	0	0	346.013	2850
49	55	0	0	0	0	351.299	2851
49	56	0	0	0	0	342.841	2852
49	57	0	0	0	0	301.289	2853
45	57	0	0	0	0	305.627	2854
47	57	0	0	0	0	333.828	2855
48	56	0	0	0	0	332.596	2856
48	55	0	0	0	0	303.22	2857
49	56	0	0	0	0	346.28	2858
46	58	0	0	0	0	341.785	2859
47	73	0	0	0	0	386.932	2860
47	77	0	0	0	0	371.535	2861
45	76	0	0	0	0	401.514	2862
45	77	0	0	0	0	416.962	2863
45	77	0	0	0	0	418.201	2864
45	76	0	0	0	0	419.62	2865
45	76	0	0	0	0	421.788	2866
44	76	0	0	0	0	411.788	2867
44	76	0	0	0	0	415.735	2868
36	76	0	0	0	0	401.171	2869
34	77	0	0	0	0	360.054	2870
34	77	0	0	0	0	382.141	2871
37	77	0	0	0	0	416.116	2872
37	77	0	0	0	0	422.868	2873
37	80	0	0	0	0	410.408	2874
37	80	0	0	0	0	434.534	2875
37	80	0	0	0	0	430.295	2876
36	79	0	0	0	0	360.331	2877
40	79	0	0	0	0	427.935	2878
40	80	0	0	0	0	436.553	2879
41	80	0	0	0	0	427.987	2880
41	78	0	0	0	0	412.379	2881
41	79	0	0	0	0	445.885	2882
42	79	0	0	0	0	430.525	2883
42	79	0	0	0	0	430.513	2884
44	79	0	0	0	0	398.273	2885
44	78	0	0	0	0	441.809	2886
45	78	0	0	0	0	458.435	2887
46	78	0	0	0	0	402.304	2888
47	80	0	0	0	0	472.543	2889
49	78	0	0	0	0	408.039	2890
47	78	0	0	0	0	446.988	2891
47	79	0	0	0	0	451.781	2892
46	79	0	0	0	0	414.576	2893
46	77	0	0	0	0	462.03	2894
46	75	0	0	0	0	416.765	2895
49	75	0	0	0	0	426.778	2896
52	76	0	0	0	0	439.592	2897
52	76	0	0	0	0	435.207	2898
53	76	0	0	0	0	455.17	2899
51	74	0	0	0	0	455.637	2900
53	74	0	0	0	0	446.262	2901
53	86	0	0	0	0	464.031	2902
54	86	0	0	0	0	446.095	2903
54	86	0	0	0	0	503.638	2904
55	86	0	0	0	0	505.978	2905
56	87	0	0	0	0	490.926	2906
57	91	0	0	0	0	482.664	2907
59	93	0	0	0	0	529.037	2908
60	93	0	0	0	0	548.351	2909
62	93	0	0	0	0	550.259	2910
58	93	0	0	0	0	531.247	2911
58	92	0	0	0	0	542.147	2912
58	92	0	0	0	0	505.798	2913
63	92	0	0	0	0	546.256	2914
64	93	0	0	0	0	542.026	2915
65	93	0	0	0	0	539.896	2916
65	98	0	0	0	0	501.513	2917
65	98	0	0	0	0	505.346	2918
65	98	0	0	0	0	549.671	2919
66	98	0	0	0	0	541.87	2920
67	97	0	0	0	0	499.942	2921
67	97	0	0	0	0	573.407	2922
68	95	0	0	0	0	579.701	2923
73	93	0	0	0	0	533.427	2924
74	93	0	0	0	0	603.877	2925
72	92	0	0	0	0	582.308	2926
71	91	0	0	0	0	575.755	2927
71	91	0	0	0	0	572.499	2928
73	89	0	0	0	0	556.744	2929
73	88	0	0	0	0	571.233	2930
74	88	0	0	0	0	601.464	2931
71	88	0	0	0	0	570.656	2932
71	89	0	0	0	0	555.613	2933
72	89	0	0	0	0	551.467	2934
72	89	0	0	0	0	568.844	2935
72	88	0	0	0	0	546.8	2936
71	87	0	0	0	0	555.524	2937
71	87	0	0	0	0	556.577	2938
71	86	0	0	0	0	542.447	2939
73	86	0	0	0	0	545.548	2940
74	85	0	0	0	0	555.945	2941
72	84	0	0	0	0	477.729	2942
72	83	0	0	0	0	501.4	2943
74	83	0	0	0	0	540.232	2944
74	81	0	0	0	0	531.452	2945
74	80	0	0	0	0	578.725	2946
74	80	0	0	0	0	536.31	2947
75	80	0	0	0	0	552.443	2948
75	80	0	0	0	0	531.074	2949
73	80	0	0	0	0	530.457	2950
73	81	0	0	0	0	562.586	2951
73	80	0	0	0	0	577.667	2952
73	79	0	0	0	0	517.597	2953
73	79	0	0	0	0	530.022	2954
74	79	0	0	0	0	493.292	2955
79	78	0	0	0	0	495.707	2956
79	78	0	0	0	0	549.798	2957
79	79	0	0	0	0	583.505	2958
79	79	0	0	0	0	507.106	2959
83	82	0	0	0	0	579.355	2960
84	82	0	0	0	0	557.618	2961
84	88	0	0	0	0	562.912	2962
85	88	0	0	0	0	566.812	2963
85	87	0	0	0	0	526.249	2964
85	88	0	0	0	0	598.601	2965
85	89	0	0	0	0	625.726	2966
85	88	0	0	0	0	590.603	2967
85	90	0	0	0	0	581.955	2968
85	90	0	0	0	0	597.785	2969
85	91	0	0	0	0	619.412	2970
87	89	0	0	0	0	562.909	2971
89	96	0	0	0	0	628.735	2972
90	96	0	0	0	0	645.988	2973
89	95	0	0	0	0	667.386	2974
89	94	0	0	0	0	632.291	2975
89	94	0	0	0	0	621.716	2976
89	94	0	0	0	0	666.983	2977
89	92	0	0	0	0	584.762	2978
86	91	0	0	0	0	595.774	2979
86	88	0	0	0	0	603.851	2980
82	88	0	0	0	0	584.952	2981
83	87	0	0	0	0	624.942	2982
83	87	0	0	0	0	603.819	2983
83	86	0	0	0	0	608.148	2984
84	86	0	0	0	0	608.99	2985
87	90	0	0	0	0	626.179	2986
89	89	0	0	0	0	630.231	2987
89	91	0	0	0	0	618.307	2988
89	90	0	0	0	0	613.977	2989
87	90	0	0	0	0	588.808	2990
87	90	0	0	0	0	622.824	2991
85	89	0	0	0	0	157.123	2992
85	88	0	0	0	0	409.691	2993
87	88	0	0	0	0	574.47	2994
88	88	0	0	0	0	631.018	2995
89	86	0	0	0	0	641.931	2996
89	86	0	0	0	0	602.835	2997
89	84	0	0	0	0	613.516	2998
86	86	0	0	0	0	607.816	2999
86	89	0	0	0	0	624.78	3000
87	88	0	0	0	0	569.664	3001
87	86	0	0	0	0	605.716	3002
87	85	0	0	0	0	600.515	3003
86	85	0	0	0	0	611.632	3004
86	84	0	0	0	0	627.473	3005
86	85	0	0	0	0	584.689	3006
86	86	0	0	0	0	637.337	3007
85	86	0	0	0	0	592.958	3008
86	85	0	0	0	0	582.343	3009
86	81	0	0	0	0	606.699	3010
87	78	0	0	0	0	536.624	3011
89	80	0	0	0	0	621.033	3012
89	78	0	0	0	0	572.785	3013
88	79	0	0	0	0	628.519	3014
88	79	0	0	0	0	598.517	3015
89	81	0	0	0	0	589.409	3016
89	81	0	0	0	0	595.954	3017
88	81	0	0	0	0	582.891	3018
90	80	0	0	0	0	615.642	3019
90	79	0	0	0	0	587.386	3020
83	78	0	0	0	0	545.846	3021
82	78	0	0	0	0	545.395	3022
79	78	0.25	0	1	0	582.674	3023
80	77	0.25	0	1	0	582.781	3024
79	77	0.25	0	1	0	540.07	3025
80	79	0.25	0	1	0	587.467	3026
79	80	0.25	0	1	0	573.763	3027
78	80	0.25	0	1	0	507.935	3028
78	80	0.25	0	1	0	588.041	3029
78	80	0.25	0	1	0	516.619	3030
79	85	0.25	0	1	0	591.868	3031
80	82	0.25	0	1	0	512.988	3032
80	84	0.25	0	1	0	562.988	3033
80	84	0.25	0	1	0	578.975	3034
75	84	0.25	0	1	0	573.98	3035
76	84	0.25	0	1	0	580.519	3036
76	85	0.25	0	1	0	531.676	3037
76	83	0.25	0	1	0	532.284	3038
77	82	0.25	0	1	0	571.997	3039
73	82	0.25	0	1	0	552.39	3040
72	81	0.25	0	1	0	550.012	3041
72	81	0.25	0	1	0	531.782	3042
72	81	0.25	0	1	0	536.579	3043
72	82	0.25	0	1	0	574.915	3044
72	82	0.25	0	1	0	587.988	3045
66	81	0.25	0	1	0	540.83	3046
66	80	0.25	0	1	0	545.378	3047
66	79	0.25	0	1	0	475.631	3048
66	78	0.25	0	1	0	460.882	3049
66	78	0.25	0	1	0	556.195	3050
66	77	0.25	0	1	0	499.897	3051
66	76	0.25	0	1	0	532.234	3052
64	76	0.25	0	1	0	516.415	3053
64	76	0.25	0	1	0	532.18	3054
64	77	0.25	0	1	0	493.6	3055
63	76	0.25	0	1	0	483.16	3056
65	73	0.25	0	1	0	519.329	3057
64	72	0.25	0	1	0	468.315	3058
62	72	0.25	0	1	0	487.739	3059
62	72	0.25	0	1	0	496.463	3060
62	71	0.25	0	1	0	471.517	3061
61	71	0.25	0	1	0	495.152	3062
59	71	0.25	0	1	0	487.956	3063
56	71	0.25	0	1	0	437.698	3064
59	74	0.25	0	1	0	466.947	3065
56	74	0.25	0	1	0	447.847	3066
56	69	0.25	0	1	0	430.439	3067
57	69	0.25	0	1	0	442.378	3068
57	69	0.25	0	1	0	452.231	3069
57	69	0.25	0	1	0	478.875	3070
56	70	0.25	0	1	0	464.371	3071
56	69	0.25	0	1	0	474.68	3072
56	69	0.25	0	1	0	434.414	3073
48	68	0	0	0	0	437.741	3074
48	67	0	0	0	0	428.594	3075
48	66	0	0	0	0	396.542	3076
48	66	0	0	0	0	401.998	3077
36	57	0	0	0	0	349.376	3078
36	56	0	0	0	0	342.102	3079
36	55	0	0	0	0	313.092	3080
35	55	0	0	0	0	332.048	3081
35	54	0	0	0	0	344.231	3082
35	52	0	0	0	0	299.358	3083
35	52	0	0	0	0	300.497	3084
35	52	0	0	0	0	323.834	3085
33	52	0	0	0	0	294.233	3086
