unique_top_cov	unique_bot_cov	redundant_top_cov	redundant_bot_cov	raw_redundant_top_cov	raw_redundant_bot_cov	e_value	position
2	16	0	0	0	0	nan	1
3	16	0	0	0	0	nan	2
4	16	0	0	0	0	nan	3
9	17	0	0.333333	0	1	nan	4
10	17	0	0.333333	0	1	nan	5
10	17	0	0.333333	0	1	nan	6
10	17	0.333333	0.333333	1	1	87.8658	7
10	17	0.666667	0.333333	2	1	91.9005	8
10	17	0.666667	0.333333	2	1	89.7644	9
12	17	0.666667	0.333333	2	1	85.3677	10
12	17	0.666667	0.333333	2	1	97.905	11
13	17	0.666667	0.333333	2	1	107.724	12
14	17	0.666667	0.333333	2	1	105.626	13
15	17	0.666667	0.666667	2	2	103.435	14
15	17	0.666667	0.666667	2	2	98.5924	15
15	17	0.666667	0.666667	2	2	103.028	16
15	20	0.666667	1	2	3	112.243	17
17	20	0.666667	1	2	3	117.194	18
17	20	0.666667	1	2	3	114.83	19
17	21	0.666667	1	2	3	129.484	20
18	21	0.666667	1.33333	2	4	124.351	21
22	21	0.666667	1.33333	2	4	125.29	22
22	21	0.666667	1.33333	2	4	147.502	23
23	21	0.666667	1.33333	2	4	143.377	24
23	21	0.666667	1.33333	2	4	128.581	25
23	21	0.666667	1.33333	2	4	149.887	26
23	21	0.666667	1.66667	2	5	154.8	27
24	21	0.666667	1.66667	2	5	133.352	28
24	21	0.666667	1.66667	2	5	141.584	29
26	21	0.666667	1.66667	2	5	156.312	30
26	21	0.666667	1.66667	2	5	159.818	31
26	22	0.666667	1.66667	2	5	161.071	32
26	22	0.666667	1.66667	2	5	164.156	33
29	22	0.666667	1.66667	2	5	163.545	34
29	22	0.666667	1.66667	2	5	158.215	35
30	22	0.666667	1.66667	2	5	141.656	36
30	22	0.666667	1.66667	2	5	184.627	37
30	22	0.666667	1.66667	2	5	178.013	38
30	22	0.666667	1.66667	2	5	183.512	39
30	22	0.666667	1.66667	2	5	178.444	40
34	24	0.666667	1.66667	2	5	184.668	41
35	24	0.666667	1.66667	2	5	207.826	42
37	24	0.666667	1.66667	2	5	193.967	43
37	25	0.666667	1.66667	2	5	185.466	44
37	28	0.666667	1.66667	2	5	207.081	45
37	28	0.666667	1.66667	2	5	199.815	46
39	28	0.666667	1.66667	2	5	240.5	47
40	28	0.666667	1.66667	2	5	221.327	48
40	28	0.666667	1.66667	2	5	215.422	49
40	29	0.666667	1.66667	2	5	248.717	50
40	29	0.666667	1.66667	2	5	243.725	51
40	29	0.666667	1.66667	2	5	237.913	52
43	29	0.666667	1.66667	2	5	236.44	53
43	29	0.666667	1.66667	2	5	211.46	54
43	29	0.666667	1.66667	2	5	261.889	55
44	29	0.666667	1.33333	2	4	245.862	56
44	32	0.666667	1	2	3	247.114	57
50	32	0.666667	1	2	3	275.7	58
50	33	0.333333	0.666667	1	2	283.271	59
50	38	0.333333	0.666667	1	2	286.335	60
51	38	0.333333	0.666667	1	2	284.665	61
51	40	0.333333	0.666667	1	2	296.654	62
53	40	0.333333	0.666667	1	2	277.102	63
54	40	0.333333	0.666667	1	2	293.766	64
55	40	0	0.666667	0	2	328.221	65
56	40	0	0.333333	0	1	319.379	66
60	41	0	0.333333	0	1	343.112	67
60	42	0	0.333333	0	1	322.968	68
60	42	0	0.333333	0	1	340.227	69
61	43	0	0.333333	0	1	347.149	70
61	43	0	0.333333	0	1	346.928	71
61	44	0	0.333333	0	1	375.097	72
61	44	0	0.333333	0	1	388.675	73
61	45	0	0.333333	0	1	363.156	74
62	46	0	0.333333	0	1	363.428	75
62	46	0	0.333333	0	1	380.383	76
62	46	0	0.333333	0	1	389.887	77
62	47	0	0	0	0	394.993	78
62	48	0	0	0	0	391.111	79
62	47	0	0	0	0	352.797	80
61	47	0	0	0	0	372.394	81
61	47	0	0	0	0	375.324	82
61	53	0	0	0	0	393.447	83
61	59	0	0	0	0	416.605	84
60	60	0	0	0	0	383.071	85
63	60	0	0	0	0	419.188	86
64	60	0	0	0	0	396.767	87
67	61	0	0	0	0	442.439	88
67	61	0	0	0	0	470.634	89
67	63	0	0	0	0	460.928	90
68	63	0	0	0	0	468.757	91
67	63	0	0	0	0	399.961	92
67	63	0	0	0	0	460.667	93
67	63	0	0	0	0	455.031	94
67	64	0	0	0	0	490.004	95
67	64	0	0	0	0	472.263	96
68	65	0	0	0	0	457.083	97
68	66	0	0	0	0	485.189	98
68	72	0	0	0	0	480.417	99
68	71	0	0	0	0	482.106	100
69	71	0	0	0	0	495.759	101
69	70	0	0	0	0	488.241	102
70	69	0	0	0	0	491.142	103
71	69	0	0	0	0	491.834	104
70	68	0	0	0	0	467.255	105
68	68	0	0	0	0	478.841	106
71	68	0	0	0	0	508.799	107
70	68	0	0	0	0	491.448	108
69	75	0	0	0	0	458.935	109
69	75	0	0	0	0	517.885	110
70	75	0	0	0	0	512.552	111
71	75	0	0	0	0	521.974	112
71	74	0	0	0	0	520.363	113
71	76	0	0	0	0	557.577	114
71	75	0	0	0	0	504.594	115
73	75	0	0	0	0	474.257	116
73	77	0	0	0	0	540.848	117
72	77	0	0	0	0	477.88	118
73	78	0	0	0	0	551.18	119
74	78	0	0	0	0	559.655	120
74	78	0	0	0	0	508.018	121
75	78	0	0	0	0	565.607	122
73	78	0	0	0	0	531.863	123
73	77	0	0	0	0	540.663	124
73	76	0	0	0	0	556.528	125
74	76	0	0	0	0	552.524	126
74	76	0	0	0	0	563.64	127
74	76	0	0	0	0	518.358	128
74	76	0	0	0	0	551.514	129
74	76	0	0	0	0	510.083	130
76	76	0	0	0	0	526.52	131
76	75	0	0	0	0	538.026	132
75	75	0	0	0	0	522.575	133
76	74	0	0	0	0	544.269	134
77	75	0	0	0	0	550.797	135
77	72	0	0	0	0	485.688	136
78	73	0	0	0	0	537.516	137
78	73	0	0	0	0	514.289	138
81	70	0	0	0	0	516.435	139
81	68	0	0	0	0	485.487	140
81	68	0	0	0	0	519.408	141
81	68	0	0	0	0	528.206	142
82	70	0	0	0	0	560.784	143
84	69	0	0	0	0	512.996	144
84	74	0	0	0	0	547.492	145
82	73	0	0	0	0	466.171	146
84	72	0	0	0	0	510.154	147
85	68	0	0	0	0	531.684	148
85	68	0	0	0	0	549.519	149
87	66	0	0	0	0	476.92	150
88	65	0	0	0	0	482.621	151
80	66	0	0	0	0	534.524	152
81	66	0	0	0	0	504.971	153
71	67	0	0	0	0	456.513	154
72	67	0	0	0	0	499.044	155
72	67	0	0	0	0	505.812	156
74	66	0	0	0	0	483.235	157
74	66	0	0	0	0	508.614	158
74	66	0	0	0	0	462.182	159
74	65	0	0	0	0	448.607	160
74	63	0	0	0	0	477.302	161
74	63	0	0	0	0	481.15	162
74	62	0	0	0	0	450.304	163
75	62	0	0	0	0	466.722	164
77	62	0	0	0	0	462.592	165
77	61	0	0	0	0	484.119	166
77	59	0	0	0	0	496.153	167
79	59	0	0	0	0	457.17	168
79	58	0	0	0	0	456.312	169
80	57	0	0	0	0	456.09	170
81	56	0	0	0	0	451.152	171
81	55	0	0	0	0	448.821	172
81	55	0	0	0	0	523.475	173
81	55	0	0	0	0	492.092	174
81	55	0	0	0	0	498.956	175
81	54	0	0	0	0	509.977	176
81	54	0	0	0	0	456.377	177
80	54	0	0	0	0	492.604	178
79	51	0	0	0	0	439.655	179
79	50	0	0	0	0	452.969	180
79	52	0	0	0	0	446.068	181
77	53	0	0	0	0	458.919	182
77	52	0	0	0	0	460.109	183
70	52	0	0	0	0	428.81	184
71	52	0	0	0	0	417.047	185
72	52	0	0	0	0	455.035	186
71	51	0	0	0	0	385.731	187
71	51	0	0	0	0	433.257	188
72	50	0	0	0	0	433.397	189
75	51	0	0	0	0	431.839	190
68	51	0	0	0	0	412.144	191
67	51	0	0	0	0	414.706	192
67	51	0	0	0	0	426.309	193
68	50	0	0	0	0	441.306	194
69	50	0	0	0	0	406.639	195
70	50	0	0	0	0	399.963	196
70	50	0	0	0	0	374.145	197
67	53	0	0	0	0	396.534	198
68	59	0	0	0	0	407.02	199
67	59	0	0	0	0	381.725	200
67	59	0	0	0	0	379.547	201
67	56	0	0	0	0	370.24	202
67	57	0	0	0	0	389.506	203
67	61	0	0	0	0	369.504	204
68	60	0	0	0	0	366.983	205
67	59	0	0	0	0	361.068	206
67	57	0	0	0	0	393	207
50	57	0	0	0	0	374.879	208
53	57	0	0	0	0	388.885	209
54	56	0	0	0	0	387.69	210
52	56	0	0	0	0	383.521	211
51	54	0	0	0	0	398.505	212
52	54	0	0	0	0	338.071	213
53	54	0	0	0	0	322.385	214
53	54	0	0	0	0	354.592	215
55	53	0	0	0	0	379.835	216
57	52	0	0	0	0	334.615	217
56	53	0	0	0	0	342.935	218
56	56	0	0	0	0	407.901	219
56	56	0	0	0	0	385.462	220
54	56	0	0	0	0	401.041	221
54	56	0	0	0	0	373.876	222
55	54	0	0	0	0	366.212	223
55	55	0	0	0	0	381.093	224
55	55	0	0	0	0	373.725	225
55	55	0	0	0	0	383.925	226
57	56	0	0	0	0	379.768	227
52	56	0	0	0	0	368.75	228
52	56	0	0	0	0	385.96	229
52	56	0	0	0	0	381.86	230
53	56	0	0	0	0	388.474	231
54	56	0	0	0	0	364.747	232
55	50	0	0	0	0	357.067	233
55	48	0	0	0	0	359.462	234
67	48	0	0	0	0	352.745	235
66	48	0	0	0	0	354.373	236
68	48	0	0	0	0	397.002	237
68	48	0	0	0	0	384.633	238
68	48	0	0	0	0	400.238	239
69	48	0	0	0	0	373.23	240
70	48	0	0	0	0	398.082	241
70	49	0	0	0	0	386.98	242
70	48	0	0	0	0	395.177	243
71	45	0	0	0	0	379.641	244
72	44	0	0	0	0	411.857	245
74	44	0	0	0	0	395.447	246
74	42	0	0	0	0	347.664	247
76	42	0	0	0	0	421.756	248
75	39	0	0	0	0	405.421	249
76	39	0	0	0	0	397.765	250
77	39	0	0	0	0	393.144	251
77	39	0	0	0	0	391.674	252
76	40	0	0	0	0	389.188	253
78	42	0	0	0	0	352.62	254
77	42	0	0	0	0	402.803	255
78	41	0	0	0	0	398.284	256
78	40	0	0	0	0	412.556	257
79	40	0	0	0	0	405.483	258
79	39	0	0	0	0	383.795	259
80	39	0	0	0	0	415.454	260
81	40	0	0	0	0	427.999	261
81	40	0	0	0	0	426.668	262
81	40	0	0	0	0	444.225	263
80	42	0	0	0	0	353.172	264
78	42	0	0	0	0	431.061	265
78	42	0	0	0	0	395.279	266
79	42	0	0	0	0	435.679	267
80	41	0	0	0	0	426.905	268
80	40	0	0	0	0	416.987	269
81	40	0	0	0	0	410.486	270
81	39	0	0	0	0	442.652	271
80	39	0	0	0	0	388.66	272
80	40	0	0	0	0	426.765	273
79	40	0	0	0	0	426.047	274
79	39	0	0	0	0	412.856	275
79	39	0	0	0	0	391.955	276
81	39	0	0	0	0	417.041	277
81	40	0	0	0	0	439.391	278
85	46	0	0	0	0	387.325	279
85	45	0	0	0	0	409.973	280
85	45	0	0	0	0	416.05	281
86	45	0	0	0	0	477.177	282
87	44	0	0	0	0	458.089	283
90	46	0	0	0	0	464.543	284
91	46	0	0	0	0	484.336	285
91	46	0	0	0	0	478.334	286
89	46	0	0	0	0	448.057	287
90	49	0	0	0	0	464.252	288
89	49	0	0	0	0	457.765	289
91	48	0	0	0	0	422.995	290
94	48	0	0	0	0	465.843	291
93	48	0	0	0	0	465.775	292
94	48	0	0	0	0	460.675	293
93	48	0	0	0	0	430.719	294
93	47	0	0	0	0	425.84	295
94	48	0	0	0	0	489.109	296
90	48	0	0	0	0	448.592	297
91	64	0	0	0	0	463.27	298
92	64	0	0	0	0	564.576	299
92	63	0	0	0	0	550.485	300
95	63	0	0	0	0	551.787	301
95	63	0	0	0	0	563.522	302
95	64	0	0	0	0	543.168	303
97	63	0	0	0	0	522.668	304
98	63	0	0	0	0	549.753	305
98	64	0	0	0	0	545.292	306
90	62	0	0	0	0	526.286	307
89	62	0	0	0	0	548.373	308
90	63	0	0	0	0	544.658	309
91	65	0	0	0	0	548.162	310
91	71	0	0	0	0	562.3	311
92	72	0	0	0	0	509.264	312
90	72	0	0	0	0	567.979	313
89	71	0	0	0	0	572.954	314
91	70	0	0	0	0	542.63	315
93	70	0	0	0	0	605.752	316
93	68	0	0	0	0	580.568	317
90	68	0	0	0	0	561.414	318
90	68	0	0	0	0	598.503	319
88	67	0	0	0	0	494.093	320
92	67	0	0	0	0	576.891	321
92	67	0	0	0	0	583.964	322
92	66	0	0	0	0	598.101	323
92	65	0	0	0	0	550.037	324
91	66	0	0	0	0	584.704	325
91	65	0	0	0	0	546.927	326
93	65	0	0	0	0	534.226	327
93	65	0	0	0	0	560.191	328
93	65	0	0	0	0	596.117	329
95	65	0	0	0	0	603.02	330
95	66	0	0	0	0	524.189	331
96	64	0	0	0	0	516.971	332
98	63	0	0	0	0	549.346	333
98	63	0	0	0	0	561.715	334
98	63	0	0	0	0	556.763	335
97	62	0	0	0	0	553.009	336
99	60	0	0	0	0	541.767	337
98	60	0	0	0	0	551.177	338
98	60	0	0	0	0	569.453	339
97	60	0	0	0	0	586.385	340
97	61	0	0	0	0	599.615	341
97	61	0	0	0	0	542.313	342
97	61	0	0	0	0	524.226	343
97	61	0	0	0	0	549.905	344
97	60	0	0	0	0	533.985	345
97	59	0	0	0	0	538.466	346
97	57	0	0	0	0	550.79	347
97	54	0	0	0	0	543.939	348
97	51	0	0	0	0	519.603	349
97	51	0	0	0	0	519.135	350
97	48	0	0	0	0	518.755	351
97	48	0	0	0	0	535.275	352
97	47	0	0	0	0	500.756	353
97	46	0	0	0	0	495.502	354
93	45	0	0	0	0	483.484	355
92	45	0	0	0	0	477.227	356
92	45	0	0	0	0	478.982	357
92	47	0	0	0	0	510.98	358
91	47	0	0	0	0	463.019	359
90	46	0	0	0	0	477.758	360
90	46	0	0	0	0	475.385	361
90	46	0	0	0	0	468.845	362
89	46	0	0	0	0	483.647	363
87	46	0	0	0	0	492.495	364
87	45	0	0	0	0	441.148	365
87	49	0	0	0	0	473.746	366
79	49	0	0	0	0	480.323	367
79	50	0	0	0	0	477.32	368
79	55	0	0	0	0	448.312	369
78	55	0	0	0	0	461.175	370
78	59	0	0	0	0	491.881	371
78	59	0	0	0	0	479.244	372
79	64	0	0	0	0	477.199	373
79	64	0	0	0	0	501.836	374
78	62	0	0	0	0	465.792	375
78	70	0	0	0	0	497.378	376
72	69	0	0	0	0	404.655	377
71	85	0	0	0	0	465.8	378
71	84	0	0	0	0	451.473	379
69	84	0	0	0	0	443.701	380
69	83	0	0	0	0	475.613	381
63	83	0	0	0	0	388.77	382
64	83	0	0	0	0	456.91	383
64	84	0	0	0	0	435.539	384
42	84	0	0	0	0	455.115	385
42	84	0	0	0	0	461.916	386
37	83	0	0	0	0	439.53	387
37	83	0	0	0	0	437.73	388
38	83	0	0	0	0	445.362	389
38	82	0	0	0	0	457.713	390
39	82	0	0	0	0	425.255	391
40	80	0	0	0	0	446.951	392
40	80	0	0	0	0	417.684	393
40	80	0	0	0	0	428.348	394
40	79	0	0	0	0	453.097	395
41	79	0	0	0	0	427.456	396
43	79	0	0	0	0	430.103	397
43	79	0	0	0	0	437.221	398
43	82	0	0	0	0	405.777	399
45	82	0	0	0	0	459.759	400
46	82	0	0	0	0	486.077	401
46	82	0	0	0	0	485.374	402
46	82	0	0	0	0	464.257	403
46	82	0	0	0	0	486.694	404
46	82	0	0	0	0	455.354	405
46	80	0	0	0	0	439.214	406
46	84	0	0	0	0	453.081	407
43	84	0	0	0	0	426.214	408
43	87	0	0	0	0	465.008	409
43	86	0	0	0	0	424.299	410
43	86	0	0	0	0	471.615	411
43	86	0	0	0	0	462.826	412
43	86	0	0	0	0	460.751	413
43	85	0	0	0	0	448.874	414
43	83	0	0	0	0	432.573	415
42	83	0	0	0	0	427.188	416
43	82	0	0	0	0	467.577	417
41	81	0	0	0	0	456.933	418
42	81	0	0	0	0	437.1	419
42	97	0	0	0	0	464.778	420
42	97	0	0	0	0	475.802	421
42	97	0	0	0	0	505.265	422
42	97	0	0	0	0	484.931	423
43	97	0	0	0	0	450.084	424
43	98	0	0	0	0	475.22	425
43	97	0	0	0	0	482.472	426
40	97	0	0	0	0	483.668	427
40	97	0	0	0	0	444.802	428
24	94	0	0	0	0	421.592	429
26	93	0	0	0	0	428.221	430
26	93	0	0	0	0	417.232	431
26	93	0	0	0	0	429.215	432
27	93	0	0	0	0	426.627	433
27	93	0	0	0	0	427.614	434
27	92	0	0	0	0	422.623	435
30	92	0	0	0	0	421.657	436
30	92	0	0	0	0	413.603	437
30	90	0	0	0	0	420.705	438
29	91	0	0	0	0	416.037	439
30	91	0	0	0	0	340.457	440
30	91	0	0	0	0	426.381	441
31	91	0	0	0	0	419.444	442
28	90	0	0	0	0	433.665	443
29	90	0	0	0	0	430.613	444
30	90	0	0	0	0	407.642	445
30	91	0	0	0	0	453.753	446
30	88	0	0	0	0	383.032	447
30	85	0	0	0	0	393.428	448
31	83	0	0	0	0	400.329	449
35	83	0	0	0	0	405.108	450
35	83	0	0	0	0	416.238	451
37	83	0	0	0	0	440.948	452
37	83	0	0	0	0	337.744	453
41	84	0	0	0	0	430.283	454
41	84	0	0	0	0	424.698	455
41	83	0	0	0	0	456.468	456
42	82	0	0	0	0	414.489	457
44	82	0	0	0	0	451.81	458
44	81	0	0	0	0	417.897	459
44	80	0	0	0	0	420.927	460
44	76	0	0	0	0	413.143	461
46	75	0	0	0	0	429.26	462
48	74	0	0	0	0	429.023	463
48	74	0	0	0	0	431.224	464
48	72	0	0	0	0	418.069	465
47	72	0	0	0	0	440.766	466
47	72	0	0	0	0	406.261	467
47	71	0	0	0	0	432.204	468
48	69	0	0	0	0	409.727	469
50	69	0	0	0	0	366.65	470
52	70	0	0	0	0	396.6	471
53	70	0	0	0	0	437.442	472
53	69	0	0	0	0	419.748	473
55	67	0	0	0	0	424.577	474
57	67	0	0	0	0	443.892	475
57	69	0	0	0	0	447.881	476
57	70	0	0	0	0	412.143	477
59	70	0	0	0	0	447.573	478
61	69	0	0	0	0	465.901	479
60	69	0	0	0	0	455.621	480
61	68	0	0	0	0	421.844	481
61	68	0	0	0	0	443.568	482
62	67	0	0	0	0	476.745	483
61	68	0	0	0	0	413.566	484
63	67	0	0	0	0	443.14	485
64	67	0	0	0	0	471.901	486
65	67	0	0	0	0	474.579	487
65	67	0	0	0	0	456.095	488
65	64	0	0	0	0	431.794	489
65	62	0	0	0	0	393.88	490
68	59	0	0	0	0	403.556	491
68	58	0	0	0	0	455.375	492
68	58	0	0	0	0	455.908	493
70	58	0	0	0	0	434.814	494
70	57	0	0	0	0	447.474	495
71	55	0	0	0	0	438.652	496
72	55	0	0	0	0	454.739	497
72	53	0	0	0	0	418.239	498
73	59	0	0	0	0	444.312	499
73	58	0	0	0	0	394.14	500
73	57	0	0	0	0	467.388	501
74	57	0	0	0	0	484.97	502
74	57	0	0	0	0	459.686	503
75	57	0	0	0	0	432.824	504
78	57	0	0	0	0	470.133	505
79	55	0	0	0	0	376.455	506
79	54	0	0	0	0	446.587	507
70	52	0	0	0	0	416.549	508
70	48	0	0	0	0	386.214	509
72	48	0	0	0	0	444.066	510
73	48	0	0	0	0	420.875	511
74	48	0	0	0	0	421.495	512
75	47	0	0	0	0	419.701	513
76	47	0	0	0	0	421.237	514
77	46	0	0	0	0	424.534	515
78	45	0	0	0	0	433.764	516
78	45	0	0	0	0	415.127	517
78	43	0	0	0	0	431.859	518
79	42	0	0	0	0	421.241	519
79	41	0	0	0	0	407.448	520
80	40	0	0	0	0	418.025	521
79	54	0	0	0	0	418.687	522
79	56	0	0	0	0	470.056	523
79	55	0	0	0	0	457.96	524
79	55	0	0	0	0	461.517	525
79	54	0	0	0	0	457.445	526
79	54	0	0	0	0	442.781	527
78	48	0	0	0	0	435.031	528
78	48	0	0	0	0	448.488	529
79	48	0	0	0	0	434.632	530
68	48	0	0	0	0	389.797	531
68	47	0	0	0	0	355.527	532
68	47	0	0	0	0	439.066	533
68	47	0	0	0	0	423.13	534
68	47	0	0	0	0	427.04	535
69	46	0	0	0	0	422.468	536
69	55	0	0	0	0	413.772	537
69	56	0	0	0	0	364.621	538
69	55	0	0	0	0	408.998	539
72	55	0	0	0	0	433.792	540
73	56	0	0	0	0	456.217	541
73	55	0	0	0	0	476.239	542
73	55	0	0	0	0	457.045	543
73	55	0	0	0	0	443.736	544
73	54	0	0	0	0	450.345	545
70	67	0	0	0	0	452.361	546
68	67	0	0	0	0	450.738	547
67	67	0	0	0	0	456.889	548
69	65	0	0	0	0	494.668	549
69	65	0	0	0	0	482.017	550
69	65	0	0	0	0	493.105	551
70	65	0	0	0	0	470.346	552
70	65	0	0	0	0	420.18	553
71	65	0	0	0	0	505.164	554
67	65	0	0	0	0	459.21	555
68	66	0	0	0	0	502.178	556
68	65	0	0	0	0	503.902	557
70	63	0	0	0	0	426.564	558
71	63	0	0	0	0	467.18	559
73	63	0	0	0	0	486.735	560
73	64	0	0	0	0	487.306	561
73	64	0	0	0	0	492.287	562
73	64	0	0	0	0	495.905	563
73	64	0	0	0	0	514.908	564
72	64	0	0	0	0	483.991	565
72	64	0	0	0	0	513.722	566
72	64	0	0	0	0	463.647	567
73	64	0	0	0	0	479.266	568
73	64	0	0	0	0	477.823	569
70	60	0	0	0	0	458.272	570
70	61	0	0	0	0	461.922	571
71	62	0	0	0	0	477.607	572
71	61	0	0	0	0	444.595	573
71	62	0	0	0	0	487.691	574
71	62	0	0	0	0	442.13	575
71	63	0	0	0	0	463.987	576
72	63	0	0	0	0	467.596	577
73	73	0	0	0	0	473.531	578
73	74	0	0	0	0	492.372	579
71	74	0	0	0	0	509.613	580
69	73	0	0	0	0	480.204	581
70	73	0	0	0	0	499.518	582
67	75	0	0	0	0	502	583
77	76	0	0	0	0	526.355	584
77	76	0	0	0	0	491.231	585
80	75	0	0	0	0	546.248	586
74	75	0	0	0	0	502.323	587
74	75	0	0	0	0	539.922	588
74	75	0	0	0	0	512.29	589
76	74	0	0	0	0	538.642	590
77	74	0	0	0	0	524.034	591
75	74	0	0	0	0	517.549	592
71	73	0	0	0	0	515.079	593
71	72	0	0	0	0	497.809	594
71	75	0	0	0	0	503.482	595
71	75	0	0	0	0	502.188	596
72	76	0	0	0	0	529.591	597
71	76	0	0	0	0	506.418	598
68	76	0	0	0	0	515.205	599
69	75	0	0	0	0	491.792	600
69	74	0	0	0	0	464.278	601
69	77	0	0	0	0	527.12	602
68	77	0	0	0	0	532.027	603
68	77	0	0	0	0	525.886	604
67	77	0	0	0	0	509.341	605
67	77	0	0	0	0	524.252	606
68	78	0	0	0	0	507.092	607
68	77	0	0	0	0	464.871	608
68	76	0	0	0	0	537.314	609
70	76	0	0	0	0	516.197	610
68	77	0	0	0	0	518.283	611
69	80	0	0	0	0	462.699	612
69	81	0	0	0	0	557.979	613
68	81	0	0	0	0	556.512	614
68	81	0	0	0	0	537.581	615
68	81	0	0	0	0	531.512	616
68	80	0	0	0	0	532.867	617
68	79	0	0	0	0	553.278	618
66	78	0	0	0	0	449.184	619
65	77	0	0	0	0	470.896	620
65	77	0	0	0	0	516.596	621
67	77	0	0	0	0	492.425	622
67	77	0	0	0	0	524.785	623
67	75	0	0	0	0	504.41	624
78	75	0	0	0	0	501.136	625
78	73	0	0	0	0	491.81	626
78	75	0	0	0	0	529.37	627
78	74	0	0	0	0	482.829	628
78	75	0	0	0	0	522.253	629
77	76	0	0	0	0	541.37	630
78	76	0	0	0	0	521.801	631
78	75	0	0	0	0	528.931	632
79	74	0	0	0	0	537.759	633
80	74	0	0	0	0	543.436	634
82	75	0	0	0	0	563.811	635
81	74	0	0	0	0	516.189	636
81	74	0	0	0	0	520.856	637
83	74	0	0	0	0	537.389	638
83	72	0	0	0	0	516.264	639
86	75	0	0	0	0	551.422	640
87	74	0	0	0	0	549.769	641
87	78	0	0	0	0	568.696	642
87	79	0	0	0	0	569.687	643
86	79	0	0	0	0	588.268	644
86	78	0	0	0	0	573.04	645
86	79	0	0	0	0	566.151	646
86	80	0	0	0	0	584.629	647
86	81	0	0	0	0	573.758	648
87	77	0	0	0	0	571.887	649
89	77	0	0	0	0	572.943	650
88	77	0	0	0	0	549.688	651
87	75	0	0	0	0	566.275	652
88	78	0	0	0	0	566.101	653
89	77	0	0	0	0	573.008	654
89	81	0	0	0	0	573.477	655
85	80	0	0	0	0	545.647	656
81	77	0	0	0	0	542.729	657
81	77	0	0	0	0	511.541	658
82	75	0	0	0	0	524.193	659
82	76	0	0	0	0	553.725	660
82	75	0	0	0	0	537.466	661
81	74	0	0	0	0	485.876	662
81	74	0	0	0	0	546.763	663
79	73	0	0	0	0	550.701	664
82	73	0	0	0	0	498.936	665
82	73	0	0	0	0	496.304	666
83	72	0	0	0	0	545.885	667
83	72	0	0	0	0	546.129	668
80	72	0	0	0	0	547.676	669
80	72	0	0	0	0	524.685	670
80	72	0	0	0	0	508.327	671
80	67	0	0	0	0	524.641	672
79	65	0	0	0	0	525.061	673
79	65	0	0	0	0	530.143	674
79	65	0	0	0	0	520.059	675
79	65	0	0	0	0	526.432	676
79	65	0	0	0	0	526.099	677
85	65	0	0	0	0	501.943	678
86	64	0	0	0	0	527.91	679
87	62	0	0	0	0	523.628	680
89	62	0	0	0	0	549.731	681
89	61	0	0	0	0	541.561	682
90	60	0	0	0	0	540.703	683
90	59	0	0	0	0	528.1	684
90	61	0	0	0	0	527.306	685
90	62	0	0	0	0	526.85	686
90	62	0	0	0	0	566.294	687
90	62	0	0	0	0	525.315	688
90	62	0	0	0	0	524.789	689
95	62	0	0	0	0	542.589	690
96	62	0	0	0	0	579.464	691
98	61	0	0	0	0	544.948	692
99	62	0	0	0	0	557.587	693
98	61	0	0	0	0	538.724	694
98	61	0	0	0	0	558.995	695
98	59	0	0	0	0	531.419	696
97	58	0	0	0	0	529.107	697
97	59	0	0	0	0	564.701	698
97	59	0	0	0	0	574.119	699
96	59	0	0	0	0	545.121	700
97	59	0	0	0	0	576.174	701
97	57	0	0	0	0	507.893	702
98	57	0	0	0	0	539.533	703
99	56	0	0	0	0	512.853	704
99	55	0	0	0	0	527.037	705
100	54	0	0	0	0	531.114	706
100	54	0	0	0	0	536.588	707
103	55	0	0	0	0	551.579	708
104	56	0	0	0	0	559.984	709
102	57	0	0	0	0	547.977	710
102	56	0	0	0	0	545.536	711
103	56	0	0	0	0	585.046	712
105	55	0	0	0	0	564.443	713
105	55	0	0	0	0	564.671	714
105	54	0	0	0	0	565.935	715
106	54	0	0	0	0	560.676	716
105	54	0	0	0	0	577.715	717
106	55	0	0	0	0	593.997	718
106	55	0	0	0	0	522.473	719
109	55	0	0	0	0	571.417	720
111	54	0	0	0	0	602.767	721
112	53	0	0	0	0	553.898	722
114	53	0	0	0	0	592.993	723
114	53	0	0	0	0	591.994	724
118	66	0	0	0	0	623.018	725
119	66	0	0	0	0	639.229	726
118	75	0	0	0	0	627.053	727
118	71	0	0	0	0	628.029	728
117	71	0	0	0	0	610.749	729
117	71	0	0	0	0	648.357	730
118	74	0	0	0	0	670.962	731
118	75	0	0	0	0	631.41	732
117	76	0	0	0	0	685.176	733
105	75	0	0	0	0	623.907	734
107	74	0	0	0	0	621.15	735
104	73	0	0	0	0	633.149	736
105	72	0	0	0	0	637.624	737
105	72	0	0	0	0	638.823	738
105	72	0	0	0	0	635.3	739
105	72	0	0	0	0	641.335	740
107	72	0	0	0	0	638.237	741
107	72	0	0	0	0	511.971	742
107	72	0	0	0	0	659.566	743
107	72	0	0	0	0	631.802	744
105	72	0	0	0	0	645.422	745
105	73	0	0	0	0	651.429	746
105	73	0	0	0	0	661.813	747
105	72	0	0	0	0	613.545	748
105	71	0	0	0	0	626.587	749
105	71	0	0	0	0	630.72	750
108	71	0	0	0	0	639.5	751
109	71	0	0	0	0	627.071	752
110	71	0	0	0	0	610.068	753
109	71	0	0	0	0	657.183	754
109	71	0	0	0	0	694.483	755
110	71	0	0	0	0	653.102	756
110	71	0	0	0	0	632.209	757
110	69	0	0	0	0	586.028	758
112	69	0	0	0	0	628.068	759
113	69	0	0	0	0	657.235	760
113	72	0	0	0	0	626.791	761
113	74	0	0	0	0	617.084	762
113	72	0	0	0	0	615.451	763
114	71	0	0	0	0	679.607	764
115	69	0	0	0	0	643.772	765
115	86	0	0	0	0	669.821	766
114	88	0	0	0	0	739.291	767
114	89	0	0	0	0	722.048	768
115	89	0	0	0	0	651.002	769
104	88	0	0	0	0	657.713	770
104	89	0	0	0	0	609.933	771
104	88	0	0	0	0	596.987	772
103	88	0	0	0	0	605.957	773
107	88	0	0	0	0	606.793	774
89	88	0	0	0	0	614.387	775
90	85	0	0	0	0	648.291	776
90	83	0	0	0	0	613.621	777
90	83	0	0	0	0	611.389	778
90	82	0	0	0	0	653.164	779
90	83	0	0	0	0	584.111	780
90	82	0	0	0	0	536.002	781
92	82	0	0	0	0	637.051	782
92	81	0	0	0	0	630.674	783
94	80	0	0	0	0	612.037	784
94	80	0	0	0	0	624.444	785
93	80	0	0	0	0	605.48	786
93	82	0	0	0	0	616.491	787
94	82	0	0	0	0	611.733	788
93	83	0	0	0	0	623.944	789
92	83	0	0	0	0	608.348	790
91	82	0	0	0	0	590.138	791
91	80	0	0	0	0	635.867	792
91	80	0	0	0	0	614.761	793
91	79	0	0	0	0	618.125	794
92	78	0	0	0	0	582.441	795
91	79	0	0	0	0	594.813	796
92	78	0	0	0	0	652.815	797
91	78	0	0	0	0	641.438	798
91	78	0	0	0	0	584.7	799
92	78	0	0	0	0	584.966	800
94	78	0	0	0	0	602.593	801
94	78	0	0	0	0	571.947	802
94	76	0	0	0	0	587.829	803
95	76	0	0	0	0	569.84	804
95	70	0	0	0	0	572.82	805
94	70	0	0	0	0	542.458	806
94	70	0	0	0	0	616.765	807
94	70	0	0	0	0	565.484	808
95	69	0	0	0	0	565.236	809
94	68	0	0	0	0	580.402	810
94	80	0	0	0	0	583.985	811
93	80	0	0	0	0	537.325	812
92	78	0	0	0	0	587.015	813
91	77	0	0	0	0	554.445	814
87	77	0	0	0	0	594.151	815
87	76	0	0	0	0	589.524	816
86	75	0	0	0	0	569.33	817
87	74	0	0	0	0	589.422	818
87	74	0	0	0	0	586.259	819
84	74	0	0	0	0	571.279	820
83	74	0	0	0	0	534.168	821
83	72	0	0	0	0	518.027	822
83	71	0	0	0	0	578.559	823
85	71	0	0	0	0	547.611	824
85	68	0	0	0	0	547.258	825
86	68	0	0	0	0	537.95	826
87	68	0	0	0	0	575.489	827
85	68	0	0	0	0	486.282	828
84	68	0	0	0	0	571.573	829
84	68	0	0	0	0	577.362	830
84	74	0	0	0	0	559.561	831
84	73	0	0	0	0	546.659	832
83	90	0	0	0	0	534.413	833
83	90	0	0	0	0	526.951	834
83	100	0	0	0	0	542.649	835
83	99	0	0	0	0	649.448	836
84	97	0	0	0	0	607.815	837
84	98	0	0	0	0	576.209	838
86	95	0	0	0	0	559.853	839
76	97	0	0	0	0	580.695	840
75	97	0	0	0	0	565.598	841
68	97	0	0	0	0	558.228	842
68	97	0	0	0	0	574.572	843
58	97	0	0	0	0	558.523	844
62	103	0	0	0	0	587.815	845
62	103	0	0	0	0	583.106	846
65	102	0	0	0	0	585.315	847
65	100	0	0	0	0	629.897	848
65	100	0	0	0	0	585.079	849
66	101	0	0	0	0	604.594	850
66	100	0	0	0	0	617.195	851
67	101	0	0	0	0	619.649	852
68	101	0	0	0	0	592.962	853
65	102	0	0	0	0	595.219	854
65	103	0	0	0	0	584.713	855
65	102	0	0	0	0	582.446	856
64	103	0	0	0	0	601.764	857
66	103	0	0	0	0	584.254	858
66	103	0	0	0	0	587.549	859
67	103	0	0	0	0	561.28	860
67	100	0	0	0	0	572.061	861
68	100	0	0	0	0	610.36	862
69	100	0	0	0	0	591.536	863
69	99	0	0	0	0	567.126	864
69	99	0	0	0	0	619.046	865
69	102	0	0	0	0	621.178	866
69	103	0	0	0	0	631.241	867
69	104	0	0	0	0	571.594	868
71	105	0	0	0	0	649.138	869
73	105	0	0	0	0	623.143	870
75	110	0	0	0	0	629.394	871
76	110	0	0	0	0	610.946	872
77	109	0	0	0	0	565.116	873
77	110	0	0	0	0	630.173	874
68	110	0	0	0	0	572.129	875
67	112	0	0	0	0	632.787	876
68	108	0	0	0	0	614.51	877
70	107	0	0	0	0	589.458	878
71	106	0	0	0	0	651.318	879
70	106	0	0	0	0	626.307	880
70	105	0	0	0	0	616.556	881
70	110	0	0	0	0	615.547	882
71	110	0	0	0	0	630.164	883
72	110	0	0	0	0	661.801	884
67	111	0	0	0	0	607.672	885
67	113	0	0	0	0	635.787	886
66	113	0	0	0	0	643.296	887
68	113	0	0	0	0	635.984	888
69	112	0	0	0	0	633.523	889
71	112	0	0	0	0	662.973	890
68	110	0	0	0	0	595.002	891
68	109	0	0	0	0	578.411	892
67	109	0	0	0	0	667.664	893
67	108	0	0	0	0	638.536	894
67	106	0	0	0	0	568.156	895
67	107	0	0	0	0	657.369	896
67	105	0	0	0	0	609.284	897
69	106	0	0	0	0	635.075	898
69	103	0	0	0	0	592.42	899
69	107	0	0	0	0	620.762	900
69	107	0	0	0	0	595.639	901
69	106	0	0	0	0	642.958	902
69	106	0	0	0	0	586.225	903
69	106	0	0	0	0	589.972	904
69	107	0	0	0	0	616.433	905
71	107	0	0	0	0	586.964	906
70	107	0	0	0	0	588.859	907
71	109	0	0	0	0	616.245	908
67	107	0	0	0	0	590.289	909
68	109	0	0	0	0	571.373	910
68	104	0	0	0	0	626.474	911
68	103	0	0	0	0	627.153	912
69	103	0	0	0	0	621.28	913
71	103	0	0	0	0	560.235	914
72	104	0	0	0	0	592.623	915
73	99	0	0	0	0	550.378	916
72	100	0	0	0	0	545.419	917
73	102	0	0	0	0	560.498	918
71	102	0	0	0	0	528.064	919
71	101	0	0	0	0	593.759	920
71	99	0	0	0	0	522.19	921
70	98	0	0	0	0	558.284	922
74	97	0	0	0	0	564.163	923
67	96	0	0	0	0	578.571	924
69	95	0	0	0	0	600.658	925
69	93	0	0	0	0	531.742	926
67	91	0	0	0	0	542.762	927
68	91	0	0	0	0	564.562	928
67	92	0	0	0	0	570.759	929
70	92	0	0	0	0	556.521	930
70	92	0	0	0	0	564.323	931
70	93	0	0	0	0	587.983	932
69	93	0	0	0	0	565.507	933
71	93	0	0	0	0	587.577	934
71	91	0	0	0	0	559.871	935
71	91	0	0	0	0	537.691	936
73	91	0	0	0	0	580.76	937
71	92	0	0	0	0	535.9	938
71	91	0	0	0	0	552.206	939
72	91	0	0	0	0	544.739	940
72	88	0	0	0	0	532.113	941
73	86	0	0	0	0	512.522	942
70	84	0	0	0	0	546.306	943
70	83	0	0	0	0	508.445	944
70	88	0	0	0	0	493.603	945
71	85	0	0	0	0	535.083	946
72	83	0	0	0	0	562.345	947
72	82	0	0	0	0	535.039	948
72	83	0	0	0	0	523.604	949
75	83	0	0	0	0	500.41	950
75	83	0	0	0	0	579.9	951
75	83	0	0	0	0	544.73	952
74	83	0	0	0	0	548.315	953
72	85	0	0	0	0	547.335	954
72	84	0	0	0	0	528.684	955
73	82	0	0	0	0	561.515	956
74	79	0	0	0	0	556.215	957
74	79	0	0	0	0	541.462	958
74	78	0	0	0	0	519.67	959
74	77	0	0	0	0	464.536	960
75	75	0	0	0	0	526.371	961
75	75	0	0	0	0	553.358	962
75	73	0	0	0	0	531.821	963
75	76	0	0	0	0	548.776	964
76	75	0	0	0	0	507.306	965
76	74	0	0	0	0	523.084	966
78	76	0	0	0	0	533.81	967
77	76	0	0	0	0	510.849	968
77	76	0	0	0	0	543.913	969
77	75	0	0	0	0	537.088	970
75	76	0	0	0	0	538.356	971
75	76	0	0	0	0	550.096	972
75	75	0	0	0	0	501.677	973
75	74	0	0	0	0	564.436	974
75	73	0	0	0	0	516.709	975
74	71	0	0	0	0	524.532	976
78	71	0	0	0	0	522.07	977
78	69	0	0	0	0	474.966	978
79	64	0	0	0	0	458.594	979
87	68	0	0	0	0	509.115	980
88	67	0	0	0	0	510.013	981
88	67	0	0	0	0	538.074	982
89	61	0	0	0	0	512.37	983
89	59	0	0	0	0	521.879	984
88	62	0	0	0	0	498.959	985
84	60	0	0	0	0	518.874	986
84	59	0	0	0	0	452.627	987
86	62	0	0	0	0	521.129	988
83	63	0	0	0	0	527.547	989
83	63	0	0	0	0	507.291	990
84	61	0	0	0	0	520.448	991
84	60	0	0	0	0	528.708	992
85	59	0	0	0	0	454.61	993
85	59	0	0	0	0	442.454	994
79	58	0	0	0	0	459.236	995
78	59	0	0	0	0	445.206	996
73	59	0	0	0	0	445.699	997
76	61	0	0	0	0	452.711	998
75	61	0	0	0	0	446.843	999
74	62	0	0	0	0	483.597	1000
74	63	0	0	0	0	472.174	1001
75	63	0	0	0	0	477.367	1002
81	64	0	0	0	0	510.024	1003
82	65	0	0	0	0	514.799	1004
81	66	0	0	0	0	486.539	1005
84	66	0	0	0	0	530.687	1006
85	66	0	0	0	0	530.73	1007
85	64	0	0	0	0	532.105	1008
85	63	0	0	0	0	503.565	1009
86	64	0	0	0	0	518.122	1010
86	64	0	0	0	0	533.296	1011
81	65	0	0	0	0	487.575	1012
80	66	0	0	0	0	490.824	1013
80	66	0	0	0	0	512.988	1014
81	67	0	0	0	0	526.948	1015
82	66	0	0	0	0	537.193	1016
82	66	0	0	0	0	538.459	1017
83	66	0	0	0	0	515.062	1018
84	67	0	0	0	0	506.026	1019
83	69	0	0	0	0	510.246	1020
83	66	0	0	0	0	505.512	1021
84	65	0	0	0	0	537.315	1022
84	66	0	0	0	0	537.179	1023
84	66	0	0	0	0	542.378	1024
82	65	0	0	0	0	506.193	1025
82	65	0	0	0	0	527.78	1026
81	65	0	0	0	0	551.495	1027
82	65	0	0	0	0	509.292	1028
84	67	0	0	0	0	519.528	1029
84	67	0	0	0	0	522.938	1030
84	67	0	0	0	0	523.198	1031
83	65	0	0	0	0	532.875	1032
81	67	0	0	0	0	516.359	1033
81	67	0	0	0	0	554.927	1034
81	69	0	0	0	0	548.991	1035
81	68	0	0	0	0	533.176	1036
81	67	0	0	0	0	527.572	1037
82	66	0	0	0	0	539.814	1038
86	69	0	0	0	0	553.856	1039
87	70	0	0	0	0	546.764	1040
86	70	0	0	0	0	560.943	1041
86	71	0	0	0	0	558.742	1042
85	73	0	0	0	0	539.985	1043
85	74	0	0	0	0	554.265	1044
85	74	0	0	0	0	548.996	1045
83	74	0	0	0	0	565.723	1046
86	74	0	0	0	0	539.797	1047
85	74	0	0	0	0	568.93	1048
85	75	0	0	0	0	573.496	1049
85	76	0	0	0	0	551.7	1050
86	75	0	0	0	0	550.519	1051
86	75	0	0	0	0	548.559	1052
86	73	0	0	0	0	550.329	1053
87	72	0	0	0	0	534.21	1054
87	72	0	0	0	0	573.287	1055
83	74	0	0	0	0	550.361	1056
83	73	0	0	0	0	558.341	1057
83	74	0	0	0	0	566.905	1058
93	75	0	0	0	0	580.309	1059
93	74	0	0	0	0	574.673	1060
91	75	0	0	0	0	561.172	1061
90	74	0	0	0	0	560.877	1062
87	75	0	0	0	0	565.494	1063
88	74	0	0	0	0	591.444	1064
87	74	0	0	0	0	596.565	1065
89	73	0	0	0	0	570.908	1066
89	72	0	0	0	0	553.485	1067
85	72	0	0	0	0	553.511	1068
94	71	0	0	0	0	545.973	1069
94	71	0	0	0	0	532.406	1070
94	71	0	0	0	0	568.961	1071
94	72	0	0	0	0	584.738	1072
91	73	0	0	0	0	542.107	1073
91	73	0	0	0	0	578.123	1074
88	74	0	0	0	0	557.755	1075
89	74	0	0	0	0	580.203	1076
89	74	0	0	0	0	586.02	1077
86	75	0	0	0	0	572.937	1078
89	75	0	0	0	0	603.801	1079
86	77	0	0	0	0	518.961	1080
86	76	0	0	0	0	622.131	1081
85	77	0	0	0	0	573.119	1082
89	80	0	0	0	0	585.884	1083
89	79	0	0	0	0	599.829	1084
89	82	0	0	0	0	562.442	1085
89	82	0	0	0	0	622.86	1086
84	85	0	0	0	0	570.381	1087
82	85	0	0	0	0	580.696	1088
82	85	0	0	0	0	613.577	1089
82	84	0	0	0	0	555.01	1090
82	85	0	0	0	0	613.834	1091
80	86	0	0	0	0	593.683	1092
