unique_top_cov	unique_bot_cov	redundant_top_cov	redundant_bot_cov	raw_redundant_top_cov	raw_redundant_bot_cov	e_value	position
2	12	0.333333	0	1	0	nan	1
2	12	0.333333	0	1	0	35.9629	2
3	13	0.333333	0	1	0	36.6442	3
4	13	0.333333	0	1	0	39.3145	4
4	13	0.333333	0	1	0	53.0162	5
4	14	0.333333	0	1	0	53.6036	6
4	14	0.333333	0	1	0	55.6943	7
4	14	0.333333	0	1	0	56.5266	8
4	14	0.333333	0	1	0	55.8815	9
5	14	0.333333	0	1	0	53.3433	10
6	14	0.333333	0	1	0	57.0273	11
6	14	0.333333	0	1	0	58.6273	12
6	18	0.666667	0	2	0	63.7559	13
6	18	0.666667	0.333333	2	1	76.598	14
6	18	0.666667	0.333333	2	1	77.1736	15
7	18	0.666667	0.333333	2	1	75.4617	16
7	18	0.666667	0.333333	2	1	75.9603	17
7	18	0.666667	0.333333	2	1	78.5873	18
7	19	0.666667	0.333333	2	1	71.5477	19
7	19	1	0.666667	3	2	86.1646	20
7	19	1	0.666667	3	2	89.1735	21
8	20	1.33333	0.666667	4	2	87.2681	22
9	20	1.66667	0.666667	5	2	88.4471	23
9	20	1.66667	0.666667	5	2	93.7368	24
10	21	1.66667	0.666667	5	2	91.4506	25
10	22	1.66667	0.666667	5	2	97.4973	26
11	23	1.66667	0.666667	5	2	112.654	27
11	23	1.66667	0.666667	5	2	112.427	28
11	23	1.66667	0.666667	5	2	116.616	29
11	23	1.66667	0.666667	5	2	109.83	30
11	23	1.66667	0.666667	5	2	115.838	31
11	23	1.66667	0.666667	5	2	100.938	32
11	24	1.66667	0.666667	5	2	109.82	33
11	24	1.66667	0.666667	5	2	115.235	34
11	24	1.66667	0.666667	5	2	119.602	35
11	24	1.66667	0.666667	5	2	120.223	36
11	24	1.66667	0.666667	5	2	124.417	37
11	25	1.66667	0.666667	5	2	114.815	38
13	25	1.66667	0.666667	5	2	119.063	39
14	25	1.66667	0.666667	5	2	121.854	40
14	25	1.66667	0.666667	5	2	130.846	41
14	25	1.66667	0.666667	5	2	117.76	42
14	25	1.66667	0.666667	5	2	118.149	43
14	25	1.66667	0.666667	5	2	130.001	44
15	27	1.66667	0.666667	5	2	131.64	45
16	27	1.66667	0.666667	5	2	149.096	46
16	27	1.66667	0.666667	5	2	149.483	47
16	27	1.66667	0.666667	5	2	147.086	48
16	27	1.66667	0.666667	5	2	128.918	49
16	27	1.66667	0.666667	5	2	137.935	50
16	27	1.66667	0.666667	5	2	141.668	51
18	27	1.33333	0.666667	4	2	144.57	52
18	29	1.33333	0.666667	4	2	126.233	53
19	29	1.33333	0.666667	4	2	148.904	54
22	29	1.33333	0.666667	4	2	144.134	55
22	29	1.33333	0.666667	4	2	173.976	56
22	29	1.33333	0.666667	4	2	160.38	57
22	29	1	0.666667	3	2	172.742	58
22	29	1	0.666667	3	2	172.642	59
22	29	1	0.666667	3	2	176.907	60
22	29	1	0.666667	3	2	177.507	61
22	29	0.666667	0.666667	2	2	168.388	62
22	29	0.666667	0.666667	2	2	178.599	63
22	29	0.666667	0.666667	2	2	173.321	64
22	29	0.333333	0.666667	1	2	172.789	65
22	29	0.333333	0.666667	1	2	167.222	66
24	29	0.333333	0.666667	1	2	179.968	67
24	29	0.333333	0.666667	1	2	176.298	68
25	29	0.333333	0.666667	1	2	174.503	69
26	29	0.333333	0.666667	1	2	181.942	70
26	34	0.333333	0.333333	1	1	186.521	71
26	34	0.333333	0	1	0	184.316	72
26	35	0.333333	0	1	0	205.754	73
26	35	0.333333	0	1	0	204.142	74
26	35	0	0	0	0	211.337	75
28	36	0	0	0	0	208.92	76
29	36	0	0	0	0	204.445	77
29	36	0	0	0	0	205.371	78
29	36	0	0	0	0	230.731	79
29	36	0	0	0	0	229.805	80
29	35	0	0	0	0	226.466	81
29	34	0	0	0	0	205.404	82
30	31	0	0	0	0	201.52	83
30	31	0	0	0	0	203.868	84
30	30	0	0	0	0	213.261	85
30	31	0	0	0	0	194.527	86
30	31	0	0	0	0	197.438	87
30	30	0	0	0	0	219.751	88
30	30	0	0	0	0	207.989	89
30	30	0	0	0	0	190.366	90
31	30	0	0	0	0	214.411	91
31	30	0	0	0	0	206.495	92
31	30	0	0	0	0	210.474	93
31	31	0	0	0	0	203.268	94
32	30	0	0	0	0	198.042	95
32	30	0	0	0	0	219.845	96
32	30	0	0	0	0	212.907	97
32	30	0	0	0	0	217.28	98
32	30	0	0	0	0	214.005	99
32	30	0	0	0	0	224.913	100
32	30	0	0	0	0	214.705	101
32	30	0	0	0	0	219.125	102
32	30	0	0	0	0	212.39	103
32	32	0	0	0	0	207.797	104
33	31	0	0	0	0	214.89	105
33	31	0	0	0	0	220.218	106
33	33	0	0	0	0	209.564	107
34	31	0	0	0	0	219.044	108
33	31	0	0	0	0	206.321	109
34	31	0	0	0	0	224.47	110
33	30	0	0	0	0	217.42	111
33	30	0	0	0	0	212.418	112
29	29	0	0	0	0	201.778	113
29	29	0	0	0	0	209.35	114
29	29	0	0	0	0	189.893	115
29	29	0	0	0	0	202.656	116
29	29	0	0	0	0	213.569	117
30	29	0	0	0	0	198.899	118
30	29	0	0	0	0	209.24	119
30	29	0	0	0	0	185.125	120
31	29	0	0	0	0	201.103	121
30	28	0	0	0	0	192.111	122
30	28	0	0	0	0	207.326	123
30	28	0	0	0	0	201.342	124
30	28	0	0	0	0	207.893	125
30	28	0	0	0	0	205.34	126
30	28	0	0	0	0	193.654	127
30	28	0	0	0	0	211.734	128
30	28	0	0	0	0	193.289	129
30	28	0	0	0	0	197.732	130
30	28	0	0	0	0	208.302	131
30	28	0	0	0	0	217.932	132
30	28	0	0	0	0	198.272	133
30	28	0	0	0	0	190.871	134
33	27	0	0	0	0	184.781	135
34	26	0	0	0	0	211.032	136
34	25	0	0	0	0	204.289	137
34	25	0	0	0	0	185.991	138
34	25	0	0	0	0	206.474	139
35	24	0	0	0	0	194.922	140
34	24	0	0	0	0	203.44	141
34	24	0	0	0	0	194.25	142
35	24	0	0	0	0	181.733	143
33	23	0	0	0	0	200.884	144
33	24	0	0	0	0	198.811	145
33	24	0	0	0	0	184.939	146
33	24	0	0	0	0	182.616	147
33	21	0	0	0	0	198.243	148
32	21	0	0	0	0	185.681	149
32	20	0	0	0	0	190.848	150
31	20	0	0	0	0	171.946	151
31	20	0	0	0	0	169.754	152
30	20	0	0	0	0	171.31	153
29	20	0	0	0	0	166.869	154
29	20	0	0	0	0	166.992	155
29	19	0	0	0	0	158.076	156
29	19	0	0	0	0	174.441	157
29	19	0	0	0	0	127.123	158
27	18	0	0	0	0	132.835	159
27	18	0	0	0	0	119.642	160
24	18	0	0	0	0	129.99	161
24	18	0	0	0	0	119.826	162
22	17	0	0	0	0	130.684	163
22	15	0	0	0	0	133.924	164
22	15	0	0	0	0	133.549	165
21	16	0	0	0	0	123.212	166
22	16	0	0	0	0	118.207	167
22	16	0	0	0	0	125.683	168
22	16	0	0	0	0	141.799	169
22	16	0	0	0	0	133.769	170
22	16	0	0	0	0	127.851	171
22	16	0	0	0	0	120.747	172
19	16	0	0	0	0	127.914	173
19	16	0	0	0	0	123.929	174
19	16	0	0	0	0	123.953	175
19	16	0	0	0	0	111.765	176
19	16	0	0	0	0	118.899	177
19	15	0	0	0	0	115.631	178
19	15	0	0	0	0	115.495	179
19	15	0	0	0	0	119.624	180
18	15	0	0	0	0	103.782	181
17	15	0	0	0	0	90.9966	182
17	15	0	0	0	0	98.65	183
16	15	0	0	0	0	100.235	184
16	14	0	0	0	0	92.2204	185
15	12	0	0	0	0	88.3713	186
15	12	0	0	0	0	89.2673	187
15	12	0	0	0	0	86.4759	188
15	11	0	0	0	0	90.4309	189
15	11	0	0	0	0	82.2291	190
15	10	0	0	0	0	73.9271	191
14	10	0	0	0	0	78.8798	192
14	10	0	0	0	0	80.2217	193
14	10	0	0	0	0	74.8433	194
13	10	0	0	0	0	68.4819	195
11	10	0	0	0	0	72.1555	196
11	10	0	0	0	0	72.1386	197
11	10	0	0	0	0	70.3461	198
11	10	0	0	0	0	64.0122	199
10	9	0	0	0	0	55.8608	200
10	8	0	0	0	0	53.6655	201
10	7	0	0	0	0	39.3409	202
9	5	0	0	0	0	40.9867	203
9	5	0	0	0	0	33.6293	204
7	5	0	0	0	0	36.7307	205
7	5	0	0	0	0	40.8524	206
7	5	0	0	0	0	37.9081	207
7	5	0	0	0	0	37.6185	208
7	5	0	0	0	0	20.8422	209
6	2	0	0	0	0	23.7383	210
6	2	0	0	0	0	19.7529	211
6	2	0	0	0	0	18.1391	212
5	2	0	0	0	0	17.8928	213
5	2	0	0	0	0	18.6682	214
5	2	0	0	0	0	nan	215
0	0	0	0	0	0	nan	216
0	0	0	0	0	0	nan	217
0	0	0	0	0	0	nan	218
0	0	0	0	0	0	nan	219
0	0	0	0	0	0	nan	220
0	0	0	0	0	0	nan	221
0	0	0	0	0	0	nan	222
0	0	0	0	0	0	nan	223
0	0	0	0	0	0	nan	224
0	0	0	0	0	0	nan	225
0	0	0	0	0	0	nan	226
0	0	0	0	0	0	nan	227
0	0	0	0	0	0	nan	228
0	0	0	0	0	0	nan	229
0	0	0	0	0	0	nan	230
0	0	0	0	0	0	nan	231
0	0	0	0	0	0	nan	232
0	0	0	0	0	0	nan	233
0	0	0	0	0	0	nan	234
0	0	0	0	0	0	nan	235
0	0	0	0	0	0	nan	236
0	0	0	0	0	0	nan	237
0	0	0	0	0	0	nan	238
0	0	0	0	0	0	nan	239
0	0	0	0	0	0	nan	240
0	0	0	0	0	0	nan	241
0	0	0	0	0	0	nan	242
0	0	0	0	0	0	nan	243
0	0	0	0	0	0	nan	244
0	0	0	0	0	0	nan	245
0	0	0	0	0	0	nan	246
0	0	0	0	0	0	nan	247
0	0	0	0	0	0	nan	248
0	0	0	0	0	0	nan	249
0	0	0	0	0	0	nan	250
0	0	0	0	0	0	nan	251
0	0	0	0	0	0	nan	252
0	0	0	0	0	0	nan	253
0	0	0	0	0	0	nan	254
1	6	0	0	0	0	nan	255
2	6	0	0	0	0	15.8342	256
3	6	0	0	0	0	20.3453	257
3	6	0	0	0	0	19.7473	258
3	6	0	0	0	0	18.5118	259
4	6	0	0	0	0	19.7271	260
4	7	0	0	0	0	26.7783	261
5	7	0	0	0	0	29.5905	262
6	7	0	0	0	0	33.4557	263
6	8	0	0	0	0	30.5856	264
6	8	0	0	0	0	42.9998	265
6	11	0	0	0	0	45.7751	266
6	11	0	0	0	0	48.6498	267
6	14	0	0	0	0	46.2914	268
6	14	0	0	0	0	55.5389	269
6	14	0	0	0	0	52.8696	270
6	14	0	0	0	0	53.1286	271
6	14	0	0	0	0	64.8456	272
6	14	0	0	0	0	66.8826	273
6	14	0	0	0	0	54.9461	274
6	14	0	0	0	0	69.673	275
6	14	0	0	0	0	70.4732	276
6	14	0	0	0	0	63.7001	277
7	15	0	0	0	0	64.725	278
7	15	0	0	0	0	67.2944	279
7	15	0	0	0	0	62.6196	280
8	15	0	0	0	0	64.9295	281
8	15	0	0	0	0	65.4683	282
9	15	0	0	0	0	64.6113	283
9	15	0	0	0	0	67.1762	284
9	15	0	0	0	0	61.8414	285
9	15	0	0	0	0	66.8551	286
9	15	0	0	0	0	66.9579	287
9	15	0	0	0	0	64.4773	288
9	15	0	0	0	0	67.1717	289
9	15	0	0	0	0	75.2416	290
9	18	0	0	0	0	83.9408	291
9	18	0	0	0	0	79.6224	292
9	19	0	0	0	0	91.3362	293
9	19	0	0	0	0	86.3987	294
9	19	0	0	0	0	92.8845	295
9	20	0	0	0	0	95.7621	296
9	20	0	0	0	0	88.7902	297
9	20	0	0	0	0	91.342	298
9	20	0.5	0	1	0	88.0001	299
8	20	0.5	0	1	0	101.034	300
8	20	0.5	0	1	0	99.5074	301
8	20	0.5	0	1	0	83.0097	302
8	20	0.5	0	1	0	97.907	303
8	20	0.5	0.0833333	1	1	96.829	304
8	20	0.5	0.166667	1	2	97.8024	305
8	20	0.5	0.25	1	3	83.0531	306
8	20	0.583333	0.25	2	3	90.5317	307
8	20	0.75	0.25	4	3	90.5537	308
8	20	0.833333	0.25	5	3	87.4709	309
8	20	0.833333	0.25	5	3	98.242	310
8	20	0.833333	0.25	5	3	87.198	311
8	20	0.833333	0.25	5	3	97.4977	312
8	20	0.833333	0.25	5	3	84.2164	313
8	20	0.833333	0.25	5	3	93.2897	314
8	20	0.916667	0.25	6	3	87.6865	315
8	20	0.916667	0.25	6	3	85.1709	316
8	20	0.916667	0.25	6	3	94.1082	317
8	19	1	0.416667	7	5	95.9336	318
8	19	1.08333	0.416667	8	5	86.8432	319
8	18	1.16667	0.416667	9	5	88.7068	320
8	18	1.25	0.416667	10	5	82.2454	321
8	18	1.25	0.416667	10	5	79.5803	322
8	18	1.25	0.416667	10	5	77.576	323
8	18	1.25	0.416667	10	5	86.3477	324
8	18	1.25	0.416667	10	5	76.4119	325
8	18	1.25	0.416667	10	5	85.3777	326
7	18	1.25	0.416667	10	5	71.4007	327
7	18	1.25	0.416667	10	5	84.2701	328
7	18	1.25	0.416667	10	5	82.776	329
7	18	1.25	0.5	10	6	78.1606	330
7	17	1.25	0.5	10	6	68.0764	331
7	15	1.25	0.583333	10	7	74.5511	332
7	15	1.25	0.583333	10	7	73.3644	333
7	15	1.25	0.583333	10	7	65.4031	334
7	15	1.25	0.583333	10	7	74.5511	335
7	15	1.25	0.583333	10	7	67.4559	336
7	15	1.33333	0.583333	11	7	73.748	337
7	15	1.33333	0.583333	11	7	70.2371	338
7	15	1.33333	0.583333	11	7	64.3871	339
7	15	1.33333	0.583333	11	7	68.0319	340
7	14	1.33333	0.583333	11	7	62.0105	341
7	14	1.33333	0.583333	11	7	62.6865	342
7	14	1.33333	0.583333	11	7	68.1615	343
7	14	1.33333	0.583333	11	7	64.3456	344
7	14	1.25	0.583333	10	7	64.5565	345
7	14	1.25	0.583333	10	7	52.063	346
7	13	1.25	0.583333	10	7	63.7831	347
6	13	1.16667	0.583333	9	7	56.2647	348
6	12	1.16667	0.583333	9	7	57.8583	349
6	12	1.16667	0.583333	9	7	49.2667	350
6	11	1.16667	0.583333	9	7	53.5839	351
6	11	1.16667	0.583333	9	7	54.9053	352
6	11	1.16667	0.583333	9	7	42.9404	353
6	10	1.16667	0.583333	9	7	44.7068	354
6	9	1.16667	0.583333	9	7	45.5409	355
5	9	1.16667	0.583333	9	7	43.6742	356
5	9	1.08333	0.583333	8	7	33.4761	357
4	9	0.416667	0.583333	5	7	37.0083	358
4	8	0.333333	0.583333	4	7	31.7298	359
4	8	0.333333	0.583333	4	7	37.5196	360
4	8	0.333333	0.583333	4	7	28.5376	361
4	8	0.333333	0.5	4	6	36.8521	362
4	8	0.333333	0.5	4	6	32.686	363
3	8	0.166667	0.5	2	6	32.9245	364
3	8	0.166667	0.5	2	6	30.3963	365
3	8	0.166667	0.5	2	6	26.6888	366
3	8	0.166667	0.416667	2	5	26.334	367
3	7	0.166667	0.416667	2	5	24.4538	368
2	7	0.0833333	0.416667	1	5	21.2409	369
2	7	0.0833333	0.333333	1	4	21.7077	370
2	6	0.0833333	0.25	1	3	11.9063	371
2	4	0	0.166667	0	2	10.6833	372
2	4	0	0.0833333	0	1	13.3342	373
2	3	0	0	0	0	nan	374
