unique_top_cov	unique_bot_cov	redundant_top_cov	redundant_bot_cov	raw_redundant_top_cov	raw_redundant_bot_cov	e_value	position
0	0	0	0	0	0	nan	1
0	0	0	0	0	0	nan	2
0	0	0	0	0	0	nan	3
0	0	0	0	0	0	nan	4
0	0	0	0	0	0	nan	5
0	0	0	0	0	0	nan	6
0	0	0	0	0	0	nan	7
0	0	0	0	0	0	nan	8
0	0	0	0	0	0	nan	9
0	0	0	0	0	0	nan	10
59	52	0	0	0	0	414.577	11
59	52	0	0	0	0	379.657	12
59	52	0	0	0	0	381.272	13
59	51	0	0	0	0	386.998	14
59	51	0	0	0	0	387.063	15
59	51	0	0	0	0	362.55	16
58	47	0	0	0	0	359.679	17
52	47	0	0	0	0	343.032	18
48	47	0	0	0	0	324.235	19
48	46	0	0	0	0	335.98	20
48	46	0	0	0	0	335.133	21
48	46	0	0	0	0	358.071	22
48	46	0	0	0	0	330.994	23
47	48	0	0	0	0	351.178	24
46	48	0	0	0	0	265.891	25
46	48	0	0	0	0	297.179	26
46	48	0	0	0	0	325.353	27
46	48	0	0	0	0	341.891	28
46	48	0	0	0	0	353.515	29
46	47	0	0	0	0	338.48	30
46	47	0	0	0	0	302.451	31
46	47	0	0	0	0	308.477	32
43	46	0	0	0	0	329.296	33
44	46	0	0	0	0	331.753	34
43	45	0	0	0	0	320.427	35
44	45	0	0	0	0	303.28	36
44	45	0	0	0	0	307.819	37
42	44	0	0	0	0	285.124	38
42	44	0	0	0	0	287.763	39
42	44	0	0	0	0	304.382	40
42	43	0	0	0	0	318.945	41
42	42	0	0	0	0	293.618	42
42	44	0.5	0.5	1	1	272.76	43
42	44	0.5	0.5	1	1	278.111	44
42	44	0.5	0.5	1	1	264.108	45
42	43	0.5	0.5	1	1	275.752	46
37	41	0.5	0.5	1	1	282.772	47
37	41	0.5	0.5	1	1	269.088	48
37	41	0.5	0.5	1	1	255.056	49
37	41	0.5	0.5	1	1	254.277	50
37	39	0.5	0.5	1	1	259.598	51
37	38	0.5	0.5	1	1	261.094	52
37	37	0.5	0.5	1	1	258.124	53
37	37	0.5	0.5	1	1	255.939	54
37	38	0.5	0.5	1	1	268.778	55
37	38	0.5	0.5	1	1	251.088	56
35	37	0.5	0.5	1	1	245.828	57
35	38	0.5	0.5	1	1	257.107	58
35	38	0.5	0.5	1	1	258.651	59
35	39	0.5	0.5	1	1	250.147	60
33	39	0.5	0.5	1	1	232.492	61
29	38	0.5	0.5	1	1	235.397	62
29	39	0.5	0.5	1	1	216.953	63
23	37	0.5	1	1	2	212.389	64
25	37	0.5	1	1	2	207.166	65
25	37	0.5	1	1	2	211.317	66
25	37	0.5	1	1	2	217.23	67
25	37	1	1	2	2	212.528	68
25	35	1	1	2	2	199.237	69
25	35	1	1	2	2	203.423	70
23	35	1	1	2	2	210.952	71
23	36	1	1	2	2	208.351	72
23	36	1	1	2	2	199.814	73
23	35	1	1	2	2	202.837	74
23	34	1	1	2	2	204.829	75
23	33	1	1	2	2	203.043	76
24	34	1	1	2	2	203.166	77
25	34	1	1	2	2	198.86	78
25	35	1	1	2	2	192.498	79
24	35	1	1	2	2	183.968	80
23	34	1	1	2	2	204.41	81
23	34	1	1	2	2	184.307	82
24	33	1	1	2	2	184.992	83
24	33	1	1	2	2	179.043	84
24	32	1	1	2	2	183.897	85
23	32	1	1	2	2	177.397	86
23	32	1	1	2	2	195.687	87
24	32	1	1	2	2	199.299	88
23	32	1	1	2	2	191.931	89
23	32	1	1	2	2	173.6	90
22	27	1	1	2	2	143.525	91
22	26	1	1	2	2	142.97	92
22	24	1	1	2	2	157.322	93
22	24	1	1	2	2	143.337	94
23	23	1	1	2	2	144.588	95
24	25	1	1	2	2	137.077	96
24	24	1	1	2	2	148.234	97
25	24	1	1	2	2	153.611	98
26	24	1	1	2	2	160.992	99
26	25	1	1	2	2	162.031	100
26	24	1	1	2	2	165.681	101
26	24	1	1	2	2	172.262	102
25	24	1	1	2	2	172.921	103
25	25	1	1	2	2	154.492	104
21	25	0.5	1	1	2	157.091	105
22	26	0.5	1	1	2	156.856	106
22	27	0.5	1	1	2	162.726	107
21	27	0.5	0.5	1	1	159.722	108
21	27	0	0.5	0	1	163.578	109
22	27	0	0.5	0	1	171.498	110
22	27	0	0.5	0	1	163.185	111
22	27	0	0.5	0	1	162.367	112
21	26	0	0.5	0	1	154.246	113
21	26	0	0.5	0	1	146.179	114
19	26	0	0.5	0	1	138.913	115
19	26	0	0	0	0	161.602	116
20	26	0	0	0	0	147.165	117
22	26	0	0	0	0	151.38	118
22	26	0	0	0	0	153.214	119
23	26	0	0	0	0	142.86	120
23	25	0	0	0	0	147.145	121
24	26	0	0	0	0	151.351	122
24	25	0	0	0	0	173.105	123
24	25	0	0	0	0	165.76	124
24	25	0	0	0	0	164.597	125
24	25	0	0	0	0	167.977	126
26	25	0	0	0	0	154.931	127
27	24	0	0	0	0	174.389	128
27	24	0	0	0	0	172.887	129
27	23	0	0	0	0	172.133	130
27	23	0	0	0	0	155.14	131
28	23	0	0	0	0	167.707	132
28	21	0	0	0	0	177.674	133
28	21	0	0	0	0	170.154	134
29	21	0	0	0	0	163.888	135
29	21	0	0	0	0	165.989	136
29	20	0	0	0	0	171.025	137
29	19	0	0	0	0	172.123	138
30	19	0	0	0	0	169.676	139
30	20	0	0	0	0	174.297	140
31	20	0	0	0	0	157.685	141
31	20	0	0	0	0	166.925	142
33	20	0	0	0	0	172.797	143
34	20	0	0	0	0	188.059	144
34	20	0	0	0	0	172.709	145
34	20	0	0	0	0	168.868	146
33	20	0	0	0	0	171.205	147
34	19	0	0	0	0	178.187	148
32	19	0	0	0	0	181.947	149
32	19	0	0	0	0	173.069	150
32	19	0	0	0	0	164.885	151
32	19	0	0	0	0	180.619	152
33	20	0	0	0	0	179.948	153
33	20	0	0	0	0	172.099	154
33	20	0	0	0	0	165.868	155
33	20	0	0	0	0	181.664	156
33	20	0	0	0	0	186.768	157
33	19	0	0	0	0	177.273	158
33	19	0	0	0	0	172.676	159
33	18	0	0	0	0	172.957	160
34	16	0	0	0	0	175.854	161
34	16	0	0	0	0	170.591	162
35	17	0	0	0	0	174.638	163
35	17	0	0	0	0	187.685	164
35	17	0	0	0	0	189.924	165
35	17	0	0	0	0	178.079	166
35	17	0	0	0	0	179.763	167
35	17	0	0	0	0	167.454	168
36	17	0	0	0	0	184.79	169
36	17	0	0	0	0	189.639	170
36	17	0	0	0	0	187.195	171
36	17	0	0	0	0	173.127	172
34	17	0	0	0	0	159.363	173
34	17	0	0	0	0	183.388	174
34	18	0	0	0	0	188.423	175
34	18	0	0	0	0	177.137	176
34	18	0	0	0	0	187.861	177
33	17	0	0	0	0	176.857	178
33	17	0	0	0	0	183.697	179
34	16	0	0	0	0	163.741	180
35	16	0	0	0	0	179.298	181
35	16	0	0	0	0	157.818	182
35	15	0	0	0	0	151.784	183
32	15	0	0	0	0	159.827	184
32	15	0	0	0	0	163.332	185
32	15	0	0	0	0	154.649	186
32	15	0	0	0	0	156.36	187
31	15	0	0	0	0	155.865	188
31	15	0	0	0	0	149.855	189
31	15	0	0	0	0	150.782	190
31	15	0	0	0	0	165.92	191
31	15	0	0	0	0	151.928	192
31	13	0	0	0	0	150.808	193
31	13	0	0	0	0	159.423	194
32	13	0	0	0	0	157.753	195
32	13	0	0	0	0	154.255	196
32	14	0	0	0	0	157.029	197
32	14	0	0	0	0	145.245	198
32	15	0	0	0	0	154.692	199
32	16	0	0	0	0	167.965	200
31	16	0	0	0	0	155.101	201
31	16	0	0	0	0	160.768	202
31	16	0	0	0	0	163.255	203
32	16	0	0	0	0	160.529	204
32	15	0	0	0	0	168.722	205
32	16	0	0	0	0	158.493	206
32	16	0	0	0	0	163.111	207
32	16	0	0	0	0	153.227	208
31	16	0	0	0	0	163.383	209
31	16	0	0	0	0	146.513	210
29	16	0	0	0	0	162.309	211
29	16	0	0	0	0	148.13	212
28	15	0	0	0	0	137.516	213
28	15	0	0	0	0	149.941	214
26	15	0	0	0	0	136.325	215
26	15	0	0	0	0	129.501	216
26	15	0	0	0	0	150.97	217
26	15	0	0	0	0	132.232	218
26	15	0	0	0	0	140.438	219
26	15	0	0	0	0	147.918	220
26	15	0	0	0	0	139.084	221
26	15	0	0	0	0	136.087	222
24	15	0	0	0	0	130.847	223
24	15	0	0	0	0	125.233	224
24	13	0	0	0	0	126.156	225
24	13	0	0	0	0	134.576	226
24	13	0	0	0	0	125.37	227
22	12	0	0	0	0	114.777	228
22	11	0	0	0	0	107.715	229
22	11	0	0	0	0	110.965	230
22	10	0	0	0	0	108.9	231
22	10	0	0	0	0	104.962	232
22	10	0	0	0	0	96.5626	233
18	10	0	0	0	0	89.5858	234
18	10	0	0	0	0	91.5468	235
16	10	0	0	0	0	76.4701	236
16	10	0	0	0	0	77.4459	237
15	10	0	0	0	0	80.1491	238
15	10	0	0	0	0	83.6267	239
15	10	0	0	0	0	65.9941	240
15	10	0	0	0	0	80.9358	241
15	10	0	0	0	0	79.1428	242
14	10	0	0	0	0	62.9892	243
14	10	0	0	0	0	66.791	244
14	10	0	0	0	0	65.8629	245
14	8	0	0	0	0	65.4433	246
14	8	0	0	0	0	67.8396	247
14	8	0	0	0	0	66.9914	248
12	8	0	0	0	0	67.3667	249
12	8	0	0	0	0	62.4951	250
12	8	0	0	0	0	62.0987	251
12	8	0	0	0	0	60.6849	252
12	8	0	0	0	0	61.4289	253
12	8	0	0	0	0	71.209	254
12	8	0	0	0	0	63.7512	255
12	7	0	0	0	0	51.1398	256
12	7	0	0	0	0	60.7595	257
12	7	0	0	0	0	63.6157	258
12	7	0	0	0	0	51.1477	259
11	7	0	0	0	0	52.2885	260
11	7	0	0	0	0	54.0302	261
11	7	0	0	0	0	51.0183	262
11	7	0	0	0	0	56.1472	263
11	7	0	0	0	0	56.6755	264
12	7	0	0	0	0	56.4679	265
12	7	0	0	0	0	53.4418	266
11	7	0	0	0	0	53.6805	267
11	7	0	0	0	0	57.6766	268
11	7	0	0	0	0	54.482	269
11	7	0	0	0	0	49.8431	270
11	7	0	0	0	0	58.509	271
11	7	0	0	0	0	56.0708	272
11	7	0	0	0	0	46.7245	273
10	7	0	0	0	0	47.8547	274
10	6	0	0	0	0	49.9621	275
10	6	0	0	0	0	40.4667	276
10	6	0	0	0	0	46.9989	277
9	6	0	0	0	0	46.9294	278
9	6	0	0	0	0	45.6295	279
9	6	0	0	0	0	46.6809	280
9	6	0	0	0	0	43.8589	281
9	6	0	0	0	0	43.1316	282
9	6	0	0	0	0	46.8357	283
9	6	0	0	0	0	39.065	284
8	6	0	0	0	0	37.6688	285
8	6	0	0	0	0	34.683	286
8	6	0	0	0	0	34.2254	287
7	6	0	0	0	0	34.3815	288
7	5	0	0	0	0	35.2633	289
7	5	0	0	0	0	34.2895	290
7	5	0	0	0	0	25.9519	291
6	5	0	0	0	0	25.6212	292
5	5	0	0	0	0	26.9246	293
5	5	0	0	0	0	26.2266	294
5	5	0	0	0	0	24.875	295
5	5	0	0	0	0	22.9566	296
5	5	0	0	0	0	24.0664	297
5	5	0	0	0	0	25.3097	298
5	5	0	0	0	0	22.5344	299
5	5	0	0	0	0	27.8017	300
5	5	0	0	0	0	18.8162	301
4	4	0	0	0	0	17.8902	302
4	4	0	0	0	0	20.9666	303
4	4	0	0	0	0	17.5137	304
4	4	0	0	0	0	18.1379	305
4	4	0	0	0	0	19.5996	306
4	4	0	0	0	0	20.6595	307
4	4	0	0	0	0	18.6347	308
4	4	0	0	0	0	18.9252	309
4	4	0	0	0	0	18.1319	310
4	4	0	0	0	0	15.8525	311
4	4	0	0	0	0	14.8461	312
4	4	0	0	0	0	13.927	313
4	4	0	0	0	0	14.5261	314
4	4	0	0	0	0	19.9771	315
4	4	0	0	0	0	20.2559	316
4	4	0	0	0	0	18.5172	317
4	4	0	0	0	0	20.408	318
4	4	0	0	0	0	20.2619	319
4	4	0	0	0	0	20.2912	320
4	4	0	0	0	0	18.4327	321
4	4	0	0	0	0	17.4699	322
4	4	0	0	0	0	18.9786	323
4	4	0	0	0	0	16.4547	324
4	3	0	0	0	0	10.9465	325
4	3	0	0	0	0	15.122	326
4	3	0	0	0	0	12.7631	327
4	3	0	0	0	0	12.6436	328
4	3	0	0	0	0	11.7227	329
3	3	0	0	0	0	10.1084	330
3	3	0	0	0	0	11.4752	331
3	3	0	0	0	0	12.5675	332
3	3	0	0	0	0	11.8456	333
3	3	0	0	0	0	5.46307	334
2	2	0	0	0	0	5.07747	335
2	2	0	0	0	0	2.39391	336
2	1	0	0	0	0	-0.545516	337
2	1	0	0	0	0	2.43019	338
2	1	0	0	0	0	2.14174	339
2	1	0	0	0	0	-3.3028	340
2	0	0	0	0	0	-5.20043	341
1	0	0	0	0	0	nan	342
1	0	0	0	0	0	nan	343
1	0	0	0	0	0	nan	344
0	0	0	0	0	0	nan	345
0	0	0	0	0	0	nan	346
0	0	0	0	0	0	nan	347
0	0	0	0	0	0	nan	348
0	0	0	0	0	0	nan	349
0	0	0	0	0	0	nan	350
0	0	0	0	0	0	nan	351
0	0	0	0	0	0	nan	352
0	0	0	0	0	0	nan	353
0	0	0	0	0	0	nan	354
0	0	0	0	0	0	nan	355
0	0	0	0	0	0	nan	356
0	0	0	0	0	0	nan	357
0	0	0	0	0	0	nan	358
0	0	0	0	0	0	nan	359
0	0	0	0	0	0	nan	360
0	0	0	0	0	0	nan	361
0	0	0	0	0	0	nan	362
0	0	0	0	0	0	nan	363
0	0	0	0	0	0	nan	364
0	0	0	0	0	0	nan	365
0	0	0	0	0	0	nan	366
0	0	0	0	0	0	nan	367
0	0	0	0	0	0	nan	368
0	0	0	0	0	0	nan	369
0	0	0	0	0	0	nan	370
0	0	0	0	0	0	nan	371
0	0	0	0	0	0	nan	372
