unique_top_cov	unique_bot_cov	redundant_top_cov	redundant_bot_cov	raw_redundant_top_cov	raw_redundant_bot_cov	e_value	position
1	1	0	0	0	0	nan	1
1	1	0	0	0	0	-1.32466	2
2	2	0	0	0	0	0.752545	3
2	2	0	0	0	0	7.47977	4
3	3	0	0	0	0	8.22342	5
3	3	0	0	0	0	10.0983	6
3	4	0	0	0	0	15.5113	7
3	5	0	0	0	0	12.8384	8
3	5	0	0	0	0	15.5113	9
3	5	0	0	0	0	18.0619	10
3	5	0	0	0	0	21.8989	11
3	5	0	0	0	0	20.5047	12
3	5	0	0	0	0	22.7779	13
3	5	0.25	0	1	0	24.3958	14
3	5	0.25	0	1	0	24.4475	15
3	5	0.25	0	1	0	23.2799	16
3	6	0.25	0	1	0	24.5054	17
3	6	0.25	0	1	0	24.4595	18
3	6	0.25	0	1	0	22.7859	19
4	6	0.25	0	1	0	26.8996	20
4	6	0.25	0	1	0	19.9873	21
4	7	0.25	0	1	0	28.4899	22
4	7	0.25	0	1	0	26.086	23
4	7	0.25	0	1	0	29.5819	24
4	7	0.25	0	1	0	33.9129	25
4	7	0.25	0	1	0	34.1182	26
4	7	0.25	0	1	0	36.3467	27
4	8	0.25	0	1	0	32.8745	28
4	8	0.25	0	1	0	32.6154	29
4	8	0.25	0	1	0	35.8976	30
4	8	0.25	0	1	0	37.6189	31
4	8	0.25	0	1	0	37.882	32
4	9	0.25	0	1	0	29.0601	33
4	9	0.25	0	1	0	37.8964	34
4	9	0.25	0	1	0	38.5808	35
4	9	0.25	0	1	0	40.3713	36
4	9	0.25	0	1	0	40.8017	37
4	9	0.25	0	1	0	41.0948	38
4	9	0.25	0	1	0	37.0079	39
4	9	0.25	0	1	0	38.6612	40
4	9	0.25	0	1	0	40.8013	41
4	9	0.25	0	1	0	35.4499	42
4	9	0.25	0	1	0	40.1235	43
4	9	0.25	0	1	0	35.435	44
4	9	0.25	0	1	0	41.872	45
4	9	0.25	0	1	0	37.4579	46
4	9	0.25	0	1	0	40.1476	47
4	10	0.25	0	1	0	41.872	48
4	10	0.25	0	1	0	43.7565	49
4	10	0.25	0	1	0	39.0029	50
4	10	0.25	0	1	0	43.9625	51
4	10	0.25	0	1	0	36.6785	52
4	10	0.25	0	1	0	45.8161	53
4	10	0.25	0	1	0	45.2631	54
4	10	0.25	0	1	0	42.2971	55
4	12	0.25	0	1	0	45.784	56
4	12	0.25	0	1	0	43.9873	57
4	12	0.25	0	1	0	48.789	58
5	12	0.25	0	1	0	49.7564	59
5	12	0.25	0	1	0	51.5593	60
5	12	0.25	0	1	0	57.6858	61
5	12	0.25	0	1	0	57.8652	62
5	13	0.25	0	1	0	55.0914	63
5	14	0.25	0	1	0	56.7949	64
5	15	0	0	0	0	62.7814	65
5	15	0	0	0	0	67.0341	66
5	15	0	0	0	0	61.2997	67
5	15	0	0	0	0	54.5816	68
5	15	0	0	0	0	64.1397	69
5	15	0	0	0	0	67.1756	70
5	15	0	0	0	0	62.5063	71
5	15	0	0	0	0	59.9943	72
5	15	0	0	0	0	65.7261	73
5	15	0	0	0	0	52.2996	74
5	15	0	0	0	0	65.2052	75
5	15	0	0	0	0	63.8962	76
5	15	0	0	0	0	49.5768	77
5	15	0	0	0	0	63.1955	78
5	16	0	0	0	0	65.4503	79
5	16	0	0	0	0	59.0227	80
5	16	0	0	0	0	65.8064	81
5	16	0	0	0	0	57.0339	82
5	15	0	0	0	0	63.1381	83
6	15	0	0	0	0	66.8191	84
6	16	0	0	0	0	60.7729	85
6	16	0	0	0	0	62.1212	86
7	16	0	0	0	0	71.1615	87
7	17	0	0	0	0	72.8507	88
7	17	0	0	0	0	78.1033	89
7	17	0	0	0	0	68.8483	90
7	15	0	0	0	0	57.7501	91
8	16	0	0	0	0	63.1057	92
8	18	0	1	0	2	69.8916	93
8	18	0	1	0	2	69.1545	94
9	19	0	1.5	0	3	69.3921	95
9	19	0	1.5	0	3	72.8133	96
9	19	0	1.5	0	3	89.191	97
9	19	0	1.5	0	3	87.8071	98
9	18	0	1.5	0	3	68.9173	99
9	18	0	1.5	0	3	79.724	100
10	18	0	1.5	0	3	74.2785	101
8	18	0	1.5	0	3	75.1504	102
8	17	0	1.5	0	3	67.2261	103
8	17	0	1.5	0	3	73.5014	104
8	17	0	1.5	0	3	81.7388	105
9	17	0	1.5	0	3	76.2384	106
10	17	0	1.5	0	3	74.9117	107
10	17	0	1.5	0	3	77.7988	108
10	17	0	1.5	0	3	78.2731	109
10	17	0	1.5	0	3	84.3152	110
11	17	0	1.5	0	3	84.7179	111
11	17	0	1.5	0	3	80.8237	112
11	18	0	1.5	0	3	84.5359	113
11	18	0	1.5	0	3	78.5108	114
11	18	0	1.5	0	3	84.922	115
11	18	0	1.5	0	3	83.5004	116
11	18	0	1.5	0	3	70.3824	117
11	18	0	1.5	0	3	79.1588	118
12	18	0	1.5	0	3	89.8674	119
12	18	0	1.5	0	3	87.6847	120
12	18	0	1.5	0	3	88.1831	121
12	18	0	1.5	0	3	80.3111	122
12	18	0	1.5	0	3	92.4213	123
12	18	0	1.5	0	3	94.6035	124
13	18	0	1.5	0	3	90.7421	125
13	18	0	1.5	0	3	90.9068	126
13	18	0	1.5	0	3	80.6685	127
13	19	0	1.5	0	3	98.1648	128
14	19	0	1.5	0	3	76.9068	129
14	19	0	1.5	0	3	98.723	130
14	20	0	1.5	0	3	97.7494	131
14	20	0	1.5	0	3	87.1117	132
13	20	0	1.5	0	3	92.4501	133
13	23	0	1.5	0	3	98.304	134
13	23	0	1.5	0	3	102.223	135
13	23	0	1	0	2	92.1728	136
13	22	0	1	0	2	102.937	137
13	22	0	0.5	0	1	94.9633	138
12	22	0	0.5	0	1	93.7144	139
12	22	0	0.5	0	1	99.1075	140
12	21	0	0.5	0	1	73.4224	141
12	22	0	0.5	0	1	90.2913	142
10	22	0	0.5	0	1	83.7754	143
10	22	0	0.5	0	1	93.7792	144
10	22	0	0.5	0	1	74.6239	145
10	22	0	0.5	0	1	68.2372	146
10	22	0	0.5	0	1	93.2798	147
11	22	0	0.5	0	1	95.7042	148
11	22	0	0.5	0	1	94.285	149
11	21	0	0.5	0	1	84.9876	150
11	21	0	0.5	0	1	97.6605	151
12	21	0	0.5	0	1	77.8356	152
13	21	0	0.5	0	1	87.5171	153
13	21	0	0.5	0	1	80.7985	154
14	21	0	0.5	0	1	86.9096	155
14	21	0	0.5	0	1	90.9611	156
14	20	0	0.5	0	1	93.432	157
14	20	0	0	0	0	91.8914	158
14	20	0	0	0	0	91.3754	159
14	20	0	0	0	0	90.2962	160
14	19	0	0	0	0	77.7359	161
14	18	0	0	0	0	91.9717	162
14	18	0	0	0	0	90.8972	163
14	19	0	0	0	0	96.8571	164
14	19	0	0	0	0	90.4931	165
14	19	0	0	0	0	94.1626	166
14	19	0	0	0	0	94.0142	167
14	19	0	0	0	0	90.0998	168
14	19	0	0	0	0	82.3729	169
14	19	0	0	0	0	79.1942	170
14	19	0	0	0	0	89.0183	171
14	18	0	0	0	0	93.3776	172
14	18	0	0	0	0	94.9608	173
14	18	0	0	0	0	94.0356	174
14	18	0	0	0	0	84.4031	175
14	18	0	0	0	0	79.9039	176
15	19	0	0	0	0	88.7971	177
15	19	0	0	0	0	89.4006	178
15	19	0	0	0	0	86.7421	179
15	17	0	0	0	0	92.836	180
15	17	0	0	0	0	93.6443	181
15	17	0	0	0	0	89.4606	182
15	17	0	0	0	0	95.2998	183
16	18	0	0	0	0	94.0406	184
15	18	0	0	0	0	106.578	185
15	18	0	0	0	0	91.9666	186
15	18	0	0	0	0	80.3179	187
15	18	0	0	0	0	96.0183	188
15	18	0	0	0	0	77.5351	189
15	17	0	0	0	0	90.9542	190
14	17	0	0	0	0	83.6388	191
14	17	0	0	0	0	90.1803	192
13	16	0	0	0	0	85.2514	193
13	16	0	0	0	0	86.8039	194
13	16	0	0	0	0	80.5283	195
13	15	0	0	0	0	87.373	196
14	15	0	0	0	0	73.6123	197
14	15	0	0	0	0	77.3147	198
14	15	0	0	0	0	73.6897	199
14	15	0	0	0	0	67.1826	200
14	13	0	0	0	0	79.4506	201
14	14	0	0	0	0	74.71	202
14	14	0	0	0	0	87.2126	203
14	14	0	0	0	0	88.6284	204
15	14	0	0	0	0	63.744	205
15	12	0	0	0	0	73.2213	206
15	11	0	0	0	0	83.9723	207
15	11	0	0	0	0	52.9004	208
15	11	0	0	0	0	79.8871	209
15	11	0	0	0	0	82.0279	210
14	11	0	0	0	0	78.8416	211
13	11	0	0	0	0	74.3823	212
14	11	0	0	0	0	83.7809	213
14	11	0	0	0	0	78.6465	214
14	11	0	0	0	0	81.5159	215
14	11	0	0	0	0	80.4803	216
14	11	0	0	0	0	74.6387	217
15	11	0	0	0	0	66.9539	218
15	11	0	0	0	0	75.4116	219
15	12	0	0	0	0	88.1759	220
15	12	0	0	0	0	88.7723	221
14	12	0	0	0	0	82.422	222
14	12	0	0	0	0	80.2036	223
14	12	0	0	0	0	77.807	224
15	12	0	0	0	0	89.4708	225
15	12	0	0	0	0	84.0076	226
15	12	0	0	0	0	87.7274	227
15	11	0	0	0	0	85.0973	228
15	11	0	0	0	0	93.2402	229
15	11	0	0	0	0	85.3709	230
15	11	0	0	0	0	89.6645	231
15	11	0	0	0	0	78.7335	232
15	12	0	0	0	0	92.5112	233
15	12	0	0	0	0	92.8121	234
16	12	0	0	0	0	84.3864	235
16	12	0	0	0	0	85.4081	236
17	12	0	0	0	0	76.2186	237
20	12	0	0	0	0	98.6669	238
20	12	0	0	0	0	110.905	239
20	12	0	0	0	0	106.164	240
20	12	0	0	0	0	113.398	241
20	12	0	0	0	0	102.319	242
20	12	0	0	0	0	112.648	243
20	12	0	0	0	0	94.8816	244
20	12	0	0	0	0	97.6971	245
21	13	0	0	0	0	110.792	246
20	13	0	0	0	0	87.53	247
20	13	0	0	0	0	109.126	248
20	13	0.5	0	1	0	119.484	249
20	14	0.5	0	1	0	102.751	250
21	16	0.5	0	1	0	117.488	251
21	16	0.5	0	1	0	116.599	252
21	16	0.5	0	1	0	111.567	253
21	18	0.5	0	1	0	121.915	254
24	17	0.5	0	1	0	128.462	255
25	17	0.5	0	1	0	143.646	256
30	17	0.5	0	1	0	144.87	257
30	17	0.5	0	1	0	143.702	258
30	18	0.5	0	1	0	149.155	259
32	18	0.5	0.5	1	1	155.077	260
32	19	0.5	0.5	1	1	153.079	261
33	19	0.5	0.5	1	1	169.964	262
33	19	1	0.5	2	1	153.779	263
33	19	1	0.5	2	1	159.902	264
33	20	1	0.5	2	1	166.308	265
32	19	1	0.5	2	1	160.12	266
34	19	1	0.5	2	1	172.782	267
36	19	1	0.5	2	1	184.231	268
35	19	1	0.5	2	1	189.303	269
35	20	1	0.5	2	1	188.156	270
35	20	1	0.5	2	1	191.499	271
35	21	1	0.5	2	1	180.567	272
35	22	1	0.5	2	1	190.587	273
35	22	1	0.5	2	1	198.234	274
33	22	1	0.5	2	1	190.868	275
33	22	1	0.5	2	1	199.689	276
33	22	1	0.5	2	1	196.303	277
33	22	1	0.5	2	1	196.853	278
35	22	1	0.5	2	1	181.826	279
35	22	1	0.5	2	1	210.378	280
35	22	1	0.5	2	1	189.631	281
34	23	1	0.5	2	1	196.749	282
33	23	1	0.5	2	1	190.653	283
33	23	1	0.5	2	1	206.35	284
33	23	0.5	0.5	1	1	180.597	285
33	23	0.5	0.5	1	1	211.723	286
33	23	0.5	0.5	1	1	197.783	287
32	23	0.5	0.5	1	1	199.771	288
32	23	0.5	0.5	1	1	195.259	289
32	23	0.5	0.5	1	1	185.532	290
32	23	0.5	0.5	1	1	177.065	291
32	22	0.5	0.5	1	1	192.599	292
31	22	0.5	0.5	1	1	2.40262	293
31	22	0.5	0.5	1	1	192.814	294
31	22	0.5	0.5	1	1	188.6	295
31	22	0.5	0.5	1	1	193.879	296
31	23	0.5	0	1	0	197.335	297
32	23	0.5	0	1	0	194.97	298
32	23	0.5	0	1	0	193.167	299
32	23	0.5	0	1	0	187.031	300
32	23	0	0	0	0	190.542	301
0	0	0	0	0	0	nan	302
0	0	0	0	0	0	nan	303
0	0	0	0	0	0	nan	304
0	0	0	0	0	0	nan	305
0	0	0	0	0	0	nan	306
0	0	0	0	0	0	nan	307
0	0	0	0	0	0	nan	308
0	0	0	0	0	0	nan	309
0	0	0	0	0	0	nan	310
0	0	0	0	0	0	nan	311
0	0	0	0	0	0	nan	312
0	0	0	0	0	0	nan	313
0	0	0	0	0	0	nan	314
0	0	0	0	0	0	nan	315
0	0	0	0	0	0	nan	316
