unique_top_cov	unique_bot_cov	redundant_top_cov	redundant_bot_cov	raw_redundant_top_cov	raw_redundant_bot_cov	e_value	position
5	7	0	0	0	0	33.2393	1
5	7	0	0	0	0	36.0041	2
5	7	0	0	0	0	33.0627	3
5	7	0	0	0	0	35.5375	4
5	7	0	0	0	0	34.3113	5
5	6	0	0	0	0	35.2169	6
5	6	0	0	0	0	27.2116	7
4	6	0	0	0	0	26.8984	8
4	6	0	0	0	0	29.077	9
4	6	0	0	0	0	27.2116	10
3	6	0	0	0	0	23.5326	11
3	6	0	0	0	0	26.0273	12
3	6	0	0	0	0	23.7701	13
3	6	0	0	0	0	18.3824	14
3	6	0	0	0	0	19.4791	15
3	4	0	0	0	0	19.5806	16
3	4	0	0	0	0	15.9348	17
3	3	0	0	0	0	16.0035	18
3	3	0	0	0	0	15.4431	19
3	3	0	0	0	0	16.1189	20
3	3	0	0	0	0	13.6965	21
3	3	0	0	0	0	16.1145	22
3	3	0	0	0	0	16.0035	23
3	3	0	0	0	0	13.3342	24
2	3	0	0	0	0	10.5607	25
2	3	0	0	0	0	12.3419	26
2	3	0	0	0	0	12.3419	27
2	3	0	0	0	0	12.2679	28
2	3	0	0	0	0	11.8307	29
2	3	0	0	0	0	13.3072	30
2	3	0	0	0	0	10.5639	31
2	3	0	0	0	0	12.3419	32
2	3	0	0	0	0	9.56256	33
2	3	0	0	0	0	12.3075	34
2	3	0	0	0	0	10.4888	35
2	3	0	0	0	0	8.39882	36
2	3	0	0	0	0	8.55549	37
2	3	0	0	0	0	8.46532	38
2	3	0	0	0	0	8.07667	39
1	3	0	0	0	0	5.3796	40
1	3	0	0	0	0	6.5155	41
13	24	0	0	0	0	114.181	42
13	22	0	0	0	0	97.6229	43
13	20	0	0	0	0	110.872	44
13	20	0	0	0	0	95.2686	45
13	19	0	0	0	0	101.425	46
13	19	0	0	0	0	102.848	47
13	19	0	0	0	0	109.119	48
13	18	0	0	0	0	98.3544	49
13	18	0	0	0	0	97.4026	50
13	19	0	0	0	0	99.6112	51
13	19	0	0	0	0	93.4457	52
14	19	0	0	0	0	103.586	53
14	18	0	0	0	0	89.1387	54
13	18	0	0	0	0	103.014	55
13	18	0	0	0	0	111.353	56
13	18	0	0	0	0	106.434	57
13	18	0	0	0	0	101.944	58
13	18	0	0	0	0	104.535	59
13	17	0	0	0	0	105.891	60
13	17	0	0	0	0	89.2977	61
14	17	0	0	0	0	103.175	62
14	17	0	0	0	0	103.735	63
13	17	0	0	0	0	95.8488	64
13	16	0	0	0	0	103.695	65
13	16	0	0	0	0	108.113	66
13	16	0	0	0	0	95.0973	67
12	16	0	0	0	0	83.1731	68
13	16	0	0	0	0	84.134	69
13	15	0	0	0	0	82.6435	70
13	15	0	0	0	0	81.7783	71
13	15	0	0	0	0	91.4151	72
13	16	0	0	0	0	85.8006	73
13	16	0	0	0	0	86.7891	74
12	14	0	0	0	0	82.3953	75
13	14	0	0	0	0	86.9711	76
13	14	0	0	0	0	78.9941	77
13	13	0	0	0	0	91.0467	78
13	13	0	0	0	0	94.2955	79
13	13	0	0	0	0	73.7236	80
13	13	0	0	0	0	93.3323	81
13	13	0	0	0	0	89.1668	82
13	13	0	0	0	0	91.7261	83
13	14	0	0	0	0	95.8175	84
13	14	0	0	0	0	87.7642	85
14	14	0	0	0	0	90.5007	86
14	14	0	0	0	0	87.6083	87
14	14	0	0	0	0	79.4133	88
14	12	0	0	0	0	86.436	89
14	12	0	0	0	0	83.4563	90
14	12	0	0	0	0	82.5949	91
13	12	0	0	0	0	76.9187	92
11	12	0	0	0	0	78.8956	93
12	12	0	0	0	0	76.5198	94
12	11	0	0	0	0	72.6306	95
12	11	0	0	0	0	65.8219	96
12	10	0	0	0	0	72.985	97
12	10	0	0	0	0	71.6465	98
12	10	0	0	0	0	67.288	99
12	10	0	0	0	0	74.9529	100
12	10	0	0	0	0	75.926	101
12	10	0	0	0	0	74.2842	102
12	9	0	0	0	0	72.345	103
12	9	0	0	0	0	64.1276	104
12	9	0	0	0	0	64.1337	105
12	9	0	0	0	0	65.3281	106
12	8	0	0	0	0	57.888	107
12	8	0	0	0	0	52.2471	108
12	9	0	0	0	0	72.6773	109
12	9	0	0	0	0	65.2744	110
12	9	0	0	0	0	72.2181	111
12	9	0	0	0	0	44.338	112
12	9	0	0	0	0	62.998	113
12	9	0	0	0	0	66.2671	114
12	9	0	0	0	0	69.4749	115
12	9	0	0	0	0	65.2063	116
12	9	0	0	0	0	65.2096	117
11	9	0	0	0	0	63.8315	118
11	9	0	0	0	0	55.804	119
11	9	0	0	0	0	65.0425	120
11	9	0	0	0	0	62.5394	121
11	9	0	0	0	0	58.6414	122
11	9	0	0	0	0	64.0468	123
10	9	0	0	0	0	67.3572	124
10	9	0	0	0	0	60.6067	125
10	8	0	0	0	0	50.8767	126
11	8	0	0	0	0	60.2862	127
11	10	0	0	0	0	58.4296	128
11	10	0	0	0	0	70.7004	129
11	10	0	0	0	0	70.3731	130
11	10	0	0	0	0	73.5984	131
11	10	0	0	0	0	68.8909	132
12	11	0	0	0	0	70.4518	133
12	11	0	0	0	0	82.0301	134
12	11	0	0	0	0	60.0341	135
13	11	0	0	0	0	59.1883	136
11	11	0	0	0	0	57.5866	137
12	11	0	0	0	0	63.3022	138
11	10	0	0	0	0	70.0622	139
11	10	0	0	0	0	71.8907	140
11	10	0	0	0	0	62.0587	141
11	9	0	0	0	0	68.8175	142
11	9	0	0	0	0	63.5666	143
11	9	0	0	0	0	63.4772	144
11	11	0	0	0	0	66.3799	145
11	11	0	0	0	0	63.7013	146
10	12	0	0	0	0	70.9844	147
11	12	0	0	0	0	57.8107	148
11	12	0	0	0	0	68.3128	149
11	12	0	0	0	0	64.6016	150
11	12	0	0	0	0	67.96	151
10	12	0	0	0	0	75.7602	152
10	12	0	0	0	0	76.1132	153
10	12	0	0	0	0	67.2882	154
10	12	0	0	0	0	77.515	155
10	12	0	0	0	0	66.4539	156
10	12	0	0	0	0	72.3269	157
10	12	0	0	0	0	67.7079	158
10	11	0	0	0	0	68.171	159
13	11	0	0	0	0	69.8471	160
13	11	0	0	0	0	66.2518	161
12	11	0	0	0	0	78.4695	162
12	11	0	0	0	0	79.9488	163
12	11	0	0	0	0	76.1349	164
12	12	0	0	0	0	80.5083	165
12	12	0	0	0	0	74.0202	166
12	12	0	0	0	0	75.1764	167
12	11	0	0	0	0	74.9003	168
12	11	0	0	0	0	78.6082	169
13	11	0	0	0	0	67.2839	170
13	11	0	0	0	0	82.472	171
13	11	0	0	0	0	78.6082	172
14	11	0	0	0	0	77.4938	173
14	11	0	0	0	0	83.332	174
14	11	0	0	0	0	76.4414	175
14	11	0	0	0	0	78.057	176
14	10	0	0	0	0	81.1996	177
14	10	0	0	0	0	75.4564	178
14	10	0	0	0	0	86.7161	179
14	10	0	0	0	0	81.6075	180
14	10	0	0	0	0	84.7792	181
14	10	0	0	0	0	84.3306	182
14	10	0	0	0	0	79.831	183
14	10	0	0	0	0	68.7125	184
14	10	0	0	0	0	75.3128	185
14	10	0	0	0	0	74.7073	186
14	10	0	0	0	0	76.5121	187
13	10	0	0	0	0	74.2097	188
13	10	0	0	0	0	71.3122	189
13	10	0	0	0	0	76.8119	190
13	10	0	0	0	0	76.6806	191
13	10	0	0	0	0	67.0261	192
13	10	0	0	0	0	70.2619	193
13	9	0	0	0	0	76.0034	194
13	10	0	0	0	0	75.7033	195
13	10	0	0	0	0	70.9004	196
13	10	0	0	0	0	76.1452	197
13	10	0	0	0	0	77.2384	198
13	10	0	0	0	0	65.77	199
13	10	0	0	0	0	70.0481	200
13	9	0	0	0	0	73.258	201
13	9	0	0	0	0	64.9305	202
11	9	0	0	0	0	70.7459	203
12	9	0	0	0	0	68.8218	204
12	9	0	0	0	0	62.3942	205
12	9	0	0	0	0	70.6616	206
12	9	0	0	0	0	64.8225	207
12	9	0	0	0	0	72.8397	208
12	9	0	0	0	0	71.4217	209
12	10	0	0	0	0	71.4257	210
13	10	0	0	0	0	58.22	211
13	9	0	0	0	0	71.8054	212
14	9	0	0	0	0	65.0898	213
14	7	0	0	0	0	65.8639	214
14	7	0	0	0	0	59.3931	215
14	7	0	0	0	0	67.5502	216
14	7	0	0	0	0	64.2572	217
13	7	0	0	0	0	68.4082	218
12	7	0	0	0	0	65.5944	219
12	7	0	0	0	0	65.4434	220
12	7	0	0	0	0	58.1449	221
12	7	0	0	0	0	62.9048	222
12	7	0	0	0	0	58.393	223
12	7	0	0	0	0	60.5208	224
12	6	0	0	0	0	58.2972	225
12	6	0	0	0	0	60.1105	226
12	6	0	0	0	0	59.2554	227
12	6	0	0	0	0	57.3574	228
12	6	0	0	0	0	54.5639	229
12	6	0	0	0	0	59.3131	230
12	6	0	0	0	0	61.5085	231
12	6	0	0	0	0	59.9219	232
12	6	0	0	0	0	60.7721	233
12	6	0	0	0	0	56.5781	234
12	7	0	0	0	0	64.3095	235
12	7	0	0	0	0	55.6487	236
12	7	0	0	0	0	65.6951	237
12	7	0	0	0	0	64.3362	238
12	7	0	0	0	0	61.9786	239
12	7	0	0	0	0	65.8017	240
12	7	0	0	0	0	60.6984	241
12	7	0	0	0	0	64.1737	242
12	7	0	0	0	0	60.9597	243
12	8	0	0	0	0	57.9261	244
12	8	0	0	0	0	68.7508	245
12	8	0	0	0	0	67.3048	246
12	8	0	0	0	0	67.3799	247
12	8	0	0	0	0	59.804	248
12	8	0	0	0	0	68.1304	249
12	8	0	0	0	0	70.1658	250
12	8	0	0	0	0	67.2336	251
12	8	0	0	0	0	62.5017	252
12	8	0	0	0	0	67.0958	253
12	8	0	0	0	0	65.821	254
12	8	0	0	0	0	63.9735	255
12	7	0	0	0	0	62.4309	256
12	7	0	0	0	0	62.8614	257
12	7	0	0	0	0	64.4053	258
11	7	0	0	0	0	60.9587	259
11	7	0	0	0	0	61.6821	260
11	7	0	0	0	0	64.3752	261
11	7	0	0	0	0	57.2612	262
11	7	0	0	0	0	61.4193	263
11	7	0	0	0	0	62.9964	264
11	7	0	0	0	0	61.5838	265
12	7	0	0	0	0	58.5339	266
12	7	0	0	0	0	65.4379	267
12	7	0	0	0	0	60.5763	268
12	7	0	0	0	0	58.1523	269
11	7	0	0	0	0	60.5546	270
11	7	0	0	0	0	60.679	271
11	7	0	0	0	0	57.1292	272
10	8	0	0	0	0	50.8133	273
10	8	0	0	0	0	54.8717	274
10	8	0	0	0	0	55.6679	275
10	10	0	0	0	0	52.2124	276
10	10	0	0	0	0	50.6575	277
10	8	0	0	0	0	52.951	278
10	8	0	0	0	0	52.0586	279
10	8	0	0	0	0	55.4189	280
10	8	0	0	0	0	59.4282	281
10	8	0	0	0	0	52.1359	282
9	7	0	0	0	0	52.5628	283
9	7	0	0	0	0	47.6281	284
8	7	0	0	0	0	46.5754	285
7	7	0	0	0	0	45.227	286
7	7	0	0	0	0	43.4632	287
7	7	0	0	0	0	42.8209	288
8	8	0	0	0	0	42.5924	289
8	8	0	0	0	0	51.289	290
9	8	0	0	0	0	54.8931	291
9	8	0	0	0	0	53.7673	292
9	7	0	0	0	0	54.0476	293
9	7	0	0	0	0	48.2491	294
10	7	0	0	0	0	56.0494	295
10	7	0	0	0	0	55.9499	296
10	7	0	0	0	0	48.2294	297
9	7	0	0	0	0	49.3811	298
9	8	0	0	0	0	54.2317	299
9	8	0	0	0	0	59.0968	300
9	9	0	0	0	0	55.2427	301
9	9	0	0	0	0	51.5573	302
9	10	0	0	0	0	60.4559	303
9	10	0	0	0	0	60.5559	304
9	10	0	0	0	0	57.8962	305
9	10	0	0	0	0	55.1535	306
9	10	0	0	0	0	56.9332	307
9	10	0	0	0	0	54.4442	308
9	10	0	0	0	0	53.0233	309
7	10	0	0	0	0	53.9426	310
7	10	0	0	0	0	54.6883	311
7	10	0	0	0	0	47.8821	312
7	10	0	0	0	0	56.2606	313
6	10	0	0	0	0	55.2553	314
6	10	0	0	0	0	52.0667	315
6	10	0	0	0	0	49.5377	316
6	10	0	0	0	0	55.777	317
6	10	0	0	0	0	28.1367	318
6	10	0	0	0	0	42.7644	319
6	9	0	0	0	0	46.573	320
6	9	0	0	0	0	48.4355	321
6	9	0	0	0	0	46.7178	322
6	9	0	0	0	0	51.2795	323
7	9	0	0	0	0	51.9398	324
7	9	0	0	0	0	50.0387	325
7	9	0	0	0	0	45.8119	326
7	10	0	0	0	0	48.4424	327
7	10	0	0	0	0	49.2841	328
7	10	0	0	0	0	50.9033	329
7	12	0	0	0	0	55.9293	330
7	12	0	0	0	0	52.5892	331
7	12	0	0	0	0	54.1263	332
8	12	0	0	0	0	45.9654	333
7	12	0	0	0	0	58.5808	334
7	12	0	0	0	0	65.0734	335
7	12	0	0	0	0	59.2468	336
7	12	0	0	0	0	62.9169	337
7	12	0	0	0	0	57.3887	338
7	13	0	0	0	0	65.4652	339
7	13	0	0	0	0	63.6355	340
7	15	0	0	0	0	64.1875	341
7	15	0	0	0	0	65.2571	342
8	15	0	0	0	0	60.7741	343
8	15	0	0	0	0	65.403	344
8	14	0	0	0	0	71.0286	345
10	14	0	0	0	0	76.4189	346
10	14	0	0	0	0	82.2197	347
10	14	0	0	0	0	78.2678	348
10	14	0	0	0	0	80.8789	349
10	14	0	0	0	0	77.6752	350
10	14	0	0	0	0	85.8511	351
10	14	0	0	0	0	84.5479	352
10	14	0	0	0	0	83.3075	353
10	14	0	0	0	0	78.3066	354
10	14	0	0	0	0	84.5888	355
10	15	0	0	0	0	76.3067	356
10	15	0	0	0	0	87.4389	357
10	15	0	0	0	0	88.1631	358
10	15	0	0	0	0	79.3042	359
10	14	0	0	0	0	83.6872	360
10	15	0	0	0	0	77.8531	361
10	15	0	0	0	0	73.8403	362
9	15	0	0	0	0	80.5327	363
9	15	0	0	0	0	72.7531	364
9	15	0	0	0	0	81.2605	365
9	15	0	0	0	0	80.4225	366
9	15	0	0	0	0	82.4143	367
9	15	0	0	0	0	88.2864	368
9	15	0	0	0	0	73.2123	369
9	15	0	0	0	0	81.8386	370
9	15	0	0	0	0	83.0831	371
9	15	0	0	0	0	84.6215	372
9	15	0	0	0	0	75.7759	373
9	15	0	0	0	0	72.2666	374
9	14	0	0	0	0	80.4802	375
9	14	0	0	0	0	75.7285	376
9	14	0	0	0	0	79.6247	377
9	14	0	0	0	0	74.5072	378
9	14	0	0	0	0	70.1195	379
9	14	0	0	0	0	65.7982	380
9	14	0	0	0	0	83.7404	381
9	15	0	0	0	0	83.2941	382
9	15	0	0	0	0	79.9209	383
9	15	0	0	0	0	79.4771	384
9	15	0	0	0	0	80.8217	385
9	15	0	0	0	0	83.6441	386
9	15	0	0	0	0	76.7284	387
9	15	0	0	0	0	73.6974	388
9	15	0	0	0	0	83.6549	389
9	15	0	0	0	0	86.1272	390
9	15	0	0	0	0	81.7787	391
9	15	0	0	0	0	79.5265	392
9	15	0	0	0	0	85.5766	393
9	15	0	0	0	0	82.6079	394
9	15	0	0	0	0	83.165	395
9	15	0	0	0	0	83.5315	396
10	15	0	0	0	0	77.4746	397
10	15	0	0	0	0	82.6845	398
10	15	0	0	0	0	83.7047	399
10	15	0	0	0	0	67.4411	400
10	15	0	0	0	0	68.1034	401
11	15	0	0	0	0	66.1923	402
11	15	0	0	0	0	66.1826	403
11	15	0	0	0	0	66.3259	404
11	15	0	0	0	0	71.2302	405
7	15	0	0	0	0	76.9681	406
7	15	0	0	0	0	72.875	407
7	15	0	0	0	0	76.9345	408
7	15	0	0	0	0	73.2084	409
7	15	0	0	0	0	72.4116	410
7	15	0	0	0	0	70.9583	411
8	15	0	0	0	0	74.2418	412
8	15	0	0	0	0	67.6423	413
9	15	0	0	0	0	74.0743	414
10	15	0	0	0	0	80.4533	415
11	15	0	0	0	0	77.641	416
11	15	0	0	0	0	83.0695	417
11	15	0	0	0	0	82.578	418
11	15	0	0	0	0	84.9358	419
12	15	0	0	0	0	83.8513	420
12	15	0	0	0	0	80.1925	421
12	14	0	0	0	0	76.1751	422
12	12	0	0	0	0	75.7967	423
12	12	0	0	0	0	76.4597	424
12	12	0	0	0	0	64.6785	425
12	11	0	0	0	0	74.8689	426
12	11	0	0	0	0	69.8075	427
12	11	0	0	0	0	69.4662	428
12	11	0	0	0	0	67.6099	429
12	11	0	0	0	0	70.4865	430
12	11	0	0	0	0	71.0665	431
12	10	0	0	0	0	73.3537	432
12	10	0	0	0	0	71.0047	433
12	10	0	0	0	0	67.7237	434
12	11	0	0	0	0	76.8493	435
12	11	0	0	0	0	61.4581	436
12	11	0	0	0	0	65.5317	437
13	11	0	0	0	0	64.7926	438
11	10	0	0	0	0	69.4326	439
11	10	0	0	0	0	67.605	440
11	10	0	0	0	0	69.5641	441
11	10	0	0	0	0	69.292	442
11	10	0	0	0	0	62.4058	443
11	10	0	0	0	0	72.7849	444
11	10	0	0	0	0	72.9375	445
11	10	0	0	0	0	73.1493	446
11	11	0	0	0	0	68.6608	447
11	11	0	0	0	0	76.1175	448
11	11	0	0	0	0	73.3267	449
11	11	0	0	0	0	69.4468	450
11	11	0	0	0	0	69.7197	451
12	11	0	0	0	0	62.5499	452
12	11	0	0	0	0	65.3908	453
12	11	0	0	0	0	57.5933	454
12	11	0	0	0	0	65.285	455
11	11	0	0	0	0	65.9323	456
11	11	0	0	0	0	70.8886	457
10	11	0	0	0	0	59.9719	458
10	12	0	0	0	0	67.9514	459
10	12	0	0	0	0	64.2336	460
10	12	0	0	0	0	74.1263	461
10	12	0	0	0	0	65.1186	462
10	12	0	0	0	0	66.8619	463
10	12	0	0	0	0	67.6788	464
10	10	0	0	0	0	67.0354	465
10	10	0	0	0	0	64.6043	466
10	10	0	0	0	0	62.5261	467
10	10	0	0	0	0	53.1249	468
10	10	0	0	0	0	66.9748	469
10	10	0	0	0	0	56.4365	470
10	9	0	0	0	0	63.067	471
10	9	0	0	0	0	63.8635	472
11	9	0	0	0	0	53.3515	473
11	9	0	0	0	0	57.8388	474
11	9	0	0	0	0	60.9483	475
11	9	0	0	0	0	63.2798	476
12	9	0	0	0	0	67.9117	477
12	9	0	0	0	0	68.0071	478
13	9	0	0	0	0	70.3069	479
13	9	0	0	0	0	74.1685	480
13	9	0	0	0	0	65.8073	481
13	7	0	0	0	0	68.0728	482
13	7	0	0	0	0	55.4571	483
13	7	0	0	0	0	68.4068	484
13	7	0	0	0	0	60.4142	485
13	7	0	0	0	0	62.465	486
12	7	0	0	0	0	64.6516	487
12	7	0	0	0	0	59.2651	488
12	6	0	0	0	0	50.1451	489
13	6	0	0	0	0	57.8908	490
13	6	0	0	0	0	60.5391	491
13	6	0	0	0	0	51.2188	492
12	8	0	0	0	0	57.2398	493
12	8	0	0	0	0	60.2237	494
12	8	0	0	0	0	67.1804	495
12	8	0	0	0	0	64.5667	496
12	8	0	0	0	0	62.3577	497
12	8	0	0	0	0	68.8957	498
12	9	0	0	0	0	71.372	499
13	9	0	0	0	0	64.397	500
13	9	0	0	0	0	53.5478	501
13	9	0	0	0	0	67.5168	502
13	9	0	0	0	0	67.7713	503
13	9	0	0	0	0	65.5885	504
14	9	0	0	0	0	64.8172	505
14	8	0	0	0	0	74.3093	506
14	8	0	0	0	0	71.1525	507
14	8	0	0	0	0	65.4051	508
14	9	0	0	0	0	72.1911	509
14	9	0	0	0	0	70.1778	510
13	8	0	0	0	0	73.016	511
13	8	0	0	0	0	65.3145	512
13	8	0	0	0	0	70.2088	513
13	8	0	0	0	0	65.0995	514
13	8	0	0	0	0	67.7713	515
13	8	0	0	0	0	67.2336	516
12	8	0	0	0	0	65.882	517
12	8	0	0	0	0	67.1533	518
12	8	0	0	0	0	69.4499	519
12	8	0	0	0	0	69.3924	520
13	8	0	0	0	0	68.3985	521
13	8	0	0	0	0	65.8742	522
13	8	0	0	0	0	71.7645	523
13	8	0	0	0	0	69.0347	524
13	8	0	0	0	0	72.2323	525
13	8	0	0	0	0	63.1069	526
14	8	0	0	0	0	66.29	527
14	8	0	0	0	0	58.9664	528
13	8	0	0	0	0	61.9891	529
13	8	0	0	0	0	67.8236	530
13	8	0	0	0	0	68.4781	531
13	8	0	0	0	0	71.3076	532
13	8	0	0	0	0	63.5152	533
13	8	0	0	0	0	67.6462	534
13	8	0	0	0	0	67.0458	535
13	8	0	0	0	0	63.933	536
13	8	0	0	0	0	67.7371	537
13	8	0	0	0	0	66.6009	538
13	8	0	0	0	0	71.2959	539
13	10	0	0	0	0	72.4418	540
12	11	0	0	0	0	69.2295	541
13	11	0	0	0	0	64.826	542
13	11	0	0	0	0	81.2865	543
13	11	0	0	0	0	81.7378	544
13	11	0	0	0	0	82.4788	545
13	11	0	0	0	0	83.9884	546
13	11	0	0	0	0	81.032	547
13	11	0	0	0	0	78.97	548
12	10	0	0	0	0	76.6624	549
12	10	0	0	0	0	75.7169	550
12	10	0	0	0	0	72.0494	551
12	10	0	0	0	0	71.4119	552
12	10	0	0	0	0	65.3327	553
12	10	0	0	0	0	67.78	554
12	10	0	0	0	0	65.1358	555
13	10	0	0	0	0	72.6215	556
13	11	0	0	0	0	64.299	557
13	11	0	0	0	0	71.9164	558
14	11	0	0	0	0	69.4326	559
14	11	0	0	0	0	68.3121	560
14	11	0	0	0	0	66.3424	561
14	11	0	0	0	0	71.4417	562
13	11	0	0	0	0	66.2738	563
12	13	0	0	0	0	73.1654	564
11	15	0	0	0	0	79.2207	565
12	15	0	0	0	0	73.37	566
12	15	0	0	0	0	84.0997	567
11	15	0	0	0	0	80.2281	568
11	15	0	0	0	0	92.9869	569
11	15	0	0	0	0	83.2656	570
11	15	0	0	0	0	90.1815	571
11	15	0	0	0	0	93.8232	572
11	16	0	0	0	0	95.8642	573
11	17	0	0	0	0	84.5931	574
12	17	0	0	0	0	83.0297	575
12	17	0	0	0	0	106.142	576
12	17	0	0	0	0	97.2124	577
12	17	0	0	0	0	97.4736	578
12	17	0	0	0	0	106.365	579
12	17	0	0	0	0	90.7409	580
12	17	0	0	0	0	100.792	581
12	17	0	0	0	0	106.296	582
12	17	0	0	0	0	98.9738	583
12	17	0	0	0	0	96.007	584
12	16	0	0	0	0	98.6798	585
12	16	0	0	0	0	100.062	586
12	16	0	0	0	0	99.9586	587
12	18	0	0	0	0	102.96	588
12	18	0	0	0	0	105.888	589
12	18	0	0	0	0	103.75	590
12	18	0	0	0	0	110.935	591
14	18	0	0	0	0	101.905	592
14	18	0	0	0	0	105.723	593
14	18	0	0	0	0	102.728	594
14	18	0	0	0	0	107.475	595
14	18	0	0	0	0	109.209	596
14	17	0	0	0	0	107.82	597
14	17	0	0	0	0	73.5498	598
14	17	0	0	0	0	112.668	599
14	17	0	0	0	0	111.124	600
14	17	0	0	0	0	106.528	601
14	17	0	0	0	0	109.921	602
14	17	0	0	0	0	109.592	603
14	17	0	0	0	0	103.484	604
14	17	0	0	0	0	96.2694	605
13	17	0	0	0	0	92.3913	606
13	17	0	0	0	0	99.6213	607
12	16	0	0	0	0	99.4631	608
12	16	0	0	0	0	97.2641	609
12	16	0	0	0	0	97.8011	610
12	16	0	0	0	0	99.914	611
12	16	0	0	0	0	88.0312	612
12	16	0	0	0	0	99.524	613
13	16	0	0	0	0	93.6108	614
13	16	0	0	0	0	91.2755	615
13	16	0	0	0	0	97.4087	616
14	16	0	0	0	0	98.0049	617
14	16	0	0	0	0	107.07	618
14	16	0	0	0	0	101.481	619
14	16	0	0	0	0	100.364	620
14	17	0	0	0	0	106.057	621
14	17	0	0	0	0	96.1437	622
12	17	0	0	0	0	99.7262	623
12	17	0	0	0	0	95.7272	624
11	17	0	0	0	0	92.2304	625
12	17	0	0	0	0	88.44	626
11	17	0	0	0	0	90.5096	627
11	17	0	0	0	0	78.5754	628
11	17	0	0	0	0	102.565	629
11	17	0	0	0	0	98.2241	630
11	17	0	0	0	0	88.7196	631
11	17	0	0	0	0	86.7043	632
11	17	0	0	0	0	89.5449	633
11	16	0	0	0	0	87.8872	634
12	16	0	0	0	0	84.2731	635
12	15	0	0	0	0	87.8872	636
12	15	0	0	0	0	85.5957	637
13	15	0	0	0	0	90.9256	638
13	15	0	0	0	0	88.5709	639
13	15	0	0	0	0	85.0741	640
13	15	0	0	0	0	82.8015	641
13	15	0	0	0	0	90.745	642
13	13	0	0	0	0	75.7745	643
13	13	0	0	0	0	91.5849	644
13	12	0	0	0	0	87.0126	645
13	12	0	0	0	0	77.4561	646
13	12	0	0	0	0	79.8182	647
13	12	0	0	0	0	83.0476	648
13	12	0	0	0	0	82.786	649
13	12	0	0	0	0	72.9941	650
14	12	0	0	0	0	85.8254	651
14	12	0	0	0	0	81.0008	652
14	12	0	0	0	0	68.7758	653
14	12	0	0	0	0	84.4932	654
13	11	0	0	0	0	72.3606	655
13	11	0	0	0	0	84.43	656
13	11	0	0	0	0	84.3956	657
14	11	0	0	0	0	81.3869	658
14	11	0	0	0	0	81.5028	659
14	11	0	0	0	0	88.7756	660
14	11	0	0	0	0	71.7111	661
14	11	0	0	0	0	59.7794	662
14	10	0	0	0	0	71.1262	663
15	10	0	0	0	0	71.4741	664
15	9	0	0	0	0	63.9845	665
15	9	0	0	0	0	70.8343	666
15	9	0	0	0	0	80.3716	667
15	9	0	0	0	0	80.743	668
15	9	0	0	0	0	80.8478	669
15	9	0	0	0	0	78.9277	670
14	9	0	0	0	0	70.7466	671
14	9	0	0	0	0	82.9461	672
15	9	0	0	0	0	76.299	673
15	9	0	0	0	0	76.581	674
15	9	0	0	0	0	80.2823	675
15	9	0	0	0	0	72.3327	676
15	9	0	0	0	0	68.1749	677
15	9	0	0	0	0	63.8944	678
15	8	0	0	0	0	57.9171	679
15	8	0	0	0	0	70.2651	680
15	7	0	0	0	0	72.6243	681
15	7	0	0	0	0	65.6557	682
14	9	0	0	0	0	73.3363	683
14	9	0	0	0	0	69.7205	684
14	9	0	0	0	0	77.4579	685
14	9	0	0	0	0	73.2003	686
14	9	0	0	0	0	72.9029	687
14	9	0	0	0	0	71.7143	688
13	9	0	0	0	0	68.2084	689
13	8	0	0	0	0	61.6095	690
13	8	0	0	0	0	65.3622	691
12	8	0	0	0	0	56.1406	692
12	8	0	0	0	0	69.5091	693
12	8	0	0	0	0	63.9688	694
13	8	0	0	0	0	65.9409	695
13	7	0	0	0	0	72.4844	696
13	8	0	0	0	0	59.5392	697
13	7	0	0	0	0	67.2833	698
13	7	0	0	0	0	72.5729	699
13	7	0	0	0	0	69.4425	700
13	7	0	0	0	0	66.1084	701
13	7	0	0	0	0	64.6022	702
13	7	0	0	0	0	72.1908	703
13	7	0	0	0	0	61.7526	704
13	7	0	0	0	0	56.1828	705
11	7	0	0	0	0	48.307	706
11	7	0	0	0	0	60.3265	707
11	7	0	0	0	0	61.1781	708
12	7	0	0	0	0	45.3368	709
11	7	0	0	0	0	62.4854	710
12	7	0	0	0	0	61.79	711
12	7	0	0	0	0	62.3307	712
12	7	0	0	0	0	55.5179	713
12	7	0	0	0	0	57.9423	714
13	6	0	0	0	0	57.3612	715
12	6	0	0	0	0	54.535	716
12	6	0	0	0	0	50.7705	717
12	6	0	0	0	0	61.5614	718
12	6	0	0	0	0	63.6826	719
13	6	0	0	0	0	58.2754	720
13	6	0	0	0	0	56.9756	721
13	6	0	0	0	0	51.3852	722
13	6	0	0	0	0	64.6595	723
13	6	0	0	0	0	65.6995	724
13	6	0	0	0	0	68.2906	725
13	6	0	0	0	0	61.4002	726
13	6	0	0	0	0	64.3832	727
13	6	0	0	0	0	64.8056	728
13	6	0	0	0	0	68.567	729
13	6	0	0	0	0	56.0532	730
13	6	0	0	0	0	65.4818	731
13	6	0	0	0	0	67.1088	732
13	6	0	0	0	0	59.4889	733
13	7	0	0	0	0	55.2404	734
13	7	0	0	0	0	71.4791	735
13	7	0	0	0	0	68.2615	736
14	7	0	0	0	0	63.6173	737
15	7	0	0	0	0	72.2347	738
15	7	0	0	0	0	68.2203	739
15	7	0	0	0	0	69.8246	740
15	7	0	0	0	0	62.2725	741
14	7	0	0	0	0	69.9635	742
14	7	0	0	0	0	73.9282	743
14	7	0	0	0	0	68.07	744
14	7	0	0	0	0	65.5353	745
14	7	0	0	0	0	65.5436	746
14	7	0	0	0	0	64.9515	747
14	7	0	0	0	0	62.2637	748
13	6	0	0	0	0	62.2637	749
13	10	0	0	0	0	62.5964	750
13	10	0	0	0	0	79.1058	751
13	10	0	0	0	0	75.5609	752
12	10	0	0	0	0	68.7086	753
12	10	0	0	0	0	71.9592	754
12	10	0	0	0	0	65.9452	755
12	9	0	0	0	0	62.2192	756
12	9	0	0	0	0	68.1598	757
12	9	0	0	0	0	67.7831	758
10	9	0	0	0	0	61.3484	759
10	9	0	0	0	0	62.7642	760
10	9	0	0	0	0	61.2048	761
10	9	0	0	0	0	68.1509	762
10	9	0	0	0	0	65.6299	763
10	9	0	0	0	0	60.5217	764
10	9	0	0	0	0	68.4345	765
10	9	0	0	0	0	60.0251	766
10	9	0	0	0	0	55.3078	767
9	9	0	0	0	0	63.9033	768
9	9	0	0	0	0	59.5122	769
10	9	0	0	0	0	61.8047	770
10	9	0	0	0	0	61.7381	771
10	9	0	0	0	0	65.8826	772
11	9	0	0	0	0	61.8231	773
11	10	0	0	0	0	61.633	774
11	10	0	0	0	0	61.633	775
10	10	0	0	0	0	61.4086	776
10	10	0	0	0	0	60.8805	777
10	10	0	0	0	0	67.9269	778
10	10	0	0	0	0	67.4168	779
10	10	0	0	0	0	64.7963	780
10	10	0	0	0	0	54.8411	781
10	10	0	0	0	0	62.9765	782
10	10	0	0	0	0	58.368	783
10	10	0	0	0	0	64.5099	784
9	9	0	0	0	0	55.0677	785
9	9	0	0	0	0	61.9528	786
9	10	0	0	0	0	61.7925	787
9	10	0	0	0	0	59.2508	788
9	10	0	0	0	0	60.0792	789
9	10	0	0	0	0	68.2122	790
9	11	0	0	0	0	60.8709	791
9	11	0	0	0	0	58.5681	792
11	11	0	0	0	0	71.5928	793
11	11	0	0	0	0	67.472	794
11	11	0	0	0	0	71.5928	795
11	11	0	0	0	0	68.33	796
11	11	0	0	0	0	78.4733	797
11	11	0	0	0	0	72.0408	798
11	11	0	0	0	0	77.2752	799
11	11	0	0	0	0	64.4832	800
11	11	0	0	0	0	65.4506	801
11	11	0	0	0	0	75.7618	802
11	11	0	0	0	0	76.046	803
11	11	0	0	0	0	77.5996	804
11	11	0	0	0	0	69.2726	805
11	11	0	0	0	0	69.0632	806
11	11	0	0	0	0	72.7201	807
10	11	0	0	0	0	69.7767	808
11	11	0	0	0	0	69.8481	809
11	11	0	0	0	0	55.7695	810
11	11	0	0	0	0	75.812	811
11	11	0	0	0	0	69.1217	812
12	11	0	0	0	0	73.0077	813
13	10	0	0	0	0	77.5049	814
13	10	0	0	0	0	75.4088	815
13	9	0	0	0	0	73.9458	816
13	9	0	0	0	0	71.7885	817
13	10	0	0	0	0	79.3307	818
13	10	0	0	0	0	69.0983	819
14	10	0	0	0	0	77.549	820
14	10	0	0	0	0	76.6199	821
14	10	0	0	0	0	67.1906	822
13	10	0	0	0	0	69.3587	823
13	10	0	0	0	0	66.1236	824
12	11	0	0	0	0	69.3896	825
12	10	0	0	0	0	68.2431	826
12	11	0	0	0	0	65.5105	827
12	11	0	0	0	0	71.6834	828
11	12	0	0	0	0	69.5303	829
11	12	0	0	0	0	69.6632	830
11	12	0	0	0	0	71.8241	831
11	12	0	0	0	0	65.253	832
11	12	0	0	0	0	70.5759	833
10	12	0	0	0	0	80.5806	834
10	12	0	0	0	0	62.2973	835
10	12	0	0	0	0	73.567	836
10	12	0	0	0	0	65.996	837
10	12	0	0	0	0	71.2427	838
9	13	0	0	0	0	72.1683	839
9	14	0	0	0	0	72.9173	840
9	13	0	0	0	0	72.7381	841
10	13	0	0	0	0	66.2886	842
10	12	0	0	0	0	65.0732	843
10	12	0	0	0	0	74.633	844
10	12	0	0	0	0	74.6109	845
10	12	0	0	0	0	75.2031	846
10	12	0	0	0	0	73.0614	847
10	12	0	0	0	0	76.4655	848
9	12	0	0	0	0	68.892	849
9	12	0	0	0	0	63.1588	850
9	12	0	0	0	0	76.6805	851
9	12	0	0	0	0	72.1683	852
9	12	0	0	0	0	70.9344	853
9	12	0	0	0	0	69.8333	854
9	12	0	0	0	0	69.3799	855
10	12	0	0	0	0	75.4407	856
10	12	0	0	0	0	72.7385	857
10	12	0	0	0	0	74.1874	858
9	12	0	0	0	0	65.6031	859
9	12	0	0	0	0	72.6986	860
9	12	0	0	0	0	66.8769	861
9	12	0	0	0	0	47.6489	862
9	12	0	0	0	0	67.9283	863
9	11	0	0	0	0	64.312	864
9	12	0	0	0	0	67.8846	865
9	12	0	0	0	0	66.9812	866
9	12	0	0	0	0	65.9391	867
10	12	0	0	0	0	65.8992	868
11	12	0	0	0	0	64.1925	869
11	12	0	0	0	0	71.6739	870
11	12	0	0	0	0	68.5141	871
11	12	0	0	0	0	67.6664	872
11	10	0	0	0	0	65.2004	873
12	10	0	0	0	0	70.5938	874
12	10	0	0	0	0	74.7376	875
12	10	0	0	0	0	75.594	876
12	10	0	0	0	0	70.4726	877
12	10	0	0	0	0	60.7933	878
12	10	0	0	0	0	76.9605	879
12	11	0	0	0	0	74.2079	880
12	11	0	0	0	0	71.0679	881
12	11	0	0	0	0	75.7485	882
13	11	0	0	0	0	69.8746	883
13	11	0	0	0	0	72.7952	884
13	11	0	0	0	0	75.887	885
13	11	0	0	0	0	76.0761	886
12	11	0	0	0	0	75.0424	887
13	11	0	0	0	0	75.7154	888
13	11	0	0	0	0	77.3778	889
13	11	0	0	0	0	78.7043	890
13	11	0	0	0	0	82.3518	891
13	11	0	0	0	0	74.4272	892
13	11	0	0	0	0	82.0188	893
13	11	0	0	0	0	75.9717	894
12	11	0	0	0	0	78.9692	895
12	11	0	0	0	0	80.0298	896
12	11	0	0	0	0	64.9211	897
13	11	0	0	0	0	69.5271	898
13	11	0	0	0	0	72.0954	899
13	9	0	0	0	0	68.4121	900
13	9	0	0	0	0	71.4209	901
13	9	0	0	0	0	65.9657	902
13	8	0	0	0	0	75.3495	903
13	8	0	0	0	0	67.2802	904
13	8	0	0	0	0	67.5095	905
13	8	0	0	0	0	68.4348	906
13	8	0	0	0	0	73.1904	907
13	8	0	0	0	0	73.2233	908
13	8	0	0	0	0	73.873	909
13	8	0	0	0	0	69.8978	910
13	8	0	0	0	0	69.8707	911
14	8	0	0	0	0	72.8831	912
15	9	0	0	0	0	73.018	913
15	10	0	0	0	0	80.994	914
15	11	0	0	0	0	76.7875	915
15	11	0	0	0	0	80.5691	916
16	11	0	0	0	0	78.1062	917
16	10	0	0	0	0	84.4391	918
16	10	0	0	0	0	89.1083	919
16	11	0	0	0	0	87.8995	920
16	11	0	0	0	0	88.8911	921
16	11	0	0	0	0	90.5747	922
16	11	0	0	0	0	90.8847	923
16	11	0	0	0	0	87.0535	924
16	11	0	0	0	0	90.3262	925
16	10	0	0	0	0	89.9851	926
16	10	0	0	0	0	88.1367	927
16	10	0	0	0	0	92.7574	928
16	10	0	0	0	0	91.3354	929
16	10	0	0	0	0	87.1145	930
16	10	0	0	0	0	85.056	931
16	10	0	0	0	0	82.7564	932
16	10	0	0	0	0	84.1736	933
16	10	0	0	0	0	90.1778	934
16	10	0	0	0	0	92.1501	935
17	10	0	0	0	0	95.4634	936
17	11	0	0	0	0	91.8391	937
17	12	0	0	0	0	98.1236	938
17	12	0	0	0	0	96.1571	939
19	12	0	0	0	0	99.7574	940
19	12	0	0	0	0	106.914	941
19	12	0	0	0	0	100.683	942
19	12	0	0	0	0	109.507	943
19	12	0	0	0	0	100.661	944
19	12	0	0	0	0	103.56	945
21	12	0	0	0	0	107.031	946
21	12	0	0	0	0	116.11	947
21	12	0	0	0	0	112.988	948
21	12	0	0	0	0	100.267	949
21	13	0	0	0	0	101.038	950
20	13	0	0	0	0	97.9181	951
21	14	0	0	0	0	92.9934	952
20	14	0	0	0	0	107.976	953
20	15	0	0	0	0	102.771	954
19	15	0	0	0	0	109.492	955
18	14	0	0	0	0	117.936	956
18	14	0	0	0	0	107.179	957
18	14	0	0	0	0	113.207	958
18	15	0	0	0	0	111.522	959
18	15	0	0	0	0	112.996	960
18	15	0	0	0	0	114.631	961
18	15	0	0	0	0	106.762	962
16	15	0	0	0	0	110.406	963
16	16	0	0	0	0	104.668	964
16	15	0	0	0	0	108.429	965
16	15	0	0	0	0	114.074	966
17	15	0	0	0	0	99.297	967
16	15	0	0	0	0	107.836	968
16	15	0	0	0	0	100.488	969
16	15	0	0	0	0	110.327	970
16	15	0	0	0	0	109.476	971
16	15	0	0	0	0	115.313	972
16	15	0	0	0	0	103.791	973
16	15	0	0	0	0	107.451	974
16	14	0	0	0	0	106.634	975
16	14	0	0	0	0	97.9746	976
16	14	0	0	0	0	106.931	977
16	14	0	0	0	0	108.823	978
16	14	0	0	0	0	98.6493	979
16	14	0	0	0	0	99.4111	980
16	13	0	0	0	0	102.634	981
16	13	0	0	0	0	108.244	982
16	13	0	0	0	0	87.6923	983
16	14	0	0	0	0	105.446	984
16	14	0	0	0	0	103.555	985
16	14	0	0	0	0	94.9431	986
16	14	0	0	0	0	99.3575	987
15	14	0	0	0	0	94.6404	988
15	14	0	0	0	0	101.139	989
15	14	0	0	0	0	101.699	990
15	14	0	0	0	0	99.3121	991
15	14	0	0	0	0	101.273	992
15	14	0	0	0	0	102.143	993
15	14	0	0	0	0	95.1108	994
16	14	0	0	0	0	101.953	995
16	14	0	0	0	0	103.741	996
16	14	0	0	0	0	92.8068	997
15	14	0	0	0	0	98.1014	998
16	14	0	0	0	0	108.216	999
16	14	0	0	0	0	98.537	1000
16	14	0	0	0	0	104.276	1001
16	14	0	0	0	0	98.4069	1002
17	14	0	0	0	0	99.5881	1003
17	14	0	0	0	0	102.336	1004
18	14	0	0	0	0	113.958	1005
18	14	0	0	0	0	111.257	1006
18	14	0	0	0	0	102.712	1007
17	14	0	0	0	0	112.444	1008
17	14	0	0	0	0	111.778	1009
18	15	0	0	0	0	108.528	1010
18	15	0	0	0	0	107.817	1011
18	15	0	0	0	0	105.7	1012
18	15	0	0	0	0	104.203	1013
18	15	0	0	0	0	106.314	1014
18	15	0	0	0	0	107.011	1015
18	15	0	0	0	0	91.9144	1016
18	15	0	0	0	0	104.221	1017
16	15	0	0	0	0	103.665	1018
15	15	0	0	0	0	84.4298	1019
15	15	0	0	0	0	99.1244	1020
15	15	0	0	0	0	99.1786	1021
15	15	0	0	0	0	90.2356	1022
15	15	0	0	0	0	103.792	1023
15	15	0	0	0	0	106.477	1024
16	15	0	0	0	0	109.143	1025
16	15	0	0	0	0	107.922	1026
16	15	0	0	0	0	100.779	1027
15	15	0	0	0	0	99.8045	1028
15	15	0	0	0	0	102.566	1029
15	15	0	0	0	0	94.7835	1030
15	15	0	0	0	0	94.5023	1031
15	15	0	0	0	0	103.829	1032
15	15	0	0	0	0	92.9542	1033
15	15	0	0	0	0	103.644	1034
15	15	0	0	0	0	97.9727	1035
15	15	0	0	0	0	103.574	1036
15	15	0	0	0	0	87.0566	1037
15	15	0	0	0	0	97.3798	1038
15	15	0	0	0	0	84.2942	1039
16	18	0	0	0	0	101.26	1040
16	18	0	0	0	0	97.8025	1041
16	18	0	0	0	0	113.377	1042
16	18	0	0	0	0	114.411	1043
17	17	0	0	0	0	97.8023	1044
17	17	0	0	0	0	119.128	1045
17	17	0	0	0	0	102.964	1046
17	17	0	0	0	0	107.97	1047
18	17	0	0	0	0	105.983	1048
17	17	0	0	0	0	110.059	1049
17	17	0	0	0	0	104.191	1050
17	16	0	0	0	0	114.233	1051
17	16	0	0	0	0	107.502	1052
17	16	0	0	0	0	108.2	1053
17	16	0	0	0	0	109.898	1054
17	16	0	0	0	0	110.066	1055
17	15	0	0	0	0	100.716	1056
17	15	0	0	0	0	109.468	1057
17	15	0	0	0	0	112.769	1058
17	17	0	0	0	0	118.81	1059
17	17	0	0	0	0	107.73	1060
17	17	0	0	0	0	108.566	1061
17	17	0	0	0	0	104.007	1062
17	15	0	0	0	0	103.616	1063
17	15	0	0	0	0	106.361	1064
17	15	0	0	0	0	107.907	1065
17	16	0	0	0	0	109.062	1066
16	16	0	0	0	0	112.586	1067
16	16	0	0	0	0	104.934	1068
16	16	0	0	0	0	105.751	1069
16	17	0	0	0	0	108.36	1070
17	17	0	0	0	0	105.413	1071
17	17	0	0	0	0	97.0357	1072
17	18	0	0	0	0	105.734	1073
17	17	0	0	0	0	99.6947	1074
17	17	0	0	0	0	104.911	1075
17	17	0	0	0	0	109.514	1076
17	17	0	0	0	0	117.075	1077
17	16	0	0	0	0	98.6083	1078
17	15	0	0	0	0	112.608	1079
18	15	0	0	0	0	113.516	1080
18	15	0	0	0	0	101.885	1081
18	14	0	0	0	0	85.3896	1082
18	14	0	0	0	0	99.9121	1083
17	15	0	0	0	0	94.8329	1084
17	15	0	0	0	0	93.0424	1085
15	14	0	0	0	0	104.025	1086
15	14	0	0	0	0	96.895	1087
15	14	0	0	0	0	94.9904	1088
15	14	0	0	0	0	103.264	1089
15	14	0	0	0	0	94.6998	1090
14	13	0	0	0	0	93.4205	1091
14	13	0	0	0	0	96.0013	1092
14	13	0	0	0	0	88.9519	1093
14	13	0	0	0	0	85.5835	1094
14	13	0	0	0	0	90.6419	1095
13	13	0	0	0	0	83.9101	1096
13	13	0	0	0	0	88.3782	1097
13	12	0	0	0	0	77.6351	1098
13	12	0	0	0	0	77.1102	1099
12	11	0	0	0	0	80.2863	1100
12	11	0	0	0	0	76.5225	1101
12	11	0	0	0	0	77.3159	1102
13	11	0	0	0	0	75.9591	1103
13	11	0	0	0	0	74.3851	1104
13	10	0	0	0	0	79.5273	1105
13	10	0	0	0	0	72.2939	1106
13	10	0	0	0	0	76.0846	1107
13	10	0	0	0	0	75.0625	1108
13	9	0	0	0	0	73.3626	1109
13	9	0	0	0	0	77.3238	1110
13	9	0	0	0	0	62.712	1111
13	9	0	0	0	0	67.3133	1112
13	10	0	0	0	0	66.3824	1113
13	10	0	0	0	0	73.0224	1114
12	10	0	0	0	0	72.031	1115
12	10	0	0	0	0	73.2978	1116
12	10	0	0	0	0	74.7412	1117
13	10	0	0	0	0	79.9996	1118
13	10	0	0	0	0	84.0919	1119
13	10	0	0	0	0	77.105	1120
13	10	0	0	0	0	82.7733	1121
14	11	0	0	0	0	76.9373	1122
14	11	0	0	0	0	73.4	1123
14	11	0	0	0	0	80.6591	1124
14	10	0	0	0	0	72.5892	1125
14	10	0	0	0	0	73.5396	1126
15	10	0	0	0	0	78.3543	1127
15	10	0	0	0	0	86.1754	1128
15	10	0	0	0	0	78.308	1129
15	9	0	0	0	0	81.1427	1130
15	9	0	0	0	0	87.9553	1131
15	9	0	0	0	0	61.7883	1132
15	9	0	0	0	0	67.4075	1133
15	9	0	0	0	0	73.467	1134
15	9	0	0	0	0	64.2078	1135
15	9	0	0	0	0	76.4013	1136
15	9	0	0	0	0	71.4039	1137
15	9	0	0	0	0	66.3228	1138
15	9	0	0	0	0	65.21	1139
15	9	0	0	0	0	70.5895	1140
14	9	0	0	0	0	73.0415	1141
15	8	0	0	0	0	74.9181	1142
15	8	0	0	0	0	62.2381	1143
15	8	0	0	0	0	79.6805	1144
15	9	0	0	0	0	72.0869	1145
13	9	0	0	0	0	72.1933	1146
13	9	0	0	0	0	76.7589	1147
13	8	0	0	0	0	58.6521	1148
13	8	0	0	0	0	67.0235	1149
13	9	0	0	0	0	67.1306	1150
12	9	0	0	0	0	74.5989	1151
12	9	0	0	0	0	71.3522	1152
11	9	0	0	0	0	62.1574	1153
11	9	0	0	0	0	69.6096	1154
11	9	0	0	0	0	67.2936	1155
11	9	0	0	0	0	66.9755	1156
11	9	0	0	0	0	51.431	1157
11	9	0	0	0	0	48.8354	1158
11	9	0	0	0	0	54.0633	1159
8	8	0	0	0	0	52.8135	1160
8	10	0	0	0	0	52.1844	1161
7	10	0	0	0	0	53.2163	1162
7	10	0	0	0	0	57.3693	1163
7	11	0	0	0	0	54.0026	1164
7	11	0	0	0	0	56.2916	1165
7	12	0	0	0	0	58.151	1166
7	12	0	0	0	0	59.932	1167
7	12	0	0	0	0	52.9112	1168
7	12	0	0	0	0	55.5718	1169
5	12	0	0	0	0	56.6404	1170
6	12	0	0	0	0	60.7555	1171
6	12	0	0	0	0	61.7303	1172
8	13	0	0	0	0	64.8913	1173
8	13	0	0	0	0	50.7022	1174
8	13	0	0	0	0	67.9087	1175
8	13	0	0	0	0	71.8168	1176
9	13	0	0	0	0	63.4104	1177
9	14	0	0	0	0	65.4865	1178
9	13	0	0	0	0	58.3588	1179
8	14	0	0	0	0	59.288	1180
10	14	0	0	0	0	63.9707	1181
10	14	0	0	0	0	71.4613	1182
11	14	0	0	0	0	58.0699	1183
11	14	0	0	0	0	79.137	1184
11	14	0	0	0	0	75.7945	1185
12	13	0	0	0	0	77.55	1186
12	13	0	0	0	0	83.4605	1187
12	13	0	0	0	0	77.4463	1188
13	13	0	0	0	0	87.1138	1189
13	13	0	0	0	0	82.1564	1190
13	13	0	0	0	0	73.9733	1191
13	13	0	0	0	0	78.5242	1192
13	13	0	0	0	0	83.3112	1193
13	13	0	0	0	0	87.801	1194
14	13	0	0	0	0	85.0022	1195
14	13	0	0	0	0	87.6654	1196
14	13	0	0	0	0	84.8542	1197
14	13	0	0	0	0	83.3711	1198
14	13	0	0	0	0	82.5747	1199
14	13	0	0	0	0	84.0782	1200
14	13	0	0	0	0	90.2813	1201
14	13	0	0	0	0	86.1229	1202
14	12	0	0	0	0	83.9884	1203
14	12	0	0	0	0	89.0949	1204
14	12	0	0	0	0	64.4696	1205
14	12	0	0	0	0	69.4212	1206
14	11	0	0	0	0	71.4567	1207
15	11	0	0	0	0	64.97	1208
15	9	0	0	0	0	69.2199	1209
15	9	0	0	0	0	71.5036	1210
15	8	0	0	0	0	73.341	1211
15	8	0	0	0	0	76.0928	1212
15	8	0	0	0	0	65.1064	1213
15	8	0	0	0	0	67.0816	1214
15	8	0	0	0	0	79.0572	1215
16	8	0	0	0	0	75.2839	1216
16	8	0	0	0	0	70.6521	1217
16	9	0	0	0	0	86.8853	1218
16	9	0	0	0	0	82.4583	1219
16	9	0	0	0	0	70.1796	1220
14	9	0	0	0	0	73.7479	1221
14	9	0	0	0	0	67.7824	1222
15	8	0	0	0	0	72.5337	1223
15	8	0	0	0	0	73.5812	1224
15	8	0	0	0	0	82.1446	1225
15	8	0	0	0	0	72.0626	1226
15	8	0	0	0	0	73.8659	1227
15	8	0	0	0	0	72.7049	1228
15	8	0	0	0	0	77.6748	1229
15	8	0	0	0	0	75.4957	1230
15	8	0	0	0	0	73.5914	1231
15	8	0	0	0	0	79.3998	1232
15	8	0	0	0	0	78.4888	1233
14	8	0	0	0	0	70.5095	1234
14	8	0	0	0	0	76.4723	1235
15	8	0	0	0	0	68.0362	1236
15	8	0	0	0	0	84.4818	1237
15	8	0	0	0	0	80.658	1238
15	10	0	0	0	0	77.7816	1239
15	10	0	0	0	0	79.3638	1240
15	10	0	0	0	0	82.4974	1241
15	10	0	0	0	0	79.5108	1242
15	10	0	0	0	0	75.2359	1243
14	10	0	0	0	0	82.0245	1244
14	10	0	0	0	0	77.4692	1245
14	10	0	0	0	0	77.2016	1246
14	10	0	0	0	0	67.2959	1247
12	10	0	0	0	0	74.8689	1248
12	10	0	0	0	0	60.4129	1249
11	10	0	0	0	0	68.5104	1250
11	9	0	0	0	0	64.4042	1251
11	9	0	0	0	0	63.5659	1252
11	9	0	0	0	0	69.0862	1253
11	9	0	0	0	0	63.3951	1254
11	9	0	0	0	0	64.4534	1255
11	8	0	0	0	0	57.0412	1256
11	8	0	0	0	0	64.3768	1257
11	8	0	0	0	0	59.5441	1258
11	8	0	0	0	0	64.3815	1259
11	8	0	0	0	0	57.0745	1260
11	8	0	0	0	0	61.7772	1261
11	8	0	0	0	0	56.6169	1262
11	7	0	0	0	0	59.6872	1263
11	7	0	0	0	0	64.2408	1264
11	7	0	0	0	0	60.1102	1265
12	7	0	0	0	0	56.8073	1266
13	7	0	0	0	0	53.9994	1267
13	8	0	0	0	0	71.931	1268
13	8	0	0	0	0	66.6045	1269
13	8	0	0	0	0	68.2032	1270
13	9	0	0	0	0	67.1754	1271
13	9	0	0	0	0	80.4769	1272
13	9	0	0	0	0	70.5965	1273
14	8	0	0	0	0	65.6257	1274
13	8	0	0	0	0	69.6183	1275
13	8	0	0	0	0	69.1249	1276
13	8	0	0	0	0	66.672	1277
13	8	0	0	0	0	76.4622	1278
13	8	0	0	0	0	65.3065	1279
12	8	0	0	0	0	63.5821	1280
12	8	0	0	0	0	62.9528	1281
12	7	0	0	0	0	63.9561	1282
12	7	0	0	0	0	63.9132	1283
12	7	0	0	0	0	53.2975	1284
12	7	0	0	0	0	55.6561	1285
11	7	0	0	0	0	57.5484	1286
11	7	0	0	0	0	59.3349	1287
11	7	0	0	0	0	58.623	1288
11	7	0	0	0	0	64.3248	1289
11	7	0	0	0	0	62.0998	1290
11	7	0	0	0	0	57.6452	1291
11	7	0	0	0	0	61.6074	1292
11	7	0	0	0	0	57.8008	1293
11	8	0	0	0	0	62.5277	1294
11	8	0	0	0	0	65.6942	1295
11	8	0	0	0	0	63.2774	1296
11	8	0	0	0	0	60.2135	1297
11	8	0	0	0	0	61.4683	1298
11	7	0	0	0	0	54.5208	1299
11	7	0	0	0	0	54.6628	1300
11	7	0	0	0	0	60.1754	1301
11	7	0	0	0	0	57.4267	1302
11	7	0	0	0	0	54.745	1303
12	7	0	0	0	0	59.6174	1304
12	8	0	0	0	0	60.3707	1305
12	8	0	0	0	0	64.6566	1306
12	8	0	0	0	0	67.4	1307
12	8	0	0	0	0	64.3605	1308
12	9	0	0	0	0	62.8141	1309
12	9	0	0	0	0	67.553	1310
12	10	0	0	0	0	72.2857	1311
12	10	0	0	0	0	72.6875	1312
12	10	0	0	0	0	67.8443	1313
13	10	0	0	0	0	39.8552	1314
13	10	0	0	0	0	46.6616	1315
13	9	0	0	0	0	47.8736	1316
13	9	0	0	0	0	42.7742	1317
13	9	0	0	0	0	42.8223	1318
13	9	0	0	0	0	46.6616	1319
13	9	0	0	0	0	45.4137	1320
12	9	0	0	0	0	46.5832	1321
7	10	0	0	0	0	50.1883	1322
7	9	0	0	0	0	47.4935	1323
7	10	0	0	0	0	46.0383	1324
7	11	0	0	0	0	49.4647	1325
7	11	0	0	0	0	49.4647	1326
7	11	0	0	0	0	50.3838	1327
7	11	0	0	0	0	54.0453	1328
7	11	0	0	0	0	61.3324	1329
7	11	0	0	0	0	56.5968	1330
7	11	0	0	0	0	53.9977	1331
7	11	0	0	0	0	56.2194	1332
6	11	0	0	0	0	56.0448	1333
6	11	0	0	0	0	53.0254	1334
6	11	0	0	0	0	57.9225	1335
6	11	0	0	0	0	56.4236	1336
6	11	0	0	0	0	56.6091	1337
6	10	0	0	0	0	55.8938	1338
6	10	0	0	0	0	52.6293	1339
6	10	0	0	0	0	35.8615	1340
6	10	0	0	0	0	48.9664	1341
6	10	0	0	0	0	49.3851	1342
6	10	0	0	0	0	49.6768	1343
6	10	0	0	0	0	56.8521	1344
6	10	0	0	0	0	47.4252	1345
6	10	0	0	0	0	56.3592	1346
6	10	0	0	0	0	52.1082	1347
6	10	0	0	0	0	50.2337	1348
6	10	0	0	0	0	46.1658	1349
6	13	0	0	0	0	52.9304	1350
6	13	0	0	0	0	49.204	1351
6	13	0	0	0	0	50.4543	1352
6	13	0	0	0	0	50.4925	1353
5	13	0	0	0	0	60.4895	1354
5	13	0	0	0	0	55.2444	1355
5	13	0	0	0	0	61.6421	1356
6	13	0	0	0	0	61.0141	1357
6	13	0	0	0	0	60.0586	1358
6	14	0	0	0	0	58.0163	1359
5	14	0	0	0	0	62.9176	1360
5	15	0	0	0	0	68.3087	1361
5	15	0	0	0	0	60.4433	1362
5	15	0	0	0	0	58.5234	1363
5	15	0	0	0	0	57.8438	1364
5	15	0	0	0	0	56.2851	1365
5	15	0	0	0	0	61.1115	1366
5	15	0	0	0	0	61.6796	1367
4	14	0	0	0	0	64.3184	1368
4	14	0	0	0	0	60.4335	1369
4	14	0	0	0	0	60.4956	1370
4	14	0	0	0	0	61.7821	1371
4	14	0	0	0	0	64.3728	1372
4	14	0	0	0	0	51.0944	1373
4	13	0	0	0	0	53.0589	1374
4	13	0	0	0	0	52.9171	1375
4	13	0	0	0	0	47.471	1376
4	13	0	0	0	0	51.7386	1377
4	13	0	0	0	0	53.6625	1378
4	13	0	0	0	0	53.0614	1379
4	13	0	0	0	0	54.1989	1380
4	12	0	0	0	0	55.2738	1381
4	12	0	0	0	0	46.767	1382
4	12	0	0	0	0	52.6565	1383
4	12	0	0	0	0	46.8014	1384
4	12	0	0	0	0	49.0465	1385
4	12	0	0	0	0	49.0387	1386
4	12	0	0	0	0	50.156	1387
4	12	0	0	0	0	49.719	1388
4	11	0	0	0	0	49.8393	1389
4	11	0	0	0	0	49.6213	1390
4	11	0	0	0	0	48.2284	1391
4	11	0	0	0	0	40.1585	1392
4	11	0	0	0	0	49.5838	1393
4	11	0	0	0	0	49.4145	1394
4	11	0	0	0	0	39.7151	1395
4	9	0	0	0	0	25.3222	1396
4	9	0	0	0	0	41.1155	1397
3	9	0	0	0	0	38.3726	1398
3	9	0	0	0	0	40.9724	1399
3	9	0	0	0	0	37.5081	1400
4	9	0	0	0	0	35.6218	1401
4	9	0	0	0	0	38.8963	1402
4	9	0	0	0	0	43.8328	1403
4	9	0	0	0	0	44.3689	1404
4	9	0	0	0	0	41.3987	1405
4	9	0	0	0	0	44.815	1406
4	9	0	0	0	0	43.0854	1407
4	9	0	0	0	0	42.9235	1408
5	9	0	0	0	0	35.0718	1409
5	9	0	0	0	0	31.7405	1410
5	9	0	0	0	0	32.5113	1411
5	9	0	0	0	0	35.1512	1412
4	8	0	0	0	0	34.9501	1413
4	8	0	0	0	0	30.2991	1414
4	8	0	0	0	0	30.3839	1415
4	8	0	0	0	0	34.0483	1416
4	7	0	0	0	0	29.7859	1417
4	7	0	0	0	0	31.9264	1418
4	7	0	0	0	0	31.5733	1419
4	6	0	0	0	0	31.6665	1420
4	9	0	0	0	0	26.5732	1421
4	9	0	0	0	0	31.3522	1422
4	9	0	0	0	0	41.0542	1423
5	9	0	0	0	0	42.0069	1424
5	9	0	0	0	0	41.4207	1425
5	9	0	0	0	0	42.6808	1426
5	10	0	0	0	0	44.6137	1427
5	10	0	0	0	0	46.5348	1428
5	10	0	0	0	0	45.9151	1429
5	10	0	0	0	0	50.3622	1430
5	10	0	0	0	0	48.584	1431
5	10	0	0	0	0	46.2305	1432
5	10	0	0	0	0	49.014	1433
5	10	0	0	0	0	46.5387	1434
5	10	0	0	0	0	47.805	1435
4	10	0	0	0	0	46.4293	1436
4	11	0	0	0	0	47.1499	1437
4	12	0	0	0	0	48.9118	1438
4	12	0	0	0	0	54.1616	1439
4	12	0	0	0	0	52.7357	1440
4	14	0	0	0	0	53.7726	1441
4	14	0	0	0	0	55.5692	1442
3	14	0	0	0	0	60.6194	1443
3	14	0	0	0	0	56.5445	1444
3	14	0	0	0	0	49.8839	1445
3	14	0	0	0	0	57.9892	1446
3	14	0	0	0	0	58.6825	1447
3	14	0	0	0	0	55.1313	1448
3	14	0	0	0	0	57.9419	1449
3	14	0	0	0	0	54.9318	1450
3	15	0	0	0	0	59.922	1451
3	15	0	0	0	0	57.0081	1452
3	15	0	0	0	0	56.1078	1453
3	15	0	0	0	0	54.6005	1454
3	14	0	0	0	0	60.3026	1455
3	14	0	0	0	0	44.4587	1456
3	14	0	0	0	0	53.7117	1457
3	13	0	0	0	0	56.3345	1458
3	14	0	0	0	0	56.0961	1459
4	14	0	0	0	0	54.051	1460
4	14	0	0	0	0	56.4407	1461
4	14	0	0	0	0	60.4422	1462
4	14	0	0	0	0	60.3216	1463
4	14	0	0	0	0	57.2503	1464
4	14	0	0	0	0	58.0286	1465
4	14	0	0	0	0	58.4185	1466
4	14	0	0	0	0	61.6527	1467
4	14	0	0	0	0	52.3175	1468
5	14	0	0	0	0	56.2999	1469
5	14	0	0	0	0	59.81	1470
5	15	0	0	0	0	62.4109	1471
5	15	0	0	0	0	62.5669	1472
5	15	0	0	0	0	60.9391	1473
5	15	0	0	0	0	67.1754	1474
5	16	0	0	0	0	69.2207	1475
5	16	0	0	0	0	68.6479	1476
5	16	0	0	0	0	67.596	1477
5	16	0	0	0	0	61.665	1478
5	16	0	0	0	0	60.0412	1479
5	16	0	0	0	0	63.7625	1480
5	16	0	0	0	0	73.4358	1481
5	17	0	0	0	0	73.4442	1482
5	17	0	0	0	0	66.5129	1483
5	17	0	0	0	0	76.8687	1484
5	17	0	0	0	0	69.4563	1485
5	17	0	0	0	0	72.8888	1486
6	17	0	0	0	0	76.6572	1487
6	17	0	0	0	0	71.3081	1488
6	17	0	0	0	0	75.2374	1489
6	16	0	0	0	0	73.4567	1490
6	16	0	0	0	0	69.6816	1491
7	16	0	0	0	0	75.9437	1492
7	16	0	0	0	0	75.8042	1493
7	16	0	0	0	0	79.7816	1494
7	16	0	0	0	0	74.4591	1495
7	16	0	0	0	0	63.4737	1496
7	16	0	0	0	0	66.738	1497
7	16	0	0	0	0	74.4522	1498
7	16	0	0	0	0	64.1783	1499
7	15	0	0	0	0	71.2976	1500
8	16	0	0	0	0	66.8433	1501
8	16	0	0	0	0	69.737	1502
8	16	0	0	0	0	76.1059	1503
10	16	0	0	0	0	77.035	1504
10	16	0	0	0	0	85.9156	1505
10	16	0	0	0	0	80.9406	1506
9	16	0	0	0	0	79.2404	1507
9	16	0	0	0	0	78.4135	1508
9	15	0	0	0	0	81.4524	1509
9	15	0	0	0	0	76.9118	1510
9	13	0	0	0	0	75.5412	1511
9	13	0	0	0	0	70.1374	1512
10	13	0	0	0	0	64.3007	1513
10	12	0	0	0	0	72.9255	1514
10	12	0	0	0	0	64.4823	1515
10	12	0	0	0	0	70.1476	1516
10	12	0	0	0	0	73.1468	1517
10	11	0	0	0	0	71.2526	1518
10	11	0	0	0	0	73.191	1519
10	11	0	0	0	0	73.1473	1520
10	11	0	0	0	0	66.8786	1521
10	11	0	0	0	0	63.1754	1522
10	10	0	0	0	0	69.244	1523
10	10	0	0	0	0	68.2037	1524
10	12	0	0	0	0	60.5208	1525
9	12	0	0	0	0	60.0504	1526
9	12	0	0	0	0	58.1682	1527
9	11	0	0	0	0	61.7848	1528
9	11	0	0	0	0	56.2675	1529
10	11	0	0	0	0	62.7513	1530
10	11	0	0	0	0	58.0261	1531
10	11	0	0	0	0	71.5722	1532
10	11	0	0	0	0	67.5162	1533
10	11	0	0	0	0	66.4317	1534
10	11	0	0	0	0	70.6731	1535
10	11	0	0	0	0	71.1155	1536
10	11	0	0	0	0	67.4821	1537
10	11	0	0	0	0	65.8129	1538
10	11	0	0	0	0	65.7627	1539
10	11	0	0	0	0	73.2167	1540
10	11	0	0	0	0	69.9203	1541
10	11	0	0	0	0	71.4402	1542
10	11	0	0	0	0	68.9318	1543
10	11	0	0	0	0	68.5973	1544
10	11	0	0	0	0	69.1861	1545
10	11	0	0	0	0	73.262	1546
11	11	0	0	0	0	67.5094	1547
11	11	0	0	0	0	67.992	1548
11	10	0	0	0	0	62.9783	1549
12	10	0	0	0	0	75.2647	1550
12	10	0	0	0	0	68.0149	1551
12	10	0	0	0	0	67.6888	1552
12	11	0	0	0	0	74.8391	1553
12	11	0	0	0	0	73.3885	1554
12	11	0	0	0	0	79.4573	1555
12	11	0	0	0	0	71.1709	1556
12	11	0	0	0	0	74.6836	1557
12	11	0	0	0	0	74.1918	1558
12	11	0	0	0	0	72.8205	1559
12	10	0	0	0	0	71.1024	1560
12	10	0	0	0	0	69.4534	1561
11	10	0	0	0	0	54.746	1562
11	10	0	0	0	0	71.7227	1563
12	10	0	0	0	0	67.3347	1564
12	10	0	0	0	0	59.2181	1565
12	10	0	0	0	0	58.3521	1566
13	10	0	0	0	0	55.524	1567
13	11	0	0	0	0	60.4565	1568
13	11	0	0	0	0	56.6226	1569
13	10	0	0	0	0	61.6919	1570
13	7	0	0	0	0	56.3834	1571
13	7	0	0	0	0	65.4287	1572
13	7	0	0	0	0	67.84	1573
13	7	0	0	0	0	63.4225	1574
13	7	0	0	0	0	67.2736	1575
12	7	0	0	0	0	57.6445	1576
11	7	0	0	0	0	42.5079	1577
11	7	0	0	0	0	63.1273	1578
12	7	0	0	0	0	51.4895	1579
12	7	0	0	0	0	60.9366	1580
12	7	0	0	0	0	60.7469	1581
11	6	0	0	0	0	56.4612	1582
11	7	0	0	0	0	55.1514	1583
11	7	0	0	0	0	58.1311	1584
11	7	0	0	0	0	60.6444	1585
11	7	0	0	0	0	51.8596	1586
11	6	0	0	0	0	56.1458	1587
11	6	0	0	0	0	45.3435	1588
11	6	0	0	0	0	60.5856	1589
11	6	0	0	0	0	52.1829	1590
11	6	0	0	0	0	49.4288	1591
11	6	0	0	0	0	50.4748	1592
11	6	0	0	0	0	50.1856	1593
11	6	0	0	0	0	50.5484	1594
10	6	0	0	0	0	49.0877	1595
10	6	0	0	0	0	47.2049	1596
11	6	0	0	0	0	47.2133	1597
10	6	0	0	0	0	43.536	1598
10	6	0	0	0	0	52.0178	1599
9	6	0	0	0	0	48.8338	1600
9	6	0	0	0	0	51.0806	1601
9	6	0	0	0	0	52.5949	1602
9	6	0	0	0	0	48.2766	1603
9	6	0	0	0	0	50.0202	1604
9	6	0	0	0	0	50.1379	1605
9	6	0	0	0	0	50.4048	1606
10	6	0	0	0	0	49.3233	1607
10	6	0	0	0	0	48.165	1608
10	6	0	0	0	0	44.5328	1609
11	6	0	0	0	0	52.8104	1610
11	6	0	0	0	0	51.248	1611
10	6	0	0	0	0	51.437	1612
10	6	0	0	0	0	53.9842	1613
10	6	0	0	0	0	56.7904	1614
10	6	0	0	0	0	49.7122	1615
10	6	0	0	0	0	51.6232	1616
10	6	0	0	0	0	47.7223	1617
10	6	0	0	0	0	45.8285	1618
9	6	0	0	0	0	46.9205	1619
10	6	0	0	0	0	44.2738	1620
11	6	0	0	0	0	40.5425	1621
11	6	0	0	0	0	44.282	1622
11	6	0	0	0	0	41.1046	1623
11	6	0	0	0	0	42.7582	1624
11	6	0	0	0	0	40.9637	1625
10	6	0	0	0	0	44.5099	1626
10	5	0	0	0	0	42.4778	1627
10	7	0	0	0	0	48.6227	1628
10	7	0	0	0	0	53.7818	1629
10	7	0	0	0	0	57.3879	1630
10	7	0	0	0	0	56.1753	1631
10	7	0	0	0	0	54.5892	1632
10	7	0	0	0	0	54.7822	1633
10	7	0	0	0	0	60.6068	1634
10	7	0	0	0	0	55.6524	1635
10	8	0	0	0	0	57.2481	1636
10	8	0	0	0	0	60.7802	1637
10	11	0	0	0	0	64.0772	1638
10	11	0	0	0	0	67.8006	1639
10	11	0	0	0	0	63.8625	1640
10	11	0	0	0	0	72.2727	1641
10	11	0	0	0	0	63.3273	1642
11	11	0	0	0	0	66.5142	1643
12	11	0	0	0	0	67.8641	1644
11	12	0	0	0	0	61.463	1645
11	12	0	0	0	0	78.4635	1646
11	12	0	0	0	0	73.3842	1647
11	12	0	0	0	0	75.9311	1648
11	12	0	0	0	0	76.9947	1649
11	13	0	0	0	0	72.4688	1650
11	12	0	0	0	0	65.9315	1651
11	12	0	0	0	0	73.5875	1652
11	12	0	0	0	0	77.5543	1653
11	12	0	0	0	0	76.9152	1654
12	12	0	0	0	0	70.3465	1655
12	12	0	0	0	0	82.5601	1656
12	12	0	0	0	0	81.7274	1657
12	12	0	0	0	0	77.9637	1658
12	13	0	0	0	0	84.1779	1659
12	14	0	0	0	0	87.3073	1660
12	14	0	0	0	0	88.3432	1661
12	14	0	0	0	0	88.339	1662
12	14	0	0	0	0	87.0841	1663
12	14	0	0	0	0	86.4941	1664
11	14	0	0	0	0	84.894	1665
11	14	0	0	0	0	91.7625	1666
12	14	0	0	0	0	86.9278	1667
12	14	0	0	0	0	85.4991	1668
11	14	0	0	0	0	85.4015	1669
11	14	0	0	0	0	85.5731	1670
13	14	0	0	0	0	84.7739	1671
13	14	0	0	0	0	86.25	1672
13	14	0	0	0	0	89.5534	1673
13	14	0	0	0	0	92.1146	1674
13	14	0	0	0	0	85.7843	1675
13	14	0	0	0	0	90.9164	1676
13	14	0	0	0	0	87.1017	1677
13	14	0	0	0	0	91.3418	1678
13	14	0	0	0	0	92.2082	1679
13	13	0	0	0	0	91.2398	1680
13	13	0	0	0	0	89.6513	1681
13	13	0	0	0	0	88.0549	1682
13	13	0	0	0	0	89.8768	1683
13	13	0	0	0	0	85.944	1684
13	13	0	0	0	0	78.6009	1685
13	11	0	0	0	0	75.8854	1686
13	10	0	0	0	0	76.4583	1687
13	10	0	0	0	0	65.7982	1688
13	11	0	0	0	0	79.3047	1689
13	11	0	0	0	0	83.2585	1690
13	12	0	0	0	0	80.7218	1691
13	16	0	0	0	0	89.7697	1692
13	16	0	0	0	0	95.3784	1693
13	16	0	0	0	0	92.1501	1694
13	15	0	0	0	0	93.4118	1695
13	15	0	0	0	0	92.8478	1696
13	15	0	0	0	0	98.553	1697
13	15	0	0	0	0	92.7086	1698
13	13	0	0	0	0	72.3472	1699
13	13	0	0	0	0	91.4356	1700
12	13	0	0	0	0	90.0976	1701
12	13	0	0	0	0	86.9161	1702
12	13	0	0	0	0	77.8342	1703
12	13	0	0	0	0	90.446	1704
12	13	0	0	0	0	84.4765	1705
12	13	0	0	0	0	87.1635	1706
12	13	0	0	0	0	91.5611	1707
13	13	0	0	0	0	74.2361	1708
13	13	0	0	0	0	90.9109	1709
13	13	0	0	0	0	90.8689	1710
12	14	0	0	0	0	82.9179	1711
12	14	0	0	0	0	81.7012	1712
12	14	0	0	0	0	84.9442	1713
12	14	0	0	0	0	89.7535	1714
12	14	0	0	0	0	87.0661	1715
12	14	0	0	0	0	78.3165	1716
11	14	0	0	0	0	79.3822	1717
10	14	0	0	0	0	72.252	1718
10	14	0	0	0	0	79.8767	1719
10	14	0	0	0	0	70.5949	1720
9	14	0	0	0	0	75.5335	1721
9	15	0	0	0	0	79.6469	1722
10	15	0	0	0	0	79.9732	1723
10	15	0	0	0	0	85.6124	1724
10	15	0	0	0	0	86.8952	1725
10	15	0	0	0	0	72.3053	1726
10	15	0	0	0	0	75.7361	1727
10	15	0	0	0	0	87.0382	1728
10	14	0	0	0	0	82.6632	1729
10	14	0	0	0	0	70.3158	1730
10	14	0	0	0	0	85.5875	1731
10	14	0	0	0	0	84.3028	1732
10	15	0	0	0	0	88.0044	1733
10	15	0	0	0	0	87.0182	1734
10	15	0	0	0	0	79.4298	1735
9	15	0	0	0	0	75.1788	1736
9	15	0	0	0	0	77.5846	1737
9	15	0	0	0	0	75.6189	1738
9	16	0	0	0	0	76.3493	1739
9	16	0	0	0	0	81.4509	1740
10	16	0	0	0	0	76.7287	1741
10	18	0	0	0	0	82.4965	1742
10	18	0	0	0	0	91.7016	1743
10	18	0	0	0	0	90.0537	1744
10	18	0	0	0	0	86.9953	1745
10	17	0	0	0	0	89.7996	1746
10	17	0	0	0	0	85.14	1747
10	17	0	0	0	0	95.9672	1748
11	18	0	0	0	0	86.1137	1749
11	18	0	0	0	0	93.5463	1750
10	17	0	0	0	0	89.1647	1751
9	17	0	0	0	0	88.2755	1752
9	18	0	0	0	0	89.2089	1753
9	18	0	0	0	0	92.6849	1754
9	18	0	0	0	0	86.1999	1755
9	18	0	0	0	0	84.4112	1756
8	18	0	0	0	0	74.3521	1757
8	18	0	0	0	0	83.5975	1758
8	18	0	0	0	0	80.0598	1759
7	17	0	0	0	0	82.7564	1760
7	17	0	0	0	0	78.7994	1761
7	16	0	0	0	0	58.3439	1762
7	16	0	0	0	0	72.5726	1763
8	16	0	0	0	0	63.2403	1764
8	16	0	0	0	0	76.7169	1765
8	15	0	0	0	0	76.392	1766
8	14	0	0	0	0	67.818	1767
8	14	0	0	0	0	68.8526	1768
8	14	0	0	0	0	68.7977	1769
8	14	0	0	0	0	77.2074	1770
8	14	0	0	0	0	73.9971	1771
8	14	0	0	0	0	73.5929	1772
8	14	0	0	0	0	74.7174	1773
8	14	0	0	0	0	75.9416	1774
8	14	0	0	0	0	72.8276	1775
8	14	0	0	0	0	75.6028	1776
9	13	0	0	0	0	56.858	1777
9	12	0	0	0	0	67.3465	1778
9	12	0	0	0	0	75.7293	1779
9	12	0	0	0	0	50.6335	1780
9	12	0	0	0	0	59.8318	1781
9	13	0	0	0	0	66.7867	1782
9	12	0	0	0	0	73.1473	1783
9	12	0	0	0	0	62.2715	1784
9	12	0	0	0	0	73.1466	1785
10	12	0	0	0	0	73.1945	1786
10	12	0	0	0	0	70.8379	1787
10	12	0	0	0	0	70.8379	1788
10	13	0	0	0	0	77.0377	1789
10	13	0	0	0	0	74.4655	1790
10	13	0	0	0	0	68.6898	1791
10	13	0	0	0	0	65.9222	1792
9	14	0	0	0	0	72.7921	1793
9	14	0	0	0	0	69.7366	1794
9	14	0	0	0	0	76.9917	1795
9	13	0	0	0	0	76.4642	1796
9	13	0	0	0	0	75.1655	1797
9	14	0	0	0	0	68.0272	1798
9	14	0	0	0	0	71.452	1799
9	14	0	0	0	0	79.4231	1800
9	14	0	0	0	0	68.8509	1801
9	14	0	0	0	0	79.2158	1802
9	14	0	0	0	0	78.1101	1803
9	14	0	0	0	0	78.4161	1804
9	14	0	0	0	0	78.4925	1805
9	14	0	0	0	0	71.6116	1806
9	14	0	0	0	0	70.0918	1807
9	13	0	0	0	0	74.0919	1808
9	12	0	0	0	0	61.0302	1809
9	12	0	0	0	0	64.5462	1810
9	12	0	0	0	0	68.3094	1811
9	11	0	0	0	0	60.9524	1812
9	11	0	0	0	0	61.808	1813
9	11	0	0	0	0	52.1001	1814
9	10	0	0	0	0	61.8286	1815
9	11	0	0	0	0	54.6766	1816
9	11	0	0	0	0	64.9457	1817
9	12	0	0	0	0	68.1923	1818
9	12	0	0	0	0	68.8357	1819
9	12	0	0	0	0	70.1641	1820
10	12	0	0	0	0	69.0015	1821
10	12	0	0	0	0	69.5522	1822
11	12	0	0	0	0	76.4827	1823
11	13	0	0	0	0	70.1088	1824
11	13	0	0	0	0	79.3401	1825
11	13	0	0	0	0	77.0931	1826
11	13	0	0	0	0	76.9533	1827
11	13	0	0	0	0	82.1256	1828
11	13	0	0	0	0	77.314	1829
11	12	0	0	0	0	75.8452	1830
11	11	0	0	0	0	76.5828	1831
11	11	0	0	0	0	65.68	1832
11	11	0	0	0	0	77.0185	1833
11	11	0	0	0	0	76.836	1834
11	11	0	0	0	0	71.0217	1835
11	11	0	0	0	0	75.6952	1836
11	11	0	0	0	0	66.0606	1837
11	11	0	0	0	0	71.7941	1838
11	11	0	0	0	0	76.0396	1839
11	11	0	0	0	0	69.1996	1840
11	11	0	0	0	0	75.9039	1841
11	11	0	0	0	0	76.5505	1842
12	11	0	0	0	0	75.2651	1843
12	11	0	0	0	0	79.0407	1844
12	11	0	0	0	0	69.7526	1845
12	11	0	0	0	0	73.2352	1846
12	11	0	0	0	0	78.2317	1847
12	11	0	0	0	0	75.887	1848
13	11	0	0	0	0	76.2766	1849
13	11	0	0	0	0	88.3871	1850
13	11	0	0	0	0	68.6096	1851
12	10	0	0	0	0	70.3295	1852
12	10	0	0	0	0	74.5772	1853
12	11	0	0	0	0	76.243	1854
12	11	0	0	0	0	72.6521	1855
12	11	0	0	0	0	76.0262	1856
12	11	0	0	0	0	71.2083	1857
11	11	0	0	0	0	75.8024	1858
11	12	0	0	0	0	74.016	1859
11	12	0	0	0	0	76.4707	1860
11	12	0	0	0	0	68.5174	1861
11	11	0	0	0	0	56.6678	1862
10	9	0	0	0	0	64.7081	1863
10	8	0	0	0	0	59.9252	1864
10	8	0	0	0	0	54.4927	1865
10	7	0	0	0	0	58.0909	1866
10	7	0	0	0	0	54.8991	1867
10	7	0	0	0	0	55.3297	1868
11	7	0	0	0	0	53.6606	1869
12	7	0	0	0	0	57.9056	1870
12	8	0	0	0	0	60.4756	1871
12	8	0	0	0	0	61.7873	1872
11	8	0	0	0	0	64.9781	1873
11	8	0	0	0	0	51.6528	1874
11	8	0	0	0	0	53.268	1875
10	8	0	0	0	0	48.8668	1876
9	8	0	0	0	0	51.1948	1877
9	8	0	0	0	0	51.4325	1878
9	7	0	0	0	0	53.2874	1879
9	8	0	0	0	0	52.1842	1880
9	8	0	0	0	0	44.5514	1881
8	8	0	0	0	0	47.5236	1882
9	8	0	0	0	0	49.2888	1883
9	8	0	0	0	0	56.5004	1884
9	8	0	0	0	0	48.9644	1885
9	10	0	0	0	0	55.9632	1886
9	10	0	0	0	0	65.5671	1887
9	10	0	0	0	0	63.8457	1888
9	10	0	0	0	0	62.6587	1889
9	10	0	0	0	0	61.2898	1890
9	11	0	0	0	0	64.1298	1891
9	11	0	0	0	0	67.636	1892
9	11	0	0	0	0	56.6858	1893
9	11	0	0	0	0	65.6845	1894
9	11	0	0	0	0	61.8186	1895
9	11	0	0	0	0	71.6177	1896
9	11	0	0	0	0	69.2642	1897
9	11	0	0	0	0	71.9069	1898
9	11	0	0	0	0	66.8454	1899
9	11	0	0	0	0	65.0953	1900
9	11	0	0	0	0	67.3328	1901
9	11	0	0	0	0	67.3875	1902
9	11	0	0	0	0	64.6741	1903
9	11	0	0	0	0	63.0685	1904
9	11	0	0	0	0	62.854	1905
9	10	0	0	0	0	56.1349	1906
9	9	0	0	0	0	56.6202	1907
9	9	0	0	0	0	59.6599	1908
9	10	0	0	0	0	57.4085	1909
9	10	0	0	0	0	61.7443	1910
9	10	0	0	0	0	61.2898	1911
9	10	0	0	0	0	65.5943	1912
10	10	0	0	0	0	63.8563	1913
10	10	0	0	0	0	66.3913	1914
10	10	0	0	0	0	69.5641	1915
10	10	0	0	0	0	68.9056	1916
10	11	0	0	0	0	70.1444	1917
10	11	0	0	0	0	69.2841	1918
10	11	0	0	0	0	66.8738	1919
10	11	0	0	0	0	69.2812	1920
10	11	0	0	0	0	63.939	1921
10	10	0	0	0	0	62.3742	1922
10	10	0	0	0	0	65.7449	1923
10	9	0	0	0	0	65.3312	1924
10	10	0	0	0	0	65.6717	1925
10	11	0	0	0	0	56.1128	1926
10	10	0	0	0	0	55.2253	1927
10	11	0	0	0	0	56.6419	1928
10	11	0	0	0	0	57.3256	1929
10	11	0	0	0	0	70.1074	1930
10	12	0	0	0	0	70.867	1931
10	12	0	0	0	0	71.5232	1932
10	12	0	0	0	0	67.8392	1933
10	12	0	0	0	0	68.0975	1934
10	12	0	0	0	0	75.1426	1935
9	12	0	0	0	0	73.24	1936
9	12	0	0	0	0	72.6964	1937
9	12	0	0	0	0	68.6101	1938
9	13	0	0	0	0	72.9531	1939
9	13	0	0	0	0	70.7803	1940
9	14	0	0	0	0	65.5041	1941
9	14	0	0	0	0	63.7377	1942
9	16	0	0	0	0	77.0326	1943
9	16	0	0	0	0	84.7469	1944
9	16	0	0	0	0	88.2699	1945
9	16	0	0	0	0	83.6343	1946
9	16	0	0	0	0	70.6586	1947
9	15	0	0	0	0	72.7785	1948
9	15	0	0	0	0	87.2793	1949
10	15	0	0	0	0	80.5968	1950
10	14	0	0	0	0	85.436	1951
10	14	0	0	0	0	75.9647	1952
10	14	0	0	0	0	84.9265	1953
10	14	0	0	0	0	82.4039	1954
11	14	0	0	0	0	83.367	1955
11	14	0	0	0	0	84.1885	1956
10	14	0	0	0	0	82.976	1957
10	14	0	0	0	0	85.5956	1958
10	14	0	0	0	0	81.4349	1959
11	14	0	0	0	0	84.5659	1960
12	14	0	0	0	0	85.8529	1961
12	14	0	0	0	0	89.6754	1962
13	14	0	0	0	0	89.9452	1963
13	14	0	0	0	0	84.8219	1964
13	14	0	0	0	0	78.0501	1965
12	13	0	0	0	0	78.5364	1966
12	13	0	0	0	0	80.1564	1967
12	12	0	0	0	0	69.6502	1968
12	12	0	0	0	0	73.6105	1969
11	12	0	0	0	0	64.8242	1970
10	11	0	0	0	0	65.6379	1971
10	10	0	0	0	0	70.5122	1972
10	10	0	0	0	0	72.0433	1973
10	10	0	0	0	0	65.4451	1974
10	9	0	0	0	0	61.6313	1975
10	9	0	0	0	0	63.9432	1976
10	9	0	0	0	0	59.9032	1977
10	9	0	0	0	0	64.3932	1978
10	9	0	0	0	0	61.1779	1979
12	9	0	0	0	0	64.9684	1980
12	9	0	0	0	0	63.9817	1981
12	9	0	0	0	0	68.4067	1982
12	9	0	0	0	0	53.7943	1983
12	9	0	0	0	0	58.2893	1984
13	9	0	0	0	0	58.9159	1985
13	8	0	0	0	0	61.7782	1986
14	8	0	0	0	0	59.2674	1987
15	8	0	0	0	0	61.6424	1988
16	8	0	0	0	0	60.1475	1989
14	8	0	0	0	0	51.7777	1990
16	8	0	0	0	0	76.5679	1991
16	8	0	0	0	0	74.4026	1992
16	9	0	0	0	0	80.1722	1993
16	9	0	0	0	0	79.3724	1994
16	9	0	0	0	0	69.5913	1995
16	8	0	0	0	0	82.5221	1996
16	8	0	0	0	0	80.0747	1997
16	8	0	0	0	0	79.6302	1998
16	8	0	0	0	0	84.2252	1999
16	8	0	0	0	0	76.5384	2000
16	8	0	0	0	0	79.497	2001
16	8	0	0	0	0	63.3411	2002
16	8	0	0	0	0	73.7416	2003
16	8	0	0	0	0	68.5938	2004
15	8	0	0	0	0	75.5719	2005
15	8	0	0	0	0	67.2982	2006
15	8	0	0	0	0	69.7245	2007
15	8	0	0	0	0	75.1731	2008
15	8	0	0	0	0	70.6123	2009
16	8	0	0	0	0	68.7518	2010
15	8	0	0	0	0	76.8989	2011
15	8	0	0	0	0	75.2596	2012
15	8	0	0	0	0	75.0918	2013
15	8	0	0	0	0	80.3748	2014
15	8	0	0	0	0	78.609	2015
16	8	0	0	0	0	77.6504	2016
16	9	0	0	0	0	77.8882	2017
16	9	0	0	0	0	78.5643	2018
16	9	0	0	0	0	79.8297	2019
16	9	0	0	0	0	74.4638	2020
16	8	0	0	0	0	68.1272	2021
16	9	0	0	0	0	75.5652	2022
16	9	0	0	0	0	76.1731	2023
15	9	0	0	0	0	66.1718	2024
15	9	0	0	0	0	70.9615	2025
15	9	0	0	0	0	76.5576	2026
15	8	0	0	0	0	83.7035	2027
16	8	0	0	0	0	77.5522	2028
16	9	0	0	0	0	67.7477	2029
16	9	0	0	0	0	86.0286	2030
16	9	0	0	0	0	82.7828	2031
16	9	0	0	0	0	81.7206	2032
16	9	0	0	0	0	80.9321	2033
17	9	0	0	0	0	81.9782	2034
17	8	0	0	0	0	68.7095	2035
17	6	0	0	0	0	74.4366	2036
17	6	0	0	0	0	71.5244	2037
18	6	0	0	0	0	79.7951	2038
20	6	0	0	0	0	83.8243	2039
20	6	0	0	0	0	80.9026	2040
21	6	0	0	0	0	87.9449	2041
21	6	0	0	0	0	91.8051	2042
20	6	0	0	0	0	84.1811	2043
20	10	0	0	0	0	92.0244	2044
20	10	0	0	0	0	107.037	2045
20	10	0	0	0	0	92.9238	2046
20	10	0	0	0	0	105.378	2047
20	10	0	0	0	0	100.733	2048
20	10	0	0	0	0	106.622	2049
20	10	0	0	0	0	97.207	2050
20	11	0	0	0	0	108.776	2051
20	11	0	0	0	0	92.3492	2052
19	11	0	0	0	0	102.714	2053
20	11	0	0	0	0	104.323	2054
20	11	0	0	0	0	101.647	2055
20	11	0	0	0	0	93.0474	2056
20	11	0	0	0	0	97.4899	2057
20	11	0	0	0	0	104.998	2058
20	11	0	0	0	0	105.688	2059
19	10	0	0	0	0	101.918	2060
19	10	0	0	0	0	96.5782	2061
19	10	0	0	0	0	102.496	2062
21	11	0	0	0	0	103.038	2063
21	11	0	0	0	0	111.013	2064
21	10	0	0	0	0	102.89	2065
22	10	0	0	0	0	110.175	2066
22	10	0	0	0	0	107.29	2067
22	10	0	0	0	0	103.435	2068
22	9	0	0	0	0	115.21	2069
22	9	0	0	0	0	108.619	2070
22	9	0	0	0	0	100.274	2071
22	9	0	0	0	0	91.9333	2072
22	9	0	0	0	0	105.916	2073
23	9	0	0	0	0	103.264	2074
23	9	0	0	0	0	99.3133	2075
22	9	0	0	0	0	100.679	2076
21	12	0	0	0	0	103.475	2077
21	12	0	0	0	0	115.828	2078
21	12	0	0	0	0	109.149	2079
21	12	0	0	0	0	112.358	2080
21	12	0	0	0	0	99.6132	2081
22	12	0	0	0	0	99.3514	2082
22	12	0	0	0	0	98.8644	2083
21	12	0	0	0	0	106.421	2084
21	13	0	0	0	0	104.652	2085
19	13	0	0	0	0	100.757	2086
19	13	0	0	0	0	106.427	2087
19	13	0	0	0	0	102.782	2088
19	13	0	0	0	0	106.112	2089
19	13	0	0	0	0	107.005	2090
19	13	0	0	0	0	114.958	2091
19	13	0	0	0	0	114.785	2092
19	13	0	0	0	0	109.812	2093
19	13	0	0	0	0	114.841	2094
20	13	0	0	0	0	113.972	2095
20	13	0	0	0	0	116.794	2096
20	13	0	0	0	0	116.616	2097
20	13	0	0	0	0	117.754	2098
20	13	0	0	0	0	118.867	2099
20	13	0	0	0	0	117.502	2100
21	13	0	0	0	0	116.69	2101
21	13	0	0	0	0	110.471	2102
22	13	0	0	0	0	112.212	2103
22	13	0	0	0	0	125.797	2104
21	13	0	0	0	0	126.549	2105
21	13	0	0	0	0	113.162	2106
21	13	0	0	0	0	108.069	2107
21	13	0	0	0	0	121.061	2108
21	13	0	0	0	0	117.324	2109
21	13	0	0	0	0	120.525	2110
21	13	0	0	0	0	122.537	2111
22	13	0	0	0	0	121.862	2112
22	13	0	0	0	0	121.934	2113
22	13	0	0	0	0	116.586	2114
22	13	0	0	0	0	117.94	2115
22	12	0	0	0	0	122.219	2116
22	12	0	0	0	0	114.399	2117
20	12	0	0	0	0	109.118	2118
20	12	0	0	0	0	109.778	2119
20	11	0	0	0	0	113.438	2120
20	11	0	0	0	0	111.834	2121
20	12	0	0	0	0	114.91	2122
20	12	0	0	0	0	111.75	2123
20	12	0	0	0	0	97.9974	2124
20	12	0	0	0	0	111.105	2125
19	12	0	0	0	0	110.735	2126
19	12	0	0	0	0	114.261	2127
19	12	0	0	0	0	100.218	2128
19	12	0	0	0	0	104.168	2129
16	12	0	0	0	0	99.1059	2130
16	12	0	0	0	0	98.8191	2131
17	13	0	0	0	0	97.1927	2132
17	13	0	0	0	0	105.071	2133
17	14	0	0	0	0	102.709	2134
17	14	0	0	0	0	100.337	2135
17	14	0	0	0	0	96.3831	2136
17	14	0	0	0	0	86.4301	2137
16	15	0	0	0	0	91.006	2138
16	15	0	0	0	0	94.3095	2139
16	15	0	0	0	0	95.143	2140
13	15	0	0	0	0	94.8572	2141
13	15	0	0	0	0	89.6938	2142
13	15	0	0	0	0	91.7954	2143
12	15	0	0	0	0	82.556	2144
12	15	0	0	0	0	92.281	2145
12	18	0	0	0	0	94.4218	2146
12	18	0	0	0	0	103.263	2147
12	19	0	0	0	0	99.1289	2148
12	19	0	0	0	0	101.901	2149
12	19	0	0	0	0	102.007	2150
12	19	0	0	0	0	100.394	2151
10	19	0	0	0	0	101.138	2152
10	19	0	0	0	0	93.9717	2153
10	19	0	0	0	0	96.15	2154
10	19	0	0	0	0	99.4694	2155
10	19	0	0	0	0	101.452	2156
10	19	0	0	0	0	101.893	2157
12	19	0	0	0	0	92.069	2158
12	19	0	0	0	0	99.6603	2159
12	19	0	0	0	0	113.43	2160
12	20	0	0	0	0	109.21	2161
12	20	0	0	0	0	102.182	2162
12	20	0	0	0	0	111.41	2163
12	20	0	0	0	0	100.554	2164
12	19	0	0	0	0	103.642	2165
12	19	0	0	0	0	103.127	2166
12	19	0	0	0	0	100.925	2167
12	19	0	0	0	0	101.241	2168
12	21	0	0	0	0	99.499	2169
13	21	0	0	0	0	96.7057	2170
12	21	0	0	0	0	92.0995	2171
11	20	0	0	0	0	91.106	2172
11	20	0	0	0	0	105.153	2173
12	20	0	0	0	0	98.8341	2174
12	20	0	0	0	0	116.264	2175
12	20	0	0	0	0	99.4102	2176
12	20	0	0	0	0	98.249	2177
11	20	0	0	0	0	99.2037	2178
11	19	0	0	0	0	106.257	2179
11	19	0	0	0	0	99.7695	2180
10	19	0	0	0	0	84.7677	2181
10	20	0	0	0	0	91.8136	2182
10	19	0	0	0	0	95.7681	2183
10	19	0	0	0	0	86.8203	2184
10	19	0	0	0	0	100.931	2185
10	19	0	0	0	0	98.347	2186
10	19	0	0	0	0	97.7109	2187
10	20	0	0	0	0	92.2102	2188
10	21	0	0	0	0	97.0065	2189
10	21	0	0	0	0	96.9165	2190
9	21	0	0	0	0	85.0088	2191
9	23	0	0	0	0	77.7379	2192
9	22	0	0	0	0	89.3334	2193
9	19	0	0	0	0	91.2589	2194
10	19	0	0	0	0	92.1309	2195
10	19	0	0	0	0	96.0526	2196
10	18	0	0	0	0	95.6932	2197
10	18	0	0	0	0	84.7232	2198
10	18	0	0	0	0	89.6649	2199
11	18	0	0	0	0	88.1985	2200
11	17	0	0	0	0	89.9385	2201
11	16	0	0	0	0	96.3175	2202
11	16	0	0	0	0	94.7804	2203
11	16	0	0	0	0	94.3386	2204
11	16	0	0	0	0	78.3559	2205
11	16	0	0	0	0	88.7499	2206
11	16	0	0	0	0	98.0363	2207
11	16	0	0	0	0	95.4894	2208
11	17	0	0	0	0	94.1371	2209
11	17	0	0	0	0	90.8786	2210
12	17	0	0	0	0	101.592	2211
12	17	0	0	0	0	88.1847	2212
12	17	0	0	0	0	91.1758	2213
12	16	0	0	0	0	87.0705	2214
12	15	0	0	0	0	90.5331	2215
11	15	0	0	0	0	86.2899	2216
11	15	0	0	0	0	81.2417	2217
11	15	0	0	0	0	89.3118	2218
11	15	0	0	0	0	88.5654	2219
11	15	0	0	0	0	88.3383	2220
11	15	0	0	0	0	91.8693	2221
11	15	0	0	0	0	95.2742	2222
11	15	0	0	0	0	87.2537	2223
11	15	0	0	0	0	92.1152	2224
11	15	0	0	0	0	91.209	2225
11	15	0	0	0	0	85.79	2226
11	15	0	0	0	0	65.4597	2227
11	16	0	0	0	0	82.6494	2228
12	16	0	0	0	0	84.3471	2229
11	16	0	0	0	0	95.9204	2230
11	16	0	0	0	0	86.9357	2231
11	16	0	0	0	0	90.4209	2232
11	16	0	0	0	0	90.2715	2233
11	15	0	0	0	0	89.7994	2234
11	15	0	0	0	0	92.0361	2235
11	15	0	0	0	0	88.5869	2236
12	15	0	0	0	0	83.7047	2237
12	15	0	0	0	0	79.0521	2238
11	15	0	0	0	0	92.0991	2239
11	15	0	0	0	0	89.2445	2240
11	15	0	0	0	0	85.5686	2241
11	14	0	0	0	0	80.8651	2242
11	14	0	0	0	0	92.4025	2243
11	14	0	0	0	0	80.4486	2244
11	14	0	0	0	0	83.5775	2245
11	14	0	0	0	0	79.0863	2246
11	14	0	0	0	0	82.7345	2247
12	14	0	0	0	0	84.52	2248
13	14	0	0	0	0	75.3174	2249
13	14	0	0	0	0	81.2429	2250
13	14	0	0	0	0	82.0857	2251
14	14	0	0	0	0	83.3229	2252
14	13	0	0	0	0	82.1091	2253
15	13	0	0	0	0	77.5257	2254
15	13	0	0	0	0	80.5132	2255
15	13	0	0	0	0	95.821	2256
15	13	0	0	0	0	92.4869	2257
15	14	0	0	0	0	91.3796	2258
15	14	0	0	0	0	97.749	2259
15	14	0	0	0	0	92.2691	2260
15	14	0	0	0	0	92.3246	2261
14	14	0	0	0	0	101.151	2262
14	15	0	0	0	0	88.6649	2263
13	15	0	0	0	0	95.7902	2264
13	15	0	0	0	0	95.8708	2265
13	16	0	0	0	0	87.5115	2266
13	16	0	0	0	0	87.7241	2267
13	16	0	0	0	0	84.567	2268
13	16	0	0	0	0	80.8726	2269
13	15	0	0	0	0	84.9985	2270
13	16	0	0	0	0	89.3374	2271
13	16	0	0	0	0	85.5686	2272
12	16	0	0	0	0	81.2862	2273
11	17	0	0	0	0	92.1644	2274
11	17	0	0	0	0	91.725	2275
11	17	0	0	0	0	92.0018	2276
10	17	0	0	0	0	88.2393	2277
10	17	0	0	0	0	89.1736	2278
10	16	0	0	0	0	78.5996	2279
10	16	0	0	0	0	83.4315	2280
10	16	0	0	0	0	82.5221	2281
9	16	0	0	0	0	86.5101	2282
9	16	0	0	0	0	79.2161	2283
9	16	0	0	0	0	84.5	2284
9	16	0	0	0	0	84.0106	2285
9	16	0	0	0	0	83.0843	2286
9	16	0	0	0	0	73.2055	2287
9	15	0	0	0	0	72.18	2288
10	14	0	0	0	0	71.6483	2289
11	13	0	0	0	0	78.6132	2290
11	13	0	0	0	0	80.8771	2291
11	12	0	0	0	0	76.3659	2292
11	12	0	0	0	0	76.8095	2293
11	12	0	0	0	0	76.0396	2294
11	12	0	0	0	0	72.3755	2295
11	11	0	0	0	0	54.2731	2296
11	12	0	0	0	0	75.885	2297
11	11	0	0	0	0	71.5134	2298
11	13	0	0	0	0	74.7488	2299
11	13	0	0	0	0	77.9618	2300
11	13	0	0	0	0	73.6555	2301
11	13	0	0	0	0	79.5453	2302
11	13	0	0	0	0	80.0316	2303
11	13	0	0	0	0	79.0476	2304
11	13	0	0	0	0	81.5869	2305
10	13	0	0	0	0	80.4843	2306
10	13	0	0	0	0	80.8802	2307
11	13	0	0	0	0	74.0152	2308
11	13	0	0	0	0	72.8441	2309
11	13	0	0	0	0	84.1896	2310
11	13	0	0	0	0	82.0866	2311
11	13	0	0	0	0	84.7492	2312
11	13	0	0	0	0	84.6917	2313
11	13	0	0	0	0	82.4065	2314
11	13	0	0	0	0	82.2644	2315
11	13	0	0	0	0	87.4622	2316
11	13	0	0	0	0	84.2491	2317
12	13	0	0	0	0	76.3554	2318
12	13	0	0	0	0	76.2981	2319
12	13	0	0	0	0	84.8841	2320
12	13	0	0	0	0	88.3206	2321
12	13	0	0	0	0	92.4255	2322
12	13	0	0	0	0	79.998	2323
12	13	0	0	0	0	86.9966	2324
12	13	0	0	0	0	86.8808	2325
12	13	0	0	0	0	82.6582	2326
13	13	0	0	0	0	84.5244	2327
13	13	0	0	0	0	80.5483	2328
13	13	0	0	0	0	82.7626	2329
13	12	0	0	0	0	88.411	2330
14	12	0	0	0	0	84.5947	2331
14	11	0	0	0	0	84.5832	2332
14	11	0	0	0	0	75.5565	2333
14	12	0	0	0	0	86.7742	2334
14	13	0	0	0	0	85.0037	2335
14	13	0	0	0	0	86.4925	2336
14	13	0	0	0	0	83.3744	2337
14	13	0	0	0	0	87.2998	2338
14	12	0	0	0	0	90.921	2339
14	13	0	0	0	0	87.2588	2340
16	13	0	0	0	0	90.1189	2341
16	12	0	0	0	0	95.342	2342
16	12	0	0	0	0	91.9783	2343
16	13	0	0	0	0	92.0358	2344
15	14	0	0	0	0	93.9214	2345
15	14	0	0	0	0	101.188	2346
15	14	0	0	0	0	101.917	2347
15	14	0	0	0	0	103.67	2348
15	14	0	0	0	0	93.3041	2349
15	14	0	0	0	0	99.4264	2350
15	14	0	0	0	0	98.2988	2351
15	14	0	0	0	0	93.1854	2352
15	14	0	0	0	0	91.1092	2353
14	14	0	0	0	0	98.6329	2354
14	14	0	0	0	0	98.3728	2355
14	14	0	0	0	0	91.1326	2356
14	14	0	0	0	0	89.4936	2357
14	14	0	0	0	0	99.0517	2358
14	14	0	0	0	0	98.9736	2359
14	14	0	0	0	0	95.5247	2360
14	14	0	0	0	0	97.8499	2361
14	13	0	0	0	0	95.0834	2362
14	13	0	0	0	0	96.2565	2363
14	13	0	0	0	0	90.1252	2364
14	13	0	0	0	0	87.9225	2365
15	13	0	0	0	0	96.0994	2366
15	14	0	0	0	0	104.392	2367
15	14	0	0	0	0	100.624	2368
15	14	0	0	0	0	101.993	2369
15	14	0	0	0	0	108.261	2370
15	14	0	0	0	0	103.567	2371
17	14	0	0	0	0	103.67	2372
17	14	0	0	0	0	103.12	2373
17	14	0	0	0	0	104.406	2374
18	14	0	0	0	0	90.8352	2375
17	14	0	0	0	0	82.1904	2376
17	14	0	0	0	0	110.356	2377
17	13	0	0	0	0	106.845	2378
17	13	0	0	0	0	107.755	2379
17	13	0	0	0	0	105.624	2380
17	13	0	0	0	0	90.585	2381
18	13	0	0	0	0	104.781	2382
18	12	0	0	0	0	96.1001	2383
18	12	0	0	0	0	101.758	2384
18	12	0	0	0	0	100.553	2385
18	12	0	0	0	0	101.081	2386
17	12	0	0	0	0	96.3968	2387
17	12	0	0	0	0	106.292	2388
17	12	0	0	0	0	95.9873	2389
17	12	0	0	0	0	97.665	2390
17	12	0	0	0	0	103.278	2391
17	12	0	0	0	0	103.382	2392
17	12	0	0	0	0	100.156	2393
18	13	0	0	0	0	103.537	2394
18	13	0	0	0	0	110.487	2395
19	13	0	0	0	0	96.5959	2396
19	13	0	0	0	0	100.655	2397
19	13	0	0	0	0	95.5992	2398
18	13	0	0	0	0	96.794	2399
18	13	0	0	0	0	106.335	2400
18	13	0	0	0	0	100.837	2401
18	12	0	0	0	0	102.182	2402
18	12	0	0	0	0	93.3787	2403
16	12	0	0	0	0	80.4682	2404
16	11	0	0	0	0	87.818	2405
17	11	0	0	0	0	91.1024	2406
17	11	0	0	0	0	95.1379	2407
17	10	0	0	0	0	70.1873	2408
16	10	0	0	0	0	81.001	2409
16	10	0	0	0	0	84.2764	2410
17	10	0	0	0	0	84.6928	2411
17	9	0	0	0	0	83.4184	2412
17	10	0	0	0	0	84.9559	2413
17	10	0	0	0	0	88.0686	2414
16	10	0	0	0	0	81.444	2415
16	9	0	0	0	0	86.773	2416
16	9	0	0	0	0	77.3992	2417
16	9	0	0	0	0	80.917	2418
16	9	0	0	0	0	86.6253	2419
16	9	0	0	0	0	85.7173	2420
16	9	0	0	0	0	86.329	2421
16	9	0	0	0	0	80.1863	2422
16	9	0	0	0	0	86.3681	2423
16	9	0	0	0	0	84.9962	2424
17	9	0	0	0	0	86.2686	2425
17	9	0	0	0	0	88.1386	2426
17	10	0	0	0	0	88.1397	2427
17	10	0	0	0	0	87.3471	2428
17	10	0	0	0	0	86.832	2429
17	10	0	0	0	0	78.4159	2430
15	11	0	0	0	0	79.1489	2431
14	11	0	0	0	0	87.1292	2432
15	11	0	0	0	0	81.7178	2433
16	11	0	0	0	0	87.9137	2434
16	11	0	0	0	0	86.7806	2435
17	11	0	0	0	0	90.7766	2436
17	11	0	0	0	0	94.9882	2437
17	11	0	0	0	0	89.2632	2438
17	11	0	0	0	0	94.1809	2439
16	11	0	0	0	0	95.5902	2440
16	11	0	0	0	0	88.0748	2441
16	11	0	0	0	0	96.1095	2442
16	11	0	0	0	0	94.8805	2443
16	11	0	0	0	0	90.167	2444
16	11	0	0	0	0	96.4597	2445
16	11	0	0	0	0	96.4048	2446
17	11	0	0	0	0	80.6498	2447
17	11	0	0	0	0	74.4848	2448
17	9	0	0	0	0	78.2409	2449
17	8	0	0	0	0	81.9695	2450
17	8	0	0	0	0	91.4675	2451
17	9	0	0	0	0	87.1111	2452
17	9	0	0	0	0	94.3572	2453
17	9	0	0	0	0	92.0938	2454
17	9	0	0	0	0	88.776	2455
17	9	0	0	0	0	86.236	2456
17	9	0	0	0	0	85.7962	2457
17	9	0	0	0	0	88.4305	2458
16	8	0	0	0	0	84.1304	2459
16	8	0	0	0	0	82.6442	2460
16	8	0	0	0	0	83.6449	2461
16	8	0	0	0	0	83.5373	2462
16	8	0	0	0	0	80.4946	2463
16	8	0	0	0	0	78.8762	2464
16	8	0	0	0	0	81.4684	2465
16	8	0	0	0	0	76.8331	2466
16	8	0	0	0	0	77.5855	2467
15	8	0	0	0	0	73.5681	2468
15	8	0	0	0	0	71.0438	2469
15	7	0	0	0	0	66.7305	2470
15	7	0	0	0	0	58.9349	2471
15	6	0	0	0	0	59.0641	2472
13	5	0	0	0	0	58.9722	2473
12	5	0	0	0	0	55.8514	2474
13	5	0	0	0	0	59.8504	2475
13	5	0	0	0	0	58.9416	2476
13	5	0	0	0	0	51.2609	2477
13	5	0	0	0	0	62.1598	2478
13	5	0	0	0	0	53.1704	2479
13	5	0	0	0	0	42.8067	2480
12	5	0	0	0	0	57.8307	2481
12	5	0	0	0	0	57.8102	2482
12	5	0	0	0	0	49.6028	2483
12	5	0	0	0	0	58.2254	2484
12	5	0	0	0	0	57.4448	2485
12	5	0	0	0	0	59.8644	2486
12	5	0	0	0	0	59.3235	2487
12	5	0	0	0	0	58.042	2488
12	5	0	0	0	0	48.4266	2489
12	5	0	0	0	0	60.8434	2490
12	5	0	0	0	0	53.0884	2491
12	5	0	0	0	0	50.473	2492
12	5	0	0	0	0	57.876	2493
12	5	0	0	0	0	60.2589	2494
12	5	0	0	0	0	55.5253	2495
12	5	0	0	0	0	58.2254	2496
12	5	0	0	0	0	54.5481	2497
12	5	0	0	0	0	48.9737	2498
12	5	0	0	0	0	55.5305	2499
12	4	0	0	0	0	52.8542	2500
13	4	0	0	0	0	53.853	2501
13	4	0	0	0	0	50.2097	2502
13	4	0	0	0	0	53.186	2503
13	3	0	0	0	0	54.2776	2504
13	3	0	0	0	0	56.5945	2505
14	3	0	0	0	0	52.9684	2506
14	3	0	0	0	0	58.8795	2507
14	3	0	0	0	0	50.3573	2508
14	3	0	0	0	0	58.1455	2509
14	3	0	0	0	0	50.9315	2510
14	3	0	0	0	0	57.4851	2511
14	3	0	0	0	0	53.8667	2512
14	3	0	0	0	0	56.4251	2513
14	4	0	0	0	0	55.3766	2514
14	4	0	0	0	0	57.4485	2515
14	4	0	0	0	0	56.0923	2516
14	5	0	0	0	0	58.9417	2517
14	5	0	0	0	0	57.1272	2518
14	5	0	0	0	0	50.7145	2519
14	5	0	0	0	0	54.8045	2520
14	5	0	0	0	0	55.4683	2521
13	6	0	0	0	0	57.8527	2522
14	6	0	0	0	0	58.0302	2523
14	6	0	0	0	0	57.8532	2524
13	6	0	0	0	0	57.185	2525
13	6	0	0	0	0	53.6633	2526
13	6	0	0	0	0	64.528	2527
12	6	0	0	0	0	58.8283	2528
12	7	0	0	0	0	61.4192	2529
12	7	0	0	0	0	68.2089	2530
12	9	0	0	0	0	60.0224	2531
12	9	0	0	0	0	55.4297	2532
12	9	0	0	0	0	64.3171	2533
12	9	0	0	0	0	72.1109	2534
12	9	0	0	0	0	76.5513	2535
12	9	0	0	0	0	74.5723	2536
12	9	0	0	0	0	76.4041	2537
12	9	0	0	0	0	73.0919	2538
12	9	0	0	0	0	75.8375	2539
12	9	0	0	0	0	65.3167	2540
12	9	0	0	0	0	75.7455	2541
12	9	0	0	0	0	61.7509	2542
12	9	0	0	0	0	68.0997	2543
11	9	0	0	0	0	63.0211	2544
11	9	0	0	0	0	65.5854	2545
10	9	0	0	0	0	65.2046	2546
10	9	0	0	0	0	68.6023	2547
10	9	0	0	0	0	64.5056	2548
10	9	0	0	0	0	56.4529	2549
10	9	0	0	0	0	67.8524	2550
10	9	0	0	0	0	62.8858	2551
10	9	0	0	0	0	59.143	2552
10	9	0	0	0	0	67.6753	2553
10	9	0	0	0	0	48.8911	2554
10	9	0	0	0	0	54.2634	2555
7	9	0	0	0	0	53.0136	2556
8	9	0	0	0	0	54.0362	2557
8	9	0	0	0	0	54.0926	2558
8	9	0	0	0	0	47.0285	2559
8	9	0	0	0	0	52.71	2560
8	9	0	0	0	0	58.1078	2561
8	9	0	0	0	0	53.304	2562
8	9	0	0	0	0	53.2235	2563
8	9	0	0	0	0	51.8057	2564
9	9	0	0	0	0	50.5939	2565
9	9	0	0	0	0	54.2331	2566
9	8	0	0	0	0	44.1421	2567
10	11	0	0	0	0	49.2581	2568
10	11	0	0	0	0	58.5308	2569
10	11	0	0	0	0	68.2938	2570
10	13	0	0	0	0	69.3835	2571
10	13	0	0	0	0	76.0952	2572
10	13	0	0	0	0	58.0302	2573
10	13	0	0	0	0	56.2786	2574
8	13	0	0	0	0	51.4631	2575
9	14	0	0	0	0	57.8513	2576
7	13	0	0	0	0	58.2855	2577
8	13	0	0	0	0	57.9879	2578
8	13	0	0	0	0	57.876	2579
8	14	0	0	0	0	60.4961	2580
8	13	0	0	0	0	57.2565	2581
8	13	0	0	0	0	54.2923	2582
7	13	0	0	0	0	61.5196	2583
7	13	0	0	0	0	66.6665	2584
7	13	0	0	0	0	68.9175	2585
7	13	0	0	0	0	69.2479	2586
7	13	0	0	0	0	65.3947	2587
7	13	0	0	0	0	65.4821	2588
7	13	0	0	0	0	69.4507	2589
7	13	0	0	0	0	69.2855	2590
7	13	0	0	0	0	69.6186	2591
7	13	0	0	0	0	57.2551	2592
7	13	0	0	0	0	66.5074	2593
7	13	0	0	0	0	65.2435	2594
7	13	0	0	0	0	64.3025	2595
7	13	0	0	0	0	62.817	2596
7	13	0	0	0	0	60.8954	2597
7	12	0	0	0	0	68.6259	2598
7	12	0	0	0	0	58.0239	2599
7	12	0	0	0	0	68.068	2600
7	12	0	0	0	0	65.6388	2601
7	12	0	0	0	0	64.2819	2602
7	12	0	0	0	0	65.3936	2603
7	12	0	0	0	0	67.3268	2604
7	12	0	0	0	0	58.9376	2605
7	12	0	0	0	0	61.9795	2606
7	13	0	0	0	0	62.4518	2607
7	14	0	0	0	0	68.0341	2608
7	14	0	0	0	0	67.9389	2609
7	14	0	0	0	0	62.5465	2610
7	14	0	0	0	0	62.7738	2611
7	15	0	0	0	0	57.0325	2612
7	16	0	0	0	0	73.0871	2613
7	16	0	0	0	0	74.6473	2614
8	16	0	0	0	0	78.2683	2615
8	16	0	0	0	0	76.6538	2616
8	16	0	0	0	0	79.287	2617
8	16	0	0	0	0	85.5572	2618
8	16	0	0	0	0	68.6514	2619
9	16	0	0	0	0	74.3192	2620
8	16	0	0	0	0	73.2861	2621
7	16	0	0	0	0	75.1123	2622
7	16	0	0	0	0	74.56	2623
7	16	0	0	0	0	78.1796	2624
7	16	0	0	0	0	72.9456	2625
7	16	0	0	0	0	78.7552	2626
7	16	0	0	0	0	79.8981	2627
7	16	0	0	0	0	76.2299	2628
7	16	0	0	0	0	81.5649	2629
7	16	0	0	0	0	80.9151	2630
7	16	0	0	0	0	78.4927	2631
7	17	0	0	0	0	75.7905	2632
7	17	0	0	0	0	75.5485	2633
7	17	0	0	0	0	78.9182	2634
7	17	0	0	0	0	83.1631	2635
7	17	0	0	0	0	79.9179	2636
7	17	0	0	0	0	80.8208	2637
7	17	0	0	0	0	80.3753	2638
7	17	0	0	0	0	79.9813	2639
7	17	0	0	0	0	84.4209	2640
7	17	0	0	0	0	69.9904	2641
7	17	0	0	0	0	81.5666	2642
7	17	0	0	0	0	71.8461	2643
7	17	0	0	0	0	69.2464	2644
7	17	0	0	0	0	69.1461	2645
7	17	0	0	0	0	70.6757	2646
7	17	0	0	0	0	72.7442	2647
7	16	0	0	0	0	70.2198	2648
6	16	0	0	0	0	77.2437	2649
6	16	0	0	0	0	75.98	2650
5	16	0	0	0	0	67.1522	2651
6	16	0	0	0	0	74.055	2652
6	17	0	0	0	0	71.6627	2653
6	17	0	0	0	0	64.5334	2654
6	17	0	0	0	0	78.4192	2655
6	17	0	0	0	0	79.9017	2656
7	17	0	0	0	0	75.0026	2657
7	17	0	0	0	0	72.3361	2658
7	17	0	0	0	0	85.8455	2659
8	17	0	0	0	0	66.4312	2660
8	16	0	0	0	0	77.9847	2661
8	16	0	0	0	0	78.0537	2662
8	16	0	0	0	0	84.3312	2663
9	16	0	0	0	0	78.4443	2664
9	16	0	0	0	0	72.4581	2665
9	16	0	0	0	0	80.5604	2666
9	15	0	0	0	0	74.6094	2667
9	15	0	0	0	0	79.7319	2668
9	15	0	0	0	0	77.4647	2669
9	15	0	0	0	0	73.1955	2670
9	15	0	0	0	0	73.2274	2671
9	14	0	0	0	0	74.1181	2672
9	14	0	0	0	0	71.0573	2673
9	14	0	0	0	0	76.8525	2674
9	14	0	0	0	0	75.0473	2675
9	14	0	0	0	0	83.8281	2676
9	14	0	0	0	0	75.0625	2677
9	13	0	0	0	0	66.0508	2678
9	12	0	0	0	0	72.9202	2679
9	13	0	0	0	0	68.3751	2680
9	12	0	0	0	0	60.2951	2681
9	12	0	0	0	0	71.6546	2682
9	12	0	0	0	0	67.2128	2683
9	12	0	0	0	0	67.7834	2684
9	11	0	0	0	0	68.2367	2685
9	10	0	0	0	0	61.6892	2686
9	12	0	0	0	0	52.8653	2687
9	12	0	0	0	0	76.6794	2688
9	12	0	0	0	0	69.5843	2689
9	12	0	0	0	0	62.5722	2690
10	12	0	0	0	0	67.37	2691
10	12	0	0	0	0	63.6697	2692
10	12	0	0	0	0	70.1443	2693
10	12	0	0	0	0	71.7153	2694
10	12	0	0	0	0	63.0605	2695
8	12	0	0	0	0	58.8823	2696
8	12	0	0	0	0	72.2751	2697
8	12	0	0	0	0	63.7441	2698
8	12	0	0	0	0	55.8999	2699
8	12	0	0	0	0	65.327	2700
8	12	0	0	0	0	64.3169	2701
8	12	0	0	0	0	69.4016	2702
8	13	0	0	0	0	65.5298	2703
8	13	0	0	0	0	70.7291	2704
8	13	0	0	0	0	71.7198	2705
8	13	0	0	0	0	54.5658	2706
8	13	0	0	0	0	60.7237	2707
6	12	0	0	0	0	60.1134	2708
6	12	0	0	0	0	57.14	2709
6	12	0	0	0	0	59.1675	2710
6	12	0	0	0	0	51.2903	2711
7	12	0	0	0	0	63.2046	2712
7	12	0	0	0	0	58.0352	2713
7	12	0	0	0	0	55.8776	2714
7	12	0	0	0	0	59.0125	2715
7	12	0	0	0	0	65.3303	2716
7	12	0	0	0	0	57.3213	2717
7	11	0	0	0	0	53.4228	2718
7	11	0	0	0	0	49.2952	2719
7	11	0	0	0	0	50.3921	2720
8	8	0	0	0	0	45.6777	2721
7	8	0	0	0	0	44.6552	2722
7	9	0	0	0	0	49.2533	2723
7	9	0	0	0	0	56.5546	2724
7	9	0	0	0	0	53.6798	2725
7	9	0	0	0	0	50.9483	2726
7	9	0	0	0	0	54.1103	2727
7	9	0	0	0	0	55.3804	2728
7	9	0	0	0	0	53.9182	2729
7	9	0	0	0	0	50.3159	2730
7	9	0	0	0	0	48.7985	2731
9	9	0	0	0	0	53.8164	2732
9	9	0	0	0	0	53.5938	2733
9	9	0	0	0	0	60.4814	2734
9	9	0	0	0	0	63.4988	2735
9	9	0	0	0	0	60.3095	2736
9	9	0	0	0	0	57.2962	2737
9	9	0	0	0	0	57.1776	2738
9	9	0	0	0	0	59.1399	2739
9	9	0	0	0	0	60.7804	2740
9	10	0	0	0	0	58.8156	2741
9	10	0	0	0	0	65.5197	2742
9	10	0	0	0	0	63.9457	2743
9	10	0	0	0	0	59.8638	2744
9	12	0	0	0	0	62.2176	2745
9	12	0	0	0	0	72.0678	2746
9	12	0	0	0	0	63.3124	2747
9	12	0	0	0	0	70.2675	2748
9	12	0	0	0	0	72.3776	2749
9	12	0	0	0	0	69.2693	2750
9	12	0	0	0	0	70.9905	2751
9	12	0	0	0	0	75.8791	2752
9	12	0	0	0	0	48.0892	2753
9	12	0	0	0	0	75.9505	2754
9	12	0	0	0	0	73.0364	2755
10	12	0	0	0	0	72.7319	2756
10	11	0	0	0	0	58.7293	2757
10	10	0	0	0	0	61.9972	2758
12	10	0	0	0	0	67.3812	2759
12	10	0	0	0	0	62.5882	2760
12	10	0	0	0	0	63.921	2761
12	10	0	0	0	0	72.3099	2762
12	10	0	0	0	0	59.9332	2763
12	11	0	0	0	0	59.665	2764
9	11	0	0	0	0	64.6029	2765
9	11	0	0	0	0	63.2926	2766
9	11	0	0	0	0	66.1408	2767
9	10	0	0	0	0	65.5674	2768
9	10	0	0	0	0	61.3284	2769
9	10	0	0	0	0	61.5629	2770
9	10	0	0	0	0	60.5485	2771
9	10	0	0	0	0	61.8047	2772
9	10	0	0	0	0	61.3428	2773
9	9	0	0	0	0	53.9295	2774
9	9	0	0	0	0	63.3042	2775
9	9	0	0	0	0	58.6266	2776
9	9	0	0	0	0	57.0554	2777
9	9	0	0	0	0	62.4823	2778
9	9	0	0	0	0	61.7848	2779
9	9	0	0	0	0	53.0733	2780
10	9	0	0	0	0	58.6775	2781
10	9	0	0	0	0	55.3368	2782
10	9	0	0	0	0	51.4109	2783
10	9	0	0	0	0	59.273	2784
10	8	0	0	0	0	57.9157	2785
10	7	0	0	0	0	53.8562	2786
10	7	0	0	0	0	52.9016	2787
9	6	0	0	0	0	46.0215	2788
9	6	0	0	0	0	41.3245	2789
10	6	0	0	0	0	52.6333	2790
10	6	0	0	0	0	56.9328	2791
11	6	0	0	0	0	47.0767	2792
11	6	0	0	0	0	52.4217	2793
12	6	0	0	0	0	48.0653	2794
12	6	0	0	0	0	56.9545	2795
12	6	0	0	0	0	60.5455	2796
12	6	0	0	0	0	57.0593	2797
12	6	0	0	0	0	55.9929	2798
10	6	0	0	0	0	48.5346	2799
10	6	0	0	0	0	45.3456	2800
10	6	0	0	0	0	49.0923	2801
11	6	0	0	0	0	56.3469	2802
11	6	0	0	0	0	52.5865	2803
11	6	0	0	0	0	55.0114	2804
11	6	0	0	0	0	52.6601	2805
11	6	0	0	0	0	51.6384	2806
11	6	0	0	0	0	58.3935	2807
12	6	0	0	0	0	54.5487	2808
12	6	0	0	0	0	53.6061	2809
12	6	0	0	0	0	44.8554	2810
12	6	0	0	0	0	61.0816	2811
12	6	0	0	0	0	54.4854	2812
12	6	0	0	0	0	57.0063	2813
12	7	0	0	0	0	49.8153	2814
12	6	0	0	0	0	52.0796	2815
12	6	0	0	0	0	63.093	2816
12	6	0	0	0	0	53.4947	2817
12	6	0	0	0	0	59.7609	2818
12	6	0	0	0	0	61.248	2819
12	6	0	0	0	0	54.7781	2820
12	6	0	0	0	0	59.703	2821
12	6	0	0	0	0	58.7724	2822
12	6	0	0	0	0	60.7721	2823
12	6	0	0	0	0	56.4354	2824
12	6	0	0	0	0	58.2883	2825
12	6	0	0	0	0	61.8245	2826
12	6	0	0	0	0	56.7478	2827
12	6	0	0	0	0	47.2894	2828
12	6	0	0	0	0	59.9536	2829
12	6	0	0	0	0	57.1104	2830
12	6	0	0	0	0	56.0913	2831
12	6	0	0	0	0	54.8939	2832
12	6	0	0	0	0	55.3357	2833
12	6	0	0	0	0	48.3544	2834
14	6	0	0	0	0	48.9149	2835
14	6	0	0	0	0	43.3201	2836
13	5	0	0	0	0	46.5993	2837
13	5	0	0	0	0	54.6239	2838
13	4	0	0	0	0	51.7075	2839
13	4	0	0	0	0	55.4285	2840
14	5	0	0	0	0	45.1201	2841
14	5	0	0	0	0	50.7021	2842
14	5	0	0	0	0	52.1573	2843
15	5	0	0	0	0	52.7433	2844
15	4	0	0	0	0	61.1614	2845
15	4	0	0	0	0	62.8658	2846
15	4	0	0	0	0	58.7924	2847
15	4	0	0	0	0	63.3417	2848
15	4	0	0	0	0	65.5283	2849
15	4	0	0	0	0	67.0447	2850
15	4	0	0	0	0	63.4896	2851
15	4	0	0	0	0	64.2052	2852
15	4	0	0	0	0	62.8503	2853
15	4	0	0	0	0	58.5631	2854
15	4	0	0	0	0	65.6254	2855
15	4	0	0	0	0	63.0595	2856
15	4	0	0	0	0	62.2561	2857
15	4	0	0	0	0	54.5338	2858
15	4	0	0	0	0	61.3176	2859
15	4	0	0	0	0	62.8065	2860
15	4	0	0	0	0	55.0585	2861
14	5	0	0	0	0	60.7251	2862
15	5	0	0	0	0	60.4807	2863
15	6	0	0	0	0	53.0506	2864
15	6	0	0	0	0	68.9008	2865
16	6	0	0	0	0	75.5379	2866
16	6	0	0	0	0	66.4586	2867
16	6	0	0	0	0	70.377	2868
16	6	0	0	0	0	72.815	2869
16	6	0	0	0	0	76.7754	2870
16	6	0	0	0	0	75.4541	2871
16	6	0	0	0	0	78.1481	2872
16	6	0	0	0	0	72.9751	2873
16	6	0	0	0	0	76.7634	2874
16	6	0	0	0	0	74.6837	2875
16	6	0	0	0	0	72.0779	2876
16	6	0	0	0	0	74.9985	2877
15	6	0	0	0	0	71.917	2878
15	6	0	0	0	0	73.7077	2879
15	6	0	0	0	0	73.0359	2880
15	6	0	0	0	0	68.9254	2881
15	6	0	0	0	0	68.6397	2882
15	6	0	0	0	0	69.2464	2883
16	5	0	0	0	0	63.1249	2884
16	5	0	0	0	0	62.9421	2885
16	5	0	0	0	0	66.3477	2886
16	5	0	0	0	0	67.7529	2887
16	5	0	0	0	0	67.4798	2888
16	5	0	0	0	0	68.7218	2889
16	5	0	0	0	0	73.3962	2890
16	7	0	0	0	0	69.2748	2891
15	7	0	0	0	0	74.0407	2892
15	7	0	0	0	0	72.2343	2893
17	7	0	0	0	0	78.7072	2894
17	7	0	0	0	0	67.1587	2895
17	7	0	0	0	0	80.9443	2896
17	7	0	0	0	0	78.2406	2897
17	7	0	0	0	0	77.9619	2898
17	7	0	0	0	0	80.5988	2899
17	8	0	0	0	0	83.8603	2900
17	8	0	0	0	0	86.3188	2901
17	8	0	0	0	0	88.8741	2902
17	8	0	0	0	0	87.6907	2903
17	8	0	0	0	0	85.0837	2904
17	8	0	0	0	0	82.9251	2905
17	8	0	0	0	0	84.4849	2906
17	8	0	0	0	0	80.4326	2907
16	8	0	0	0	0	73.7809	2908
14	8	0	0	0	0	53.9874	2909
15	9	0	0	0	0	57.9132	2910
15	9	0	0	0	0	71.9548	2911
15	9	0	0	0	0	69.1933	2912
15	8	0	0	0	0	68.2882	2913
16	8	0	0	0	0	68.1791	2914
16	8	0	0	0	0	72.453	2915
15	8	0	0	0	0	68.4469	2916
15	8	0	0	0	0	73.1445	2917
15	8	0	0	0	0	68.9928	2918
15	8	0	0	0	0	83.2768	2919
15	8	0	0	0	0	76.9417	2920
15	8	0	0	0	0	62.5613	2921
15	8	0	0	0	0	83.757	2922
15	8	0	0	0	0	79.39	2923
15	8	0	0	0	0	79.2732	2924
15	8	0	0	0	0	73.2291	2925
16	8	0	0	0	0	64.9234	2926
16	6	0	0	0	0	79.0889	2927
16	6	0	0	0	0	71.2416	2928
16	6	0	0	0	0	80.4368	2929
16	6	0	0	0	0	76.4343	2930
16	6	0	0	0	0	78.8402	2931
16	6	0	0	0	0	73.5455	2932
16	7	0	0	0	0	77.2291	2933
16	7	0	0	0	0	73.5373	2934
15	10	0	0	0	0	71.449	2935
16	10	0	0	0	0	75.1418	2936
16	10	0	0	0	0	72.7485	2937
17	10	0	0	0	0	72.2847	2938
17	10	0	0	0	0	73.1389	2939
17	10	0	0	0	0	59.5501	2940
17	10	0	0	0	0	70.688	2941
13	10	0	0	0	0	77.3901	2942
13	10	0	0	0	0	79.0958	2943
12	10	0	0	0	0	74.5801	2944
12	10	0	0	0	0	77.438	2945
12	10	0	0	0	0	74.493	2946
12	10	0	0	0	0	76.9605	2947
12	11	0	0	0	0	78.2037	2948
12	11	0	0	0	0	66.6081	2949
12	11	0	0	0	0	71.7754	2950
12	11	0	0	0	0	79.3153	2951
12	11	0	0	0	0	80.477	2952
12	11	0	0	0	0	74.2232	2953
12	11	0	0	0	0	70.6126	2954
12	11	0	0	0	0	75.9345	2955
12	13	0	0	0	0	69.8158	2956
12	14	0	0	0	0	71.4094	2957
11	14	0	0	0	0	73.167	2958
11	14	0	0	0	0	68.7987	2959
10	14	0	0	0	0	73.4304	2960
10	14	0	0	0	0	82.4538	2961
11	14	0	0	0	0	76.6465	2962
11	14	0	0	0	0	79.4803	2963
11	14	0	0	0	0	80.8299	2964
11	15	0	0	0	0	86.4332	2965
11	15	0	0	0	0	88.5962	2966
11	16	0	0	0	0	82.6324	2967
11	16	0	0	0	0	87.9801	2968
12	16	0	0	0	0	90.7158	2969
12	16	0	0	0	0	93.6441	2970
12	16	0	0	0	0	98.9202	2971
12	16	0	0	0	0	94.0393	2972
12	16	0	0	0	0	87.0024	2973
12	16	0	0	0	0	97.2463	2974
12	16	0	0	0	0	95.4851	2975
13	16	0	0	0	0	99.8809	2976
13	16	0	0	0	0	103.931	2977
13	16	0	0	0	0	94.185	2978
13	16	0	0	0	0	99.8124	2979
13	16	0	0	0	0	91.313	2980
13	15	0	0	0	0	92.279	2981
13	15	0	0	0	0	90.7236	2982
13	15	0	0	0	0	99.1175	2983
13	15	0	0	0	0	83.4388	2984
14	15	0	0	0	0	88.9512	2985
14	15	0	0	0	0	94.9312	2986
14	15	0	0	0	0	92.6964	2987
14	15	0	0	0	0	93.1035	2988
14	15	0	0	0	0	94.0582	2989
15	15	0	0	0	0	92.6104	2990
15	14	0	0	0	0	99.4737	2991
15	14	0	0	0	0	102.867	2992
15	14	0	0	0	0	68.6443	2993
15	14	0	0	0	0	86.0793	2994
15	13	0	0	0	0	93.0563	2995
15	12	0	0	0	0	96.0333	2996
16	12	0	0	0	0	94.6094	2997
16	12	0	0	0	0	100.379	2998
16	12	0	0	0	0	78.2541	2999
16	12	0	0	0	0	95.1975	3000
16	11	0	0	0	0	93.2312	3001
16	12	0	0	0	0	84.7381	3002
17	12	0	0	0	0	67.8032	3003
17	10	0	0	0	0	83.8959	3004
16	10	0	0	0	0	81.1075	3005
17	9	0	0	0	0	78.1846	3006
17	8	0	0	0	0	78.6165	3007
17	9	0	0	0	0	89.1372	3008
17	9	0	0	0	0	85.2919	3009
17	9	0	0	0	0	90.4472	3010
17	9	0	0	0	0	84.2068	3011
19	9	0	0	0	0	83.628	3012
19	9	0	0	0	0	90.6286	3013
19	9	0	0	0	0	91.1099	3014
19	9	0	0	0	0	90.0009	3015
18	8	0	0	0	0	87.6543	3016
18	8	0	0	0	0	91.1665	3017
18	8	0	0	0	0	85.7296	3018
18	8	0	0	0	0	87.5057	3019
18	8	0	0	0	0	81.8502	3020
19	8	0	0	0	0	83.5894	3021
21	8	0	0	0	0	93.8996	3022
21	8	0	0	0	0	99.8625	3023
21	8	0	0	0	0	91.9979	3024
21	8	0	0	0	0	97.8634	3025
21	7	0	0	0	0	99.7122	3026
22	7	0	0	0	0	93.5653	3027
22	7	0	0	0	0	89.6792	3028
22	7	0	0	0	0	95.5747	3029
22	7	0	0	0	0	96.9938	3030
23	7	0	0	0	0	92.3735	3031
23	7	0	0	0	0	97.5177	3032
23	6	0	0	0	0	107.06	3033
23	6	0	0	0	0	92.0358	3034
23	7	0	0	0	0	100.394	3035
23	7	0	0	0	0	87.6435	3036
23	7	0	0	0	0	107.387	3037
23	7	0	0	0	0	107.158	3038
24	7	0	0	0	0	92.8882	3039
24	6	0	0	0	0	89.081	3040
24	5	0	0	0	0	88.164	3041
24	5	0	0	0	0	92.109	3042
24	5	0	0	0	0	69.2467	3043
17	5	0	0	0	0	63.5443	3044
17	5	0	0	0	0	64.9283	3045
17	5	0	0	0	0	77.4538	3046
18	5	0	0	0	0	74.5626	3047
18	5	0	0	0	0	63.5152	3048
18	5	0	0	0	0	73.4316	3049
18	5	0	0	0	0	71.4535	3050
18	6	0	0	0	0	74.4614	3051
18	6	0	0	0	0	79.9363	3052
18	6	0	0	0	0	80.8327	3053
18	6	0	0	0	0	76.9044	3054
18	6	0	0	0	0	73.928	3055
18	7	0	0	0	0	83.5731	3056
18	7	0	0	0	0	72.4882	3057
18	8	0	0	0	0	80.5558	3058
18	8	0	0	0	0	76.2006	3059
18	8	0	0	0	0	85.4807	3060
18	8	0	0	0	0	94.2942	3061
18	8	0	0	0	0	85.5419	3062
18	9	0	0	0	0	90.4521	3063
18	9	0	0	0	0	87.763	3064
18	9	0	0	0	0	89.4854	3065
18	9	0	0	0	0	89.0088	3066
18	9	0	0	0	0	83.119	3067
18	9	0	0	0	0	89.3496	3068
18	9	0	0	0	0	95.5107	3069
18	9	0	0	0	0	89.7679	3070
18	9	0	0	0	0	82.8596	3071
15	9	0	0	0	0	84.1636	3072
15	9	0	0	0	0	67.5488	3073
15	9	0	0	0	0	80.2203	3074
15	9	0	0	0	0	83.0432	3075
15	9	0	0	0	0	85.728	3076
15	9	0	0	0	0	83.8129	3077
15	9	0	0	0	0	82.5216	3078
16	9	0	0	0	0	84.447	3079
16	9	0	0	0	0	86.1049	3080
16	9	0	0	0	0	89.5654	3081
16	9	0	0	0	0	84.2456	3082
16	9	0	0	0	0	66.8691	3083
17	9	0	0	0	0	75.653	3084
17	8	0	0	0	0	67.8635	3085
15	8	0	0	0	0	68.6197	3086
16	8	0	0	0	0	74.0234	3087
16	8	0	0	0	0	59.6741	3088
17	8	0	0	0	0	77.7031	3089
17	8	0	0	0	0	74.2662	3090
17	8	0	0	0	0	80.6355	3091
18	8	0	0	0	0	80.6355	3092
18	8	0	0	0	0	78.0386	3093
18	8	0	0	0	0	88.5757	3094
18	8	0	0	0	0	88.6805	3095
19	8	0	0	0	0	90.581	3096
19	8	0	0	0	0	95.6177	3097
19	8	0	0	0	0	90.2162	3098
19	8	0	0	0	0	88.9641	3099
18	8	0	0	0	0	88.5883	3100
18	8	0	0	0	0	88.8718	3101
18	8	0	0	0	0	89.7026	3102
18	8	0	0	0	0	89.4989	3103
18	8	0	0	0	0	84.6566	3104
18	8	0	0	0	0	89.3584	3105
18	8	0	0	0	0	85.0306	3106
18	7	0	0	0	0	82.5936	3107
18	7	0	0	0	0	86.3959	3108
18	8	0	0	0	0	88.4036	3109
18	8	0	0	0	0	87.4677	3110
18	8	0	0	0	0	87.9046	3111
18	8	0	0	0	0	82.9574	3112
18	8	0	0	0	0	88.9709	3113
18	8	0	0	0	0	90.5771	3114
18	8	0	0	0	0	84.1342	3115
18	8	0	0	0	0	89.1744	3116
18	8	0	0	0	0	87.3626	3117
18	8	0	0	0	0	83.2399	3118
18	8	0	0	0	0	83.1507	3119
18	8	0	0	0	0	89.7978	3120
19	8	0	0	0	0	86.1285	3121
19	8	0	0	0	0	88.1531	3122
19	8	0	0	0	0	83.2268	3123
19	8	0	0	0	0	88.2524	3124
20	8	0	0	0	0	86.7527	3125
19	8	0	0	0	0	78.5287	3126
19	8	0	0	0	0	90.3771	3127
19	8	0	0	0	0	92.9017	3128
19	8	0	0	0	0	93.0096	3129
19	8	0	0	0	0	94.4967	3130
19	8	0	0	0	0	86.3365	3131
21	8	0	0	0	0	99.8021	3132
21	8	0	0	0	0	101.522	3133
21	8	0	0	0	0	99.4158	3134
21	8	0	0	0	0	98.201	3135
21	8	0	0	0	0	86.6801	3136
21	8	0	0	0	0	102.396	3137
21	8	0	0	0	0	101.097	3138
21	8	0	0	0	0	102.097	3139
21	8	0	0	0	0	102.748	3140
20	8	0	0	0	0	83.5915	3141
21	8	0	0	0	0	99.2924	3142
21	8	0	0	0	0	94.3918	3143
21	8	0	0	0	0	99.4618	3144
21	8	0	0	0	0	95.3183	3145
21	8	0	0	0	0	88.3133	3146
17	8	0	0	0	0	86.8821	3147
17	8	0	0	0	0	69.7836	3148
17	8	0	0	0	0	78.7659	3149
17	8	0	0	0	0	77.8658	3150
17	9	0	0	0	0	83.8158	3151
17	8	0	0	0	0	81.7698	3152
18	7	0	0	0	0	71.3645	3153
18	7	0	0	0	0	66.5147	3154
18	7	0	0	0	0	87.7345	3155
18	7	0	0	0	0	79.5316	3156
18	7	0	0	0	0	82.7158	3157
18	6	0	0	0	0	78.3515	3158
18	6	0	0	0	0	76.1471	3159
18	6	0	0	0	0	81.8714	3160
18	6	0	0	0	0	73.1838	3161
16	6	0	0	0	0	70.8905	3162
17	6	0	0	0	0	68.1024	3163
16	6	0	0	0	0	68.7187	3164
16	6	0	0	0	0	76.004	3165
16	5	0	0	0	0	62.855	3166
17	5	0	0	0	0	61.3072	3167
17	5	0	0	0	0	64.1864	3168
17	5	0	0	0	0	64.9496	3169
17	5	0	0	0	0	64.5216	3170
17	5	0	0	0	0	64.3491	3171
15	5	0	0	0	0	61.9409	3172
15	5	0	0	0	0	66.0125	3173
15	5	0	0	0	0	70.469	3174
15	5	0	0	0	0	67.4129	3175
15	5	0	0	0	0	69.4132	3176
15	5	0	0	0	0	69.1659	3177
15	5	0	0	0	0	62.0094	3178
15	5	0	0	0	0	62.7672	3179
15	5	0	0	0	0	65.9149	3180
15	5	0	0	0	0	72.3847	3181
15	5	0	0	0	0	69.273	3182
15	5	0	0	0	0	59.3619	3183
16	5	0	0	0	0	61.9889	3184
16	4	0	0	0	0	57.3542	3185
16	4	0	0	0	0	60.583	3186
16	4	0	0	0	0	61.5924	3187
16	4	0	0	0	0	57.7818	3188
15	4	0	0	0	0	60.9149	3189
15	4	0	0	0	0	58.4647	3190
15	4	0	0	0	0	57.4209	3191
15	4	0	0	0	0	65.7911	3192
15	4	0	0	0	0	65.835	3193
15	4	0	0	0	0	68.2556	3194
15	4	0	0	0	0	60.4712	3195
15	4	0	0	0	0	65.6205	3196
15	4	0	0	0	0	64.4339	3197
15	3	0	0	0	0	60.0153	3198
15	3	0	0	0	0	57.6181	3199
15	3	0	0	0	0	56.7051	3200
15	2	0	0	0	0	55.9274	3201
15	2	0	0	0	0	55.097	3202
16	3	0	0	0	0	58.0385	3203
16	3	0	0	0	0	64.2355	3204
16	3	0	0	0	0	68.5296	3205
16	3	0	0	0	0	68.2909	3206
16	3	0	0	0	0	63.0175	3207
16	3	0	0	0	0	60.7399	3208
16	3	0	0	0	0	65.6296	3209
16	3	0	0	0	0	64.5679	3210
16	3	0	0	0	0	55.2814	3211
16	3	0	0	0	0	63.5447	3212
17	3	0	0	0	0	62.5523	3213
17	4	0	0	0	0	64.076	3214
17	6	0	0	0	0	69.541	3215
17	6	0	0	0	0	69.1343	3216
17	6	0	0	0	0	68.9974	3217
21	7	0	0	0	0	76.9131	3218
21	7	0	0	0	0	95.144	3219
23	7	0	0	0	0	91.5209	3220
24	7	0	0	0	0	92.5682	3221
23	7	0	0	0	0	100.07	3222
24	8	0	0	0	0	100.707	3223
24	8	0	0	0	0	92.214	3224
28	9	0	0	0	0	99.2259	3225
28	9	0	0	0	0	110.525	3226
27	9	0	0	0	0	104.744	3227
31	10	0	0	0	0	117.919	3228
30	10	0	0	0	0	143.422	3229
33	12	0	0	0	0	143.426	3230
33	12	0	0	0	0	143.082	3231
32	13	0	0	0	0	145.166	3232
32	13	0	0	0	0	148.953	3233
30	14	0	0	0	0	140.288	3234
30	14	0	0	0	0	150.041	3235
30	14	0	0	0	0	158.577	3236
30	14	0	0	0	0	145.303	3237
30	15	0	0	0	0	154.04	3238
28	15	0	0	0	0	156.682	3239
28	15	0	0	0	0	135.561	3240
28	15	0	0	0	0	143.408	3241
28	16	0	0	0	0	159.972	3242
28	16	0	0	0	0	147.069	3243
28	16	0	0	0	0	153.148	3244
28	16	0	0	0	0	157.565	3245
28	16	0	0	0	0	142.855	3246
30	16	0	0	0	0	139.758	3247
30	16	0	0	0	0	161.108	3248
30	17	0	0	0	0	143.613	3249
30	17	0	0	0	0	168.018	3250
30	17	0	0	0	0	156.595	3251
30	18	0	0	0	0	156.46	3252
30	18	0	0	0	0	160.857	3253
29	18	0	0	0	0	165.384	3254
29	18	0	0	0	0	171.748	3255
30	18	0	0	0	0	164.288	3256
31	18	0	0	0	0	172.12	3257
2	5	0	0	0	0	19.7706	3258
2	5	0	0	0	0	19.2828	3259
2	5	0	0	0	0	17.6857	3260
2	5	0	0	0	0	19.9958	3261
2	5	0	0	0	0	19.7529	3262
2	5	0	0	0	0	19.8771	3263
2	5	0	0	0	0	19.9737	3264
2	5	0	0	0	0	18.3546	3265
2	8	0	0	0	0	21.2111	3266
2	8	0	0	0	0	30.9537	3267
2	8	0	0	0	0	31.9456	3268
2	8	0	0	0	0	30.9972	3269
2	9	0	0	0	0	29.9777	3270
2	9	0	0	0	0	35.2761	3271
2	9	0	0	0	0	31.9315	3272
2	9	0	0	0	0	29.8329	3273
2	9	0	0	0	0	32.0832	3274
2	10	0	0	0	0	35.2761	3275
2	11	0	0	0	0	38.4138	3276
2	11	0	0	0	0	42.3681	3277
2	11	0	0	0	0	45.0009	3278
2	11	0	0	0	0	42.834	3279
2	12	0	0	0	0	37.1663	3280
