unique_top_cov	unique_bot_cov	redundant_top_cov	redundant_bot_cov	raw_redundant_top_cov	raw_redundant_bot_cov	e_value	position
1	1	0	0	0	0	nan	1
1	1	0	0	0	0	-0.540894	2
1	1	0.333333	0	1	0	-1.98355	3
1	2	0.333333	0	1	0	-1.02455	4
1	2	0.333333	0	1	0	3.29794	5
1	2	0.333333	0	1	0	3.4643	6
1	2	0.333333	0.333333	1	1	3.37071	7
1	2	0.333333	0.333333	1	1	1.10397	8
1	6	0.333333	1	1	3	1.77593	9
3	6	0.333333	1	1	3	3.67694	10
3	7	0.333333	1	1	3	4.10358	11
3	7	0.333333	1	1	3	3.67694	12
3	7	0.333333	1	1	3	27.6102	13
3	7	0.333333	1	1	3	29.3785	14
3	7	0.333333	1	1	3	29.0949	15
3	7	0.333333	1	1	3	25.8544	16
5	7	0.333333	1	1	3	30.1045	17
5	7	0.333333	1	1	3	35.3019	18
5	7	0.333333	1	1	3	33.449	19
5	7	0.666667	1.33333	2	4	37.0554	20
5	8	0.666667	1.66667	2	5	34.7178	21
6	8	0.666667	1.66667	2	5	39.6096	22
6	8	0.666667	1.66667	2	5	40.1128	23
6	8	0.666667	1.66667	2	5	38.3554	24
6	8	0.666667	1.66667	2	5	42.7884	25
6	8	0.666667	1.66667	2	5	42.6543	26
6	8	0.666667	1.66667	2	5	44.845	27
6	8	0.666667	1.66667	2	5	43.8963	28
6	8	0.666667	1.66667	2	5	44.4989	29
6	8	0.666667	1.66667	2	5	40.7468	30
6	8	0.666667	1.66667	2	5	43.6966	31
6	8	0.666667	1.66667	2	5	39.8706	32
7	8	0.666667	1.66667	2	5	41.8869	33
7	8	0.666667	1.66667	2	5	44.8689	34
7	8	0.666667	1.66667	2	5	37.8378	35
7	8	0.666667	1.66667	2	5	38.874	36
8	8	0.666667	1.66667	2	5	50.3024	37
8	8	0.666667	1.66667	2	5	52.1809	38
8	8	0.666667	1.66667	2	5	44.93	39
8	8	0.666667	1.66667	2	5	51.3482	40
8	8	0.666667	1.66667	2	5	49.2716	41
8	8	0.666667	1.66667	2	5	52.2564	42
8	8	0.666667	1.66667	2	5	53.754	43
8	8	0.666667	1.66667	2	5	44.2432	44
8	8	0.666667	1.66667	2	5	50.308	45
8	8	0.666667	1.66667	2	5	47.975	46
8	9	0.666667	1.66667	2	5	48.7565	47
8	9	0.666667	1.66667	2	5	53.462	48
8	9	0.666667	1.66667	2	5	54.6226	49
8	9	0.666667	1.66667	2	5	54.5289	50
8	9	0.666667	1.66667	2	5	55.1843	51
9	9	0.666667	1.66667	2	5	50.7559	52
9	9	0.666667	1.66667	2	5	52.019	53
9	10	0.666667	1.66667	2	5	54.1031	54
11	10	0.666667	1.66667	2	5	59.3468	55
11	10	0	1.66667	0	5	68.3731	56
12	10	0	1.66667	0	5	65.7487	57
12	10	0	1.66667	0	5	70.8618	58
12	10	0	1.66667	0	5	66.5378	59
12	10	0	1.66667	0	5	65.0938	60
12	10	0	1.66667	0	5	71.3193	61
12	10	0	1.66667	0	5	64.804	62
13	10	0	1.66667	0	5	66.7752	63
13	10	0	1.66667	0	5	69.9624	64
13	11	0	0.666667	0	2	62.1987	65
13	11	0	0.666667	0	2	75.9598	66
13	11	0	0.666667	0	2	70.1841	67
13	11	0	0.666667	0	2	72.9914	68
14	11	0	0.666667	0	2	75.1109	69
14	11	0	0.666667	0	2	74.3847	70
14	11	0	0.666667	0	2	72.1461	71
14	11	0	0.333333	0	1	82.5281	72
14	11	0	0.333333	0	1	77.7446	73
14	11	0	0.333333	0	1	82.2687	74
14	11	0	0	0	0	78.1496	75
14	11	0	0	0	0	74.176	76
15	11	0	0	0	0	83.4047	77
15	11	0	0	0	0	87.4847	78
15	11	0	0	0	0	72.9364	79
15	11	0	0	0	0	87.838	80
15	11	0	0	0	0	80.1171	81
15	11	0	0	0	0	79.2544	82
14	10	0	0	0	0	74.3626	83
14	10	0	0	0	0	71.1076	84
15	10	0	0	0	0	79.0188	85
15	10	0	0	0	0	74.0961	86
14	10	0	0	0	0	74.7208	87
14	10	0	0	0	0	74.72	88
14	10	0	0	0	0	74.6954	89
14	11	0	0	0	0	77.2952	90
14	11	0	0	0	0	75.4997	91
14	11	0	0	0	0	72.7796	92
15	11	0.5	0.5	1	1	73.8447	93
15	11	0.5	0.5	1	1	75.9206	94
15	11	0.5	0.5	1	1	73.2545	95
15	9	0.5	0.5	1	1	73.1158	96
15	9	0.5	0.5	1	1	73.2183	97
15	10	0.5	0.5	1	1	75.2376	98
15	10	1	0.5	2	1	72.1478	99
15	10	1	0.5	2	1	66.9296	100
15	10	1	0.5	2	1	74.5895	101
16	10	1	1	2	2	72.2596	102
16	11	1	1	2	2	82.2146	103
16	13	1	1	2	2	82.4321	104
16	13	1.5	1	3	2	86.5132	105
16	14	1.5	1	3	2	79.5025	106
16	14	1.5	1	3	2	102.443	107
16	14	1.5	1	3	2	93.7877	108
16	14	1.5	1	3	2	98.1507	109
16	14	1.5	1	3	2	98.9131	110
16	14	1.5	1	3	2	99.4541	111
17	14	1.5	1	3	2	102.952	112
18	14	1.5	1	3	2	109.18	113
18	14	1.5	1	3	2	110.368	114
18	14	1.5	1	3	2	100.613	115
18	15	1.5	1	3	2	100.056	116
19	15	1.5	1	3	2	103.22	117
19	15	1.5	1	3	2	105.053	118
19	16	1.5	1	3	2	114.34	119
19	16	1.5	1	3	2	112.575	120
19	16	1.5	1	3	2	109.347	121
19	16	1.5	1	3	2	120.342	122
19	16	1.5	1	3	2	102.289	123
19	16	1.5	1	3	2	118.186	124
19	16	1.5	1	3	2	104.48	125
19	16	1.5	1	3	2	120.261	126
19	16	1.5	1	3	2	108.739	127
19	16	1.5	1	3	2	111.569	128
20	16	1.5	1	3	2	105.917	129
20	16	1.5	1	3	2	100.372	130
18	16	1.5	1	3	2	107.204	131
17	16	1.5	1	3	2	107.762	132
17	16	1.5	1	3	2	101.932	133
18	16	1.5	1	3	2	101.289	134
18	17	1.5	0.5	3	1	104.75	135
18	17	1.5	0.5	3	1	110.883	136
17	17	1.5	0.5	3	1	107.097	137
17	17	1.5	0.5	3	1	112.155	138
17	17	1.5	0.5	3	1	110.094	139
17	17	1.5	0.5	3	1	115.026	140
17	17	1.5	0.5	3	1	109.783	141
17	16	1.5	0.5	3	1	109.981	142
18	15	1.5	0.5	3	1	102.806	143
18	14	1.5	0.5	3	1	102.325	144
17	16	1	0.5	2	1	93.8364	145
17	16	1	0.5	2	1	114.248	146
18	16	0.5	0.5	1	1	106.893	147
18	16	0.5	0.5	1	1	115.355	148
18	16	0.5	0.5	1	1	106.265	149
18	16	0.5	0	1	0	117.777	150
18	15	0.5	0	1	0	98.6941	151
18	15	0.5	0	1	0	115.876	152
18	15	0	0	0	0	116.911	153
18	15	0	0	0	0	105.419	154
18	15	0	0	0	0	103.324	155
18	15	0	0	0	0	98.9107	156
20	15	0	0	0	0	103.852	157
20	15	0	0	0	0	106.044	158
20	14	0	0	0	0	100.971	159
21	13	0	0	0	0	97.9122	160
22	12	0	0	0	0	100.215	161
23	12	0	0	0	0	102.315	162
23	12	0	0	0	0	123.61	163
23	12	0	0	0	0	110.219	164
24	12	0	0	0	0	121.32	165
24	12	0	0	0	0	124.398	166
24	12	0	0	0	0	122.869	167
24	12	0	0	0	0	123.848	168
24	12	0	0	0	0	118.92	169
24	12	0	0	0	0	124.751	170
24	11	0	0	0	0	111.072	171
24	11	0	0	0	0	119.334	172
24	11	0	0	0	0	113.466	173
24	11	0	0	0	0	109.454	174
24	11	0	0	0	0	123.133	175
25	10	0	0	0	0	125.118	176
25	10	0	0	0	0	111.159	177
25	10	0	0	0	0	113.622	178
25	9	0	0	0	0	116.689	179
25	9	0	0	0	0	119.074	180
25	9	0	0	0	0	115.054	181
25	9	0	0	0	0	112.478	182
25	9	0	0	0	0	110.398	183
25	9	0	0	0	0	117.31	184
25	9	0	0	0	0	117.241	185
25	8	0	0	0	0	109.835	186
24	7	0	0	0	0	107.393	187
24	7	0	0	0	0	110.081	188
24	7	0	0	0	0	106.361	189
24	7	0	0	0	0	100.703	190
24	7	0	0	0	0	115.203	191
26	7	0	0	0	0	105.292	192
26	7	0	0	0	0	109.312	193
26	7	0	0	0	0	118.111	194
26	7	0	0	0	0	111.594	195
27	8	0	0	0	0	117.556	196
27	8	0	0	0	0	100.323	197
27	9	0	0	0	0	105.453	198
27	9	0	0	0	0	93.3448	199
28	9	0	0	0	0	109.076	200
27	9	0	0	0	0	99.9547	201
26	9	0	0	0	0	109.999	202
26	9	0	0	0	0	110.384	203
26	10	0	0	0	0	110.357	204
24	10	0	0	0	0	109.627	205
25	10	0	0	0	0	125.6	206
25	10	0	0	0	0	105.259	207
25	10	0	0	0	0	111.175	208
25	10	0	0	0	0	126.585	209
25	10	0	0	0	0	119.759	210
25	16	0	0	0	0	109.225	211
25	16	0	0	0	0	128.117	212
25	16	0	0	0	0	135.235	213
25	16	0	0	0	0	133.673	214
25	16	0	0	0	0	137.824	215
25	16	0	0	0	0	154.513	216
25	16	0	0	0	0	142.287	217
25	16	0	0	0	0	128.791	218
25	16	0	0	0	0	144.531	219
24	16	0	0	0	0	134.61	220
24	17	0	0	0	0	145.99	221
24	17	0	0	0	0	132.003	222
24	18	0	0	0	0	139.112	223
24	18	0	0	0	0	151.711	224
23	18	0	0	0	0	140.682	225
23	18	0	0	0	0	151.149	226
22	19	0	0	0	0	140.355	227
22	19	0	0	0	0	137.989	228
22	19	0	0	0	0	155.215	229
22	19	0	0	0	0	145.93	230
22	19	0	0	0	0	137.145	231
22	18	0	0	0	0	139.803	232
22	18	0	0	0	0	112.489	233
24	18	0	0	0	0	119.401	234
19	18	0	0	0	0	137.111	235
19	18	0	0	0	0	134.175	236
19	20	0	0	0	0	133.497	237
19	19	0	0	0	0	128.63	238
19	19	0	0	0	0	132.18	239
20	18	0	0	0	0	131.087	240
20	18	0	0	0	0	130.835	241
21	18	0	0	0	0	139.316	242
20	18	0	0	0	0	137.793	243
20	18	0	0	0	0	132.649	244
20	18	0	0	0	0	130.787	245
20	19	0	0	0	0	126.71	246
20	19	0	0	0	0	141.08	247
20	19	0	0	0	0	139.724	248
20	19	0	0	0	0	132.061	249
20	19	0	0	0	0	129.022	250
20	19	0	0	0	0	124.079	251
20	18	0	0	0	0	130.324	252
21	18	0	0	0	0	116.868	253
21	17	0	0	0	0	130.538	254
21	17	0	0	0	0	137.566	255
21	17	0	0	0	0	132.962	256
21	17	0	0	0	0	136.009	257
22	17	0	0	0	0	137.469	258
22	17	0	0	0	0	124.912	259
23	17	0	0	0	0	144.033	260
24	17	0	0	0	0	142.426	261
24	17	0	0	0	0	127.538	262
24	17	0	0	0	0	135.989	263
24	17	0	0	0	0	134.081	264
24	17	0	0	0	0	142.026	265
24	17	0	0	0	0	132.989	266
24	17	0	0	0	0	142.298	267
24	17	0	0	0	0	136.291	268
23	17	0	0	0	0	134.001	269
23	18	0	0	0	0	144.831	270
23	18	0	0	0	0	140.197	271
23	19	0	0	0	0	140.577	272
23	19	0	0	0	0	142.994	273
23	19	0	0	0	0	143.337	274
24	19	0	0	0	0	141	275
24	19	0	0	0	0	148.234	276
24	19	0	0	0	0	143.682	277
24	18	0	0	0	0	143.176	278
26	18	0	0	0	0	131.999	279
26	18	0	0	0	0	148.907	280
26	18	0	0	0	0	151.643	281
26	18	0	0	0	0	152.647	282
26	18	0	0	0	0	151.309	283
25	17	0	0	0	0	127.533	284
25	17	0	0	0	0	141.877	285
25	16	0	0	0	0	126.628	286
26	16	0	0	0	0	131.22	287
27	16	0	0	0	0	115.513	288
27	16	0	0	0	0	121.659	289
25	16	0	0	0	0	119.113	290
25	16	0	0	0	0	116.536	291
25	17	0	0	0	0	127.872	292
24	17	0	0	0	0	142.53	293
24	17	0	0	0	0	135.701	294
24	17	0	0	0	0	145.376	295
24	17	0	0	0	0	140.262	296
24	17	0	0	0	0	142.977	297
23	17	0	0	0	0	140.715	298
24	17	0	0	0	0	124.457	299
24	17	0	0	0	0	120.768	300
23	17	0	0	0	0	129.865	301
23	16	0	0	0	0	128.356	302
23	15	0	0	0	0	125.654	303
23	15	0	0	0	0	125.42	304
23	15	0	0	0	0	133.848	305
23	15	0	0	0	0	129.551	306
22	15	0	0	0	0	127.234	307
22	15	0	0	0	0	122.852	308
22	15	0	0	0	0	131.374	309
22	16	0	0	0	0	120.026	310
22	17	0	0	0	0	126.068	311
22	17	0	0	0	0	106.867	312
22	18	0	0	0	0	125.579	313
20	18	0	0	0	0	118.694	314
18	17	0	0	0	0	118.291	315
18	16	0	0	0	0	118.559	316
18	16	0	0	0	0	117.103	317
18	16	0	0	0	0	120.531	318
18	16	0	0	0	0	125.001	319
18	16	0	0	0	0	121.047	320
18	16	0	0	0	0	108.898	321
18	16	0	0	0	0	116.482	322
18	16	0	0	0	0	122.765	323
18	16	0	0	0	0	117.506	324
19	16	0	0	0	0	121.97	325
19	16	0	0	0	0	116.084	326
17	16	0	0	0	0	112.367	327
17	16	0	0	0	0	112.268	328
17	16	0	0	0	0	103.456	329
17	15	0	0	0	0	111.731	330
17	15	0	0	0	0	111.424	331
17	15	0	0	0	0	107.537	332
17	18	0	0	0	0	114.801	333
17	18	0	0	0	0	111.421	334
17	18	0	0	0	0	122.895	335
16	18	0	0	0	0	105.316	336
16	17	0	0	0	0	103.708	337
16	16	0	0	0	0	115.164	338
17	16	0	0	0	0	109.435	339
17	16	0	0	0	0	116.227	340
17	17	0	0	0	0	103.829	341
16	17	0	0	0	0	100.459	342
16	17	0	0	0	0	103.254	343
16	17	0	0	0	0	107.426	344
16	17	0	0	0	0	100.342	345
16	16	0	0	0	0	106.9	346
16	16	0	0	0	0	98.3054	347
17	15	0	0	0	0	106.485	348
17	14	0	0	0	0	102.515	349
16	14	0	0	0	0	99.8133	350
16	13	0	0	0	0	102.315	351
16	13	0	0	0	0	102.701	352
16	13	0	0	0	0	99.9092	353
16	13	0	0	0	0	107.894	354
16	13	0	0	0	0	99.1288	355
17	13	0	0	0	0	102.319	356
17	14	0	0	0	0	102.874	357
17	14	0	0	0	0	105.592	358
17	14	0	0	0	0	85.9974	359
17	14	0	0	0	0	111.037	360
17	13	0	0	0	0	106.013	361
17	13	0	0	0	0	105.546	362
17	13	0	0	0	0	104.224	363
17	13	0	0	0	0	110.766	364
17	13	0	0	0	0	96.7098	365
17	13	0	0	0	0	89.2182	366
17	13	0	0	0	0	91.1676	367
17	12	0	0	0	0	98.2947	368
17	12	0	0	0	0	98.5831	369
18	11	0	0	0	0	101.614	370
18	11	0	0	0	0	96.6887	371
18	11	0	0	0	0	104.176	372
18	11	0	0	0	0	105.349	373
18	11	0	0	0	0	99.5242	374
18	11	0	0	0	0	96.0159	375
18	11	0	0	0	0	104.217	376
18	11	0	0	0	0	99.373	377
18	11	0	0	0	0	98.6865	378
18	11	0	0	0	0	98.8971	379
18	11	0	0	0	0	91.5858	380
18	11	0	0	0	0	107.219	381
18	11	0	0	0	0	106.626	382
18	11	0	0	0	0	93.6419	383
18	11	0	0	0	0	98.2714	384
18	13	0	0	0	0	104.455	385
18	13	0	0	0	0	94.761	386
18	13	0	0	0	0	96.0828	387
18	14	0	0	0	0	104.172	388
18	14	0	0	0	0	104.083	389
18	14	0	0	0	0	99.4164	390
18	14	0	0	0	0	104.075	391
18	14	0	0	0	0	106.221	392
17	14	0	0	0	0	110.813	393
16	14	0	0	0	0	102.648	394
16	14	0	0	0	0	99.851	395
16	13	0	0	0	0	99.9692	396
16	14	0	0	0	0	103.169	397
16	14	0	0	0	0	98.6996	398
16	14	0	0	0	0	92.3602	399
16	14	0	0	0	0	110.657	400
16	14	0	0	0	0	106.064	401
17	15	0	0	0	0	103.796	402
17	15	0	0	0	0	117.18	403
17	15	0	0	0	0	104.542	404
17	15	0	0	0	0	108.934	405
17	15	0	0	0	0	111.735	406
17	15	0	0	0	0	111.51	407
16	15	0	0	0	0	96.6776	408
16	15	0	0	0	0	108.743	409
16	15	0	0	0	0	79.2058	410
16	15	0	0	0	0	86.2804	411
16	15	0	0	0	0	107.493	412
16	15	0	0	0	0	99.274	413
16	15	0	0	0	0	99.5366	414
16	14	0	0	0	0	105.263	415
16	14	0	0	0	0	100.664	416
15	14	0	0	0	0	92.1729	417
15	14	0	0	0	0	100.699	418
15	13	0	0	0	0	98.8741	419
15	13	0	0	0	0	90.0785	420
15	13	0	0	0	0	91.1793	421
15	13	0	0	0	0	99.0925	422
15	13	0	0	0	0	86.928	423
15	13	0	0	0	0	94.8603	424
15	13	0	0	0	0	96.8602	425
15	13	0	0	0	0	97.3988	426
15	13	0	0	0	0	91.5935	427
15	13	0	0	0	0	73.8053	428
12	12	0.333333	0	1	0	66.363	429
12	12	0.333333	0.333333	1	1	71.5872	430
12	11	0.666667	0.333333	2	1	56.7906	431
12	11	0.666667	0.333333	2	1	58.0002	432
12	11	0.666667	0.333333	2	1	56.0114	433
12	11	0.666667	0.666667	2	2	59.3721	434
7	11	0.666667	0.666667	2	2	57.3837	435
7	11	0.666667	0.666667	2	2	46.9484	436
6	11	0.666667	0.666667	2	2	43.6576	437
6	11	0.666667	0.666667	2	2	44.3834	438
6	10	0.666667	0.666667	2	2	46.8385	439
6	10	0.666667	0.666667	2	2	50.8592	440
6	10	0.666667	0.666667	2	2	31.257	441
6	9	0.666667	0.666667	2	2	35.8433	442
6	9	0.666667	0.666667	2	2	35.2712	443
5	7	0.666667	0.666667	2	2	36.8141	444
5	7	0.666667	0.666667	2	2	32.6524	445
5	7	0.666667	0.666667	2	2	27.9383	446
5	7	0.666667	0.666667	2	2	35.6818	447
5	7	0.666667	0.666667	2	2	34.5136	448
5	7	0.666667	0.666667	2	2	35.7701	449
5	7	0.666667	0.666667	2	2	37.4952	450
5	7	0.666667	0.666667	2	2	37.6014	451
5	7	0.666667	1	2	3	37.8614	452
5	7	0.666667	1	2	3	34.2489	453
5	7	0.666667	1	2	3	37.0439	454
5	7	0.666667	1	2	3	37.9528	455
5	7	0.666667	1	2	3	35.4312	456
5	7	0.666667	1	2	3	33.9574	457
5	7	0.666667	1	2	3	28.1619	458
5	7	0.666667	1	2	3	37.7558	459
5	7	0.666667	1	2	3	37.1297	460
5	7	0.666667	1	2	3	34.0672	461
5	7	0.666667	1	2	3	35.4653	462
5	7	0.666667	1	2	3	32.4528	463
4	7	0.666667	1	2	3	32.3113	464
4	7	0.666667	1	2	3	28.7933	465
4	7	0.666667	1	2	3	34.997	466
4	7	0.666667	1	2	3	29.6975	467
4	7	0.666667	1	2	3	32.064	468
4	7	0.666667	1	2	3	28.0049	469
4	7	0.666667	0.666667	2	2	30.8762	470
4	7	0.666667	0.666667	2	2	29.8069	471
4	7	0.666667	0.666667	2	2	32.5498	472
4	7	0.666667	0.666667	2	2	28.6997	473
4	7	0.333333	0.666667	1	2	27.4358	474
4	7	0.333333	0.666667	1	2	31.4636	475
4	7	0.333333	0.666667	1	2	29.5899	476
4	7	0.333333	0.666667	1	2	28.7556	477
4	7	0.333333	0.666667	1	2	29.3856	478
4	7	0.333333	0.666667	1	2	27.6688	479
4	7	0.333333	0.666667	1	2	27.7806	480
4	6	0.333333	0.666667	1	2	27.5197	481
4	6	0.333333	0.666667	1	2	21.6114	482
4	4	0.333333	0.666667	1	2	23.4595	483
4	4	0.333333	0.666667	1	2	10.7219	484
4	4	0.333333	0.666667	1	2	9.33483	485
4	4	0.333333	0.666667	1	2	13.7414	486
2	4	0.333333	0.666667	1	2	11.6742	487
2	4	0.333333	0.666667	1	2	12.472	488
2	4	0	0.666667	0	2	11.2235	489
1	4	0	0.666667	0	2	6.42397	490
1	3	0	0.666667	0	2	4.35313	491
1	2	0	0.333333	0	1	3.93486	492
1	2	0	0.333333	0	1	2.96259	493
1	2	0	0.333333	0	1	4.18981	494
1	2	0	0.333333	0	1	3.86489	495
1	2	0	0.333333	0	1	3.78241	496
1	2	0	0.333333	0	1	4.21817	497
1	2	0	0.333333	0	1	0.121819	498
1	1	0	0.333333	0	1	-3.45464	499
0	1	0	0.333333	0	1	-3.45464	500
0	1	0	0.333333	0	1	nan	501
0	1	0	0.333333	0	1	nan	502
