unique_top_cov	unique_bot_cov	redundant_top_cov	redundant_bot_cov	raw_redundant_top_cov	raw_redundant_bot_cov	e_value	position
2	1	0	0	0	0	nan	1
2	1	0	0	0	0	-1.23756	2
2	2	0	0	0	0	-1.34423	3
2	2	0	0	0	0	-1.43628	4
2	2	0	0	0	0	1.53383	5
2	2	0	0	0	0	1.14186	6
2	2	0	0	0	0	1.53688	7
2	2	0	0	0	0	1.55558	8
2	2	0	0	0	0	1.55887	9
2	2	0	0	0	0	1.60124	10
2	2	0	0	0	0	1.55295	11
2	2	0	0	0	0	1.561	12
2	2	0	0	0	0	1.58659	13
2	2	0	0	0	0	1.53678	14
2	2	0	0	0	0	1.43539	15
2	2	0	0	0	0	1.56618	16
2	3	0	0	0	0	1.56591	17
2	3	0	0	0	0	1.06624	18
2	3	0	0	0	0	1.55586	19
2	4	0	0	0	0	0.441877	20
2	4	0	0	0	0	1.39921	21
2	4	0	0	0	0	1.55586	22
2	4	0	0	0	0	7.65553	23
2	4	0	0	0	0	7.44778	24
2	4	0	0	0	0	6.41304	25
2	4	0	0	0	0	6.17322	26
2	4	0	0	0	0	7.69725	27
2	4	0	0	0	0	7.70691	28
2	4	0	0	0	0	6.86691	29
2	4	0	0	0	0	7.88354	30
2	4	0	0	0	0	7.96079	31
2	4	0	0	0	0	2.16394	32
10	13	0	0	0	0	69.4143	33
10	13	0	0	0	0	70.9578	34
10	13	0	0	0	0	57.3139	35
10	13	0	0	0	0	67.7603	36
10	13	0	0	0	0	70.1881	37
10	13	0	0	0	0	73.4856	38
10	13	0	0	0	0	70.1725	39
10	14	0	0	0	0	71.0864	40
10	16	0	0	0	0	69.3712	41
10	16	0	0	0	0	68.4421	42
10	16	0	0	0	0	71.0899	43
10	17	0	0	0	0	79.4969	44
10	17	0	0	0	0	84.0777	45
10	17	0	0	0	0	75.6768	46
10	17	0	0	0	0	78.7799	47
10	17	0	0	0	0	84.0451	48
10	17	0	0	0	0	84.3535	49
10	17	0	0	0	0	80.7204	50
10	18	0	0	0	0	87.2178	51
10	18	0	0	0	0	83.5428	52
10	18	0	0	0	0	61.2124	53
10	18	0	0	0	0	84.8239	54
10	18	0	0	0	0	77.106	55
11	18	0	0	0	0	90.3752	56
11	18	0	0	0	0	89.86	57
11	18	0	0	0	0	78.3853	58
11	18	0	0	0	0	87.8755	59
11	18	0	0	0	0	94.4041	60
11	18	0	0	0	0	77.0337	61
11	18	0	0	0	0	81.8775	62
11	18	0	0	0	0	81.8056	63
11	18	0	0	0	0	54.8608	64
11	18	0	0	0	0	82.9518	65
11	18	0	0	0	0	83.7176	66
11	18	0	0	0	0	67.0326	67
11	19	0	0	0	0	73.2567	68
11	19	0	0	0	0	67.5659	69
11	19	0	0	0	0	95.394	70
11	19	0	0	0	0	95.5776	71
11	19	0	0	0	0	91.4383	72
11	19	0	0	0	0	90.4598	73
11	19	0	0	0	0	94.6246	74
11	19	0	0	0	0	84.9122	75
11	19	0	0	0	0	79.1316	76
11	19	0	0	0	0	82.1798	77
11	19	0	0	0	0	48.9877	78
10	19	0	0	0	0	55.8019	79
10	19	0	0	0	0	83.8927	80
10	19	0	0	0	0	83.3548	81
10	19	0	0	0	0	85.9825	82
10	19	0	0	0	0	93.9046	83
10	19	0	0	0	0	89.8038	84
11	21	0	0	0	0	89.6511	85
11	21	0	0	0	0	99.6498	86
11	21	0	0	0	0	97.8134	87
11	22	0	0.5	0	1	96.6406	88
11	22	0	0.5	0	1	96.5946	89
11	22	0	0.5	0	1	98.7559	90
11	22	0	0.5	0	1	97.3202	91
11	22	0	0.5	0	1	104.461	92
10	22	0	0.5	0	1	92.7545	93
9	21	0	0.5	0	1	85.9223	94
9	21	0	0.5	0	1	92.6802	95
9	21	0	0.5	0	1	84.1277	96
10	21	0	0.5	0	1	89.8812	97
10	21	0	0.5	0	1	94.9491	98
10	21	0	0.5	0	1	89.1138	99
11	21	0	1.5	0	3	97.193	100
11	21	0	1.5	0	3	93.0486	101
10	21	0	1.5	0	3	76.6042	102
10	21	0	1.5	0	3	94.7434	103
11	21	0	1.5	0	3	89.4628	104
11	23	0	1.5	0	3	101.683	105
11	23	0	1.5	0	3	90.2224	106
11	23	0.5	1.5	1	3	93.5454	107
11	23	0.5	1.5	1	3	88.7845	108
10	23	0.5	1.5	1	3	99.5225	109
10	24	0.5	2.5	1	5	101.629	110
10	23	0.5	2.5	1	5	93.7687	111
10	24	0.5	2.5	1	5	108.189	112
10	24	0.5	2.5	1	5	104.435	113
10	24	0.5	2.5	1	5	93.5427	114
10	23	0.5	2.5	1	5	94.8902	115
10	23	0.5	2.5	1	5	91.6908	116
10	23	0.5	2.5	1	5	105.647	117
10	23	0.5	2.5	1	5	99.3758	118
10	23	0.5	2.5	1	5	104.513	119
10	23	1	2.5	2	5	90.4826	120
7	23	1	2.5	2	5	92.8392	121
8	23	1	2.5	2	5	93.7836	122
7	23	1	2.5	2	5	94.7662	123
7	23	1	2.5	2	5	98.2979	124
7	23	1	2.5	2	5	77.0435	125
7	23	1	2.5	2	5	94.5894	126
7	23	1	2.5	2	5	93.9807	127
7	23	1	2.5	2	5	92.4618	128
7	23	1	2.5	2	5	98.8073	129
7	23	1	2.5	2	5	73.8727	130
6	22	1	2.5	2	5	81.9122	131
6	22	1	2.5	2	5	76.9331	132
6	22	1	2.5	2	5	83.0071	133
6	22	1	2.5	2	5	80.3509	134
7	22	1	2.5	2	5	85.5535	135
7	22	1	2.5	2	5	86.9857	136
7	21	1	2.5	2	5	65.5524	137
8	21	1	2.5	2	5	75.1604	138
8	21	1	2.5	2	5	90.8865	139
8	20	1	2.5	2	5	90.3936	140
8	21	1	2	2	4	80.8636	141
8	21	1	2	2	4	95.2457	142
8	21	0.5	2	1	4	76.8718	143
8	19	0.5	1.5	1	3	78.3147	144
7	19	0.5	1.5	1	3	76.5958	145
7	17	0.5	1.5	1	3	65.3874	146
8	17	0.5	1.5	1	3	74.742	147
9	17	0.5	1.5	1	3	76.6806	148
9	17	0.5	1.5	1	3	79.9403	149
10	17	0.5	1.5	1	3	81.6553	150
10	17	0.5	1.5	1	3	88.6202	151
10	17	0.5	1.5	1	3	88.976	152
10	17	0.5	1.5	1	3	82.4221	153
10	17	0.5	1	1	2	84.7208	154
10	17	0.5	1	1	2	85.1741	155
11	15	0.5	0.5	1	1	55.5996	156
11	16	0.5	0.5	1	1	86.1327	157
11	16	0.5	0.5	1	1	81.6056	158
11	16	0.5	0.5	1	1	79.7025	159
11	17	0.5	0.5	1	1	71.5022	160
12	17	0.5	0.5	1	1	74.0942	161
12	16	0.5	0	1	0	79.9222	162
9	8	0	0	0	0	53.1695	163
9	8	0	0	0	0	48.4981	164
9	7	0	0	0	0	48.602	165
9	7	0	0	0	0	48.1251	166
9	7	0	0	0	0	49.4901	167
10	7	0	0	0	0	51.3257	168
10	7	0	0	0	0	51.4956	169
10	7	0	0	0	0	53.6415	170
10	7	0	0	0	0	50.1004	171
10	7	0	0	0	0	54.4737	172
9	7	0	0	0	0	49.4567	173
9	9	0	0	0	0	50.8361	174
10	9	0	0	0	0	52.196	175
10	9	0	0	0	0	51.3326	176
10	9	0	0	0	0	56.743	177
10	9	0	0	0	0	54.6253	178
10	9	0	0	0	0	60.6601	179
10	10	0	0	0	0	59.0415	180
10	10	0	0	0	0	60.9909	181
10	11	0	0	0	0	56.907	182
10	10	0	0	0	0	66.6352	183
10	10	0	0	0	0	55.7944	184
10	10	0	0	0	0	64.9018	185
10	10	0.333333	0.333333	1	1	64.9885	186
10	10	0.333333	0.333333	1	1	65.2127	187
9	10	0.333333	0.333333	1	1	65.9968	188
9	10	0.333333	0.333333	1	1	57.5439	189
9	11	0.333333	0.333333	1	1	65.893	190
10	11	0.333333	0.333333	1	1	58.7482	191
10	11	0.333333	0.333333	1	1	71.1275	192
10	10	0.333333	0.333333	1	1	70.9863	193
10	10	0.333333	0.333333	1	1	57.3122	194
10	10	0.333333	0.333333	1	1	57.1427	195
10	10	0.333333	0.333333	1	1	62.0092	196
10	10	0.333333	0.333333	1	1	57.5941	197
10	9	0.333333	0.333333	1	1	58.8261	198
9	9	0.333333	0.333333	1	1	63.2126	199
9	9	0.333333	0.333333	1	1	51.9751	200
9	9	0.333333	0.333333	1	1	55.8785	201
9	9	0.333333	0.333333	1	1	50.2766	202
9	9	0.333333	0.333333	1	1	54.5676	203
9	9	0.333333	0.333333	1	1	51.8571	204
9	9	0.333333	0.333333	1	1	55.4925	205
8	9	0.333333	0.333333	1	1	56.5875	206
8	9	0.333333	0.666667	1	2	55.5431	207
8	9	0.333333	0.666667	1	2	59.0031	208
8	9	0.333333	0.666667	1	2	55.235	209
8	9	0.333333	0.666667	1	2	55.1626	210
8	9	0.333333	0.666667	1	2	53.664	211
8	9	0.333333	0.666667	1	2	56.3055	212
8	9	0.333333	0.666667	1	2	54.5468	213
8	9	0.333333	0.666667	1	2	50.0454	214
8	11	0.333333	0.666667	1	2	56.9057	215
8	11	0.333333	0.666667	1	2	59.6296	216
8	12	0.333333	0.666667	1	2	60.6617	217
8	12	0.333333	0.666667	1	2	55.6022	218
8	12	0.333333	0.666667	1	2	60.9748	219
8	12	0.333333	0.666667	1	2	61.5706	220
8	12	0.333333	0.666667	1	2	64.3533	221
8	12	0.333333	0.666667	1	2	65.3348	222
8	12	0.333333	0.666667	1	2	70.8393	223
8	12	0.333333	0.666667	1	2	53.7647	224
8	13	0.333333	0.666667	1	2	62.4122	225
7	13	0.333333	0.333333	1	1	64.4389	226
7	13	0.333333	0.333333	1	1	63.1308	227
6	13	0.333333	0.333333	1	1	62.2546	228
6	13	0.333333	0.333333	1	1	63.0762	229
7	14	0.333333	0.333333	1	1	67.0336	230
7	14	0	0.333333	0	1	47.0977	231
7	13	0	0.333333	0	1	56.0307	232
8	13	0	0.333333	0	1	63.1354	233
8	13	0	0.333333	0	1	65.2096	234
8	13	0	0.333333	0	1	58.6824	235
8	13	0	0.333333	0	1	67.5003	236
8	14	0	0.333333	0	1	66.6027	237
8	14	0	0.333333	0	1	61.4803	238
10	16	0	0.333333	0	1	55.3485	239
10	16	0	0.333333	0	1	78.7948	240
10	16	0	0.333333	0	1	90.0548	241
10	16	0	0.333333	0	1	88.1794	242
10	16	0	0.333333	0	1	82.3093	243
10	17	0	0.333333	0	1	93.8576	244
10	18	0	0.333333	0	1	84.5076	245
10	19	0	0.333333	0	1	98.3643	246
10	19	0	0.333333	0	1	90.6639	247
10	19	0	0.333333	0	1	89.7837	248
10	19	0	0	0	0	101.812	249
10	19	0	0	0	0	88.081	250
10	19	0	0	0	0	97.0137	251
10	18	0	0	0	0	98.8729	252
11	18	0	0	0	0	96.1425	253
11	18	0	0	0	0	95.5231	254
11	19	0	0	0	0	92.4665	255
12	20	0	0	0	0	94.1011	256
12	21	0	0	0	0	91.676	257
12	21	0	0	0	0	91.5347	258
12	21	0	0	0	0	110.82	259
12	20	0	0	0	0	114.162	260
12	20	0	0	0	0	113.855	261
12	20	0	0	0	0	107.43	262
12	20	0	0	0	0	118.828	263
12	20	0	0	0	0	110.554	264
12	20	0	0	0	0	109.813	265
12	20	0	0	0	0	114.982	266
12	20	0	0	0	0	115.212	267
12	20	0	0	0	0	111.042	268
12	20	0	0	0	0	109.015	269
12	19	0	0	0	0	107.708	270
12	19	0	0	0	0	98.2063	271
12	19	0	0	0	0	112.636	272
12	19	0	0	0	0	102.133	273
11	19	0	0	0	0	105.858	274
11	19	0	0	0	0	105.662	275
11	18	0	0	0	0	95.5034	276
11	18	0	0	0	0	96.6153	277
11	18	0	0	0	0	94.6622	278
11	18	0	0	0	0	99.8851	279
11	18	0	0	0	0	98.5524	280
11	18	0	0	0	0	94.6552	281
10	18	0	0	0	0	92.6574	282
10	18	0	0	0	0	95.0431	283
10	18	0	0	0	0	99.4154	284
10	18	0	0	0	0	91.4484	285
10	18	0	0	0	0	87.0055	286
10	18	0	0	0	0	90.2218	287
9	18	0	0	0	0	94.275	288
9	18	0	0	0	0	88.9873	289
9	18	0	0	0	0	92.1322	290
9	17	0	0	0	0	89.853	291
9	17	0	0	0	0	91.8035	292
9	17	0	0	0	0	77.6666	293
9	17	0	0	0	0	94.9749	294
9	17	0	0	0	0	88.4784	295
9	17	0	0	0	0	79.7161	296
9	17	0	0	0	0	80.3536	297
8	17	0	0	0	0	78.6902	298
8	17	0	0	0	0	79.8595	299
8	16	0	0	0	0	75.3134	300
8	16	0	0	0	0	74.3162	301
8	15	0	0	0	0	83.1028	302
8	15	0	0	0	0	80.1587	303
8	15	0	0	0	0	73.037	304
8	15	0	0	0	0	78.7781	305
8	15	0	0	0	0	83.5107	306
8	15	0	0	0	0	69.1721	307
8	14	0	0	0	0	66.2208	308
8	13	0	0	0	0	67.4337	309
8	12	0	0	0	0	52.7114	310
8	12	0	0	0	0	68.1819	311
8	12	0	0	0	0	72.7322	312
8	12	0	0	0	0	71.2634	313
8	12	0	0	0	0	68.7886	314
8	12	0	0	0	0	72.6401	315
8	12	0	0	0	0	62.1976	316
8	12	0	0	0	0	70.6564	317
8	12	0	0	0	0	67.9406	318
8	12	0	0	0	0	65.9184	319
8	12	0	0	0	0	65.9713	320
8	12	0	0	0	0	67.4974	321
8	12	0	0	0	0	65.3404	322
8	12	0	0	0	0	61.8754	323
8	12	0	0	0	0	67.6234	324
0	0	0	0	0	0	nan	325
0	0	0	0	0	0	nan	326
0	0	0	0	0	0	nan	327
0	0	0	0	0	0	nan	328
0	0	0	0	0	0	nan	329
0	0	0	0	0	0	nan	330
0	0	0	0	0	0	nan	331
0	0	0	0	0	0	nan	332
0	0	0	0	0	0	nan	333
0	0	0	0	0	0	nan	334
