unique_top_cov	unique_bot_cov	redundant_top_cov	redundant_bot_cov	raw_redundant_top_cov	raw_redundant_bot_cov	e_value	position
14	7	0	0.333333	0	1	nan	1
15	7	0.0909091	0.333333	1	1	nan	2
15	7	0.0909091	0.333333	1	1	61.0724	3
15	7	0.181818	0.333333	2	1	67.7575	4
16	7	0.181818	0.333333	2	1	63.8717	5
16	7	0.265152	0.333333	3	1	64.087	6
16	7	0.348485	0.333333	4	1	59.8008	7
17	7	0.431818	0.416667	5	2	74.99	8
17	7	0.515152	0.416667	6	2	76.1164	9
17	7	0.598485	0.416667	7	2	69.2319	10
17	7	0.598485	0.5	7	3	75.6464	11
17	7	0.598485	0.5	7	3	78.813	12
17	7	0.681818	0.5	8	3	72.2228	13
17	7	1.18182	0.5	9	3	76.0367	14
18	7	1.18182	0.5	9	3	74.5868	15
19	10	1.18182	0.666667	9	5	76.9997	16
19	10	1.18182	0.666667	9	5	96.1248	17
19	10	1.26515	0.666667	10	5	83.4022	18
19	10	1.26515	0.666667	10	5	95.5913	19
21	10	1.26515	0.666667	10	5	97.4352	20
21	10	1.26515	0.75	10	6	90.9043	21
21	11	1.26515	0.916667	10	8	91.8903	22
21	12	1.26515	1	10	9	105.903	23
21	12	1.26515	1	10	9	118.465	24
21	13	1.26515	1	10	9	114.362	25
21	14	1.26515	1	10	9	106.398	26
23	14	1.26515	1	10	9	119.251	27
23	14	1.26515	1	10	9	129.481	28
23	14	1.26515	1	10	9	108.508	29
24	14	1.26515	1	10	9	126.164	30
25	14	1.26515	1	10	9	127.182	31
26	16	1.26515	1.08333	10	10	134.899	32
27	16	1.26515	1.08333	10	10	138.033	33
27	16	1.26515	1.08333	10	10	152.84	34
27	16	1.26515	1.16667	10	11	143.347	35
27	16	1.26515	1.16667	10	11	137.456	36
28	16	1.26515	1.16667	10	11	134.331	37
28	16	1.26515	1.16667	10	11	152.962	38
28	16	1.26515	1.16667	10	11	154.939	39
30	16	1.26515	1.16667	10	11	147.52	40
30	19	1.26515	1.16667	10	11	144.495	41
30	19	1.26515	1.16667	10	11	166.529	42
30	19	1.26515	1.08333	10	10	163.886	43
30	19	1.26515	1.08333	10	10	166.731	44
30	19	1.26515	1.08333	10	10	169.177	45
31	19	1.26515	1.08333	10	10	169.079	46
31	19	1.26515	1.08333	10	10	169.117	47
31	19	1.18182	1.08333	9	10	171.463	48
31	19	1.18182	1.08333	9	10	172.939	49
31	19	1.00758	1.08333	7	10	176.849	50
31	19	1.00758	1.08333	7	10	166.81	51
32	19	1.00758	1.08333	7	10	170.674	52
32	23	1.00758	1.08333	7	10	169.445	53
32	23	1.00758	1.08333	7	10	174.824	54
32	23	1.00758	1.08333	7	10	172.642	55
33	23	1.00758	1.08333	7	10	168.835	56
33	23	1.00758	1.08333	7	10	179.24	57
33	23	1.00758	1.08333	7	10	201.574	58
37	23	0.916667	1	6	9	177.538	59
37	23	0.916667	0.916667	6	8	188.491	60
38	25	0.916667	0.833333	6	7	226.07	61
39	25	0.75	0.75	4	6	228.639	62
39	26	0.75	0.75	4	6	224.355	63
40	27	0.75	0.75	4	6	216.565	64
40	27	0.75	0.666667	4	5	241.059	65
41	27	0.75	0.666667	4	5	252.574	66
41	27	0.75	0.666667	4	5	235.267	67
41	27	0.75	0.666667	4	5	217.284	68
41	27	0.75	0.666667	4	5	253.067	69
41	27	0.75	0.666667	4	5	244.22	70
41	27	0.75	0.583333	4	4	249.14	71
41	27	0.75	0.416667	4	2	228.225	72
41	27	0.75	0.333333	4	1	211.498	73
41	28	0.666667	0.333333	3	1	254.345	74
41	28	0.583333	0.333333	2	1	242.415	75
41	28	0.5	0.333333	1	1	228.859	76
41	28	0.5	0	1	0	239.902	77
41	28	0	0	0	0	259.846	78
41	29	0	0	0	0	240.766	79
41	29	0	0	0	0	248.125	80
41	28	0	0	0	0	243.289	81
41	28	0	0	0	0	249.562	82
41	28	0	0	0	0	236.967	83
37	28	0	0	0	0	232.631	84
37	28	0	0	0	0	228.973	85
37	29	0	0	0	0	235.953	86
37	29	0	0	0	0	229.102	87
37	29	0	0	0	0	234.861	88
37	29	0	0	0	0	252.479	89
38	29	0	0	0	0	233.615	90
38	29	0	0	0	0	232.551	91
38	29	0	0	0	0	220.108	92
37	29	0	0	0	0	236.097	93
37	29	0	0	0	0	241.042	94
37	28	0	0	0	0	226.403	95
37	28	0	0	0	0	239.916	96
37	27	0	0	0	0	200.753	97
37	27	0	0	0	0	209.356	98
37	27	0	0	0	0	225.313	99
37	27	0	0	0	0	221.328	100
37	27	0	0	0	0	227.307	101
37	27	0	0	0	0	232.884	102
37	27	0	0	0	0	218.378	103
37	27	0	0	0	0	207.951	104
36	25	0	0	0	0	198.229	105
37	24	0	0	0	0	198.536	106
37	24	0	0	0	0	220.426	107
36	24	0	0	0	0	208.862	108
35	25	0	0	0	0	203.092	109
33	25	0	0	0	0	212.118	110
33	24	0	0	0	0	190.905	111
33	23	0	0	0	0	198.828	112
33	23	0	0	0	0	205.623	113
33	23	0	0	0	0	210.979	114
34	23	0	0	0	0	202.811	115
34	23	0	0	0	0	196.006	116
35	23	0	0	0	0	186.631	117
35	22	0	0	0	0	205.034	118
35	22	0	0	0	0	202.122	119
36	22	0	0	0	0	193.983	120
36	22	0	0	0	0	197.144	121
37	22	0	0	0	0	212.418	122
37	22	0	0	0	0	208.183	123
37	21	0	0	0	0	200.475	124
37	21	0	0	0	0	201.371	125
36	21	0	0	0	0	206.076	126
36	21	0	0	0	0	189.589	127
37	27	0	0	0	0	197.813	128
37	27	0	0	0	0	193.988	129
37	27	0	0	0	0	192.014	130
36	27	0	0	0	0	195.59	131
36	28	0	0	0	0	208.724	132
36	28	0	0	0	0	193.793	133
36	28	0	0	0	0	199.711	134
37	28	0	0	0	0	208.822	135
37	28	0	0	0	0	195.245	136
29	28	0	0	0	0	193.626	137
29	30	0	0	0	0	198.862	138
30	32	0	0	0	0	176.002	139
32	32	0	0	0	0	191.327	140
30	32	0	0	0	0	191.272	141
30	31	0	0	0	0	193.064	142
29	32	0	0	0	0	208.445	143
29	32	0	0	0	0	215.021	144
29	32	0	0	0	0	197.188	145
29	32	0	0	0	0	214.074	146
29	31	0	0	0	0	187.17	147
26	30	0	0	0	0	187.806	148
26	30	0	0	0	0	185.913	149
25	30	0	0	0	0	179.837	150
25	30	0	0	0	0	184.599	151
24	30	0	0	0	0	185.714	152
24	30	0	0	0	0	197.976	153
24	30	0	0	0	0	183.625	154
24	30	0	0	0	0	172.321	155
24	30	0	0	0	0	175.092	156
24	30	0	0	0	0	182.693	157
23	31	0	0	0	0	194.874	158
23	31	0	0	0	0	195.557	159
23	31	0	0	0	0	190.024	160
23	31	0	0	0	0	187.537	161
23	31	0	0	0	0	180.629	162
23	31	0	0	0	0	190.063	163
23	29	0	0	0	0	190.739	164
23	29	0	0	0	0	169.113	165
23	27	0	0	0	0	171.843	166
23	27	0	0	0	0	174.826	167
22	27	0	0	0	0	179.251	168
22	26	0	0	0	0	173.17	169
23	26	0	0	0	0	164.906	170
23	26	0	0	0	0	179.769	171
24	26	0	0	0	0	171.906	172
24	25	0	0	0	0	166.742	173
24	26	0	0	0	0	173.591	174
24	25	0	0	0	0	171.841	175
24	24	0	0	0	0	173.308	176
24	25	0	0	0	0	160.726	177
24	25	0	0	0	0	147.526	178
24	25	0	0	0	0	164.513	179
24	25	0	0	0	0	182.26	180
23	25	0	0	0	0	175.682	181
23	25	0	0	0	0	146.542	182
22	25	0	0	0	0	170.213	183
23	25	0	0	0	0	166.76	184
23	25	0	0	0	0	163.906	185
23	25	0	0	0	0	172.564	186
23	25	0	0	0	0	163.182	187
23	25	0	0	0	0	153.889	188
23	25	0	0	0	0	170.446	189
23	24	0	0	0	0	155.842	190
23	24	0	0	0	0	153.004	191
23	24	0	0	0	0	158.932	192
24	23	0	0	0	0	157.394	193
24	23	0	0	0	0	147.13	194
25	23	0	0	0	0	166.319	195
25	23	0	0	0	0	152.254	196
27	23	0	0	0	0	169.34	197
28	23	0	0	0	0	181.128	198
28	23	0	0	0	0	165.234	199
28	26	0	0	0	0	180.167	200
29	27	0	0	0	0	198.126	201
29	27	0	0	0	0	179.482	202
29	27	0	0	0	0	192.2	203
29	27	0	0	0	0	187.968	204
29	28	0	0	0	0	191.636	205
29	29	0	0	0	0	198.551	206
29	29	0	0	0	0	202.499	207
29	29	0	0	0	0	170.734	208
22	29	0	0	0	0	177.823	209
22	29	0	0	0	0	171.003	210
23	28	0	0	0	0	176.67	211
22	28	0	0	0	0	162.745	212
22	27	0	0	0	0	169.033	213
22	27	0	0	0	0	168.568	214
23	27	0	0	0	0	178.415	215
23	28	0	0	0	0	164.694	216
24	28	0	0	0	0	148.389	217
25	28	0	0	0	0	178.381	218
27	28	0	0	0	0	182.316	219
28	28	0	0	0	0	171.242	220
29	29	0	0	0	0	199.749	221
30	29	0	0	0	0	217.776	222
30	29	0	0	0	0	204.079	223
30	29	0	0	0	0	202.734	224
30	29	0	0	0	0	212.941	225
30	29	0	0	0	0	221.846	226
31	28	0	0	0	0	180.768	227
32	28	0	0	0	0	203.02	228
32	29	0	0	0	0	216.924	229
32	29	0	0	0	0	212.271	230
32	30	0	0	0	0	209.337	231
32	28	0	0	0	0	210.628	232
34	28	0	0	0	0	213.494	233
34	28	0	0	0	0	213.21	234
35	28	0	0	0	0	191.629	235
34	26	0	0	0	0	207.965	236
34	26	0	0	0	0	217.648	237
34	27	0	0	0	0	215.591	238
34	27	0	0	0	0	214.722	239
34	27	0	0	0	0	183.686	240
34	27	0	0	0	0	204.406	241
35	27	0	0	0	0	221.235	242
35	27	0	0	0	0	209.373	243
36	28	0	0	0	0	210.211	244
36	28	0	0	0	0	212.035	245
35	28	0	0	0	0	213.841	246
36	28	0	0	0	0	211.097	247
36	28	0	0	0	0	206.152	248
37	27	0	0	0	0	235.448	249
38	27	0	0	0	0	218.178	250
38	26	0	0	0	0	224.835	251
38	26	0	0	0	0	237.814	252
38	26	0	0	0	0	232.882	253
39	29	0	0	0	0	235.785	254
39	30	0	0	0	0	231.272	255
39	29	0	0	0	0	244.451	256
40	29	0	0	0	0	245.048	257
40	30	0	0	0	0	243.786	258
41	30	0	0	0	0	240.316	259
42	30	0	0	0	0	250.735	260
42	30	0	0	0	0	267.605	261
42	30	0	0	0	0	238.848	262
40	30	0	0	0	0	239.962	263
40	30	0	0	0	0	258.962	264
40	30	0	0	0	0	253.827	265
40	30	0	0	0	0	243.458	266
40	30	0	0	0	0	250.883	267
40	30	0	0	0	0	251.591	268
40	30	0	0	0	0	222.077	269
42	29	0	0	0	0	241.999	270
42	29	0	0	0	0	242.961	271
42	29	0	0	0	0	234.898	272
42	28	0	0	0	0	243.896	273
42	28	0	0	0	0	259.259	274
42	27	0	0	0	0	244.542	275
42	27	0	0	0	0	248.383	276
43	27	0	0	0	0	224.971	277
42	23	0	0	0	0	218.375	278
42	23	0	0	0	0	244.919	279
42	23	0	0	0	0	232.133	280
42	23	0	0	0	0	228.601	281
44	22	0	0	0	0	234.797	282
44	22	0	0	0	0	234.869	283
45	23	0	0	0	0	233.118	284
45	23	0	0	0	0	233.073	285
45	23	0	0	0	0	233.795	286
44	23	0	0	0	0	229.356	287
44	22	0	0	0	0	228.877	288
43	21	0	0	0	0	207.764	289
42	21	0	0	0	0	205.654	290
36	21	0	0	0	0	191.009	291
36	22	0	0	0	0	202.87	292
37	21	0	0	0	0	196.134	293
37	21	0	0	0	0	202.418	294
37	25	0	0	0	0	200.172	295
37	26	0	0	0	0	197.599	296
36	29	0	0	0	0	193.839	297
36	33	0	0	0	0	198.335	298
36	33	0	0	0	0	217.728	299
35	32	0	0	0	0	240.035	300
34	32	0	0	0	0	233.644	301
33	32	0	0	0	0	231.419	302
33	32	0	0	0	0	245.45	303
33	32	0	0	0	0	231.984	304
33	33	0	0	0	0	223.661	305
32	33	0	0	0	0	230.736	306
29	33	0	0	0	0	214.925	307
29	33	0	0	0	0	232.017	308
30	33	0	0	0	0	231.615	309
30	33	0	0	0	0	220.018	310
30	33	0	0	0	0	229.496	311
30	33	0	0	0	0	242.416	312
30	33	0	0	0	0	233.052	313
30	33	0	0	0	0	218.924	314
30	33	0	0	0	0	237.846	315
30	32	0	0	0	0	217.55	316
30	33	0	0	0	0	231.843	317
31	33	0	0	0	0	227.633	318
31	35	0	0	0	0	205.413	319
32	35	0	0	0	0	203.15	320
33	35	0	0	0	0	212.502	321
33	34	0	0	0	0	213.445	322
33	34	0	0	0	0	199.732	323
32	33	0	0	0	0	196.14	324
30	33	0	0	0	0	238.057	325
29	33	0	0	0	0	229.226	326
29	34	0	0	0	0	234.01	327
28	34	0	0	0	0	223.808	328
28	42	0	0	0	0	232.847	329
29	42	0	0	0	0	247.195	330
29	42	0	0	0	0	251.109	331
29	43	0	0	0	0	231.542	332
26	43	0	0	0	0	238.681	333
26	45	0	0	0	0	251.975	334
26	45	0	0	0	0	248.627	335
26	45	0	0	0	0	250.467	336
27	45	0	0	0	0	223.257	337
22	44	0	0	0	0	226.68	338
22	44	0	0	0	0	247.621	339
21	44	0	0	0	0	220.29	340
19	43	0	0	0	0	216.205	341
19	43	0	0	0	0	217.627	342
17	42	0	0	0	0	171.81	343
17	43	0	0	0	0	216.98	344
17	43	0	0	0	0	199.19	345
17	43	0	0	0	0	206.281	346
18	43	0	0	0	0	216.115	347
18	44	0	0	0	0	215.014	348
18	44	0	0	0	0	178.549	349
18	40	0	0	0	0	208.322	350
18	39	0	0	0	0	202.528	351
19	43	0	0	0	0	201.935	352
19	43	0	0	0	0	220.892	353
19	43	0	0	0	0	207.666	354
18	43	0	0	0	0	221.568	355
18	43	0	0	0	0	220.315	356
18	43	0	0	0	0	206.675	357
18	42	0	0	0	0	212.935	358
18	42	0	0	0	0	227.17	359
18	42	0	0	0	0	223.628	360
17	42	0	0	0	0	202.384	361
17	42	0	0	0	0	207.253	362
18	45	0	0	0	0	192.619	363
18	44	0	0	0	0	214.164	364
18	44	0	0	0	0	225.028	365
19	44	0	0	0	0	220.287	366
19	44	0	0	0	0	210.971	367
19	44	0	0	0	0	229.456	368
19	43	0	0	0	0	224.767	369
19	43	0	0	0	0	220.418	370
19	42	0	0	0	0	207.968	371
18	42	0	0	0	0	217.326	372
18	42	0	0	0	0	222.656	373
18	42	0	0	0	0	190.604	374
18	42	0	0	0	0	187.119	375
18	42	0	0	0	0	226.941	376
18	42	0	0	0	0	209.877	377
18	42	0	0	0	0	222.24	378
19	42	0	0	0	0	217.637	379
19	42	0	0	0	0	229.221	380
19	42	0	0	0	0	211.193	381
19	42	0	0	0	0	196.334	382
20	45	0	0	0	0	218.924	383
21	45	0	0	0	0	238.117	384
21	44	0	0	0	0	227.986	385
21	44	0	0	0	0	225.517	386
21	44	0	0	0	0	235.5	387
21	43	0	0	0	0	200.336	388
21	42	0	0	0	0	212.178	389
21	42	0	0	0	0	209.229	390
22	42	0	0	0	0	217.61	391
19	41	0	0	0	0	194.531	392
19	41	0	0	0	0	223.122	393
19	41	0	0	0	0	219.044	394
19	41	0	0	0	0	223.758	395
19	46	0	0	0	0	216.651	396
19	46	0	0	0	0	220.689	397
19	46	0	0	0	0	242.24	398
18	46	0	0	0	0	219.577	399
19	46	0	0	0	0	210.769	400
20	46	0	0	0	0	213.378	401
19	46	0	0	0	0	213.231	402
19	46	0	0	0	0	222.159	403
17	45	0	0	0	0	216.724	404
17	44	0	0	0	0	197.129	405
17	44	0	0	0	0	232.4	406
17	44	0	0	0	0	207.439	407
17	43	0	0	0	0	219.138	408
17	43	0	0	0	0	223.73	409
17	44	0	0	0	0	203.482	410
19	44	0	0	0	0	215.97	411
19	43	0	0	0	0	209.852	412
19	42	0	0	0	0	203.648	413
18	40	0	0	0	0	200.026	414
18	39	0	0	0	0	199.635	415
18	39	0	0	0	0	193.938	416
18	40	0	0	0	0	204.005	417
17	40	0	0	0	0	173.58	418
18	40	0	0	0	0	186.777	419
18	42	0	0	0	0	167.154	420
18	42	0	0	0	0	179.357	421
19	39	0	0	0	0	166.1	422
18	38	0	0	0	0	180.862	423
18	38	0	0	0	0	179.207	424
18	38	0	0	0	0	190.616	425
18	39	0	0	0	0	200.713	426
18	37	0	0	0	0	171.257	427
18	37	0	0	0	0	200.016	428
18	38	0	0	0	0	201.574	429
18	38	0	0	0	0	195.13	430
18	36	0	0	0	0	180.272	431
18	36	0	0	0	0	202.165	432
19	35	0	0	0	0	182.78	433
20	37	0	0	0	0	190.282	434
20	37	0	0	0	0	189.01	435
20	36	0	0	0	0	157.442	436
20	37	0	0	0	0	155.103	437
20	35	0	0	0	0	138.632	438
21	36	0	0	0	0	153.511	439
21	34	0	0	0	0	167.818	440
21	34	0	0	0	0	145.113	441
20	33	0	0	0	0	155.521	442
16	32	0	0	0	0	162.538	443
16	32	0	0	0	0	157.11	444
16	31	0	0	0	0	149.683	445
16	32	0	0	0	0	177.864	446
16	32	0	0	0	0	174.341	447
16	30	0	0	0	0	157.445	448
16	30	0	0	0	0	166.477	449
16	30	0	0	0	0	167.229	450
17	30	0	0	0	0	138.206	451
17	30	0	0	0	0	174.126	452
17	30	0	0	0	0	172.398	453
17	30	0	0	0	0	160.947	454
17	30	0	0	0	0	161.953	455
17	30	0	0	0	0	165.397	456
17	30	0	0	0	0	143.733	457
17	29	0	0	0	0	126.287	458
14	29	0	0	0	0	156.386	459
15	30	0	0	0	0	153.205	460
15	30	0	0	0	0	149.157	461
15	30	0	0	0	0	159.663	462
15	30	0	0	0	0	158.676	463
15	30	0	0	0	0	158.722	464
15	30	0	0	0	0	160.976	465
15	30	0	0	0	0	156.609	466
15	30	0	0	0	0	154.652	467
16	30	0	0	0	0	159.2	468
16	29	0	0	0	0	153.884	469
16	29	0	0	0	0	164.45	470
16	29	0	0	0	0	154.751	471
16	29	0	0	0	0	153.14	472
16	28	0	0	0	0	155.611	473
16	26	0	0	0	0	155.812	474
16	26	0	0	0	0	129.599	475
16	26	0	0	0	0	149.765	476
16	26	0	0	0	0	135.814	477
16	25	0	0	0	0	149.315	478
16	25	0	0	0	0	144.693	479
16	25	0	0	0	0	138.567	480
16	25	0	0	0	0	144.594	481
16	25	0	0	0	0	144.133	482
16	25	0	0	0	0	150.532	483
16	24	0	0	0	0	115.263	484
16	22	0	0	0	0	118.102	485
15	21	0	0	0	0	106.126	486
15	20	0	0	0	0	122.492	487
15	21	0	0	0	0	124.426	488
15	20	0	0	0	0	111.777	489
16	19	0	0	0	0	98.8985	490
16	17	0	0	0	0	112.405	491
15	18	0	0	0	0	109.179	492
15	18	0	0	0	0	104.031	493
15	17	0	0	0	0	110.057	494
14	19	0	0	0	0	92.8834	495
14	19	0	0	0	0	103.434	496
14	19	0	0	0	0	109.525	497
13	19	0	0	0	0	81.8687	498
14	19	0	0	0	0	103.259	499
14	19	0	0	0	0	110.038	500
14	19	0	0	0	0	111.107	501
13	21	0	0	0	0	111.088	502
13	22	0	0	0	0	110.756	503
14	21	0	0	0	0	106.727	504
15	24	0	0	0	0	110.547	505
17	24	0	0	0	0	133.266	506
19	26	0	0	0	0	147.521	507
19	26	0	0	0	0	160.411	508
20	26	0	0	0	0	154.134	509
20	26	0	0	0	0	142.02	510
22	26	0	0	0	0	152.141	511
22	26	0	0	0	0	172.834	512
23	25	0	0	0	0	172.539	513
23	25	0	0	0	0	155.518	514
23	30	0	0	0	0	181.284	515
23	30	0	0	0	0	190.087	516
23	30	0	0	0	0	186.432	517
23	30	0	0	0	0	182.26	518
23	30	0	0	0	0	183.657	519
23	30	0	0	0	0	197.131	520
23	30	0	0	0	0	156.348	521
22	30	0	0	0	0	185	522
23	29	0	0	0	0	179.849	523
23	28	0	0	0	0	156.962	524
23	28	0	0	0	0	180.82	525
23	28	0	0	0	0	185.662	526
23	28	0	0	0	0	185.419	527
23	28	0	0	0	0	178.55	528
23	29	0	0	0	0	160.545	529
23	28	0	0	0	0	164.7	530
24	28	0	0	0	0	193.299	531
24	28	0	0	0	0	175.929	532
23	27	0	0	0	0	170.06	533
25	27	0	0	0	0	166.186	534
27	27	0	0	0	0	197.352	535
28	28	0	0	0	0	191.421	536
28	27	0	0	0	0	189.573	537
28	26	0	0	0	0	191.536	538
27	26	0	0	0	0	171.077	539
28	26	0	0	0	0	187.81	540
28	26	0	0	0	0	176.397	541
28	25	0	0	0	0	187.475	542
28	25	0	0	0	0	201.832	543
28	25	0	0	0	0	187.35	544
28	25	0	0	0	0	169.335	545
28	22	0	0	0	0	180.685	546
28	22	0	0	0	0	180.867	547
28	22	0	0	0	0	168.368	548
28	22	0	0	0	0	179.744	549
28	22	0	0	0	0	164.23	550
28	24	0	0	0	0	175.907	551
29	28	0	0	0	0	188.274	552
29	28	0	0	0	0	161.763	553
29	28	0	0	0	0	181.48	554
31	28	0	0	0	0	213.122	555
31	28	0	0	0	0	209.282	556
32	29	0	0	0	0	202.235	557
32	29	0	0	0	0	198.087	558
32	29	0	0	0	0	192.217	559
31	29	0	0	0	0	188.723	560
25	29	0	0	0	0	181.125	561
26	30	0	0	0	0	205.745	562
26	30	0	0	0	0	203.786	563
26	30	0	0	0	0	192.394	564
27	29	0	0	0	0	181.974	565
28	29	0	0	0	0	201.131	566
28	29	0	0	0	0	213.478	567
28	29	0	0	0	0	198.835	568
28	29	0	0	0	0	190.369	569
28	29	0	0	0	0	205.041	570
28	30	0	0	0	0	215.277	571
28	29	0	0	0	0	191.286	572
28	29	0	0	0	0	189.509	573
28	29	0	0	0	0	182.083	574
28	29	0	0	0	0	199.602	575
28	29	0	0	0	0	218.547	576
28	29	0	0	0	0	207.693	577
28	29	0	0	0	0	195.459	578
26	29	0	0	0	0	191.656	579
26	29	0	0	0	0	210.152	580
27	29	0	0	0	0	204.504	581
27	29	0	0	0	0	200.622	582
27	29	0	0	0	0	189.197	583
27	29	0	0	0	0	202.018	584
27	29	0	0	0	0	190.497	585
27	29	0	0	0	0	191.634	586
28	29	0	0	0	0	170.221	587
28	29	0	0	0	0	201.111	588
28	28	0	0	0	0	200.682	589
28	28	0	0	0	0	200.682	590
29	28	0	0	0	0	199.598	591
29	28	0	0	0	0	193.18	592
29	28	0	0	0	0	215.492	593
29	28	0	0	0	0	215.913	594
30	28	0	0	0	0	203.422	595
30	28	0	0	0	0	212.71	596
29	28	0	0	0	0	205.282	597
30	28	0	0	0	0	189.846	598
30	28	0	0	0	0	192.94	599
30	30	0	0	0	0	199.314	600
30	37	0	0	0	0	211.82	601
30	37	0	0	0	0	201.751	602
30	37	0	0	0	0	212.841	603
30	37	0	0	0	0	205.937	604
30	36	0	0	0	0	228.731	605
30	36	0	0	0	0	226.29	606
30	34	0	0	0	0	205.217	607
30	34	0	0	0	0	189.432	608
30	34	0	0	0	0	227.017	609
28	34	0	0	0	0	222.313	610
27	35	0	0	0	0	212.03	611
27	35	0	0	0	0	219.55	612
28	35	0	0	0	0	213.734	613
28	36	0	0	0	0	198.039	614
28	37	0	0	0	0	215.241	615
27	38	0	0	0	0	224.305	616
27	39	0	0	0	0	222.567	617
26	39	0	0	0	0	210.333	618
26	39	0	0	0	0	231.799	619
26	39	0	0	0	0	225.655	620
26	39	0	0	0	0	232.716	621
25	39	0	0	0	0	227.806	622
25	39	0	0	0	0	222.157	623
25	40	0	0	0	0	244.79	624
25	40	0	0	0	0	215.018	625
25	40	0	0	0	0	231.409	626
24	40	0	0	0	0	213.323	627
23	40	0	0	0	0	215.101	628
23	41	0	0	0	0	224.743	629
23	41	0	0	0	0	233.098	630
23	41	0	0	0	0	228.537	631
24	43	0	0	0	0	228.659	632
24	43	0	0	0	0	234.338	633
24	45	0	0	0	0	240.592	634
24	51	0	0	0	0	206.416	635
25	51	0	0	0	0	224.75	636
25	51	0	0	0	0	233.942	637
25	50	0	0	0	0	274.655	638
25	49	0	0	0	0	246.431	639
26	51	0	0	0	0	262.295	640
26	51	0	0	0	0	266.161	641
26	51	0	0	0	0	269.973	642
26	51	0	0	0	0	270.306	643
23	51	0	0	0	0	251.482	644
24	50	0	0	0	0	276.823	645
25	49	0	0	0	0	222.372	646
25	50	0	0	0	0	266.74	647
25	50	0	0	0	0	251.093	648
24	49	0	0	0	0	248.031	649
25	49	0	0	0	0	237.853	650
25	49	0	0	0	0	229.738	651
25	47	0	0	0	0	259.115	652
25	47	0	0	0	0	241.773	653
24	47	0	0	0	0	235.135	654
24	46	0	0	0	0	232.643	655
22	45	0	0	0	0	215.655	656
20	43	0	0	0	0	222.256	657
19	44	0	0	0	0	236.509	658
19	45	0	0	0	0	229.147	659
19	45	0	0	0	0	211.645	660
21	45	0	0	0	0	239.019	661
22	45	0	0	0	0	248.275	662
23	45	0	0	0	0	225.066	663
22	45	0	0	0	0	229.583	664
22	42	0	0	0	0	226.312	665
22	42	0	0	0	0	204.387	666
22	46	0	0	0	0	225.032	667
22	46	0	0	0	0	226.717	668
22	46	0	0	0	0	251.669	669
22	46	0	0	0	0	251.89	670
22	46	0	0	0	0	237.387	671
22	47	0	0	0	0	227.19	672
22	47	0	0	0	0	237.883	673
22	47	0	0	0	0	224.963	674
22	48	0	0	0	0	242.685	675
17	48	0	0	0	0	226.014	676
17	47	0	0	0	0	227.848	677
17	47	0	0	0	0	225.031	678
17	47	0	0	0	0	227.994	679
16	47	0	0	0	0	220.973	680
16	46	0	0	0	0	192.152	681
16	46	0	0	0	0	184.013	682
17	48	0	0	0	0	193.2	683
18	50	0	0	0	0	187.181	684
18	50	0	0	0	0	173.536	685
18	50	0	0	0	0	187.998	686
19	50	0	0	0	0	176.224	687
20	48	0	0	0	0	187.91	688
21	48	0	0	0	0	185.685	689
20	50	0	0	0	0	190.544	690
18	50	0	0	0	0	185.05	691
18	50	0	0	0	0	191.362	692
18	48	0	0	0	0	232.233	693
18	47	0	0	0	0	221.949	694
18	47	0	0	0	0	227.268	695
18	47	0	0	0	0	222.144	696
18	46	0	0	0	0	196.428	697
18	45	0	0	0	0	228.713	698
18	45	0	0	0	0	214.716	699
18	45	0	0	0	0	214.504	700
19	45	0	0	0	0	229.719	701
19	43	0	0	0	0	222.553	702
19	43	0	0	0	0	205.268	703
19	43	0	0	0	0	226.107	704
19	43	0	0	0	0	206.269	705
20	43	0	0	0	0	205.732	706
20	43	0	0	0	0	222.046	707
21	42	0	0	0	0	219.778	708
20	42	0	0	0	0	207.19	709
21	42	0	0	0	0	222.645	710
21	41	0	0	0	0	232.18	711
21	40	0	0	0	0	215.824	712
21	40	0	0	0	0	213.283	713
21	41	0	0	0	0	209.651	714
21	41	0	0	0	0	233.924	715
21	41	0	0	0	0	215.2	716
22	41	0	0	0	0	233.525	717
23	41	0	0	0	0	215.495	718
23	40	0	0	0	0	222.305	719
23	40	0	0	0	0	205.423	720
23	40	0	0	0	0	209.829	721
23	40	0	0	0	0	210.701	722
22	40	0	0	0	0	218.047	723
22	39	0	0	0	0	212.395	724
23	39	0	0	0	0	184.428	725
23	42	0	0	0	0	230.281	726
24	42	0	0	0	0	206.469	727
24	45	0	0	0	0	241.833	728
26	45	0	0	0	0	225.23	729
27	45	0	0	0	0	233.181	730
29	45	0	0	0	0	241.363	731
29	44	0	0	0	0	234.333	732
29	44	0	0	0	0	270.892	733
30	44	0	0	0	0	253.885	734
28	44	0	0	0	0	232.283	735
28	43	0	0	0	0	231.066	736
26	42	0	0	0	0	243.189	737
26	42	0	0	0	0	246.161	738
27	44	0	0	0	0	224.148	739
28	43	0	0	0	0	225.005	740
28	42	0	0	0	0	220.203	741
31	43	0	0	0	0	229.445	742
31	42	0	0	0	0	218.775	743
31	42	0	0	0	0	252.154	744
31	42	0	0	0	0	227.012	745
30	42	0	0	0	0	242.473	746
30	42	0	0	0	0	229.094	747
28	40	0	0	0	0	234.322	748
27	40	0	0	0	0	239.061	749
28	39	0	0	0	0	224.559	750
29	45	0	0	0	0	228.749	751
30	45	0	0	0	0	254.071	752
30	43	0	0	0	0	248.518	753
30	43	0	0	0	0	254	754
31	43	0	0	0	0	255.406	755
31	43	0	0	0	0	261.667	756
31	43	0	0	0	0	259.16	757
31	46	0	0	0	0	251.175	758
29	45	0	0	0	0	244.982	759
29	44	0	0	0	0	253.259	760
29	44	0	0	0	0	239.266	761
30	44	0	0	0	0	239.592	762
31	46	0	0	0	0	274.676	763
31	46	0	0	0	0	270.737	764
31	44	0	0	0	0	260.859	765
31	43	0	0	0	0	259.019	766
32	43	0	0	0	0	256.877	767
31	43	0	0	0	0	265.611	768
32	43	0	0	0	0	237.142	769
32	42	0	0	0	0	270.267	770
32	42	0	0	0	0	259.706	771
33	42	0	0	0	0	263.989	772
34	42	0	0	0	0	261.045	773
35	42	0	0	0	0	269.694	774
35	42	0	0	0	0	262.264	775
35	42	0	0	0	0	253.437	776
35	41	0	0	0	0	263.548	777
35	41	0	0	0	0	260.423	778
35	42	0	0	0	0	256.16	779
35	42	0	0	0	0	268.744	780
35	42	0	0	0	0	259.888	781
35	40	0	0	0	0	268.952	782
35	39	0	0	0	0	260.643	783
36	38	0	0	0	0	241.493	784
36	34	0	0	0	0	249.048	785
37	34	0	0	0	0	247.211	786
37	34	0	0	0	0	247.364	787
37	33	0	0	0	0	223.501	788
38	32	0	0	0	0	240.039	789
38	30	0	0	0	0	232.76	790
37	29	0	0	0	0	235.17	791
36	29	0	0	0	0	230.727	792
36	30	0	0	0	0	231.971	793
37	30	0	0	0	0	238.671	794
37	30	0	0	0	0	203.666	795
37	28	0	0	0	0	228.313	796
37	30	0	0	0	0	228.418	797
37	31	0	0	0	0	238.288	798
37	31	0	0	0	0	217.72	799
37	31	0	0	0	0	234.118	800
38	33	0	0	0	0	228.976	801
37	33	0	0	0	0	221.808	802
37	32	0	0	0	0	233.152	803
37	33	0	0	0	0	225.988	804
38	33	0	0	0	0	233.837	805
36	33	0	0	0	0	237.107	806
34	33	0	0	0	0	210.07	807
35	32	0	0	0	0	209.841	808
35	35	0	0	0	0	230.641	809
35	33	0	0	0	0	235.54	810
36	34	0	0	0	0	233.988	811
35	33	0	0	0	0	216.654	812
33	33	0	0	0	0	231.873	813
32	32	0	0	0	0	223.261	814
34	32	0	0	0	0	230.744	815
34	33	0	0	0	0	228.486	816
35	32	0	0	0	0	229.663	817
32	32	0	0	0	0	220.183	818
32	33	0	0	0	0	217.269	819
33	33	0	0	0	0	216.173	820
33	34	0	0	0	0	229.871	821
33	35	0	0	0	0	214.956	822
31	35	0	0	0	0	211.997	823
31	35	0	0	0	0	233.246	824
30	34	0	0	0	0	224.193	825
30	35	0	0	0	0	233.343	826
30	35	0	0	0	0	221.907	827
29	35	0	0	0	0	226.449	828
31	35	0	0	0	0	219.579	829
31	35	0	0	0	0	241.229	830
31	35	0	0	0	0	240.897	831
31	36	0	0	0	0	218.835	832
27	36	0	0	0	0	230.335	833
27	36	0	0	0	0	215.691	834
27	37	0	0	0	0	212.962	835
27	37	0	0	0	0	199.789	836
27	36	0	0	0	0	216.164	837
28	36	0	0	0	0	228.073	838
28	34	0	0	0	0	220.619	839
28	34	0	0	0	0	215.716	840
28	34	0	0	0	0	206.549	841
30	36	0	0	0	0	210.816	842
30	35	0	0	0	0	240.805	843
30	35	0	0	0	0	221.69	844
30	35	0	0	0	0	249.806	845
30	35	0	0	0	0	240.936	846
30	36	0	0	0	0	238.05	847
30	36	0	0	0	0	213.028	848
30	36	0	0	0	0	201.489	849
30	37	0	0	0	0	216.208	850
28	37	0	0	0	0	210.343	851
27	37	0	0	0	0	219.986	852
28	37	0	0	0	0	190.674	853
29	36	0	0	0	0	222.264	854
27	36	0	0	0	0	209.087	855
27	36	0	0	0	0	218.471	856
26	36	0	0	0	0	200.775	857
26	36	0	0	0	0	222.496	858
25	36	0	0	0	0	202.486	859
23	36	0	0	0	0	213.047	860
23	36	0	0	0	0	225.205	861
23	36	0	0	0	0	211.732	862
23	36	0	0	0	0	189.763	863
23	35	0	0	0	0	198.496	864
23	35	0	0	0	0	204.161	865
24	35	0	0	0	0	218.143	866
23	36	0	0	0	0	198.091	867
23	36	0	0	0	0	218.796	868
23	36	0	0	0	0	187.667	869
24	36	0	0	0	0	214.584	870
24	36	0	0	0	0	210.706	871
26	37	0	0	0	0	210.339	872
26	37	0	0	0	0	222.739	873
28	38	0	0	0	0	229.638	874
29	38	0	0	0	0	196.462	875
30	37	0	0	0	0	199.934	876
31	36	0	0	0	0	220.73	877
31	35	0	0	0	0	230.359	878
31	35	0	0	0	0	227.29	879
29	35	0	0	0	0	206.267	880
30	35	0	0	0	0	217.914	881
30	35	0	0	0	0	207.854	882
31	35	0	0	0	0	220.589	883
32	34	0	0	0	0	228.546	884
33	34	0	0	0	0	228.082	885
36	35	0	0	0	0	234.929	886
37	34	0	0	0	0	236.884	887
38	34	0	0	0	0	237.862	888
38	34	0	0	0	0	241.989	889
39	34	0	0	0	0	260.754	890
41	34	0	0	0	0	262.651	891
42	34	0	0	0	0	263.462	892
42	35	0	0	0	0	261.095	893
42	33	0	0	0	0	245.449	894
43	32	0	0	0	0	243.794	895
43	31	0	0	0	0	261.441	896
43	30	0	0	0	0	258.456	897
43	30	0	0	0	0	256.555	898
43	29	0	0	0	0	254.452	899
43	27	0	0	0	0	225.664	900
43	25	0	0	0	0	221.807	901
42	24	0	0	0	0	220.566	902
42	24	0	0	0	0	215.866	903
42	20	0	0	0	0	191.164	904
42	20	0	0	0	0	210.88	905
42	19	0	0	0	0	210.474	906
42	21	0	0	0	0	189.568	907
42	22	0	0	0	0	216.9	908
42	22	0	0	0	0	190.347	909
42	22	0	0	0	0	235.788	910
42	22	0	0	0	0	240.447	911
42	22	0	0	0	0	227.743	912
42	21	0	0	0	0	196.107	913
43	21	0	0	0	0	225.379	914
43	21	0	0	0	0	227.08	915
43	21	0	0	0	0	212.82	916
43	22	0	0	0	0	214.265	917
45	22	0	0	0	0	247.323	918
46	23	0	0	0	0	231.318	919
46	24	0	0	0	0	234.117	920
47	24	0	0	0	0	233.615	921
47	24	0	0	0	0	233.034	922
46	24	0	0	0	0	217.138	923
37	24	0	0	0	0	188.502	924
37	24	0	0	0	0	198.244	925
36	24	0	0	0	0	199.598	926
36	24	0	0	0	0	209.197	927
35	25	0	0	0	0	210.384	928
35	25	0	0	0	0	223.649	929
35	25	0	0	0	0	206.159	930
35	26	0	0	0	0	207.866	931
35	26	0	0	0	0	209.997	932
35	26	0	0	0	0	208.108	933
35	26	0	0	0	0	190.783	934
34	27	0	0	0	0	201.425	935
29	28	0	0	0	0	182.622	936
28	29	0	0	0	0	186.521	937
28	29	0	0	0	0	197.775	938
26	29	0	0	0	0	162.323	939
26	29	0	0	0	0	163.298	940
32	29	0	0	0	0	182.683	941
32	29	0	0	0	0	156.024	942
33	30	0	0	0	0	167.476	943
28	30	0	0	0	0	137.334	944
27	31	0	0	0	0	193.212	945
27	31	0	0	0	0	199.862	946
27	31	0	0	0	0	195.888	947
27	30	0	0	0	0	172.705	948
28	30	0	0	0	0	210.093	949
28	29	0	0	0	0	167.472	950
29	29	0	0	0	0	200.411	951
29	29	0	0	0	0	181.706	952
29	29	0	0	0	0	208.649	953
30	28	0	0	0	0	204.204	954
30	28	0	0	0	0	201.477	955
31	28	0	0	0	0	187.917	956
31	28	0	0	0	0	172.594	957
31	27	0	0	0	0	188.691	958
33	25	0	0	0	0	199.726	959
33	25	0	0	0	0	204.426	960
33	24	0	0	0	0	196.57	961
33	24	0	0	0	0	205.358	962
33	23	0	0	0	0	173.283	963
34	23	0	0	0	0	193.582	964
34	22	0	0	0	0	196.477	965
35	22	0	0	0	0	180.702	966
35	22	0	0	0	0	188.23	967
34	22	0	0	0	0	193.012	968
34	21	0	0	0	0	190.398	969
34	20	0	0	0	0	190.047	970
34	20	0	0	0	0	179.884	971
34	20	0	0	0	0	204.714	972
35	20	0	0	0	0	199.039	973
36	20	0	0	0	0	178.442	974
37	20	0	0	0	0	182.977	975
38	20	0	0	0	0	214.221	976
38	19	0	0	0	0	170.127	977
38	19	0	0	0	0	206.367	978
38	17	0	0	0	0	179.679	979
38	16	0	0	0	0	195.68	980
38	16	0	0	0	0	181.892	981
37	16	0	0	0	0	182.087	982
37	16	0	0	0	0	183.678	983
36	16	0	0	0	0	157.749	984
36	16	0	0	0	0	178.067	985
37	16	0	0	0	0	170.372	986
37	15	0	0	0	0	186.915	987
36	16	0	0	0	0	164.536	988
36	18	0	0	0	0	180.694	989
36	19	0	0	0	0	186.331	990
37	20	0	0	0	0	184.852	991
37	20	0	0	0	0	194.891	992
37	19	0	0	0	0	182.003	993
37	19	0	0	0	0	185.902	994
38	19	0	0	0	0	190.282	995
38	20	0	0	0	0	187.448	996
38	19	0	0	0	0	179.863	997
34	20	0	0	0	0	188.259	998
34	20	0	0	0	0	193.214	999
34	20	0	0	0	0	194.159	1000
34	20	0	0	0	0	182.288	1001
34	19	0	0	0	0	171.766	1002
33	19	0	0	0	0	172.757	1003
33	19	0	0	0	0	179.85	1004
31	17	0	0	0	0	164.832	1005
31	17	0	0	0	0	171.654	1006
31	17	0	0	0	0	179.109	1007
31	17	0	0	0	0	171.473	1008
31	17	0	0	0	0	150.619	1009
31	17	0	0	0	0	167.232	1010
31	17	0	0	0	0	160.027	1011
31	17	0	0	0	0	158.067	1012
31	17	0	0	0	0	171.422	1013
30	17	0	0	0	0	153.57	1014
27	18	0	0	0	0	155.296	1015
27	18	0	0	0	0	141.813	1016
26	18	0	0	0	0	124.457	1017
26	18	0	0	0	0	158.053	1018
27	18	0	0	0	0	122.096	1019
27	18	0	0	0	0	146.408	1020
27	16	0	0	0	0	134.179	1021
27	17	0	0	0	0	159.032	1022
27	18	0	0	0	0	154.353	1023
27	19	0	0	0	0	151.573	1024
27	19	0	0	0	0	164.042	1025
28	19	0	0	0	0	157.942	1026
27	19	0	0	0	0	163.969	1027
27	19	0	0	0	0	147.994	1028
28	19	0	0	0	0	169.522	1029
28	19	0	0	0	0	139.532	1030
29	19	0	0	0	0	166.908	1031
29	19	0	0	0	0	140.442	1032
30	20	0	0	0	0	157.323	1033
30	21	0	0	0	0	150.506	1034
29	20	0	0	0	0	153.6	1035
29	19	0	0	0	0	158.99	1036
29	19	0	0	0	0	153.236	1037
27	18	0	0	0	0	114.609	1038
27	18	0	0	0	0	162.071	1039
28	18	0	0	0	0	168.268	1040
29	19	0	0	0	0	150.188	1041
29	19	0	0	0	0	153.907	1042
30	18	0	0	0	0	157.176	1043
30	21	0	0	0	0	149.019	1044
31	21	0	0	0	0	170.708	1045
32	21	0	0	0	0	177.325	1046
32	21	0	0	0	0	176.145	1047
32	21	0	0	0	0	182.853	1048
33	21	0	0	0	0	185.777	1049
33	21	0	0	0	0	193.345	1050
33	21	0	0	0	0	180.937	1051
33	21	0	0	0	0	185.763	1052
32	21	0	0	0	0	179.346	1053
32	23	0	0	0	0	186.384	1054
33	23	0	0	0	0	172.691	1055
33	24	0	0	0	0	204.587	1056
33	24	0	0	0	0	202.201	1057
35	24	0	0	0	0	209.413	1058
35	25	0	0	0	0	195.815	1059
35	25	0	0	0	0	192.462	1060
33	25	0	0	0	0	192.141	1061
33	31	0	0	0	0	198.936	1062
32	31	0	0	0	0	206.396	1063
32	31	0	0	0	0	213.607	1064
32	31	0	0	0	0	217.492	1065
32	31	0	0	0	0	217.695	1066
32	33	0	0	0	0	210.262	1067
32	33	0	0	0	0	244.124	1068
32	33	0	0	0	0	211.573	1069
32	34	0	0	0	0	218.81	1070
30	34	0	0	0	0	212.905	1071
31	34	0	0	0	0	225.128	1072
31	34	0	0	0	0	221.528	1073
31	34	0	0	0	0	239.818	1074
31	34	0	0	0	0	237.087	1075
31	34	0	0	0	0	198.043	1076
32	34	0	0	0	0	205.264	1077
32	34	0	0	0	0	233.569	1078
32	33	0	0	0	0	224.392	1079
32	33	0	0	0	0	236.26	1080
32	32	0	0	0	0	222.953	1081
32	32	0	0	0	0	229.242	1082
32	32	0	0	0	0	218.251	1083
32	35	0	0	0	0	233.163	1084
32	34	0	0	0	0	212.742	1085
33	33	0	0	0	0	218.734	1086
33	31	0	0	0	0	220.902	1087
33	31	0	0	0	0	211.99	1088
33	31	0	0	0	0	195.109	1089
33	32	0	0	0	0	215.882	1090
31	32	0	0	0	0	211.798	1091
30	32	0	0	0	0	217.222	1092
29	32	0	0	0	0	197.495	1093
29	33	0	0	0	0	230.04	1094
29	32	0	0	0	0	231.632	1095
29	32	0	0	0	0	230.286	1096
31	32	0	0	0	0	200.982	1097
32	32	0	0	0	0	231.979	1098
32	32	0	0	0	0	218.199	1099
32	32	0	0	0	0	244.883	1100
32	33	0	0	0	0	244.246	1101
32	33	0	0	0	0	238.574	1102
32	34	0	0	0	0	226.496	1103
32	34	0	0	0	0	236.808	1104
33	35	0	0	0	0	234.628	1105
33	35	0	0	0	0	216.13	1106
36	35	0	0	0	0	237.99	1107
36	35	0	0	0	0	233.78	1108
30	35	0	0	0	0	225.832	1109
30	35	0	0	0	0	229.502	1110
30	35	0	0	0	0	222.827	1111
30	35	0	0	0	0	239.221	1112
30	35	0	0	0	0	239.882	1113
29	34	0	0	0	0	193.885	1114
29	34	0	0	0	0	197.332	1115
29	34	0	0	0	0	233.065	1116
28	34	0	0	0	0	191.799	1117
28	37	0	0	0	0	217.444	1118
28	37	0	0	0	0	226.399	1119
28	37	0	0	0	0	214.085	1120
28	37	0	0	0	0	218.366	1121
27	37	0	0	0	0	221.999	1122
27	39	0	0	0	0	213.792	1123
27	39	0	0	0	0	211.055	1124
27	40	0	0	0	0	222.633	1125
24	40	0	0	0	0	190.485	1126
22	40	0	0	0	0	202.798	1127
22	40	0	0	0	0	221.904	1128
22	41	0	0	0	0	209.06	1129
22	40	0	0	0	0	225.966	1130
22	38	0	0	0	0	210.051	1131
22	37	0	0	0	0	210.832	1132
21	37	0	0	0	0	188.682	1133
17	36	0	0	0	0	183.055	1134
17	36	0	0	0	0	192.88	1135
17	36	0	0	0	0	188.415	1136
17	37	0	0	0	0	192.174	1137
17	36	0	0	0	0	171.782	1138
17	35	0	0	0	0	173.348	1139
17	35	0	0	0	0	185.639	1140
17	33	0	0	0	0	178.141	1141
17	33	0	0	0	0	178.953	1142
17	32	0	0	0	0	170.573	1143
17	32	0	0	0	0	178.917	1144
18	33	0	0	0	0	180.003	1145
19	33	0	0	0	0	183.877	1146
19	33	0	0	0	0	178.369	1147
19	34	0	0	0	0	179.409	1148
20	34	0	0	0	0	186.96	1149
20	35	0	0	0	0	166.1	1150
20	34	0	0	0	0	203.714	1151
20	35	0	0	0	0	196.874	1152
24	35	0	0	0	0	198.771	1153
24	35	0	0	0	0	190.801	1154
24	43	0	0	0	0	207.977	1155
24	45	0	0	0	0	218.612	1156
24	46	0	0	0	0	226.854	1157
24	45	0	0	0	0	245.617	1158
24	44	0	0	0	0	232.366	1159
23	44	0	0	0	0	243.069	1160
23	44	0	0	0	0	231.144	1161
23	44	0	0	0	0	228.595	1162
24	44	0	0	0	0	244.272	1163
23	44	0	0	0	0	251.854	1164
23	44	0	0	0	0	238.211	1165
24	44	0	0	0	0	230.946	1166
24	44	0	0	0	0	238.068	1167
24	47	0	0	0	0	241.422	1168
24	48	0	0	0	0	246.16	1169
25	48	0	0	0	0	248.306	1170
25	49	0	0	0	0	260.045	1171
25	49	0	0	0	0	262.187	1172
25	52	0	0	0	0	240.638	1173
26	52	0	0	0	0	239.7	1174
26	52	0	0	0	0	242.889	1175
26	52	0	0	0	0	238.424	1176
26	52	0	0	0	0	253.514	1177
26	51	0	0	0	0	246.564	1178
26	51	0	0	0	0	274.153	1179
25	51	0	0	0	0	260.541	1180
25	50	0	0	0	0	248.857	1181
24	50	0	0	0	0	258.793	1182
25	50	0	0	0	0	275.55	1183
25	52	0	0	0	0	268.81	1184
25	53	0	0	0	0	292.215	1185
25	53	0	0	0	0	272.443	1186
26	53	0	0	0	0	289.37	1187
26	53	0	0	0	0	277.282	1188
26	52	0	0	0	0	252.601	1189
26	53	0	0	0	0	268.063	1190
24	52	0	0	0	0	271.179	1191
25	51	0	0	0	0	272.445	1192
24	51	0	0	0	0	251.536	1193
22	51	0	0	0	0	260.329	1194
22	51	0	0	0	0	253.607	1195
22	51	0	0	0	0	260.386	1196
22	51	0	0	0	0	255.189	1197
22	52	0	0	0	0	262.506	1198
22	51	0	0	0	0	256.717	1199
22	51	0	0	0	0	257.304	1200
22	51	0	0	0	0	259.348	1201
23	51	0	0	0	0	248.132	1202
23	52	0	0	0	0	253.604	1203
23	52	0	0	0	0	249.62	1204
22	52	0	0	0	0	267.552	1205
22	52	0	0	0	0	253.523	1206
22	52	0	0	0	0	254.519	1207
22	51	0	0	0	0	244.447	1208
22	50	0	0	0	0	250.444	1209
22	51	0	0	0	0	232.484	1210
22	51	0	0	0	0	251.044	1211
22	47	0	0	0	0	225.54	1212
22	47	0	0	0	0	223.765	1213
22	47	0	0	0	0	244.649	1214
22	48	0	0	0	0	259.205	1215
23	48	0	0	0	0	242.228	1216
25	47	0	0	0	0	243.606	1217
25	46	0	0	0	0	244.75	1218
25	45	0	0	0	0	256.88	1219
26	45	0	0	0	0	255.699	1220
28	45	0	0	0	0	247.804	1221
28	46	0	0	0	0	253.554	1222
28	46	0	0	0	0	274.79	1223
27	45	0	0	0	0	253.587	1224
27	45	0	0	0	0	242.755	1225
27	45	0	0	0	0	254.353	1226
27	45	0	0	0	0	251.039	1227
27	45	0	0	0	0	256.04	1228
27	44	0	0	0	0	249.975	1229
27	45	0	0	0	0	242.481	1230
27	45	0	0	0	0	244.831	1231
27	45	0	0	0	0	261.804	1232
28	45	0	0	0	0	252.491	1233
28	44	0	0	0	0	257.366	1234
28	44	0	0	0	0	262.04	1235
28	44	0	0	0	0	257.266	1236
28	44	0	0	0	0	265.227	1237
28	47	0	0	0	0	251.236	1238
29	48	0	0	0	0	258.653	1239
29	47	0	0	0	0	262.113	1240
30	47	0	0	0	0	265.505	1241
30	48	0	0	0	0	275.23	1242
31	47	0	0	0	0	276.68	1243
32	47	0	0	0	0	263.217	1244
30	47	0	0	0	0	259.598	1245
30	46	0	0	0	0	258.09	1246
27	45	0	0	0	0	253.503	1247
27	45	0	0	0	0	263.276	1248
28	44	0	0	0	0	239.497	1249
28	44	0	0	0	0	244.36	1250
28	44	0	0	0	0	245.259	1251
28	44	0	0	0	0	239.446	1252
28	43	0	0	0	0	247.243	1253
27	43	0	0	0	0	247.258	1254
27	43	0	0	0	0	240.848	1255
27	43	0	0	0	0	248.31	1256
27	42	0	0	0	0	230.131	1257
27	42	0	0	0	0	229.843	1258
27	42	0	0	0	0	237.927	1259
27	42	0	0	0	0	243.85	1260
27	41	0	0	0	0	229.105	1261
27	41	0	0	0	0	231.351	1262
28	41	0	0	0	0	244.773	1263
29	41	0	0	0	0	238.945	1264
29	42	0	0	0	0	229.007	1265
29	42	0	0	0	0	227.816	1266
29	42	0	0	0	0	253.281	1267
29	40	0	0	0	0	234.572	1268
29	40	0	0	0	0	230.836	1269
29	40	0	0	0	0	238.207	1270
30	39	0	0	0	0	217.508	1271
31	39	0	0	0	0	232.31	1272
31	39	0	0	0	0	223.402	1273
31	39	0	0	0	0	228.972	1274
31	38	0	0	0	0	243.169	1275
31	38	0	0	0	0	239.031	1276
31	38	0	0	0	0	263.251	1277
32	38	0	0	0	0	240.177	1278
33	38	0	0	0	0	255.056	1279
33	38	0	0	0	0	237.251	1280
33	37	0	0	0	0	235.576	1281
33	37	0	0	0	0	244.529	1282
33	36	0	0	0	0	243.643	1283
33	36	0	0	0	0	228.487	1284
33	36	0	0	0	0	219.463	1285
34	36	0	0	0	0	204.356	1286
34	34	0	0	0	0	253.396	1287
34	34	0	0	0	0	239.439	1288
34	34	0	0	0	0	247.773	1289
34	34	0	0	0	0	251.267	1290
34	35	0	0	0	0	245.39	1291
35	35	0	0	0	0	235.124	1292
35	35	0	0	0	0	243.397	1293
35	45	0	0	0	0	229.152	1294
34	45	0	0	0	0	231.015	1295
34	45	0	0	0	0	285.09	1296
34	45	0	0	0	0	266.969	1297
33	45	0	0	0	0	267.976	1298
33	45	0	0	0	0	273.978	1299
34	45	0	0	0	0	274.168	1300
34	44	0	0	0	0	263.593	1301
34	44	0	0	0	0	250.149	1302
28	44	0	0	0	0	255.017	1303
28	44	0	0	0	0	242.665	1304
28	41	0	0	0	0	226.476	1305
29	40	0	0	0	0	211.153	1306
31	39	0	0	0	0	229.602	1307
30	39	0	0	0	0	229.463	1308
30	39	0	0	0	0	228.99	1309
30	40	0	0	0	0	227.712	1310
30	40	0	0	0	0	210.821	1311
31	40	0	0	0	0	215.468	1312
27	40	0	0	0	0	235.028	1313
26	40	0	0	0	0	210.622	1314
26	39	0	0	0	0	224.561	1315
24	38	0	0	0	0	220.596	1316
24	38	0	0	0	0	196.763	1317
24	37	0	0	0	0	200.475	1318
25	34	0	0	0	0	199.113	1319
25	34	0	0	0	0	202.068	1320
25	33	0	0	0	0	192.257	1321
26	33	0	0	0	0	193.993	1322
26	31	0	0	0	0	199.442	1323
26	31	0	0	0	0	198.199	1324
26	30	0	0	0	0	177.136	1325
25	30	0	0	0	0	198.051	1326
25	30	0	0	0	0	172.944	1327
24	30	0	0	0	0	175.546	1328
24	30	0	0	0	0	190.094	1329
25	30	0	0	0	0	180.893	1330
25	30	0	0	0	0	202.739	1331
25	30	0	0	0	0	163.961	1332
25	30	0	0	0	0	186.758	1333
24	29	0	0	0	0	189.819	1334
24	29	0	0	0	0	179.538	1335
25	37	0	0	0	0	181.822	1336
25	37	0	0	0	0	183.242	1337
25	37	0	0	0	0	195.802	1338
25	38	0	0	0	0	203.886	1339
25	37	0	0	0	0	213.464	1340
25	37	0	0	0	0	214.043	1341
25	36	0	0	0	0	229.986	1342
25	37	0	0	0	0	214.098	1343
25	37	0	0	0	0	217.854	1344
22	37	0	0	0	0	196.557	1345
22	37	0	0	0	0	200.598	1346
22	36	0	0	0	0	198.685	1347
22	38	0	0	0	0	212.044	1348
22	38	0	0	0	0	206.718	1349
21	38	0	0	0	0	210.401	1350
21	38	0	0	0	0	209.461	1351
21	38	0	0	0	0	193.428	1352
21	37	0	0	0	0	209.686	1353
22	37	0	0	0	0	195.124	1354
22	37	0	0	0	0	205.946	1355
22	37	0	0	0	0	194.14	1356
22	37	0	0	0	0	208.422	1357
22	38	0	0	0	0	212.824	1358
21	37	0	0	0	0	193.934	1359
21	36	0	0	0	0	194.145	1360
21	36	0	0	0	0	181.626	1361
20	35	0	0	0	0	194.217	1362
20	35	0	0	0	0	193.899	1363
20	34	0	0	0	0	197.294	1364
21	33	0	0	0	0	190.471	1365
21	33	0	0	0	0	182.461	1366
20	32	0	0	0	0	171.21	1367
20	33	0	0	0	0	181.234	1368
20	32	0	0	0	0	179.528	1369
20	32	0	0	0	0	163.602	1370
20	32	0	0	0	0	180.75	1371
20	33	0	0	0	0	175.986	1372
20	33	0	0	0	0	186.682	1373
19	33	0	0	0	0	178.652	1374
19	33	0	0	0	0	184.683	1375
20	33	0	0	0	0	172.186	1376
20	33	0	0	0	0	170.639	1377
20	33	0	0	0	0	166.083	1378
20	32	0	0	0	0	148.802	1379
20	32	0	0	0	0	168.853	1380
20	30	0	0	0	0	150.806	1381
21	32	0	0	0	0	174.319	1382
22	31	0	0	0	0	191.799	1383
22	31	0	0	0	0	171.569	1384
22	31	0	0	0	0	176.876	1385
21	31	0	0	0	0	157.938	1386
22	30	0	0	0	0	155.339	1387
23	28	0	0	0	0	145.22	1388
21	28	0	0	0	0	150.328	1389
21	28	0	0	0	0	133.495	1390
17	28	0	0	0	0	143.669	1391
18	29	0	0	0	0	143.798	1392
18	29	0	0	0	0	172.927	1393
18	29	0	0	0	0	169.873	1394
18	29	0	0	0	0	153.112	1395
18	27	0	0	0	0	147.915	1396
19	27	0	0	0	0	143.021	1397
20	26	0	0	0	0	143.286	1398
20	26	0	0	0	0	157.544	1399
20	26	0	0	0	0	161.394	1400
20	26	0	0	0	0	153.628	1401
20	26	0	0	0	0	151.749	1402
21	26	0	0	0	0	167.34	1403
20	26	0	0	0	0	165.447	1404
19	27	0	0	0	0	153.347	1405
19	27	0	0	0	0	157.925	1406
19	27	0	0	0	0	164.954	1407
19	27	0	0	0	0	148.78	1408
19	27	0	0	0	0	161.04	1409
19	27	0	0	0	0	158.6	1410
21	27	0	0	0	0	153.687	1411
23	27	0	0	0	0	165.854	1412
22	27	0	0	0	0	169.721	1413
21	27	0	0	0	0	152.854	1414
22	27	0	0	0	0	165.043	1415
22	27	0	0	0	0	177.716	1416
21	27	0	0	0	0	160.247	1417
21	28	0	0	0	0	177.054	1418
22	28	0	0	0	0	177.653	1419
22	28	0	0	0	0	157.321	1420
23	28	0	0	0	0	172.23	1421
25	28	0	0	0	0	187.537	1422
25	28	0	0	0	0	185.315	1423
25	27	0	0	0	0	189.589	1424
25	28	0	0	0	0	185.588	1425
25	28	0	0	0	0	182.232	1426
25	28	0	0	0	0	181.713	1427
25	28	0	0	0	0	198.948	1428
25	28	0	0	0	0	194.937	1429
25	27	0	0	0	0	179.672	1430
25	27	0	0	0	0	172.363	1431
25	27	0	0	0	0	188.601	1432
25	29	0	0	0	0	180.625	1433
24	29	0	0	0	0	160.161	1434
24	27	0	0	0	0	174.96	1435
24	27	0	0	0	0	169.386	1436
24	27	0	0	0	0	169.43	1437
24	27	0	0	0	0	157.015	1438
25	27	0	0	0	0	174.031	1439
24	27	0	0	0	0	172.25	1440
25	27	0	0	0	0	129.106	1441
19	27	0	0	0	0	122.08	1442
19	27	0	0	0	0	141.039	1443
19	23	0	0	0	0	127.977	1444
20	22	0	0	0	0	138.186	1445
20	20	0	0	0	0	145.276	1446
20	20	0	0	0	0	139.773	1447
20	20	0	0	0	0	124.634	1448
20	20	0	0	0	0	117.455	1449
20	20	0	0	0	0	143.131	1450
19	20	0	0	0	0	135.618	1451
18	20	0	0	0	0	131.194	1452
18	20	0	0	0	0	128.685	1453
19	20	0	0	0	0	126.812	1454
19	19	0	0	0	0	127.402	1455
19	19	0	0	0	0	133.923	1456
19	19	0	0	0	0	142.362	1457
19	19	0	0	0	0	118.506	1458
19	19	0	0	0	0	108.793	1459
19	18	0	0	0	0	129.838	1460
19	19	0	0	0	0	123.026	1461
19	19	0	0	0	0	123.813	1462
19	19	0	0	0	0	118.193	1463
20	19	0	0	0	0	127.841	1464
20	20	0	0	0	0	111.094	1465
20	20	0	0	0	0	135.56	1466
20	20	0	0	0	0	134.285	1467
20	20	0	0	0	0	132.74	1468
20	20	0	0	0	0	130.029	1469
20	19	0	0	0	0	115.576	1470
20	19	0	0	0	0	129.516	1471
20	19	0	0	0	0	113.678	1472
20	18	0	0	0	0	111.391	1473
19	17	0	0	0	0	119.003	1474
19	17	0	0	0	0	100.469	1475
18	17	0	0	0	0	106.436	1476
18	17	0	0	0	0	117.485	1477
18	16	0	0	0	0	104.905	1478
19	15	0	0	0	0	113.01	1479
19	15	0	0	0	0	117.006	1480
19	15	0	0	0	0	111.906	1481
19	15	0	0	0	0	98.8904	1482
19	15	0	0	0	0	105.054	1483
19	14	0	0	0	0	106.767	1484
17	14	0	0	0	0	94.4798	1485
17	11	0	0	0	0	83.4788	1486
17	11	0	0	0	0	99.8381	1487
17	11	0	0	0	0	97.4648	1488
17	11	0	0	0	0	98.6761	1489
18	11	0	0	0	0	90.0997	1490
19	11	0	0	0	0	96.3195	1491
19	11	0	0	0	0	98.978	1492
19	11	0	0	0	0	90.9588	1493
19	11	0	0	0	0	110.41	1494
19	11	0	0	0	0	111.535	1495
19	11	0	0	0	0	106.616	1496
19	11	0	0	0	0	99.5018	1497
19	11	0	0	0	0	89.5885	1498
19	12	0	0	0	0	104.079	1499
19	13	0	0	0	0	105.463	1500
19	13	0	0	0	0	93.8882	1501
20	13	0	0	0	0	105.15	1502
20	13	0	0	0	0	97.8096	1503
20	13	0	0	0	0	95.7523	1504
20	14	0	0	0	0	102.442	1505
19	14	0	0	0	0	107.802	1506
19	15	0	0	0	0	117.936	1507
19	14	0	0	0	0	90.6147	1508
19	13	0	0	0	0	115.31	1509
19	13	0	0	0	0	105.676	1510
19	13	0	0	0	0	102.049	1511
20	13	0	0	0	0	92.7669	1512
20	13	0	0	0	0	93.896	1513
19	14	0	0	0	0	94.45	1514
18	14	0	0	0	0	94.1423	1515
15	14	0	0	0	0	68.5488	1516
15	14	0	0	0	0	74.9031	1517
14	14	0	0	0	0	93.1634	1518
15	13	0	0	0	0	89.2879	1519
15	13	0	0	0	0	84.8636	1520
15	13	0	0	0	0	86.9112	1521
16	13	0	0	0	0	83.7299	1522
16	13	0	0	0	0	99.6038	1523
16	13	0	0	0	0	90.7373	1524
16	13	0	0	0	0	94.9068	1525
16	13	0	0	0	0	101.696	1526
17	13	0	0	0	0	97.7924	1527
17	13	0	0	0	0	94.1706	1528
16	13	0	0	0	0	88.2431	1529
16	13	0	0	0	0	91.6208	1530
17	13	0	0	0	0	90.699	1531
17	11	0	0	0	0	96.2845	1532
17	11	0	0	0	0	93.3534	1533
17	11	0	0	0	0	95.498	1534
19	10	0	0	0	0	74.2654	1535
23	10	0	0	0	0	100.606	1536
22	11	0	0	0	0	105.557	1537
23	11	0	0	0	0	107.692	1538
23	11	0	0	0	0	119.776	1539
24	10	0	0	0	0	104.344	1540
24	10	0	0	0	0	119.153	1541
24	9	0	0	0	0	107.713	1542
25	9	0	0	0	0	116.327	1543
25	9	0	0	0	0	113.924	1544
25	9	0	0	0	0	118.303	1545
25	9	0	0	0	0	110.986	1546
25	9	0	0	0	0	117.366	1547
26	9	0	0	0	0	111.266	1548
26	9	0	0	0	0	109.595	1549
25	8	0	0	0	0	111.535	1550
25	8	0	0	0	0	104.847	1551
25	9	0	0	0	0	111.431	1552
25	9	0	0	0	0	110.678	1553
25	9	0	0	0	0	104.697	1554
25	8	0	0	0	0	112.842	1555
25	8	0	0	0	0	120.198	1556
25	8	0	0	0	0	110.602	1557
25	8	0	0	0	0	106.398	1558
26	8	0	0	0	0	104.527	1559
26	9	0	0	0	0	107.1	1560
26	9	0	0	0	0	111.716	1561
28	11	0	0	0	0	117.201	1562
29	10	0	0	0	0	106.053	1563
30	12	0	0	0	0	133.676	1564
31	13	0	0	0	0	141.448	1565
32	13	0	0	0	0	146.733	1566
32	13	0	0	0	0	149.26	1567
32	13	0	0	0	0	146.013	1568
32	13	0	0	0	0	128.256	1569
33	13	0	0	0	0	130.218	1570
28	12	0	0	0	0	144.522	1571
28	12	0	0	0	0	122.365	1572
24	12	0	0	0	0	118.767	1573
24	12	0	0	0	0	115.067	1574
25	11	0	0	0	0	113.745	1575
26	10	0	0	0	0	119.519	1576
27	10	0	0	0	0	125.426	1577
27	10	0	0	0	0	127.086	1578
27	10	0	0	0	0	110.164	1579
28	10	0	0	0	0	119.401	1580
30	10	0	0	0	0	116.223	1581
30	10	0	0	0	0	130.771	1582
30	10	0	0	0	0	136.296	1583
30	10	0	0	0	0	130.835	1584
31	10	0	0	0	0	140.13	1585
31	10	0	0	0	0	133.077	1586
31	10	0	0	0	0	140.13	1587
31	10	0	0	0	0	139.975	1588
31	9	0	0	0	0	132.361	1589
31	9	0	0	0	0	133.23	1590
32	10	0	0	0	0	137.283	1591
33	10	0	0	0	0	134.138	1592
34	10	0	0	0	0	129.586	1593
34	10	0	0	0	0	160.301	1594
33	10	0	0	0	0	145.267	1595
33	12	0	0	0	0	149.58	1596
34	14	0	0	0	0	145.73	1597
34	14	0	0	0	0	141.303	1598
34	14	0	0	0	0	169.552	1599
33	14	0	0	0	0	165.693	1600
33	14	0	0	0	0	155.893	1601
33	14	0	0	0	0	156.19	1602
33	14	0	0	0	0	156.685	1603
33	16	0	0	0	0	156.028	1604
33	16	0	0	0	0	181.118	1605
33	16	0	0	0	0	180.346	1606
33	16	0	0	0	0	173.648	1607
33	16	0	0	0	0	163.844	1608
33	16	0	0	0	0	185.43	1609
33	16	0	0	0	0	185.568	1610
33	16	0	0	0	0	179.44	1611
33	16	0	0	0	0	180.814	1612
33	16	0	0	0	0	149.314	1613
33	16	0	0	0	0	172.758	1614
33	19	0	0	0	0	177.821	1615
34	20	0	0	0	0	165.511	1616
35	21	0	0	0	0	173.238	1617
34	21	0	0	0	0	190.486	1618
34	21	0	0	0	0	178.511	1619
34	21	0	0	0	0	147.435	1620
33	21	0	0	0	0	172.434	1621
31	21	0	0	0	0	156.376	1622
29	21	0	0	0	0	164.838	1623
28	21	0	0	0	0	168.086	1624
27	21	0	0	0	0	177.991	1625
27	21	0	0	0	0	166.427	1626
27	21	0	0	0	0	181.507	1627
27	21	0	0	0	0	174.124	1628
27	21	0	0	0	0	160.094	1629
27	21	0	0	0	0	170.817	1630
27	21	0	0	0	0	171.008	1631
27	22	0	0	0	0	172.076	1632
27	22	0	0	0	0	162.938	1633
27	22	0	0	0	0	163.088	1634
26	22	0	0	0	0	169.287	1635
26	21	0	0	0	0	161.742	1636
26	21	0	0	0	0	174.272	1637
26	21	0	0	0	0	157.841	1638
26	21	0	0	0	0	162.89	1639
26	21	0	0	0	0	151.179	1640
24	20	0	0	0	0	143.35	1641
24	20	0	0	0	0	149.56	1642
24	22	0	0	0	0	153.386	1643
24	22	0	0	0	0	159.409	1644
24	24	0	0	0	0	150.042	1645
24	24	0	0	0	0	166.96	1646
24	24	0	0	0	0	137.487	1647
24	24	0	0	0	0	164.311	1648
23	24	0	0	0	0	174.354	1649
23	27	0	0	0	0	134.088	1650
22	27	0	0	0	0	164.709	1651
20	27	0	0	0	0	167.251	1652
21	27	0	0	0	0	162.41	1653
21	26	0	0	0	0	169.22	1654
23	26	0	0	0	0	171.87	1655
23	26	0	0	0	0	181.675	1656
23	25	0	0	0	0	155.317	1657
23	25	0	0	0	0	163.338	1658
21	25	0	0	0	0	174.653	1659
22	25	0	0	0	0	165.752	1660
21	25	0	0	0	0	155.764	1661
22	25	0	0	0	0	148.253	1662
21	25	0	0	0	0	145.294	1663
21	25	0	0	0	0	160.629	1664
21	25	0	0	0	0	148.415	1665
22	24	0	0	0	0	151.621	1666
18	24	0	0	0	0	139.937	1667
18	24	0	0	0	0	152.086	1668
19	23	0	0	0	0	149.364	1669
19	23	0	0	0	0	113.801	1670
19	23	0	0	0	0	128.771	1671
19	21	0	0	0	0	143.94	1672
19	21	0	0	0	0	142.625	1673
19	21	0	0	0	0	128.356	1674
19	21	0	0	0	0	130.526	1675
22	23	0	0	0	0	129.141	1676
20	23	0	0	0	0	133.711	1677
20	23	0	0	0	0	134.332	1678
20	23	0	0	0	0	157.318	1679
21	23	0	0	0	0	151.891	1680
20	23	0	0	0	0	149.241	1681
20	23	0	0	0	0	147.163	1682
20	23	0	0	0	0	145.136	1683
20	22	0	0	0	0	152.171	1684
20	24	0	0	0	0	144.425	1685
20	24	0	0	0	0	139.627	1686
21	24	0	0	0	0	144.958	1687
21	23	0	0	0	0	145.367	1688
21	23	0	0	0	0	142.612	1689
21	22	0	0	0	0	155.813	1690
21	23	0	0	0	0	159.344	1691
21	23	0	0	0	0	151.552	1692
21	23	0	0	0	0	135.329	1693
21	23	0	0	0	0	141.251	1694
21	23	0	0	0	0	134.424	1695
22	24	0	0	0	0	157.385	1696
22	24	0	0	0	0	145.107	1697
22	24	0	0	0	0	136.497	1698
20	24	0	0	0	0	150.916	1699
20	25	0	0	0	0	145.626	1700
20	26	0	0	0	0	145.625	1701
20	25	0	0	0	0	164.209	1702
20	25	0	0	0	0	158.438	1703
20	25	0	0	0	0	140.965	1704
16	25	0	0	0	0	135.24	1705
16	25	0	0	0	0	142.131	1706
16	25	0	0	0	0	137.962	1707
16	25	0	0	0	0	141.838	1708
16	25	0	0	0	0	137.781	1709
14	25	0	0	0	0	127.847	1710
15	25	0	0	0	0	132.348	1711
15	25	0	0	0	0	120.412	1712
15	25	0	0	0	0	132.36	1713
15	24	0	0	0	0	130.393	1714
15	23	0	0	0	0	136.368	1715
15	24	0	0	0	0	132.909	1716
15	24	0	0	0	0	135.031	1717
15	24	0	0	0	0	130.577	1718
15	24	0	0	0	0	136.517	1719
15	24	0	0	0	0	137.484	1720
15	24	0	0	0	0	139.957	1721
15	24	0	0	0	0	137.212	1722
15	24	0	0	0	0	137.242	1723
15	27	0	0	0	0	135.292	1724
15	27	0	0	0	0	139.928	1725
16	27	0	0	0	0	139.29	1726
16	27	0	0	0	0	136.315	1727
16	27	0	0	0	0	137.263	1728
16	27	0	0	0	0	147.046	1729
18	27	0	0	0	0	149.683	1730
18	27	0	0	0	0	149.766	1731
18	27	0	0	0	0	147.508	1732
18	27	0	0	0	0	130.28	1733
18	28	0	0	0	0	153.34	1734
18	29	0	0	0	0	151.774	1735
18	29	0	0	0	0	153.601	1736
18	28	0	0	0	0	153.282	1737
18	28	0	0	0	0	148.752	1738
18	29	0	0	0	0	151.939	1739
17	29	0	0	0	0	151.766	1740
16	29	0	0	0	0	140.472	1741
16	29	0	0	0	0	159.917	1742
15	29	0	0	0	0	150.731	1743
18	29	0	0	0	0	150.323	1744
18	29	0	0	0	0	150.387	1745
17	28	0	0	0	0	152.926	1746
17	27	0	0	0	0	155.581	1747
17	27	0	0	0	0	154.835	1748
17	27	0	0	0	0	149.387	1749
17	26	0	0	0	0	148.646	1750
17	26	0	0	0	0	141.57	1751
17	26	0	0	0	0	140.256	1752
16	26	0	0	0	0	140.553	1753
18	25	0	0	0	0	141.969	1754
18	25	0	0	0	0	131.454	1755
18	25	0	0	0	0	143.184	1756
18	25	0	0	0	0	151.505	1757
18	25	0	0	0	0	138.678	1758
20	25	0	0	0	0	153.15	1759
22	25	0	0	0	0	153.652	1760
22	25	0	0	0	0	153.74	1761
22	25	0	0	0	0	149.409	1762
22	25	0	0	0	0	169.978	1763
22	25	0	0	0	0	144.632	1764
22	23	0	0	0	0	159.625	1765
22	23	0	0	0	0	146.024	1766
22	24	0	0	0	0	155.808	1767
22	24	0	0	0	0	140.403	1768
24	23	0	0	0	0	157.851	1769
25	23	0	0	0	0	159.87	1770
25	23	0	0	0	0	155.868	1771
25	23	0	0	0	0	160.364	1772
25	23	0	0	0	0	150.155	1773
24	23	0	0	0	0	160.041	1774
24	21	0	0	0	0	158.718	1775
24	21	0	0	0	0	147.356	1776
25	20	0	0	0	0	141.563	1777
25	20	0	0	0	0	152.698	1778
25	21	0	0	0	0	143.15	1779
25	21	0	0	0	0	144.543	1780
25	20	0	0	0	0	140.643	1781
26	20	0	0	0	0	151.214	1782
26	21	0	0	0	0	146.123	1783
27	20	0	0	0	0	138.809	1784
27	20	0	0	0	0	164.035	1785
27	20	0	0	0	0	158.336	1786
27	20	0	0	0	0	136.74	1787
27	20	0	0	0	0	157.095	1788
27	19	0	0	0	0	153.074	1789
27	18	0	0	0	0	143.248	1790
28	17	0	0	0	0	153.585	1791
28	17	0	0	0	0	151.936	1792
28	16	0	0	0	0	146.157	1793
27	16	0	0	0	0	160.706	1794
27	16	0	0	0	0	140.507	1795
28	16	0	0	0	0	150.432	1796
28	17	0	0	0	0	143.931	1797
28	17	0	0	0	0	154.762	1798
28	17	0	0	0	0	155.331	1799
28	16	0	0	0	0	154.161	1800
28	15	0	0	0	0	146.968	1801
28	17	0	0	0	0	148.272	1802
28	17	0	0	0	0	142.932	1803
28	17	0	0	0	0	158.251	1804
28	17	0	0	0	0	165.795	1805
28	17	0	0	0	0	155.278	1806
28	19	0	0	0	0	163.727	1807
27	19	0	0	0	0	150.333	1808
27	20	0	0	0	0	155.906	1809
27	21	0	0	0	0	173.811	1810
28	21	0	0	0	0	175.677	1811
28	25	0	0	0	0	178.654	1812
28	25	0	0	0	0	175.579	1813
29	25	0	0	0	0	184.993	1814
29	26	0	0	0	0	184.357	1815
30	26	0	0	0	0	170.616	1816
30	26	0	0	0	0	183.669	1817
29	26	0	0	0	0	188.687	1818
29	26	0	0	0	0	171.185	1819
29	25	0	0	0	0	174.537	1820
24	24	0	0	0	0	165.336	1821
24	24	0	0	0	0	167.392	1822
26	24	0	0	0	0	170.994	1823
26	24	0	0	0	0	175.633	1824
25	24	0	0	0	0	165.562	1825
26	24	0	0	0	0	163.654	1826
26	25	0	0	0	0	167.278	1827
26	25	0	0	0	0	161.249	1828
26	24	0	0	0	0	162.665	1829
26	24	0	0	0	0	160.131	1830
26	23	0	0	0	0	170.151	1831
27	22	0	0	0	0	177.707	1832
27	22	0	0	0	0	161.328	1833
27	22	0	0	0	0	166.965	1834
27	21	0	0	0	0	176.437	1835
27	21	0	0	0	0	174.428	1836
27	21	0	0	0	0	130.04	1837
27	21	0	0	0	0	173.401	1838
27	21	0	0	0	0	174.846	1839
27	21	0	0	0	0	150.508	1840
27	20	0	0	0	0	163.45	1841
28	20	0	0	0	0	161.061	1842
28	20	0	0	0	0	154.622	1843
28	20	0	0	0	0	164.244	1844
28	20	0	0	0	0	165.492	1845
27	20	0	0	0	0	166.856	1846
27	21	0	0	0	0	171.072	1847
27	21	0	0	0	0	155.96	1848
27	21	0	0	0	0	145.519	1849
27	20	0	0	0	0	156.224	1850
26	20	0	0	0	0	154.104	1851
26	20	0	0	0	0	147.266	1852
27	18	0	0	0	0	155.101	1853
27	17	0	0	0	0	154.815	1854
27	17	0	0	0	0	143.407	1855
26	17	0	0	0	0	135.92	1856
27	17	0	0	0	0	158.111	1857
27	17	0	0	0	0	142.652	1858
28	18	0	0	0	0	134.925	1859
28	19	0	0	0	0	154.564	1860
28	19	0	0	0	0	172.773	1861
28	19	0	0	0	0	157.711	1862
28	19	0	0	0	0	167.954	1863
28	19	0	0	0	0	167.584	1864
28	19	0	0	0	0	159.129	1865
28	18	0	0	0	0	145.97	1866
28	18	0	0	0	0	161.912	1867
28	18	0	0	0	0	158.077	1868
24	18	0	0	0	0	146.627	1869
24	18	0	0	0	0	151.26	1870
24	18	0	0	0	0	154.922	1871
24	17	0	0	0	0	132.034	1872
24	17	0	0	0	0	142.743	1873
24	16	0	0	0	0	143.603	1874
25	16	0	0	0	0	139.729	1875
25	16	0	0	0	0	134.803	1876
25	16	0	0	0	0	140.145	1877
25	16	0	0	0	0	134.068	1878
25	18	0	0	0	0	139.507	1879
25	17	0	0	0	0	158.881	1880
25	17	0	0	0	0	144.497	1881
25	18	0	0	0	0	150.574	1882
25	18	0	0	0	0	147.567	1883
24	18	0	0	0	0	142.276	1884
24	19	0	0	0	0	158.055	1885
24	19	0	0	0	0	158.636	1886
24	20	0	0	0	0	162.425	1887
24	20	0	0	0	0	152.872	1888
24	21	0	0	0	0	156.761	1889
24	20	0	0	0	0	137.716	1890
24	21	0	0	0	0	154.687	1891
24	21	0	0	0	0	160.843	1892
25	21	0	0	0	0	161.827	1893
23	21	0	0	0	0	154.072	1894
23	21	0	0	0	0	145.173	1895
23	21	0	0	0	0	137.549	1896
23	20	0	0	0	0	151.814	1897
22	20	0	0	0	0	141.419	1898
22	19	0	0	0	0	151.255	1899
22	19	0	0	0	0	150.795	1900
21	19	0	0	0	0	148.695	1901
21	19	0	0	0	0	150.647	1902
21	19	0	0	0	0	150.651	1903
21	19	0	0	0	0	117.56	1904
21	20	0	0	0	0	133.395	1905
21	21	0	0	0	0	143.212	1906
21	21	0	0	0	0	141.836	1907
21	21	0	0	0	0	122.694	1908
16	21	0	0	0	0	114.524	1909
14	22	0	0	0	0	115.219	1910
13	21	0	0	0	0	111.396	1911
14	22	0	0	0	0	121.222	1912
15	22	0	0	0	0	125.144	1913
15	22	0	0	0	0	119.012	1914
15	30	0	0	0	0	119.681	1915
14	34	0	0	0	0	145.971	1916
14	34	0	0	0	0	147.136	1917
14	34	0	0	0	0	157.132	1918
12	34	0	0	0	0	144.479	1919
12	35	0	0	0	0	161.12	1920
12	35	0	0	0	0	174.029	1921
12	35	0	0	0	0	138.54	1922
12	36	0	0	0	0	166.273	1923
11	36	0	0	0	0	165.969	1924
11	36	0	0	0	0	124.661	1925
11	36	0	0	0	0	171.168	1926
11	36	0	0	0	0	153.121	1927
11	36	0	0	0	0	168.265	1928
12	38	0	0	0	0	170.671	1929
12	38	0	0	0	0	169.87	1930
13	38	0	0	0	0	178.823	1931
13	38	0	0	0	0	182.711	1932
13	38	0	0	0	0	175.272	1933
13	37	0	0	0	0	174.241	1934
13	37	0	0	0	0	173.177	1935
13	37	0	0	0	0	165.599	1936
13	38	0	0	0	0	173.13	1937
13	38	0	0	0	0	170.018	1938
13	37	0	0	0	0	167.415	1939
13	37	0	0	0	0	166.767	1940
13	37	0	0	0	0	165.349	1941
13	37	0	0	0	0	167.503	1942
14	36	0	0	0	0	171.153	1943
14	36	0	0	0	0	189.309	1944
14	37	0	0	0	0	187.972	1945
14	37	0	0	0	0	176.71	1946
15	37	0	0	0	0	190.925	1947
15	36	0	0	0	0	187.109	1948
16	36	0	0	0	0	181.242	1949
16	37	0	0	0	0	176.39	1950
16	36	0	0	0	0	176.936	1951
17	36	0	0	0	0	189.552	1952
17	34	0	0	0	0	176.909	1953
17	34	0	0	0	0	172.874	1954
17	34	0	0	0	0	181.494	1955
18	35	0	0	0	0	186.686	1956
18	39	0	0	0	0	176.955	1957
17	38	0	0	0	0	171.148	1958
17	38	0	0	0	0	196.304	1959
17	38	0	0	0	0	192.895	1960
17	38	0	0	0	0	187.241	1961
17	35	0	0	0	0	176.515	1962
17	35	0	0	0	0	178.983	1963
17	34	0	0	0	0	174.47	1964
18	35	0	0	0	0	162.286	1965
14	35	0	0	0	0	166.823	1966
14	35	0	0	0	0	184.567	1967
14	35	0	0	0	0	165.419	1968
15	35	0	0	0	0	172.269	1969
15	34	0	0	0	0	180.086	1970
15	34	0	0	0	0	183.39	1971
15	34	0	0	0	0	164.786	1972
15	34	0	0	0	0	166.469	1973
16	34	0	0	0	0	167.886	1974
16	35	0	0	0	0	163.532	1975
16	35	0	0	0	0	194.916	1976
16	35	0	0	0	0	183.237	1977
15	36	0	0	0	0	171.873	1978
14	36	0	0	0	0	166.545	1979
14	36	0	0	0	0	170.668	1980
14	36	0	0	0	0	176.856	1981
13	36	0	0	0	0	176.419	1982
13	40	0	0	0	0	171.19	1983
13	44	0	0	0	0	185.197	1984
13	44	0	0	0	0	191.506	1985
13	44	0	0	0	0	191.807	1986
13	44	0	0	0	0	189.122	1987
12	44	0	0	0	0	194.259	1988
13	44	0	0	0	0	195.213	1989
14	45	0	0	0	0	210.735	1990
15	45	0	0	0	0	214.002	1991
15	45	0	0	0	0	219.958	1992
15	45	0	0	0	0	190.513	1993
15	44	0	0	0	0	188.495	1994
13	43	0	0	0	0	190.399	1995
14	42	0	0	0	0	187.521	1996
14	40	0	0	0	0	186.844	1997
14	40	0	0	0	0	183.593	1998
14	40	0	0	0	0	174.16	1999
12	39	0	0	0	0	173.693	2000
13	39	0	0	0	0	185.441	2001
13	39	0	0	0	0	194.448	2002
13	39	0	0	0	0	181.669	2003
13	39	0	0	0	0	174.778	2004
13	39	0	0	0	0	183.623	2005
13	39	0	0	0	0	178.553	2006
13	38	0	0	0	0	176.291	2007
13	37	0	0	0	0	177.07	2008
14	36	0	0	0	0	176.266	2009
14	36	0	0	0	0	185.606	2010
14	36	0	0	0	0	175.046	2011
14	36	0	0	0	0	161.215	2012
13	35	0	0	0	0	147.829	2013
13	34	0	0	0	0	152.617	2014
13	34	0	0	0	0	161.67	2015
13	34	0	0	0	0	127.285	2016
13	30	0	0	0	0	121.582	2017
13	30	0	0	0	0	134.189	2018
13	30	0	0	0	0	141.908	2019
13	28	0	0	0	0	142.945	2020
13	27	0	0	0	0	137.363	2021
13	26	0	0	0	0	120.085	2022
13	24	0	0	0	0	110.051	2023
13	24	0	0	0	0	123.918	2024
13	22	0	0	0	0	110.002	2025
13	21	0	0	0	0	90.6236	2026
13	21	0	0	0	0	100.323	2027
13	21	0	0	0	0	105.6	2028
13	19	0	0	0	0	88.607	2029
13	18	0	0	0	0	113.03	2030
13	18	0	0	0	0	94.2936	2031
13	18	0	0	0	0	101.341	2032
13	19	0	0	0	0	107.745	2033
13	19	0	0	0	0	102.393	2034
13	20	0	0	0	0	106.542	2035
13	18	0	0	0	0	104.149	2036
13	18	0	0	0	0	109.521	2037
13	18	0	0	0	0	101.992	2038
13	18	0	0	0	0	96.3754	2039
13	18	0	0	0	0	95.6185	2040
13	18	0	0	0	0	101.924	2041
13	18	0	0	0	0	101.615	2042
13	18	0	0	0	0	94.8934	2043
12	16	0	0	0	0	82.3419	2044
12	15	0	0	0	0	93.7519	2045
12	15	0	0	0	0	86.3487	2046
12	15	0	0	0	0	89.5246	2047
12	13	0	0	0	0	72.8415	2048
12	13	0	0	0	0	86.3128	2049
12	13	0	0	0	0	84.223	2050
12	13	0	0	0	0	84.745	2051
13	13	0	0	0	0	80.3218	2052
13	12	0	0	0	0	80.0164	2053
13	12	0	0	0	0	83.582	2054
13	12	0	0	0	0	84.5971	2055
13	12	0	0	0	0	81.0087	2056
14	12	0	0	0	0	84.7682	2057
14	12	0	0	0	0	87.4589	2058
14	13	0	0	0	0	78.397	2059
14	12	0	0	0	0	81.0006	2060
14	12	0	0	0	0	84.4448	2061
15	12	0	0	0	0	76.7366	2062
14	12	0	0.0833333	0	1	84.7341	2063
14	12	0.142857	0.366667	1	3	82.3939	2064
14	10	0.142857	0.45	1	4	58.8961	2065
13	8	0.22619	0.45	2	4	60.7043	2066
13	7	0.392857	0.45	4	4	64.7667	2067
13	7	0.47619	0.45	5	4	67.2073	2068
13	7	0.47619	0.45	5	4	63.7061	2069
13	6	0.47619	0.45	5	4	65.3077	2070
13	6	0.47619	0.45	5	4	57.1088	2071
13	6	0.47619	0.45	5	4	64.4959	2072
13	6	0.47619	0.45	5	4	64.733	2073
13	6	0.559524	0.45	6	4	60.52	2074
13	5	0.559524	0.45	6	4	60.6092	2075
13	5	0.559524	0.45	6	4	57.1661	2076
13	5	0.642857	0.616667	7	6	61.0833	2077
13	5	0.72619	0.616667	8	6	46.5517	2078
12	5	0.809524	0.616667	9	6	54.1167	2079
12	5	1.03571	0.707576	11	7	52.7614	2080
12	5	1.03571	0.707576	11	7	42.4096	2081
12	4	1.03571	0.707576	11	7	46.0781	2082
12	4	1.03571	0.707576	11	7	44.9896	2083
12	4	1.03571	0.707576	11	7	46.0074	2084
12	4	1.03571	0.707576	11	7	46.2752	2085
11	4	1.03571	0.707576	11	7	42.4008	2086
11	4	1.03571	0.707576	11	7	45.2638	2087
11	3	1.03571	0.707576	11	7	45.4477	2088
11	3	1.03571	0.881818	11	9	46.156	2089
11	3	1.03571	0.881818	11	9	41.1509	2090
10	3	1.03571	0.965152	11	10	40.5049	2091
10	3	1.03571	0.965152	11	10	41.5858	2092
10	3	1.03571	0.965152	11	10	38.851	2093
10	3	1.03571	0.965152	11	10	41.1509	2094
10	3	1.03571	0.965152	11	10	40.9162	2095
10	3	1.11905	0.965152	12	10	42.3708	2096
10	3	1.11905	0.965152	12	10	40.6815	2097
10	3	1.11905	1.10801	12	11	38.95	2098
10	3	1.11905	1.10801	12	11	41.0585	2099
10	3	1.11905	1.10801	12	11	42.4115	2100
10	3	1.11905	1.10801	12	11	36.2437	2101
10	3	1.2619	1.10801	13	11	42.6065	2102
10	3	1.2619	1.10801	13	11	38.1455	2103
10	3	1.17857	1.10801	12	11	43.0235	2104
10	3	1.17857	1.10801	12	11	37.0263	2105
9	3	1.17857	1.10801	12	11	35.6597	2106
8	3	1.09524	1.10801	11	11	29.0634	2107
7	3	1.09524	1.10801	11	11	31.3261	2108
7	3	1.09524	1.10801	11	11	18.473	2109
6	3	1.09524	1.10801	11	11	26.1896	2110
6	3	1.09524	1.10801	11	11	22.8948	2111
6	3	1.09524	1.10801	11	11	17.4273	2112
5	3	1.09524	1.10801	11	11	23.6904	2113
5	3	1.09524	1.10801	11	11	17.2819	2114
4	3	1.09524	1.10801	11	11	19.77	2115
4	3	1.0119	1.10801	10	11	11.3976	2116
2	3	0.845238	1.10801	8	11	12.2811	2117
2	3	0.761905	1.10801	7	11	12.2956	2118
2	3	0.761905	1.10801	7	11	12.3003	2119
2	3	0.761905	1.10801	7	11	8.84284	2120
2	3	0.761905	1.02468	7	10	7.57773	2121
2	3	0.761905	1.02468	7	10	8.95462	2122
2	3	0.595238	1.02468	5	10	6.83	2123
2	3	0.595238	1.02468	5	10	8.46491	2124
2	3	0.595238	1.02468	5	10	7.91919	2125
2	2	0.595238	0.941342	5	9	8.46491	2126
2	2	0.595238	0.941342	5	9	8.28069	2127
2	2	0.511905	0.941342	4	9	8.42248	2128
2	2	0.511905	0.858009	4	8	6.01155	2129
2	2	0.511905	0.774675	4	7	6.51444	2130
2	2	0.428571	0.691342	3	6	9.00942	2131
2	2	0.428571	0.608009	3	5	9.00942	2132
2	2	0.428571	0.524675	3	4	3.99877	2133
2	2	0.428571	0.524675	3	4	nan	2134
2	2	0.428571	0.433766	3	3	nan	2135
2	2	0.428571	0.433766	3	3	nan	2136
2	2	0.428571	0.342857	3	2	nan	2137
2	2	0.428571	0.342857	3	2	nan	2138
1	2	0	0.2	0	1	nan	2139
