unique_top_cov	unique_bot_cov	redundant_top_cov	redundant_bot_cov	raw_redundant_top_cov	raw_redundant_bot_cov	e_value	position
0	0	0	0	0	0	nan	1
1	0	0	0	0	0	nan	2
1	0	0	0	0	0	nan	3
1	5	0	0	0	0	-4.93657	4
1	5	0	0	0	0	-3.22953	5
1	5	0	0	0	0	-4.23885	6
3	5	0	0	0	0	-3.01129	7
3	5	0	0	0	0	20.7248	8
3	6	0	0	0	0	23.7007	9
3	6	0	0	0	0	23.492	10
3	6	0	0	0	0	24.1499	11
3	6	0	0	0	0	27.1859	12
3	6	0	0.333333	0	1	26.7566	13
3	6	0	0.333333	0	1	28.647	14
3	6	0	0.333333	0	1	27.5569	15
3	12	0	0.666667	0	2	27.047	16
3	12	0	0.666667	0	2	47.3355	17
3	12	0	1	0	3	46.1206	18
3	13	0	1	0	3	46.1666	19
3	13	0	1	0	3	47.7453	20
3	13	0	1	0	3	55.8154	21
3	13	0	1	0	3	54.2174	22
3	13	0	1	0	3	54.2174	23
3	13	0	1	0	3	57.0761	24
3	13	0	1	0	3	50.113	25
3	14	0	1	0	3	55.0184	26
3	14	0	1	0	3	56.5945	27
3	14	0	1	0	3	56.4586	28
3	14	0	1	0	3	56.8508	29
3	14	0	1	0	3	53.3095	30
3	15	0	1	0	3	57.7691	31
3	15	0	1	0	3	63.8057	32
3	15	0	1	0	3	60.0688	33
3	15	0	1	0	3	61.5465	34
3	15	0	1	0	3	64.8822	35
3	16	0	1	0	3	58.4744	36
3	16	0	1	0	3	59.0273	37
3	16	0	1	0	3	60.5537	38
3	16	0	1	0	3	66.3634	39
3	16	0	1	0	3	57.9753	40
3	19	0	1	0	3	67.1833	41
4	19	0	1	0	3	65.6596	42
4	19	0	1	0	3	76.6945	43
4	20	0	1	0	3	80.8944	44
4	20	0	1	0	3	80.8343	45
4	21	0	1	0	3	79.7525	46
4	21	0	1	0	3	87.6824	47
4	21	0	1	0	3	87.3397	48
4	21	0	1	0	3	86.7329	49
6	21	0	1	0	3	84.2648	50
6	22	0	1	0	3	99.029	51
6	22	0	1	0	3	93.9568	52
6	22	0	1	0	3	97.887	53
6	22	0	1	0	3	97.6376	54
6	22	0	1	0	3	93.5225	55
6	22	0	1	0	3	100.037	56
7	22	0	1	0	3	99.0093	57
7	22	0	1	0	3	96.2164	58
7	22	0	1	0	3	106.88	59
7	22	0	1	0	3	99.5178	60
7	22	0	1	0	3	100.595	61
7	22	0	1	0	3	102.714	62
7	22	0	1	0	3	102.581	63
8	22	0	0.666667	0	2	102.486	64
8	22	0	0.666667	0	2	102.365	65
9	22	0	0.666667	0	2	106.877	66
9	22	0	0.666667	0	2	104.663	67
9	22	0	0.666667	0	2	114.491	68
9	22	0	0.666667	0	2	104.81	69
10	22	0	0.666667	0	2	106.858	70
10	22	0	0.666667	0	2	114.625	71
10	22	0	0.666667	0	2	112.711	72
11	22	0	0.333333	0	1	112.914	73
11	22	0	0.333333	0	1	100.325	74
12	22	0	0.333333	0	1	113.251	75
12	22	0	0.333333	0	1	109.183	76
12	22	0	0.333333	0	1	125.816	77
12	22	0	0	0	0	117.021	78
13	22	0	0	0	0	120.325	79
13	22	0	0	0	0	119.93	80
13	22	0	0	0	0	128.694	81
13	22	0	0	0	0	119.139	82
14	22	0	0	0	0	122.004	83
15	22	0	0	0	0	130.747	84
15	22	0	0	0	0	129.345	85
16	22	0	0	0	0	131.899	86
16	22	0	0	0	0	128.244	87
17	22	0	0	0	0	129.552	88
17	22	0	0	0	0	132.572	89
17	23	0	0	0	0	123.071	90
17	23	0	0	0	0	134.315	91
17	23	0	0	0	0	130.793	92
17	23	0	0	0	0	136.411	93
18	23	0	0	0	0	138.951	94
19	23	0	0	0	0	135.473	95
19	22	0	0	0	0	130.957	96
20	22	0	0	0	0	147.909	97
20	23	0	0	0	0	139.958	98
20	22	0	0	0	0	148.812	99
20	22	0	0	0	0	147.831	100
20	22	0	0	0	0	150.059	101
20	22	0	0	0	0	143.36	102
20	22	0	0	0	0	139.499	103
20	22	0	0	0	0	142.654	104
20	24	0	0	0	0	145.686	105
22	23	0	0	0	0	153.195	106
23	23	0	0	0	0	166.487	107
22	23	0	0	0	0	156.323	108
22	23	0	0	0	0	149.432	109
22	23	0	0	0	0	167.77	110
22	23	0	0	0	0	159.183	111
22	23	0	0	0	0	150.127	112
23	23	0	0	0	0	154.596	113
23	23	0	0	0	0	152.466	114
23	23	0	0	0	0	152.245	115
23	23	0	0	0	0	154.873	116
23	23	0	0	0	0	156.855	117
23	23	0	0	0	0	166.945	118
23	23	0	0	0	0	162.232	119
22	23	0	0	0	0	160.007	120
22	23	0	0	0	0	162.094	121
22	23	0	0	0	0	146.945	122
22	22	0	0	0	0	149.714	123
21	22	0	0	0	0	152.632	124
21	22	0	0	0	0	144.236	125
21	21	0	0	0	0	15.3128	126
21	21	0	0	0	0	141.984	127
21	21	0	0	0	0	143.341	128
21	21	0	0	0	0	136.111	129
21	21	0	0	0	0	129.742	130
23	21	0	0	0	0	145.252	131
23	22	0	0	0	0	140.251	132
24	22	0	0	0	0	138.45	133
24	23	0	0	0	0	139.471	134
24	22	0	0	0	0	140.855	135
24	22	0	0	0	0	139.953	136
24	22	0	0	0	0	139.048	137
24	22	0	0	0	0	152.825	138
25	22	0	0	0	0	163.486	139
25	22	0	0	0	0	151.085	140
25	22	0	0	0	0	161.578	141
25	24	0	0	0	0	169.854	142
25	25	0	0	0	0	169.415	143
25	25	0	0	0	0	169.972	144
25	24	0	0	0	0	168.197	145
26	24	0	0	0	0	157.148	146
26	23	0	0	0	0	1.55548	147
26	24	0	0	0	0	169.546	148
26	24	0	0	0	0	170.425	149
26	23	0	0	0	0	177.032	150
26	23	0	0	0	0	166.824	151
25	23	0	0	0	0	161.728	152
25	22	0	0	0	0	-2.24848	153
25	19	0	0	0	0	156.545	154
25	19	0	0	0	0	-4.45455	155
25	20	0	0	0	0	149.762	156
24	20	0	0	0	0	141.841	157
24	20	0	0	0	0	150.153	158
24	19	0	0	0	0	143.537	159
24	22	0	0	0	0	148.147	160
24	23	0	0	0	0	151.093	161
24	25	0	0	0	0	168.037	162
24	27	0	0	0	0	156.222	163
24	27	0	0	0	0	154.107	164
25	27	0	0	0	0	165.234	165
25	25	0	0	0	0	168.379	166
24	25	0	0	0	0	4.0236	167
24	25	0	0	0	0	170.619	168
24	27	0	0	0	0	148.919	169
25	27	0	0	0	0	155.486	170
25	26	0	0	0	0	182.687	171
25	26	0	0	0	0	176.111	172
25	26	0	0	0	0	172.093	173
25	26	0	0	0	0	177.29	174
25	26	0	0	0	0	167.166	175
25	26	0	0	0	0	177.809	176
25	26	0	0	0	0	188.4	177
25	26	0	0	0	0	157.726	178
25	26	0	0	0	0	169.928	179
25	26	0	0	0	0	164.763	180
24	26	0	0	0	0	168.714	181
24	26	0	0	0	0	172.993	182
25	26	0	0	0	0	176.269	183
25	26	0	0	0	0	174.39	184
25	26	0	0	0	0	177.253	185
24	26	0	0	0	0	-2.28067	186
25	26	0	0	0	0	163.695	187
25	26	0	0	0	0	158.172	188
25	28	0	0	0	0	176.99	189
25	28	0	0	0	0	163.642	190
25	29	0	0	0	0	178.64	191
25	30	0	0	0	0	160.669	192
25	31	0	0	0	0	175.298	193
25	30	0	0	0	0	186.142	194
25	30	0	0	0	0	181.584	195
25	30	0	0	0	0	185.838	196
26	30	0	0	0	0	180.017	197
25	31	0	0	0	0	185.676	198
24	31	0	0	0	0	186.877	199
22	31	0	0	0	0	168.471	200
21	30	0	0	0	0	166.394	201
21	29	0	0	0	0	160.951	202
20	29	0	0	0	0	164.021	203
19	28	0	0	0	0	9.65207	204
19	28	0	0	0	0	134.168	205
18	28	0	0	0	0	138.583	206
18	27	0	0	0	0	146.704	207
18	27	0	0	0	0	142.842	208
19	27	0	0	0	0	140.707	209
18	27	0	0	0	0	9.05752	210
18	27	0	0	0	0	146.851	211
18	27	0	0	0	0	142.292	212
18	28	0	0	0	0	12.9482	213
18	28	0	0	0	0	139.555	214
18	28	0	0	0	0	135.005	215
17	28	0	0	0	0	147.01	216
17	28	0	0	0	0	139.498	217
17	28	0	0	0	0	143.602	218
17	27	0	0	0	0	141.851	219
16	27	0	0	0	0	145.811	220
16	27	0	0	0	0	148.859	221
16	27	0	0	0	0	142.929	222
16	27	0	0	0	0	146.027	223
17	27	0	0	0	0	140.25	224
17	27	0	0	0	0	14.3763	225
18	27	0	0	0	0	148.246	226
18	27	0	0	0	0	144.149	227
18	27	0	0	0	0	141.047	228
18	27	0	0	0	0	20.661	229
18	28	0	0	0	0	147.699	230
19	27	0	0	0	0	145.22	231
19	27	0	0	0	0	135.677	232
19	27	0	0	0	0	143.505	233
19	26	0	0	0	0	135.768	234
19	27	0	0	0	0	147.091	235
19	27	0	0	0	0	147.114	236
19	26	0	0	0	0	143.286	237
18	26	0	0	0	0	143.893	238
18	27	0	0	0	0	128.785	239
18	28	0	0	0	0	43.6906	240
18	28	0	0	0	0	153.73	241
18	28	0	0	0	0	144.729	242
18	28	0	0	0	0	132.683	243
16	28	0	0	0	0	133.927	244
13	28	0	0	0	0	127.213	245
13	28	0	0	0	0	139.966	246
12	28	0	0	0	0	120.059	247
12	28	0	0	0	0	127.587	248
12	27	0	0	0	0	51.0926	249
12	27	0	0	0	0	106.898	250
12	27	0	0	0	0	112.632	251
12	27	0	0	0	0	112.386	252
12	27	0	0	0	0	107.335	253
12	27	0	0.333333	0	1	108.114	254
12	25	0	0.333333	0	1	104.193	255
10	25	0	0.666667	0	2	111.862	256
9	25	0.333333	0.666667	1	2	111.937	257
9	25	0.333333	0.666667	1	2	102.258	258
9	25	0.333333	0.666667	1	2	103.988	259
9	25	0.333333	0.666667	1	2	112.278	260
9	25	0.333333	0.666667	1	2	96.9501	261
9	25	0.333333	0.666667	1	2	97.1545	262
9	24	0.333333	0.666667	1	2	95.336	263
9	24	0.333333	0.666667	1	2	103.381	264
8	24	0.333333	0.666667	1	2	96.3561	265
8	24	0.333333	0.666667	1	2	102.747	266
8	24	0.333333	0.666667	1	2	98.4534	267
8	24	0.333333	0.666667	1	2	104.656	268
8	24	0.333333	0.666667	1	2	98.7605	269
8	24	0.333333	0.666667	1	2	91.5273	270
7	24	0.333333	0.666667	1	2	85.0382	271
7	23	0.333333	0.666667	1	2	89.3827	272
6	23	0.333333	0.666667	1	2	84.091	273
6	23	0.333333	0.666667	1	2	89.1693	274
6	23	0.333333	0.666667	1	2	83.3771	275
6	23	0.333333	0.666667	1	2	89.6904	276
6	23	0.333333	0.666667	1	2	78.0509	277
6	23	0.333333	0.666667	1	2	90.3369	278
6	23	0.333333	0.666667	1	2	88.1987	279
6	23	0.333333	0.666667	1	2	85.4383	280
6	23	0.333333	0.666667	1	2	76.0236	281
6	21	0.333333	0.666667	1	2	84.1628	282
5	21	0.333333	0.666667	1	2	65.0459	283
5	20	0.333333	0.666667	1	2	70.4939	284
5	19	0.333333	0.666667	1	2	66.9931	285
5	19	0.333333	0.666667	1	2	71.157	286
5	19	0.333333	0.666667	1	2	76.3571	287
5	19	0.333333	0.666667	1	2	71.143	288
5	19	0.333333	0.666667	1	2	60.7693	289
5	19	0.333333	0.666667	1	2	62.0676	290
5	19	0.333333	0.666667	1	2	59.86	291
5	18	0.333333	0.666667	1	2	52.2225	292
5	18	0.333333	0.666667	1	2	62.7283	293
5	17	0.333333	0.666667	1	2	62.4512	294
5	16	0.333333	0.666667	1	2	56.0515	295
5	15	0.333333	0.666667	1	2	54.2867	296
5	15	0.333333	0.666667	1	2	50.3162	297
5	13	0.333333	0.666667	1	2	53.3328	298
5	13	0.333333	0.666667	1	2	42.845	299
5	13	0.333333	0.666667	1	2	53.6131	300
5	13	0.333333	0.666667	1	2	55.0746	301
5	13	0.333333	0.666667	1	2	50.0056	302
5	12	0.333333	0.666667	1	2	49.7317	303
5	12	0.333333	0.666667	1	2	50.581	304
5	12	0.333333	0.666667	1	2	51.1314	305
5	12	0.333333	0.666667	1	2	47.7913	306
5	12	0.333333	0.666667	1	2	49.6167	307
5	12	0.333333	0.666667	1	2	43.6802	308
5	12	0.333333	0.666667	1	2	48.5589	309
5	11	0.333333	0.666667	1	2	41.136	310
5	11	0.333333	0.666667	1	2	39.48	311
5	10	0.333333	0.666667	1	2	37.6621	312
5	10	0.333333	0.666667	1	2	36.0945	313
5	9	0.333333	0.666667	1	2	38.7683	314
5	9	0	0.666667	0	2	35.2777	315
5	9	0	0.666667	0	2	38.4369	316
5	9	0	0.666667	0	2	37.5534	317
5	9	0	0.666667	0	2	34.3776	318
5	7	0	0.333333	0	1	28.0356	319
5	7	0	0.333333	0	1	30.5405	320
5	7	0	0.333333	0	1	32.0795	321
5	7	0	0.333333	0	1	33.9074	322
5	7	0	0	0	0	30.7945	323
5	7	0	0	0	0	31.502	324
5	7	0	0	0	0	34.2255	325
5	7	0	0	0	0	31.1511	326
5	7	0	0	0	0	27.9223	327
4	7	0	0	0	0	nan	328
