unique_top_cov	unique_bot_cov	redundant_top_cov	redundant_bot_cov	raw_redundant_top_cov	raw_redundant_bot_cov	e_value	position
1	0	0	0	0	0	nan	1
1	0	0	0	0	0	-3.01129	2
1	0	0	0	0	0	-3.05609	3
1	0	0	0	0	0	-5.26648	4
1	0	0	0	0	0	-2.73237	5
2	0	0	0	0	0	-3.22953	6
2	0	0	0	0	0	-3.01129	7
2	0	0	0	0	0	-2.73237	8
3	0	0	0	0	0	-3.01129	9
3	0	0	0	0	0	-3.01129	10
3	0	0	0	0	0	-2.73237	11
3	0	0	0	0	0	2.07272	12
3	0	0	0	0	0	4.61816	13
3	0	0	0	0	0	3.77105	14
3	0	0	0	0	0	4.206	15
3	0	0	0	0	0	4.50048	16
3	0	0	0	0	0	1.88032	17
3	0	0	0	0	0	4.59558	18
3	0	0	0	0	0	3.50194	19
3	0	0	0	0	0	3.67763	20
3	0	0	0	0	0	4.044	21
3	0	0	0	0	0	3.77105	22
3	0	0	0	0	0	1.59839	23
3	0	0	0	0	0	4.206	24
3	1	0.333333	0	1	0	4.41943	25
3	1	0.333333	0	1	0	6.14776	26
3	1	0.333333	0	1	0	5.87123	27
4	1	0.333333	0	1	0	8.44412	28
4	3	0.333333	0	1	0	7.57962	29
4	3	0.333333	0	1	0	19.0036	30
5	3	0.333333	0	1	0	15.5905	31
5	3	0.333333	0	1	0	19.0442	32
5	3	0.333333	0	1	0	19.015	33
5	3	0.333333	0	1	0	21.7322	34
5	3	0.333333	0	1	0	19.7197	35
5	3	0.333333	0	1	0	23.4749	36
5	4	0.333333	0	1	0	24.6009	37
5	4	0.666667	0	2	0	24.7199	38
5	4	0.666667	0	2	0	25.2778	39
5	4	0.666667	0	2	0	26.8971	40
6	4	0.666667	0	2	0	27.9549	41
6	4	0.666667	0	2	0	27.1172	42
6	4	0.666667	0	2	0	28.4777	43
6	4	0.666667	0	2	0	31.095	44
6	4	0.666667	0	2	0	26.5917	45
7	4	0.666667	0	2	0	31.0416	46
7	4	0.666667	0	2	0	30.6967	47
7	4	0.666667	0	2	0	26.164	48
7	4	0.666667	0	2	0	32.196	49
7	4	0.666667	0	2	0	31.0785	50
7	4	0.666667	0	2	0	28.7724	51
7	4	0.666667	0	2	0	32.571	52
7	4	0.666667	0	2	0	34.7701	53
7	4	0.666667	0	2	0	31.9898	54
7	4	0.666667	0	2	0	36.6229	55
7	4	0.666667	0	2	0	34.2303	56
7	6	0.666667	0	2	0	35.2522	57
7	6	0.666667	0	2	0	33.2387	58
7	6	0.666667	0	2	0	41.3515	59
7	6	0.666667	0	2	0	43.6596	60
7	6	0.666667	0	2	0	41.5409	61
7	6	0.666667	0	2	0	40.2871	62
7	6	0.666667	0	2	0	42.7213	63
7	6	0.666667	0	2	0	41.3476	64
7	6	0.666667	0	2	0	43.1386	65
7	6	0.666667	0	2	0	43.1538	66
7	6	0.666667	0	2	0	42.4578	67
7	6	0.666667	0	2	0	40.8786	68
7	6	0.666667	0	2	0	42.4076	69
7	6	0.666667	0	2	0	36.9628	70
7	6	0.666667	0	2	0	42.8843	71
7	6	0.333333	0	1	0	38.1406	72
7	6	0.333333	0	1	0	38.1986	73
7	6	0.333333	0	1	0	38.8798	74
7	6	0.333333	0	1	0	39.237	75
7	6	0	0	0	0	38.8822	76
7	7	0	0	0	0	37.4834	77
7	7	0	0	0	0	40.6565	78
7	7	0	0	0	0	36.089	79
7	7	0	0	0	0	40.7708	80
7	7	0	0	0	0	44.1522	81
7	7	0	0	0	0	47.8566	82
7	7	0	0	0	0	48.2964	83
7	8	0	0	0	0	39.8172	84
7	8	0	0	0	0	48.6536	85
7	8	0	0	0	0	46.8517	86
7	8	0	0	0	0	44.7141	87
7	8	0	0	0	0	38.6561	88
7	8	0	0	0	0	52.8459	89
7	8	0	0	0	0	45.4872	90
7	8	0	0	0	0	48.6211	91
7	8	0	0	0	0	50.931	92
7	8	0	0	0	0	48.7999	93
7	10	0	0	0	0	49.2631	94
7	10	0	0	0	0	54.8448	95
7	10	0	0	0	0	57.1904	96
7	10	0	0	0	0	53.4132	97
7	10	0	0	0	0	54.4515	98
7	10	0	0	0	0	52.6398	99
7	10	0	0	0	0	56.8357	100
7	10	0	0	0	0	53.1784	101
7	9	0	0	0	0	52.8059	102
6	9	0	0	0	0	43.1406	103
6	9	0	0	0	0	47.9829	104
6	10	0	0	0	0	52.5652	105
6	10	0	0	0	0	41.7345	106
6	10	0	0	0	0	52.7253	107
5	10	0	0	0	0	47.931	108
5	10	0	0	0	0	46.6211	109
5	10	0	0	0	0	52.2218	110
5	10	0	0	0	0	50.1903	111
5	10	0	0	0	0	50.1903	112
5	10	0	0	0	0	52.3753	113
5	10	0	0	0	0	44.8545	114
5	10	0	0	0	0	48.9235	115
5	10	0	0	0	0	45.1682	116
6	9	0	0	0	0	48.7191	117
6	9	0	0	0	0	40.0767	118
6	9	0	0	0	0	51.7673	119
6	9	0	0	0	0	50.3944	120
6	9	0	0	0	0	46.372	121
6	9	0	0	0	0	51.2263	122
6	9	0	0	0	0	52.0775	123
6	9	0	0	0	0	50.3944	124
6	9	0	0	0	0	51.6633	125
6	9	0	0	0	0	51.9803	126
6	11	0	0	0	0	46.464	127
6	10	0	0	0	0	42.7616	128
6	10	0	0	0	0	52.2139	129
6	10	0	0	0	0	55.7661	130
6	10	0	0	0	0	47.2247	131
6	10	0	0	0	0	56.9811	132
7	10	0	0	0	0	53.9881	133
7	11	0	0	0	0	60.0914	134
8	11	0	0	0	0	60.386	135
8	12	0	0	0	0	54.431	136
8	12	0	0	0	0	55.181	137
8	12	0	0	0	0	61.7659	138
8	12	0	0	0	0	68.0675	139
8	12	0	0	0	0	65.8835	140
7	12	0	0	0	0	60.5303	141
7	12	0	0	0	0	50.118	142
6	12	0	0	0	0	61.6863	143
6	13	0	0	0	0	56.72	144
6	13	0	0	0	0	54.0205	145
6	13	0	0	0	0	54.1034	146
6	13	0	0	0	0	57.7959	147
5	13	0	0	0	0	52.2461	148
5	12	0	0	0	0	59.7045	149
5	12	0	0	0	0	42.4463	150
5	12	0	0	0	0	59.938	151
5	12	0	0	0	0	55.5693	152
5	12	0	0	0	0	53.3172	153
5	12	0	0	0	0	41.2483	154
5	12	0	0	0	0	60.7602	155
5	12	0	0	0	0	57.5245	156
5	12	0	0	0	0	56.5731	157
5	12	0	0	0	0	51.8966	158
5	12	0	0	0	0	56.6445	159
5	12	0	0	0	0	57.8411	160
5	12	0	0	0	0	54.5314	161
5	12	0	0	0	0	49.8896	162
5	12	0	0	0	0	57.483	163
5	12	0	0	0	0	60.7643	164
5	12	0	0	0	0	54.3501	165
6	12	0	0	0	0	50.399	166
6	12	0	0	0	0	53.69	167
7	12	0	0	0	0	45.0206	168
8	12	0	0	0	0	55.3256	169
7	12	0	0	0	0	60.311	170
7	12	0	0	0	0	59.118	171
7	12	0	0	0	0	60.4215	172
7	12	0	0	0	0	65.3804	173
7	12	0	0	0	0	63.374	174
7	11	0	0	0	0	61.9782	175
7	11	0	0	0	0	49.0047	176
7	11	0	0	0	0	48.0814	177
7	11	0	0	0	0	57.8964	178
8	11	0	0	0	0	60.1227	179
8	11	0	0	0	0	65.1452	180
8	11	0	0	0	0	53.0256	181
8	11	0	0	0	0	62.4573	182
8	12	0	0	0	0	65.405	183
8	12	0	0	0	0	63.4839	184
8	12	0	0	0	0	67.298	185
8	11	0	0	0	0	62.4699	186
8	11	0	0	0	0	61.3062	187
8	11	0	0	0	0	61.291	188
8	11	0	0	0	0	60.398	189
8	12	0	0	0	0	61.584	190
8	12	0	0	0	0	58.706	191
8	13	0	0	0	0	59.5078	192
8	13	0	0	0	0	64.8891	193
8	13	0	0	0	0	69.04	194
8	13	0	0	0	0	68.7476	195
8	13	0	0	0	0	72.8552	196
8	13	0	0	0	0	63.2804	197
8	13	0	0	0	0	60.961	198
8	13	0	0	0	0	67.5504	199
8	13	0	0	0	0	76.2148	200
8	13	0	0	0	0	62.3767	201
8	13	0	0	0	0	61.3908	202
8	13	0	0	0	0	72.5869	203
8	13	0	0	0	0	54.1502	204
7	13	0	0	0	0	63.9259	205
7	12	0	0	0	0	64.8683	206
7	12	0	0	0	0	60.8785	207
7	13	0	0	0	0	61.769	208
7	13	0	0	0	0	58.735	209
7	13	0	0	0	0	49.3257	210
6	13	0	0	0	0	54.7855	211
5	13	0	0	0	0	52.6281	212
5	12	0	0	0	0	39.8168	213
6	10	0	0	0	0	52.2188	214
6	10	0	0	0	0	52.7018	215
6	10	0	0	0	0	31.5882	216
6	10	0	0	0	0	45.4428	217
6	10	0	0	0	0	50.3944	218
6	10	0	0	0	0	47.6409	219
6	10	0	0	0	0	42.3177	220
6	10	0	0	0	0	44.0914	221
6	10	0	0	0	0	40.4226	222
6	10	0	0	0	0	42.6343	223
6	10	0	0	0	0	43.6598	224
6	10	0	0	0	0	41.916	225
6	10	0	0	0	0	41.4083	226
6	8	0	0	0	0	41.5084	227
5	8	0	0	0	0	42.6439	228
5	8	0	0	0	0	43.8172	229
5	8	0	0	0	0	35.6497	230
5	8	0	0	0	0	43.3667	231
5	8	0	0	0	0	42.6078	232
5	8	0	0	0	0	44.9286	233
5	8	0	0	0	0	40.3707	234
5	8	0	0	0	0	41.2477	235
5	8	0	0	0	0	40.4709	236
5	7	0	0	0	0	39.2364	237
5	7	0	0	0	0	38.7947	238
5	7	0	0	0	0	39.237	239
5	7	0	0	0	0	40.8179	240
5	7	0	0	0	0	33.4099	241
5	7	0	0	0	0	30.6038	242
5	7	0	0	0	0	38.794	243
5	7	0	0	0	0	40.9463	244
6	7	0	0	0	0	33.6566	245
6	7	0	0	0	0	44.0139	246
6	7	0	0	0	0	41.3106	247
6	7	0	0	0	0	42.7283	248
6	7	0	0	0	0	42.7155	249
6	7	0	0	0	0	40.7019	250
6	7	0	0	0	0	37.55	251
6	7	0	0	0	0	36.6554	252
6	7	0	0	0	0	43.385	253
6	7	0	0	0	0	36.1136	254
6	7	0	0	0	0	40.1679	255
6	7	0	0	0	0	42.5052	256
6	7	0	0	0	0	37.9097	257
6	7	0	0	0	0	40.7988	258
6	7	0	0	0	0	42.6927	259
6	7	0	0	0	0	36.0192	260
6	8	0	0	0	0	42.6927	261
6	8	0	0	0	0	39.0657	262
6	8	0	0	0	0	36.6693	263
6	7	0	0	0	0	40.795	264
6	7	0	0	0	0	37.8717	265
6	7	0	0	0	0	31.8939	266
5	7	0	0	0	0	33.1038	267
5	7	0	0	0	0	40.4576	268
5	7	0	0	0	0	37.8049	269
5	8	0	0	0	0	25.0222	270
4	9	0	0	0	0	34.4662	271
4	9	0	0	0	0	35.9292	272
4	9	0	0	0	0	42.0139	273
4	9	0.333333	0	1	0	33.2023	274
4	9	0.333333	0	1	0	36.3938	275
4	9	0.333333	0.333333	1	1	37.9505	276
4	9	0.333333	0.333333	1	1	34.5418	277
4	9	0.333333	0.333333	1	1	35.2768	278
3	9	0.333333	0.333333	1	1	30.1544	279
3	9	0.333333	0.333333	1	1	34.7156	280
3	9	0.333333	0.333333	1	1	37.422	281
3	9	0.333333	0.333333	1	1	33.9802	282
3	9	0.333333	0.333333	1	1	34.733	283
3	9	0.333333	0.333333	1	1	28.1192	284
1	9	0.333333	0.333333	1	1	28.7616	285
1	9	0.333333	0.333333	1	1	26.7691	286
1	9	0.333333	0.333333	1	1	21.3224	287
1	9	0.333333	0.333333	1	1	25.4039	288
1	8	0.333333	0.333333	1	1	21.7849	289
1	8	0.333333	0.333333	1	1	23.2459	290
1	8	0.333333	0.333333	1	1	27.2519	291
1	8	0.333333	0.333333	1	1	17.9651	292
1	8	0.333333	0.333333	1	1	19.4943	293
1	6	0.333333	0.333333	1	1	19.4311	294
1	6	0.333333	0.333333	1	1	19.4423	295
1	6	0.333333	0.333333	1	1	16.6016	296
1	6	0.333333	0.333333	1	1	15.8716	297
1	6	0.333333	0.333333	1	1	15.6241	298
0	6	0.333333	0.333333	1	1	12.4901	299
0	5	0.333333	0.333333	1	1	8.34338	300
0	5	0.333333	0.333333	1	1	7.80822	301
0	5	0.333333	0.333333	1	1	9.53129	302
0	5	0.333333	0.333333	1	1	11.9868	303
0	5	0.333333	0.333333	1	1	10.0518	304
0	5	0.333333	0.333333	1	1	11.4984	305
0	5	0.333333	0.333333	1	1	12.001	306
0	5	0.333333	0.333333	1	1	10.6075	307
0	5	0.333333	0.333333	1	1	11.6655	308
0	5	0.333333	0.333333	1	1	11.8801	309
0	5	0.333333	0.333333	1	1	11.8899	310
0	5	0.333333	0.333333	1	1	12.5569	311
0	5	0.333333	0.333333	1	1	11.9018	312
0	5	0.333333	0.333333	1	1	10.374	313
0	5	0.333333	0.333333	1	1	10.6231	314
0	5	0.333333	0.333333	1	1	10.8324	315
0	5	0.333333	0.333333	1	1	12.001	316
0	5	0.333333	0.333333	1	1	7.27625	317
0	5	0.333333	0.333333	1	1	4.1927	318
0	5	0.333333	0.333333	1	1	3.8552	319
0	4	0.333333	0.333333	1	1	2.84314	320
0	4	0.333333	0.333333	1	1	4.34838	321
0	3	0.333333	0.333333	1	1	3.53014	322
0	3	0.333333	0.333333	1	1	1.7098	323
0	3	0.333333	0.333333	1	1	0.195399	324
0	3	0.333333	0.333333	1	1	0.46988	325
0	2	0.333333	0.333333	1	1	0.390454	326
0	2	0.333333	0.333333	1	1	-1.19239	327
0	2	0.333333	0.333333	1	1	0.46988	328
0	2	0.333333	0.333333	1	1	0.367836	329
0	2	0.333333	0.333333	1	1	0.0766371	330
0	2	0.333333	0.333333	1	1	-3.09489	331
0	2	0.333333	0.333333	1	1	-3.09489	332
0	1	0.333333	0.333333	1	1	-3.37704	333
0	1	0.333333	0.333333	1	1	-3.70418	334
0	1	0.333333	0.333333	1	1	-3.2335	335
0	1	0.333333	0.333333	1	1	-3.37704	336
0	1	0.333333	0.333333	1	1	-3.70418	337
0	1	0	0.333333	0	1	-3.43039	338
0	1	0	0.333333	0	1	-3.2335	339
0	1	0	0.333333	0	1	-3.09489	340
0	1	0	0.333333	0	1	-3.09489	341
0	1	0	0.333333	0	1	-3.08837	342
0	1	0	0.333333	0	1	-3.70418	343
0	1	0	0.333333	0	1	-3.08837	344
0	1	0	0.333333	0	1	-3.2335	345
0	1	0	0.333333	0	1	nan	346
0	1	0	0	0	0	nan	347
0	0	0	0	0	0	nan	348
0	0	0	0	0	0	nan	349
0	0	0	0	0	0	nan	350
