unique_top_cov	unique_bot_cov	redundant_top_cov	redundant_bot_cov	raw_redundant_top_cov	raw_redundant_bot_cov	e_value	position
1	1	0	0	0	0	nan	1
1	1	0	0	0	0	nan	2
1	2	0	0	0	0	-1.24688	3
1	3	0	0	0	0	2.39983	4
1	3	0	0	0	0	5.08122	5
1	3	0	0	0	0	5.07619	6
1	3	0	0	0	0	4.70389	7
1	3	0	0	0	0	5.81871	8
1	3	0	0	0	0	4.13131	9
1	3	0	0	0	0	5.40988	10
1	3	0	0	0	0	5.31869	11
1	3	0	0	0	0	5.40188	12
1	3	0	0	0	0	5.72584	13
1	3	0	0	0	0	5.13249	14
1	3	0.333333	0	1	0	2.7844	15
1	4	0.333333	0.666667	1	2	5.31869	16
1	4	0.333333	0.666667	1	2	4.39099	17
1	4	0.333333	0.666667	1	2	5.31869	18
1	4	0.333333	0.666667	1	2	8.40675	19
1	4	0.333333	0.666667	1	2	8.90668	20
1	4	0.333333	0.666667	1	2	9.10895	21
1	4	0.333333	0.666667	1	2	9.6263	22
1	4	0.333333	0.666667	1	2	4.5044	23
1	4	0.333333	0.666667	1	2	9.68104	24
1	4	0.333333	0.666667	1	2	7.21178	25
1	4	0.333333	0.666667	1	2	9.68104	26
1	4	0.333333	0.666667	1	2	8.13529	27
1	4	0.333333	0.666667	1	2	8.98014	28
1	4	0.333333	0.666667	1	2	9.68104	29
1	4	0.333333	0.666667	1	2	9.64767	30
1	4	0.333333	0.666667	1	2	8.98698	31
1	4	0.333333	0.666667	1	2	9.63395	32
1	4	0.333333	0.666667	1	2	9.09665	33
1	4	0.333333	0.666667	1	2	8.85286	34
1	4	0.333333	0.666667	1	2	8.1033	35
1	4	0.333333	0.666667	1	2	7.71544	36
1	4	0.333333	0.666667	1	2	8.90328	37
1	4	0.333333	0.666667	1	2	9.67844	38
1	4	0.333333	0.666667	1	2	8.1033	39
1	4	0.333333	0.666667	1	2	5.93834	40
1	4	0.333333	0.666667	1	2	9.68104	41
1	4	0.333333	0.666667	1	2	8.98797	42
1	5	0.333333	0.666667	1	2	7.15969	43
2	5	0.333333	0.666667	1	2	9.00155	44
2	5	0.333333	0.666667	1	2	16.7379	45
2	5	0.333333	0.666667	1	2	16.2036	46
2	5	0.333333	0.666667	1	2	15.44	47
2	5	0.333333	0.666667	1	2	16.4186	48
2	5	0.333333	0.666667	1	2	17.2356	49
2	5	0.333333	0.666667	1	2	14.3503	50
2	5	0.333333	0.666667	1	2	17.4635	51
2	5	0.333333	0.666667	1	2	16.6264	52
2	5	0.333333	0.666667	1	2	17.0481	53
2	6	0.333333	0.666667	1	2	16.7554	54
3	7	0.333333	0.666667	1	2	21.003	55
3	7	0.333333	0.666667	1	2	19.6815	56
3	7	0.333333	0.666667	1	2	19.511	57
3	7	0.333333	0.666667	1	2	20.9489	58
3	7	0.333333	0.666667	1	2	20.2448	59
3	7	0.333333	0.666667	1	2	20.4165	60
4	7	0.333333	0.666667	1	2	28.2456	61
4	7	0.333333	0.666667	1	2	31.977	62
4	7	0.333333	0.666667	1	2	31.068	63
4	7	0	0.333333	0	1	31.0841	64
4	8	0	0.333333	0	1	29.6265	65
4	8	0	0.333333	0	1	27.4934	66
4	8	0	0.333333	0	1	34.6448	67
4	8	0	0.333333	0	1	36.0988	68
4	8	0	0.333333	0	1	25.2687	69
4	8	0	0.333333	0	1	32.7719	70
4	8	0	0.333333	0	1	36.3919	71
4	9	0	0.333333	0	1	21.7128	72
4	11	0	0.333333	0	1	34.5849	73
4	11	0	0.333333	0	1	32.7983	74
4	11	0	0.333333	0	1	43.0024	75
4	11	0	0.333333	0	1	40.8626	76
4	12	0	0.333333	0	1	45.7744	77
4	12	0	0.333333	0	1	48.217	78
4	12	0	0.333333	0	1	44.0963	79
4	12	0	0.333333	0	1	49.0261	80
4	12	0	0.333333	0	1	48.7666	81
4	12	0	0	0	0	51.4476	82
5	12	0	0	0	0	50.0279	83
5	12	0	0	0	0	52.0239	84
5	12	0	0	0	0	51.8301	85
5	12	0	0	0	0	51.7663	86
5	12	0	0	0	0	52.2538	87
5	12	0	0	0	0	55.8927	88
5	12	0	0	0	0	58.6872	89
5	12	0	0	0	0	47.7448	90
5	12	0	0	0	0	55.6587	91
6	12	0	0	0	0	56.2628	92
6	13	0	0	0	0	54.1136	93
6	13	0	0	0	0	51.144	94
6	13	0	0	0	0	53.4841	95
6	13	0	0	0	0	52.823	96
7	12	0	0	0	0	56.763	97
8	12	0	0	0	0	51.564	98
8	12	0	0	0	0	61.1807	99
8	12	0	0	0	0	60.6526	100
9	12	0	0	0	0	60.6634	101
9	11	0	0	0	0	58.6422	102
9	12	0	0	0	0	55.5639	103
9	12	0	0	0	0	66.1881	104
9	12	0	0	0	0	63.135	105
9	12	0	0	0	0	64.8957	106
9	12	0	0	0	0	67.6461	107
9	12	0	0	0	0	61.0566	108
9	13	0	0	0	0	70.9827	109
9	14	0	0	0	0	62.3959	110
9	14	0	0	0	0	75.7024	111
9	14	0	0	0	0	72.6719	112
9	15	0	0	0	0	77.1316	113
9	15	0	0	0	0	81.2542	114
9	15	0	0	0	0	76.3084	115
9	16	0	0	0	0	76.508	116
9	16	0	0	0	0	84.9197	117
9	16	0	0	0	0	82.9387	118
9	16	0	0	0	0	83.3931	119
9	16	0	0	0	0	85.8272	120
9	16	0	0	0	0	86.5494	121
9	16	0	0	0	0	84.9701	122
9	16	0	0	0	0	83.8679	123
9	16	0	0	0	0	82.0611	124
10	16	0	0	0	0	87.0185	125
10	16	0	0	0	0	73.6021	126
10	16	0	0	0	0	82.4641	127
10	17	0	0	0	0	93.1009	128
10	17	0	0	0	0	85.7155	129
10	17	0	0	0	0	89.4528	130
11	17	0	0	0	0	90.2041	131
11	17	0	0	0	0	83.6152	132
11	17	0	0	0	0	86.4852	133
11	17	0	0	0	0	94.1829	134
11	17	0	0	0	0	93.5736	135
11	17	0	0	0	0	91.6402	136
11	17	0	0	0	0	87.9682	137
11	17	0	0	0	0	93.2109	138
11	17	0	0	0	0	92.7688	139
11	18	0	0	0	0	98.164	140
11	18	0	0	0	0	93.1955	141
11	18	0	0	0	0	97.3584	142
11	18	0	0	0	0	91.8176	143
11	18	0	0	0	0	88.8163	144
11	18	0	0	0	0	87.8186	145
11	17	0	0	0	0	95.7903	146
11	17	0	0	0	0	82.2592	147
11	17	0	0	0	0	98.8526	148
11	17	0	0	0	0	94.8556	149
11	17	0	0	0	0	87.4046	150
11	16	0	0	0	0	85.3285	151
11	17	0	0	0	0	93.199	152
11	16	0	0	0	0	87.5707	153
11	16	0	0	0	0	85.6384	154
11	15	0	0	0	0	90.9215	155
11	16	0	0	0	0	87.6046	156
11	15	0	0	0	0	87.5694	157
11	15	0	0	0	0	90.7246	158
11	15	0	0	0	0	86.603	159
11	15	0	0	0	0	84.6603	160
11	14	0	0	0	0	71.5606	161
11	13	0	0	0	0	71.1712	162
10	12	0	0	0	0	67.2837	163
9	12	0	0	0	0	75.4373	164
9	12	0	0	0	0	60.9744	165
9	12	0	0	0	0	66.8509	166
10	12	0	0	0	0	71.561	167
10	12	0	0	0	0	68.7575	168
10	12	0	0	0	0	70.6858	169
10	12	0	0	0	0	73.7198	170
10	12	0	0	0	0	76.2932	171
10	12	0	0	0	0	70.2755	172
10	11	0	0	0	0	53.0953	173
10	12	0	0	0	0	63.9408	174
10	12	0	0	0	0	63.2465	175
9	11	0	0	0	0	63.4176	176
9	11	0	0	0	0	61.1121	177
10	11	0	0	0	0	59.044	178
10	10	0	0	0	0	60.043	179
10	9	0	0	0	0	61.0607	180
12	9	0	0	0	0	59.2139	181
12	9	0	0	0	0	58.0117	182
12	9	0	0	0	0	55.9106	183
12	10	0	0	0	0	68.677	184
12	9	0	0	0	0	67.0483	185
12	9	0	0	0	0	69.6518	186
13	9	0	0	0	0	63.0096	187
13	10	0	0	0	0	74.0256	188
13	10	0	0	0	0	73.9019	189
13	11	0	0	0	0	75.3005	190
13	11	0	0	0	0	83.8145	191
13	11	0	0	0	0	78.3018	192
13	11	0	0	0	0	73.8957	193
14	11	0	0	0	0	72.3713	194
14	11	0	0	0	0	75.508	195
14	10	0	0	0	0	80.7219	196
13	11	0	0	0	0	81.0974	197
13	11	0	0	0	0	72.7928	198
13	10	0	0	0	0	80.6242	199
13	10	0	0	0	0	81.4436	200
13	10	0	0	0	0	71.8245	201
13	10	0	0	0	0	73.1986	202
13	9	0	0	0	0	70.2309	203
13	7	0	0	0	0	60.8791	204
13	7	0	0	0	0	72.0657	205
13	7	0	0	0	0	72.3225	206
13	7	0	0	0	0	68.3846	207
13	7	0	0	0	0	68.2882	208
13	7	0	0	0	0	71.9721	209
13	7	0	0	0	0	62.0945	210
13	7	0	0	0	0	63.6813	211
13	7	0	0	0	0	70.182	212
13	7	0	0	0	0	65.283	213
13	7	0	0	0	0	68.2238	214
12	7	0	0	0	0	68.3645	215
13	7	0	0	0	0	65.6107	216
13	7	0	0	0	0	64.9274	217
13	7	0	0	0	0	64.4563	218
13	7	0	0	0	0	69.1452	219
13	7	0	0	0	0	65.575	220
12	7	0	0	0	0	62.9314	221
12	8	0	0	0	0	57.5616	222
12	8	0	0	0	0	58.0711	223
12	8	0	0	0	0	56.4684	224
12	8	0	0	0	0	53.9528	225
11	8	0	0	0	0	53.6701	226
11	8	0	0	0	0	67.3523	227
11	8	0	0	0	0	65.5967	228
12	8	0	0	0	0	62.3758	229
12	8	0	0	0	0	65.6224	230
12	8	0	0	0	0	57.6078	231
12	8	0	0	0	0	65.5913	232
11	8	0	0	0	0	62.1898	233
10	8	0	0	0	0	60.8547	234
10	8	0	0	0	0	52.357	235
10	8	0	0	0	0	61.6704	236
10	8	0	0	0	0	61.1473	237
10	8	0	0	0	0	55.1344	238
10	8	0	0	0	0	60.2483	239
10	8	0	0	0	0	61.2313	240
10	8	0	0	0	0	49.7812	241
9	8	0	0	0	0	53.9543	242
10	8	0	0	0	0	49.9127	243
10	7	0	0	0	0	55.9991	244
10	7	0	0	0	0	57.9904	245
10	7	0	0	0	0	52.7296	246
10	7	0	0	0	0	47.5958	247
8	8	0	0	0	0	50.6242	248
8	8	0	0	0	0	56.5902	249
8	8	0	0	0	0	46.5249	250
8	8	0	0	0	0	50.0628	251
8	8	0	0	0	0	48.7048	252
8	9	0	0	0	0	55.9027	253
8	9	0	0	0	0	51.7469	254
8	9	0	0	0	0	51.2317	255
8	9	0	0	0	0	54.0781	256
8	9	0	0	0	0	56.535	257
8	8	0	0	0	0	48.1132	258
8	8	0	0	0	0	51.7452	259
8	8	0	0	0	0	52.1017	260
8	8	0	0	0	0	46.8759	261
8	8	0	0	0	0	48.646	262
8	8	0	0	0	0	48.8184	263
8	8	0	0	0	0	48.0223	264
8	10	0	0	0	0	52.0775	265
8	10	0	0	0	0	55.4736	266
8	9	0	0	0	0	52.2023	267
8	9	0	0	0	0	51.0459	268
8	9	0	0	0	0	50.0162	269
7	9	0	0	0	0	49.5862	270
9	9	0	0	0	0	55.4477	271
9	9	0	0	0	0	60.4456	272
9	10	0	0	0	0	60.5208	273
9	10	0	0	0	0	62.0294	274
9	11	0	0	0	0	62.8592	275
9	11	0	0	0	0	57.1822	276
9	11	0	0	0	0	60.757	277
9	10	0	0	0	0	65.1408	278
9	10	0	0	0	0	55.9231	279
10	10	0	0	0	0	61.5577	280
11	10	0	0	0	0	57.3879	281
11	10	0	0	0	0	63.1101	282
11	10	0	0	0	0	63.0492	283
11	10	0	0	0	0	56.3881	284
12	9	0	0	0	0	71.9594	285
13	9	0	0	0	0	68.6451	286
14	9	0	0	0	0	71.2775	287
14	9	0	0	0	0	71.4663	288
14	9	0	0	0	0	75.5865	289
14	9	0	0	0	0	82.012	290
14	9	0	0	0	0	75.1942	291
15	9	0	0	0	0	76.1759	292
15	9	0	0	0	0	77.8719	293
15	9	0	0	0	0	69.1131	294
16	9	0	0	0	0	69.7409	295
16	10	0	0	0	0	76.4248	296
16	10	0	0	0	0	86.0843	297
16	10	0	0	0	0	75.5543	298
16	9	0	0	0	0	85.3299	299
16	9	0	0	0	0	87.5641	300
18	9	0	0	0	0	89.141	301
18	9	0	0	0	0	95.4617	302
18	9	0	0	0	0	84.7508	303
18	9	0	0	0	0	90.4912	304
17	9	0	0	0	0	86.9192	305
17	9	0	0	0	0	87.3962	306
17	9	0	0	0	0	82.0135	307
17	9	0	0	0	0	92.1445	308
17	10	0	0	0	0	86.982	309
17	10	0	0	0	0	82.2929	310
19	10	0	0	0	0	95.0296	311
19	10	0	0	0	0	96.0853	312
20	10	0	0	0	0	98.5492	313
20	10	0	0	0	0	95.4646	314
21	11	0	0	0	0	90.829	315
21	11	0	0	0	0	109.174	316
21	11	0	0	0	0	114.872	317
21	11	0	0	0	0	99.3247	318
22	11	0	0	0	0	104.742	319
23	10	0	0	0	0	112.648	320
23	10	0	0	0	0	110.76	321
24	10	0	0	0	0	105.719	322
24	10	0	0	0	0	111.252	323
24	9	0	0	0	0	97.6699	324
24	9	0	0	0	0	85.8003	325
25	9	0	0	0	0	114.246	326
25	9	0	0	0	0	111.043	327
25	9	0	0	0	0	115.002	328
25	9	0	0	0	0	115.503	329
25	11	0	0	0	0	112.776	330
24	11	0	0	0	0	115.656	331
24	13	0	0	0	0	99.508	332
24	13	0	0	0	0	117.996	333
24	13	0	0	0	0	108.068	334
24	13	0	0	0	0	120.046	335
23	13	0	0	0	0	112.996	336
23	13	0	0	0	0	123.801	337
23	14	0	0	0	0	122.437	338
22	14	0	0	0	0	128.546	339
22	14	0	0	0	0	120.131	340
22	14	0	0	0	0	124.946	341
22	14	0	0	0	0	118.961	342
22	14	0	0	0	0	123.039	343
22	14	0	0	0	0	125.675	344
22	13	0	0	0	0	116.192	345
22	13	0	0	0	0	110.194	346
22	13	0	0	0	0	123.565	347
23	13	0	0	0	0	117.475	348
23	13	0	0	0	0	118.661	349
24	13	0	0	0	0	122.663	350
24	13	0	0	0	0	126.479	351
23	14	0	0	0	0	121.531	352
23	14	0	0	0	0	133.693	353
23	14	0	0	0	0	114.567	354
24	14	0	0	0	0	112.665	355
23	14	0	0	0	0	130.249	356
23	15	0	0	0	0	132.956	357
23	16	0	0	0	0	134.045	358
23	16	0	0	0	0	142.014	359
23	16	0	0	0	0	138.944	360
23	16	0	0	0	0	134.943	361
23	16	0	0	0	0	134.371	362
23	16	0	0	0	0	131.179	363
23	16	0	0	0	0	123.851	364
23	14	0	0	0	0	121.597	365
22	13	0	0	0	0	110.352	366
22	13	0	0	0	0	126.462	367
22	13	0	0	0	0	123.701	368
22	13	0	0	0	0	115.933	369
22	14	0	0	0	0	114.618	370
22	14	0	0	0	0	128.442	371
22	14	0	0	0	0	112.845	372
22	14	0	0	0	0	118.04	373
21	14	0	0	0	0	111.698	374
21	13	0	0	0	0	118.564	375
21	13	0	0	0	0	121.621	376
21	13	0	0	0	0	113.543	377
19	13	0	0	0	0	103.675	378
18	14	0	0	0	0	105.862	379
18	14	0	0	0	0	110.307	380
18	14	0	0	0	0	100.993	381
18	14	0	0	0	0	106.655	382
18	14	0	0	0	0	105.412	383
18	14	0	0	0	0	94.4754	384
18	14	0	0	0	0	112.054	385
18	14	0	0	0	0	107.355	386
18	13	0	0	0	0	105.497	387
17	13	0	0	0	0	107.298	388
17	13	0	0	0	0	89.2738	389
17	13	0	0	0	0	99.6051	390
17	13	0	0	0	0	95.957	391
17	12	0	0	0	0	95.0364	392
17	11	0	0	0	0	95.2352	393
17	11	0	0	0	0	103.534	394
17	11	0	0	0	0	98.9689	395
16	11	0	0	0	0	93.1672	396
16	11	0	0	0	0	76.3023	397
16	11	0	0	0	0	87.8914	398
16	11	0	0	0	0	74.8775	399
16	10	0	0	0	0	77.2458	400
14	10	0	0	0	0	82.7015	401
14	10	0	0	0	0	83.6734	402
14	10	0	0	0	0	70.7988	403
14	10	0	0	0	0	79.975	404
14	10	0	0	0	0	82.1088	405
14	10	0	0	0	0	72.9476	406
14	10	0	0	0	0	77.4826	407
13	10	0	0	0	0	74.2776	408
13	10	0	0	0	0	72.1899	409
13	10	0	0	0	0	76.9917	410
13	9	0	0	0	0	75.6103	411
13	9	0	0	0	0	80.6437	412
13	9	0	0	0	0	69.0721	413
13	9	0	0	0	0	73.3373	414
14	10	0	0	0	0	67.1754	415
14	9	0	0	0	0	72.5925	416
14	9	0	0	0	0	73.877	417
15	9	0	0	0	0	79.5876	418
15	9	0	0	0	0	88.07	419
15	9	0	0	0	0	74.4897	420
15	9	0	0	0	0	82.6355	421
15	9	0	0	0	0	86.236	422
15	9	0	0	0	0	82.1198	423
15	10	0	0	0	0	82.1589	424
15	10	0	0	0	0	83.5854	425
16	10	0	0	0	0	82.3263	426
16	10	0	0	0	0	79.5182	427
15	10	0	0	0	0	75.6801	428
15	10	0	0	0	0	81.3885	429
15	10	0	0	0	0	76.883	430
15	10	0	0	0	0	84.6034	431
15	10	0	0	0	0	78.8454	432
14	10	0	0	0	0	81.9568	433
14	12	0	0	0	0	86.6663	434
14	12	0	0	0	0	83.3794	435
14	12	0	0	0	0	80.9097	436
14	13	0	0	0	0	77.855	437
14	13	0	0	0	0	85.3041	438
14	13	0	0	0	0	87.9053	439
14	13	0	0	0	0	80.8068	440
14	13	0	0	0	0	78.566	441
14	14	0	0	0	0	87.7537	442
14	14	0	0	0	0	86.0528	443
12	14	0	0	0	0	87.659	444
13	15	0	0	0	0	79.7538	445
11	15	0	0	0	0	83.0587	446
11	15	0	0	0	0	81.9016	447
10	15	0	0	0	0	81.2768	448
10	15	0	0	0	0	83.808	449
10	15	0	0	0	0	79.0665	450
8	16	0	0	0	0	76.5938	451
9	15	0	0	0	0	67.7772	452
9	15	0	0	0	0	72.6915	453
9	14	0	0	0	0	72.0367	454
10	14	0	0	0	0	75.921	455
10	20	0	0	0	0	79.4239	456
10	20	0	0	0	0	75.5024	457
10	21	0	0	0	0	77.2675	458
10	20	0	0	0	0	90.0842	459
10	21	0	0	0	0	101.362	460
10	21	0	0	0	0	102.099	461
10	22	0	0	0	0	104.453	462
10	22	0	0	0	0	107.977	463
10	22	0	0	0	0	107.923	464
9	22	0	0	0	0	106.346	465
8	22	0	0	0	0	106.885	466
8	23	0	0	0	0	99.7728	467
9	23	0	0	0	0	106.079	468
9	25	0	0	0	0	101.875	469
9	25	0	0	0	0	113.514	470
9	24	0	0	0	0	116.716	471
9	24	0	0	0	0	122.033	472
9	24	0	0	0	0	115.123	473
9	24	0	0	0	0	114.819	474
9	24	0	0	0	0	116.064	475
9	24	0	0	0	0	116.875	476
9	24	0	0	0	0	109.702	477
8	24	0	0	0	0	114.01	478
8	24	0	0	0	0	116.161	479
8	24	0	0	0	0	113.175	480
9	24	0	0	0	0	113.297	481
9	24	0	0	0	0	106.693	482
10	24	0	0	0	0	109.951	483
10	24	0	0	0	0	118.51	484
12	24	0	0	0	0	121.392	485
12	24	0	0	0	0	117.683	486
12	24	0	0	0	0	129.971	487
14	24	0	0	0	0	121.666	488
14	24	0	0	0	0	127.294	489
14	24	0	0	0	0	129.262	490
14	24	0	0	0	0	133.612	491
15	24	0	0	0	0	131.758	492
15	23	0	0	0	0	135.93	493
16	23	0	0	0	0	133.068	494
16	23	0	0	0	0	111.582	495
17	23	0	0	0	0	136.808	496
17	23	0	0	0	0	139.105	497
17	21	0	0	0	0	133.734	498
17	21	0	0	0	0	127.447	499
17	21	0	0	0	0	128.513	500
17	21	0	0	0	0	131.151	501
17	21	0	0	0	0	139.676	502
17	21	0	0	0	0	131.762	503
17	20	0	0	0	0	119.781	504
17	21	0	0	0	0	113.54	505
17	21	0	0	0	0	127.119	506
17	21	0	0	0	0	133.201	507
17	21	0	0	0	0	129.848	508
18	21	0	0	0	0	135.733	509
18	21	0	0	0	0	128.604	510
18	21	0	0	0	0	129.939	511
18	21	0	0	0	0	138.524	512
18	21	0	0	0	0	133.968	513
18	21	0	0	0	0	138.423	514
18	21	0	0	0	0	129.02	515
18	21	0	0	0	0	130.832	516
18	21	0	0	0	0	137.153	517
18	21	0	0	0	0	136.034	518
18	20	0	0	0	0	111.993	519
18	21	0	0	0	0	134.915	520
18	21	0	0	0	0	112.988	521
17	21	0	0	0	0	125.325	522
17	21	0	0	0	0	135.304	523
17	21	0	0	0	0	138.291	524
17	21	0	0	0	0	131.665	525
17	21	0	0	0	0	128.381	526
18	23	0	0	0	0	124.416	527
19	23	0	0	0	0	128.536	528
19	22	0	0	0	0	137.837	529
21	23	0	0	0	0	128.789	530
21	22	0	0	0	0	154.237	531
21	23	0	0	0	0	148.366	532
21	23	0	0	0	0	150.694	533
21	23	0	0	0	0	149.414	534
21	23	0	0	0	0	155.953	535
21	23	0	0	0	0	157.497	536
21	23	0	0	0	0	152.018	537
21	23	0	0	0	0	136.419	538
19	23	0	0	0	0	132.701	539
19	23	0	0	0	0	148.229	540
19	23	0	0	0	0	139.023	541
19	22	0	0	0	0	150.942	542
19	22	0	0	0	0	136.492	543
20	21	0	0	0	0	132.782	544
20	21	0	0	0	0	140.171	545
20	21	0	0	0	0	139.315	546
20	21	0	0	0	0	132.777	547
22	21	0	0	0	0	141.265	548
21	21	0	0	0	0	129.507	549
21	20	0	0	0	0	142.984	550
20	20	0	0	0	0	135.71	551
20	20	0	0	0	0	141.098	552
20	20	0	0	0	0	135.9	553
20	20	0	0	0	0	140.792	554
20	20	0	0	0	0	143.805	555
20	20	0	0	0	0	140.798	556
20	20	0	0	0	0	131.285	557
20	20	0	0	0	0	133.215	558
21	20	0	0	0	0	135.822	559
21	19	0	0	0	0	143.611	560
21	19	0	0	0	0	121.361	561
21	19	0	0	0	0	127.979	562
21	19	0	0	0	0	128.877	563
22	19	0	0	0	0	134.425	564
22	18	0	0	0	0	134.007	565
22	20	0	0	0	0	140.828	566
22	21	0	0	0	0	139.738	567
21	21	0	0	0	0	114.302	568
21	20	0	0	0	0	124.11	569
21	20	0	0	0	0	142.076	570
21	20	0	0	0	0	133.819	571
21	20	0	0	0	0	136.574	572
21	20	0	0	0	0	126.352	573
21	19	0	0	0	0	123.51	574
20	19	0	0	0	0	114.227	575
18	19	0	0	0	0	120.173	576
18	18	0	0	0	0	113.779	577
18	17	0	0	0	0	109.951	578
18	17	0	0	0	0	114.138	579
18	16	0	0	0	0	98.9052	580
17	16	0	0	0	0	108.167	581
17	14	0	0	0	0	89.6886	582
17	16	0	0	0	0	109.376	583
18	16	0	0	0	0	103.722	584
18	17	0	0	0	0	104.426	585
18	18	0	0	0	0	106.058	586
18	16	0	0	0	0	112.193	587
18	16	0	0	0	0	110.947	588
18	16	0	0	0	0	118.483	589
17	16	0	0	0	0	114.251	590
17	16	0	0	0	0	108.351	591
17	17	0	0	0	0	117.763	592
17	16	0	0	0	0	109.816	593
17	16	0	0	0	0	110.711	594
19	16	0	0	0	0	112.048	595
19	16	0	0	0	0	118.754	596
19	16	0	0	0	0	108.593	597
19	16	0	0	0	0	122.202	598
19	16	0	0	0	0	117.291	599
19	16	0	0	0	0	113.062	600
17	16	0	0	0	0	118.585	601
17	16	0	0	0	0	122.97	602
17	16	0	0	0	0	117.67	603
17	16	0	0	0	0	98.3498	604
17	16	0	0	0	0	91.3871	605
16	13	0	0	0	0	103.472	606
16	13	0	0	0	0	98.9698	607
16	13	0	0	0	0	104.751	608
16	13	0	0	0	0	102.695	609
17	13	0	0	0	0	97.0376	610
18	13	0	0	0	0	98.7294	611
19	13	0	0	0	0	101.299	612
19	13	0	0	0	0	98.0144	613
19	13	0	0	0	0	117.165	614
19	13	0	0	0	0	108.453	615
19	14	0	0	0	0	109.799	616
19	13	0	0	0	0	105.488	617
19	13	0	0	0	0	102.387	618
19	12	0	0	0	0	105.776	619
19	12	0	0	0	0	106.24	620
18	12	0	0	0	0	101.594	621
19	12	0	0	0	0	101.307	622
19	12	0	0	0	0	115.23	623
19	12	0	0	0	0	110.454	624
20	12	0	0	0	0	106.772	625
20	12	0	0	0	0	113.28	626
21	12	0	0	0	0	102.895	627
21	12	0	0	0	0	106.351	628
21	12	0	0	0	0	103.789	629
21	12	0	0	0	0	110.507	630
21	12	0	0	0	0	106.414	631
21	12	0	0	0	0	99.5313	632
21	11	0	0	0	0	110.315	633
21	11	0	0	0	0	118.018	634
21	11	0	0	0	0	111.931	635
21	12	0	0	0	0	100.917	636
23	12	0	0	0	0	117.557	637
23	12	0	0	0	0	126.014	638
23	12	0	0	0	0	119.795	639
23	13	0	0	0	0	98.5673	640
23	13	0	0	0	0	124.161	641
23	13	0	0	0	0	118.389	642
23	12	0	0	0	0	120.578	643
23	12	0	0	0	0	121.554	644
23	12	0	0	0	0	116.583	645
23	12	0	0	0	0	123.487	646
24	12	0	0	0	0	129.195	647
24	12	0	0	0	0	128.197	648
24	12	0	0	0	0	113.201	649
24	12	0	0	0	0	123.159	650
24	12	0	0	0	0	125.944	651
24	13	0	0	0	0	117.676	652
24	13	0	0	0	0	131.652	653
24	13	0	0	0	0	131.992	654
24	13	0	0	0	0	124.376	655
22	13	0	0	0	0	112.051	656
22	12	0	0	0	0	108.61	657
22	12	0	0	0	0	112.881	658
21	12	0	0	0	0	115.524	659
21	12	0	0	0	0	112.974	660
21	12	0	0	0	0	122.132	661
21	12	0	0	0	0	112.332	662
21	12	0	0	0	0	107.063	663
21	12	0	0	0	0	113.502	664
22	12	0	0	0	0	113.467	665
22	12	0	0	0	0	116.574	666
21	12	0	0	0	0	119.23	667
21	12	0	0	0	0	114.872	668
21	13	0	0	0	0	105.556	669
21	12	0	0	0	0	117.443	670
21	12	0	0	0	0	112.492	671
21	12	0	0	0	0	110.202	672
21	12	0	0	0	0	113.518	673
20	13	0	0	0	0	117.746	674
20	13	0	0	0	0	111.614	675
20	14	0	0	0	0	105.322	676
20	13	0	0	0	0	108.315	677
19	13	0	0	0	0	106.559	678
18	15	0	0	0	0	99.4457	679
18	15	0	0	0	0	116.268	680
18	15	0	0	0	0	105.592	681
18	16	0	0	0	0	113.786	682
18	16	0	0	0	0	117.439	683
17	16	0	0	0	0	113.472	684
17	16	0	0	0	0	114.498	685
17	16	0	0	0	0	111.47	686
17	16	0	0	0	0	113.543	687
16	16	0	0	0	0	113.818	688
16	16	0	0	0	0	118.643	689
16	19	0	0	0	0	105.113	690
16	19	0	0	0	0	102.143	691
16	19	0	0	0	0	91.2464	692
16	19	0	0	0	0	105.43	693
15	19	0	0	0	0	94.7514	694
15	19	0	0	0	0	102.078	695
14	19	0	0	0	0	103.126	696
14	19	0	0	0	0	105.36	697
11	19	0	0	0	0	95.1402	698
10	19	0	0	0	0	98.9771	699
10	19	0	0	0	0	97.4948	700
10	19	0	0	0	0	102.111	701
11	19	0	0	0	0	103.37	702
11	19	0	0	0	0	92.8695	703
11	18	0	0	0	0	95.6171	704
10	18	0	0	0	0	99.5875	705
10	18	0	0	0	0	102.007	706
10	18	0	0	0	0	83.0922	707
10	18	0	0	0	0	92.5852	708
10	18	0	0	0	0	95.5724	709
11	17	0	0	0	0	91.3275	710
11	17	0	0	0	0	87.9507	711
12	17	0	0	0	0	85.7618	712
12	17	0	0	0	0	80.8188	713
12	17	0	0	0	0	84.3243	714
12	17	0	0	0	0	88.3897	715
12	14	0	0	0	0	86.3935	716
13	14	0	0	0	0	83.8097	717
14	14	0	0	0	0	99.2472	718
14	14	0	0	0	0	96.6815	719
14	14	0	0	0	0	95.2382	720
14	14	0	0	0	0	94.492	721
14	14	0	0	0	0	94.9447	722
14	14	0	0	0	0	90.8425	723
14	14	0	0	0	0	91.6416	724
14	13	0	0	0	0	91.7796	725
13	13	0	0	0	0	83.5796	726
13	13	0	0	0	0	86.7531	727
13	13	0	0	0	0	92.0574	728
13	13	0	0	0	0	87.3694	729
13	13	0	0	0	0	83.2528	730
13	13	0	0	0	0	90.3716	731
13	13	0	0	0	0	89.6128	732
14	13	0	0	0	0	92.8665	733
14	13	0	0	0	0	94.1552	734
14	13	0	0	0	0	85.4121	735
14	12	0	0	0	0	90.954	736
14	13	0	0	0	0	87.8573	737
14	13	0	0	0	0	87.7626	738
14	13	0	0	0	0	87.7819	739
14	13	0	0	0	0	84.8108	740
14	15	0	0	0	0	92.256	741
14	14	0	0	0	0	92.4447	742
14	14	0	0	0	0	101.348	743
14	14	0	0	0	0	90.6274	744
12	15	0	0	0	0	91.3428	745
12	15	0	0	0	0	97.0281	746
12	15	0	0	0	0	82.4859	747
12	15	0	0	0	0	92.8462	748
12	15	0	0	0	0	91.0713	749
12	15	0	0	0	0	91.2891	750
13	15	0	0	0	0	97.5877	751
14	15	0	0	0	0	89.0558	752
14	15	0	0	0	0	87.5844	753
14	14	0	0	0	0	89.802	754
14	14	0	0	0	0	104.341	755
14	14	0	0	0	0	90.619	756
14	14	0	0	0	0	95.8287	757
14	15	0	0	0	0	89.6762	758
14	15	0	0	0	0	88.9556	759
13	15	0	0	0	0	89.959	760
13	15	0	0	0	0	91.5257	761
12	15	0	0	0	0	92.1831	762
12	15	0	0	0	0	94.5291	763
11	15	0	0	0	0	83.7049	764
11	15	0	0	0	0	77.748	765
12	14	0	0	0	0	92.3312	766
12	14	0	0	0	0	88.4272	767
12	14	0	0	0	0	74.6301	768
14	14	0	0	0	0	84.258	769
14	14	0	0	0	0	78.7851	770
14	14	0	0	0	0	100.003	771
14	15	0	0	0	0	95.9082	772
15	15	0	0	0	0	95.8131	773
15	15	0	0	0	0	108.497	774
15	15	0	0	0	0	104.799	775
15	15	0	0	0	0	106.554	776
15	15	0	0	0	0	109.589	777
15	15	0	0	0	0	89.6067	778
15	15	0	0	0	0	98.8094	779
15	15	0	0	0	0	109.312	780
15	15	0	0	0	0	99.5437	781
16	15	0	0	0	0	97.3076	782
16	15	0	0	0	0	102.073	783
18	15	0	0	0	0	97.2946	784
17	15	0	0	0	0	94.7079	785
17	15	0	0	0	0	110.349	786
16	15	0	0	0	0	106.906	787
16	15	0	0	0	0	103.624	788
16	15	0	0	0	0	107.042	789
16	14	0	0	0	0	90.1599	790
16	14	0	0	0	0	100.733	791
16	14	0	0	0	0	99.2958	792
16	14	0	0	0	0	100.56	793
16	14	0	0	0	0	97.9766	794
16	14	0	0	0	0	101.604	795
16	14	0	0	0	0	104.174	796
16	14	0	0	0	0	102.543	797
16	14	0	0	0	0	92.947	798
16	14	0	0	0	0	91.6745	799
15	14	0	0	0	0	94.7944	800
15	14	0	0	0	0	98.7628	801
16	13	0	0	0	0	91.958	802
16	13	0	0	0	0	97.0176	803
16	13	0	0	0	0	101.196	804
16	13	0	0	0	0	95.1374	805
16	13	0	0	0	0	93.8787	806
17	11	0	0	0	0	83.6487	807
17	11	0	0	0	0	86.7195	808
17	11	0	0	0	0	85.5974	809
17	10	0	0	0	0	88.3735	810
17	10	0	0	0	0	90.634	811
17	10	0	0	0	0	83.1428	812
17	9	0	0	0	0	87.9968	813
17	9	0	0	0	0	87.669	814
17	9	0	0	0	0	88.6963	815
17	9	0	0	0	0	90.4769	816
17	9	0	0	0	0	86.4631	817
17	9	0	0	0	0	79.2726	818
17	8	0	0	0	0	77.6038	819
17	10	0	0	0	0	77.6591	820
17	10	0	0	0	0	88.3503	821
17	10	0	0	0	0	83.6803	822
17	10	0	0	0	0	79.1238	823
17	9	0	0	0	0	89.1136	824
17	9	0	0	0	0	90.0489	825
17	9	0	0	0	0	82.6929	826
16	9	0	0	0	0	83.6074	827
16	8	0	0	0	0	81.4301	828
16	8	0	0	0	0	81.9141	829
16	8	0	0	0	0	83.2984	830
16	8	0	0	0	0	84.426	831
17	9	0	0	0	0	74.2888	832
17	9	0	0	0	0	92.3303	833
17	9	0	0	0	0	91.7567	834
17	9	0	0	0	0	91.7601	835
17	9	0	0	0	0	84.4615	836
17	9	0	0	0	0	85.398	837
17	9	0	0	0	0	85.7113	838
17	9	0	0	0	0	88.4633	839
17	8	0	0	0	0	76.6374	840
16	8	0	0	0	0	88.3804	841
16	8	0	0	0	0	81.9871	842
16	9	0	0	0	0	69.609	843
16	8	0	0	0	0	83.8518	844
16	8	0	0	0	0	86.3533	845
16	8	0	0	0	0	82.4325	846
16	8	0	0	0	0	80.7884	847
16	9	0	0	0	0	76.5583	848
16	9	0	0	0	0	85.5186	849
16	9	0	0	0	0	86.8863	850
16	11	0	0	0	0	78.4247	851
14	11	0	0	0	0	83.8127	852
14	11	0	0	0	0	77.705	853
12	11	0	0	0	0	69.2969	854
11	11	0	0	0	0	65.2596	855
12	11	0	0	0	0	51.6483	856
12	11	0	0	0	0	72.461	857
12	11	0	0	0	0	57.3475	858
12	11	0	0	0	0	67.1326	859
11	11	0	0	0	0	75.9148	860
11	11	0	0	0	0	73.2549	861
10	12	0	0	0	0	71.4768	862
10	12	0	0	0	0	72.7294	863
10	12	0	0	0	0	73.8605	864
10	12	0	0	0	0	70.8551	865
9	12	0	0	0	0	63.9891	866
9	14	0	0	0	0	72.1299	867
9	14	0	0	0	0	79.8826	868
9	16	0	0	0	0	83.4466	869
9	16	0	0	0	0	87.371	870
9	16	0	0	0	0	77.1976	871
9	16	0	0	0	0	86.3848	872
9	16	0	0	0	0	79.7552	873
9	15	0	0	0	0	73.2387	874
10	15	0	0	0	0	83.8314	875
11	15	0	0	0	0	82.2901	876
12	15	0	0	0	0	92.0965	877
12	15	0	0	0	0	87.189	878
12	16	0	0	0	0	89.7281	879
12	16	0	0	0	0	83.8549	880
12	16	0	0	0	0	97.8838	881
13	15	0	0	0	0	88.4154	882
13	15	0	0	0	0	93.0069	883
13	15	0	0	0	0	94.8886	884
13	15	0	0	0	0	83.3387	885
13	16	0	0	0	0	85.4271	886
14	16	0	0	0	0	87.5136	887
12	16	0	0	0	0	77.1239	888
12	16	0	0	0	0	90.0972	889
12	16	0	0	0	0	89.4763	890
12	14	0	0	0	0	91.1757	891
12	15	0	0	0	0	81.8679	892
13	15	0	0	0	0	87.69	893
14	14	0	0	0	0	85.4258	894
14	14	0	0	0	0	86.5519	895
14	14	0	0	0	0	87.4698	896
14	14	0	0	0	0	99.2949	897
14	14	0	0	0	0	94.3651	898
14	14	0	0	0	0	90.2333	899
15	14	0	0	0	0	90.7704	900
15	14	0	0	0	0	92.2435	901
15	13	0	0	0	0	84.1369	902
16	12	0	0	0	0	90.6282	903
16	12	0	0	0	0	92.5367	904
17	12	0	0	0	0	95.2299	905
17	12	0	0	0	0	93.4472	906
17	12	0	0	0	0	90.2758	907
17	12	0	0	0	0	86.5896	908
17	11	0	0	0	0	94.2161	909
17	11	0	0	0	0	86.9975	910
16	12	0	0	0	0	96.134	911
17	12	0	0	0	0	92.8771	912
17	12	0	0	0	0	93.858	913
17	12	0	0	0	0	97.676	914
17	12	0	0	0	0	96.1401	915
17	12	0	0	0	0	92.4428	916
17	12	0	0	0	0	95.5809	917
18	12	0	0	0	0	91.7511	918
17	12	0	0	0	0	99.4573	919
17	12	0	0	0	0	104.056	920
17	13	0	0	0	0	86.9917	921
17	13	0	0	0	0	96.7158	922
17	13	0	0	0	0	106.291	923
17	13	0	0	0	0	101.171	924
17	13	0	0	0	0	98.0777	925
17	13	0	0	0	0	103.196	926
17	12	0	0	0	0	103.295	927
17	12	0	0	0	0	94.9437	928
17	12	0	0	0	0	91.7912	929
17	12	0	0	0	0	94.3051	930
16	12	0	0	0	0	94.0081	931
16	12	0	0	0	0	103.003	932
16	12	0	0	0	0	92.1245	933
15	12	0	0	0	0	92.3803	934
15	12	0	0	0	0	92.7908	935
15	12	0	0	0	0	83.1346	936
16	13	0	0	0	0	91.3035	937
16	13	0	0	0	0	106.213	938
16	13	0	0	0	0	100.097	939
16	13	0	0	0	0	103.625	940
16	13	0	0	0	0	102.485	941
16	13	0	0	0	0	100.097	942
16	13	0	0	0	0	103.3	943
16	13	0	0	0	0	100.552	944
16	13	0	0	0	0	86.5624	945
16	13	0	0	0	0	101.614	946
16	13	0	0	0	0	103.345	947
16	16	0	0	0	0	92.221	948
16	17	0	0	0	0	98.4493	949
16	17	0	0	0	0	105.778	950
16	17	0	0	0	0	111.459	951
16	17	0	0	0	0	113.855	952
16	17	0	0	0	0	117.967	953
16	17	0	0	0	0	119.82	954
16	17	0	0	0	0	101.196	955
16	17	0	0	0	0	103.107	956
15	17	0	0	0	0	111.101	957
15	17	0	0	0	0	112.531	958
15	17	0	0	0	0	107.129	959
15	17	0	0	0	0	112.237	960
15	17	0	0	0	0	101.843	961
15	18	0	0	0	0	113.565	962
15	18	0	0	0	0	108.534	963
15	19	0	0	0	0	113.532	964
15	19	0	0	0	0	94.6203	965
15	19	0	0	0	0	111.286	966
15	19	0	0	0	0	113.154	967
15	19	0	0	0	0	92.6089	968
15	19	0	0	0	0	104.718	969
15	18	0	0	0	0	104.769	970
15	18	0	0	0	0	100.529	971
15	18	0	0	0	0	103.074	972
12	18	0	0	0	0	77.2365	973
11	17	0	0	0	0	97.1272	974
12	17	0	0	0	0	98.8901	975
12	18	0	0	0	0	98.0905	976
12	18	0	0	0	0	104.68	977
13	19	0	0	0	0	108.824	978
13	19	0	0	0	0	112.427	979
13	20	0	0	0	0	111.153	980
13	20	0	0	0	0	109.663	981
12	20	0	0	0	0	108.072	982
12	23	0	0	0	0	115.302	983
12	23	0	0	0	0	97.224	984
13	23	0	0	0	0	93.5301	985
13	23	0	0	0	0	106.407	986
13	23	0	0	0	0	111.151	987
13	22	0	0	0	0	103.769	988
13	22	0	0	0	0	109.924	989
13	22	0	0	0	0	115.916	990
14	22	0	0	0	0	102.022	991
14	21	0	0	0	0	106.264	992
14	20	0	0	0	0	107.634	993
14	20	0	0	0	0	106.861	994
14	20	0	0	0	0	109.035	995
14	20	0	0	0	0	110.082	996
14	20	0	0	0	0	110.81	997
14	18	0	0	0	0	113.108	998
14	18	0	0	0	0	106.996	999
14	18	0	0	0	0	110.894	1000
14	18	0	0	0	0	105.521	1001
15	18	0	0	0	0	105.779	1002
15	18	0	0	0	0	109.693	1003
15	18	0	0	0	0	114.02	1004
15	18	0	0	0	0	111.595	1005
15	17	0	0	0	0	103.117	1006
15	16	0	0	0	0	98.2607	1007
16	16	0	0	0	0	106.692	1008
16	16	0	0	0	0	107.728	1009
16	16	0	0	0	0	112.891	1010
17	16	0	0	0	0	104.658	1011
17	15	0	0	0	0	105.287	1012
18	15	0	0	0	0	102.339	1013
18	15	0	0	0	0	99.513	1014
18	15	0	0	0	0	107.333	1015
18	15	0	0	0	0	101.928	1016
18	15	0	0	0	0	117.204	1017
18	14	0	0	0	0	91.3575	1018
19	15	0	0	0	0	97.8147	1019
19	15	0	0	0	0	92.1982	1020
19	15	0	0	0	0	94.7449	1021
19	14	0	0	0	0	99.8123	1022
19	16	0	0	0	0	87.8768	1023
19	16	0	0	0	0	90.5364	1024
19	16	0	0	0	0	94.1584	1025
16	16	0	0	0	0	101.565	1026
16	16	0	0	0	0	94.2459	1027
15	16	0	0	0	0	101.41	1028
15	16	0	0	0	0	108.463	1029
15	16	0	0	0	0	105.186	1030
15	16	0	0	0	0	112.152	1031
14	16	0	0	0	0	101.796	1032
15	19	0	0	0	0	102.893	1033
15	18	0	0	0	0	105.086	1034
15	18	0	0	0	0	115.769	1035
15	19	0	0	0	0	112.837	1036
15	19	0	0	0	0	111.565	1037
15	19	0	0	0	0	118.483	1038
15	20	0	0	0	0	110.929	1039
15	20	0	0	0	0	110.118	1040
14	20	0	0	0	0	109.963	1041
14	20	0	0	0	0	114.899	1042
13	20	0	0	0	0	110.247	1043
13	20	0	0	0	0	115.323	1044
13	20	0	0	0	0	107.067	1045
13	19	0	0	0	0	107.202	1046
13	19	0	0	0	0	107.416	1047
13	19	0	0	0	0	111.489	1048
14	19	0	0	0	0	108.681	1049
14	19	0	0	0	0	111.525	1050
14	19	0	0	0	0	123.528	1051
14	19	0	0	0	0	112.543	1052
14	19	0	0	0	0	117.404	1053
14	19	0	0	0	0	120.57	1054
14	19	0	0	0	0	121.583	1055
14	19	0	0	0	0	104.795	1056
14	19	0	0	0	0	107.036	1057
15	20	0	0	0	0	119.449	1058
16	21	0	0	0	0	121.293	1059
15	22	0	0	0	0	116.154	1060
15	22	0	0	0	0	125.235	1061
15	22	0	0	0	0	115.853	1062
15	22	0	0	0	0	131.91	1063
15	22	0	0	0	0	123.073	1064
15	22	0	0	0	0	126.24	1065
15	22	0	0	0	0	115.265	1066
15	22	0	0	0	0	123.009	1067
13	22	0	0	0	0	125.131	1068
14	22	0	0	0	0	117.389	1069
14	22	0	0	0	0	127.046	1070
13	22	0	0	0	0	96.0099	1071
14	22	0	0	0	0	116.544	1072
14	22	0	0	0	0	118.768	1073
14	22	0	0	0	0	126.31	1074
14	22	0	0	0	0	123.866	1075
14	22	0	0	0	0	129.039	1076
14	22	0	0	0	0	123.82	1077
14	22	0	0	0	0	127.048	1078
14	22	0	0	0	0	119.694	1079
14	22	0	0	0	0	119.498	1080
14	22	0	0	0	0	129.478	1081
14	22	0	0	0	0	108.916	1082
14	22	0	0	0	0	123.114	1083
14	23	0	0	0	0	119.336	1084
14	23	0	0	0	0	121.383	1085
14	23	0	0	0	0	113.62	1086
14	22	0	0	0	0	112.948	1087
14	21	0	0	0	0	116.616	1088
14	20	0	0	0	0	107.483	1089
15	19	0	0	0	0	113.787	1090
15	19	0	0	0	0	113.457	1091
15	19	0	0	0	0	114.905	1092
15	18	0	0	0	0	103.39	1093
15	18	0	0	0	0	114.934	1094
15	18	0	0	0	0	110.447	1095
15	18	0	0	0	0	120.164	1096
15	18	0	0	0	0	97.6545	1097
14	18	0	0	0	0	103.075	1098
14	18	0	0	0	0	102.602	1099
14	18	0	0	0	0	95.8907	1100
14	17	0	0	0	0	93.3444	1101
14	16	0	0	0	0	105.372	1102
14	16	0	0	0	0	98.3992	1103
14	17	0	0	0	0	97.8141	1104
14	17	0	0	0	0	100.364	1105
14	17	0	0	0	0	107.097	1106
14	17	0	0	0	0	104.25	1107
14	17	0	0	0	0	102.557	1108
14	17	0	0	0	0	95.9109	1109
14	17	0	0	0	0	95.7593	1110
14	17	0	0	0	0	101.963	1111
14	18	0	0	0	0	100.696	1112
14	17	0	0	0	0	102.237	1113
14	17	0	0	0	0	104.148	1114
14	17	0	0	0	0	105.329	1115
14	16	0	0	0	0	95.395	1116
14	17	0	0	0	0	101.862	1117
14	17	0	0	0	0	115.736	1118
14	17	0	0	0	0	107.052	1119
15	16	0	0	0	0	99.5966	1120
15	16	0	0	0	0	105.671	1121
15	16	0	0	0	0	100.264	1122
15	16	0	0	0	0	105.75	1123
15	15	0	0	0	0	92.7454	1124
15	15	0	0	0	0	101.305	1125
13	15	0	0	0	0	99.0902	1126
13	16	0	0	0	0	96.0776	1127
13	15	0	0	0	0	89.6771	1128
13	20	0	0	0	0	98.6505	1129
13	22	0	0	0	0	86.2517	1130
13	24	0	0	0	0	100.629	1131
13	24	0	0	0	0	124.282	1132
13	23	0	0	0	0	110.417	1133
13	23	0	0	0	0	109.134	1134
13	23	0	0	0	0	118.153	1135
12	23	0	0	0	0	117.72	1136
11	23	0	0	0	0	110.628	1137
11	23	0	0	0	0	123.574	1138
10	23	0	0	0	0	108.235	1139
10	24	0	0	0	0	109.048	1140
8	24	0	0	0	0	109.423	1141
8	23	0	0	0	0	110.872	1142
8	23	0	0	0	0	102.647	1143
9	23	0	0	0	0	115.397	1144
9	23	0	0	0	0	99.1754	1145
9	23	0	0	0	0	105.57	1146
9	23	0	0	0	0	113.443	1147
9	23	0	0	0	0	118.188	1148
9	23	0	0	0	0	106.909	1149
9	22	0	0	0	0	104.739	1150
9	25	0	0	0	0	111.409	1151
8	25	0	0	0	0	110.165	1152
9	24	0	0	0	0	113.977	1153
9	24	0	0	0	0	110.61	1154
9	24	0	0	0	0	114.748	1155
9	24	0	0	0	0	118.331	1156
9	24	0	0	0	0	118.553	1157
9	24	0	0	0	0	113.688	1158
9	25	0	0	0	0	115.92	1159
8	25	0	0	0	0	117.379	1160
8	25	0	0	0	0	104.756	1161
8	25	0	0	0	0	119.176	1162
8	25	0	0	0	0	114.303	1163
8	25	0	0	0	0	114.482	1164
8	25	0	0	0	0	118.486	1165
8	25	0	0	0	0	106.493	1166
8	25	0	0	0	0	119.295	1167
8	24	0	0	0	0	110.513	1168
8	24	0	0	0	0	102.789	1169
8	24	0	0	0	0	110.384	1170
8	23	0	0	0	0	109.971	1171
8	23	0	0	0	0	114.656	1172
8	23	0	0	0	0	105.915	1173
8	23	0	0	0	0	111.448	1174
9	23	0	0	0	0	109.048	1175
9	23	0	0	0	0	108.986	1176
9	23	0	0	0	0	108.751	1177
10	23	0	0	0	0	107.814	1178
10	23	0	0	0	0	97.8894	1179
10	23	0	0	0	0	106.785	1180
10	23	0	0	0	0	112.62	1181
10	23	0	0	0	0	112.702	1182
9	23	0	0	0	0	113.016	1183
9	23	0	0	0	0	101.319	1184
9	23	0	0	0	0	106.548	1185
9	23	0	0	0	0	111.755	1186
9	23	0	0	0	0	102.457	1187
10	23	0	0	0	0	97.3946	1188
10	23	0	0	0	0	103.798	1189
10	23	0	0	0	0	102.386	1190
10	23	0	0	0	0	107.126	1191
10	22	0	0	0	0	96.943	1192
10	22	0	0	0	0	105.026	1193
11	22	0	0	0	0	108.219	1194
11	22	0	0	0	0	103.419	1195
10	22	0	0	0	0	107.202	1196
10	22	0	0	0	0	104.14	1197
10	22	0	0	0	0	103.717	1198
10	22	0	0	0	0	103.008	1199
10	22	0	0	0	0	98.9527	1200
10	22	0	0	0	0	96.7707	1201
10	20	0	0	0	0	98.2777	1202
10	20	0	0	0	0	95.8687	1203
10	19	0	0	0	0	96.5011	1204
10	19	0	0	0	0	86.5818	1205
10	19	0	0	0	0	90.3269	1206
11	19	0	0	0	0	92.7409	1207
11	19	0	0	0	0	88.0627	1208
11	17	0	0	0	0	94.3064	1209
10	17	0	0	0	0	89.9469	1210
10	17	0	0	0	0	91.0478	1211
11	16	0	0	0	0	78.6824	1212
11	16	0	0	0	0	91.6045	1213
11	16	0	0	0	0	84.0351	1214
11	16	0	0	0	0	95.7986	1215
12	16	0	0	0	0	91.3341	1216
12	17	0	0	0	0	98.1515	1217
12	17	0	0	0	0	90.7256	1218
12	16	0	0	0	0	94.3244	1219
14	16	0	0	0	0	96.6122	1220
14	16	0	0	0	0	91.8227	1221
14	16	0	0	0	0	87.4274	1222
14	16	0	0	0	0	95.907	1223
13	16	0	0	0	0	101.331	1224
13	17	0	0	0	0	96.2853	1225
13	17	0	0	0	0	93.6576	1226
13	17	0	0	0	0	104.683	1227
13	17	0	0	0	0	99.7002	1228
13	17	0	0	0	0	100.67	1229
13	17	0	0	0	0	99.8761	1230
13	19	0	0	0	0	105.999	1231
14	19	0	0	0	0	97.2465	1232
14	19	0	0	0	0	98.5387	1233
14	19	0	0	0	0	99.1392	1234
14	18	0	0	0	0	110.616	1235
15	18	0	0	0	0	108.437	1236
15	18	0	0	0	0	107.301	1237
14	18	0	0	0	0	114.082	1238
14	18	0	0	0	0	107.913	1239
14	18	0	0	0	0	102.503	1240
14	17	0	0	0	0	103.256	1241
14	17	0	0	0	0	106.313	1242
14	17	0	0	0	0	106.775	1243
15	17	0	0	0	0	105.122	1244
15	17	0	0	0	0	93.7771	1245
15	16	0	0	0	0	93.0904	1246
15	18	0	0	0	0	104.698	1247
16	18	0	0	0	0	114.894	1248
16	18	0	0	0	0	111.276	1249
16	18	0	0	0	0	113.149	1250
16	19	0	0	0	0	113.963	1251
16	19	0	0	0	0	96.8693	1252
16	18	0	0	0	0	109.334	1253
16	18	0	0	0	0	95.8263	1254
16	18	0	0	0	0	114.296	1255
15	18	0	0	0	0	113.424	1256
15	18	0	0	0	0	111.701	1257
15	18	0	0	0	0	112.034	1258
15	18	0	0	0	0	103.57	1259
15	18	0	0	0	0	116.286	1260
16	18	0	0	0	0	102.356	1261
16	18	0	0	0	0	106.595	1262
16	17	0	0	0	0	108.232	1263
16	18	0	0	0	0	115.488	1264
16	18	0	0	0	0	118.887	1265
16	17	0	0	0	0	108.513	1266
17	17	0	0	0	0	97.1203	1267
17	17	0	0	0	0	102.243	1268
17	19	0	0	0	0	107.588	1269
17	19	0	0	0	0	107.191	1270
17	19	0	0	0	0	100.83	1271
17	19	0	0	0	0	99.421	1272
16	19	0	0	0	0	113.278	1273
16	18	0	0	0	0	122.436	1274
16	18	0	0	0	0	112.476	1275
17	18	0	0	0	0	121.447	1276
17	19	0	0	0	0	110.404	1277
18	18	0	0	0	0	110.969	1278
18	19	0	0	0	0	106.526	1279
18	18	0	0	0	0	125.102	1280
20	18	0	0	0	0	120.87	1281
21	18	0	0	0	0	122.556	1282
22	18	0	0	0	0	115.387	1283
22	18	0	0	0	0	122.84	1284
22	18	0	0	0	0	130.68	1285
20	18	0	0	0	0	122.207	1286
20	19	0	0	0	0	135.386	1287
20	19	0	0	0	0	136.388	1288
20	19	0	0	0	0	129.28	1289
20	19	0	0	0	0	129.094	1290
21	19	0	0	0	0	131.075	1291
21	19	0	0	0	0	136.464	1292
21	18	0	0	0	0	130.746	1293
21	18	0	0	0	0	137.925	1294
21	18	0	0	0	0	137.977	1295
21	18	0	0	0	0	119.827	1296
21	17	0	0	0	0	112.707	1297
21	16	0	0	0	0	134.887	1298
21	16	0	0	0	0	116.129	1299
21	16	0	0	0	0	124.567	1300
21	14	0	0	0	0	124.306	1301
21	13	0	0	0	0	123.62	1302
21	13	0	0	0	0	116.725	1303
21	13	0	0	0	0	121.229	1304
22	12	0	0	0	0	117.73	1305
22	12	0	0	0	0	113.597	1306
22	12	0	0	0	0	114.843	1307
22	12	0	0	0	0	119.737	1308
22	12	0	0	0	0	122.968	1309
22	12	0	0	0	0	118.97	1310
22	12	0	0	0	0	122.279	1311
22	12	0	0	0	0	123.02	1312
21	12	0	0	0	0	110.624	1313
21	12	0	0	0	0	112.017	1314
21	12	0	0	0	0	110.405	1315
21	11	0	0	0	0	117.016	1316
21	11	0	0	0	0	112.947	1317
21	11	0	0	0	0	107.391	1318
21	10	0	0	0	0	116.142	1319
21	10	0	0	0	0	111.302	1320
21	10	0	0	0	0	112.933	1321
21	10	0	0	0	0	103.478	1322
21	9	0	0	0	0	96.972	1323
21	9	0	0	0	0	87.3539	1324
18	8	0	0	0	0	87.3102	1325
16	8	0	0	0	0	84.407	1326
16	8	0	0	0	0	78.7477	1327
16	6	0	0	0	0	63.8303	1328
16	6	0	0	0	0	74.3539	1329
16	5	0	0	0	0	68.2705	1330
16	6	0	0	0	0	63.8851	1331
16	5	0	0	0	0	45.3874	1332
15	4	0	0	0	0	55.037	1333
15	4	0	0	0	0	57.4521	1334
15	2	0	0	0	0	52.2208	1335
15	1	0	0	0	0	52.6416	1336
15	1	0	0	0	0	47.9541	1337
13	1	0	0	0	0	42.8706	1338
13	1	0	0	0	0	38.2952	1339
13	1	0	0	0	0	44.8522	1340
13	1	0	0	0	0	42.707	1341
13	1	0	0	0	0	41.7662	1342
13	1	0	0	0	0	43.9423	1343
12	1	0	0	0	0	44.8514	1344
12	1	0	0	0	0	43.883	1345
12	1	0	0	0	0	44.8471	1346
12	1	0	0	0	0	42.707	1347
12	2	0	0	0	0	41.6433	1348
12	2	0	0	0	0	44.0337	1349
11	2	0	0	0	0	39.161	1350
12	2	0	0	0	0	33.1883	1351
12	2	0	0	0	0	40.787	1352
12	2	0	0	0	0	38.984	1353
12	2	0	0	0	0	38.984	1354
12	2	0	0	0	0	37.0333	1355
12	2	0	0	0	0	40.4602	1356
11	2	0	0	0	0	38.6457	1357
11	2	0	0	0	0	44.884	1358
11	2	0	0	0	0	42.7818	1359
11	2	0	0	0	0	45.1773	1360
11	2	0	0	0	0	36.1416	1361
11	2	0	0	0	0	42.3924	1362
11	2	0	0	0	0	40.7008	1363
11	2	0	0	0	0	39.8403	1364
11	2	0	0	0	0	38.1013	1365
11	2	0	0	0	0	38.5068	1366
11	2	0	0	0	0	39.7715	1367
11	2	0	0	0	0	39.0829	1368
11	2	0	0	0	0	39.5838	1369
10	2	0	0	0	0	38.9442	1370
10	2	0	0	0	0	36.5055	1371
10	2	0	0	0	0	28.4841	1372
10	2	0	0	0	0	39.5329	1373
10	2	0	0	0	0	36.261	1374
9	2	0	0	0	0	30.4203	1375
9	2	0	0	0	0	36.2566	1376
9	2	0	0	0	0	31.5391	1377
9	2	0	0	0	0	33.7825	1378
9	2	0	0	0	0	36.925	1379
9	2	0	0	0	0	35.2811	1380
9	2	0	0	0	0	31.2354	1381
10	1	0	0	0	0	29.9586	1382
10	1	0	0	0	0	26.6627	1383
10	1	0	0	0	0	36.9508	1384
10	1	0	0	0	0	35.3403	1385
11	1	0	0	0	0	35.3223	1386
12	1	0	0	0	0	35.2353	1387
12	1	0	0	0	0	34.0029	1388
12	1	0	0	0	0	44.8522	1389
13	1	0	0	0	0	42.2749	1390
13	1	0	0	0	0	44.8976	1391
13	1	0	0	0	0	46.7214	1392
13	1	0	0	0	0	47.6157	1393
13	1	0	0	0	0	42.2335	1394
13	1	0	0	0	0	45.7535	1395
13	1	0	0	0	0	33.9775	1396
13	2	0	0	0	0	45.1579	1397
12	2	0	0	0	0	45.7973	1398
12	2	0	0	0	0	41.5978	1399
12	2	0	0	0	0	46.151	1400
12	2	0	0	0	0	41.9448	1401
13	2	0	0	0	0	44.1382	1402
14	2	0	0	0	0	46.6817	1403
14	2	0	0	0	0	45.6016	1404
13	3	0	0	0	0	44.142	1405
14	3	0	0	0	0	56.4819	1406
14	3	0	0	0	0	56.591	1407
14	3	0	0	0	0	52.4057	1408
14	3	0	0	0	0	50.4595	1409
14	3	0	0	0	0	49.2189	1410
14	3	0	0	0	0	45.6794	1411
13	3	0	0	0	0	52.4481	1412
13	3	0	0	0	0	51.8192	1413
13	2	0	0	0	0	46.4208	1414
13	3	0	0	0	0	45.3941	1415
13	3	0	0	0	0	52.5946	1416
13	3	0	0	0	0	55.8002	1417
13	3	0	0	0	0	47.3185	1418
13	4	0	0	0	0	52.5153	1419
14	5	0	0	0	0	53.9081	1420
14	5	0	0	0	0	55.7548	1421
14	5	0	0	0	0	37.6828	1422
13	5	0	0	0	0	53.2484	1423
14	5	0	0	0	0	54.0712	1424
14	5	0	0	0	0	58.837	1425
14	5	0	0	0	0	61.6042	1426
14	5	0	0	0	0	61.3207	1427
13	5	0	0	0	0	61.5843	1428
13	6	0	0	0	0	41.5754	1429
11	6	0	0	0	0	53.6269	1430
12	6	0	0	0	0	56.1882	1431
12	6	0	0	0	0	47.4845	1432
11	6	0	0	0	0	56.1818	1433
11	6	0	0	0	0	46.6925	1434
11	6	0	0	0	0	46.3576	1435
11	6	0	0	0	0	58.7849	1436
11	6	0	0	0	0	54.1911	1437
10	6	0	0	0	0	49.1844	1438
10	6	0	0	0	0	53.9973	1439
11	6	0	0	0	0	48.2496	1440
11	6	0	0	0	0	56.564	1441
11	7	0	0	0	0	53.8093	1442
11	7	0	0	0	0	54.1102	1443
11	8	0	0	0	0	59.2285	1444
11	8	0	0	0	0	60.5951	1445
11	8	0	0	0	0	65.3779	1446
11	8	0	0	0	0	63.2602	1447
11	8	0	0	0	0	57.2965	1448
11	8	0	0	0	0	65.5967	1449
11	9	0	0	0	0	60.6938	1450
10	9	0	0	0	0	53.7374	1451
11	9	0	0	0	0	55.2213	1452
11	9	0	0	0	0	62.4313	1453
11	9	0	0	0	0	66.5383	1454
11	9	0	0	0	0	66.606	1455
11	9	0	0	0	0	68.0781	1456
11	9	0	0	0	0	64.1542	1457
11	9	0	0	0	0	68.7263	1458
11	9	0	0	0	0	61.8882	1459
11	9	0	0	0	0	64.9017	1460
11	9	0	0	0	0	55.4938	1461
12	9	0	0	0	0	69.9935	1462
12	9	0	0	0	0	69.7783	1463
12	9	0	0	0	0	59.1082	1464
12	8	0	0	0	0	59.2704	1465
13	8	0	0	0	0	71.8517	1466
13	8	0	0	0	0	66.4267	1467
13	8	0	0	0	0	71.3704	1468
13	8	0	0	0	0	70.6363	1469
13	8	0	0	0	0	72.3852	1470
13	8	0	0	0	0	63.4131	1471
13	8	0	0	0	0	72.1487	1472
13	8	0	0	0	0	72.3097	1473
13	8	0	0	0	0	69.9947	1474
14	8	0	0	0	0	70.4928	1475
14	9	0	0	0	0	70.4895	1476
15	10	0	0	0	0	74.1151	1477
16	10	0	0	0	0	75.0976	1478
16	10	0	0	0	0	85.2943	1479
16	10	0	0	0	0	80.7732	1480
16	10	0	0	0	0	86.3421	1481
16	9	0	0	0	0	80.3852	1482
16	9	0	0	0	0	70.0538	1483
16	9	0	0	0	0	75.842	1484
16	9	0	0	0	0	79.8376	1485
16	8	0	0	0	0	74.1788	1486
16	8	0	0	0	0	76.655	1487
16	8	0	0	0	0	73.3223	1488
16	8	0	0	0	0	80.8903	1489
16	8	0	0	0	0	83.2969	1490
16	8	0	0	0	0	83.9258	1491
16	8	0	0	0	0	82.7435	1492
16	8	0	0	0	0	73.0872	1493
16	8	0	0	0	0	70.5986	1494
16	8	0	0	0	0	77.0785	1495
17	7	0	0	0	0	71.6371	1496
17	7	0	0	0	0	74.3178	1497
17	7	0	0	0	0	74.327	1498
17	8	0	0	0	0	74.0767	1499
17	8	0	0	0	0	75.4727	1500
18	7	0	0	0	0	69.2178	1501
18	7	0	0	0	0	76.9444	1502
18	7	0	0	0	0	79.9545	1503
18	7	0	0	0	0	90.388	1504
18	7	0	0	0	0	77.3556	1505
18	7	0	0	0	0	77.679	1506
18	7	0	0	0	0	81.9179	1507
18	7	0	0	0	0	85.8286	1508
18	7	0	0	0	0	85.9822	1509
18	7	0	0	0	0	71.1318	1510
18	7	0	0	0	0	87.566	1511
17	7	0	0	0	0	80.4099	1512
18	7	0	0	0	0	76.0229	1513
18	7	0	0	0	0	81.0326	1514
18	7	0	0	0	0	80.4296	1515
18	7	0	0	0	0	86.1331	1516
18	7	0	0	0	0	88.0504	1517
18	7	0	0	0	0	82.7672	1518
19	7	0	0	0	0	87.5839	1519
19	7	0	0	0	0	95.1588	1520
19	7	0	0	0	0	84.6069	1521
19	6	0	0	0	0	80.1799	1522
19	6	0	0	0	0	76.818	1523
18	6	0	0	0	0	80.9313	1524
18	6	0	0	0	0	73.1481	1525
18	6	0	0	0	0	74.9388	1526
18	6	0	0	0	0	64.4768	1527
18	6	0	0	0	0	60.8512	1528
17	6	0	0	0	0	69.4882	1529
16	6	0	0	0	0	66.8349	1530
16	6	0	0	0	0	72.8218	1531
15	6	0	0	0	0	61.4178	1532
15	5	0	0	0	0	63.0507	1533
15	5	0	0	0	0	65.2113	1534
15	5	0	0	0	0	67.3704	1535
15	5	0	0	0	0	52.5728	1536
13	5	0	0	0	0	51.1621	1537
13	4	0	0	0	0	51.9935	1538
13	4	0	0	0	0	47.5952	1539
13	4	0	0	0	0	50.7256	1540
14	4	0	0	0	0	56.8085	1541
14	4	0	0	0	0	56.1284	1542
14	4	0	0	0	0	51.9488	1543
14	4	0	0	0	0	60.4336	1544
14	4	0	0	0	0	54.6973	1545
14	7	0	0	0	0	57.4075	1546
14	7	0	0	0	0	53.519	1547
14	7	0	0	0	0	56.6577	1548
16	7	0	0	0	0	55.8364	1549
16	7	0	0	0	0	49.7043	1550
16	7	0	0	0	0	58.1893	1551
16	6	0	0	0	0	70.3763	1552
16	6	0	0	0	0	78.1112	1553
16	6	0	0	0	0	65.7953	1554
14	6	0	0	0	0	65.3164	1555
14	6	0	0	0	0	64.231	1556
15	6	0	0	0	0	67.8404	1557
15	6	0	0	0	0	76.5555	1558
15	6	0	0	0	0	66.2355	1559
16	6	0	0	0	0	67.4708	1560
16	6	0	0	0	0	78.1235	1561
17	6	0	0	0	0	76.4446	1562
17	6	0	0	0	0	78.6597	1563
18	6	0	0	0	0	80.9893	1564
18	6	0	0	0	0	76.6009	1565
18	6	0	0	0	0	77.0478	1566
18	6	0	0	0	0	83.3324	1567
18	6	0	0	0	0	79.1385	1568
18	5	0	0	0	0	80.7873	1569
18	5	0	0	0	0	83.4632	1570
18	5	0	0	0	0	81.7414	1571
18	5	0	0	0	0	76.3726	1572
18	5	0	0	0	0	76.3726	1573
18	5	0	0	0	0	81.9514	1574
18	5	0	0	0	0	84.3872	1575
18	5	0	0	0	0	58.3181	1576
18	5	0	0	0	0	82.8949	1577
18	6	0	0	0	0	77.9304	1578
18	6	0	0	0	0	85.3704	1579
18	6	0	0	0	0	75.8788	1580
18	6	0	0	0	0	71.0308	1581
18	6	0	0	0	0	79.8335	1582
17	6	0	0	0	0	72.2208	1583
17	6	0	0	0	0	76.3742	1584
17	6	0	0	0	0	81.0318	1585
17	6	0	0	0	0	71.1238	1586
16	6	0	0	0	0	80.0372	1587
16	6	0	0	0	0	64.3353	1588
16	6	0	0	0	0	71.3127	1589
16	6	0	0	0	0	72.7123	1590
16	8	0	0	0	0	74.0264	1591
16	8	0	0	0	0	76.4336	1592
17	8	0	0	0	0	83.6484	1593
17	8	0	0	0	0	80.9635	1594
17	8	0	0	0	0	78.2353	1595
17	8	0	0	0	0	84.5507	1596
16	8	0	0	0	0	82.6638	1597
16	8	0	0	0	0	78.7829	1598
16	8	0	0	0	0	67.0181	1599
14	8	0	0	0	0	61.5762	1600
14	8	0	0	0	0	64.5237	1601
10	8	0	0	0	0	61.7908	1602
10	8	0	0	0	0	55.199	1603
10	8	0	0	0	0	55.5752	1604
10	8	0	0	0	0	53.1758	1605
10	8	0	0	0	0	48.6572	1606
10	9	0	0	0	0	50.008	1607
10	9	0	0	0	0	62.5748	1608
10	9	0	0	0	0	59.5315	1609
10	9	0	0	0	0	63.4087	1610
10	9	0	0	0	0	58.2449	1611
9	14	0	0	0	0	55.1074	1612
9	14	0	0	0	0	80.7852	1613
9	14	0	0	0	0	79.0076	1614
9	14	0	0	0	0	79.3383	1615
9	14	0	0	0	0	75.5837	1616
9	14	0	0	0	0	71.7194	1617
9	14	0	0	0	0	76.6299	1618
9	13	0	0	0	0	75.0592	1619
9	13	0	0	0	0	73.4233	1620
8	13	0	0	0	0	63.2415	1621
8	13	0	0	0	0	76.4398	1622
8	13	0	0	0	0	72.5702	1623
7	13	0	0	0	0	66.1663	1624
7	13	0	0	0	0	68.8217	1625
7	15	0	0	0	0	68.3872	1626
7	15	0	0	0	0	74.0455	1627
7	16	0	0	0	0	73.6432	1628
7	16	0	0	0	0	75.597	1629
7	16	0	0	0	0	77.6191	1630
7	16	0	0	0	0	80.4081	1631
7	16	0	0	0	0	74.8534	1632
7	16	0	0	0	0	80.6702	1633
8	16	0	0	0	0	70.1772	1634
8	16	0	0	0	0	79.6271	1635
9	16	0	0	0	0	84.2037	1636
9	17	0	0	0	0	69.8928	1637
9	17	0	0	0	0	75.876	1638
9	17	0	0	0	0	75.1926	1639
9	18	0	0	0	0	83.4329	1640
9	18	0	0	0	0	76.9477	1641
9	18	0	0	0	0	90.7829	1642
9	18	0	0	0	0	85.7512	1643
9	18	0	0	0	0	89.2848	1644
9	18	0	0	0	0	93.0604	1645
9	18	0	0	0	0	99.6042	1646
9	18	0	0	0	0	93.2731	1647
10	18	0	0	0	0	99.4843	1648
10	19	0	0	0	0	85.2321	1649
10	19	0	0	0	0	94.9119	1650
12	20	0	0	0	0	97.4556	1651
12	20	0	0	0	0	98.2958	1652
12	20	0	0	0	0	87.4071	1653
12	20	0	0	0	0	89.7119	1654
12	20	0	0	0	0	106.661	1655
12	19	0	0	0	0	109.422	1656
12	19	0	0	0	0	103.338	1657
12	19	0	0	0	0	100.743	1658
12	19	0	0	0	0	99.7858	1659
11	18	0	0	0	0	99.9528	1660
11	18	0	0	0	0	101.304	1661
11	18	0	0	0	0	100.874	1662
11	18	0	0	0	0	107.884	1663
11	18	0	0	0	0	95.0194	1664
11	18	0	0	0	0	103.72	1665
11	19	0	0	0	0	106.749	1666
11	19	0	0	0	0	104.534	1667
11	19	0	0	0	0	98.9573	1668
12	19	0	0	0	0	106.78	1669
12	19	0	0	0	0	93.37	1670
12	19	0	0	0	0	100.105	1671
12	19	0	0	0	0	115.522	1672
12	19	0	0	0	0	111.308	1673
12	19	0	0	0	0	107.662	1674
12	17	0	0	0	0	95.7756	1675
12	17	0	0	0	0	104.06	1676
13	17	0	0	0	0	87.8806	1677
13	17	0	0	0	0	111.001	1678
14	17	0	0	0	0	96.1382	1679
15	20	0	0	0	0	90.7647	1680
15	20	0	0	0	0	103.854	1681
15	19	0	0	0	0	106.11	1682
15	19	0	0	0	0	121.846	1683
15	18	0	0	0	0	115.317	1684
15	18	0	0	0	0	123.976	1685
15	18	0	0	0	0	105.245	1686
15	18	0	0	0	0	111.806	1687
15	18	0	0	0	0	119.505	1688
14	18	0	0	0	0	111.974	1689
14	20	0	0	0	0	110.194	1690
14	20	0	0	0	0	102.418	1691
14	20	0	0	0	0	99.435	1692
14	19	0	0	0	0	101.118	1693
15	19	0	0	0	0	100.664	1694
15	19	0	0	0	0	87.9624	1695
14	19	0	0	0	0	91.5543	1696
11	19	0	0	0	0	93.3499	1697
12	20	0	0	0	0	98.2616	1698
10	20	0	0	0	0	90.8153	1699
10	20	0	0	0	0	94.4418	1700
10	20	0	0	0	0	85.0685	1701
10	20	0	0	0	0	93.4175	1702
10	19	0	0	0	0	93.3954	1703
10	19	0	0	0	0	86.2189	1704
10	19	0	0	0	0	93.066	1705
10	19	0	0	0	0	95.8782	1706
10	19	0	0	0	0	103.344	1707
11	19	0	0	0	0	90.144	1708
12	19	0	0	0	0	81.2436	1709
12	19	0	0	0	0	100.261	1710
12	19	0	0	0	0	104.316	1711
12	19	0	0	0	0	105.682	1712
11	19	0	0	0	0	99.9958	1713
11	19	0	0	0	0	100.206	1714
11	19	0	0	0	0	99.8281	1715
12	19	0	0	0	0	91.4345	1716
12	19	0	0	0	0	110.568	1717
12	18	0	0	0	0	104.906	1718
12	18	0	0	0	0	100.59	1719
12	18	0	0	0	0	98.9353	1720
12	18	0	0	0	0	104.21	1721
12	18	0	0	0	0	96.9083	1722
13	18	0	0	0	0	97.1565	1723
13	17	0	0	0	0	96.2468	1724
14	18	0	0	0	0	100.94	1725
14	18	0	0	0	0	97.2645	1726
14	18	0	0	0	0	117.035	1727
14	18	0	0	0	0	106.498	1728
14	18	0	0	0	0	109.184	1729
14	18	0	0	0	0	105.828	1730
15	16	0	0	0	0	95.9237	1731
15	16	0	0	0	0	101.468	1732
15	16	0	0	0	0	103.352	1733
15	16	0	0	0	0	101.143	1734
15	16	0	0	0	0	107.654	1735
16	16	0	0	0	0	103.481	1736
16	16	0	0	0	0	110.91	1737
16	16	0	0	0	0	101.183	1738
16	15	0	0	0	0	98.4384	1739
16	14	0	0	0	0	100.408	1740
16	13	0	0	0	0	87.1448	1741
16	13	0	0	0	0	102.331	1742
16	13	0	0	0	0	97.6132	1743
16	13	0	0	0	0	84.8933	1744
16	13	0	0	0	0	105.042	1745
16	13	0	0	0	0	98.0087	1746
16	13	0	0	0	0	92.7272	1747
16	13	0	0	0	0	95.1792	1748
16	13	0	0	0	0	103.207	1749
16	13	0	0	0	0	99.819	1750
16	13	0	0	0	0	96.2768	1751
16	13	0	0	0	0	101.077	1752
16	13	0	0	0	0	94.9201	1753
16	13	0	0	0	0	97.0644	1754
16	13	0	0	0	0	102.065	1755
16	13	0	0	0	0	97.184	1756
16	12	0	0	0	0	86.0295	1757
16	12	0	0	0	0	93.5504	1758
16	11	0	0	0	0	87.1838	1759
16	10	0	0	0	0	85.4146	1760
16	9	0	0	0	0	78.1785	1761
15	8	0	0	0	0	70.2214	1762
15	8	0	0	0	0	80.7487	1763
15	9	0	0	0	0	73.6074	1764
14	10	0	0	0	0	77.4502	1765
14	11	0	0	0	0	75.0272	1766
12	11	0	0	0	0	75.2489	1767
12	11	0	0	0	0	76.4461	1768
12	11	0	0	0	0	69.7271	1769
12	11	0	0	0	0	80.7929	1770
12	11	0	0	0	0	83.3888	1771
12	11	0	0	0	0	79.9845	1772
12	11	0	0	0	0	80.2961	1773
12	11	0	0	0	0	79.8623	1774
12	12	0	0	0	0	80.4468	1775
12	12	0	0	0	0	79.9082	1776
12	12	0	0	0	0	77.5307	1777
12	11	0	0	0	0	79.7445	1778
12	11	0	0	0	0	79.3774	1779
12	11	0	0	0	0	70.7412	1780
12	11	0	0	0	0	75.83	1781
13	11	0	0	0	0	68.6863	1782
13	11	0	0	0	0	69.6528	1783
11	11	0	0	0	0	70.395	1784
11	11	0	0	0	0	79.8055	1785
11	11	0	0	0	0	75.8371	1786
11	11	0	0	0	0	80.6873	1787
12	11	0	0	0	0	74.1459	1788
12	11	0	0	0	0	67.1928	1789
12	11	0	0	0	0	71.658	1790
12	11	0	0	0	0	76.5865	1791
12	12	0	0	0	0	76.5193	1792
12	12	0	0	0	0	75.6772	1793
12	11	0	0	0	0	76.7106	1794
12	11	0	0	0	0	72.8035	1795
12	11	0	0	0	0	77.4466	1796
12	11	0	0	0	0	77.1173	1797
12	11	0	0	0	0	72.8781	1798
11	10	0	0	0	0	69.1002	1799
11	11	0	0	0	0	74.1727	1800
11	11	0	0	0	0	76.3171	1801
11	13	0	0	0	0	75.24	1802
11	13	0	0	0	0	77.9299	1803
11	13	0	0	0	0	81.7331	1804
13	13	0	0	0	0	81.204	1805
13	13	0	0	0	0	83.0845	1806
12	13	0	0	0	0	83.265	1807
12	13	0	0	0	0	79.3183	1808
10	13	0	0	0	0	78.0798	1809
10	13	0	0	0	0	78.0779	1810
12	13	0	0	0	0	76.3642	1811
12	13	0	0	0	0	86.3007	1812
12	13	0	0	0	0	90.034	1813
12	13	0	0	0	0	79.2557	1814
12	13	0	0	0	0	81.5122	1815
12	13	0	0	0	0	86.8438	1816
12	13	0	0	0	0	85.1446	1817
12	14	0	0	0	0	86.9537	1818
12	13	0	0	0	0	85.6369	1819
12	15	0	0	0	0	85.2907	1820
12	15	0	0	0	0	88.793	1821
12	16	0	0	0	0	92.6271	1822
12	16	0	0	0	0	95.9017	1823
13	16	0	0	0	0	86.987	1824
13	16	0	0	0	0	86.6126	1825
13	16	0	0	0	0	81.7636	1826
13	16	0	0	0	0	86.1444	1827
15	16	0	0	0	0	92.1152	1828
13	16	0	0	0	0	73.5864	1829
13	15	0	0	0	0	85.2077	1830
11	15	0	0	0	0	87.7003	1831
11	15	0	0	0	0	89.4738	1832
11	15	0	0	0	0	78.5125	1833
11	15	0	0	0	0	87.5502	1834
12	15	0	0	0	0	90.2922	1835
12	15	0	0	0	0	80.8091	1836
12	15	0	0	0	0	81.4071	1837
14	15	0	0	0	0	83.9037	1838
14	15	0	0	0	0	78.9506	1839
15	13	0	0	0	0	93.4043	1840
17	13	0	0	0	0	91.8548	1841
17	13	0	0	0	0	100.549	1842
19	13	0	0	0	0	98.8492	1843
19	13	0	0	0	0	101.591	1844
20	13	0	0	0	0	100.625	1845
20	13	0	0	0	0	98.6491	1846
20	13	0	0	0	0	114.103	1847
20	13	0	0	0	0	107.115	1848
21	13	0	0	0	0	106.823	1849
22	13	0	0	0	0	117.508	1850
23	13	0	0	0	0	118.041	1851
24	13	0	0	0	0	117.451	1852
24	13	0	0	0	0	113.716	1853
25	13	0	0	0	0	113.394	1854
25	13	0	0	0	0	117.596	1855
25	13	0	0	0	0	118.797	1856
25	13	0	0	0	0	110.288	1857
25	13	0	0	0	0	126.243	1858
25	12	0	0	0	0	123.028	1859
26	12	0	0	0	0	131.566	1860
26	12	0	0	0	0	121.969	1861
26	12	0	0	0	0	130.045	1862
26	12	0	0	0	0	115.058	1863
26	12	0	0	0	0	139.201	1864
26	12	0	0	0	0	134.229	1865
26	12	0	0	0	0	141.381	1866
26	12	0	0	0	0	136.215	1867
26	12	0	0	0	0	128.87	1868
26	12	0	0	0	0	135.795	1869
26	12	0	0	0	0	135.41	1870
26	12	0	0	0	0	133.793	1871
26	13	0	0	0	0	118.937	1872
26	13	0	0	0	0	136.279	1873
27	13	0	0	0	0	131.495	1874
26	14	0	0	0	0	131.611	1875
26	14	0	0	0	0	135.377	1876
26	18	0	0	0	0	136.161	1877
26	18	0	0	0	0	143.977	1878
26	18	0	0	0	0	150.021	1879
27	18	0	0	0	0	160.227	1880
26	18	0	0	0	0	148.436	1881
26	19	0	0	0	0	145.32	1882
26	19	0	0	0	0	143.133	1883
27	19	0	0	0	0	142.87	1884
27	19	0	0	0	0	145.242	1885
24	19	0	0	0	0	147.331	1886
24	19	0	0	0	0	156.353	1887
24	19	0	0	0	0	141.481	1888
24	19	0	0	0	0	136.463	1889
25	19	0	0	0	0	146.701	1890
25	19	0	0	0	0	145.832	1891
25	19	0	0	0	0	157.143	1892
25	18	0	0	0	0	124.893	1893
25	18	0	0	0	0	147.179	1894
25	18	0	0	0	0	148.958	1895
25	18	0	0	0	0	145.294	1896
25	18	0	0	0	0	147.914	1897
25	18	0	0	0	0	143.472	1898
25	18	0	0	0	0	151.033	1899
25	18	0	0	0	0	153.4	1900
26	18	0	0	0	0	152.824	1901
26	18	0	0	0	0	150.668	1902
26	18	0	0	0	0	151.582	1903
25	18	0	0	0	0	141.374	1904
25	18	0	0	0	0	139.931	1905
26	16	0	0	0	0	139.556	1906
27	16	0	0	0	0	151.167	1907
27	16	0	0	0	0	146.184	1908
27	16	0	0	0	0	145.12	1909
27	16	0	0	0	0	148.779	1910
27	16	0	0	0	0	152.741	1911
27	16	0	0	0	0	144.615	1912
27	16	0	0	0	0	133.46	1913
27	16	0	0	0	0	139.942	1914
27	15	0	0	0	0	148.846	1915
27	15	0	0	0	0	146.124	1916
27	15	0	0	0	0	141.697	1917
26	15	0	0	0	0	148.088	1918
26	15	0	0	0	0	149.902	1919
27	15	0	0	0	0	143.71	1920
27	15	0	0	0	0	133.036	1921
28	15	0	0	0	0	140.564	1922
29	15	0	0	0	0	143.768	1923
29	15	0	0	0	0	142.02	1924
29	15	0	0	0	0	137.748	1925
29	14	0	0	0	0	140.498	1926
29	13	0	0	0	0	148.285	1927
28	13	0	0	0	0	143.319	1928
28	13	0	0	0	0	142.044	1929
28	15	0	0	0	0	151.295	1930
28	15	0	0	0	0	129.652	1931
28	15	0	0	0	0	150.74	1932
28	15	0	0	0	0	145.239	1933
28	15	0	0	0	0	147.386	1934
28	15	0	0	0	0	161.586	1935
28	15	0	0	0	0	156.824	1936
28	15	0	0	0	0	134.532	1937
28	15	0	0	0	0	142.908	1938
28	18	0	0	0	0	150.182	1939
28	18	0	0	0	0	143.856	1940
29	17	0	0	0	0	138.876	1941
30	16	0	0	0	0	145.964	1942
29	16	0	0	0	0	132.97	1943
29	16	0	0	0	0	142.908	1944
30	16	0	0	0	0	161.754	1945
30	17	0	0	0	0	149.694	1946
30	17	0	0	0	0	172.665	1947
30	17	0	0	0	0	159.695	1948
30	17	0	0	0	0	170.259	1949
30	17	0	0	0	0	165.986	1950
30	17	0	0	0	0	157.664	1951
30	17	0	0	0	0	166.145	1952
30	17	0	0	0	0	167.667	1953
30	17	0	0	0	0	142.417	1954
27	17	0	0	0	0	143.388	1955
27	17	0	0	0	0	144.31	1956
25	16	0	0	0	0	136.119	1957
25	16	0	0	0	0	145.179	1958
25	16	0	0	0	0	133.33	1959
23	15	0	0	0	0	129.272	1960
20	15	0	0	0	0	123.556	1961
20	15	0	0	0	0	122.468	1962
20	15	0	0	0	0	102.381	1963
19	15	0	0	0	0	94.1547	1964
19	15	0	0	0	0	102.699	1965
19	15	0	0	0	0	109.756	1966
19	15	0	0	0	0	109.55	1967
19	14	0	0	0	0	107.395	1968
19	13	0	0	0	0	109.941	1969
19	12	0	0	0	0	110.276	1970
19	12	0	0	0	0	109.349	1971
19	15	0	0	0	0	106.673	1972
19	15	0	0	0	0	111.295	1973
19	15	0	0	0	0	110.602	1974
19	15	0	0	0	0	107.583	1975
19	15	0	0	0	0	107.744	1976
19	15	0	0	0	0	101.948	1977
19	15	0	0	0	0	119.541	1978
19	15	0	0	0	0	116.722	1979
19	15	0	0	0	0	124.439	1980
19	15	0	0	0	0	122.412	1981
19	15	0	0	0	0	122.592	1982
20	15	0	0	0	0	118.681	1983
21	17	0	0	0	0	113.667	1984
22	17	0	0	0	0	64.6174	1985
21	17	0	0	0	0	71.3841	1986
21	17	0	0	0	0	80.9759	1987
19	17	0	0	0	0	78.3712	1988
19	18	0	0	0	0	79.1768	1989
19	18	0	0	0	0	77.9932	1990
16	18	0	0	0	0	79.0994	1991
14	18	0	0	0	0	78.9782	1992
8	17	0	0	0	0	70.7296	1993
8	17	0	0	0	0	77.2177	1994
8	17	0	0	0	0	83.7633	1995
8	17	0	0	0	0	75.8057	1996
8	17	0	0	0	0	81.4395	1997
8	17	0	0	0	0	83.9025	1998
8	17	0	0	0	0	78.9406	1999
8	17	0	0	0	0	81.7295	2000
8	17	0	0	0	0	82.343	2001
8	17	0	0	0	0	79.5084	2002
8	17	0	0	0	0	78.6249	2003
8	17	0	0	0	0	80.3761	2004
8	17	0	0	0	0	82.6644	2005
8	17	0	0	0	0	86.3239	2006
8	16	0	0	0	0	78.0514	2007
8	16	0	0	0	0	77.6146	2008
8	16	0	0	0	0	81.2204	2009
8	16	0	0	0	0	71.8607	2010
9	16	0	0	0	0	71.2231	2011
9	16	0	0	0	0	79.7442	2012
9	16	0	0	0	0	74.1663	2013
10	15	0	0	0	0	76.4823	2014
12	15	0	0	0	0	71.6581	2015
12	15	0	0	0	0	86.4779	2016
12	14	0	0	0	0	89.7	2017
12	14	0	0	0	0	82.2317	2018
13	14	0	0	0	0	86.1987	2019
14	14	0	0	0	0	88.837	2020
14	14	0	0	0	0	90.0403	2021
14	15	0	0	0	0	87.5062	2022
14	15	0	0	0	0	85.4887	2023
14	15	0	0	0	0	91.8433	2024
14	14	0	0	0	0	81.4635	2025
13	12	0	0	0	0	77.9267	2026
13	12	0	0	0	0	72.0838	2027
13	12	0	0	0	0	72.0853	2028
12	12	0	0	0	0	71.5379	2029
12	12	0	0	0	0	64.5597	2030
12	12	0	0	0	0	70.7149	2031
12	11	0	0	0	0	79.1748	2032
12	11	0	0	0	0	72.5017	2033
13	11	0	0	0	0	77.6941	2034
14	11	0	0	0	0	73.1997	2035
14	11	0	0	0	0	83.2388	2036
14	11	0	0	0	0	83.6662	2037
14	11	0	0	0	0	82.6559	2038
14	11	0	0	0	0	82.019	2039
14	11	0	0	0	0	77.2863	2040
14	11	0	0	0	0	81.7417	2041
14	11	0	0	0	0	77.9354	2042
14	11	0	0	0	0	86.2363	2043
14	11	0	0	0	0	80.5081	2044
14	11	0	0	0	0	79.0523	2045
14	10	0	0	0	0	71.313	2046
14	10	0	0	0	0	84.0365	2047
14	10	0	0	0	0	68.4168	2048
14	10	0	0	0	0	71.9438	2049
14	10	0	0	0	0	75.4882	2050
14	10	0	0	0	0	72.5812	2051
14	8	0	0	0	0	66.7137	2052
14	8	0	0	0	0	73.465	2053
14	8	0	0	0	0	71.119	2054
14	8	0	0	0	0	69.1446	2055
14	8	0	0	0	0	71.7816	2056
14	8	0	0	0	0	68.0047	2057
14	8	0	0	0	0	69.7718	2058
14	8	0	0	0	0	72.8667	2059
14	8	0	0	0	0	71.1653	2060
15	8	0	0	0	0	69.1728	2061
15	8	0	0	0	0	69.2852	2062
15	8	0	0	0	0	73.106	2063
15	7	0	0	0	0	76.2658	2064
15	7	0	0	0	0	70.5102	2065
15	7	0	0	0	0	71.7599	2066
15	7	0	0	0	0	72.7934	2067
15	7	0	0	0	0	66.9577	2068
15	7	0	0	0	0	70.692	2069
15	7	0	0	0	0	68.3	2070
15	7	0	0	0	0	71.094	2071
15	7	0	0	0	0	76.5576	2072
15	7	0	0	0	0	74.7891	2073
15	7	0	0	0	0	71.7217	2074
15	7	0	0	0	0	68.8336	2075
14	7	0	0	0	0	69.7596	2076
14	7	0	0	0	0	63.4831	2077
15	7	0	0	0	0	64.6271	2078
15	7	0	0	0	0	61.0863	2079
14	6	0	0	0	0	65.4889	2080
14	6	0	0	0	0	64.8561	2081
14	6	0	0	0	0	59.0693	2082
14	6	0	0	0	0	56.5336	2083
15	6	0	0	0	0	61.1997	2084
15	6	0	0	0	0	70.457	2085
15	7	0	0	0	0	58.9986	2086
15	7	0	0	0	0	63.0578	2087
16	8	0	0	0	0	65.2176	2088
16	7	0	0	0	0	59.8384	2089
16	7	0	0	0	0	66.5582	2090
16	7	0	0	0	0	77.81	2091
15	7	0	0	0	0	68.8223	2092
15	7	0	0	0	0	70.645	2093
15	7	0	0	0	0	67.653	2094
14	7	0	0	0	0	65.8911	2095
14	7	0	0	0	0	70.2851	2096
16	7	0	0	0	0	64.6711	2097
16	7	0	0	0	0	57.6123	2098
16	7	0	0	0	0	61.8399	2099
16	7	0	0	0	0	57.4598	2100
16	7	0	0	0	0	64.4636	2101
16	5	0	0	0	0	58.8699	2102
16	4	0	0	0	0	58.1341	2103
16	4	0	0	0	0	57.5289	2104
17	4	0	0	0	0	63.439	2105
17	4	0	0	0	0	62.2099	2106
17	4	0	0	0	0	65.196	2107
17	4	0	0	0	0	57.043	2108
18	4	0	0	0	0	65.171	2109
17	5	0	0	0	0	75.2986	2110
17	5	0	0	0	0	69.0586	2111
18	6	0	0	0	0	74.9661	2112
18	6	0	0	0	0	80.2354	2113
18	6	0	0	0	0	78.1532	2114
18	6	0	0	0	0	84.4412	2115
19	6	0	0	0	0	80.1295	2116
19	7	0	0	0	0	86.2559	2117
19	7	0	0	0	0	93.071	2118
19	8	0	0	0	0	77.6636	2119
19	8	0	0	0	0	79.2328	2120
17	8	0	0	0	0	82.9792	2121
18	8	0	0	0	0	86.6478	2122
18	8	0	0	0	0	95.8282	2123
18	8	0	0	0	0	91.9432	2124
18	8	0	0	0	0	86.6708	2125
18	8	0	0	0	0	96.0775	2126
18	10	0	0	0	0	90.6699	2127
18	10	0	0	0	0	87.4124	2128
18	10	0	0	0	0	93.2758	2129
18	11	0	0	0	0	92.8604	2130
18	11	0	0	0	0	85.8776	2131
18	11	0	0	0	0	101.564	2132
17	11	0	0	0	0	97.7192	2133
18	11	0	0	0	0	97.092	2134
18	11	0	0	0	0	102.486	2135
18	11	0	0	0	0	88.9134	2136
18	11	0	0	0	0	99.1864	2137
18	11	0	0	0	0	94.4781	2138
18	12	0	0	0	0	107.535	2139
18	12	0	0	0	0	106.392	2140
18	12	0	0	0	0	105.493	2141
18	12	0	0	0	0	102.28	2142
18	12	0	0	0	0	96.577	2143
18	12	0	0	0	0	85.278	2144
17	12	0	0	0	0	96.407	2145
17	12	0	0	0	0	101.911	2146
17	12	0	0	0	0	94.0862	2147
16	12	0	0	0	0	96.1353	2148
16	12	0	0	0	0	88.4573	2149
15	12	0	0	0	0	88.2949	2150
16	12	0	0	0	0	88.7445	2151
16	12	0	0	0	0	103.877	2152
16	12	0	0	0	0	99.8109	2153
16	12	0	0	0	0	90.7064	2154
16	11	0	0	0	0	93.2994	2155
16	11	0	0	0	0	94.6924	2156
16	11	0	0	0	0	94.4252	2157
16	14	0	0	0	0	93.1471	2158
16	14	0	0	0	0	101.262	2159
16	14	0	0	0	0	87.4973	2160
16	14	0	0	0	0	90.5942	2161
16	14	0	0	0	0	87.1706	2162
16	14	0	0	0	0	84.425	2163
15	14	0	0	0	0	88.8659	2164
12	14	0	0	0	0	79.4696	2165
12	14	0	0	0	0	88.5069	2166
11	14	0	0	0	0	89.2483	2167
11	15	0	0	0	0	88.0053	2168
11	15	0	0	0	0	94.8095	2169
11	15	0	0	0	0	85.98	2170
11	16	0	0	0	0	89.5658	2171
11	16	0	0	0	0	89.7976	2172
11	16	0	0	0	0	94.8049	2173
11	16	0	0	0	0	95.2449	2174
11	16	0	0	0	0	95.8532	2175
11	16	0	0	0	0	89.6336	2176
11	16	0	0	0	0	92.3118	2177
11	16	0	0	0	0	91.2446	2178
11	16	0	0	0	0	92.1394	2179
10	16	0	0	0	0	90.898	2180
10	16	0	0	0	0	88.0506	2181
10	16	0	0	0	0	87.351	2182
11	16	0	0	0	0	85.4452	2183
11	16	0	0	0	0	88.1942	2184
10	16	0	0	0	0	96.4902	2185
10	16	0	0	0	0	90.9049	2186
10	16	0	0	0	0	88.9566	2187
10	16	0	0	0	0	78.2001	2188
10	16	0	0	0	0	96.5366	2189
10	16	0	0	0	0	90.8639	2190
10	16	0	0	0	0	91.7239	2191
10	16	0	0	0	0	81.2294	2192
11	16	0	0	0	0	79.1918	2193
11	16	0	0	0	0	86.5208	2194
11	16	0	0	0	0	88.3243	2195
11	16	0	0	0	0	92.1998	2196
11	16	0	0	0	0	90.0413	2197
11	16	0	0	0	0	82.9667	2198
11	16	0	0	0	0	79.4019	2199
11	16	0	0	0	0	87.0851	2200
11	16	0	0	0	0	87.1311	2201
11	17	0	0	0	0	85.9183	2202
11	16	0	0	0	0	88.0548	2203
11	16	0	0	0	0	85.2683	2204
11	15	0	0	0	0	83.2617	2205
11	15	0	0	0	0	80.0512	2206
11	15	0	0	0	0	76.6884	2207
11	15	0	0	0	0	89.4331	2208
11	15	0	0	0	0	89.3184	2209
11	17	0	0	0	0	79.1026	2210
10	17	0	0	0	0	92.5885	2211
10	17	0	0	0	0	86.432	2212
10	18	0	0	0	0	80.9177	2213
10	19	0	0	0	0	79.8888	2214
10	19	0	0	0	0	80.3959	2215
10	19	0	0	0	0	83.9965	2216
10	19	0	0	0	0	83.8565	2217
10	19	0	0	0	0	83.2231	2218
9	20	0	0	0	0	85.344	2219
9	19	0	0	0	0	94.688	2220
9	19	0	0	0	0	100.453	2221
10	19	0	0	0	0	94.9466	2222
10	19	0	0	0	0	108.018	2223
10	19	0	0	0	0	91.9768	2224
10	19	0	0	0	0	88.9044	2225
10	19	0	0	0	0	94.8181	2226
10	19	0	0	0	0	100.265	2227
9	19	0	0	0	0	96.5646	2228
9	20	0	0	0	0	98.2629	2229
10	20	0	0	0	0	101.326	2230
10	20	0	0	0	0	92.2941	2231
10	20	0	0	0	0	100.662	2232
10	20	0	0	0	0	98.8325	2233
10	20	0	0	0	0	98.087	2234
10	21	0	0	0	0	86.7499	2235
10	21	0	0	0	0	90.9011	2236
10	22	0	0	0	0	90.7476	2237
8	21	0	0	0	0	91.2171	2238
8	19	0	0	0	0	92.3778	2239
9	19	0	0	0	0	88.1086	2240
9	20	0	0	0	0	99.9614	2241
9	20	0	0	0	0	82.2229	2242
9	20	0	0	0	0	100.789	2243
9	20	0	0	0	0	99.4755	2244
9	20	0	0	0	0	87.6474	2245
10	21	0	0	0	0	102.803	2246
10	21	0	0	0	0	108.641	2247
10	21	0	0	0	0	94.3206	2248
12	21	0	0	0	0	105.819	2249
12	21	0	0	0	0	110.424	2250
12	21	0	0	0	0	105.353	2251
12	21	0	0	0	0	109.83	2252
12	21	0	0	0	0	113.358	2253
12	21	0	0	0	0	105.327	2254
9	21	0	0	0	0	102.034	2255
9	21	0	0	0	0	102.136	2256
9	22	0	0	0	0	107.276	2257
9	22	0	0	0	0	99.227	2258
9	21	0	0	0	0	92.3343	2259
9	20	0	0	0	0	108.172	2260
9	20	0	0	0	0	89.9027	2261
9	19	0	0	0	0	97.5066	2262
9	19	0	0	0	0	96.2503	2263
9	19	0	0	0	0	95.3284	2264
9	19	0	0	0	0	91.2399	2265
9	19	0	0	0	0	93.6418	2266
10	18	0	0	0	0	85.6767	2267
10	18	0	0	0	0	96.6379	2268
10	18	0	0	0	0	93.2232	2269
10	18	0	0	0	0	93.5303	2270
10	18	0	0	0	0	88.6514	2271
9	18	0	0	0	0	88.4097	2272
9	18	0	0	0	0	90.9093	2273
9	18	0	0	0	0	90.3261	2274
9	18	0	0	0	0	92.251	2275
9	18	0	0	0	0	85.8385	2276
10	17	0	0	0	0	76.85	2277
10	17	0	0	0	0	66.4193	2278
10	16	0	0	0	0	70.468	2279
10	17	0	0	0	0	70.4815	2280
10	16	0	0	0	0	63.6701	2281
9	16	0	0	0	0	77.1443	2282
8	16	0	0	0	0	73.5939	2283
8	16	0	0	0	0	71.8328	2284
8	15	0	0	0	0	80.1579	2285
8	15	0	0	0	0	72.7019	2286
8	15	0	0	0	0	76.0329	2287
8	15	0	0	0	0	68.1382	2288
8	12	0	0	0	0	66.7992	2289
9	13	0	0	0	0	60.3374	2290
9	13	0	0	0	0	74.6294	2291
10	13	0	0	0	0	74.8123	2292
10	13	0	0	0	0	78.1562	2293
10	13	0	0	0	0	69.7448	2294
10	13	0	0	0	0	75.0529	2295
10	13	0	0	0	0	64.2539	2296
10	13	0	0	0	0	74.6836	2297
10	13	0	0	0	0	76.1815	2298
10	13	0	0	0	0	70.2418	2299
10	12	0	0	0	0	80.3503	2300
10	12	0	0	0	0	75.3011	2301
11	12	0	0	0	0	75.3431	2302
11	12	0	0	0	0	76.0301	2303
11	12	0	0	0	0	72.4714	2304
11	12	0	0	0	0	79.8807	2305
11	12	0	0	0	0	75.9414	2306
10	12	0	0	0	0	74.7216	2307
10	12	0	0	0	0	74.9973	2308
10	13	0	0	0	0	67.5988	2309
10	14	0	0	0	0	73.9276	2310
10	14	0	0	0	0	73.5382	2311
11	14	0	0	0	0	77.4392	2312
10	14	0	0	0	0	82.2274	2313
11	15	0	0	0	0	77.5214	2314
11	15	0	0	0	0	78.8531	2315
11	15	0	0	0	0	88.7988	2316
11	15	0	0	0	0	89.6175	2317
11	15	0	0	0	0	82.0874	2318
11	15	0	0	0	0	85.5653	2319
12	14	0	0	0	0	85.1799	2320
12	14	0	0	0	0	79.6572	2321
12	14	0	0	0	0	86.0731	2322
12	14	0	0	0	0	83.1239	2323
12	14	0	0	0	0	88.1342	2324
12	14	0	0	0	0	87.6373	2325
12	14	0	0	0	0	92.6183	2326
12	14	0	0	0	0	78.1746	2327
12	14	0	0	0	0	91.0879	2328
12	14	0	0	0	0	76.3503	2329
12	14	0	0	0	0	85.6547	2330
12	14	0	0	0	0	86.3917	2331
12	15	0	0	0	0	80.1318	2332
12	14	0	0	0	0	84.8289	2333
12	14	0	0	0	0	90.3879	2334
12	14	0	0	0	0	90.0855	2335
13	14	0	0	0	0	88.5296	2336
13	14	0	0	0	0	89.4514	2337
14	14	0	0	0	0	91.8263	2338
14	14	0	0	0	0	79.8374	2339
14	14	0	0	0	0	83.5868	2340
14	14	0	0	0	0	81.2785	2341
14	14	0	0	0	0	94.5119	2342
15	14	0	0	0	0	99.9006	2343
15	15	0	0	0	0	91.9507	2344
15	15	0	0	0	0	99.9812	2345
15	15	0	0	0	0	101.883	2346
15	15	0	0	0	0	102.631	2347
15	15	0	0	0	0	95.026	2348
15	14	0	0	0	0	93.29	2349
15	14	0	0	0	0	96.1382	2350
15	14	0	0	0	0	102.809	2351
15	14	0	0	0	0	99.6163	2352
15	13	0	0	0	0	95.523	2353
15	13	0	0	0	0	99.9243	2354
15	13	0	0	0	0	95.9741	2355
15	13	0	0	0	0	87.9942	2356
15	13	0	0	0	0	91.0285	2357
15	12	0	0	0	0	81.8152	2358
15	12	0	0	0	0	85.4797	2359
15	11	0	0	0	0	86.9617	2360
15	11	0	0	0	0	89.1809	2361
15	11	0	0	0	0	85.6054	2362
15	11	0	0	0	0	84.0851	2363
15	11	0	0	0	0	88.6726	2364
15	11	0	0	0	0	82.7148	2365
15	10	0	0	0	0	80.8128	2366
16	10	0	0	0	0	89.3513	2367
16	10	0	0	0	0	82.6285	2368
16	9	0	0	0	0	74.7259	2369
17	8	0	0	0	0	65.1109	2370
17	8	0	0	0	0	69.0947	2371
17	9	0	0	0	0	72.7095	2372
18	8	0	0	0	0	72.1497	2373
18	8	0	0	0	0	62.6098	2374
18	8	0	0	0	0	67.4179	2375
18	8	0	0	0	0	71.4182	2376
18	8	0	0	0	0	65.2346	2377
17	8	0	0	0	0	77.0489	2378
17	8	0	0	0	0	77.8375	2379
16	8	0	0	0	0	80.552	2380
16	8	0	0	0	0	87.7947	2381
16	8	0	0	0	0	78.9971	2382
16	8	0	0	0	0	83.5706	2383
16	7	0	0	0	0	80.1028	2384
16	7	0	0	0	0	76.9729	2385
16	7	0	0	0	0	76.3612	2386
15	7	0	0	0	0	74.0433	2387
15	7	0	0	0	0	62.9285	2388
15	7	0	0	0	0	57.3595	2389
10	7	0	0	0	0	50.9879	2390
10	7	0	0	0	0	57.7943	2391
10	7	0	0	0	0	60.7243	2392
10	7	0	0	0	0	50.1398	2393
10	7	0	0	0	0	45.081	2394
10	7	0	0	0	0	58.3692	2395
10	7	0	0	0	0	50.3047	2396
10	6	0	0	0	0	47.7223	2397
10	6	0	0	0	0	40.9362	2398
8	6	0	0	0	0	42.291	2399
8	6	0	0	0	0	45.2463	2400
8	6	0	0	0	0	46.5133	2401
9	6	0	0	0	0	47.9974	2402
9	6	0	0	0	0	50.1379	2403
9	6	0	0	0	0	46.2855	2404
9	6	0	0	0	0	44.8053	2405
9	6	0	0	0	0	41.4078	2406
9	6	0	0	0	0	43.4359	2407
9	6	0	0	0	0	46.3582	2408
9	6	0	0	0	0	48.1864	2409
8	6	0	0	0	0	42.577	2410
8	7	0	0	0	0	48.4758	2411
8	7	0	0	0	0	45.3626	2412
8	7	0	0	0	0	48.1953	2413
8	7	0	0	0	0	45.4564	2414
8	7	0	0	0	0	44.0322	2415
8	7	0	0	0	0	49.0103	2416
9	7	0	0	0	0	50.429	2417
9	7	0	0	0	0	49.6756	2418
9	7	0	0	0	0	46.4662	2419
9	7	0	0	0	0	50.2374	2420
9	7	0	0	0	0	56.0954	2421
9	7	0	0	0	0	45.517	2422
9	7	0	0	0	0	54.0686	2423
9	7	0	0	0	0	43.6409	2424
9	7	0	0	0	0	49.4825	2425
9	7	0	0	0	0	49.2392	2426
9	7	0	0	0	0	54.5607	2427
9	7	0	0	0	0	47.6537	2428
9	7	0	0	0	0	47.1058	2429
9	6	0	0	0	0	50.1179	2430
9	6	0	0	0	0	42.7726	2431
9	5	0	0	0	0	46.7706	2432
10	5	0	0	0	0	39.2905	2433
10	5	0	0	0	0	52.6933	2434
10	5	0	0	0	0	48.859	2435
10	5	0	0	0	0	50.2236	2436
10	5	0	0	0	0	50.5078	2437
10	5	0	0	0	0	46.1784	2438
10	5	0	0	0	0	50.1903	2439
10	5	0	0	0	0	49.2929	2440
10	5	0	0	0	0	50.4852	2441
10	5	0	0	0	0	52.0382	2442
10	5	0	0	0	0	46.2289	2443
10	4	0	0	0	0	41.4474	2444
10	4	0	0	0	0	45.1836	2445
10	4	0	0	0	0	45.5547	2446
10	4	0	0	0	0	46.5161	2447
10	4	0	0	0	0	43.7091	2448
10	4	0	0	0	0	46.0972	2449
10	4	0	0	0	0	41.4014	2450
10	4	0	0	0	0	36.2574	2451
9	4	0	0	0	0	42.5416	2452
9	4	0.333333	0	1	0	44.9703	2453
9	4	0.333333	0	1	0	43.271	2454
9	4	0.333333	0	1	0	39.8555	2455
9	4	0.333333	0	1	0	37.6628	2456
9	4	0.333333	0	1	0	34.4395	2457
9	4	0.333333	0	1	0	31.5347	2458
9	4	0.333333	0	1	0	42.9202	2459
9	4	0.333333	0	1	0	31.4955	2460
9	4	0.666667	0	2	0	31.6003	2461
7	4	0.666667	0	2	0	36.0292	2462
7	4	0.666667	0	2	0	27.5171	2463
7	4	0.666667	0	2	0	26.6295	2464
7	4	0.666667	0	2	0	23.5697	2465
7	4	0.666667	0	2	0	26.0451	2466
5	4	0.666667	0	2	0	27.4996	2467
5	4	0.666667	0	2	0	27.5171	2468
5	4	0.666667	0	2	0	27.6342	2469
5	4	0.666667	0	2	0	27.6342	2470
5	4	0.666667	0	2	0	19.6931	2471
5	4	0.666667	0	2	0	23.7007	2472
5	3	0.666667	0	2	0	23.7322	2473
5	3	0.666667	0	2	0	24.7414	2474
5	3	0.666667	0	2	0	18.5516	2475
5	3	0.666667	0	2	0	19.4272	2476
5	3	0.666667	0	2	0	20.4532	2477
5	3	0.666667	0	2	0	19.7856	2478
4	3	0.666667	0	2	0	15.8839	2479
4	3	0.666667	0	2	0	13.0677	2480
3	3	0.666667	0	2	0	7.13994	2481
3	3	0.666667	0	2	0	10.6833	2482
3	3	0.666667	0	2	0	13.0794	2483
2	3	0.666667	0	2	0	11.6707	2484
2	3	0.666667	0	2	0	12.6649	2485
2	3	0.666667	0	2	0	11.901	2486
2	3	0.666667	0	2	0	11.5055	2487
2	3	0.666667	0	2	0	10.0009	2488
2	3	0.333333	0	1	0	12.3003	2489
2	3	0.333333	0	1	0	12.2811	2490
2	3	0.333333	0	1	0	12.2956	2491
2	3	0.333333	0	1	0	12.2956	2492
2	3	0.333333	0	1	0	12.2956	2493
2	3	0.333333	0	1	0	12.2956	2494
2	3	0.333333	0	1	0	13.1777	2495
2	3	0.333333	0	1	0	12.2811	2496
2	3	0.333333	0	1	0	12.2811	2497
2	3	0.333333	0	1	0	12.2811	2498
2	3	0.333333	0	1	0	12.0429	2499
2	3	0.333333	0	1	0	8.86637	2500
2	3	0.333333	0	1	0	12.2956	2501
2	3	0.333333	0	1	0	12.2956	2502
2	3	0.333333	0	1	0	12.3419	2503
2	3	0.333333	0	1	0	12.2679	2504
2	3	0.333333	0	1	0	13.3072	2505
2	3	0.333333	0	1	0	9.78608	2506
2	3	0.333333	0	1	0	11.901	2507
2	3	0.333333	0	1	0	11.901	2508
2	3	0.333333	0	1	0	12.0378	2509
2	3	0.333333	0	1	0	9.11735	2510
2	2	0.333333	0	1	0	8.42248	2511
2	2	0.333333	0	1	0	8.06131	2512
2	2	0.333333	0	1	0	5.96117	2513
2	2	0.333333	0	1	0	8.43161	2514
2	2	0.333333	0	1	0	8.43161	2515
2	2	0.333333	0	1	0	3.53456	2516
1	2	0	0	0	0	nan	2517
1	2	0	0	0	0	nan	2518
1	2	0	0	0	0	nan	2519
