unique_top_cov	unique_bot_cov	redundant_top_cov	redundant_bot_cov	raw_redundant_top_cov	raw_redundant_bot_cov	e_value	position
0	0	0	0	0	0	nan	1
0	0	0	0	0	0	nan	2
1	0	0	0	0	0	nan	3
1	0	0	0	0	0	nan	4
1	0	0	0	0	0	-3.76254	5
1	0	0	0	0	0	-3.64085	6
1	0	0	0	0	0	-3.3028	7
1	0	0	0	0	0	-3.45464	8
2	0	0	0	0	0	-3.64085	9
2	0	0	0	0	0	-0.407182	10
4	0	0	0	0	0	-2.81261	11
4	0	0	0	0	0	4.46671	12
4	0	0	0	0	0	6.3613	13
4	0	0	0	0	0	6.2394	14
4	0	0	0	0	0	7.93093	15
4	0	0	0	0	0	4.61371	16
4	0	0	0	0	0	7.73565	17
4	0	0	0	0	0	6.01254	18
4	0	0	0	0	0	7.6076	19
4	0	0	0	0	0	3.1344	20
4	0	0	0	0	0	8.32159	21
4	0	0	0	0	0	4.61371	22
4	0	0	0	0	0	5.62532	23
4	0	0	0	0	0	8.7708	24
4	0	0	0	0	0	8.48505	25
4	0	0	0	0	0	5.25809	26
4	0	0	0	0	0	7.93093	27
4	1	0	0	0	0	6.06285	28
4	1	0	0	0	0	12.5769	29
4	1	0	0	0	0	12.5769	30
4	1	0	0	0	0	11.0314	31
4	1	0	0	0	0	11.7692	32
5	1	0	0	0	0	9.12731	33
5	1	0	0	0	0	13.3939	34
5	1	0	0	0	0	11.3789	35
5	1	0	0	0	0	11.3097	36
5	1	0	0	0	0	11.8063	37
5	1	0	0	0	0	10.2897	38
5	1	0	0	0	0	11.191	39
5	1	0	0	0	0	13.973	40
5	1	0	0	0	0	14.3246	41
5	1	0	0	0	0	12.9032	42
5	1	0	0	0	0	8.36561	43
5	1	0	0	0	0	14.9136	44
5	1	0	0	0	0	14.0953	45
5	1	0	0	0	0	12.5795	46
5	1	0	0	0	0	13.9256	47
5	1	0	0	0	0	14.3061	48
6	1	0	0	0	0	14.33	49
6	1	0	0	0	0	13.8223	50
6	1	0	0	0	0	16.8477	51
6	1	0	0	0	0	14.1644	52
6	1	0	0	0	0	17.0718	53
6	1	0	0	0	0	13.1629	54
6	1	0	0	0	0	11.5211	55
6	1	0	0	0	0	17.4861	56
6	1	0	0	0	0	14.898	57
6	1	0	0	0	0	14.7186	58
6	1	0	0	0	0	14.7255	59
6	1	0	0	0	0	14.3031	60
6	1	0	0	0	0	15.6335	61
6	1	0	0	0	0	17.0832	62
6	1	0	0	0	0	18.1556	63
6	1	0	0	0	0	18.1246	64
6	1	0	0	0	0	16.8477	65
6	1	0	0	0	0	17.171	66
6	1	0	0	0	0	17.171	67
6	1	0	0	0	0	14.8457	68
6	1	0	0	0	0	16.5999	69
6	1	0	0	0	0	17.6958	70
6	1	0	0	0	0	14.7254	71
6	1	0	0	0	0	13.1284	72
6	1	0	0	0	0	16.3849	73
6	1	0	0	0	0	17.3495	74
6	1	0	0	0	0	14.0612	75
6	1	0	0	0	0	11.3833	76
6	1	0	0	0	0	15.7908	77
6	1	0	0	0	0	13.8441	78
6	1	0	0	0	0	16.0613	79
6	1	0	0	0	0	18.1906	80
6	1	0	0	0	0	14.7514	81
6	1	0	0	0	0	17.078	82
6	1	0	0	0	0	15.345	83
6	1	0	0	0	0	17.0769	84
6	1	0	0	0	0	13.7914	85
6	1	0.333333	0	1	0	17.9926	86
6	1	0.333333	0	1	0	17.0465	87
6	1	0.333333	0	1	0	17.2204	88
6	1	0.333333	0	1	0	13.7636	89
6	1	0.333333	0	1	0	17.9145	90
6	1	0.333333	0	1	0	17.2211	91
6	1	0.333333	0	1	0	10.3383	92
6	1	0.333333	0	1	0	17.171	93
6	1	0.333333	0	1	0	18.1246	94
6	1	0.333333	0	1	0	17.0427	95
6	1	0.333333	0	1	0	16.5218	96
6	1	0.333333	0	1	0	18.0249	97
6	1	0.333333	0	1	0	12.8895	98
6	1	0.333333	0	1	0	15.2435	99
5	1	0.333333	0	1	0	13.494	100
5	1	0.333333	0	1	0	15.1414	101
5	1	0.333333	0	1	0	14.6581	102
5	1	0.333333	0	1	0	12.2768	103
5	1	0.333333	0	1	0	14.8183	104
5	1	0.333333	0	1	0	14.33	105
5	1	0.333333	0	1	0	9.94004	106
5	1	0.333333	0	1	0	12.645	107
5	1	0.333333	0	1	0	14.4642	108
5	1	0.333333	0	1	0	14.4098	109
5	1	0.333333	0	1	0	15.316	110
5	1	0.333333	0	1	0	14.3246	111
5	1	0.333333	0	1	0	14.323	112
5	1	0.333333	0	1	0	14.3246	113
5	1	0.333333	0	1	0	10.8294	114
5	1	0.333333	0	1	0	14.6559	115
5	1	0.333333	0	1	0	12.5594	116
5	1	0.333333	0	1	0	13.1199	117
5	1	0.333333	0	1	0	14.3105	118
5	1	0.333333	0	1	0	14.3246	119
5	1	0.333333	0	1	0	14.1474	120
5	1	0.333333	0	1	0	14.1373	121
5	1	0.333333	0	1	0	14.1867	122
5	1	0.333333	0	1	0	11.7273	123
5	1	0.333333	0	1	0	13.893	124
5	1	0.333333	0	1	0	14.3256	125
5	1	0.333333	0	1	0	14.4635	126
5	1	0.333333	0	1	0	11.9785	127
5	1	0.333333	0	1	0	15.439	128
5	1	0.333333	0	1	0	14.3246	129
5	1	0.333333	0	1	0	14.3246	130
5	1	0.333333	0	1	0	14.4642	131
5	1	0.333333	0	1	0	14.4085	132
5	1	0.333333	0	1	0	12.645	133
5	1	0.333333	0	1	0	14.3246	134
5	1	0.333333	0	1	0	14.9113	135
5	1	0.333333	0	1	0	14.3246	136
5	1	0	0	0	0	14.3246	137
5	1	0	0	0	0	15.439	138
5	1	0	0	0	0	15.3569	139
5	1	0	0	0	0	14.4642	140
5	1	0	0	0	0	14.3105	141
5	1	0	0	0	0	nan	142
