unique_top_cov	unique_bot_cov	redundant_top_cov	redundant_bot_cov	raw_redundant_top_cov	raw_redundant_bot_cov	e_value	position
0	5	0	0	0	0	nan	1
0	5	0	0	0	0	nan	2
0	5	0	0.333333	0	1	9.17264	3
0	5	0	0.333333	0	1	9.27193	4
0	5	0	0.666667	0	2	9.60362	5
0	5	0.333333	0.666667	1	2	9.71636	6
0	5	0.333333	0.666667	1	2	7.11441	7
0	5	0.333333	0.666667	1	2	9.17624	8
0	5	0.333333	0.666667	1	2	9.08592	9
0	5	0.333333	0.666667	1	2	9.71636	10
0	5	0.333333	0.666667	1	2	6.86103	11
0	5	0.333333	0.666667	1	2	8.65794	12
0	5	0.333333	0.666667	1	2	9.17624	13
0	5	0.333333	0.666667	1	2	9.17624	14
0	6	0.333333	0.666667	1	2	8.80883	15
0	6	0.333333	0.666667	1	2	6.85946	16
0	6	0.333333	0.666667	1	2	9.70928	17
0	6	0.333333	0.666667	1	2	13.1939	18
0	6	0.333333	0.666667	1	2	11.154	19
0	6	0.333333	0.666667	1	2	11.1402	20
0	6	0.333333	0.666667	1	2	13.6817	21
0	6	0.333333	0.666667	1	2	13.4092	22
0	9	0.333333	0.666667	1	2	13.3413	23
0	9	0.333333	0.666667	1	2	23.4743	24
0	9	0.333333	0.666667	1	2	21.6656	25
0	9	0.333333	0.666667	1	2	22.4327	26
0	9	0.333333	0.666667	1	2	23.7704	27
0	9	0.333333	0.666667	1	2	22.5456	28
0	9	0.333333	0.666667	1	2	24.1599	29
0	9	0.333333	0.666667	1	2	25.2633	30
0	9	0.333333	0.666667	1	2	25.2565	31
0	9	0.333333	0.666667	1	2	22.2073	32
0	9	0.333333	0.666667	1	2	24.1599	33
0	9	0.333333	0.666667	1	2	24.106	34
0	9	0.333333	0.666667	1	2	24.1646	35
0	9	0.333333	0.666667	1	2	25.2633	36
0	9	0.333333	0.666667	1	2	24.3025	37
0	10	0.333333	0.666667	1	2	24.1599	38
0	10	0.333333	0.666667	1	2	24.1254	39
0	10	0.333333	0.666667	1	2	23.7119	40
0	10	0.333333	0.666667	1	2	24.106	41
0	10	0.333333	0.666667	1	2	24.106	42
1	10	0.333333	0.666667	1	2	24.106	43
1	10	0.333333	0.666667	1	2	33.0378	44
1	10	0.333333	0.666667	1	2	31.6519	45
1	10	0.333333	0.666667	1	2	31.7232	46
1	10	0.333333	0.666667	1	2	31.4403	47
1	10	0.333333	0.666667	1	2	30.1539	48
2	10	0.333333	0.666667	1	2	30.2058	49
4	10	0.333333	0.666667	1	2	30.709	50
5	10	0.333333	0.666667	1	2	39.799	51
5	10	0.333333	0.666667	1	2	44.8313	52
5	10	0.333333	0.666667	1	2	45.0533	53
5	10	0.333333	0.666667	1	2	46.9135	54
5	10	0.333333	0.666667	1	2	43.8907	55
5	10	0.333333	0.666667	1	2	46.7528	56
5	10	0.333333	0.666667	1	2	46.7976	57
5	10	0.333333	0.666667	1	2	42.3289	58
5	10	0.333333	0.666667	1	2	41.9922	59
5	10	0.333333	0.666667	1	2	45.3201	60
5	11	0.333333	0.666667	1	2	48.6128	61
5	11	0.333333	0.666667	1	2	47.351	62
5	11	0.333333	0.666667	1	2	40.1162	63
5	11	0	0.666667	0	2	39.2284	64
5	11	0	0.666667	0	2	44.056	65
5	11	0	0.666667	0	2	47.8552	66
5	11	0	0.666667	0	2	43.4169	67
5	11	0	0.333333	0	1	45.6119	68
5	11	0	0.333333	0	1	40.9974	69
5	12	0	0.333333	0	1	48.7615	70
5	12	0	0.333333	0	1	50.1984	71
5	12	0	0	0	0	47.956	72
5	12	0	0	0	0	52.3623	73
5	12	0	0	0	0	52.325	74
5	13	0	0	0	0	48.9266	75
5	13	0	0	0	0	56.2643	76
5	13	0	0	0	0	54.3125	77
5	13	0	0	0	0	57.7681	78
5	13	0	0	0	0	54.7899	79
5	13	0	0	0	0	55.3006	80
5	13	0	0	0	0	56.7049	81
5	13	0	0	0	0	53.9033	82
5	13	0	0	0	0	54.9322	83
5	13	0	0	0	0	51.693	84
5	13	0	0	0	0	47.9014	85
5	13	0	0	0	0	50.0797	86
6	13	0	0	0	0	48.2961	87
6	13	0	0	0	0	52.087	88
6	13	0	0	0	0	41.4395	89
6	13	0	0	0	0	45.0663	90
5	13	0	0	0	0	48.2597	91
6	13	0	0	0	0	55.2823	92
6	13	0	0	0	0	55.0016	93
7	13	0	0	0	0	53.5874	94
7	13	0	0	0	0	53.146	95
8	13	0	0	0	0	53.555	96
8	13	0	0	0	0	52.6993	97
8	12	0	0	0	0	59.4945	98
8	11	0	0	0	0	59.3197	99
8	11	0	0	0	0	50.1145	100
9	11	0	0	0	0	57.0193	101
9	11	0	0	0	0	54.6412	102
9	11	0	0	0	0	54.3458	103
9	11	0	0	0	0	61.7893	104
9	11	0	0	0	0	57.7417	105
9	10	0	0	0	0	59.9166	106
9	10	0	0	0	0	60.9476	107
9	10	0	0	0	0	57.1186	108
9	10	0	0	0	0	56.2919	109
9	10	0	0	0	0	60.9014	110
9	10	0	0	0	0	60.2427	111
9	10	0	0	0	0	59.1815	112
9	10	0	0	0	0	59.6361	113
9	10	0	0	0	0	54.2	114
9	10	0	0	0	0	53.7489	115
9	10	0	0	0	0	49.336	116
9	11	0	0	0	0	51.5163	117
9	11	0	0	0	0	56.2892	118
9	11	0	0	0	0	53.9238	119
10	10	0	0	0	0	61.6988	120
10	10	0	0	0	0	63.9471	121
11	10	0	0	0	0	54.364	122
11	10	0	0	0	0	61.8045	123
11	10	0	0	0	0	68.6126	124
11	10	0	0	0	0	67.496	125
11	10	0	0	0	0	58.7492	126
11	9	0	0	0	0	63.4214	127
11	9	0	0	0	0	62.2959	128
12	9	0	0	0	0	60.2975	129
12	9	0	0	0	0	69.2403	130
12	9	0	0	0	0	66.427	131
12	9	0	0	0	0	71.6587	132
12	9	0	0	0	0	62.1003	133
12	8	0	0	0	0	65.2545	134
12	8	0	0	0	0	63.3603	135
12	8	0	0	0	0	63.7456	136
12	8	0	0	0	0	55.7485	137
11	8	0	0	0	0	60.5911	138
11	9	0	0	0	0	56.3528	139
11	9	0	0	0	0	59.1053	140
11	9	0	0	0	0	57.7825	141
11	9	0	0	0	0	62.8263	142
11	9	0	0	0	0	62.9967	143
11	9	0	0	0	0	64.1995	144
11	9	0	0	0	0	64.2126	145
11	9	0	0	0	0	52.5925	146
11	8	0	0	0	0	57.7727	147
11	8	0	0	0	0	42.8406	148
12	8	0	0	0	0	55.5253	149
12	8	0	0	0	0	65.6599	150
12	8	0	0	0	0	62.7781	151
12	8	0	0	0	0	61.4113	152
12	8	0	0	0	0	65.0404	153
13	8	0	0	0	0	63.3409	154
13	8	0	0	0	0	62.5808	155
13	7	0	0	0	0	67.705	156
13	7	0	0	0	0	65.0964	157
13	7	0	0	0	0	50.9703	158
13	6	0	0	0	0	62.4794	159
13	5	0	0	0	0	53.1265	160
14	5	0	0	0	0	57.7273	161
14	5	0	0	0	0	59.5497	162
14	6	0	0	0	0	57.5655	163
14	6	0	0	0	0	63.3741	164
14	5	0	0	0	0	63.736	165
14	5	0	0	0	0	56.3831	166
14	5	0	0	0	0	57.2087	167
14	5	0	0	0	0	55.5026	168
14	5	0	0	0	0	62.997	169
14	5	0	0	0	0	54.319	170
14	5	0	0	0	0	58.8665	171
14	5	0	0	0	0	61.9048	172
14	6	0	0	0	0	59.8114	173
14	7	0	0	0	0	60.1183	174
14	6	0	0	0	0	56.4061	175
14	7	0	0	0	0	48.7688	176
14	6	0	0	0	0	69.4053	177
14	6	0	0	0	0	65.216	178
14	6	0	0	0	0	59.7072	179
14	6	0	0	0	0	49.2161	180
15	6	0	0	0	0	53.0082	181
16	6	0	0	0	0	51.5678	182
12	6	0	0	0	0	45.715	183
12	7	0	0	0	0	53.1286	184
12	7	0	0	0	0	27.3621	185
13	7	0	0	0	0	37.5274	186
13	8	0	0	0	0	46.3469	187
11	8	0	0	0	0	47.5339	188
11	8	0	0	0	0	44.7205	189
11	8	0	0	0	0	43.9789	190
11	8	0	0	0	0	47.8632	191
11	8	0	0	0	0	47.9093	192
10	8	0	0	0	0	47.9608	193
11	8	0	0	0	0	46.4773	194
10	10	0	0	0	0	52.6176	195
10	10	0	0	0	0	53.3691	196
10	10	0	0	0	0	64.5292	197
10	10	0	0	0	0	67.0657	198
10	10	0	0	0	0	65.0134	199
10	10	0	0	0	0	56.4884	200
11	10	0	0	0	0	66.7705	201
11	10	0	0	0	0	63.3729	202
11	10	0	0	0	0	68.0676	203
11	10	0	0	0	0	63.763	204
11	9	0	0	0	0	66.064	205
11	9	0	0	0	0	58.4379	206
11	9	0	0	0	0	66.058	207
11	8	0	0	0	0	53.8644	208
11	8	0	0	0	0	65.5219	209
11	8	0	0	0	0	58.4251	210
11	8	0	0	0	0	60.176	211
11	8	0	0	0	0	54.4264	212
11	8	0	0	0	0	60.2363	213
11	8	0	0	0	0	65.7257	214
11	8	0	0	0	0	48.9171	215
11	8	0	0	0	0	63.2927	216
11	8	0	0	0	0	59.7792	217
11	8	0	0	0	0	64.4244	218
11	8	0	0	0	0	65.8359	219
11	8	0	0	0	0	58.703	220
11	8	0	0	0	0	55.8878	221
10	8	0	0	0	0	60.446	222
10	8	0	0	0	0	59.4082	223
10	8	0	0	0	0	62.1231	224
10	8	0	0	0	0	53.6715	225
10	8	0	0	0	0	62.1268	226
11	8	0	0	0	0	61.5181	227
12	8	0	0	0	0	63.0551	228
12	8	0	0	0	0	48.5713	229
12	8	0	0	0	0	61.7266	230
12	8	0	0	0	0	59.133	231
13	7	0	0	0	0	53.6158	232
13	7	0	0	0	0	62.8765	233
13	7	0	0	0	0	64.5262	234
13	8	0	0	0	0	67.1395	235
13	8	0	0	0	0	66.2662	236
13	9	0	0	0	0	67.772	237
13	9	0	0	0	0	66.7834	238
13	9	0	0	0	0	66.2279	239
14	9	0	0	0	0	66.6355	240
14	9	0	0	0	0	68.0789	241
13	9	0	0	0	0	54.899	242
13	9	0	0	0	0	72.2637	243
12	9	0	0	0	0	63.7612	244
12	10	0	0	0	0	72.2412	245
12	10	0	0	0	0	63.9617	246
12	10	0	0	0	0	70.4379	247
12	10	0	0	0	0	69.6568	248
12	9	0	0	0	0	65.3986	249
12	9	0	0	0	0	57.0812	250
12	9	0	0	0	0	69.9217	251
13	9	0	0	0	0	69.2225	252
13	10	0	0	0	0	65.3638	253
12	10	0	0	0	0	68.2936	254
12	9	0	0	0	0	73.1258	255
12	9	0	0	0	0	71.2775	256
12	9	0	0	0	0	70.9614	257
12	9	0	0	0	0	66.889	258
12	9	0	0	0	0	73.9807	259
12	9	0	0	0	0	62.4604	260
12	9	0	0	0	0	66.9742	261
10	9	0	0	0	0	60.2787	262
10	9	0	0	0	0	67.0281	263
10	9	0	0	0	0	66.9392	264
10	10	0	0	0	0	62.2118	265
10	10	0	0	0	0	58.3803	266
10	10	0	0	0	0	65.1512	267
10	10	0	0	0	0	58.124	268
10	9	0	0	0	0	57.2847	269
8	9	0	0	0	0	56.3309	270
8	9	0	0	0	0	46.8273	271
7	9	0	0	0	0	51.3827	272
8	10	0	0	0	0	53.9472	273
8	10	0	0	0	0	60.1044	274
8	10	0	0	0	0	56.7697	275
8	10	0	0	0	0	58.8409	276
8	10	0	0	0	0	49.9594	277
8	10	0	0	0	0	58.6845	278
9	10	0	0	0	0	54.1663	279
9	10	0	0	0	0	65.3057	280
9	10	0	0	0	0	61.4106	281
10	10	0	0	0	0	66.8943	282
10	10	0	0	0	0	66.1923	283
10	10	0	0	0	0	63.57	284
11	10	0	0	0	0	59.8064	285
11	12	0	0	0	0	65.1823	286
11	11	0	0	0	0	69.9275	287
11	11	0	0	0	0	71.7067	288
11	11	0	0	0	0	68.4773	289
11	12	0	0	0	0	69.0682	290
12	12	0	0	0	0	81.4469	291
12	12	0	0	0	0	80.466	292
12	13	0	0	0	0	75.0803	293
12	13	0	0	0	0	79.9948	294
10	13	0	0	0	0	73.5317	295
10	13	0	0	0	0	75.1611	296
10	13	0	0	0	0	78.5367	297
10	14	0	0	0	0	80.5587	298
10	14	0	0	0	0	79.2792	299
10	14	0	0	0	0	77.5442	300
10	14	0	0	0	0	68.3873	301
10	14	0	0	0	0	74.3628	302
10	14	0	0	0	0	79.9224	303
10	14	0	0	0	0	80.7715	304
10	14	0	0	0	0	81.9007	305
10	14	0	0	0	0	83.1052	306
10	14	0	0	0	0	78.7097	307
10	14	0	0	0	0	73.7723	308
10	14	0	0	0	0	75.1958	309
10	14	0	0	0	0	80.7339	310
10	13	0	0	0	0	77.3496	311
10	13	0	0	0	0	78.4982	312
10	13	0	0	0	0	78.3027	313
10	13	0	0	0	0	72.9122	314
10	15	0	0	0	0	69.3242	315
10	15	0	0	0	0	89.3923	316
10	15	0	0	0	0	78.195	317
10	15	0	0	0	0	86.3961	318
9	15	0	0	0	0	83.5238	319
9	15	0	0	0	0	87.6306	320
9	15	0	0	0	0	74.891	321
9	14	0	0	0	0	79.4171	322
9	14	0	0	0	0	75.6063	323
9	14	0	0	0	0	79.8384	324
9	14	0	0	0	0	81.3998	325
9	14	0	0	0	0	77.111	326
9	14	0	0	0	0	79.0094	327
9	14	0	0	0	0	70.8995	328
9	14	0	0	0	0	71.5438	329
9	13	0	0	0	0	74.8616	330
10	13	0	0	0	0	76.1424	331
10	13	0	0	0	0	78.0443	332
10	13	0	0	0	0	64.8789	333
10	12	0	0	0	0	68.4066	334
10	12	0	0	0	0	63.2732	335
10	12	0	0	0	0	70.9106	336
10	10	0	0	0	0	65.979	337
10	11	0	0	0	0	63.8212	338
10	11	0	0	0	0	73.3159	339
11	11	0	0	0	0	74.0225	340
11	11	0	0	0	0	60.828	341
11	10	0	0	0	0	66.9033	342
11	10	0	0	0	0	71.3525	343
11	10	0	0	0	0	75.9595	344
11	10	0	0	0	0	69.5419	345
11	10	0	0	0	0	71.8488	346
10	10	0	0	0	0	68.2786	347
10	10	0	0	0	0	64.154	348
10	10	0	0	0	0	60.1596	349
10	10	0	0	0	0	71.8573	350
10	10	0	0	0	0	72.3961	351
10	10	0	0	0	0	64.9833	352
11	10	0	0	0	0	72.0997	353
11	10	0	0	0	0	72.1188	354
11	10	0	0	0	0	71.0437	355
11	10	0	0	0	0	65.2317	356
11	10	0	0	0	0	69.0734	357
11	10	0	0	0	0	65.1448	358
9	10	0	0	0	0	67.22	359
9	11	0	0	0	0	60.8572	360
9	10	0	0	0	0	62.9853	361
9	10	0	0	0	0	57.4646	362
9	10	0	0	0	0	64.3221	363
9	10	0	0	0	0	58.8931	364
9	10	0	0	0	0	60.1712	365
9	10	0	0	0	0	56.5352	366
10	10	0	0	0	0	53.6828	367
10	10	0	0	0	0	59.067	368
9	10	0	0	0	0	54.8623	369
9	10	0	0	0	0	62.1734	370
9	10	0	0	0	0	63.5797	371
9	10	0	0	0	0	66.2591	372
9	10	0	0	0	0	57.7992	373
9	10	0	0	0	0	63.0347	374
9	10	0	0	0	0	61.2558	375
9	10	0	0	0	0	59.7447	376
9	10	0	0	0	0	62.8144	377
9	10	0	0	0	0	57.418	378
9	10	0	0	0	0	65.5308	379
9	10	0	0	0	0	61.9174	380
9	9	0	0	0	0	54.0598	381
9	8	0	0	0	0	48.6683	382
9	8	0	0	0	0	48.6207	383
9	8	0	0	0	0	55.7676	384
9	8	0	0	0	0	52.8524	385
9	8	0	0	0	0	55.6934	386
9	7	0	0	0	0	48.8904	387
9	7	0	0	0	0	46.805	388
9	7	0	0	0	0	54.7017	389
9	7	0	0	0	0	51.8195	390
10	7	0	0	0	0	56.4501	391
10	7	0	0	0	0	52.1497	392
11	7	0	0	0	0	58.0327	393
12	7	0	0	0	0	48.882	394
13	7	0	0	0	0	56.431	395
13	7	0	0	0	0	61.9111	396
13	7	0	0	0	0	63.439	397
14	6	0	0	0	0	62.7659	398
14	6	0	0	0	0	70.6138	399
14	6	0	0	0	0	60.2132	400
14	6	0	0	0	0	66.4919	401
14	6	0	0	0	0	62.5507	402
14	8	0	0	0	0	66.0359	403
14	8	0	0	0	0	71.8065	404
14	8	0	0	0	0	65.4975	405
14	8	0	0	0	0	53.2888	406
14	7	0	0	0	0	57.8941	407
14	7	0	0	0	0	52.4407	408
13	7	0	0	0	0	46.822	409
13	7	0	0	0	0	47.1014	410
13	7	0	0	0	0	50.0162	411
12	7	0	0	0	0	49.9587	412
10	7	0	0	0	0	41.3845	413
10	7	0	0	0	0	50.7311	414
11	8	0	0	0	0	54.7625	415
11	8	0	0	0	0	61.2807	416
12	8	0	0	0	0	56.0208	417
12	7	0	0	0	0	61.2469	418
13	7	0	0	0	0	61.6044	419
13	7	0	0	0	0	62.2919	420
13	6	0	0	0	0	60.3156	421
13	6	0	0	0	0	61.9801	422
13	6	0	0	0	0	60.0834	423
12	6	0	0	0	0	60.851	424
13	6	0	0	0	0	57.2185	425
13	6	0	0	0	0	63.1336	426
14	6	0	0	0	0	64.6853	427
14	6	0	0	0	0	61.1481	428
14	6	0	0	0	0	60.0171	429
14	6	0	0	0	0	67.157	430
14	6	0	0	0	0	62.7097	431
14	6	0	0	0	0	65.2086	432
14	6	0	0	0	0	64.8102	433
14	6	0	0	0	0	58.8282	434
13	5	0	0	0	0	52.6029	435
13	4	0	0	0	0	57.2065	436
13	4	0	0	0	0	53.9704	437
13	4	0	0	0	0	48.5973	438
13	5	0	0	0	0	52.8962	439
13	5	0	0	0	0	63.7927	440
13	5	0	0	0	0	63.6237	441
13	5	0	0	0	0	55.3725	442
14	5	0	0	0	0	61.0426	443
14	5	0	0	0	0	60.9695	444
14	5	0	0	0	0	56.3164	445
14	5	0	0	0	0	58.0024	446
15	5	0	0	0	0	60.6997	447
15	6	0	0	0	0	66.5781	448
15	7	0	0	0	0	70.1468	449
15	7	0	0	0	0	68.4569	450
15	7	0	0	0	0	65.9621	451
15	7	0	0	0	0	70.5125	452
15	7	0	0	0	0	72.57	453
15	7	0	0	0	0	67.7448	454
16	7	0	0	0	0	63.644	455
16	7	0	0	0	0	71.1677	456
16	7	0	0	0	0	68.2671	457
16	7	0	0	0	0	76.365	458
16	7	0	0	0	0	82.7986	459
16	7	0	0	0	0	77.9802	460
16	7	0	0	0	0	77.9497	461
16	7	0	0	0	0	74.7184	462
16	7	0	0	0	0	76.1258	463
16	8	0	0	0	0	78.088	464
16	7	0	0	0	0	65.2226	465
16	7	0	0	0	0	76.6188	466
16	7	0	0	0	0	60.2882	467
17	7	0	0	0	0	73.9966	468
17	7	0	0	0	0	68.5426	469
17	7	0	0	0	0	58.3017	470
17	7	0	0	0	0	76.9487	471
17	7	0	0	0	0	76.3643	472
17	7	0	0	0	0	73.7431	473
17	7	0	0	0	0	76.6405	474
17	7	0	0	0	0	80.6922	475
17	7	0	0	0	0	86.869	476
17	7	0	0	0	0	74.8983	477
17	6	0	0	0	0	81.8545	478
17	6	0	0	0	0	72.6166	479
17	6	0	0	0	0	66.0907	480
17	6	0	0	0	0	77.321	481
17	6	0	0	0	0	72.7133	482
17	6	0	0	0	0	78.4315	483
17	5	0	0	0	0	70.245	484
17	5	0	0	0	0	73.5654	485
17	5	0	0	0	0	73.395	486
18	5	0	0	0	0	73.9028	487
17	5	0	0	0	0	73.0364	488
17	5	0	0	0	0	72.6086	489
17	5	0	0	0	0	79.6735	490
17	5	0	0	0	0	69.5099	491
17	5	0	0	0	0	78.6645	492
18	5	0	0	0	0	72.3639	493
18	5	0	0	0	0	78.9051	494
18	5	0	0	0	0	77.6087	495
18	6	0	0	0	0	68.585	496
18	6	0	0	0	0	85.2424	497
18	6	0	0	0	0	77.2568	498
18	6	0	0	0	0	80.8752	499
18	6	0	0	0	0	75.6639	500
18	6	0	0	0	0	76.4007	501
18	5	0	0	0	0	77.3182	502
18	5	0	0	0	0	78.0331	503
18	5	0	0	0	0	82.7849	504
18	6	0	0	0	0	79.9257	505
18	6	0	0	0	0	76.6708	506
18	6	0	0	0	0	78.2185	507
18	6	0	0	0	0	70.6208	508
19	6	0	0	0	0	75.8753	509
18	6	0	0	0	0	72.8324	510
18	6	0	0	0	0	70.2506	511
18	6	0	0	0	0	70.6373	512
18	7	0	0	0	0	70.0983	513
18	7	0	0	0	0	82.6418	514
18	7	0	0	0	0	78.789	515
18	7	0	0	0	0	74.7837	516
16	8	0	0	0	0	75.7057	517
16	8	0	0	0	0	72.0275	518
16	8	0	0	0	0	83.9462	519
16	8	0	0	0	0	86.8937	520
16	8	0	0	0	0	81.2996	521
16	8	0	0	0	0	82.9469	522
16	8	0	0	0	0	86.7583	523
16	8	0	0	0	0	79.7683	524
16	10	0	0	0	0	84.6394	525
16	10	0	0	0	0	83.7546	526
16	11	0	0	0	0	90.296	527
16	11	0	0	0	0	95.8691	528
16	11	0	0	0	0	85.4863	529
16	11	0	0	0	0	93.3073	530
16	11	0	0	0	0	89.5487	531
17	12	0	0	0	0	99.1909	532
17	13	0	0	0	0	82.9021	533
16	13	0	0	0	0	76.3184	534
16	14	0	0	0	0	79.0694	535
16	14	0	0	0	0	77.5542	536
16	14	0	0	0	0	80.0877	537
16	14	0	0	0	0	72.8133	538
15	14	0	0	0	0	66.6092	539
15	14	0	0	0	0	64.422	540
11	14	0	0	0	0	63.4541	541
12	14	0	0	0	0	75.9387	542
11	14	0	0	0	0	71.3679	543
9	14	0	0	0	0	70.6264	544
8	14	0	0	0	0	74.7023	545
8	14	0	0	0	0	70.7698	546
8	14	0	0	0	0	76.3486	547
7	14	0	0	0	0	66.3291	548
7	14	0	0	0	0	70.9684	549
7	14	0	0	0	0	65.123	550
7	14	0	0	0	0	71.4802	551
7	14	0	0	0	0	61.8455	552
5	14	0	0	0	0	57.4072	553
5	14	0	0	0	0	65.1249	554
5	14	0	0	0	0	60.8211	555
5	14	0	0	0	0	59.3373	556
5	14	0	0	0	0	65.2443	557
5	14	0	0	0	0	62.598	558
5	14	0	0	0	0	62.8997	559
6	14	0	0	0	0	65.6154	560
6	14	0	0	0	0	65.1729	561
6	14	0	0	0	0	67.1457	562
6	14	0	0	0	0	62.2672	563
6	14	0	0	0	0	63.9912	564
7	14	0	0	0	0	69.3374	565
7	14	0	0	0	0	61.1719	566
8	14	0	0	0	0	65.7425	567
8	14	0	0	0	0	61.9787	568
8	14	0	0	0	0	76.0497	569
8	13	0	0	0	0	70.0975	570
8	13	0	0	0	0	67.6123	571
8	13	0	0	0	0	67.3903	572
8	13	0	0	0	0	62.9039	573
8	13	0	0	0	0	65.4135	574
8	13	0	0	0	0	62.7718	575
8	12	0	0	0	0	67.0512	576
7	12	0	0	0	0	65.3747	577
7	12	0	0	0	0	57.0468	578
7	12	0	0	0	0	62.6955	579
7	12	0	0	0	0	65.154	580
7	12	0	0	0	0	63.1385	581
7	12	0	0	0	0	57.2724	582
8	12	0	0	0	0	62.1048	583
8	12	0	0	0	0	56.4914	584
8	12	0	0	0	0	64.3723	585
8	12	0	0	0	0	56.2016	586
8	12	0	0	0	0	58.0798	587
8	11	0	0	0	0	53.8999	588
8	10	0	0	0	0	56.1896	589
8	10	0	0	0	0	58.9335	590
8	9	0	0	0	0	46.7718	591
8	9	0	0	0	0	39.3347	592
8	9	0	0	0	0	51.7835	593
8	9	0	0	0	0	56.1988	594
8	9	0	0	0	0	54.0234	595
8	9	0	0	0	0	57.4415	596
8	9	0	0	0	0	54.5467	597
8	10	0	0	0	0	55.4909	598
8	10	0	0	0	0	50.1266	599
8	9	0	0	0	0	38.3949	600
7	10	0	0	0	0	43.1913	601
7	10	0	0	0	0	41.3589	602
7	10	0	0	0	0	48.9496	603
7	10	0	0	0	0	46.8299	604
7	10	0	0	0	0	44.6989	605
7	9	0	0	0	0	42.6664	606
7	9	0	0	0	0	49.8141	607
7	9	0	0	0	0	48.8592	608
7	9	0	0	0	0	42.7116	609
7	9	0	0	0	0	37.7988	610
7	9	0	0	0	0	52.896	611
7	9	0	0	0	0	52.8599	612
7	9	0	0	0	0	53.8957	613
7	9	0	0	0	0	49.4022	614
7	9	0	0	0	0	45.0381	615
7	8	0	0	0	0	43.4134	616
7	8	0	0	0	0	49.3294	617
7	8	0	0	0	0	44.3539	618
8	8	0	0	0	0	38.4916	619
8	8	0	0	0	0	42.1651	620
8	8	0	0	0	0	46.2262	621
7	8	0	0	0	0	45.3269	622
7	8	0	0	0	0	49.8006	623
7	8	0	0	0	0	41.8228	624
7	8	0	0	0	0	45.1943	625
7	8	0	0	0	0	44.4129	626
7	8	0	0	0	0	45.1676	627
7	7	0	0	0	0	43.6492	628
7	7	0	0	0	0	38.1619	629
7	7	0	0	0	0	46.731	630
7	7	0	0	0	0	46.5645	631
7	7	0	0	0	0	39.8925	632
7	6	0	0	0	0	31.1306	633
7	6	0	0	0	0	29.9112	634
7	6	0	0	0	0	26.8568	635
7	6	0	0	0	0	32.9355	636
6	5	0	0	0	0	34.4058	637
6	5	0	0	0	0	32.8752	638
6	5	0	0	0	0	29.2822	639
6	4	0	0.5	0	1	27.8618	640
6	4	0	0.5	0	1	28.3089	641
6	4	0	0.5	0	1	30.6437	642
6	4	0	0.5	0	1	19.211	643
6	4	0	0.5	0	1	29.0888	644
6	4	0	0.5	0	1	28.3267	645
6	4	0	0.5	0	1	23.1924	646
6	4	0	0.5	0	1	29.2261	647
6	4	0	0.5	0	1	21.8846	648
6	4	0	0.5	0	1	29.336	649
6	4	0	0.833333	0	2	25.8272	650
6	4	0	0.833333	0	2	27.4197	651
6	4	0	0.833333	0	2	27.352	652
6	4	0	0.833333	0	2	28.4723	653
6	4	0	0.833333	0	2	26.8289	654
6	4	0	0.833333	0	2	25.1283	655
6	4	0	0.833333	0	2	29.0403	656
6	4	0	0.833333	0	2	23.1099	657
6	4	0	0.833333	0	2	22.3126	658
5	4	0	0.833333	0	2	22.1587	659
5	4	0	0.833333	0	2	18.8593	660
5	4	0	0.833333	0	2	21.103	661
5	4	0	0.833333	0	2	22.955	662
5	3	0	0.833333	0	2	21.0948	663
5	3	0	0.833333	0	2	22.0378	664
5	3	0	0.833333	0	2	21.4847	665
5	3	0	0.833333	0	2	18.7812	666
5	2	0	0.833333	0	2	17.3331	667
5	2	0	0.833333	0	2	16.1155	668
5	2	0	0.833333	0	2	15.5712	669
5	2	0	0.833333	0	2	15.9285	670
5	2	0	0.833333	0	2	16.804	671
5	2	0	0.833333	0	2	17.1689	672
5	2	0	0.833333	0	2	16.3518	673
5	2	0	0.833333	0	2	14.8071	674
5	1	0	0.833333	0	2	14.1728	675
5	1	0	0.833333	0	2	13.531	676
5	1	0	0.833333	0	2	13.4567	677
5	1	0	0.833333	0	2	13.9945	678
5	1	0	0.833333	0	2	13.3396	679
5	1	0	0.833333	0	2	13.6609	680
5	1	0	0.833333	0	2	10.1538	681
4	1	0	0.833333	0	2	6.67978	682
4	0	0	0.833333	0	2	6.30416	683
4	0	0	0.333333	0	1	5.30628	684
4	0	0	0.333333	0	1	6.21284	685
4	0	0	0.333333	0	1	2.96677	686
3	0	0	0.333333	0	1	2.3422	687
3	0	0	0.333333	0	1	2.59422	688
3	0	0	0.333333	0	1	2.51989	689
3	0	0	0.333333	0	1	2.96721	690
3	0	0	0	0	0	2.59422	691
3	0	0	0	0	0	2.59422	692
3	0	0	0	0	0	2.96677	693
3	0	0	0	0	0	2.59422	694
3	0	0	0	0	0	2.43182	695
3	0	0	0	0	0	2.96677	696
3	0	0	0	0	0	2.41428	697
3	0	0	0	0	0	2.38441	698
3	0	0	0	0	0	2.96677	699
3	0	0	0	0	0	0.0228258	700
3	0	0	0	0	0	2.38441	701
3	0	0	0	0	0	-1.24139	702
3	0	0	0	0	0	-1.27756	703
3	0	0	0	0	0	-1.24139	704
2	0	0	0	0	0	-2.03658	705
2	0	0	0	0	0	-1.6203	706
2	0	0	0	0	0	nan	707
2	0	0	0	0	0	nan	708
