unique_top_cov	unique_bot_cov	redundant_top_cov	redundant_bot_cov	raw_redundant_top_cov	raw_redundant_bot_cov	e_value	position
0	0	0	0	0	0	nan	1
0	0	0	0	0	0	nan	2
0	0	0	0	0	0	nan	3
0	0	0	0	0	0	nan	4
0	0	0	0	0	0	nan	5
0	0	0	0	0	0	nan	6
0	0	0	0	0	0	nan	7
0	0	0	0	0	0	nan	8
0	0	0	0	0	0	nan	9
0	0	0	0	0	0	nan	10
0	0	0	0	0	0	nan	11
0	0	0	0	0	0	nan	12
0	0	0	0	0	0	nan	13
0	0	0	0	0	0	nan	14
0	0	0	0	0	0	nan	15
0	0	0	0	0	0	nan	16
0	0	0	0	0	0	nan	17
0	0	0	0	0	0	nan	18
0	0	0	0	0	0	nan	19
0	0	0	0	0	0	nan	20
0	0	0	0	0	0	nan	21
0	0	0	0	0	0	nan	22
0	0	0	0	0	0	nan	23
0	0	0	0	0	0	nan	24
0	0	0	0	0	0	nan	25
0	0	0	0	0	0	nan	26
0	0	0	0	0	0	nan	27
0	0	0	0	0	0	nan	28
0	0	0	0	0	0	nan	29
3	13	0	0	0	0	48.4119	30
3	13	0	0	0	0	48.8793	31
3	14	0	0	0	0	50.0898	32
3	14	0	0	0	0	56.7827	33
3	14	0	0	0	0	58.3362	34
3	14	0	0	0	0	57.8065	35
3	14	0	0	0	0	57.9342	36
3	14	0	0	0	0	56.4407	37
3	14	0	0	0	0	57.6965	38
3	14	0	0	0	0	55.8997	39
3	14	0	0	0	0	57.6665	40
3	14	0	0	0	0	57.0481	41
4	14	0	0	0	0	55.0962	42
4	14	0	0	0	0	56.9804	43
4	14	0	0	0	0	63.8753	44
4	14	0	0	0	0	53.9731	45
4	15	0	0	0	0	63.1792	46
4	15	0	0	0	0	66.8984	47
4	16	0	0	0	0	62.492	48
5	16	0	0	0	0	69.3436	49
5	16	0	0	0	0	69.7336	50
5	16	0	0	0	0	72.0709	51
5	16	0	0	0	0	69.7106	52
5	16	0	0	0	0	72.0324	53
5	16	0	0	0	0	72.4297	54
5	18	0	0	0	0	73.3881	55
5	18	0	0	0	0	81.8823	56
5	18	0	0	0	0	73.3641	57
5	18	0	0	0	0	76.4138	58
5	18	0	0	0	0	59.6284	59
5	20	0	0	0	0	58.5806	60
5	20	0	0	0	0	91.2005	61
5	20	0	0	0	0	91.6545	62
5	20	0	0	0	0	81.1734	63
5	20	0	0	0	0	84.0703	64
5	20	0	0	0	0	87.6904	65
5	20	0	0	0	0	91.6545	66
5	20	0	0	0	0	84.3507	67
5	20	0	0	0	0	89.6401	68
5	20	0	0	0	0	86.3794	69
5	20	0	0	0	0	89.7769	70
6	20	0	0	0	0	90.2854	71
6	22	0	0	0	0	82.4737	72
7	22	0	0	0	0	86.0954	73
7	22	0	0	0	0	88.2985	74
7	22	0	0	0	0	101.633	75
7	22	0	0	0	0	86.2539	76
7	23	0	0	0	0	96.6311	77
7	23	0	0	0	0	98.8337	78
7	23	0	0	0	0	87.306	79
7	24	0	0	0	0	86.5172	80
7	26	0	0	0	0	80.1562	81
7	26	0	0	0	0	87.4521	82
8	25	0	0	0	0	83.3015	83
8	25	0	0	0	0	82.714	84
6	25	0	0	0	0	81.5136	85
6	25	0	0	0	0	81.1229	86
5	25	0	0	0	0	78.7591	87
5	25	0	0	0	0	98.1272	88
5	25	0	0	0	0	106.046	89
5	25	0	0	0	0	97.3351	90
4	24	0	0	0	0	95.1992	91
4	24	0	0	0	0	98.338	92
4	23	0	0	0	0	87.0622	93
5	23	0	0	0	0	72.82	94
5	23	0	0	0	0	96.2757	95
5	22	0	0	0	0	91.7292	96
5	21	0	0	0	0	94.5744	97
5	21	0	0	0	0	77.8972	98
5	21	0	0	0	0	89.4088	99
5	21	0	0	0	0	92.4626	100
5	21	0	0	0	0	92.0339	101
5	21	0	0	0	0	91.8932	102
5	21	0	0	0	0	86.4439	103
5	21	0	0	0	0	93.9985	104
5	21	0	0	0	0	85.5343	105
5	21	0	0	0	0	91.9023	106
5	20	0	0	0	0	85.1348	107
6	20	0	0	0	0	87.5601	108
7	19	0	0	0	0	79.545	109
7	19	0	0	0	0	66.6328	110
7	20	0	0	0	0	55.2434	111
7	20	0	0	0	0	90.7109	112
7	20	0	0	0	0	90.6677	113
7	20	0	0	0	0	89.7653	114
7	21	0	0	0	0	87.6455	115
7	22	0	0	0	0	92.4451	116
7	21	0	0	0	0	83.3431	117
7	21	0	0	0	0	80.515	118
7	21	0	0	0	0	87.8607	119
7	21	0	0	0	0	92.1392	120
7	21	0	0	0	0	99.3935	121
7	21	0	0	0	0	100.988	122
7	21	0	0	0	0	95.4088	123
7	21	0	0	0	0	91.0847	124
7	21	0	0	0	0	93.2932	125
7	22	0	0	0	0	95.6228	126
7	21	0	0	0	0	99.9367	127
7	21	0	0	0	0	96.7994	128
7	21	0	0	0	0	98.2959	129
7	21	0	0	0	0	97.6897	130
7	22	0	0	0	0	89.3532	131
7	22	0	0	0	0	103.584	132
7	22	0	0	0	0	103.001	133
7	22	0	0	0	0	98.2103	134
7	22	0	0	0	0	92.5836	135
8	22	0	0	0	0	89.5809	136
8	22	0	0	0	0	91.5963	137
8	20	0	0	0	0	92.7641	138
8	20	0	0	0	0	88.8411	139
9	20	0	0	0	0	100.203	140
9	19	0	0	0	0	99.9189	141
9	19	0	0	0	0	92.4056	142
9	20	0	0	0	0	99.2738	143
9	20	0	0	0	0	85.58	144
9	20	0	0	0	0	92.6406	145
9	19	0	0	0	0	98.8598	146
9	19	0	0	0	0	93.8097	147
9	19	0	0	0	0	91.9634	148
9	19	0	0	0	0	93.4174	149
9	18	0	0	0	0	94.3417	150
9	18	0	0	0	0	91.593	151
9	18	0	0	0	0	97.2902	152
10	18	0	0	0	0	93.2608	153
10	18	0	0	0	0	87.5315	154
10	18	0	0	0	0	92.4758	155
10	17	0	0	0	0	89.4893	156
10	17	0	0	0	0	94.8463	157
10	17	0	0	0	0	93.5936	158
10	17	0	0	0	0	94.8409	159
10	17	0	0	0	0	96.7787	160
10	17	0	0	0	0	87.8977	161
10	16	0	0	0	0	88.1254	162
10	16	0	0	0	0	86.6988	163
10	16	0	0	0	0	93.7383	164
10	16	0	0	0	0	91.1696	165
10	16	0	0	0	0	91.5912	166
10	16	0	0	0	0	87.8909	167
10	16	0	0	0	0	88.7425	168
10	16	0	0	0	0	86.0357	169
10	16	0	0	0	0	89.3707	170
10	16	0	0	0	0	90.032	171
10	16	0	0	0	0	92.2849	172
10	16	0	0	0	0	77.4356	173
10	16	0	0	0	0	86.1895	174
11	16	0	0	0	0	88.004	175
11	16	0	0	0	0	88.1269	176
11	16	0	0	0	0	84.5862	177
11	16	0	0	0	0	83.5234	178
11	16	0	0	0	0	85.7638	179
11	15	0	0	0	0	80.4161	180
11	14	0	0	0	0	86.17	181
11	15	0	0	0	0	73.3861	182
11	13	0	0	0	0	71.6182	183
11	13	0	0	0	0	77.8364	184
12	13	0	0	0	0	81.1855	185
12	13	0	0	0	0	81.0544	186
12	13	0	0	0	0	87.8347	187
12	13	0	0	0	0	89.8431	188
12	13	0	0	0	0	75.4929	189
12	13	0	0	0	0	73.5827	190
13	13	0	0	0	0	85.7247	191
14	13	0	0	0	0	86.9371	192
14	14	0	0	0	0	90.8494	193
14	14	0	0	0	0	84.1027	194
14	14	0	0	0	0	78.079	195
14	13	0	0	0	0	73.9705	196
14	13	0	0	0	0	76.782	197
13	13	0	0	0	0	84.9723	198
12	13	0	0	0	0	81.4519	199
12	13	0	0	0	0	81.3471	200
12	13	0	0	0	0	83.6223	201
13	14	0	0	0	0	85.6183	202
13	14	0	0	0	0	94.1243	203
13	14	0	0	0	0	91.8364	204
13	13	0	0	0	0	86.4918	205
13	13	0	0	0	0	85.1421	206
13	12	0	0	0	0	85.4294	207
13	12	0	0	0	0	84.3454	208
13	12	0	0	0	0	81.2032	209
13	11	0	0	0	0	78.342	210
13	11	0	0	0	0	81.1446	211
13	11	0	0	0	0	74.0131	212
13	11	0	0	0	0	79.7936	213
13	12	0	0	0	0	80.7301	214
13	12	0	0	0	0	85.3659	215
13	12	0	0	0	0	69.1296	216
13	12	0	0	0	0	83.4219	217
13	12	0	0	0	0	85.9222	218
13	12	0	0	0	0	80.7286	219
13	12	0	0	0	0	77.8888	220
12	12	0	0	0	0	76.0841	221
12	12	0	0	0	0	72.5594	222
11	11	0	0	0	0	76.2117	223
12	12	0	0	0	0	72.4228	224
13	12	0	0	0	0	71.1561	225
13	12	0	0	0	0	80.4227	226
13	12	0	0	0	0	81.8409	227
13	12	0	0	0	0	78.4757	228
13	12	0	0	0	0	83.9706	229
13	12	0	0	0	0	81.4343	230
13	11	0	0	0	0	78.2126	231
13	15	0	0	0	0	81.6776	232
13	15	0	0	0	0	83.549	233
14	15	0	0	0	0	90.6597	234
14	15	0	0	0	0	90.8472	235
15	15	0	0	0	0	89.3897	236
15	15	0	0	0	0	95.7836	237
15	15	0	0	0	0	83.2398	238
15	15	0	0	0	0	83.089	239
15	15	0	0	0	0	91.5172	240
16	15	0	0	0	0	84.3048	241
16	15	0	0	0	0	87.0551	242
16	13	0	0	0	0	86.3514	243
15	11	0	0	0	0	90.5968	244
15	11	0	0	0	0	90.341	245
15	11	0	0	0	0	96.045	246
15	12	0	0	0	0	90.6841	247
15	12	0	0	0	0	94.8585	248
15	12	0	0	0	0	87.0294	249
15	13	0	0	0	0	90.0233	250
15	13	0	0	0	0	87.3262	251
15	13	0	0	0	0	102.235	252
16	13	0	0	0	0	86.6444	253
16	12	0	0	0	0	91.5635	254
16	12	0	0	0	0	98.762	255
16	12	0	0	0	0	95.0474	256
16	12	0	0	0	0	99.4046	257
16	12	0	0	0	0	98.7001	258
15	12	0	0	0	0	100.081	259
15	12	0	0	0	0	95.1138	260
15	12	0	0	0	0	78.6638	261
15	12	0	0	0	0	93.8244	262
16	12	0	0	0	0	87.7238	263
16	12	0	0	0	0	102.377	264
17	12	0	0	0	0	100.792	265
17	12	0	0	0	0	103.524	266
17	12	0	0	0	0	98.0591	267
17	12	0	0	0	0	97.0182	268
17	12	0	0	0	0	102.011	269
17	12	0	0	0	0	94.0202	270
17	12	0	0	0	0	102.167	271
17	12	0	0	0	0	102.551	272
17	12	0	0	0	0	90.4211	273
17	12	0	0	0	0	97.3608	274
17	12	0	0	0	0	94.3865	275
18	13	0	0	0	0	107.992	276
18	13	0	0	0	0	110.037	277
18	13	0	0	0	0	110.11	278
18	13	0	0	0	0	112.232	279
18	13	0	0	0	0	108.008	280
18	12	0	0	0	0	102.972	281
19	13	0	0	0	0	95.0474	282
19	13	0	0	0	0	99.6829	283
19	13	0	0	0	0	102.97	284
19	13	0	0	0	0	91.4734	285
17	13	0	0	0	0	88.3361	286
17	13	0	0	0	0	98.9464	287
17	13	0	0	0	0	108.634	288
17	13	0	0	0	0	111.099	289
18	13	0	0	0	0	91.1731	290
18	13	0	0	0	0	113.061	291
18	13	0	0	0	0	101.46	292
18	12	0	0	0	0	101.297	293
18	12	0	0	0	0	104.491	294
18	12	0	0	0	0	112.291	295
19	12	0	0	0	0	98.7613	296
19	12	0	0	0	0	94.2509	297
19	12	0	0	0	0	103.717	298
19	12	0	0	0	0	102.072	299
19	12	0	0	0	0	110.412	300
20	13	0	0	0	0	116.317	301
20	13	0	0	0	0	115.35	302
19	13	0	0	0	0	111.896	303
19	13	0	0	0	0	118.561	304
19	13	0	0	0	0	112.759	305
19	13	0	0	0	0	105.913	306
19	13	0	0	0	0	112.642	307
19	13	0	0	0	0	109.908	308
19	13	0	0	0	0	109.228	309
18	13	0	0	0	0	97.6249	310
18	13	0	0	0	0	114.006	311
18	13	0	0	0	0	103.135	312
18	13	0	0	0	0	107.546	313
18	13	0	0	0	0	110.348	314
18	13	0	0	0	0	105.697	315
18	14	0	0	0	0	107.264	316
18	14	0	0	0	0	101.159	317
18	16	0	0	0	0	115.2	318
18	16	0	0	0	0	108.443	319
18	18	0	0	0	0	109.78	320
16	18	0	0	0	0	108.323	321
16	18	0	0	0	0	101.663	322
16	18	0	0	0	0	110.175	323
16	18	0	0	0	0	110.752	324
15	18	0	0	0	0	108.301	325
15	18	0	0	0	0	115.172	326
15	18	0	0	0	0	119.085	327
15	18	0	0	0	0	106.389	328
14	18	0	0	0	0	107.178	329
14	18	0	0	0	0	108.891	330
14	18	0	0	0	0	106.533	331
14	18	0	0	0	0	111.921	332
14	18	0	0	0	0	115.959	333
13	18	0	0	0	0	104.018	334
13	18	0	0	0	0	110.454	335
13	17	0	0	0	0	97.9424	336
13	16	0	0	0	0	98.5615	337
13	16	0	0	0	0	107.498	338
13	16	0	0	0	0	93.4618	339
13	16	0	0	0	0	97.0229	340
13	16	0	0	0	0	97.3089	341
13	16	0	0	0	0	97.6274	342
13	16	0	0	0	0	93.8183	343
12	16	0	0	0	0	93.5064	344
12	17	0	0	0	0	87.1358	345
12	17	0	0	0	0	95.5816	346
9	17	0	0	0	0	84.8472	347
9	17	0	0	0	0	84.5955	348
9	17	0	0	0	0	73.0286	349
8	17	0	0	0	0	80.9457	350
8	17	0	0	0	0	75.0481	351
8	16	0	0	0	0	82.1989	352
8	16	0	0	0	0	74.7696	353
7	16	0	0	0	0	72.8474	354
7	16	0	0	0	0	76.2787	355
8	16	0	0	0	0	80.5239	356
8	16	0	0	0	0	83.6306	357
8	17	0	0	0	0	73.9747	358
8	17	0	0	0	0	66.1899	359
8	16	0	0	0	0	76.6032	360
8	16	0	0	0	0	80.6226	361
7	16	0	0	0	0	72.2478	362
7	16	0	0	0	0	71.1082	363
6	14	0	0	0	0	65.7664	364
6	17	0	0	0	0	68.3952	365
6	17	0	0	0	0	80.8111	366
6	17	0	0	0	0	79.5249	367
7	17	0	0	0	0	75.4641	368
7	17	0	0	0	0	78.9201	369
7	17	0	0	0	0	68.8982	370
7	17	0	0	0	0	78.8865	371
7	17	0	0	0	0	74.2307	372
7	18	0	0	0	0	69.2236	373
4	18	0	0	0	0	71.7859	374
4	19	0	0	0	0	68.314	375
5	19	0	0	0	0	76.7652	376
5	19	0	0	0	0	76.5977	377
5	19	0	0	0	0	79.6563	378
5	19	0	0	0	0	76.1615	379
5	19	0	0	0	0	72.6925	380
5	19	0	0	0	0	64.329	381
5	18	0	0	0	0	76.5164	382
4	18	0	0	0	0	75.4102	383
4	18	0	0	0	0	72.1463	384
4	19	0	0	0	0	69.7676	385
4	18	0	0	0	0	75.1613	386
5	18	0	0	0	0	76.5977	387
5	18	0	0	0	0	79.0673	388
5	18	0	0	0	0	76.3725	389
5	19	0	0	0	0	80.7107	390
5	19	0	0	0	0	80.4731	391
5	19	0	0	0	0	69.1345	392
5	20	0	0	0	0	88.3067	393
5	20	0	0	0	0	76.8467	394
5	20	0	0	0	0	70.4738	395
5	21	0	0	0	0	62.5446	396
5	21	0	0	0	0	74.1528	397
6	20	0	0	0	0	76.3366	398
6	20	0	0	0	0	67.6377	399
6	18	0	0	0	0	83.1512	400
6	18	0	0	0	0	78.2845	401
5	19	0	0	0	0	73.5255	402
5	20	0	0	0	0	85.1509	403
5	20	0	0	0	0	86.2955	404
6	21	0	0	0	0	84.0634	405
6	21	0	0	0	0	81.6608	406
6	21	0	0	0	0	85.7232	407
6	21	0	0	0	0	78.7621	408
6	21	0	0	0	0	92.1646	409
6	21	0	0	0	0	90.6447	410
6	21	0	0	0	0	87.7303	411
5	20	0	0	0	0	88.0724	412
5	20	0	0	0	0	84.7615	413
6	20	0	0	0	0	85.8057	414
7	20	0	0	0	0	83.5751	415
7	20	0	0	0	0	86.8686	416
7	20	0	0	0	0	84.1905	417
7	20	0	0	0	0	87.3411	418
7	20	0	0	0	0	92.044	419
9	21	0	0	0	0	89.4373	420
9	21	0	0	0	0	90.6452	421
10	21	0	0	0	0	106.486	422
10	21	0	0	0	0	105.44	423
10	21	0	0	0	0	102.303	424
10	21	0	0	0	0	106.029	425
10	21	0	0	0	0	103.402	426
10	20	0	0	0	0	106.142	427
10	20	0	0	0	0	101.575	428
10	20	0	0	0	0	89.5671	429
10	20	0	0	0	0	93.0501	430
10	21	0	0	0	0	92.9238	431
10	20	0	0	0	0	85.0402	432
10	19	0	0	0	0	90.891	433
11	18	0	0	0	0	96.4706	434
11	18	0	0	0	0	103.556	435
12	18	0	0	0	0	96.0603	436
12	18	0	0	0	0	104.169	437
12	18	0	0	0	0	104.766	438
12	18	0	0	0	0	98.4806	439
12	18	0	0	0	0	97.7426	440
12	18	0	0	0	0	99.6776	441
12	16	0	0	0	0	88.9491	442
12	16	0	0	0	0	101.066	443
12	16	0	0	0	0	96.9382	444
14	17	0	0	0	0	100.185	445
14	17	0	0	0	0	91.0792	446
14	17	0	0	0	0	97.8411	447
14	17	0	0	0	0	85.1185	448
15	17	0	0	0	0	105.833	449
15	17	0	0	0	0	114.027	450
15	17	0	0	0	0	110.299	451
15	17	0	0	0	0	104.033	452
15	17	0	0	0	0	110.948	453
16	17	0	0	0	0	111.423	454
16	17	0	0	0	0	113.252	455
16	17	0	0	0	0	117.184	456
16	17	0	0	0	0	114.149	457
17	17	0	0	0	0	113.422	458
17	17	0	0	0	0	115.42	459
17	16	0	0	0	0	120.686	460
18	16	0	0	0	0	109.713	461
18	16	0	0	0	0	105.508	462
18	16	0	0	0	0	113.842	463
18	15	0	0	0	0	100.155	464
18	15	0	0	0	0	112.9	465
18	14	0	0	0	0	109.016	466
18	14	0	0	0	0	106.692	467
18	14	0	0	0	0	117.771	468
18	14	0	0	0	0	101.378	469
19	15	0	0	0	0	103.428	470
19	15	0	0	0	0	103.98	471
19	15	0	0	0	0	121.65	472
19	15	0	0	0	0	116.98	473
19	15	0	0	0	0	118.838	474
19	15	0	0	0	0	126.918	475
19	15	0	0	0	0	112.066	476
19	15	0	0	0	0	111.332	477
19	15	0	0	0	0	117.208	478
19	15	0	0	0	0	116.038	479
19	15	0	0	0	0	110.106	480
19	15	0	0	0	0	116.094	481
19	15	0	0	0	0	127.285	482
20	15	0	0	0	0	118.024	483
20	15	0	0	0	0	121.368	484
21	15	0	0	0	0	116.63	485
21	15	0	0	0	0	117.788	486
21	15	0	0	0	0	125.836	487
21	15	0	0	0	0	112.827	488
21	15	0	0	0	0	122.854	489
21	15	0	0	0	0	117.683	490
21	15	0	0	0	0	124.457	491
21	15	0	0	0	0	130.464	492
21	15	0	0	0	0	127.241	493
21	15	0	0	0	0	118.704	494
21	14	0	0	0	0	122.39	495
22	14	0	0	0	0	109.356	496
22	12	0	0	0	0	102.679	497
20	12	0	0	0	0	110.853	498
20	12	0	0	0	0	108.154	499
20	12	0	0	0	0	102.709	500
20	11	0	0	0	0	105.696	501
21	11	0	0	0	0	99.2904	502
20	11	0	0	0	0	104.31	503
20	11	0	0	0	0	95.6139	504
20	11	0	0	0	0	100.522	505
20	11	0	0	0	0	103.124	506
21	11	0	0	0	0	96.8953	507
21	11	0	0	0	0	104.421	508
21	11	0	0	0	0	113.758	509
21	11	0	0	0	0	105.665	510
21	11	0	0	0	0	105.11	511
21	10	0	0	0	0	101.306	512
22	8	0	0	0	0	95.2881	513
22	8	0	0	0	0	98.0508	514
22	8	0	0	0	0	73.7396	515
22	8	0	0	0	0	70.4768	516
22	8	0	0	0	0	79.9279	517
21	7	0	0	0	0	74.9914	518
21	5	0	0	0	0	75.9865	519
21	5	0	0	0	0	81.0442	520
21	5	0	0	0	0	75.2387	521
21	3	0	0	0	0	77.5339	522
21	3	0	0	0	0	82.728	523
21	3	0	0	0	0	83.8759	524
22	3	0	0	0	0	84.3829	525
22	3	0	0	0	0	82.1772	526
22	3	0	0	0	0	82.5726	527
22	3	0	0	0	0	81.2367	528
22	3	0	0	0	0	77.6634	529
22	4	0	0	0	0	87.3511	530
22	4	0	0	0	0	81.2439	531
22	5	0	0	0	0	83.9108	532
22	5	0	0	0	0	84.7481	533
22	5	0	0	0	0	83.3781	534
22	5	0	0	0	0	88.1409	535
22	5	0	0	0	0	78.8344	536
21	5	0	0	0	0	78.43	537
21	5	0	0	0	0	87.6847	538
21	6	0	0	0	0	86.5565	539
20	5	0	0	0	0	78.3164	540
20	6	0	0	0	0	83.0822	541
20	6	0	0	0	0	88.534	542
20	6	0	0	0	0	88.1043	543
20	6	0	0	0	0	86.892	544
20	7	0	0	0	0	91.3231	545
20	9	0	0	0	0	100.655	546
20	9	0	0	0	0	92.4633	547
20	9	0	0	0	0	95.0937	548
20	9	0	0	0	0	98.397	549
20	9	0	0	0	0	93.646	550
20	9	0	0	0	0	105.552	551
20	9	0	0	0	0	108.239	552
20	9	0	0	0	0	94.7976	553
20	9	0	0	0	0	90.15	554
16	9	0	0	0	0	86.3421	555
16	11	0	0	0	0	89.582	556
16	11	0	0	0	0	89.2343	557
16	16	0	0	0	0	92.674	558
17	16	0	0	0	0	108.341	559
17	16	0	0	0	0	113.429	560
17	16	0	0	0	0	107.164	561
18	16	0	0	0	0	112.221	562
18	16	0	0	0	0	104.382	563
19	15	0	0	0	0	99.1925	564
16	15	0	0	0	0	109.993	565
16	15	0	0	0	0	112.032	566
15	15	0	0	0	0	102.396	567
15	15	0	0	0	0	111.354	568
15	15	0	0	0	0	102.867	569
15	15	0	0	0	0	103.497	570
15	15	0	0	0	0	89.1899	571
15	15	0	0	0	0	107.663	572
15	15	0	0	0	0	101.162	573
15	15	0	0	0	0	109.071	574
15	15	0	0	0	0	110.98	575
15	15	0	0	0	0	107.265	576
15	17	0	0	0	0	105.758	577
15	17	0	0	0	0	113.251	578
15	18	0	0	0	0	109.082	579
15	18	0	0	0	0	115.024	580
15	18	0	0	0	0	118.195	581
15	18	0	0	0	0	112.857	582
15	18	0	0	0	0	114.644	583
16	18	0	0	0	0	117.585	584
16	18	0	0	0	0	115.493	585
13	18	0	0	0	0	109.192	586
13	18	0	0	0	0	115.058	587
13	18	0	0	0	0	109.578	588
13	18	0	0	0	0	114.598	589
13	18	0	0	0	0	109.206	590
13	18	0	0	0	0	111.201	591
14	18	0	0	0	0	104.504	592
14	18	0	0	0	0	111.353	593
15	18	0	0	0	0	106.596	594
15	18	0	0	0	0	107.284	595
16	18	0	0	0	0	104.293	596
16	17	0	0	0	0	93.9209	597
16	17	0	0	0	0	105.927	598
15	17	0	0	0	0	107.486	599
15	17	0	0	0	0	113.486	600
15	17	0	0	0	0	115.276	601
18	17	0	0	0	0	109.717	602
18	17	0	0	0	0	114.713	603
18	17	0	0	0	0	119.888	604
19	16	0	0	0	0	121.137	605
19	16	0	0	0	0	116.366	606
20	15	0	0	0	0	110.93	607
20	15	0	0	0	0	118.856	608
20	15	0	0	0	0	115.131	609
19	15	0	0	0	0	112.244	610
19	15	0	0	0	0	115.163	611
18	15	0	0	0	0	114.164	612
18	15	0	0	0	0	109.512	613
18	15	0	0	0	0	102.588	614
18	15	0	0	0	0	122.42	615
19	15	0	0	0	0	117.652	616
20	15	0	0	0	0	116.51	617
21	15	0	0	0	0	113.222	618
21	14	0	0	0	0	127.549	619
21	14	0	0	0	0	117.31	620
21	13	0	0	0	0	119.173	621
21	13	0	0	0	0	101.78	622
21	13	0	0	0	0	106.608	623
21	13	0	0	0	0	109.688	624
20	13	0	0	0	0	108.902	625
20	13	0	0	0	0	114.378	626
20	13	0	0	0	0	114.112	627
20	13	0	0	0	0	119.667	628
20	13	0	0	0	0	109.503	629
21	13	0	0	0	0	110.399	630
20	13	0	0	0	0	106.646	631
20	13	0	0	0	0	112.031	632
20	13	0	0	0	0	113.865	633
20	13	0	0	0	0	113.03	634
20	13	0	0	0	0	109.683	635
20	13	0	0	0	0	113.381	636
20	14	0	0	0	0	120.504	637
20	14	0	0	0	0	114.058	638
20	14	0	0	0	0	114.286	639
20	14	0	0	0	0	122.958	640
20	14	0	0	0	0	116.985	641
20	14	0	0	0	0	113.683	642
20	14	0	0	0	0	123.333	643
20	15	0	0	0	0	121.308	644
20	15	0	0	0	0	114.127	645
17	15	0	0	0	0	101.162	646
17	16	0	0	0	0	117.031	647
17	16	0	0	0	0	110.348	648
17	16	0	0	0	0	115.044	649
17	16	0	0	0	0	101.837	650
17	17	0	0	0	0	104.348	651
17	17	0	0	0	0	108.79	652
17	17	0	0	0	0	110.151	653
16	17	0	0	0	0	109.942	654
16	17	0	0	0	0	117.332	655
15	17	0	0	0	0	96.5652	656
15	17	0	0	0	0	91.5146	657
15	17	0	0	0	0	113.018	658
15	17	0	0	0	0	115.203	659
15	17	0	0	0	0	106.38	660
15	17	0	0	0	0	92.7903	661
15	17	0	0	0	0	105.051	662
15	16	0	0	0	0	104.449	663
15	16	0	0	0	0	108.709	664
15	16	0	0	0	0	105.806	665
15	16	0	0	0	0	107.372	666
16	16	0	0	0	0	95.7141	667
16	16	0	0	0	0	110.68	668
16	16	0	0	0	0	112.573	669
16	16	0	0	0	0	107.57	670
16	16	0	0	0	0	103.073	671
16	16	0	0	0	0	106.997	672
16	16	0	0	0	0	104.426	673
15	16	0	0	0	0	108.528	674
15	16	0	0	0	0	108.368	675
15	16	0	0	0	0	87.5148	676
15	16	0	0	0	0	99.7021	677
15	16	0	0	0	0	97.8574	678
15	15	0	0	0	0	92.4538	679
15	14	0	0	0	0	98.7906	680
15	14	0	0	0	0	95.8485	681
15	13	0	0	0	0	97.1861	682
15	13	0	0	0	0	94.887	683
15	13	0	0	0	0	89.8527	684
15	13	0	0	0	0	94.9958	685
15	13	0	0	0	0	95.6621	686
15	13	0	0	0	0	91.0772	687
15	12	0	0	0	0	92.1776	688
16	12	0	0	0	0	88.0289	689
16	12	0	0	0	0	95.9371	690
16	11	0	0	0	0	94.2387	691
16	11	0	0	0	0	93.7964	692
16	11	0	0	0	0	96.0373	693
16	11	0	0	0	0	81.8069	694
16	11	0	0	0	0	83.2836	695
16	9	0	0	0	0	87.2402	696
16	9	0	0	0	0	83.961	697
16	9	0	0	0	0	85.6022	698
17	9	0	0	0	0	83.9154	699
17	9	0	0	0	0	84.3119	700
18	9	0	0	0	0	92.2607	701
18	9	0	0	0	0	90.956	702
18	9	0	0	0	0	95.8791	703
18	9	0	0	0	0	96.1615	704
18	9	0	0	0	0	75.5025	705
18	8	0	0	0	0	74.9574	706
18	8	0	0	0	0	75.083	707
18	5	0	0	0	0	80.6905	708
19	5	0	0	0	0	79.2372	709
19	6	0	0	0	0	87.5154	710
19	6	0	0	0	0	77.7441	711
19	7	0	0	0	0	84.203	712
19	7	0	0	0	0	83.1652	713
18	7	0	0	0	0	85.1459	714
18	7	0	0	0	0	81.8727	715
17	7	0	0	0	0	78.8518	716
17	10	0	0	0	0	75.6388	717
17	10	0	0	0	0	76.8804	718
16	10	0	0	0	0	90.5962	719
16	10	0	0	0	0	82.6485	720
16	10	0	0	0	0	85.5475	721
16	10	0	0	0	0	87.476	722
16	10	0	0	0	0	86.4348	723
16	10	0	0	0	0	92.4229	724
16	10	0	0	0	0	67.4727	725
14	10	0	0	0	0	67.2259	726
14	8	0	0	0	0	72.0101	727
14	8	0	0	0	0	70.1635	728
14	7	0	0	0	0	76.5647	729
14	7	0	0	0	0	71.5611	730
14	7	0	0	0	0	72.5415	731
15	7	0	0	0	0	71.3686	732
15	7	0	0	0	0	73.2407	733
15	7	0	0	0	0	73.4262	734
15	8	0	0	0	0	69.5612	735
15	8	0	0	0	0	73.378	736
15	8	0	0	0	0	79.1287	737
15	8	0	0	0	0	76.8989	738
15	8	0	0	0	0	76.5032	739
15	8	0	0	0	0	73.2053	740
14	8	0	0	0	0	76.9465	741
14	8	0	0	0	0	69.3198	742
14	8	0	0	0	0	71.1567	743
13	8	0	0	0	0	63.6514	744
13	8	0	0	0	0	63.6023	745
13	8	0	0	0	0	63.9781	746
13	8	0	0	0	0	64.7427	747
13	10	0	0	0	0	64.4612	748
13	10	0	0	0	0	63.524	749
13	10	0	0	0	0	62.3709	750
13	10	0	0	0	0	65.6707	751
11	10	0	0	0	0	61.8054	752
11	10	0	0	0	0	70.8407	753
11	10	0	0	0	0	63.1557	754
11	11	0	0	0	0	57.9644	755
10	11	0	0	0	0	52.9377	756
7	11	0	0	0	0	57.2481	757
7	11	0	0	0	0	56.9325	758
7	11	0	0	0	0	56.5621	759
7	10	0	0	0	0	52.707	760
7	10	0	0	0	0	57.8918	761
7	10	0	0	0	0	53.0776	762
7	10	0	0	0	0	54.5899	763
7	10	0	0	0	0	56.6503	764
7	10	0	0	0	0	52.9669	765
7	10	0	0	0	0	50.144	766
7	10	0	0	0	0	50.2873	767
7	10	0	0	0	0	50.8767	768
7	10	0	0	0	0	59.6128	769
7	10	0	0	0	0	51.6144	770
7	10	0	0	0	0	54.6409	771
7	10	0	0	0	0	58.026	772
7	10	0	0	0	0	57.9862	773
7	10	0	0	0	0	52.3401	774
7	10	0	0	0	0	60.3625	775
7	10	0	0	0	0	55.5741	776
7	10	0	0	0	0	57.7854	777
7	10	0	0	0	0	58.8156	778
7	10	0	0	0	0	56.882	779
7	13	0	0	0	0	58.7548	780
8	13	0	0	0	0	62.2483	781
8	13	0	0	0	0	66.0221	782
9	13	0	0	0	0	57.7885	783
9	13	0	0	0	0	68.4948	784
9	13	0	0	0	0	75.4816	785
9	13	0	0	0	0	66.6031	786
10	11	0	0	0	0	68.2303	787
10	11	0	0	0	0	68.4133	788
10	11	0	0	0	0	63.6605	789
10	12	0	0	0	0	69.2261	790
10	14	0	0	0	0	72.4781	791
12	14	0	0	0	0	79.9128	792
13	13	0	0	0	0	83.4526	793
14	14	0	0	0	0	85.8174	794
14	13	0	0	0	0	90.6235	795
14	13	0	0	0	0	92.6694	796
14	13	0	0	0	0	92.8399	797
15	13	0	0	0	0	91.6264	798
15	13	0	0	0	0	90.1766	799
14	13	0	0	0	0	95.7449	800
14	13	0	0	0	0	94.8357	801
14	13	0	0	0	0	95.0247	802
16	13	0	0	0	0	92.2282	803
16	13	0	0	0	0	93.7247	804
16	13	0	0	0	0	85.8348	805
16	13	0	0	0	0	85.378	806
16	13	0	0	0	0	90.3428	807
17	12	0	0	0	0	88.6353	808
16	12	0	0	0	0	91.2116	809
16	12	0	0	0	0	93.0812	810
17	12	0	0	0	0	94.1327	811
17	12	0	0	0	0	104.288	812
18	12	0	0	0	0	94.2307	813
18	12	0	0	0	0	102.142	814
18	12	0	0	0	0	92.6013	815
18	12	0	0	0	0	101.075	816
18	12	0	0	0	0	100.362	817
18	12	0	0	0	0	100.339	818
19	11	0	0	0	0	98.4528	819
19	11	0	0	0	0	97.291	820
18	11	0	0	0	0	87.6469	821
18	11	0	0	0	0	86.4167	822
18	11	0	0	0	0	78.956	823
17	11	0	0	0	0	92.4996	824
17	11	0	0	0	0	90.3486	825
17	11	0	0	0	0	92.4023	826
17	12	0	0	0	0	97.6677	827
17	13	0	0	0	0	87.3715	828
17	13	0	0	0	0	83.081	829
17	13	0	0	0	0	90.699	830
17	13	0	0	0	0	99.8398	831
17	13	0	0	0	0	92.6694	832
17	13	0	0	0	0	91.6302	833
17	13	0	0	0	0	95.4376	834
17	13	0	0	0	0	91.7209	835
17	13	0	0	0	0	99.3194	836
16	13	0	0	0	0	96.6865	837
17	13	0	0	0	0	98.8145	838
17	13	0	0	0	0	91.2645	839
17	13	0	0	0	0	93.8099	840
17	13	0	0	0	0	94.0731	841
17	13	0	0	0	0	87.3066	842
17	12	0	0	0	0	97.7287	843
17	12	0	0	0	0	94.6428	844
17	12	0	0	0	0	94.8146	845
17	12	0	0	0	0	91.2088	846
17	12	0	0	0	0	95.3612	847
17	12	0	0	0	0	100.883	848
17	12	0	0	0	0	98.9838	849
17	12	0	0	0	0	94.6648	850
17	12	0	0	0	0	91.3035	851
17	12	0	0	0	0	92.3823	852
17	12	0	0	0	0	90.4566	853
16	12	0	0	0	0	81.1539	854
15	12	0	0	0	0	94.8105	855
15	12	0	0	0	0	90.438	856
15	12	0	0	0	0	89.3688	857
16	12	0	0	0	0	76.0027	858
15	12	0	0	0	0	88.8337	859
15	12	0	0	0	0	92.5985	860
15	12	0	0	0	0	92.3789	861
15	12	0	0	0	0	90.5101	862
15	12	0	0	0	0	96.2439	863
15	12	0	0	0	0	86.1374	864
15	12	0	0	0	0	90.8451	865
15	12	0	0	0	0	91.4688	866
16	11	0	0	0	0	89.3645	867
16	11	0	0	0	0	87.883	868
16	11	0	0	0	0	90.5462	869
16	11	0	0	0	0	87.587	870
16	11	0	0	0	0	83.4701	871
16	11	0	0	0	0	87.1292	872
17	11	0	0	0	0	89.1928	873
18	11	0	0	0	0	88.336	874
18	11	0	0	0	0	87.9323	875
18	11	0	0	0	0	90.4095	876
18	11	0	0	0	0	86.2453	877
18	11	0	0	0	0	92.8136	878
18	11	0	0	0	0	90.274	879
18	11	0	0	0	0	77.5435	880
18	10	0	0	0	0	85.1619	881
16	10	0	0	0	0	81.6505	882
15	11	0	0	0	0	84.7039	883
15	11	0	0	0	0	87.7688	884
15	11	0	0	0	0	95.4628	885
16	11	0	0	0	0	73.3048	886
16	11	0	0	0	0	88.3383	887
16	12	0	0	0	0	87.9431	888
17	12	0	0	0	0	95.1319	889
17	12	0	0	0	0	91.4606	890
17	12	0	0	0	0	94.2463	891
17	12	0	0	0	0	100.062	892
18	12	0	0	0	0	93.2589	893
18	12	0	0	0	0	99.2138	894
18	12	0	0	0	0	94.6044	895
18	10	0	0	0	0	96.1787	896
18	10	0	0	0	0	84.8659	897
18	10	0	0	0	0	88.1894	898
18	10	0	0	0	0	90.9798	899
18	11	0	0	0	0	83.7556	900
18	11	0	0	0	0	100.551	901
18	11	0	0	0	0	97.4501	902
18	11	0	0	0	0	102.262	903
18	11	0	0	0	0	94.408	904
18	13	0	0	0	0	84.3587	905
18	13	0	0	0	0	88.0274	906
18	13	0	0	0	0	91.3932	907
19	13	0	0	0	0	101.307	908
19	12	0	0	0	0	100.461	909
19	12	0	0	0	0	107.691	910
19	12	0	0	0	0	105.969	911
19	13	0	0	0	0	99.8626	912
19	13	0	0	0	0	98.8525	913
19	13	0	0	0	0	97.0975	914
18	12	0	0	0	0	100.098	915
19	12	0	0	0	0	89.1407	916
19	12	0	0	0	0	97.3125	917
18	12	0	0	0	0	105.646	918
18	12	0	0	0	0	98.4998	919
18	12	0	0	0	0	101.829	920
17	12	0	0	0	0	97.2778	921
17	13	0	0	0	0	100.943	922
17	14	0	0	0	0	96.7437	923
17	14	0	0	0	0	112.726	924
17	14	0	0	0	0	92.9521	925
17	14	0	0	0	0	101.489	926
17	14	0	0	0	0	101.364	927
17	14	0	0	0	0	96.66	928
14	14	0	0	0	0	82.613	929
14	14	0	0	0	0	96.734	930
14	14	0	0	0	0	94.0166	931
14	14	0	0	0	0	97.9348	932
14	16	0	0	0	0	93.6334	933
14	16	0	0	0	0	95.42	934
14	16	0	0	0	0	97.7163	935
14	16	0	0	0	0	95.8314	936
14	15	0	0	0	0	92.26	937
14	15	0	0	0	0	98.7532	938
14	15	0	0	0	0	93.2032	939
15	14	0	0	0	0	94.3329	940
15	13	0	0	0	0	92.2695	941
13	13	0	0	0	0	92.192	942
13	14	0	0	0	0	87.2571	943
13	14	0	0	0	0	94.1116	944
13	14	0	0	0	0	78.91	945
13	14	0	0	0	0	85.2847	946
13	14	0	0	0	0	92.3104	947
14	14	0	0	0	0	87.3888	948
14	14	0	0	0	0	89.205	949
14	13	0	0	0	0	94.7313	950
15	13	0	0	0	0	94.1744	951
15	13	0	0	0	0	98.3729	952
15	13	0	0	0	0	97.5352	953
15	13	0	0	0	0	89.5507	954
15	12	0	0	0	0	95.2613	955
15	12	0	0	0	0	89.9823	956
15	12	0	0	0	0	93.1973	957
15	12	0	0	0	0	94.7673	958
15	12	0	0	0	0	95.9509	959
15	12	0	0	0	0	93.7694	960
15	12	0	0	0	0	91.3409	961
15	12	0	0	0	0	89.5065	962
15	11	0	0	0	0	87.4552	963
15	15	0	0	0	0	85.4923	964
15	15	0	0	0	0	101.405	965
15	15	0	0	0	0	100.885	966
15	15	0	0	0	0	88.7482	967
15	16	0	0	0	0	97.2045	968
14	16	0	0	0	0	97.0437	969
14	17	0	0	0	0	89.5596	970
13	17	0	0	0	0	105.401	971
13	17	0	0	0	0	106.023	972
12	17	0	0	0	0	88.3537	973
12	17	0	0	0	0	106.708	974
12	17	0	0	0	0	103.298	975
12	17	0	0	0	0	99.6231	976
12	17	0	0	0	0	108.407	977
12	17	0	0	0	0	101.476	978
12	17	0	0	0	0	103.699	979
12	17	0	0	0	0	93.2038	980
12	17	0	0	0	0	96.3883	981
12	17	0	0	0	0	100.254	982
12	17	0	0	0	0	91.0693	983
12	16	0	0	0	0	80.6685	984
12	17	0	0	0	0	85.1173	985
12	17	0	0	0	0	95.167	986
12	17	0	0	0	0	97.6879	987
11	17	0	0	0	0	91.611	988
11	17	0	0	0	0	94.9805	989
12	17	0	0	0	0	95.9844	990
12	17	0	0	0	0	93.8321	991
12	17	0	0	0	0	91.6893	992
11	17	0	0	0	0	95.8223	993
11	17	0	0	0	0	99.5054	994
11	17	0	0	0	0	98.4396	995
11	17	0	0	0	0	96.6887	996
11	17	0	0	0	0	93.5724	997
11	17	0	0	0	0	92.3689	998
11	17	0	0	0	0	102.684	999
11	17	0	0	0	0	90.9286	1000
11	17	0	0	0	0	101.706	1001
11	17	0	0	0	0	98.0831	1002
11	17	0	0	0	0	83.5132	1003
11	17	0	0	0	0	91.3004	1004
11	16	0	0	0	0	95.2629	1005
11	16	0	0	0	0	87.4207	1006
11	16	0	0	0	0	97.3664	1007
11	16	0	0	0	0	95.415	1008
11	16	0	0	0	0	88.4631	1009
11	16	0	0	0	0	94.811	1010
11	17	0	0	0	0	90.6527	1011
16	18	0	0	0	0	96.3966	1012
16	18	0	0	0	0	111.177	1013
16	18	0	0	0	0	110.865	1014
16	17	0	0	0	0	104.033	1015
16	17	0	0	0	0	100.182	1016
16	17	0	0	0	0	109.547	1017
16	17	0	0	0	0	104.876	1018
15	17	0	0	0	0	104.594	1019
15	17	0	0	0	0	108.706	1020
14	16	0	0	0	0	96.0266	1021
14	16	0	0	0	0	88.902	1022
14	17	0	0	0	0	107.219	1023
14	16	0	0	0	0	102.584	1024
14	16	0	0	0	0	99.0853	1025
14	16	0	0	0	0	100.593	1026
14	19	0	0	0	0	104.134	1027
14	20	0	0	0	0	102.071	1028
14	20	0	0	0	0	117.051	1029
14	21	0	0	0	0	113.048	1030
14	21	0	0	0	0	118.81	1031
14	21	0	0	0	0	116.775	1032
14	21	0	0	0	0	119.9	1033
14	21	0	0	0	0	118.231	1034
14	21	0	0	0	0	114.669	1035
13	21	0	0	0	0	123.683	1036
13	21	0	0	0	0	110.707	1037
13	19	0	0	0	0	102.555	1038
12	19	0	0	0	0	105.289	1039
12	19	0	0	0	0	110.016	1040
12	21	0	0	0	0	110.149	1041
12	22	0	0	0	0	107.138	1042
12	22	0	0	0	0	121.403	1043
12	22	0	0	0	0	111.212	1044
14	22	0	0	0	0	107.987	1045
14	22	0	0	0	0	115.878	1046
14	21	0	0	0	0	126.393	1047
15	21	0	0	0	0	130.496	1048
15	21	0	0	0	0	128.12	1049
15	21	0	0	0	0	122.29	1050
15	21	0	0	0	0	118.238	1051
15	21	0	0	0	0	127.757	1052
15	21	0	0	0	0	128.102	1053
15	23	0	0	0	0	125.323	1054
17	25	0	0	0	0	137.081	1055
17	25	0	0	0	0	133.221	1056
16	25	0	0	0	0	135.241	1057
15	25	0	0	0	0	139.046	1058
15	26	0	0	0	0	144.558	1059
15	26	0	0	0	0	140.813	1060
15	26	0	0	0	0	144.214	1061
15	26	0	0	0	0	133.232	1062
15	26	0	0	0	0	129.987	1063
13	25	0	0	0	0	130.248	1064
13	25	0	0	0	0	127.354	1065
12	25	0	0	0	0	122.242	1066
13	25	0	0	0	0	139.453	1067
14	25	0	0	0	0	129.543	1068
14	24	0	0	0	0	128.616	1069
14	24	0	0	0	0	133.118	1070
14	24	0	0	0	0	132.771	1071
14	24	0	0	0	0	128.507	1072
14	25	0	0	0	0	134.459	1073
14	25	0	0	0	0	137.47	1074
14	25	0	0	0	0	131.485	1075
14	25	0	0	0	0	131.78	1076
14	25	0	0	0	0	129.609	1077
14	25	0	0	0	0	142.681	1078
14	25	0	0	0	0	133.692	1079
14	24	0	0	0	0	124.174	1080
14	24	0	0	0	0	129.396	1081
14	24	0	0	0	0	122.047	1082
14	24	0	0	0	0	110.344	1083
14	24	0	0	0	0	122.222	1084
14	24	0	0	0	0	114.75	1085
14	24	0	0	0	0	121.323	1086
13	24	0	0	0	0	119.838	1087
13	23	0	0	0	0	125.031	1088
13	23	0	0	0	0	122.083	1089
14	23	0	0	0	0	126.129	1090
14	22	0	0	0	0	121.976	1091
14	22	0	0	0	0	124.437	1092
14	22	0	0	0	0	129.582	1093
14	23	0	0	0	0	123.135	1094
14	23	0	0	0	0	116.808	1095
14	23	0	0	0	0	125.544	1096
15	23	0	0	0	0	128.235	1097
15	23	0	0	0	0	130.156	1098
15	23	0	0	0	0	127.432	1099
15	23	0	0	0	0	128.096	1100
15	23	0	0	0	0	125.035	1101
15	23	0	0	0	0	123.713	1102
15	23	0	0	0	0	124.773	1103
14	23	0	0	0	0	131.85	1104
14	24	0	0	0	0	125.82	1105
14	24	0	0	0	0	122.43	1106
14	24	0	0	0	0	128.501	1107
13	24	0	0	0	0	131.258	1108
13	24	0	0	0	0	127.09	1109
13	24	0	0	0	0	124.377	1110
13	24	0	0	0	0	127.148	1111
13	24	0	0	0	0	136.685	1112
13	24	0	0	0	0	106.109	1113
14	22	0	0	0	0	126.731	1114
13	22	0	0	0	0	125.248	1115
13	23	0	0	0	0	115.341	1116
13	23	0	0	0	0	121.478	1117
13	21	0	0	0	0	106.073	1118
13	21	0	0	0	0	109.84	1119
13	20	0	0	0	0	101.861	1120
13	19	0	0	0	0	107.625	1121
13	19	0	0	0	0	111.145	1122
13	19	0	0	0	0	110.117	1123
13	21	0	0	0	0	111.719	1124
13	21	0	0	0	0	109.099	1125
13	21	0	0	0	0	108.367	1126
13	20	0	0	0	0	101.151	1127
13	19	0	0	0	0	100.386	1128
13	19	0	0	0	0	105.215	1129
13	19	0	0	0	0	105.499	1130
13	19	0	0	0	0	107.245	1131
14	19	0	0	0	0	100.871	1132
14	19	0	0	0	0	103.504	1133
14	19	0	0	0	0	101.347	1134
14	17	0	0	0	0	114.209	1135
16	17	0	0	0	0	101.613	1136
15	17	0	0	0	0	107.119	1137
17	17	0	0	0	0	102.289	1138
17	17	0	0	0	0	114.256	1139
17	17	0	0	0	0	119.338	1140
17	17	0	0	0	0	116.62	1141
18	17	0	0	0	0	120.479	1142
18	17	0	0	0	0	118.238	1143
18	17	0	0	0	0	116.011	1144
20	17	0	0	0	0	99.6634	1145
20	17	0	0	0	0	122.092	1146
20	17	0	0	0	0	128.67	1147
20	19	0	0	0	0	115.996	1148
19	19	0	0	0	0	119.144	1149
19	18	0	0	0	0	117.405	1150
19	18	0	0	0	0	129.894	1151
19	18	0	0	0	0	118.346	1152
19	18	0	0	0	0	128.65	1153
19	18	0	0	0	0	126.673	1154
19	19	0	0	0	0	123.694	1155
20	20	0	0	0	0	124.693	1156
20	20	0	0	0	0	124.681	1157
20	20	0	0	0	0	127.985	1158
21	20	0	0	0	0	124.555	1159
21	21	0	0	0	0	121.64	1160
21	21	0	0	0	0	107.122	1161
14	20	0	0	0	0	107.21	1162
14	20	0	0	0	0	112.383	1163
13	20	0	0	0	0	104.39	1164
13	20	0	0	0	0	102.815	1165
13	21	0	0	0	0	113.748	1166
13	21	0	0	0	0	111.897	1167
13	21	0	0	0	0	107.985	1168
13	21	0	0	0	0	108.523	1169
13	21	0	0	0	0	114.785	1170
13	21	0	0	0	0	110.306	1171
12	21	0	0	0	0	102.82	1172
12	20	0	0	0	0	96.7927	1173
12	20	0	0	0	0	109.071	1174
12	20	0	0	0	0	101.864	1175
12	19	0	0	0	0	93.9938	1176
12	17	0	0	0	0	90.8052	1177
12	17	0	0	0	0	101.513	1178
12	17	0	0	0	0	92.754	1179
12	16	0	0	0	0	93.6119	1180
12	16	0	0	0	0	93.7878	1181
12	16	0	0	0	0	90.8831	1182
12	16	0	0	0	0	102.83	1183
12	16	0	0	0	0	98.1956	1184
13	16	0	0	0	0	95.5279	1185
14	16	0	0	0	0	98.5465	1186
14	16	0	0	0	0	90.6199	1187
14	17	0	0	0	0	103.52	1188
14	17	0	0	0	0	96.6005	1189
14	16	0	0	0	0	94.7453	1190
14	16	0	0	0	0	99.4718	1191
14	16	0	0	0	0	97.5225	1192
14	16	0	0	0	0	95.7907	1193
14	16	0	0	0	0	99.664	1194
14	15	0	0	0	0	99.06	1195
14	16	0	0	0	0	102.235	1196
14	16	0	0	0	0	93.8752	1197
14	17	0	0	0	0	103.04	1198
14	17	0	0	0	0	96.2353	1199
15	17	0	0	0	0	106.707	1200
15	17	0	0	0	0	109.746	1201
15	17	0	0	0	0	115.541	1202
15	19	0	0	0	0	100.428	1203
15	18	0	0	0	0	109.04	1204
15	17	0	0	0	0	118.718	1205
15	17	0	0	0	0	111.73	1206
15	17	0	0	0	0	112.261	1207
15	17	0	0	0	0	116.136	1208
15	17	0	0	0	0	103.348	1209
15	17	0	0	0	0	118.755	1210
15	17	0	0	0	0	113.605	1211
15	17	0	0	0	0	114.022	1212
15	18	0	0	0	0	102.303	1213
15	17	0	0	0	0	103.293	1214
16	17	0	0	0	0	103.687	1215
16	17	0	0	0	0	108.09	1216
14	17	0	0	0	0	108.385	1217
14	17	0	0	0	0	115.621	1218
14	17	0	0	0	0	109.263	1219
14	17	0	0	0	0	110.179	1220
14	17	0	0	0	0	116.17	1221
14	17	0	0	0	0	109.754	1222
15	21	0	0	0	0	107.297	1223
15	21	0	0	0	0	108.474	1224
15	21	0	0	0	0	117.714	1225
15	21	0	0	0	0	125.184	1226
15	22	0	0	0	0	130.193	1227
15	22	0	0	0	0	117.066	1228
15	22	0	0	0	0	133.79	1229
15	22	0	0	0	0	132.354	1230
15	22	0	0	0	0	131.012	1231
15	22	0	0	0	0	127.78	1232
16	22	0	0	0	0	134.425	1233
16	22	0	0	0	0	132.866	1234
16	22	0	0	0	0	137.82	1235
16	22	0	0	0	0	128.597	1236
16	23	0	0	0	0	135.301	1237
16	23	0	0	0	0	137.375	1238
16	23	0	0	0	0	135.009	1239
16	23	0	0	0	0	131.721	1240
16	23	0	0	0	0	142.806	1241
15	23	0	0	0	0	132.833	1242
15	23	0	0	0	0	134.434	1243
15	23	0	0	0	0	129.062	1244
15	23	0	0	0	0	137.082	1245
15	23	0	0	0	0	133.848	1246
15	23	0	0	0	0	132.595	1247
15	23	0	0	0	0	129.991	1248
15	22	0	0	0	0	130.772	1249
15	22	0	0	0	0	131.742	1250
15	22	0	0	0	0	120.323	1251
15	23	0	0	0	0	129.868	1252
15	23	0	0	0	0	122.035	1253
15	23	0	0	0	0	125.939	1254
15	22	0	0	0	0	126.661	1255
14	23	0	0	0	0	116.845	1256
14	22	0	0	0	0	111.99	1257
14	22	0	0	0	0	132.24	1258
14	22	0	0	0	0	132.198	1259
14	22	0	0	0	0	111.974	1260
14	22	0	0	0	0	133.965	1261
14	22	0	0	0	0	128.554	1262
14	22	0	0	0	0	124.361	1263
14	23	0	0	0	0	127.217	1264
14	23	0	0	0	0	120.429	1265
13	22	0	0	0	0	120.648	1266
13	22	0	0	0	0	117.442	1267
13	21	0	0	0	0	111.157	1268
13	21	0	0	0	0	121.23	1269
13	21	0	0	0	0	120.772	1270
13	21	0	0	0	0	125.299	1271
13	21	0	0	0	0	116.854	1272
13	21	0	0	0	0	117.616	1273
13	20	0	0	0	0	117.93	1274
13	20	0.5	0	1	0	114.141	1275
13	20	0.5	0	1	0	114.493	1276
13	24	0.5	0	1	0	113.271	1277
13	24	0.5	0	1	0	125.603	1278
13	25	0.5	0	1	0	135.468	1279
13	25	0.5	0.5	1	1	122.401	1280
13	25	0.5	0.5	1	1	116.292	1281
11	26	0.5	0.5	1	1	123.591	1282
11	26	1	0.5	2	1	118.966	1283
11	26	1	0.5	2	1	119.847	1284
11	28	1	0.5	2	1	104.603	1285
9	26	1	0.5	2	1	113.97	1286
9	26	1	0.5	2	1	107.942	1287
7	26	1	1	2	2	104.303	1288
7	26	1	1	2	2	95.7339	1289
7	25	1	1	2	2	100.902	1290
7	25	1	1	2	2	95.9566	1291
6	24	1	1	2	2	105.311	1292
6	24	1	1.5	2	3	100.193	1293
7	24	1	1.5	2	3	98.6878	1294
7	24	1	1.5	2	3	97.22	1295
7	24	1	1.5	2	3	103.662	1296
7	24	1	1.5	2	3	98.6447	1297
7	24	1	1.5	2	3	88.1919	1298
7	23	1	1.5	2	3	99.2563	1299
7	23	1	1.5	2	3	100.291	1300
7	22	1	1.5	2	3	94.3414	1301
7	22	1	1.5	2	3	100.929	1302
8	22	1	1.5	2	3	93.6317	1303
8	22	1	1.5	2	3	96.7352	1304
8	21	1	1.5	2	3	93.6468	1305
8	20	1	1.5	2	3	80.5642	1306
7	20	1	1.5	2	3	87.8817	1307
7	20	1	1.5	2	3	91.4433	1308
7	20	1	1.5	2	3	86.4909	1309
7	19	1	1.5	2	3	86.0851	1310
7	19	0.5	1.5	1	3	89.9752	1311
7	19	0.5	1.5	1	3	85.0459	1312
7	19	0.5	1.5	1	3	81.5592	1313
8	19	0.5	1.5	1	3	88.6268	1314
8	19	0.5	1.5	1	3	89.4687	1315
8	18	0.5	1.5	1	3	84.5472	1316
8	18	0.5	1	1	2	77.5197	1317
8	18	0.5	1	1	2	81.1908	1318
7	18	0.5	1	1	2	84.4418	1319
7	20	0.5	1	1	2	78.6077	1320
7	20	0.5	1	1	2	75.6084	1321
7	20	0.5	1	1	2	82.5291	1322
7	20	0.5	1	1	2	94.0153	1323
7	21	0.5	1	1	2	82.4077	1324
7	22	0.5	1	1	2	92.7979	1325
7	22	0.5	1	1	2	94.7885	1326
7	22	0.5	1	1	2	100.032	1327
7	22	0.5	1	1	2	93.2825	1328
7	22	0.5	1	1	2	98.1305	1329
7	22	0.5	1	1	2	99.2511	1330
7	22	0.5	1	1	2	97.3142	1331
7	22	0.5	1	1	2	93.4281	1332
7	22	1	1	2	2	97.4904	1333
7	22	1	1	2	2	93.8079	1334
7	22	1	1	2	2	80.4888	1335
6	22	1	1	2	2	97.6937	1336
6	22	1	1	2	2	86.9645	1337
6	22	1	1	2	2	87.5427	1338
6	22	1	1	2	2	93.4396	1339
6	22	1	1	2	2	90.69	1340
6	21	1	0.5	2	1	88.7957	1341
6	22	1	0.5	2	1	93.4178	1342
7	23	1	0.5	2	1	92.2635	1343
7	23	1	0.5	2	1	96.1371	1344
7	23	1	0.5	2	1	100.445	1345
7	23	1	0.5	2	1	86.7155	1346
7	23	1	0.5	2	1	103.69	1347
7	23	1	0.5	2	1	95.8553	1348
7	23	1	0.5	2	1	96.1323	1349
7	23	1	0.5	2	1	95.638	1350
7	23	1	0.5	2	1	98.7633	1351
7	23	1	0.5	2	1	95.1864	1352
7	21	1	0.5	2	1	83.2406	1353
6	21	1	0.5	2	1	82.3315	1354
6	21	1	0.5	2	1	90.6258	1355
6	21	1	0.5	2	1	89.2534	1356
6	21	1	0.5	2	1	85.6223	1357
6	21	0.5	0.5	1	1	88.156	1358
7	21	0.5	0.5	1	1	87.1702	1359
7	21	0.5	0.5	1	1	85.5737	1360
7	21	0.5	0.5	1	1	92.7662	1361
8	21	0.5	0.5	1	1	83.4596	1362
8	20	0.5	0.5	1	1	89.4892	1363
8	19	0.5	0.5	1	1	79.7731	1364
7	19	0.5	0.5	1	1	82.5211	1365
7	19	0.5	0.5	1	1	81.6503	1366
7	20	0.5	0.5	1	1	85.3323	1367
7	20	0.5	0	1	0	85.1034	1368
7	22	0.5	0	1	0	85.1444	1369
7	22	0.5	0	1	0	91.6774	1370
7	22	0	0	0	0	94.3827	1371
10	22	0	0	0	0	93.6967	1372
10	21	0	0	0	0	102.985	1373
10	22	0	0	0	0	93.1746	1374
11	21	0	0	0	0	104.986	1375
11	21	0	0	0	0	87.2367	1376
11	21	0	0	0	0	99.6477	1377
11	21	0	0	0	0	107.433	1378
11	20	0	0	0	0	97.683	1379
11	18	0	0	0	0	92.9327	1380
11	17	0	0	0	0	80.5738	1381
11	17	0	0	0	0	96.3648	1382
12	17	0	0	0	0	92.1229	1383
12	16	0	0	0	0	89.9868	1384
12	16	0	0	0	0	86.7611	1385
12	16	0	0	0	0	92.6351	1386
12	16	0	0	0	0	97.5431	1387
12	16	0	0	0	0	96.6516	1388
12	16	0	0	0	0	94.0847	1389
12	16	0	0	0	0	85.0311	1390
12	15	0	0	0	0	86.2086	1391
12	15	0	0	0	0	92.0117	1392
12	15	0	0	0	0	88.172	1393
12	16	0	0	0	0	90.2842	1394
12	17	0	0	0	0	94.291	1395
12	17	0	0	0	0	96.0902	1396
12	17	0	0	0	0	96.133	1397
12	17	0	0	0	0	95.8929	1398
12	17	0	0	0	0	94.3884	1399
12	16	0	0	0	0	91.4865	1400
12	16	0	0	0	0	77.2278	1401
12	15	0	0	0	0	93.7625	1402
12	15	0	0	0	0	90.168	1403
12	15	0	0	0	0	76.4258	1404
12	15	0	0	0	0	87.7788	1405
12	15	0	0	0	0	84.2965	1406
12	15	0	0	0	0	94.9805	1407
12	15	0	0	0	0	88.9931	1408
12	15	0	0	0	0	90.3503	1409
12	15	0	0	0	0	87.2751	1410
12	15	0	0	0	0	82.6224	1411
12	14	0	0	0	0	84.1043	1412
12	14	0	0	0	0	79.3928	1413
12	13	0	0	0	0	86.2902	1414
12	13	0	0	0	0	84.0014	1415
12	13	0	0	0	0	84.6291	1416
12	13	0	0	0	0	85.356	1417
12	13	0	0	0	0	85.1994	1418
13	12	0	0	0	0	79.9926	1419
12	12	0	0	0	0	78.5163	1420
12	12	0	0	0	0	74.6816	1421
12	12	0	0	0	0	81.6322	1422
12	12	0	0	0	0	80.102	1423
12	12	0	0	0	0	80.4251	1424
11	12	0	0	0	0	66.048	1425
10	12	0	0	0	0	67.8677	1426
10	11	0	0	0	0	71.0966	1427
10	11	0	0	0	0	72.3461	1428
11	11	0	0	0	0	76.5025	1429
11	11	0	0	0	0	72.0161	1430
12	11	0	0	0	0	73.0391	1431
12	10	0	0	0	0	76.7328	1432
12	10	0	0	0	0	66.5932	1433
12	10	0	0	0	0	71.8815	1434
13	10	0	0	0	0	76.0575	1435
13	10	0	0	0	0	81.5265	1436
13	10	0	0	0	0	77.3014	1437
13	10	0	0	0	0	78.8414	1438
13	10	0	0	0	0	80.1149	1439
13	10	0	0	0	0	79.1682	1440
13	10	0	0	0	0	84.5576	1441
13	10	0	0	0	0	81.5453	1442
13	10	0	0	0	0	68.1887	1443
12	13	0	0	0	0	70.3099	1444
12	13	0	0	0	0	85.5426	1445
12	13	0	0	0	0	77.0996	1446
12	13	0	0	0	0	92.1165	1447
12	13	0	0	0	0	83.2691	1448
12	13	0	0	0	0	80.8814	1449
13	13	0	0	0	0	84.9349	1450
13	13	0	0	0	0	94.3952	1451
13	13	0	0	0	0	68.8388	1452
12	13	0	0	0	0	72.6525	1453
13	14	0	0	0	0	84.3374	1454
13	14	0	0	0	0	84.4477	1455
13	14	0	0	0	0	79.6001	1456
14	14	0	0	0	0	77.7137	1457
11	14	0	0	0	0	84.7914	1458
11	14	0	0	0	0	83.4671	1459
11	14	0	0	0	0	80.4972	1460
11	14	0	0	0	0	83.8303	1461
11	13	0	0	0	0	80.2416	1462
12	13	0	0	0	0	79.38	1463
12	13	0	0	0	0	74.3102	1464
12	13	0	0	0	0	82.8925	1465
12	13	0	0	0	0	79.688	1466
12	13	0	0	0	0	83.4173	1467
12	13	0	0	0	0	76.0259	1468
12	13	0	0	0	0	65.0888	1469
12	11	0	0	0	0	65.2663	1470
12	12	0	0	0	0	65.793	1471
11	12	0	0	0	0	60.8773	1472
11	12	0	0	0	0	68.0538	1473
11	11	0	0	0	0	64.4763	1474
11	11	0	0	0	0	68.0547	1475
11	10	0	0	0	0	69.7202	1476
11	10	0	0	0	0	67.864	1477
11	10	0	0	0	0	65.3945	1478
11	10	0	0	0	0	70.8007	1479
10	10	0	0	0	0	62.7692	1480
10	10	0	0	0	0	66.9531	1481
10	10	0	0	0	0	55.5511	1482
10	9	0	0	0	0	63.1093	1483
10	9	0	0	0	0	57.9451	1484
10	9	0	0	0	0	56.8231	1485
10	9	0	0	0	0	56.2948	1486
10	8	0	0	0	0	58.5396	1487
10	8	0	0	0	0	58.6755	1488
11	8	0	0	0	0	55.6702	1489
11	8	0	0	0	0	58.6177	1490
11	8	0	0	0	0	60.1658	1491
11	8	0	0	0	0	55.7354	1492
11	8	0	0	0	0	57.4896	1493
11	8	0	0	0	0	51.0611	1494
11	8	0	0.5	0	1	56.3476	1495
11	8	0	0.5	0	1	63.0631	1496
11	8	0	0.5	0	1	61.3075	1497
11	8	0	0.5	0	1	64.9128	1498
11	8	0	0.5	0	1	56.7314	1499
11	8	0	0.5	0	1	60.4285	1500
11	8	0	1	0	2	60.0048	1501
11	8	0	1.5	0	3	57.7288	1502
11	8	0	1.5	0	3	62.6216	1503
11	8	0	1.5	0	3	63.0438	1504
11	8	0	1.5	0	3	61.4135	1505
11	8	0	1.5	0	3	61.1633	1506
12	8	0	1.5	0	3	58.6481	1507
12	8	0	1.5	0	3	69.5787	1508
12	8	0	1.5	0	3	49.1354	1509
11	8	0	1.5	0	3	44.3414	1510
10	8	0	1.5	0	3	41.0664	1511
10	8	0.75	2.5	2	5	51.2152	1512
11	6	0.75	2.5	2	5	44.5591	1513
11	6	1.25	2.5	3	5	47.4214	1514
11	5	1.25	2.5	3	5	48.718	1515
11	5	2	2.5	5	5	52.5284	1516
11	5	2	2.5	5	5	45.5938	1517
10	5	2	2.5	5	5	47.6392	1518
10	5	2	2.83333	5	6	43.132	1519
10	5	2	2.83333	5	6	38.7378	1520
10	5	2	2.83333	5	6	34.2069	1521
7	5	2	2.83333	5	6	38.8928	1522
7	5	2	2.83333	5	6	34.4366	1523
6	5	2	2.83333	5	6	29.6328	1524
6	5	2	2.83333	5	6	31.6644	1525
7	5	2	2.83333	5	6	33.1109	1526
8	5	2	2.83333	5	6	37.5989	1527
9	5	2	2.83333	5	6	39.384	1528
9	5	2.5	2.83333	6	6	43.9414	1529
9	5	2.5	2.83333	6	6	36.7648	1530
9	5	2.5	2.83333	6	6	35.1494	1531
9	5	2.5	2.83333	6	6	42.489	1532
9	5	2.5	2.83333	6	6	39.6716	1533
10	6	2.5	2.83333	6	6	40.2917	1534
11	6	2.5	2.83333	6	6	42.4245	1535
12	6	2.5	2.83333	6	6	41.1258	1536
12	6	2.5	2.83333	6	6	52.1353	1537
12	6	2.5	2.83333	6	6	58.7115	1538
12	7	2.5	2.83333	6	6	59.0426	1539
12	7	2.5	2.83333	6	6	57.3401	1540
12	7	2.5	2.83333	6	6	57.5579	1541
12	7	2.5	2.83333	6	6	49.5565	1542
13	7	3	2.83333	7	6	57.9829	1543
13	6	3	2.83333	7	6	60.8949	1544
13	6	3	2.83333	7	6	62.8407	1545
13	6	3	2.83333	7	6	60.2611	1546
13	6	3	2.83333	7	6	63.6355	1547
13	6	3	2.83333	7	6	40.6225	1548
14	6	3	2.83333	7	6	61.9506	1549
14	6	3	2.83333	7	6	64.9053	1550
14	6	3	2.83333	7	6	64.694	1551
14	6	3	2.83333	7	6	59.3259	1552
14	8	3	2.83333	7	6	59.9751	1553
14	8	3	2.83333	7	6	62.881	1554
14	8	3	2.83333	7	6	72.1114	1555
14	8	2.5	2.83333	5	6	73.5136	1556
14	8	2.5	2.5	5	5	76.7744	1557
14	8	2.5	2.5	5	5	68.9921	1558
14	8	2.5	2.5	5	5	71.3817	1559
14	7	2.5	2.5	5	5	61.5535	1560
14	8	2.5	2.5	5	5	71.8099	1561
14	8	2.5	2.5	5	5	66.7535	1562
15	8	3.5	2	7	4	74.1372	1563
15	8	4	1.5	8	3	68.8356	1564
15	8	4	1.5	8	3	73.7211	1565
15	9	4.5	1	9	2	70.3172	1566
15	10	4	1	8	2	76.6302	1567
15	10	4	1	8	2	80.5784	1568
15	10	4	0.5	8	1	77.9469	1569
15	10	4	0.5	8	1	85.1153	1570
15	10	4	0.5	8	1	70.0549	1571
15	10	4	0.5	8	1	86.2796	1572
15	10	4	0	8	0	88.5547	1573
15	10	3.5	0	7	0	85.2934	1574
15	10	3	0	6	0	80.2152	1575
15	10	3	0	6	0	85.8036	1576
15	10	3	0	6	0	88.2946	1577
15	10	3	0	6	0	89.4767	1578
15	10	3	0	6	0	79.581	1579
15	10	3	0	6	0	78.3717	1580
13	10	2	0	4	0	63.7388	1581
13	10	2	0	4	0	73.9101	1582
13	10	2	0	4	0	77.4205	1583
13	10	2	0	4	0	80.8671	1584
13	10	2	0	4	0	66.4369	1585
13	10	2	0	4	0	60.3316	1586
13	10	2	0	4	0	75.3943	1587
13	10	2	0	4	0	77.4233	1588
13	10	2	0	4	0	75.2704	1589
13	10	2	0	4	0	71.8056	1590
13	10	2	0	4	0	79.6662	1591
13	10	2	0	4	0	74.3104	1592
13	10	2	0	4	0	69.6009	1593
12	8	2	0	4	0	62.9252	1594
12	8	2	0	4	0	66.3447	1595
12	8	2	0	4	0	60.9237	1596
12	8	2	0	4	0	65.486	1597
12	8	2	0	4	0	60.2631	1598
10	8	2	0	4	0	55.2243	1599
10	8	2	0	4	0	57.7814	1600
10	8	2	0	4	0	57.5342	1601
10	8	2	0	4	0	52.2581	1602
9	7	2	0	4	0	49.8732	1603
8	7	2	0	4	0	49.8578	1604
8	7	2	0	4	0	41.8975	1605
8	7	2	0	4	0	49.5525	1606
8	7	2	0	4	0	49.5834	1607
8	7	2	0	4	0	38.3155	1608
8	7	2	0	4	0	33.7719	1609
8	7	2	0	4	0	38.4808	1610
5	7	1	0	2	0	39.0548	1611
5	7	1	0	2	0	38.9074	1612
5	7	0.5	0	1	0	38.8829	1613
5	7	0.5	0	1	0	38.854	1614
0	0	0	0	0	0	nan	1615
0	0	0	0	0	0	nan	1616
0	0	0	0	0	0	nan	1617
0	0	0	0	0	0	nan	1618
0	0	0	0	0	0	nan	1619
0	0	0	0	0	0	nan	1620
0	0	0	0	0	0	nan	1621
0	0	0	0	0	0	nan	1622
0	0	0	0	0	0	nan	1623
0	0	0	0	0	0	nan	1624
0	0	0	0	0	0	nan	1625
0	0	0	0	0	0	nan	1626
0	0	0	0	0	0	nan	1627
0	0	0	0	0	0	nan	1628
0	0	0	0	0	0	nan	1629
0	0	0	0	0	0	nan	1630
0	0	0	0	0	0	nan	1631
0	0	0	0	0	0	nan	1632
0	0	0	0	0	0	nan	1633
0	0	0	0	0	0	nan	1634
